0;1;1;0.500000;0.000000;0.000314;0.052809;RKMEAN;Double;Float
1;1;1;0.500000;0.000000;0.000282;0.047392;KMEAN;Double;Float
2;1;1;0.500000;0.000000;0.000554;0.093178;WKMEAN;Double;Float
0;2;1;0.500000;0.000000;0.000078;0.013244;RKMEAN;Double;Float
1;2;1;0.500000;0.000000;0.000060;0.010104;KMEAN;Double;Float
2;2;1;0.500000;0.000000;0.000169;0.028460;WKMEAN;Double;Float
0;4;1;0.500000;0.000000;0.000068;0.011504;RKMEAN;Double;Float
1;4;1;0.500000;0.000000;0.000098;0.016729;KMEAN;Double;Float
2;4;1;0.500000;0.000000;0.000208;0.035403;WKMEAN;Double;Float
0;8;1;0.500000;0.000000;0.000120;0.020628;RKMEAN;Double;Float
1;8;1;0.500000;0.000000;0.000142;0.024483;KMEAN;Double;Float
2;8;1;0.500000;0.000000;0.000311;0.053477;WKMEAN;Double;Float
0;16;1;0.500000;0.000000;0.000109;0.019202;RKMEAN;Double;Float
1;16;1;0.500000;0.000000;0.031612;5.571167;KMEAN;Double;Float
2;16;1;0.500000;0.000000;0.000456;0.080295;WKMEAN;Double;Float
0;32;1;0.500000;0.000000;0.000162;0.029942;RKMEAN;Double;Float
1;32;1;0.500000;0.000000;0.039483;7.291940;KMEAN;Double;Float
2;32;1;0.500000;0.000000;0.000376;0.069439;WKMEAN;Double;Float
0;64;1;0.500000;0.000000;0.000157;0.031576;RKMEAN;Double;Float
1;64;1;0.500000;0.000000;0.078113;15.746387;KMEAN;Double;Float
2;64;1;0.500000;0.000000;0.000636;0.128228;WKMEAN;Double;Float
0;1;1;0.500000;0.000000;0.000366;0.061557;RKMEAN;Double;Float
1;1;1;0.500000;0.000000;0.000301;0.050682;KMEAN;Double;Float
2;1;1;0.500000;0.000000;0.000608;0.102408;WKMEAN;Double;Float
0;2;1;0.500000;0.000000;0.000075;0.012720;RKMEAN;Double;Float
1;2;1;0.500000;0.000000;0.000061;0.010265;KMEAN;Double;Float
2;2;1;0.500000;0.000000;0.000177;0.029909;WKMEAN;Double;Float
0;4;1;0.500000;0.000000;0.000173;0.029448;RKMEAN;Double;Float
1;4;1;0.500000;0.000000;0.000257;0.043585;KMEAN;Double;Float
2;4;1;0.500000;0.000000;0.000526;0.089316;WKMEAN;Double;Float
0;8;1;0.500000;0.000000;0.000114;0.019562;RKMEAN;Double;Float
1;8;1;0.500000;0.000000;0.000129;0.022227;KMEAN;Double;Float
2;8;1;0.500000;0.000000;0.000303;0.052042;WKMEAN;Double;Float
0;16;1;0.500000;0.000000;0.000108;0.018950;RKMEAN;Double;Float
1;16;1;0.500000;0.000000;0.007903;1.392708;KMEAN;Double;Float
2;16;1;0.500000;0.000000;0.000549;0.096808;WKMEAN;Double;Float
0;32;1;0.500000;0.000000;0.000103;0.019066;RKMEAN;Double;Float
1;32;1;0.500000;0.000000;0.038946;7.192736;KMEAN;Double;Float
2;32;1;0.500000;0.000000;0.000723;0.133549;WKMEAN;Double;Float
0;64;1;0.500000;0.000000;0.000152;0.030567;RKMEAN;Double;Float
1;64;1;0.500000;0.000000;0.084795;17.093363;KMEAN;Double;Float
2;64;1;0.500000;0.000000;0.000642;0.129478;WKMEAN;Double;Float
0;1;1;0.500000;0.000000;0.000330;0.055578;RKMEAN;Double;Float
1;1;1;0.500000;0.000000;0.000266;0.044783;KMEAN;Double;Float
2;1;1;0.500000;0.000000;0.000548;0.092256;WKMEAN;Double;Float
0;2;1;0.500000;0.000000;0.000305;0.051526;RKMEAN;Double;Float
1;2;1;0.500000;0.000000;0.000278;0.046896;KMEAN;Double;Float
2;2;1;0.500000;0.000000;0.000687;0.116054;WKMEAN;Double;Float
0;4;1;0.500000;0.000000;0.000220;0.037387;RKMEAN;Double;Float
1;4;1;0.500000;0.000000;0.000298;0.050673;KMEAN;Double;Float
2;4;1;0.500000;0.000000;0.000538;0.091342;WKMEAN;Double;Float
0;8;1;0.500000;0.000000;0.000133;0.022925;RKMEAN;Double;Float
1;8;1;0.500000;0.000000;0.000171;0.029363;KMEAN;Double;Float
2;8;1;0.500000;0.000000;0.000297;0.051098;WKMEAN;Double;Float
0;16;1;0.500000;0.000000;0.000103;0.018152;RKMEAN;Double;Float
1;16;1;0.500000;0.000000;0.011514;2.029187;KMEAN;Double;Float
2;16;1;0.500000;0.000000;0.000331;0.058320;WKMEAN;Double;Float
0;32;1;0.500000;0.000000;0.000150;0.027740;RKMEAN;Double;Float
1;32;1;0.500000;0.000000;0.038593;7.127480;KMEAN;Double;Float
2;32;1;0.500000;0.000000;0.000708;0.130819;WKMEAN;Double;Float
0;64;1;0.500000;0.000000;0.000158;0.031913;RKMEAN;Double;Float
1;64;1;0.500000;0.000000;0.079579;16.041966;KMEAN;Double;Float
2;64;1;0.500000;0.000000;0.000695;0.140100;WKMEAN;Double;Float
0;1;1;0.500000;0.000000;0.000401;0.067456;RKMEAN;Double;Float
1;1;1;0.500000;0.000000;0.000316;0.053251;KMEAN;Double;Float
2;1;1;0.500000;0.000000;0.000741;0.124639;WKMEAN;Double;Float
0;2;1;0.500000;0.000000;0.000297;0.050077;RKMEAN;Double;Float
1;2;1;0.500000;0.000000;0.000271;0.045810;KMEAN;Double;Float
2;2;1;0.500000;0.000000;0.000666;0.112390;WKMEAN;Double;Float
0;4;1;0.500000;0.000000;0.000164;0.027828;RKMEAN;Double;Float
1;4;1;0.500000;0.000000;0.000267;0.045327;KMEAN;Double;Float
2;4;1;0.500000;0.000000;0.000495;0.084051;WKMEAN;Double;Float
0;8;1;0.500000;0.000000;0.000150;0.025877;RKMEAN;Double;Float
1;8;1;0.500000;0.000000;0.000211;0.036335;KMEAN;Double;Float
2;8;1;0.500000;0.000000;0.000321;0.055158;WKMEAN;Double;Float
0;16;1;0.500000;0.000000;0.000114;0.020042;RKMEAN;Double;Float
1;16;1;0.500000;0.000000;0.014312;2.522219;KMEAN;Double;Float
2;16;1;0.500000;0.000000;0.000513;0.090421;WKMEAN;Double;Float
0;32;1;0.500000;0.000000;0.000136;0.025098;RKMEAN;Double;Float
1;32;1;0.500000;0.000000;0.040705;7.517605;KMEAN;Double;Float
2;32;1;0.500000;0.000000;0.000270;0.049844;WKMEAN;Double;Float
0;64;1;0.500000;0.000000;0.000170;0.034220;RKMEAN;Double;Float
1;64;1;0.500000;0.000000;0.178407;35.964238;KMEAN;Double;Float
2;64;1;0.500000;0.000000;0.000240;0.048302;WKMEAN;Double;Float
0;1;1;0.500000;0.000000;0.000356;0.059992;RKMEAN;Double;Float
1;1;1;0.500000;0.000000;0.000281;0.047271;KMEAN;Double;Float
2;1;1;0.500000;0.000000;0.000540;0.090971;WKMEAN;Double;Float
0;2;1;0.500000;0.000000;0.000273;0.046011;RKMEAN;Double;Float
1;2;1;0.500000;0.000000;0.000252;0.042549;KMEAN;Double;Float
2;2;1;0.500000;0.000000;0.000582;0.098221;WKMEAN;Double;Float
0;4;1;0.500000;0.000000;0.000159;0.027058;RKMEAN;Double;Float
1;4;1;0.500000;0.000000;0.000208;0.035403;KMEAN;Double;Float
2;4;1;0.500000;0.000000;0.000351;0.059625;WKMEAN;Double;Float
0;8;1;0.500000;0.000000;0.000118;0.020259;RKMEAN;Double;Float
1;8;1;0.500000;0.000000;0.000169;0.029035;KMEAN;Double;Float
2;8;1;0.500000;0.000000;0.000320;0.055035;WKMEAN;Double;Float
0;16;1;0.500000;0.000000;0.000114;0.020084;RKMEAN;Double;Float
1;16;1;0.500000;0.000000;0.026873;4.735988;KMEAN;Double;Float
2;16;1;0.500000;0.000000;0.000400;0.070547;WKMEAN;Double;Float
0;32;1;0.500000;0.000000;0.000135;0.024966;RKMEAN;Double;Float
1;32;1;0.500000;0.000000;0.044913;8.294684;KMEAN;Double;Float
2;32;1;0.500000;0.000000;0.000751;0.138789;WKMEAN;Double;Float
0;64;1;0.500000;0.000000;0.000136;0.027347;RKMEAN;Double;Float
1;64;1;0.500000;0.000000;0.087986;17.736764;KMEAN;Double;Float
2;64;1;0.500000;0.000000;0.000738;0.148799;WKMEAN;Double;Float
