0;1;1;0.500000;0.000000;0.000305;0.051365;RKMEAN;Float;Float
1;1;1;0.500000;0.000000;0.000274;0.046068;KMEAN;Float;Float
2;1;1;0.500000;0.000000;0.000584;0.098355;WKMEAN;Float;Float
0;2;1;0.500000;0.000000;0.000146;0.024716;RKMEAN;Float;Float
1;2;1;0.500000;0.000000;0.000153;0.025763;KMEAN;Float;Float
2;2;1;0.500000;0.000000;0.000362;0.061066;WKMEAN;Float;Float
0;4;1;0.500000;0.000000;0.000085;0.014501;RKMEAN;Float;Float
1;4;1;0.500000;0.000000;0.000122;0.020658;KMEAN;Float;Float
2;4;1;0.500000;0.000000;0.000226;0.038400;WKMEAN;Float;Float
0;8;1;0.500000;0.000000;0.000109;0.018824;RKMEAN;Float;Float
1;8;1;0.500000;0.000000;0.000177;0.030388;KMEAN;Float;Float
2;8;1;0.500000;0.000000;0.000283;0.048597;WKMEAN;Float;Float
0;16;1;0.500000;0.000000;0.000108;0.018992;RKMEAN;Float;Float
1;16;1;0.500000;0.000000;0.044559;7.852837;KMEAN;Float;Float
2;16;1;0.500000;0.000000;0.000322;0.056723;WKMEAN;Float;Float
0;32;1;0.500000;0.000000;0.000156;0.028885;RKMEAN;Float;Float
1;32;1;0.500000;0.000000;0.061241;11.310180;KMEAN;Float;Float
2;32;1;0.500000;0.000000;0.000575;0.106250;WKMEAN;Float;Float
0;64;1;0.500000;0.000000;0.000165;0.033307;RKMEAN;Float;Float
1;64;1;0.500000;0.000000;0.122748;24.744151;KMEAN;Float;Float
2;64;1;0.500000;0.000000;0.000822;0.165717;WKMEAN;Float;Float
0;1;1;0.500000;0.000000;0.000464;0.078130;RKMEAN;Float;Float
1;1;1;0.500000;0.000000;0.000336;0.056581;KMEAN;Float;Float
2;1;1;0.500000;0.000000;0.000777;0.130699;WKMEAN;Float;Float
0;2;1;0.500000;0.000000;0.000119;0.020127;RKMEAN;Float;Float
1;2;1;0.500000;0.000000;0.000103;0.017350;KMEAN;Float;Float
2;2;1;0.500000;0.000000;0.000253;0.042750;WKMEAN;Float;Float
0;4;1;0.500000;0.000000;0.000167;0.028395;RKMEAN;Float;Float
1;4;1;0.500000;0.000000;0.000178;0.030258;KMEAN;Float;Float
2;4;1;0.500000;0.000000;0.007386;1.254926;WKMEAN;Float;Float
0;8;1;0.500000;0.000000;0.000143;0.024565;RKMEAN;Float;Float
1;8;1;0.500000;0.000000;0.000223;0.038385;KMEAN;Float;Float
2;8;1;0.500000;0.000000;0.000328;0.056389;WKMEAN;Float;Float
0;16;1;0.500000;0.000000;0.000103;0.018067;RKMEAN;Float;Float
1;16;1;0.500000;0.000000;0.029604;5.217255;KMEAN;Float;Float
2;16;1;0.500000;0.000000;0.000291;0.051219;WKMEAN;Float;Float
0;32;1;0.500000;0.000000;0.000149;0.027564;RKMEAN;Float;Float
1;32;1;0.500000;0.000000;0.024417;4.509374;KMEAN;Float;Float
2;32;1;0.500000;0.000000;0.000237;0.043724;WKMEAN;Float;Float
0;64;1;0.500000;0.000000;0.000144;0.029125;RKMEAN;Float;Float
1;64;1;0.500000;0.000000;0.122500;24.694119;KMEAN;Float;Float
2;64;1;0.500000;0.000000;0.000766;0.154470;WKMEAN;Float;Float
0;1;1;0.500000;0.000000;0.000108;0.018218;RKMEAN;Float;Float
1;1;1;0.500000;0.000000;0.000088;0.014888;KMEAN;Float;Float
2;1;1;0.500000;0.000000;0.000225;0.037881;WKMEAN;Float;Float
0;2;1;0.500000;0.000000;0.000308;0.052049;RKMEAN;Float;Float
1;2;1;0.500000;0.000000;0.000285;0.048185;KMEAN;Float;Float
2;2;1;0.500000;0.000000;0.000723;0.122132;WKMEAN;Float;Float
0;4;1;0.500000;0.000000;0.000106;0.017985;RKMEAN;Float;Float
1;4;1;0.500000;0.000000;0.000146;0.024830;KMEAN;Float;Float
2;4;1;0.500000;0.000000;0.000317;0.053833;WKMEAN;Float;Float
0;8;1;0.500000;0.000000;0.000119;0.020423;RKMEAN;Float;Float
1;8;1;0.500000;0.000000;0.000288;0.049458;KMEAN;Float;Float
2;8;1;0.500000;0.000000;0.000320;0.055117;WKMEAN;Float;Float
0;16;1;0.500000;0.000000;0.000118;0.020715;RKMEAN;Float;Float
1;16;1;0.500000;0.000000;0.005646;0.995055;KMEAN;Float;Float
2;16;1;0.500000;0.000000;0.000277;0.048782;WKMEAN;Float;Float
0;32;1;0.500000;0.000000;0.000138;0.025407;RKMEAN;Float;Float
1;32;1;0.500000;0.000000;0.054059;9.983845;KMEAN;Float;Float
2;32;1;0.500000;0.000000;0.000493;0.091102;WKMEAN;Float;Float
0;64;1;0.500000;0.000000;0.000161;0.032394;RKMEAN;Float;Float
1;64;1;0.500000;0.000000;0.124281;25.053187;KMEAN;Float;Float
2;64;1;0.500000;0.000000;0.001428;0.287793;WKMEAN;Float;Float
0;1;1;0.500000;0.000000;0.000360;0.060594;RKMEAN;Float;Float
1;1;1;0.500000;0.000000;0.000306;0.051525;KMEAN;Float;Float
2;1;1;0.500000;0.000000;0.000727;0.122352;WKMEAN;Float;Float
0;2;1;0.500000;0.000000;0.000079;0.013364;RKMEAN;Float;Float
1;2;1;0.500000;0.000000;0.000063;0.010708;KMEAN;Float;Float
2;2;1;0.500000;0.000000;0.000195;0.032888;WKMEAN;Float;Float
0;4;1;0.500000;0.000000;0.000180;0.030542;RKMEAN;Float;Float
1;4;1;0.500000;0.000000;0.000269;0.045651;KMEAN;Float;Float
2;4;1;0.500000;0.000000;0.000453;0.076881;WKMEAN;Float;Float
0;8;1;0.500000;0.000000;0.000083;0.014312;RKMEAN;Float;Float
1;8;1;0.500000;0.000000;0.000120;0.020669;KMEAN;Float;Float
2;8;1;0.500000;0.000000;0.000188;0.032357;WKMEAN;Float;Float
0;16;1;0.500000;0.000000;0.000132;0.023320;RKMEAN;Float;Float
1;16;1;0.500000;0.000000;0.032490;5.725917;KMEAN;Float;Float
2;16;1;0.500000;0.000000;0.000591;0.104161;WKMEAN;Float;Float
0;32;1;0.500000;0.000000;0.000116;0.021488;RKMEAN;Float;Float
1;32;1;0.500000;0.000000;0.058557;10.814555;KMEAN;Float;Float
2;32;1;0.500000;0.000000;0.000546;0.100878;WKMEAN;Float;Float
0;64;1;0.500000;0.000000;0.000126;0.025425;RKMEAN;Float;Float
1;64;1;0.500000;0.000000;0.235099;47.392430;KMEAN;Float;Float
2;64;1;0.500000;0.000000;0.000371;0.074832;WKMEAN;Float;Float
0;1;1;0.500000;0.000000;0.000294;0.049478;RKMEAN;Float;Float
1;1;1;0.500000;0.000000;0.000306;0.051445;KMEAN;Float;Float
2;1;1;0.500000;0.000000;0.000512;0.086156;WKMEAN;Float;Float
0;2;1;0.500000;0.000000;0.000229;0.038644;RKMEAN;Float;Float
1;2;1;0.500000;0.000000;0.000242;0.040858;KMEAN;Float;Float
2;2;1;0.500000;0.000000;0.000489;0.082642;WKMEAN;Float;Float
0;4;1;0.500000;0.000000;0.000067;0.011342;RKMEAN;Float;Float
1;4;1;0.500000;0.000000;0.000087;0.014785;KMEAN;Float;Float
2;4;1;0.500000;0.000000;0.000273;0.046380;WKMEAN;Float;Float
