0;1;1;0.500000;0.000000;0.000356;0.059912;RKMEAN;Float;Double
1;1;1;0.500000;0.000000;0.000287;0.048235;KMEAN;Float;Double
2;1;1;0.500000;0.000000;0.000543;0.091413;WKMEAN;Float;Double
0;2;1;0.500000;0.000000;0.000324;0.054786;RKMEAN;Float;Double
1;2;1;0.500000;0.000000;0.000338;0.057041;KMEAN;Float;Double
2;2;1;0.500000;0.000000;0.000756;0.127566;WKMEAN;Float;Double
0;4;1;0.500000;0.000000;0.000158;0.026775;RKMEAN;Float;Double
1;4;1;0.500000;0.000000;0.000225;0.038278;KMEAN;Float;Double
2;4;1;0.500000;0.000000;0.008147;1.384222;WKMEAN;Float;Double
0;8;1;0.500000;0.000000;0.000128;0.022022;RKMEAN;Float;Double
1;8;1;0.500000;0.000000;0.000197;0.033833;KMEAN;Float;Double
2;8;1;0.500000;0.000000;0.000368;0.063237;WKMEAN;Float;Double
0;16;1;0.500000;0.000000;0.000110;0.019454;RKMEAN;Float;Double
1;16;1;0.500000;0.000000;0.005803;1.022703;KMEAN;Float;Double
2;16;1;0.500000;0.000000;0.000266;0.046933;WKMEAN;Float;Double
0;32;1;0.500000;0.000000;0.000203;0.037515;RKMEAN;Float;Double
1;32;1;0.500000;0.000000;0.084634;15.630481;KMEAN;Float;Double
2;32;1;0.500000;0.000000;0.000247;0.045705;WKMEAN;Float;Double
0;64;1;0.500000;0.000000;0.000142;0.028693;RKMEAN;Float;Double
1;64;1;0.500000;0.000000;0.146955;29.624041;KMEAN;Float;Double
2;64;1;0.500000;0.000000;0.000885;0.178357;WKMEAN;Float;Double
0;1;1;0.500000;0.000000;0.000284;0.047833;RKMEAN;Float;Double
1;1;1;0.500000;0.000000;0.000255;0.042897;KMEAN;Float;Double
2;1;1;0.500000;0.000000;0.000560;0.094182;WKMEAN;Float;Double
0;2;1;0.500000;0.000000;0.000068;0.011513;RKMEAN;Float;Double
1;2;1;0.500000;0.000000;0.000059;0.009943;KMEAN;Float;Double
2;2;1;0.500000;0.000000;0.000180;0.030432;WKMEAN;Float;Double
0;4;1;0.500000;0.000000;0.000130;0.022116;RKMEAN;Float;Double
1;4;1;0.500000;0.000000;0.000205;0.034876;KMEAN;Float;Double
2;4;1;0.500000;0.000000;0.008140;1.382966;WKMEAN;Float;Double
0;8;1;0.500000;0.000000;0.000099;0.017101;RKMEAN;Float;Double
1;8;1;0.500000;0.000000;0.000142;0.024401;KMEAN;Float;Double
2;8;1;0.500000;0.000000;0.000317;0.054461;WKMEAN;Float;Double
0;16;1;0.500000;0.000000;0.000106;0.018698;RKMEAN;Float;Double
1;16;1;0.500000;0.000000;0.020865;3.677150;KMEAN;Float;Double
2;16;1;0.500000;0.000000;0.000364;0.064119;WKMEAN;Float;Double
0;32;1;0.500000;0.000000;0.000105;0.019330;RKMEAN;Float;Double
1;32;1;0.500000;0.000000;0.119984;22.159212;KMEAN;Float;Double
2;32;1;0.500000;0.000000;0.000310;0.057286;WKMEAN;Float;Double
0;64;1;0.500000;0.000000;0.000196;0.039507;RKMEAN;Float;Double
1;64;1;0.500000;0.000000;0.112945;22.768048;KMEAN;Float;Double
2;64;1;0.500000;0.000000;0.001300;0.262032;WKMEAN;Float;Double
0;1;1;0.500000;0.000000;0.000413;0.069583;RKMEAN;Float;Double
1;1;1;0.500000;0.000000;0.000383;0.064527;KMEAN;Float;Double
2;1;1;0.500000;0.000000;0.000778;0.130980;WKMEAN;Float;Double
0;2;1;0.500000;0.000000;0.000204;0.034377;RKMEAN;Float;Double
1;2;1;0.500000;0.000000;0.000208;0.035062;KMEAN;Float;Double
2;2;1;0.500000;0.000000;0.000446;0.075276;WKMEAN;Float;Double
0;4;1;0.500000;0.000000;0.000240;0.040749;RKMEAN;Float;Double
1;4;1;0.500000;0.000000;0.000360;0.061246;KMEAN;Float;Double
2;4;1;0.500000;0.000000;0.000692;0.117590;WKMEAN;Float;Double
0;8;1;0.500000;0.000000;0.000095;0.016281;RKMEAN;Float;Double
1;8;1;0.500000;0.000000;0.000151;0.025959;KMEAN;Float;Double
2;8;1;0.500000;0.000000;0.000253;0.043553;WKMEAN;Float;Double
0;16;1;0.500000;0.000000;0.000099;0.017437;RKMEAN;Float;Double
1;16;1;0.500000;0.000000;0.015232;2.684448;KMEAN;Float;Double
2;16;1;0.500000;0.000000;0.000422;0.074329;WKMEAN;Float;Double
0;32;1;0.500000;0.000000;0.000112;0.020739;RKMEAN;Float;Double
1;32;1;0.500000;0.000000;0.076180;14.069189;KMEAN;Float;Double
2;32;1;0.500000;0.000000;0.000313;0.057858;WKMEAN;Float;Double
0;64;1;0.500000;0.000000;0.000136;0.027347;RKMEAN;Float;Double
1;64;1;0.500000;0.000000;0.137594;27.736805;KMEAN;Float;Double
2;64;1;0.500000;0.000000;0.000940;0.189555;WKMEAN;Float;Double
0;1;1;0.500000;0.000000;0.000302;0.050843;RKMEAN;Float;Double
1;1;1;0.500000;0.000000;0.000318;0.053572;KMEAN;Float;Double
2;1;1;0.500000;0.000000;0.000556;0.093620;WKMEAN;Float;Double
0;2;1;0.500000;0.000000;0.000119;0.020047;RKMEAN;Float;Double
1;2;1;0.500000;0.000000;0.000108;0.018235;KMEAN;Float;Double
2;2;1;0.500000;0.000000;0.000307;0.051848;WKMEAN;Float;Double
0;4;1;0.500000;0.000000;0.000222;0.037752;RKMEAN;Float;Double
1;4;1;0.500000;0.000000;0.000422;0.071615;KMEAN;Float;Double
2;4;1;0.500000;0.000000;0.000652;0.110825;WKMEAN;Float;Double
0;8;1;0.500000;0.000000;0.000112;0.019316;RKMEAN;Float;Double
1;8;1;0.500000;0.000000;0.000129;0.022104;KMEAN;Float;Double
2;8;1;0.500000;0.000000;0.000312;0.053600;WKMEAN;Float;Double
0;16;1;0.500000;0.000000;0.000121;0.021387;RKMEAN;Float;Double
1;16;1;0.500000;0.000000;0.019082;3.362944;KMEAN;Float;Double
2;16;1;0.500000;0.000000;0.000239;0.042143;WKMEAN;Float;Double
0;32;1;0.500000;0.000000;0.000143;0.026331;RKMEAN;Float;Double
1;32;1;0.500000;0.000000;0.032958;6.086737;KMEAN;Float;Double
2;32;1;0.500000;0.000000;0.000289;0.053455;WKMEAN;Float;Double
0;64;1;0.500000;0.000000;0.000142;0.028597;RKMEAN;Float;Double
1;64;1;0.500000;0.000000;0.103501;20.864183;KMEAN;Float;Double
2;64;1;0.500000;0.000000;0.000679;0.136783;WKMEAN;Float;Double
0;1;1;0.500000;0.000000;0.000122;0.020506;RKMEAN;Float;Double
1;1;1;0.500000;0.000000;0.000107;0.018018;KMEAN;Float;Double
2;1;1;0.500000;0.000000;0.000255;0.042938;WKMEAN;Float;Double
0;2;1;0.500000;0.000000;0.000144;0.024314;RKMEAN;Float;Double
1;2;1;0.500000;0.000000;0.000149;0.025119;KMEAN;Float;Double
2;2;1;0.500000;0.000000;0.000367;0.062032;WKMEAN;Float;Double
0;4;1;0.500000;0.000000;0.000256;0.043504;RKMEAN;Float;Double
1;4;1;0.500000;0.000000;0.000420;0.071413;KMEAN;Float;Double
2;4;1;0.500000;0.000000;0.000708;0.120263;WKMEAN;Float;Double
0;8;1;0.500000;0.000000;0.000121;0.020751;RKMEAN;Float;Double
1;8;1;0.500000;0.000000;0.000156;0.026780;KMEAN;Float;Double
2;8;1;0.500000;0.000000;0.000308;0.052985;WKMEAN;Float;Double
0;16;1;0.500000;0.000000;0.000107;0.018866;RKMEAN;Float;Double
1;16;1;0.500000;0.000000;0.020676;3.643872;KMEAN;Float;Double
2;16;1;0.500000;0.000000;0.000358;0.063026;WKMEAN;Float;Double
0;32;1;0.500000;0.000000;0.000107;0.019682;RKMEAN;Float;Double
1;32;1;0.500000;0.000000;0.039923;7.373136;KMEAN;Float;Double
2;32;1;0.500000;0.000000;0.000565;0.104312;WKMEAN;Float;Double
0;64;1;0.500000;0.000000;0.000135;0.027203;RKMEAN;Float;Double
1;64;1;0.500000;0.000000;0.094213;18.991893;KMEAN;Float;Double
2;64;1;0.500000;0.000000;0.000575;0.115973;WKMEAN;Float;Double
