0;1;1;0.000000;0.257143;0.000108;0.018138;R;Float;Double
1;1;1;0.000000;0.257143;0.000013;0.002167;K;Float;Double
2;1;1;0.000000;0.257143;0.000239;0.040249;W;Float;Double
0;2;1;0.000000;2057632848461965752741851561984.000000;0.000334;0.056437;R;Float;Double
1;2;1;0.000000;2057632848461965752741851561984.000000;0.000036;0.006159;K;Float;Double
2;2;1;0.000000;2057632848461965752741851561984.000000;0.000857;0.144634;W;Float;Double
0;4;1;0.000000;0.257143;0.000085;0.014420;R;Float;Double
1;4;1;0.000000;0.257143;0.000008;0.001337;K;Float;Double
2;4;1;0.000000;0.257143;0.000174;0.029610;W;Float;Double
0;1;1;0.000000;0.257143;0.000406;0.068339;R;Float;Double
1;1;1;0.000000;0.257143;0.000055;0.009230;K;Float;Double
2;1;1;0.000000;0.257143;0.001315;0.221349;W;Float;Double
0;2;1;0.000000;2057632848461965752741851561984.000000;0.000113;0.019121;R;Float;Double
1;2;1;0.000000;2057632848461965752741851561984.000000;0.000011;0.001932;K;Float;Double
2;2;1;0.000000;2057632848461965752741851561984.000000;0.000255;0.043113;W;Float;Double
0;4;1;0.000000;0.257143;0.000137;0.023251;R;Float;Double
1;4;1;0.000000;0.257143;0.000013;0.002268;K;Float;Double
2;4;1;0.000000;0.257143;0.000315;0.053468;W;Float;Double
0;1;1;0.000000;0.257143;0.000120;0.020145;R;Float;Double
1;1;1;0.000000;0.257143;0.000015;0.002488;K;Float;Double
2;1;1;0.000000;0.257143;0.000325;0.054735;W;Float;Double
0;2;1;0.000000;2057632848461965752741851561984.000000;0.000071;0.011915;R;Float;Double
1;2;1;0.000000;2057632848461965752741851561984.000000;0.000007;0.001127;K;Float;Double
2;2;1;0.000000;2057632848461965752741851561984.000000;0.000225;0.038040;W;Float;Double
0;4;1;0.000000;0.257143;0.000144;0.024466;R;Float;Double
1;4;1;0.000000;0.257143;0.000014;0.002349;K;Float;Double
2;4;1;0.000000;0.257143;0.000335;0.056992;W;Float;Double
0;1;2;0.000000;0.257143;0.000406;0.068379;R;Float;Double
1;1;2;0.000000;0.257143;0.000055;0.009270;K;Float;Double
2;1;2;0.000000;0.257143;0.009627;1.620270;W;Float;Double
0;2;2;0.000000;2057632848461965752741851561984.000000;0.000322;0.054344;R;Float;Double
1;2;2;0.000000;2057632848461965752741851561984.000000;0.000036;0.006159;K;Float;Double
2;2;2;0.000000;2057632848461965752741851561984.000000;0.000813;0.137268;W;Float;Double
0;4;2;0.000000;0.257143;0.000180;0.030663;R;Float;Double
1;4;2;0.000000;0.257143;0.000014;0.002390;K;Float;Double
2;4;2;0.000000;0.257143;0.000338;0.057397;W;Float;Double
0;1;2;0.000000;0.257143;0.000404;0.067938;R;Float;Double
1;1;2;0.000000;0.257143;0.000055;0.009310;K;Float;Double
2;1;2;0.000000;0.257143;0.001185;0.199439;W;Float;Double
0;2;2;0.000000;2057632848461965752741851561984.000000;0.000316;0.053337;R;Float;Double
1;2;2;0.000000;2057632848461965752741851561984.000000;0.000036;0.006038;K;Float;Double
2;2;2;0.000000;2057632848461965752741851561984.000000;0.000839;0.141615;W;Float;Double
0;4;2;0.000000;0.257143;0.000068;0.011544;R;Float;Double
1;4;2;0.000000;0.257143;0.000006;0.000972;K;Float;Double
2;4;2;0.000000;0.257143;0.000149;0.025316;W;Float;Double
0;1;2;0.000000;0.257143;0.000089;0.014968;R;Float;Double
1;1;2;0.000000;0.257143;0.000012;0.002006;K;Float;Double
2;1;2;0.000000;0.257143;0.000284;0.047873;W;Float;Double
0;2;2;0.000000;2057632848461965752741851561984.000000;0.000214;0.036149;R;Float;Double
1;2;2;0.000000;2057632848461965752741851561984.000000;0.000024;0.003985;K;Float;Double
2;2;2;0.000000;2057632848461965752741851561984.000000;0.000470;0.079342;W;Float;Double
0;4;2;0.000000;0.257143;0.000069;0.011666;R;Float;Double
1;4;2;0.000000;0.257143;0.000006;0.000972;K;Float;Double
2;4;2;0.000000;0.257143;0.000154;0.026248;W;Float;Double
0;1;4;0.000000;0.257143;0.000462;0.077689;R;Float;Double
1;1;4;0.000000;0.257143;0.000055;0.009310;K;Float;Double
2;1;4;0.000000;0.257143;0.001079;0.181622;W;Float;Double
0;2;4;0.000000;2057632848461965752741851561984.000000;0.000070;0.011754;R;Float;Double
1;2;4;0.000000;2057632848461965752741851561984.000000;0.000007;0.001127;K;Float;Double
2;2;4;0.000000;2057632848461965752741851561984.000000;0.000190;0.032043;W;Float;Double
0;4;4;0.000000;0.257143;0.000170;0.028962;R;Float;Double
1;4;4;0.000000;0.257143;0.000018;0.003038;K;Float;Double
2;4;4;0.000000;0.257143;0.000314;0.053347;W;Float;Double
0;1;4;0.000000;0.257143;0.000398;0.067055;R;Float;Double
1;1;4;0.000000;0.257143;0.000054;0.009109;K;Float;Double
2;1;4;0.000000;0.257143;0.001080;0.181742;W;Float;Double
0;2;4;0.000000;2057632848461965752741851561984.000000;0.000335;0.056477;R;Float;Double
1;2;4;0.000000;2057632848461965752741851561984.000000;0.000036;0.006038;K;Float;Double
2;2;4;0.000000;2057632848461965752741851561984.000000;0.000800;0.135013;W;Float;Double
0;4;4;0.000000;0.257143;0.000068;0.011504;R;Float;Double
1;4;4;0.000000;0.257143;0.000006;0.001013;K;Float;Double
2;4;4;0.000000;0.257143;0.000143;0.024263;W;Float;Double
0;1;4;0.000000;0.257143;0.000089;0.014928;R;Float;Double
1;1;4;0.000000;0.257143;0.000011;0.001926;K;Float;Double
2;1;4;0.000000;0.257143;0.000286;0.048194;W;Float;Double
0;2;4;0.000000;2057632848461965752741851561984.000000;0.000471;0.079462;R;Float;Double
1;2;4;0.000000;2057632848461965752741851561984.000000;0.000056;0.009379;K;Float;Double
2;2;4;0.000000;2057632848461965752741851561984.000000;0.000943;0.159287;W;Float;Double
0;4;4;0.000000;0.257143;0.000193;0.032810;R;Float;Double
1;4;4;0.000000;0.257143;0.000017;0.002916;K;Float;Double
2;4;4;0.000000;0.257143;0.000351;0.059585;W;Float;Double
