0 -116.285
1 -115.974
2 -114.771
3 -115.402
4 -116.189
5 -115.283
6 -116.911
7 -116.325
8 -115.113
9 -116.302
10 -117.141
11 -115.857
12 -116.41
13 -117.309
14 -117.097
15 -114.682
16 -115.907
17 -114.768
18 -115.527
19 -115.864
20 -115.148
21 -115.559
22 -116.27
23 -116.654
24 -115.021
25 -116.172
26 -115.921
27 -115.677
28 -116.322
29 -117.551
30 -117.352
31 -117.95
32 -117.793
33 -118.353
34 -119.056
35 -119.592
36 -121.179
37 -120.536
38 -120.435
39 -122.088
40 -123.478
41 -121.801
42 -122.905
43 -124.86
44 -124.947
45 -124.472
46 -126.178
47 -127.023
48 -126.268
49 -127.991
50 -127.864
51 -129.353
52 -129.435
53 -128.598
54 -130.737
55 -131.084
56 -130.928
57 -131.851
58 -132.194
59 -133.619
60 -134.083
61 -134.03
62 -137.006
63 -135.563
64 -136.111
65 -136.276
66 -134.632
67 -135.577
68 -136.36
69 -136.752
70 -135.268
71 -135.612
72 -134.864
73 -136.195
74 -135.057
75 -135.693
76 -134.197
77 -133.427
78 -133.898
79 -135.187
80 -132.911
81 -131.152
82 -131.647
83 -132.08
84 -130.478
85 -130.26
86 -129.224
87 -129.246
88 -129.063
89 -129.668
90 -127.06
91 -126.009
92 -125.853
93 -126.531
94 -125.424
95 -126.228
96 -125.282
97 -124.586
98 -124.608
99 -122.679
100 -125.533
101 -124.418
102 -123.654
103 -124.684
104 -122.273
105 -122.479
106 -123.651
107 -122.507
108 -124.196
109 -124.117
110 -123.39
111 -125.827
112 -125.53
113 -124.945
114 -124.504
115 -125.188
116 -124.784
117 -124.903
118 -124.648
119 -124.893
120 -125.25
121 -125.219
122 -124.43
123 -125.305
124 -125.343
125 -124.206
126 -123.767
127 -123.659
128 -125.129
129 -124.525
130 -125.852
131 -124.348
132 -124.552
133 -123.994
134 -124.225
135 -120.595
136 -122.849
137 -123.17
138 -122.89
139 -121.617
140 -121.794
141 -123.694
142 -123
143 -121.881
144 -123.054
145 -123.18
146 -121.308
147 -121.212
148 -124.349
149 -121.403
150 -122.495
151 -124.97
152 -125.013
153 -126.21
154 -124.018
155 -124.139
156 -125.129
157 -124.92
158 -125.925
159 -125.608
160 -125.051
161 -123.93
162 -126.045
163 -125.432
164 -125.286
165 -125.157
166 -124.052
167 -124.249
168 -124.415
169 -123.135
170 -124.333
171 -123.804
172 -125.601
173 -124.418
174 -123.347
175 -123.046
176 -123.989
177 -122.146
178 -123.98
179 -123.443
180 -123.087
181 -124.364
182 -123.71
183 -123.603
184 -122.443
185 -123.153
186 -121.663
187 -121.947
188 -120.653
189 -124.289
190 -123.641
191 -125.303
192 -124.832
193 -126.047
194 -125.639
195 -124.263
196 -124.945
197 -123.395
198 -124.562
199 -125.122
200 -126.004
201 -125.523
202 -127.072
203 -125.697
204 -126.025
205 -124.945
206 -125.229
207 -123.385
208 -125.393
209 -122.363
210 -124.395
211 -123.59
212 -124.654
213 -123.581
214 -124.849
215 -123.596
216 -123.592
217 -123.885
218 -124.852
219 -124.282
220 -121.995
221 -123.566
222 -124.322
223 -123.857
224 -123.332
225 -123.749
226 -124.065
227 -121.409
228 -122.377
229 -123.732
230 -123.269
231 -124.852
232 -127.439
233 -126.65
234 -125.609
235 -126.119
236 -126.553
237 -125.35
238 -125.362
239 -125.371
240 -125.705
241 -127.067
242 -128.351
243 -125.141
244 -126.647
245 -126.341
246 -125.347
247 -126.052
248 -125.309
249 -123.43
250 -125.898
251 -125.09
252 -124.899
253 -126.272
254 -126.22
255 -126.384
256 -125.462
257 -126.067
258 -124.512
259 -126.245
260 -125.555
261 -123.262
262 -125.832
263 -124.203
264 -123.785
265 -125.164
266 -124.207
267 -124.712
268 -122.092
269 -124.04
270 -123.08
271 -123.749
272 -125.431
273 -126.763
274 -126.115
275 -125.725
276 -125.731
277 -126.399
278 -126.198
279 -124.683
280 -126.159
281 -127.448
282 -127.17
283 -127.804
284 -126.086
285 -125.814
286 -125.405
287 -125.464
288 -125.33
289 -124.176
290 -124.937
291 -125.774
292 -126.632
293 -126.403
294 -125.293
295 -126.746
296 -124.036
297 -126.677
298 -124.547
299 -124.82
300 -123.98
301 -123.198
302 -124.923
303 -124.352
304 -125.811
305 -126.096
306 -123.963
307 -122.979
308 -124.941
309 -123.6
310 -123.352
311 -124.308
312 -124.693
313 -125.147
314 -126.703
315 -126.288
316 -126.26
317 -127.705
318 -126.233
319 -126.732
320 -125.874
321 -127.377
322 -127.216
323 -126.492
324 -128.483
325 -126.829
326 -126.867
327 -126.728
328 -127.7
329 -126.258
330 -126.099
331 -124.864
332 -127.553
333 -125.238
334 -125.411
335 -127.184
336 -126.259
337 -125.953
338 -125.989
339 -125.903
340 -126.067
341 -126.012
342 -126.255
343 -123.549
344 -126.268
345 -125.646
346 -123.897
347 -124.584
348 -125.465
349 -123.706
350 -124.254
351 -124.799
352 -125.964
353 -126.417
354 -128.495
355 -126.767
356 -126.959
357 -127.966
358 -126.427
359 -126.386
360 -126.009
361 -126.825
362 -127.272
363 -126.596
364 -127.282
365 -126.956
366 -128.715
367 -128.335
368 -126.478
369 -127.856
370 -126.197
371 -125.009
372 -126.938
373 -125.922
374 -124.545
375 -125.657
376 -126.745
377 -125.746
378 -124.555
379 -124.743
380 -126.224
381 -125.635
382 -126.228
383 -125.332
384 -124.96
385 -125.208
386 -126.232
387 -125.743
388 -123.538
389 -124.666
390 -124.776
391 -124.293
392 -126.117
393 -126.378
394 -127.375
395 -128.117
396 -127.888
397 -126.603
398 -126.614
399 -127.162
400 -128.929
401 -125.867
402 -126.337
403 -126.737
404 -127.558
405 -127.732
406 -127.476
407 -127.506
408 -125.671
409 -125.798
410 -125.214
411 -125.919
412 -126.17
413 -125.772
414 -124.781
415 -126.124
416 -127.365
417 -125.198
418 -125.966
419 -125.803
420 -125.586
421 -125.914
422 -126.537
423 -125.357
424 -125.142
425 -125.388
426 -125.498
427 -126.444
428 -125.135
429 -124.036
430 -124.484
431 -125.255
432 -125.313
433 -125.434
434 -125.483
435 -126.402
436 -127.528
437 -126.172
438 -126.081
439 -124.863
440 -125.412
441 -126.258
442 -123.735
443 -123.522
444 -125.001
445 -124.315
446 -124.222
447 -123.639
448 -122.4
449 -122.161
450 -122.28
451 -121.042
452 -119.803
453 -119.404
454 -117.955
455 -119.751
456 -118.25
457 -118.216
458 -117.522
459 -114.923
460 -115.313
461 -114.804
462 -111.594
463 -112.333
464 -110.692
465 -112.375
466 -111.061
467 -111.393
468 -112.378
469 -109.477
470 -110.224
471 -109.9
472 -110.701
473 -109.664
474 -109.13
475 -109.371
476 -110.14
477 -111.276
478 -110.039
479 -110.238
480 -111.855
481 -113.073
482 -112.707
483 -112.943
484 -111.421
485 -113.734
486 -113.096
487 -112.478
488 -113.029
489 -114.517
490 -114.231
491 -115.645
492 -117.372
493 -118.147
494 -116.119
495 -117.931
496 -117.869
497 -117.925
498 -117.563
499 -118.738
500 -117.737
501 -117.88
502 -117.857
503 -121.517
504 -119.226
505 -119.788
506 -119.655
507 -119.844
508 -119.905
509 -119.44
510 -121.245
511 -120.797
512 -121.389
513 -120.292
514 -120.961
515 -120.217
516 -120.582
517 -120.735
518 -120.175
519 -119.431
520 -121.186
521 -121.292
522 -122.008
523 -122.509
524 -121.781
525 -122.078
526 -121.301
527 -121.48
528 -120.964
529 -123.696
530 -122.2
531 -123.077
532 -121.975
533 -121.02
534 -122.731
535 -122.964
536 -121.039
537 -122.128
538 -122.052
539 -122.767
540 -121.62
541 -122.023
542 -122.996
543 -121.874
544 -123.99
545 -122.253
546 -122.206
547 -121.913
548 -122.906
549 -122.04
550 -123.82
551 -122.832
552 -122.404
553 -122.627
554 -122.607
555 -123.846
556 -122.702
557 -122.616
558 -123.213
559 -124.626
560 -122.579
561 -123.095
562 -122.75
563 -121.781
564 -120.827
565 -122.374
566 -120.088
567 -120.591
568 -122.008
569 -120.954
570 -119.324
571 -117.579
572 -118.594
573 -116.697
574 -116.814
575 -116.497
576 -114.166
577 -114.711
578 -114.005
579 -112.938
580 -112.443
581 -111.989
582 -113.305
583 -111.574
584 -111.975
585 -110.397
586 -110.271
587 -108.25
588 -108.124
589 -107.704
590 -106.231
591 -105.395
592 -105.253
593 -104.697
594 -104.036
595 -103.709
596 -102.575
597 -102.653
598 -102.365
599 -101.478
600 -101.012
601 -102.075
602 -101.763
603 -101.558
604 -101.368
605 -101.64
606 -101.659
607 -101.599
608 -102.69
609 -103.053
610 -102.397
611 -105.09
612 -103.594
613 -106.532
614 -105.191
615 -104.66
616 -105.909
617 -105.827
618 -106.037
619 -108.773
620 -108.6
621 -109.781
622 -109.935
623 -110.185
624 -110.455
625 -110.846
626 -111.173
627 -110.947
628 -111.879
629 -111.637
630 -111.84
631 -113.211
632 -112.876
633 -113.948
634 -112.425
635 -113.547
636 -113.331
637 -112.89
638 -112.989
639 -114.089
640 -113.957
641 -114.754
642 -115.866
643 -113.896
644 -115.201
645 -116.141
646 -113.491
647 -113.91
648 -111.822
649 -113.243
650 -113.483
651 -111.454
652 -112.712
653 -113.015
654 -111.744
655 -113.575
656 -111.897
657 -114.742
658 -113.008
659 -115.115
660 -115.586
661 -116.021
662 -117.125
663 -116.754
664 -116.196
665 -115.514
666 -114.431
667 -113.854
668 -116.121
669 -114.589
670 -114.676
671 -114.272
672 -115.839
673 -117.143
674 -115.835
675 -116.483
676 -116.013
677 -115.032
678 -115.361
679 -114.879
680 -116.596
681 -116.093
682 -116.108
683 -116.01
684 -116.403
685 -116.771
686 -116.874
687 -115.538
688 -115.369
689 -114.07
690 -113.914
691 -113.649
692 -116.283
693 -113.647
694 -113.073
695 -113.19
696 -111.029
697 -114.61
698 -113.001
699 -115.293
700 -116.859
701 -114.877
702 -116.552
703 -115.81
704 -116.425
705 -116.223
706 -116.864
707 -116.191
708 -116.447
709 -116.905
710 -114.384
711 -115.807
712 -115.974
713 -114.076
714 -115.356
715 -115.046
716 -116.418
717 -114.797
718 -114.99
719 -114.295
720 -113.614
721 -116.316
722 -116.006
723 -117.46
724 -117.392
725 -117.876
726 -114.989
727 -116.362
728 -113.894
729 -114.084
730 -114.832
731 -113.159
732 -112.803
733 -113.707
734 -113.747
735 -112.2
736 -112.262
737 -112.234
738 -113.183
739 -116.074
740 -115.757
741 -115.297
742 -114.369
743 -115.922
744 -117.154
745 -115.316
746 -114.863
747 -115.906
748 -115.338
749 -115.263
750 -115.343
751 -115.351
752 -115.094
753 -115.13
754 -114.942
755 -115.927
756 -114.829
757 -115.858
758 -113.787
759 -113.635
760 -115.679
761 -115.538
762 -114.803
763 -115.771
764 -117.205
765 -116.791
766 -115.96
767 -115.609
768 -114.162
769 -114.001
770 -114.526
771 -112.736
772 -113.202
773 -112.874
774 -111.975
775 -111.763
776 -112.387
777 -112.99
778 -114.008
779 -114.624
780 -114.189
781 -114.855
782 -116.924
783 -115.321
784 -116.455
785 -114.89
786 -115.723
787 -115.711
788 -114.818
789 -113.529
790 -115.759
791 -114.216
792 -113.99
793 -116.288
794 -115.74
795 -115.553
796 -117.354
797 -115.282
798 -115.167
799 -116.554
800 -114.854
801 -114.266
802 -114.284
803 -113.933
804 -114.245
805 -116.37
806 -114.438
807 -115.058
808 -115.816
809 -113.161
810 -113.91
811 -114.502
812 -112.5
813 -112.735
814 -112.234
815 -112.112
816 -112.518
817 -111.046
818 -113.39
819 -112.469
820 -113.901
821 -113.112
822 -115.436
823 -115.194
824 -114.118
825 -114.184
826 -114.479
827 -115.234
828 -115.482
829 -115.161
830 -114.468
831 -114.424
832 -114.737
833 -112.647
834 -114.816
835 -116.932
836 -115.269
837 -114.511
838 -113.466
839 -113.921
840 -114.791
841 -115.56
842 -114.006
843 -116.258
844 -115.115
845 -117.577
846 -116.1
847 -115.422
848 -115.228
849 -113.189
850 -114.006
851 -113.712
852 -112.144
853 -111.278
854 -111.92
855 -112.729
856 -113.031
857 -112.633
858 -112.365
859 -111.842
860 -112.443
861 -112.909
862 -113.477
863 -114.477
864 -114.857
865 -114.856
866 -115.372
867 -115.711
868 -113.844
869 -114.29
870 -114.687
871 -114.57
872 -113.53
873 -114.232
874 -115.418
875 -113.703
876 -113.629
877 -114.378
878 -114.593
879 -113.397
880 -112.822
881 -113.322
882 -112.591
883 -114.663
884 -113.885
885 -115.91
886 -114.886
887 -115.243
888 -115.615
889 -113.951
890 -112.415
891 -111.171
892 -113.13
893 -110.253
894 -111.12
895 -114.64
896 -111.527
897 -110.348
898 -111.364
899 -113.131
900 -111.915
901 -112.69
902 -112.548
903 -114.24
904 -113.88
905 -113.868
906 -114.584
907 -113.936
908 -114.325
909 -113.375
910 -114.495
911 -114.963
912 -113.719
913 -114.26
914 -114.917
915 -114.762
916 -114.741
917 -114.674
918 -114.084
919 -112.775
920 -114.942
921 -112.862
922 -112.651
923 -113.519
924 -114.055
925 -114.504
926 -113.569
927 -114.323
928 -114.665
929 -112.907
930 -112.345
931 -111.741
932 -110.99
933 -112.725
934 -111.942
935 -111.636
936 -109.483
937 -111.42
938 -110.982
939 -111.831
940 -111.404
941 -113.07
942 -113.744
943 -113.756
944 -112.887
945 -113.506
946 -113.984
947 -114.142
948 -114.841
949 -112.535
950 -113.113
951 -114.259
952 -113.046
953 -113.238
954 -113.093
955 -114.388
956 -114.194
957 -113.321
958 -113.66
959 -114.44
960 -113.651
961 -113.173
962 -113.258
963 -112.06
964 -112.827
965 -113.26
966 -114.714
967 -113.41
968 -114.094
969 -112.011
970 -111.729
971 -113.018
972 -113.753
973 -113.42
974 -113.245
975 -113.903
976 -113.458
977 -113.088
978 -115.64
979 -113.711
980 -114.693
981 -116.706
982 -117.209
983 -117.542
984 -119.131
985 -120.689
986 -121.719
987 -120.129
988 -120.735
989 -120.902
990 -121.016
991 -122.642
992 -123.595
993 -123.091
994 -123.937
995 -124.165
996 -126.632
997 -126.721
998 -127.065
999 -127.904
1000 -127.207
1001 -128.982
1002 -128.477
1003 -128.737
1004 -129.274
1005 -128.27
1006 -127.086
1007 -127.653
1008 -127.5
1009 -128.261
1010 -128.706
1011 -128.159
1012 -126.144
1013 -125.057
1014 -126.773
1015 -126.524
1016 -126.468
1017 -125.657
1018 -125.7
1019 -125.228
1020 -123.953
1021 -124.453
1022 -123.713
1023 -123.34
1024 -122.815
1025 -122.637
1026 -122.018
1027 -121.472
1028 -121.467
1029 -120.3
1030 -119.83
1031 -121.047
1032 -120.08
1033 -119.698
1034 -120.398
1035 -118.403
1036 -119.143
1037 -118.406
1038 -118.349
1039 -117.644
1040 -118.872
1041 -117.84
1042 -117.123
1043 -117.156
1044 -117.897
1045 -117.092
1046 -115.37
1047 -116.925
1048 -115.615
1049 -116.823
1050 -115.307
1051 -116.985
1052 -115.779
1053 -116.993
1054 -116.188
1055 -114.991
1056 -116.348
1057 -115.479
1058 -117.727
1059 -115.868
1060 -116.648
1061 -116.759
1062 -116.41
1063 -115.849
1064 -115.428
1065 -116.244
1066 -116.2
1067 -114.943
1068 -116.083
1069 -114.787
1070 -115.679
1071 -115.509
1072 -115.635
1073 -115.354
1074 -115.83
1075 -116.089
1076 -115.919
1077 -116.684
1078 -116.172
1079 -115.512
1080 -115.553
1081 -114.656
1082 -114.175
1083 -114.751
1084 -115.479
1085 -116.255
1086 -116.617
1087 -116.881
1088 -114.487
1089 -115.334
1090 -115.481
1091 -115.244
1092 -116.559
1093 -114.773
1094 -113.722
1095 -115.066
1096 -116.649
1097 -116.258
1098 -116.64
1099 -116.831
1100 -117.397
1101 -117.084
1102 -117.048
1103 -118.325
1104 -116.805
1105 -119.903
1106 -120.667
1107 -120.712
1108 -119.954
1109 -120.08
1110 -122.44
1111 -121.465
1112 -122.505
1113 -124.224
1114 -123.694
1115 -124.827
1116 -126.354
1117 -125.835
1118 -125.972
1119 -127.83
1120 -127.323
1121 -130.047
1122 -129.281
1123 -129.895
1124 -130.221
1125 -131.076
1126 -133.376
1127 -132.424
1128 -133.706
1129 -134.575
1130 -135.406
1131 -135.689
1132 -135.169
1133 -134.77
1134 -136.239
1135 -135.358
1136 -134.906
1137 -133.86
1138 -135.227
1139 -136.229
1140 -135.613
1141 -136.819
1142 -133.998
1143 -134.287
1144 -134.017
1145 -132.904
1146 -132.437
1147 -133.833
1148 -132.077
1149 -132.206
1150 -132.964
1151 -131.378
1152 -130.614
1153 -129.998
1154 -130.071
1155 -129.212
1156 -127.952
1157 -128.358
1158 -126.882
1159 -126.95
1160 -124.881
1161 -125.903
1162 -126.889
1163 -124.653
1164 -125.684
1165 -125.807
1166 -124.088
1167 -124.579
1168 -122.262
1169 -123.832
1170 -121.647
1171 -123.325
1172 -121.895
1173 -123.37
1174 -124.076
1175 -122.487
1176 -123.644
1177 -123.691
1178 -123.809
1179 -124.727
1180 -126.017
1181 -123.781
1182 -124.738
1183 -123.387
1184 -123.129
1185 -124.188
1186 -125.85
1187 -124.334
1188 -124.174
1189 -125.887
1190 -124.756
1191 -123.543
1192 -124.447
1193 -124.532
1194 -122.756
1195 -122.869
1196 -123.556
1197 -123.179
1198 -123.398
1199 -123.329
1200 -123.687
1201 -123.709
1202 -122.051
1203 -122.598
1204 -122.337
1205 -121.51
1206 -121.838
1207 -122.4
1208 -122.128
1209 -122.693
1210 -122.286
1211 -122.808
1212 -120.242
1213 -122.01
1214 -121.035
1215 -121.051
1216 -122.362
1217 -121.025
1218 -120.887
1219 -123.477
1220 -123.151
1221 -124.488
1222 -124.827
1223 -125.505
1224 -122.118
1225 -124.573
1226 -123.57
1227 -123.089
1228 -125.716
1229 -124.68
1230 -123.222
1231 -123.761
1232 -122.489
1233 -124.93
1234 -124.027
1235 -122.39
1236 -122.884
1237 -122.215
1238 -123.689
1239 -122.83
1240 -123.616
1241 -124.329
1242 -124.21
1243 -121.919
1244 -122.706
1245 -121.446
1246 -120.844
1247 -120.003
1248 -122.841
1249 -122.524
1250 -123.12
1251 -124.663
1252 -122.458
1253 -121.55
1254 -121.908
1255 -120.735
1256 -121.168
1257 -121.971
1258 -123.674
1259 -124.467
1260 -123.253
1261 -125.03
1262 -124.195
1263 -123.987
1264 -123.571
1265 -124.811
1266 -123.343
1267 -124.398
1268 -124.303
1269 -125.039
1270 -124.765
1271 -125.783
1272 -124.015
1273 -125.192
1274 -122.65
1275 -125.041
1276 -122.957
1277 -123.286
1278 -123.282
1279 -124.77
1280 -124.797
1281 -125.905
1282 -124.595
1283 -124.457
1284 -124.365
1285 -124.101
1286 -122.784
1287 -123.334
1288 -124.324
1289 -122.76
1290 -124.157
1291 -123.866
1292 -123.644
1293 -124.068
1294 -122.881
1295 -122.178
1296 -121.854
1297 -123.302
1298 -124.127
1299 -125.295
1300 -124.598
1301 -125.51
1302 -125.379
1303 -123.516
1304 -125.365
1305 -123.968
1306 -125.111
1307 -124.232
1308 -125.278
1309 -124.97
1310 -125.741
1311 -125.442
1312 -125.967
1313 -126.65
1314 -125.377
1315 -124.735
1316 -126.015
1317 -124.708
1318 -124.588
1319 -124.028
1320 -126.399
1321 -125.967
1322 -125.739
1323 -123.299
1324 -124.27
1325 -125.284
1326 -124.609
1327 -123.906
1328 -123.511
1329 -123.509
1330 -124.446
1331 -124.948
1332 -124.811
1333 -124.042
1334 -124.553
1335 -123.408
1336 -122.319
1337 -122.666
1338 -123.233
1339 -123.744
1340 -123.612
1341 -125.467
1342 -126.79
1343 -126.944
1344 -124.968
1345 -124.931
1346 -125.842
1347 -125.906
1348 -124.475
1349 -126.545
1350 -125.103
1351 -126.841
1352 -125.99
1353 -126.317
1354 -124.609
1355 -125.015
1356 -125.276
1357 -126.907
1358 -124.41
1359 -126.207
1360 -125.514
1361 -125.15
1362 -124.907
1363 -125.289
1364 -125.105
1365 -124.111
1366 -123.714
1367 -124.55
1368 -123.312
1369 -123.567
1370 -124.246
1371 -125.862
1372 -124.77
1373 -123.603
1374 -125.111
1375 -124.127
1376 -123.997
1377 -122.908
1378 -123.252
1379 -124.039
1380 -125.485
1381 -125.33
1382 -127.131
1383 -126.049
1384 -126.791
1385 -126.238
1386 -127.215
1387 -125.805
1388 -125.292
1389 -125.735
1390 -127.252
1391 -126.375
1392 -125.322
1393 -126.251
1394 -127.957
1395 -125.797
1396 -127.01
1397 -126.464
1398 -124.918
1399 -125.763
1400 -127.328
1401 -125.442
1402 -125.663
1403 -125.744
1404 -126.299
1405 -125.14
1406 -125.158
1407 -124.453
1408 -124.619
1409 -124.002
1410 -123.988
1411 -126.488
1412 -125.149
1413 -123.849
1414 -123.876
1415 -124.355
1416 -124.856
1417 -123.093
1418 -125.768
1419 -124.517
1420 -123.922
1421 -125.471
1422 -126.382
1423 -126.251
1424 -126.712
1425 -124.562
1426 -125.653
1427 -125.509
1428 -124.967
1429 -125.794
1430 -126.501
1431 -126.614
1432 -126.49
1433 -126.791
1434 -127.346
1435 -126.333
1436 -126.855
1437 -127.858
1438 -125.864
1439 -126.245
1440 -125.277
1441 -125.193
1442 -125.622
1443 -127.304
1444 -126.316
1445 -125.656
1446 -126.688
1447 -124.607
1448 -125.541
1449 -125.132
1450 -124.965
1451 -125.394
1452 -125.226
1453 -126.033
1454 -125.473
1455 -124.175
1456 -124.216
1457 -123.969
1458 -122.9
1459 -124.473
1460 -125.264
1461 -124.296
1462 -126.816
1463 -126.079
1464 -126.322
1465 -126.694
1466 -125.389
1467 -125.898
1468 -126.051
1469 -125.059
1470 -127.19
1471 -128.162
1472 -127.873
1473 -127.941
1474 -126.173
1475 -125.777
1476 -126.674
1477 -125.316
1478 -125.348
1479 -125.988
1480 -125.601
1481 -125.7
1482 -126.768
1483 -125.586
1484 -126.749
1485 -126.178
1486 -125.472
1487 -124.509
1488 -125.606
1489 -124.11
1490 -123.924
1491 -124.57
1492 -124.591
1493 -126.151
1494 -125.183
1495 -124.116
1496 -124.523
1497 -124.276
1498 -123.913
1499 -122.314
1500 -123.862
1501 -123.837
1502 -126.394
1503 -126.821
1504 -124.645
1505 -126.79
1506 -124.641
1507 -124.461
1508 -124.498
1509 -125.377
1510 -125.424
1511 -124.284
1512 -122.259
1513 -124.623
1514 -121.379
1515 -123.415
1516 -121.819
1517 -121.78
1518 -118.953
1519 -120.975
1520 -119.268
1521 -119.857
1522 -118.254
1523 -117.683
1524 -117.566
1525 -117.613
1526 -117.438
1527 -114.404
1528 -115.704
1529 -114.132
1530 -111.514
1531 -112.58
1532 -111.571
1533 -110.779
1534 -110.678
1535 -108.157
1536 -110.878
1537 -109.635
1538 -110.702
1539 -109.431
1540 -110.158
1541 -109.335
1542 -110.752
1543 -110.398
1544 -110.064
1545 -110.444
1546 -110.594
1547 -109.575
1548 -111.296
1549 -110.931
1550 -112.104
1551 -112.67
1552 -111.837
1553 -113.064
1554 -111.896
1555 -112.658
1556 -115.453
1557 -115.4
1558 -115.246
1559 -115.688
1560 -115.997
1561 -115.437
1562 -117.379
1563 -116.784
1564 -117.467
1565 -117.305
1566 -118.075
1567 -118.554
1568 -117.837
1569 -119.021
1570 -117.295
1571 -121.724
1572 -119.423
1573 -120.676
1574 -118.681
1575 -120.266
1576 -119.823
1577 -121.036
1578 -121.204
1579 -120.219
1580 -121.297
1581 -119.694
1582 -120.381
1583 -119.854
1584 -121.924
1585 -121.02
1586 -121.342
1587 -121.355
1588 -122.895
1589 -120.326
1590 -121.868
1591 -122.629
1592 -120.145
1593 -123.5
1594 -122.553
1595 -120.056
1596 -122.4
1597 -120.752
1598 -121.579
1599 -121.436
1600 -121.653
1601 -121.244
1602 -121.961
1603 -122.425
1604 -122.795
1605 -123.139
1606 -121.34
1607 -120.81
1608 -122.446
1609 -122.29
1610 -121.912
1611 -123.687
1612 -121.866
1613 -122.726
1614 -121.16
1615 -122.087
1616 -124.419
1617 -121.37
1618 -122.606
1619 -121.669
1620 -122.687
1621 -122.929
1622 -122.42
1623 -121.175
1624 -121.866
1625 -122.322
1626 -122.752
1627 -122.629
1628 -122.625
1629 -122.511
1630 -122.676
1631 -121.636
1632 -120.306
1633 -120.586
1634 -121.611
1635 -121.579
1636 -120.553
1637 -118.147
1638 -118.018
1639 -118.036
1640 -118.613
1641 -116.99
1642 -117.104
1643 -116.093
1644 -116.054
1645 -115.444
1646 -115.358
1647 -111.773
1648 -112.574
1649 -111.604
1650 -112.412
1651 -109.205
1652 -111.205
1653 -109.878
1654 -109.825
1655 -108.301
1656 -108.27
1657 -107.165
1658 -106.633
1659 -105.53
1660 -105.646
1661 -103.885
1662 -104.303
1663 -103.932
1664 -102.852
1665 -103.368
1666 -101.968
1667 -100.937
1668 -100.91
1669 -102.143
1670 -101.101
1671 -103.29
1672 -100.509
1673 -101.782
1674 -100.42
1675 -101.098
1676 -100.504
1677 -103.485
1678 -103.333
1679 -103.351
1680 -105.149
1681 -103.534
1682 -104.079
1683 -105.482
1684 -105.185
1685 -106.444
1686 -108.379
1687 -107.06
1688 -110.42
1689 -109.369
1690 -111.021
1691 -109.963
1692 -110.765
1693 -111.657
1694 -111.82
1695 -111.26
1696 -111.13
1697 -111.81
1698 -111.411
1699 -113.203
1700 -114.966
1701 -112.41
1702 -111.279
1703 -112.508
1704 -111.71
1705 -113.978
1706 -113.494
1707 -112.646
1708 -115.375
1709 -115.961
1710 -115.707
1711 -115.044
1712 -114.889
1713 -115.426
1714 -113.091
1715 -114.1
1716 -114.341
1717 -112.878
1718 -111.444
1719 -112.821
1720 -112.45
1721 -111.847
1722 -112.91
1723 -113.456
1724 -113.711
1725 -113.935
1726 -114.303
1727 -113.704
1728 -114.012
1729 -114.652
1730 -115.9
1731 -115.658
1732 -117.241
1733 -116.146
1734 -116.326
1735 -114.3
1736 -114.734
1737 -114.046
1738 -116.562
1739 -116.425
1740 -116.507
1741 -116.009
1742 -115.269
1743 -116.301
1744 -115.208
1745 -115.852
1746 -114.724
1747 -116.551
1748 -115.201
1749 -115.6
1750 -116.991
1751 -115.971
1752 -116.966
1753 -115.669
1754 -114.075
1755 -115.623
1756 -114.577
1757 -115.054
1758 -113.803
1759 -114.654
1760 -114.885
1761 -114.835
1762 -113.255
1763 -111.899
1764 -112.808
1765 -115.106
1766 -114.683
1767 -116.073
1768 -113.512
1769 -114.074
1770 -115.728
1771 -117.049
1772 -116.44
1773 -116.474
1774 -115.144
1775 -116.105
1776 -116.593
1777 -115.231
1778 -116.544
1779 -116.03
1780 -116.341
1781 -114.499
1782 -115.434
1783 -116.332
1784 -115.544
1785 -115.548
1786 -115.274
1787 -114.568
1788 -115.833
1789 -114.499
1790 -116.27
1791 -116.426
1792 -117.222
1793 -115.629
1794 -116.645
1795 -115.513
1796 -115.687
1797 -113.692
1798 -112.793
1799 -114.134
1800 -114.622
1801 -113.391
1802 -114.006
1803 -112.962
1804 -112.972
1805 -113.243
1806 -113.565
1807 -115.829
1808 -115.557
1809 -116.286
1810 -115.883
1811 -115.366
1812 -114.997
1813 -115.75
1814 -116.265
1815 -115.391
1816 -115.373
1817 -115.411
1818 -116.637
1819 -116.553
1820 -117.126
1821 -116.259
1822 -114.472
1823 -117.255
1824 -117.128
1825 -115.15
1826 -115.194
1827 -116.058
1828 -115.582
1829 -113.531
1830 -116.316
1831 -115.189
1832 -115.482
1833 -116.468
1834 -117.291
1835 -114.004
1836 -115.101
1837 -113.519
1838 -113.746
1839 -113.153
1840 -113.941
1841 -112.739
1842 -112.512
1843 -113.408
1844 -113.261
1845 -112.562
1846 -113.334
1847 -113.835
1848 -114.051
1849 -115.53
1850 -115.911
1851 -116.996
1852 -115.661
1853 -116.905
1854 -116.001
1855 -115.892
1856 -115.107
1857 -114.354
1858 -115.166
1859 -114.862
1860 -114.726
1861 -115.849
1862 -114.857
1863 -115.627
1864 -115.065
1865 -113.527
1866 -114.864
1867 -114.097
1868 -114.878
1869 -114.03
1870 -115.549
1871 -116.092
1872 -117.198
1873 -115.639
1874 -116.711
1875 -115.386
1876 -115.469
1877 -112.867
1878 -113.953
1879 -113.695
1880 -113.203
1881 -113.351
1882 -113.014
1883 -113.299
1884 -113.352
1885 -112.303
1886 -113.03
1887 -114.062
1888 -113.852
1889 -114.257
1890 -114.253
1891 -114.152
1892 -115.187
1893 -116.694
1894 -116.58
1895 -116.193
1896 -115.93
1897 -114.01
1898 -116.789
1899 -115.211
1900 -114.284
1901 -113.94
1902 -115.48
1903 -116.364
1904 -116.206
1905 -115.927
1906 -115.102
1907 -115.558
1908 -115.189
1909 -113.448
1910 -113.32
1911 -115.185
1912 -115.632
1913 -116.422
1914 -114.997
1915 -115.617
1916 -114.961
1917 -114.313
1918 -112.324
1919 -113.837
1920 -112.51
1921 -112.055
1922 -111.784
1923 -111.34
1924 -112.092
1925 -113.042
1926 -111.814
1927 -112.766
1928 -112.377
1929 -112.353
1930 -111.758
1931 -114.277
1932 -114.318
1933 -115.744
1934 -113.733
1935 -114.026
1936 -114.123
1937 -113.464
1938 -113.93
1939 -114.205
1940 -114.409
1941 -114.611
1942 -113.295
1943 -113.969
1944 -114.969
1945 -113.589
1946 -115.236
1947 -114.677
1948 -113.952
1949 -114.828
1950 -113.331
1951 -113.533
1952 -113.816
1953 -113.735
1954 -115.353
1955 -116.402
1956 -113.275
1957 -113.75
1958 -113.238
1959 -112.198
1960 -111.509
1961 -111.447
1962 -110.406
1963 -112.015
1964 -111.632
1965 -112.584
1966 -110.503
1967 -111
1968 -111.678
1969 -113.097
1970 -113.379
1971 -113.32
1972 -112.205
1973 -114.087
1974 -113.636
1975 -115.222
1976 -116.671
1977 -114.573
1978 -113.431
1979 -114.345
1980 -113.69
1981 -111.676
1982 -113.303
1983 -114.003
1984 -113.793
1985 -113.201
1986 -112.356
1987 -114.381
1988 -113.955
1989 -113.358
1990 -113.943
1991 -114.502
1992 -114.083
1993 -114.232
1994 -113.143
1995 -113.568
1996 -113.841
1997 -113.01
1998 -112.062
1999 -113.09
2000 -112.605
2001 -111.803
2002 -112.14
2003 -112.668
2004 -111.795
2005 -111.296
2006 -111.553
2007 -110.276
2008 -110.101
2009 -111.896
2010 -112.161
2011 -110.903
2012 -113.213
2013 -114.556
2014 -113.677
2015 -113.489
2016 -112.574
2017 -114.689
2018 -113.618
2019 -114.005
2020 -113.936
2021 -113.657
2022 -111.674
2023 -112.956
2024 -113.873
2025 -112.679
2026 -113.577
2027 -114.708
2028 -114.528
2029 -112.744
2030 -114.557
2031 -112.987
2032 -113.969
2033 -114.053
2034 -113.622
2035 -114.518
2036 -114.801
2037 -112.686
2038 -113.232
2039 -112.941
2040 -113.547
2041 -112.97
2042 -113.458
2043 -113.289
2044 -113.209
2045 -114.439
2046 -115.077
2047 -115.559
2048 -114.999
2049 -116.344
2050 -115.974
2051 -116.958
2052 -119.223
2053 -119.522
2054 -119.16
2055 -120.913
2056 -121.559
2057 -122.803
2058 -122.963
2059 -122.234
2060 -122.368
2061 -123.339
2062 -123.539
2063 -124.018
2064 -124.261
2065 -125.361
2066 -126.241
2067 -126.899
2068 -128.854
2069 -127.115
2070 -127.012
2071 -127.335
2072 -126.879
2073 -127.491
2074 -127.491
2075 -127.941
2076 -126.366
2077 -127.78
2078 -128.942
2079 -126.928
2080 -126.175
2081 -126.768
2082 -127.134
2083 -125.912
2084 -126.158
2085 -125.268
2086 -127.481
2087 -126.216
2088 -125.108
2089 -125.386
2090 -124.912
2091 -125.094
2092 -124.113
2093 -124.276
2094 -122.456
2095 -122.244
2096 -120.91
2097 -121.143
2098 -120.397
2099 -120.392
2100 -121.43
2101 -120.012
2102 -118.714
2103 -119.591
2104 -118.459
2105 -119.036
2106 -116.485
2107 -118.508
2108 -116.445
2109 -117.942
2110 -118.943
2111 -118.33
2112 -118.25
2113 -117.528
2114 -117.543
2115 -116.407
2116 -116.502
2117 -115.151
2118 -116.936
2119 -117.106
2120 -115.434
2121 -116.713
2122 -115.954
2123 -117.995
2124 -117.102
2125 -118.141
2126 -115.66
2127 -115.99
2128 -116.056
2129 -116.491
2130 -116.962
2131 -117.129
2132 -115.908
2133 -114.309
2134 -115.572
2135 -115.872
2136 -115.234
2137 -115.957
2138 -115.48
2139 -116.417
2140 -114.899
2141 -116.681
2142 -115.423
2143 -114.857
2144 -115.636
2145 -115.568
2146 -114.983
2147 -115.567
2148 -116.814
2149 -117.454
2150 -115.798
2151 -115.664
2152 -115.677
2153 -115.653
2154 -114.192
2155 -115.253
2156 -115.621
2157 -115.954
2158 -115.231
2159 -115.3
2160 -116.455
2161 -115.618
2162 -114.373
2163 -116.31
2164 -115.052
2165 -117.129
2166 -116.836
2167 -117.729
2168 -117.504
2169 -116.271
2170 -115.856
2171 -117.166
2172 -118.948
2173 -118.844
2174 -120.465
2175 -121.265
2176 -121.59
2177 -121.513
2178 -122.692
2179 -121.353
2180 -122.344
2181 -123.252
2182 -124.813
2183 -126.828
2184 -125.688
2185 -127.715
2186 -127.166
2187 -126.644
2188 -128.131
2189 -128.134
2190 -129.783
2191 -129.812
2192 -130.331
2193 -131.98
2194 -132.279
2195 -133.247
2196 -134.204
2197 -134.14
2198 -134.008
2199 -135.062
2200 -135.372
2201 -134.426
2202 -135.572
2203 -134.691
2204 -135.365
2205 -136.184
2206 -135.442
2207 -135.188
2208 -135.576
2209 -136.926
2210 -131.495
2211 -133.719
2212 -133.616
2213 -134.839
2214 -133.75
2215 -132.602
2216 -131.6
2217 -132.688
2218 -132.076
2219 -132.261
2220 -131.762
2221 -129.007
2222 -128.99
2223 -128.263
2224 -128.918
2225 -128.723
2226 -127.738
2227 -127.336
2228 -126.201
2229 -125.568
2230 -124.779
2231 -124.016
2232 -123.136
2233 -124.233
2234 -125.612
2235 -123.877
2236 -125.078
2237 -123.482
2238 -124.504
2239 -122.649
2240 -123.207
2241 -121.23
2242 -123.106
2243 -123.368
2244 -121.362
2245 -122.515
2246 -122.401
2247 -125.366
2248 -124.743
2249 -124.74
2250 -123.345
2251 -124.515
2252 -121.811
2253 -124.699
2254 -125.079
2255 -124.581
2256 -124.293
2257 -124.253
2258 -123.154
2259 -124.548
2260 -123.039
2261 -122.229
2262 -121.817
2263 -122.859
2264 -124.161
2265 -122.709
2266 -124.095
2267 -122.504
2268 -123.959
2269 -124.406
2270 -122.328
2271 -122.146
2272 -122.65
2273 -121.581
2274 -122.48
2275 -121.659
2276 -123.533
2277 -122.165
2278 -121.039
2279 -122.259
2280 -121.778
2281 -121.186
2282 -120.722
2283 -119.46
2284 -120.79
2285 -121.79
2286 -121.232
2287 -122.319
2288 -122.44
2289 -124.773
2290 -123.306
2291 -124.494
2292 -122.96
2293 -122.794
2294 -122.473
2295 -122.861
2296 -124.051
2297 -124.356
2298 -124.767
2299 -123.721
2300 -124.386
2301 -123.083
2302 -123.003
2303 -121.558
2304 -123.202
2305 -122.67
2306 -122.705
2307 -123.416
2308 -123.034
2309 -122.502
2310 -123.054
2311 -123.853
2312 -121.021
2313 -120.848
2314 -121.654
2315 -121.637
2316 -123.973
2317 -122.399
2318 -121.205
2319 -123.268
2320 -123.934
2321 -122.193
2322 -121.099
2323 -122.96
2324 -122.971
2325 -121.573
2326 -122.634
2327 -124.14
2328 -123.1
2329 -123.469
2330 -124.881
2331 -124.246
2332 -124.677
2333 -122.881
2334 -123.428
2335 -123.921
2336 -124.498
2337 -124.941
2338 -123.483
2339 -124.511
2340 -125.602
2341 -125.088
2342 -123.475
2343 -124.52
2344 -123.581
2345 -123.584
2346 -122.209
2347 -121.933
2348 -123.652
2349 -123.247
2350 -124.14
2351 -123.834
2352 -122.574
2353 -125.059
2354 -123.031
2355 -125.736
2356 -123.111
2357 -123.015
2358 -123.053
2359 -124.281
2360 -124.033
2361 -123.737
2362 -123.053
2363 -121.536
2364 -122.475
2365 -122.874
2366 -122.347
2367 -125.078
2368 -123.561
2369 -124.347
2370 -125.847
2371 -124.218
2372 -124.536
2373 -124.414
2374 -123.45
2375 -123.353
2376 -125.703
2377 -124.091
2378 -125.177
2379 -124.995
2380 -125.64
2381 -124.62
2382 -123.384
2383 -124.574
2384 -123.924
2385 -124.098
2386 -124.44
2387 -123.991
2388 -124.443
2389 -125.498
2390 -125.32
2391 -123.761
2392 -124.321
2393 -124.795
2394 -123.317
2395 -121.682
2396 -122.452
2397 -123.298
2398 -124.085
2399 -123.825
2400 -123.245
2401 -124.682
2402 -124.079
2403 -123.118
2404 -123.52
2405 -123.392
2406 -123.335
2407 -123.73
2408 -123.751
2409 -124.923
2410 -125.862
2411 -123.504
2412 -125.142
2413 -126.092
2414 -125.291
2415 -125.348
2416 -125.137
2417 -124.606
2418 -126.935
2419 -126.841
2420 -126.472
2421 -125.006
2422 -126.768
2423 -125.404
2424 -124.54
2425 -125.747
2426 -123.887
2427 -125.511
2428 -125.199
2429 -125.643
2430 -126.334
2431 -124.939
2432 -125.781
2433 -124.526
2434 -125.167
2435 -125.296
2436 -125.155
2437 -124.454
2438 -124.338
2439 -123.899
2440 -124.499
2441 -124.997
2442 -123.586
2443 -124.231
2444 -124.32
2445 -122.51
2446 -124.362
2447 -123.691
2448 -125.441
2449 -126.45
2450 -126.957
2451 -126.079
2452 -126.062
2453 -125.836
2454 -125.614
2455 -126.561
2456 -126.308
2457 -126.483
2458 -125.888
2459 -126.005
2460 -124.402
2461 -127.938
2462 -125.849
2463 -127.632
2464 -125.37
2465 -124.072
2466 -124.525
2467 -125.7
2468 -124.294
2469 -125.721
2470 -127.138
2471 -124.132
2472 -126.021
2473 -125.2
2474 -125.6
2475 -124.749
2476 -124.184
2477 -123.488
2478 -124.744
2479 -125.45
2480 -124.662
2481 -124.818
2482 -124.261
2483 -124.74
2484 -123.018
2485 -122.433
2486 -123.254
2487 -122.434
2488 -124.443
2489 -124.651
2490 -125.85
2491 -126.897
2492 -127.026
2493 -126.391
2494 -126.066
2495 -125.521
2496 -126.11
2497 -125.406
2498 -126.422
2499 -125.505
2500 -125.419
2501 -126.42
2502 -127.989
2503 -125.393
2504 -125.669
2505 -125.601
2506 -124.455
2507 -124.291
2508 -124.966
2509 -125.05
2510 -127.259
2511 -126.363
2512 -124.928
2513 -125.524
2514 -124.96
2515 -125.387
2516 -123.703
2517 -124.116
2518 -124.697
2519 -125.669
2520 -125.323
2521 -122.358
2522 -123.699
2523 -124.346
2524 -124.015
2525 -123.355
2526 -124.108
2527 -124.581
2528 -124.065
2529 -124.623
2530 -126.072
2531 -126.479
2532 -125.163
2533 -126.801
2534 -126.264
2535 -126.374
2536 -126.911
2537 -126.611
2538 -124.471
2539 -126.618
2540 -125.818
2541 -127.468
2542 -128.127
2543 -126.823
2544 -127.01
2545 -125.894
2546 -125.439
2547 -124.664
2548 -125.26
2549 -126.35
2550 -125.598
2551 -125.811
2552 -125.15
2553 -125.294
2554 -124.945
2555 -126.169
2556 -124.928
2557 -124.041
2558 -124.477
2559 -124.241
2560 -125.304
2561 -123.907
2562 -125.754
2563 -123.955
2564 -124.469
2565 -122.986
2566 -124.526
2567 -123.288
2568 -124.568
2569 -123.475
2570 -124.774
2571 -125.872
2572 -126.804
2573 -126.167
2574 -126.242
2575 -125.649
2576 -126.581
2577 -123.552
2578 -122.484
2579 -125.54
2580 -123.87
2581 -124.425
2582 -124.216
2583 -123.332
2584 -123.206
2585 -120.632
2586 -119.84
2587 -119.792
2588 -119.031
2589 -120.707
2590 -118.724
2591 -117.679
2592 -118.079
2593 -116.921
2594 -116.186
2595 -116.22
2596 -114.329
2597 -114.225
2598 -112.295
2599 -112.42
2600 -112.362
2601 -111.809
2602 -111.575
2603 -109.628
2604 -112.089
2605 -110.251
2606 -109.072
2607 -110.407
2608 -111.286
2609 -110.405
2610 -109.198
2611 -110.775
2612 -109.24
2613 -110.005
2614 -112.034
2615 -110.582
2616 -110.595
2617 -111.683
2618 -112.176
2619 -111.782
2620 -112.132
2621 -111.678
2622 -111.518
2623 -114.117
2624 -113.413
2625 -115.272
2626 -114.873
2627 -114.199
2628 -115.113
2629 -115.281
2630 -115.999
2631 -117.025
2632 -119.013
2633 -118.416
2634 -116.54
2635 -119.515
2636 -118.045
2637 -118.728
2638 -118.451
2639 -117.98
2640 -120.096
2641 -119.305
2642 -120.317
2643 -117.486
2644 -120.17
2645 -119.278
2646 -119.764
2647 -120.362
2648 -121.74
2649 -120.634
2650 -120.272
2651 -119.58
2652 -120.518
2653 -118.917
2654 -120.595
2655 -121.757
2656 -122.314
2657 -121.512
2658 -120.837
2659 -121.384
2660 -121.935
2661 -122.99
2662 -121.254
2663 -121.402
2664 -124.02
2665 -121.326
2666 -120.649
2667 -120.895
2668 -122.094
2669 -121.479
2670 -121.513
2671 -122.206
2672 -120.928
2673 -122.458
2674 -121.738
2675 -122.502
2676 -123.02
2677 -122.681
2678 -122.393
2679 -122.802
2680 -123.858
2681 -122.291
2682 -121.454
2683 -122.226
2684 -121.966
2685 -121.429
2686 -121.388
2687 -121.85
2688 -121.79
2689 -122.926
2690 -122.316
2691 -123.032
2692 -121.637
2693 -123.656
2694 -122.146
2695 -121.466
2696 -122.693
2697 -120.863
2698 -120.737
2699 -122.831
2700 -121.714
2701 -120.617
2702 -121.037
2703 -121.206
2704 -120.234
2705 -118.828
2706 -117.44
2707 -117.77
2708 -117.245
2709 -117.943
2710 -116.249
2711 -115.203
2712 -114.536
2713 -115.482
2714 -113.3
2715 -113.972
2716 -113.278
2717 -112.862
2718 -111.898
2719 -110.42
2720 -111.14
2721 -109.652
2722 -110.441
2723 -109.702
2724 -106.35
2725 -107.444
2726 -105.294
2727 -107.365
2728 -106.236
2729 -104.497
2730 -104.917
2731 -104.788
2732 -104.78
2733 -103.219
2734 -101.543
2735 -100.132
2736 -100.973
2737 -101.516
2738 -100.574
2739 -102.027
2740 -101.078
2741 -101.507
2742 -100.638
2743 -100.675
2744 -100.462
2745 -103.054
2746 -102.145
2747 -103.068
2748 -102.448
2749 -102.632
2750 -104.015
2751 -105.639
2752 -107.886
2753 -107.027
2754 -106.361
2755 -106.718
2756 -108.374
2757 -109.256
2758 -108.681
2759 -109.36
2760 -109.362
2761 -111.294
2762 -111.229
2763 -111.737
2764 -111.699
2765 -111.738
2766 -112.101
2767 -111.882
2768 -112.961
2769 -113.948
2770 -113.978
2771 -114.785
2772 -113.808
2773 -114.09
2774 -114.713
2775 -113.657
2776 -115.565
2777 -113.875
2778 -115.096
2779 -114.517
2780 -114.641
2781 -114.433
2782 -114.588
2783 -113.309
2784 -115.095
2785 -113.553
2786 -112.905
2787 -113.365
2788 -114.058
2789 -112.661
2790 -113.85
2791 -113.555
2792 -111.551
2793 -112.305
2794 -113.085
2795 -114.297
2796 -115.391
2797 -115.533
2798 -116.3
2799 -117.113
2800 -117.449
2801 -116.123
2802 -115.991
2803 -115.886
2804 -116.223
2805 -115.608
2806 -114.923
2807 -113.63
2808 -115.078
2809 -115.631
2810 -116.835
2811 -116.357
2812 -115.837
2813 -114.793
2814 -115.905
2815 -114.565
2816 -115.352
2817 -116.219
2818 -115.586
2819 -116.25
2820 -118.021
2821 -116.284
2822 -117.803
2823 -114.485
2824 -115.567
2825 -113.258
2826 -114.048
2827 -114.325
2828 -112.976
2829 -113.312
2830 -112.697
2831 -112.555
2832 -112.421
2833 -113.169
2834 -111.416
2835 -114.516
2836 -115.877
2837 -114.529
2838 -115.862
2839 -116.287
2840 -115.922
2841 -116.233
2842 -116.664
2843 -115.225
2844 -116.504
2845 -116.265
2846 -116.948
2847 -114.85
2848 -116.32
2849 -115.23
2850 -115.207
2851 -115.689
2852 -117.101
2853 -116.458
2854 -113.718
2855 -114.413
2856 -116.434
2857 -114.934
2858 -116.2
2859 -117.241
2860 -115.601
2861 -116.66
2862 -115.288
2863 -113.735
2864 -115.575
2865 -115.33
2866 -114.36
2867 -114.426
2868 -114.048
2869 -113.644
2870 -113.807
2871 -113.271
2872 -113.324
2873 -114.255
2874 -112.825
2875 -112.511
2876 -114.174
2877 -114.055
2878 -117.436
2879 -117.18
2880 -115.839
2881 -115.506
2882 -115.838
2883 -115.104
2884 -114.563
2885 -114.667
2886 -114.431
2887 -114.415
2888 -114.755
2889 -115.409
2890 -116.355
2891 -115.966
2892 -115.548
2893 -115.755
2894 -115.776
2895 -115.313
2896 -116.498
2897 -115.422
2898 -116.161
2899 -116.069
2900 -117.863
2901 -116.403
2902 -116.743
2903 -116.069
2904 -114.588
2905 -114.542
2906 -114.587
2907 -114.016
2908 -115.194
2909 -112.833
2910 -113.024
2911 -112.651
2912 -111.321
2913 -112.63
2914 -112.916
2915 -113.201
2916 -114.747
2917 -116.021
2918 -116.35
2919 -115.048
2920 -116.189
2921 -115.816
2922 -115.666
2923 -116.511
2924 -114.809
2925 -113.835
2926 -115.612
2927 -114.059
2928 -115.039
2929 -116.933
2930 -113.551
2931 -114.824
2932 -116.048
2933 -114.74
2934 -114.869
2935 -116.812
2936 -114.85
2937 -115.217
2938 -113.693
2939 -114.508
2940 -115.608
2941 -115.8
2942 -114.978
2943 -114.772
2944 -115.755
2945 -113.891
2946 -114.264
2947 -113.418
2948 -113.37
2949 -113.403
2950 -113.885
2951 -112.136
2952 -113.296
2953 -111.734
2954 -114.494
2955 -112.042
2956 -114.011
2957 -113.915
2958 -113.488
2959 -114.002
2960 -115.458
2961 -116.223
2962 -115.638
2963 -116.146
2964 -115.435
2965 -115.486
2966 -113.986
2967 -115.262
2968 -113.318
2969 -116.172
2970 -113.677
2971 -115.412
2972 -116.691
2973 -113.794
2974 -114.436
2975 -114.056
2976 -115.477
2977 -114.543
2978 -114.743
2979 -115.611
2980 -114.567
2981 -116.149
2982 -115.514
2983 -114.914
2984 -115.717
2985 -114.38
2986 -114.567
2987 -113.661
2988 -112.847
2989 -114.096
2990 -112.581
2991 -112.39
2992 -113.201
2993 -113.173
2994 -112.97
2995 -112.269
2996 -114.033
2997 -111.898
2998 -114.901
2999 -114.84
3000 -114.618
3001 -114.484
3002 -115.957
3003 -116.107
3004 -113.694
3005 -113.298
3006 -114.869
3007 -114.768
3008 -115.635
3009 -114.227
3010 -113.467
3011 -114.102
3012 -114.559
3013 -113.942
3014 -115.078
3015 -113.556
3016 -113.908
3017 -114.249
3018 -115.034
3019 -115.113
3020 -115.861
3021 -116.216
3022 -114.628
3023 -115.725
3024 -113.814
3025 -114.057
3026 -112.375
3027 -112.943
3028 -111.398
3029 -112.157
3030 -112.257
3031 -111.528
3032 -110.383
3033 -110.995
3034 -112.249
3035 -110.825
3036 -112.154
3037 -111.384
3038 -110.658
3039 -114.947
3040 -113.89
3041 -113.728
3042 -114.911
3043 -114.987
3044 -113.926
3045 -114.296
3046 -113.293
3047 -114.197
3048 -115.053
3049 -112.764
3050 -113.714
3051 -114.299
3052 -114.16
3053 -114.624
3054 -114.835
3055 -113.997
3056 -113.379
3057 -112.757
3058 -113.92
3059 -114.676
3060 -113.594
3061 -114.465
3062 -115.699
3063 -115.273
3064 -113.44
3065 -114.797
3066 -112.764
3067 -112.532
3068 -111.507
3069 -111.645
3070 -112.74
3071 -111.76
3072 -112.846
3073 -112.03
3074 -110.785
3075 -111.051
3076 -110.956
3077 -111.362
3078 -112.966
3079 -114.469
3080 -112.28
3081 -114.023
3082 -114.04
3083 -112.639
3084 -112.849
3085 -113.491
3086 -112.569
3087 -114.012
3088 -112.533
3089 -114.246
3090 -112.501
3091 -113.861
3092 -113.947
3093 -112.515
3094 -112.999
3095 -113.478
3096 -113.615
3097 -112.739
3098 -113.086
3099 -114.072
3100 -112.945
3101 -114.66
3102 -114.694
3103 -115.029
3104 -113.479
3105 -112.016
3106 -113.633
3107 -113.951
3108 -112.118
3109 -113.03
3110 -113.839
3111 -112.837
3112 -113.989
3113 -114.786
3114 -113.625
3115 -114.572
3116 -115.978
3117 -115.076
3118 -116.773
3119 -115.953
3120 -116.888
3121 -118.609
3122 -120.137
3123 -120.643
3124 -121.049
3125 -123.155
3126 -122.988
3127 -121.874
3128 -124.711
3129 -122.652
3130 -123.676
3131 -123.569
3132 -125.138
3133 -126.393
3134 -127.11
3135 -127.09
3136 -129.179
3137 -129.996
3138 -127.493
3139 -129.419
3140 -128.835
3141 -128.333
3142 -130.085
3143 -129.419
3144 -129.157
3145 -128.286
3146 -127.957
3147 -126.895
3148 -128.025
3149 -128.413
3150 -126.184
3151 -126.405
3152 -125.794
3153 -127.009
3154 -125.813
3155 -125.978
3156 -126.046
3157 -123.87
3158 -123.578
3159 -124.714
3160 -123.648
3161 -122.49
3162 -123.401
3163 -121.349
3164 -120.283
3165 -120.169
3166 -119.3
3167 -120.092
3168 -119.552
3169 -118.723
3170 -119.513
3171 -118.837
3172 -119.008
3173 -118.768
3174 -118.838
3175 -116.99
3176 -116.911
3177 -118.707
3178 -117.723
3179 -117.733
3180 -117.362
3181 -118.687
3182 -117.439
3183 -118.181
3184 -117.342
3185 -116.803
3186 -117.768
3187 -116.726
3188 -115.524
3189 -116.226
3190 -117.366
3191 -115.945
3192 -116.552
3193 -114.908
3194 -116.213
3195 -114.637
3196 -114.7
3197 -116.634
3198 -115.674
3199 -116.584
3200 -117.222
3201 -115.15
3202 -116.173
3203 -115.578
3204 -116.391
3205 -115.065
3206 -115.556
3207 -115.899
3208 -116.474
3209 -115.185
3210 -116.69
3211 -114.716
3212 -115.445
3213 -113.876
3214 -115.489
3215 -114.799
3216 -115.873
3217 -114.15
3218 -115.432
3219 -115.937
3220 -115.606
3221 -114.476
3222 -114.71
3223 -114.837
3224 -115.093
3225 -116.916
3226 -116.25
3227 -116.867
3228 -115.726
3229 -116.156
3230 -114.625
3231 -115.458
3232 -115.071
3233 -114.828
3234 -115.515
3235 -115.878
3236 -115.37
3237 -115.894
3238 -116.308
3239 -115.371
3240 -115.26
3241 -115.022
3242 -114.937
3243 -115.155
3244 -116.075
3245 -115.587
3246 -114.621
3247 -115.373
3248 -115.801
3249 -114.547
3250 -116.3
3251 -115.434
3252 -114.432
3253 -115.691
3254 -114.254
3255 -114.428
3256 -114.975
3257 -115.571
3258 -115.576
3259 -114.873
3260 -116.683
3261 -114.498
3262 -114.768
3263 -114.21
3264 -114.231
3265 -113.129
3266 -114.795
3267 -116.075
3268 -115.35
3269 -114.761
3270 -115.596
3271 -115.07
3272 -115.32
3273 -115.75
3274 -116.678
3275 -116.388
3276 -116.755
3277 -114.425
3278 -115.261
3279 -115.639
3280 -114.12
3281 -114.194
3282 -115.498
3283 -117.382
3284 -115.982
3285 -115.108
3286 -116.172
3287 -115.464
3288 -114.967
3289 -115.537
3290 -115.363
3291 -115.11
3292 -113.994
3293 -114.855
3294 -115.103
3295 -113.499
3296 -115.421
3297 -115.287
3298 -115.095
3299 -114.851
3300 -114.447
3301 -114.401
3302 -113.366
3303 -114.682
3304 -114.41
3305 -114.354
3306 -115.122
3307 -114.644
3308 -114.319
3309 -116.959
3310 -117.386
3311 -115.542
3312 -116.645
3313 -115.542
3314 -117.288
3315 -114.195
3316 -114.294
3317 -115.489
3318 -113.944
3319 -115.091
3320 -116.074
3321 -114.501
3322 -114.966
3323 -114.255
3324 -115.339
3325 -115.645
3326 -115.71
3327 -114.872
3328 -114.83
3329 -114.525
3330 -115.91
3331 -114.316
3332 -117.057
3333 -114.454
3334 -114.539
3335 -114.886
3336 -113.854
3337 -115.953
3338 -114.792
3339 -116.197
3340 -114.428
3341 -114.159
3342 -115.809
3343 -115.013
3344 -114.705
3345 -116.216
3346 -115.96
3347 -114.993
3348 -115.405
3349 -115.941
3350 -115.537
3351 -116.633
3352 -116.195
3353 -114.582
3354 -116.215
3355 -116.027
3356 -114.922
3357 -115.715
3358 -116.625
3359 -115.541
3360 -116.22
3361 -114.972
3362 -114.501
3363 -114.726
3364 -115.906
3365 -114.881
3366 -113.78
3367 -117.398
3368 -116.227
3369 -115.963
3370 -115.481
3371 -113.088
3372 -115.56
3373 -115.923
3374 -115.155
3375 -115.952
3376 -115.889
3377 -115.965
3378 -116.633
3379 -114.904
3380 -116.066
3381 -115.104
3382 -116.294
3383 -115.646
3384 -113.492
3385 -115.341
3386 -115.906
3387 -116.533
3388 -114.772
3389 -114.446
3390 -114.653
3391 -115.174
3392 -115.782
3393 -117.258
3394 -116.221
3395 -116.713
3396 -115.001
3397 -115.948
3398 -116.23
3399 -114.071
