0 -122.11
1 -122.064
2 -122.044
3 -122.023
4 -122.016
5 -121.99
6 -121.997
7 -122
8 -122.025
9 -122.04
10 -122.056
11 -122.068
12 -122.046
13 -122.047
14 -122.031
15 -122.018
16 -122.01
17 -122.002
18 -122.022
19 -122.051
20 -122.076
21 -122.071
22 -122.07
23 -122.075
24 -122.096
25 -122.091
26 -122.093
27 -122.086
28 -122.099
29 -122.112
30 -122.12
31 -122.422
32 -123.034
33 -123.146
34 -123.166
35 -123.188
36 -123.349
37 -123.784
38 -124.401
39 -125.047
40 -125.603
41 -126.038
42 -126.35
43 -126.648
44 -126.998
45 -127.433
46 -127.887
47 -128.435
48 -128.974
49 -129.487
50 -129.968
51 -130.345
52 -130.692
53 -131.071
54 -131.613
55 -132.279
56 -133.038
57 -133.743
58 -134.27
59 -134.666
60 -135.025
61 -135.41
62 -135.895
63 -136.457
64 -137.076
65 -137.675
66 -138.239
67 -138.722
68 -139.223
69 -139.785
70 -140.308
71 -140.872
72 -141.357
73 -141.672
74 -141.823
75 -141.835
76 -141.837
77 -141.832
78 -141.818
79 -141.729
80 -141.66
81 -141.634
82 -141.554
83 -141.457
84 -141.288
85 -140.967
86 -140.473
87 -139.954
88 -139.552
89 -139.287
90 -139.065
91 -138.834
92 -138.495
93 -138.085
94 -137.641
95 -137.196
96 -136.756
97 -136.379
98 -135.972
99 -135.543
100 -135.038
101 -134.51
102 -134.053
103 -133.67
104 -133.384
105 -133.089
106 -132.766
107 -132.367
108 -131.864
109 -131.407
110 -131.094
111 -130.842
112 -130.777
113 -130.779
114 -130.932
115 -131.06
116 -130.915
117 -130.637
118 -130.272
119 -129.925
120 -129.606
121 -129.208
122 -128.919
123 -128.87
124 -129.054
125 -129.3
126 -129.577
127 -129.877
128 -130.078
129 -130.09
130 -129.978
131 -129.85
132 -129.707
133 -129.666
134 -129.64
135 -129.599
136 -129.623
137 -129.732
138 -129.809
139 -129.855
140 -129.843
141 -129.762
142 -129.646
143 -129.448
144 -129.166
145 -128.871
146 -128.575
147 -128.368
148 -128.286
149 -128.395
150 -128.589
151 -128.705
152 -128.805
153 -128.75
154 -128.501
155 -128.212
156 -128.059
157 -127.832
158 -127.69
159 -127.66
160 -127.677
161 -127.854
162 -128.091
163 -128.345
164 -128.47
165 -128.348
166 -128.112
167 -127.878
168 -127.626
169 -127.305
170 -127.09
171 -127.152
172 -127.468
173 -127.883
174 -128.417
175 -128.79
176 -128.953
177 -128.911
178 -128.797
179 -128.712
180 -128.616
181 -128.618
182 -128.518
183 -128.548
184 -128.696
185 -128.938
186 -129.119
187 -129.164
188 -129.079
189 -128.938
190 -128.744
191 -128.463
192 -128.063
193 -127.678
194 -127.463
195 -127.437
196 -127.694
197 -127.937
198 -128.112
199 -128.18
200 -128.097
201 -127.802
202 -127.551
203 -127.35
204 -127.216
205 -127.071
206 -127.106
207 -127.208
208 -127.352
209 -127.536
210 -127.793
211 -127.916
212 -127.841
213 -127.709
214 -127.543
215 -127.318
216 -126.999
217 -126.856
218 -126.917
219 -127.229
220 -127.633
221 -128.108
222 -128.489
223 -128.717
224 -128.742
225 -128.654
226 -128.459
227 -128.293
228 -128.113
229 -128.054
230 -128.118
231 -128.354
232 -128.549
233 -128.743
234 -128.783
235 -128.784
236 -128.648
237 -128.488
238 -128.309
239 -127.969
240 -127.551
241 -127.247
242 -127.248
243 -127.453
244 -127.685
245 -127.854
246 -127.916
247 -127.789
248 -127.611
249 -127.394
250 -127.249
251 -126.994
252 -126.845
253 -126.847
254 -126.976
255 -127.153
256 -127.36
257 -127.567
258 -127.669
259 -127.613
260 -127.464
261 -127.233
262 -126.93
263 -126.614
264 -126.447
265 -126.574
266 -126.881
267 -127.341
268 -127.842
269 -128.272
270 -128.42
271 -128.388
272 -128.319
273 -128.222
274 -128.119
275 -128.03
276 -127.934
277 -127.993
278 -128.178
279 -128.33
280 -128.543
281 -128.573
282 -128.534
283 -128.511
284 -128.4
285 -128.157
286 -127.826
287 -127.549
288 -127.547
289 -127.699
290 -128.051
291 -128.302
292 -128.492
293 -128.512
294 -128.26
295 -127.897
296 -127.618
297 -127.453
298 -127.245
299 -127.102
300 -127.109
301 -127.262
302 -127.504
303 -127.836
304 -128.053
305 -128.051
306 -127.915
307 -127.701
308 -127.502
309 -127.173
310 -126.862
311 -126.8
312 -127.048
313 -127.483
314 -128.018
315 -128.489
316 -128.772
317 -128.789
318 -128.746
319 -128.586
320 -128.426
321 -128.284
322 -128.174
323 -128.155
324 -128.206
325 -128.383
326 -128.552
327 -128.725
328 -128.783
329 -128.762
330 -128.557
331 -128.317
332 -127.971
333 -127.598
334 -127.3
335 -127.097
336 -127.187
337 -127.371
338 -127.556
339 -127.714
340 -127.787
341 -127.65
342 -127.481
343 -127.422
344 -127.367
345 -127.238
346 -127.138
347 -127.14
348 -127.16
349 -127.317
350 -127.488
351 -127.66
352 -127.618
353 -127.483
354 -127.352
355 -127.152
356 -126.848
357 -126.589
358 -126.58
359 -126.786
360 -127.23
361 -127.878
362 -128.441
363 -128.652
364 -128.7
365 -128.559
366 -128.405
367 -128.265
368 -128.155
369 -128.09
370 -128.125
371 -128.27
372 -128.581
373 -128.796
374 -128.925
375 -128.913
376 -128.822
377 -128.645
378 -128.355
379 -128.049
380 -127.732
381 -127.499
382 -127.333
383 -127.439
384 -127.576
385 -127.726
386 -127.871
387 -127.908
388 -127.775
389 -127.561
390 -127.353
391 -127.101
392 -126.856
393 -126.74
394 -126.878
395 -127.046
396 -127.255
397 -127.532
398 -127.672
399 -127.57
400 -127.364
401 -127.171
402 -126.827
403 -126.516
404 -126.353
405 -126.442
406 -126.714
407 -127.104
408 -127.651
409 -128.11
410 -128.276
411 -128.192
412 -128.035
413 -127.875
414 -127.841
415 -127.698
416 -127.655
417 -127.651
418 -127.83
419 -128.055
420 -128.241
421 -128.335
422 -128.359
423 -128.235
424 -127.977
425 -127.68
426 -127.34
427 -127.064
428 -126.839
429 -126.795
430 -126.923
431 -127.189
432 -127.382
433 -127.568
434 -127.535
435 -127.334
436 -127.097
437 -126.892
438 -126.673
439 -126.511
440 -126.543
441 -126.611
442 -126.811
443 -127.052
444 -127.334
445 -127.4
446 -127.313
447 -127.145
448 -126.971
449 -126.78
450 -126.456
451 -126.335
452 -126.453
453 -126.783
454 -127.265
455 -127.868
456 -128.268
457 -128.454
458 -128.33
459 -128.144
460 -128.007
461 -127.798
462 -127.716
463 -127.634
464 -127.76
465 -128.027
466 -128.272
467 -128.402
468 -128.41
469 -128.364
470 -128.221
471 -127.993
472 -127.692
473 -127.386
474 -127.026
475 -126.839
476 -126.798
477 -126.885
478 -126.98
479 -127.069
480 -127.146
481 -127.014
482 -126.824
483 -126.708
484 -126.662
485 -126.473
486 -126.39
487 -126.406
488 -126.453
489 -126.531
490 -126.714
491 -127.015
492 -127.052
493 -126.933
494 -126.74
495 -126.503
496 -126.171
497 -125.928
498 -125.827
499 -125.895
500 -126.238
501 -126.695
502 -127.254
503 -127.599
504 -127.744
505 -127.732
506 -127.619
507 -127.461
508 -127.259
509 -126.972
510 -126.708
511 -126.686
512 -126.734
513 -126.721
514 -126.561
515 -126.356
516 -126.103
517 -125.722
518 -125.21
519 -124.612
520 -123.923
521 -123.196
522 -122.709
523 -122.457
524 -122.36
525 -122.122
526 -121.763
527 -121.404
528 -120.788
529 -120.168
530 -119.565
531 -119.001
532 -118.294
533 -117.587
534 -117.017
535 -116.517
536 -116.103
537 -115.68
538 -115.294
539 -114.94
540 -114.722
541 -114.456
542 -114.065
543 -113.635
544 -113.186
545 -112.792
546 -112.374
547 -112.191
548 -112.024
549 -111.802
550 -111.626
551 -111.434
552 -111.261
553 -111.058
554 -110.913
555 -110.762
556 -110.69
557 -110.664
558 -110.69
559 -110.704
560 -110.552
561 -110.412
562 -110.122
563 -109.969
564 -109.864
565 -109.783
566 -109.71
567 -109.556
568 -109.406
569 -109.249
570 -109.161
571 -109.031
572 -108.963
573 -108.841
574 -108.131
575 -107.19
576 -106.671
577 -106.329
578 -105.996
579 -105.558
580 -104.955
581 -104.328
582 -103.937
583 -103.774
584 -103.807
585 -103.962
586 -104.106
587 -104.053
588 -103.801
589 -103.457
590 -103.079
591 -102.832
592 -102.804
593 -102.894
594 -102.999
595 -103.212
596 -103.277
597 -103.285
598 -103.279
599 -103.377
600 -103.546
601 -103.756
602 -104.106
603 -104.428
604 -104.806
605 -105.04
606 -105.408
607 -105.639
608 -105.978
609 -106.421
610 -106.91
611 -107.611
612 -108.308
613 -108.997
614 -109.549
615 -110.058
616 -110.562
617 -111.107
618 -111.565
619 -112.059
620 -112.599
621 -113.071
622 -113.543
623 -113.851
624 -114.143
625 -114.311
626 -114.429
627 -114.522
628 -114.603
629 -114.867
630 -115.268
631 -115.716
632 -115.995
633 -116.173
634 -116.085
635 -115.993
636 -115.903
637 -115.87
638 -116.021
639 -116.226
640 -116.447
641 -116.681
642 -117.011
643 -117.271
644 -117.499
645 -117.655
646 -117.73
647 -117.627
648 -117.326
649 -117.04
650 -116.713
651 -116.465
652 -116.237
653 -116.138
654 -116.124
655 -116.18
656 -116.137
657 -116.108
658 -115.989
659 -115.812
660 -115.76
661 -115.864
662 -116.182
663 -116.476
664 -116.821
665 -117.081
666 -117.279
667 -117.519
668 -117.763
669 -117.934
670 -118.044
671 -118.075
672 -118.004
673 -117.936
674 -117.708
675 -117.496
676 -117.348
677 -117.429
678 -117.832
679 -118.252
680 -118.531
681 -118.533
682 -118.413
683 -118.143
684 -117.924
685 -117.824
686 -117.998
687 -118.174
688 -118.37
689 -118.61
690 -118.811
691 -119.003
692 -119.155
693 -119.318
694 -119.227
695 -118.866
696 -118.427
697 -117.978
698 -117.588
699 -117.237
700 -117.032
701 -116.97
702 -116.93
703 -116.839
704 -116.772
705 -116.621
706 -116.42
707 -116.262
708 -116.288
709 -116.539
710 -116.921
711 -117.425
712 -117.725
713 -118.028
714 -118.239
715 -118.384
716 -118.39
717 -118.365
718 -118.277
719 -118.083
720 -117.944
721 -117.809
722 -117.743
723 -117.63
724 -117.677
725 -118.007
726 -118.399
727 -118.616
728 -118.665
729 -118.534
730 -118.274
731 -118.036
732 -117.972
733 -118.154
734 -118.375
735 -118.65
736 -118.906
737 -119.142
738 -119.308
739 -119.428
740 -119.52
741 -119.334
742 -118.96
743 -118.503
744 -118.072
745 -117.681
746 -117.486
747 -117.274
748 -117.233
749 -117.191
750 -117.191
751 -117.102
752 -116.929
753 -116.853
754 -116.773
755 -116.906
756 -117.161
757 -117.539
758 -117.801
759 -117.95
760 -118.085
761 -118.298
762 -118.445
763 -118.585
764 -118.701
765 -118.779
766 -118.701
767 -118.527
768 -118.417
769 -118.295
770 -118.206
771 -118.309
772 -118.66
773 -118.958
774 -119.136
775 -119.107
776 -118.912
777 -118.558
778 -118.351
779 -118.402
780 -118.591
781 -118.797
782 -119.05
783 -119.351
784 -119.539
785 -119.694
786 -119.79
787 -119.758
788 -119.527
789 -119.152
790 -118.711
791 -118.298
792 -117.869
793 -117.556
794 -117.307
795 -117.235
796 -117.238
797 -117.296
798 -117.206
799 -117.053
800 -116.878
801 -116.723
802 -116.787
803 -117.133
804 -117.53
805 -117.825
806 -118.049
807 -118.258
808 -118.453
809 -118.614
810 -118.704
811 -118.768
812 -118.72
813 -118.624
814 -118.5
815 -118.281
816 -118.149
817 -118.067
818 -118.184
819 -118.379
820 -118.667
821 -118.901
822 -119.015
823 -118.847
824 -118.577
825 -118.4
826 -118.475
827 -118.663
828 -118.929
829 -119.138
830 -119.322
831 -119.476
832 -119.638
833 -119.743
834 -119.722
835 -119.567
836 -119.2
837 -118.768
838 -118.366
839 -118.019
840 -117.743
841 -117.568
842 -117.581
843 -117.655
844 -117.681
845 -117.604
846 -117.439
847 -117.245
848 -117.145
849 -117.248
850 -117.598
851 -117.901
852 -118.087
853 -118.285
854 -118.502
855 -118.773
856 -118.917
857 -119.03
858 -119.013
859 -118.894
860 -118.742
861 -118.678
862 -118.461
863 -118.232
864 -118.112
865 -118.29
866 -118.606
867 -118.962
868 -119.192
869 -119.139
870 -118.88
871 -118.55
872 -118.403
873 -118.484
874 -118.693
875 -118.941
876 -119.159
877 -119.298
878 -119.486
879 -119.668
880 -119.758
881 -119.707
882 -119.447
883 -118.934
884 -118.495
885 -118.171
886 -117.942
887 -117.737
888 -117.596
889 -117.617
890 -117.59
891 -117.512
892 -117.395
893 -117.302
894 -117.155
895 -117.149
896 -117.336
897 -117.663
898 -117.977
899 -118.216
900 -118.387
901 -118.611
902 -118.811
903 -119.001
904 -119.01
905 -118.966
906 -118.888
907 -118.805
908 -118.667
909 -118.502
910 -118.299
911 -118.295
912 -118.499
913 -118.803
914 -119.125
915 -119.249
916 -119.215
917 -118.941
918 -118.719
919 -118.632
920 -118.768
921 -118.946
922 -119.195
923 -119.421
924 -119.664
925 -119.896
926 -120.1
927 -120.16
928 -120.03
929 -119.739
930 -119.314
931 -119
932 -118.652
933 -118.382
934 -118.065
935 -117.921
936 -117.806
937 -117.787
938 -117.706
939 -117.659
940 -117.526
941 -117.377
942 -117.339
943 -117.588
944 -117.946
945 -118.34
946 -118.615
947 -118.84
948 -118.972
949 -119.043
950 -119.136
951 -119.17
952 -119.117
953 -119.04
954 -118.923
955 -118.782
956 -118.639
957 -118.481
958 -118.433
959 -118.596
960 -118.912
961 -119.186
962 -119.36
963 -119.321
964 -119.126
965 -118.856
966 -118.813
967 -118.952
968 -119.084
969 -119.191
970 -119.412
971 -119.649
972 -119.876
973 -120.059
974 -120.147
975 -120.037
976 -119.67
977 -119.212
978 -118.814
979 -118.479
980 -118.19
981 -118.001
982 -118.028
983 -118.079
984 -118.108
985 -118.062
986 -117.913
987 -117.639
988 -117.53
989 -117.592
990 -117.899
991 -118.25
992 -118.575
993 -118.74
994 -118.859
995 -118.982
996 -119.085
997 -119.199
998 -119.24
999 -119.227
1000 -119.206
1001 -119.107
1002 -118.93
1003 -118.806
1004 -118.697
1005 -118.782
1006 -119.019
1007 -119.313
1008 -119.606
1009 -119.709
1010 -119.556
1011 -119.313
1012 -119.116
1013 -119.098
1014 -119.222
1015 -119.455
1016 -119.663
1017 -119.89
1018 -120.155
1019 -120.537
1020 -120.895
1021 -121.1
1022 -121.105
1023 -120.902
1024 -120.671
1025 -120.59
1026 -120.557
1027 -120.588
1028 -120.796
1029 -121.154
1030 -121.67
1031 -122.201
1032 -122.569
1033 -122.826
1034 -123.027
1035 -123.27
1036 -123.675
1037 -124.344
1038 -124.996
1039 -125.691
1040 -126.275
1041 -126.848
1042 -127.512
1043 -128.207
1044 -128.856
1045 -129.422
1046 -129.85
1047 -130.252
1048 -130.529
1049 -130.638
1050 -130.671
1051 -130.798
1052 -131.008
1053 -131.426
1054 -131.874
1055 -132.339
1056 -132.883
1057 -133.379
1058 -133.93
1059 -134.301
1060 -134.578
1061 -134.833
1062 -135.004
1063 -135.151
1064 -135.235
1065 -135.25
1066 -135.229
1067 -135.27
1068 -135.469
1069 -135.78
1070 -136.104
1071 -136.427
1072 -136.697
1073 -136.874
1074 -136.947
1075 -136.948
1076 -136.976
1077 -137.025
1078 -137.137
1079 -137.332
1080 -137.578
1081 -137.895
1082 -138.215
1083 -138.531
1084 -139.319
1085 -140.158
1086 -140.501
1087 -140.53
1088 -140.588
1089 -140.942
1090 -141.536
1091 -142.189
1092 -142.699
1093 -142.967
1094 -142.961
1095 -142.785
1096 -142.539
1097 -142.282
1098 -142.227
1099 -142.316
1100 -142.479
1101 -142.732
1102 -142.909
1103 -142.995
1104 -142.941
1105 -142.861
1106 -142.729
1107 -142.601
1108 -142.439
1109 -142.209
1110 -141.864
1111 -141.378
1112 -140.83
1113 -140.244
1114 -139.648
1115 -139.243
1116 -138.878
1117 -138.5
1118 -138.032
1119 -137.374
1120 -136.653
1121 -135.954
1122 -135.365
1123 -134.887
1124 -134.448
1125 -134.147
1126 -133.824
1127 -133.488
1128 -133.074
1129 -132.591
1130 -132.173
1131 -131.887
1132 -131.658
1133 -131.55
1134 -131.513
1135 -131.368
1136 -131.087
1137 -130.769
1138 -130.449
1139 -130.082
1140 -129.726
1141 -129.363
1142 -129.108
1143 -128.989
1144 -129.065
1145 -129.299
1146 -129.645
1147 -129.921
1148 -130.013
1149 -129.938
1150 -129.754
1151 -129.597
1152 -129.423
1153 -129.308
1154 -129.14
1155 -129.035
1156 -129
1157 -129.082
1158 -129.182
1159 -129.244
1160 -129.234
1161 -129.173
1162 -128.961
1163 -128.788
1164 -128.617
1165 -128.369
1166 -128.02
1167 -127.778
1168 -127.606
1169 -127.615
1170 -127.78
1171 -127.985
1172 -128.12
1173 -128.106
1174 -127.899
1175 -127.583
1176 -127.37
1177 -127.19
1178 -127.075
1179 -127.02
1180 -127.065
1181 -127.164
1182 -127.339
1183 -127.516
1184 -127.618
1185 -127.518
1186 -127.306
1187 -127.015
1188 -126.757
1189 -126.609
1190 -126.522
1191 -126.582
1192 -126.809
1193 -127.24
1194 -127.599
1195 -127.897
1196 -128.101
1197 -128.155
1198 -128.057
1199 -127.916
1200 -127.843
1201 -127.749
1202 -127.641
1203 -127.656
1204 -127.845
1205 -127.98
1206 -128.085
1207 -128.208
1208 -128.226
1209 -128.05
1210 -127.865
1211 -127.642
1212 -127.3
1213 -126.913
1214 -126.721
1215 -126.708
1216 -126.888
1217 -127.167
1218 -127.391
1219 -127.54
1220 -127.46
1221 -127.195
1222 -126.943
1223 -126.695
1224 -126.506
1225 -126.362
1226 -126.381
1227 -126.478
1228 -126.643
1229 -126.874
1230 -127.127
1231 -127.244
1232 -127.173
1233 -126.914
1234 -126.635
1235 -126.386
1236 -126.137
1237 -126.003
1238 -126.062
1239 -126.41
1240 -126.929
1241 -127.481
1242 -127.908
1243 -128.129
1244 -128.078
1245 -127.899
1246 -127.712
1247 -127.504
1248 -127.323
1249 -127.24
1250 -127.357
1251 -127.572
1252 -127.81
1253 -127.978
1254 -128.026
1255 -127.928
1256 -127.846
1257 -127.746
1258 -127.49
1259 -127.06
1260 -126.633
1261 -126.424
1262 -126.446
1263 -126.628
1264 -126.87
1265 -126.976
1266 -127.007
1267 -126.978
1268 -126.79
1269 -126.695
1270 -126.611
1271 -126.502
1272 -126.39
1273 -126.355
1274 -126.366
1275 -126.445
1276 -126.617
1277 -126.777
1278 -126.839
1279 -126.758
1280 -126.647
1281 -126.46
1282 -126.221
1283 -125.922
1284 -125.725
1285 -125.784
1286 -126.127
1287 -126.603
1288 -127.127
1289 -127.5
1290 -127.643
1291 -127.53
1292 -127.388
1293 -127.279
1294 -127.211
1295 -127.145
1296 -127.084
1297 -127.225
1298 -127.396
1299 -127.557
1300 -127.665
1301 -127.686
1302 -127.636
1303 -127.539
1304 -127.461
1305 -127.243
1306 -126.857
1307 -126.541
1308 -126.409
1309 -126.458
1310 -126.629
1311 -126.718
1312 -126.746
1313 -126.742
1314 -126.653
1315 -126.592
1316 -126.559
1317 -126.492
1318 -126.385
1319 -126.195
1320 -126.136
1321 -126.193
1322 -126.382
1323 -126.606
1324 -126.83
1325 -126.864
1326 -126.728
1327 -126.547
1328 -126.284
1329 -125.986
1330 -125.646
1331 -125.542
1332 -125.732
1333 -126.215
1334 -126.738
1335 -127.176
1336 -127.517
1337 -127.61
1338 -127.493
1339 -127.329
1340 -127.234
1341 -127.12
1342 -127.017
1343 -126.926
1344 -127.002
1345 -127.109
1346 -127.352
1347 -127.505
1348 -127.55
1349 -127.449
1350 -127.281
1351 -127.13
1352 -126.848
1353 -126.501
1354 -126.162
1355 -125.977
1356 -126.048
1357 -126.387
1358 -126.699
1359 -126.871
1360 -126.848
1361 -126.659
1362 -126.344
1363 -126.116
1364 -125.971
1365 -125.852
1366 -125.784
1367 -125.849
1368 -125.992
1369 -126.224
1370 -126.459
1371 -126.525
1372 -126.41
1373 -126.162
1374 -125.973
1375 -125.797
1376 -125.521
1377 -125.303
1378 -125.339
1379 -125.677
1380 -126.22
1381 -126.747
1382 -127.202
1383 -127.461
1384 -127.502
1385 -127.341
1386 -127.213
1387 -127.096
1388 -127.029
1389 -126.948
1390 -126.926
1391 -127.121
1392 -127.318
1393 -127.476
1394 -127.6
1395 -127.56
1396 -127.389
1397 -127.282
1398 -127.218
1399 -126.961
1400 -126.645
1401 -126.321
1402 -126.143
1403 -126.164
1404 -126.417
1405 -126.657
1406 -126.772
1407 -126.732
1408 -126.466
1409 -126.247
1410 -125.959
1411 -125.793
1412 -125.666
1413 -125.687
1414 -125.781
1415 -125.91
1416 -126.1
1417 -126.265
1418 -126.37
1419 -126.263
1420 -126.099
1421 -125.865
1422 -125.621
1423 -125.305
1424 -125.151
1425 -125.19
1426 -125.536
1427 -126.023
1428 -126.487
1429 -126.922
1430 -127.136
1431 -127.098
1432 -126.927
1433 -126.792
1434 -126.628
1435 -126.477
1436 -126.342
1437 -126.395
1438 -126.639
1439 -126.865
1440 -127.077
1441 -127.15
1442 -127.11
1443 -126.963
1444 -126.902
1445 -126.748
1446 -126.481
1447 -126.149
1448 -125.944
1449 -125.873
1450 -125.914
1451 -126.117
1452 -126.223
1453 -126.265
1454 -126.237
1455 -126.068
1456 -125.964
1457 -125.879
1458 -125.802
1459 -125.717
1460 -125.648
1461 -125.609
1462 -125.675
1463 -125.774
1464 -125.859
1465 -125.882
1466 -125.885
1467 -125.753
1468 -125.629
1469 -125.502
1470 -125.297
1471 -125.104
1472 -125.147
1473 -125.541
1474 -126.047
1475 -126.599
1476 -127.05
1477 -127.282
1478 -127.148
1479 -126.922
1480 -126.8
1481 -126.721
1482 -126.654
1483 -126.629
1484 -126.714
1485 -126.854
1486 -126.993
1487 -127.118
1488 -127.21
1489 -127.183
1490 -127.102
1491 -126.974
1492 -126.755
1493 -126.366
1494 -125.914
1495 -125.606
1496 -125.526
1497 -125.703
1498 -126.006
1499 -126.074
1500 -126.067
1501 -126.013
1502 -125.81
1503 -125.705
1504 -125.646
1505 -125.561
1506 -125.402
1507 -125.292
1508 -125.279
1509 -125.41
1510 -125.567
1511 -125.718
1512 -125.73
1513 -125.694
1514 -125.553
1515 -125.368
1516 -125.048
1517 -124.732
1518 -124.584
1519 -124.756
1520 -125.169
1521 -125.654
1522 -126.184
1523 -126.613
1524 -126.77
1525 -126.644
1526 -126.45
1527 -126.292
1528 -126.158
1529 -125.966
1530 -125.864
1531 -125.791
1532 -125.715
1533 -125.661
1534 -125.574
1535 -125.381
1536 -125.025
1537 -124.608
1538 -124.195
1539 -123.679
1540 -123.054
1541 -122.395
1542 -121.819
1543 -121.43
1544 -121.163
1545 -120.993
1546 -120.64
1547 -120.289
1548 -119.811
1549 -119.213
1550 -118.639
1551 -118.076
1552 -117.526
1553 -116.898
1554 -116.348
1555 -115.814
1556 -115.443
1557 -115.067
1558 -114.653
1559 -114.38
1560 -114.158
1561 -113.969
1562 -113.72
1563 -113.395
1564 -112.948
1565 -112.476
1566 -112.073
1567 -111.667
1568 -111.299
1569 -110.952
1570 -110.656
1571 -110.45
1572 -110.311
1573 -110.211
1574 -110.11
1575 -109.986
1576 -109.921
1577 -109.914
1578 -109.869
1579 -109.792
1580 -109.695
1581 -109.648
1582 -109.563
1583 -109.477
1584 -109.278
1585 -109.015
1586 -108.742
1587 -108.535
1588 -108.419
1589 -108.366
1590 -108.369
1591 -108.332
1592 -108.243
1593 -108.054
1594 -107.193
1595 -106.257
1596 -105.762
1597 -105.595
1598 -105.44
1599 -105.085
1600 -104.483
1601 -103.82
1602 -103.347
1603 -103.118
1604 -103.194
1605 -103.399
1606 -103.607
1607 -103.599
1608 -103.377
1609 -103.064
1610 -102.673
1611 -102.42
1612 -102.334
1613 -102.383
1614 -102.532
1615 -102.799
1616 -102.974
1617 -103.092
1618 -103.198
1619 -103.307
1620 -103.448
1621 -103.646
1622 -103.928
1623 -104.176
1624 -104.55
1625 -104.909
1626 -105.3
1627 -105.589
1628 -105.898
1629 -106.256
1630 -106.702
1631 -107.408
1632 -108.144
1633 -108.912
1634 -109.455
1635 -109.849
1636 -110.305
1637 -110.778
1638 -111.252
1639 -111.747
1640 -112.23
1641 -112.658
1642 -113.091
1643 -113.483
1644 -113.848
1645 -114.075
1646 -114.237
1647 -114.348
1648 -114.381
1649 -114.585
1650 -114.917
1651 -115.352
1652 -115.727
1653 -116.016
1654 -116.084
1655 -115.99
1656 -115.781
1657 -115.63
1658 -115.616
1659 -115.872
1660 -116.213
1661 -116.603
1662 -116.994
1663 -117.254
1664 -117.437
1665 -117.523
1666 -117.465
1667 -117.303
1668 -117.128
1669 -116.851
1670 -116.563
1671 -116.385
1672 -116.232
1673 -116.099
1674 -116.06
1675 -116.092
1676 -115.967
1677 -115.878
1678 -115.804
1679 -115.725
1680 -115.626
1681 -115.619
1682 -115.818
1683 -116.215
1684 -116.594
1685 -116.881
1686 -117.111
1687 -117.37
1688 -117.573
1689 -117.735
1690 -117.892
1691 -117.904
1692 -117.765
1693 -117.534
1694 -117.364
1695 -117.269
1696 -117.211
1697 -117.307
1698 -117.587
1699 -117.976
1700 -118.281
1701 -118.385
1702 -118.244
1703 -118.022
1704 -117.685
1705 -117.612
1706 -117.73
1707 -117.952
1708 -118.096
1709 -118.303
1710 -118.514
1711 -118.7
1712 -118.889
1713 -118.999
1714 -118.909
1715 -118.597
1716 -118.159
1717 -117.71
1718 -117.397
1719 -117.063
1720 -116.895
1721 -116.843
1722 -116.869
1723 -116.805
1724 -116.706
1725 -116.578
1726 -116.388
1727 -116.196
1728 -116.21
1729 -116.496
1730 -116.88
1731 -117.233
1732 -117.492
1733 -117.732
1734 -117.922
1735 -118.072
1736 -118.175
1737 -118.236
1738 -118.188
1739 -118
1740 -117.801
1741 -117.663
1742 -117.53
1743 -117.483
1744 -117.57
1745 -117.783
1746 -118.135
1747 -118.526
1748 -118.737
1749 -118.721
1750 -118.442
1751 -118.157
1752 -117.972
1753 -118.012
1754 -118.185
1755 -118.395
1756 -118.593
1757 -118.762
1758 -119.096
1759 -119.341
1760 -119.443
1761 -119.274
1762 -118.888
1763 -118.34
1764 -117.879
1765 -117.55
1766 -117.307
1767 -117.156
1768 -117.121
1769 -117.173
1770 -117.144
1771 -117.069
1772 -116.923
1773 -116.769
1774 -116.57
1775 -116.635
1776 -116.946
1777 -117.371
1778 -117.711
1779 -117.874
1780 -118.068
1781 -118.244
1782 -118.464
1783 -118.549
1784 -118.657
1785 -118.577
1786 -118.478
1787 -118.357
1788 -118.23
1789 -118.113
1790 -117.979
1791 -118.054
1792 -118.326
1793 -118.752
1794 -119.004
1795 -119.079
1796 -118.874
1797 -118.627
1798 -118.325
1799 -118.295
1800 -118.48
1801 -118.693
1802 -118.902
1803 -119.107
1804 -119.287
1805 -119.46
1806 -119.602
1807 -119.616
1808 -119.442
1809 -119.036
1810 -118.467
1811 -118.102
1812 -117.832
1813 -117.579
1814 -117.353
1815 -117.23
1816 -117.2
1817 -117.153
1818 -117.097
1819 -117.07
1820 -116.913
1821 -116.726
1822 -116.854
1823 -117.15
1824 -117.576
1825 -117.845
1826 -118.074
1827 -118.231
1828 -118.369
1829 -118.498
1830 -118.634
1831 -118.613
1832 -118.536
1833 -118.441
1834 -118.361
1835 -118.308
1836 -118.165
1837 -118.112
1838 -118.163
1839 -118.428
1840 -118.744
1841 -119.023
1842 -119.08
1843 -118.976
1844 -118.813
1845 -118.661
1846 -118.591
1847 -118.663
1848 -118.699
1849 -118.844
1850 -119.021
1851 -119.261
1852 -119.538
1853 -119.69
1854 -119.735
1855 -119.545
1856 -119.149
1857 -118.64
1858 -118.273
1859 -117.942
1860 -117.75
1861 -117.627
1862 -117.672
1863 -117.699
1864 -117.735
1865 -117.633
1866 -117.506
1867 -117.293
1868 -117.073
1869 -117.11
1870 -117.354
1871 -117.729
1872 -118.017
1873 -118.36
1874 -118.533
1875 -118.769
1876 -118.864
1877 -118.951
1878 -118.914
1879 -118.822
1880 -118.604
1881 -118.459
1882 -118.313
1883 -118.149
1884 -118.09
1885 -118.184
1886 -118.451
1887 -118.807
1888 -119.079
1889 -119.13
1890 -119.04
1891 -118.733
1892 -118.528
1893 -118.503
1894 -118.659
1895 -118.786
1896 -118.985
1897 -119.152
1898 -119.386
1899 -119.648
1900 -119.744
1901 -119.688
1902 -119.3
1903 -118.933
1904 -118.487
1905 -118.21
1906 -117.915
1907 -117.758
1908 -117.632
1909 -117.725
1910 -117.736
1911 -117.713
1912 -117.608
1913 -117.446
1914 -117.198
1915 -117.041
1916 -117.189
1917 -117.506
1918 -117.907
1919 -118.189
1920 -118.462
1921 -118.61
1922 -118.806
1923 -118.839
1924 -118.928
1925 -118.963
1926 -118.911
1927 -118.764
1928 -118.617
1929 -118.482
1930 -118.308
1931 -118.305
1932 -118.503
1933 -118.856
1934 -119.17
1935 -119.38
1936 -119.334
1937 -119.14
1938 -118.846
1939 -118.75
1940 -118.806
1941 -119.085
1942 -119.269
1943 -119.428
1944 -119.506
1945 -119.667
1946 -119.842
1947 -119.952
1948 -119.836
1949 -119.504
1950 -119.102
1951 -118.683
1952 -118.418
1953 -118.123
1954 -117.889
1955 -117.778
1956 -117.914
1957 -117.97
1958 -117.969
1959 -117.835
1960 -117.629
1961 -117.334
1962 -117.322
1963 -117.557
1964 -117.922
1965 -118.247
1966 -118.469
1967 -118.691
1968 -118.823
1969 -118.937
1970 -118.958
1971 -119.016
1972 -119
1973 -118.936
1974 -118.798
1975 -118.64
1976 -118.488
1977 -118.359
1978 -118.426
1979 -118.705
1980 -118.989
1981 -119.246
1982 -119.314
1983 -119.284
1984 -118.989
1985 -118.783
1986 -118.686
1987 -118.842
1988 -119.018
1989 -119.2
1990 -119.343
1991 -119.456
1992 -119.662
1993 -119.845
1994 -120.039
1995 -119.939
1996 -119.724
1997 -119.265
1998 -118.973
1999 -118.617
2000 -118.298
2001 -117.999
2002 -117.94
2003 -117.94
2004 -118.04
2005 -118.01
2006 -117.92
2007 -117.712
2008 -117.523
2009 -117.53
2010 -117.816
2011 -118.194
2012 -118.455
2013 -118.675
2014 -118.854
2015 -119.043
2016 -119.193
2017 -119.294
2018 -119.339
2019 -119.273
2020 -119.199
2021 -119.124
2022 -118.961
2023 -118.812
2024 -118.665
2025 -118.742
2026 -119.019
2027 -119.404
2028 -119.657
2029 -119.712
2030 -119.528
2031 -119.297
2032 -119.03
2033 -118.999
2034 -119.146
2035 -119.349
2036 -119.526
2037 -119.728
2038 -119.983
2039 -120.327
2040 -120.679
2041 -120.947
2042 -121.084
2043 -120.998
2044 -120.861
2045 -120.747
2046 -120.687
2047 -120.611
2048 -120.82
2049 -121.217
2050 -121.737
2051 -122.177
2052 -122.559
2053 -122.82
2054 -123.05
2055 -123.193
2056 -123.534
2057 -124.067
2058 -124.817
2059 -125.447
2060 -126.112
2061 -126.716
2062 -127.408
2063 -128.016
2064 -128.634
2065 -129.093
2066 -129.534
2067 -129.937
2068 -130.301
2069 -130.484
2070 -130.67
2071 -130.785
2072 -131.012
2073 -131.386
2074 -131.894
2075 -132.436
2076 -133.008
2077 -133.415
2078 -133.853
2079 -134.234
2080 -134.561
2081 -134.852
2082 -135.041
2083 -135.083
2084 -135.066
2085 -135.05
2086 -135.061
2087 -135.25
2088 -135.503
2089 -135.801
2090 -136.005
2091 -136.232
2092 -136.368
2093 -136.468
2094 -136.545
2095 -136.671
2096 -136.809
2097 -137.072
2098 -137.328
2099 -137.567
2100 -137.735
2101 -137.918
2102 -138.081
2103 -138.283
2104 -139.066
2105 -139.897
2106 -140.238
2107 -140.273
2108 -140.238
2109 -140.543
2110 -141.168
2111 -141.92
2112 -142.497
2113 -142.752
2114 -142.648
2115 -142.423
2116 -142.154
2117 -141.923
2118 -141.93
2119 -142.073
2120 -142.301
2121 -142.563
2122 -142.646
2123 -142.657
2124 -142.532
2125 -142.367
2126 -142.219
2127 -142.081
2128 -141.936
2129 -141.694
2130 -141.294
2131 -140.802
2132 -140.327
2133 -139.819
2134 -139.416
2135 -139.01
2136 -138.547
2137 -138.011
2138 -137.438
2139 -136.802
2140 -136.282
2141 -135.617
2142 -135.078
2143 -134.616
2144 -134.157
2145 -133.83
2146 -133.468
2147 -133.036
2148 -132.558
2149 -132.106
2150 -131.753
2151 -131.517
2152 -131.312
2153 -131.296
2154 -131.206
2155 -131.02
2156 -130.736
2157 -130.396
2158 -130.086
2159 -129.736
2160 -129.296
2161 -129.001
2162 -128.711
2163 -128.595
2164 -128.688
2165 -128.997
2166 -129.311
2167 -129.521
2168 -129.528
2169 -129.42
2170 -129.247
2171 -129.1
2172 -128.918
2173 -128.858
2174 -128.749
2175 -128.67
2176 -128.693
2177 -128.762
2178 -128.86
2179 -128.869
2180 -128.83
2181 -128.77
2182 -128.587
2183 -128.416
2184 -128.249
2185 -127.987
2186 -127.719
2187 -127.481
2188 -127.392
2189 -127.383
2190 -127.566
2191 -127.73
2192 -127.822
2193 -127.775
2194 -127.477
2195 -127.153
2196 -126.96
2197 -126.819
2198 -126.732
2199 -126.74
2200 -126.794
2201 -126.961
2202 -127.139
2203 -127.326
2204 -127.34
2205 -127.176
2206 -126.849
2207 -126.573
2208 -126.321
2209 -126.134
2210 -125.961
2211 -125.981
2212 -126.267
2213 -126.681
2214 -127.14
2215 -127.509
2216 -127.751
2217 -127.699
2218 -127.532
2219 -127.387
2220 -127.299
2221 -127.215
2222 -127.151
2223 -127.173
2224 -127.311
2225 -127.495
2226 -127.661
2227 -127.749
2228 -127.685
2229 -127.615
2230 -127.537
2231 -127.368
2232 -127.021
2233 -126.666
2234 -126.474
2235 -126.435
2236 -126.525
2237 -126.79
2238 -127.097
2239 -127.17
2240 -127.078
2241 -126.795
2242 -126.505
2243 -126.239
2244 -126.068
2245 -126.024
2246 -126.119
2247 -126.285
2248 -126.496
2249 -126.722
2250 -126.884
2251 -126.874
2252 -126.73
2253 -126.461
2254 -126.242
2255 -126.01
2256 -125.849
2257 -125.727
2258 -125.811
2259 -126.099
2260 -126.602
2261 -127.103
2262 -127.547
2263 -127.725
2264 -127.656
2265 -127.507
2266 -127.33
2267 -127.266
2268 -127.179
2269 -127.115
2270 -127.064
2271 -127.23
2272 -127.448
2273 -127.647
2274 -127.653
2275 -127.644
2276 -127.49
2277 -127.397
2278 -127.232
2279 -126.959
2280 -126.593
2281 -126.384
2282 -126.269
2283 -126.336
2284 -126.601
2285 -126.782
2286 -126.903
2287 -126.78
2288 -126.613
2289 -126.341
2290 -126.162
2291 -125.92
2292 -125.746
2293 -125.725
2294 -125.858
2295 -126.11
2296 -126.379
2297 -126.588
2298 -126.587
2299 -126.439
2300 -126.195
2301 -125.934
2302 -125.676
2303 -125.433
2304 -125.274
2305 -125.395
2306 -125.829
2307 -126.348
2308 -126.761
2309 -127.077
2310 -127.227
2311 -127.146
2312 -127.011
2313 -126.869
2314 -126.829
2315 -126.753
2316 -126.72
2317 -126.822
2318 -127.021
2319 -127.226
2320 -127.33
2321 -127.408
2322 -127.409
2323 -127.304
2324 -127.223
2325 -127.021
2326 -126.666
2327 -126.337
2328 -126.129
2329 -126.06
2330 -126.152
2331 -126.336
2332 -126.483
2333 -126.585
2334 -126.477
2335 -126.317
2336 -126.163
2337 -126.097
2338 -126.013
2339 -125.928
2340 -125.83
2341 -125.86
2342 -126.015
2343 -126.254
2344 -126.449
2345 -126.421
2346 -126.293
2347 -126.097
2348 -125.88
2349 -125.632
2350 -125.361
2351 -125.221
2352 -125.452
2353 -125.83
2354 -126.33
2355 -126.791
2356 -127.219
2357 -127.356
2358 -127.222
2359 -127.045
2360 -126.882
2361 -126.759
2362 -126.581
2363 -126.602
2364 -126.654
2365 -126.872
2366 -126.964
2367 -127.138
2368 -127.16
2369 -127.1
2370 -126.955
2371 -126.801
2372 -126.582
2373 -126.214
2374 -125.934
2375 -125.726
2376 -125.829
2377 -126.055
2378 -126.364
2379 -126.439
2380 -126.528
2381 -126.315
2382 -126.02
2383 -125.686
2384 -125.587
2385 -125.523
2386 -125.509
2387 -125.525
2388 -125.632
2389 -125.856
2390 -126.044
2391 -126.227
2392 -126.167
2393 -126.017
2394 -125.754
2395 -125.467
2396 -125.217
2397 -125.05
2398 -125.043
2399 -125.28
2400 -125.784
2401 -126.314
2402 -126.816
2403 -127.1
2404 -127.189
2405 -127.011
2406 -126.857
2407 -126.738
2408 -126.643
2409 -126.561
2410 -126.597
2411 -126.773
2412 -126.998
2413 -127.203
2414 -127.32
2415 -127.369
2416 -127.199
2417 -127.078
2418 -126.911
2419 -126.67
2420 -126.272
2421 -125.927
2422 -125.777
2423 -125.795
2424 -126.082
2425 -126.289
2426 -126.422
2427 -126.373
2428 -126.197
2429 -125.851
2430 -125.588
2431 -125.398
2432 -125.286
2433 -125.258
2434 -125.431
2435 -125.698
2436 -125.902
2437 -126.042
2438 -126.024
2439 -125.878
2440 -125.608
2441 -125.343
2442 -125.127
2443 -124.951
2444 -124.765
2445 -124.839
2446 -125.195
2447 -125.643
2448 -126.175
2449 -126.555
2450 -126.833
2451 -126.732
2452 -126.602
2453 -126.43
2454 -126.325
2455 -126.227
2456 -126.127
2457 -126.186
2458 -126.26
2459 -126.406
2460 -126.569
2461 -126.752
2462 -126.78
2463 -126.754
2464 -126.62
2465 -126.535
2466 -126.284
2467 -125.912
2468 -125.6
2469 -125.413
2470 -125.456
2471 -125.643
2472 -125.829
2473 -125.879
2474 -125.883
2475 -125.687
2476 -125.574
2477 -125.492
2478 -125.451
2479 -125.379
2480 -125.311
2481 -125.307
2482 -125.4
2483 -125.493
2484 -125.584
2485 -125.653
2486 -125.581
2487 -125.41
2488 -125.242
2489 -125.072
2490 -124.797
2491 -124.617
2492 -124.756
2493 -125.16
2494 -125.728
2495 -126.271
2496 -126.717
2497 -126.943
2498 -126.827
2499 -126.641
2500 -126.45
2501 -126.32
2502 -126.172
2503 -126.139
2504 -126.186
2505 -126.385
2506 -126.616
2507 -126.791
2508 -126.797
2509 -126.771
2510 -126.714
2511 -126.577
2512 -126.325
2513 -125.964
2514 -125.629
2515 -125.367
2516 -125.288
2517 -125.396
2518 -125.658
2519 -125.858
2520 -125.984
2521 -125.905
2522 -125.563
2523 -125.211
2524 -125.024
2525 -124.918
2526 -124.802
2527 -124.733
2528 -124.86
2529 -125.115
2530 -125.387
2531 -125.571
2532 -125.675
2533 -125.554
2534 -125.278
2535 -124.986
2536 -124.701
2537 -124.463
2538 -124.355
2539 -124.488
2540 -124.885
2541 -125.445
2542 -126.057
2543 -126.382
2544 -126.468
2545 -126.252
2546 -126.018
2547 -125.818
2548 -125.619
2549 -125.403
2550 -125.262
2551 -125.235
2552 -125.256
2553 -125.301
2554 -125.262
2555 -125.07
2556 -124.829
2557 -124.505
2558 -124.11
2559 -123.621
2560 -123.017
2561 -122.254
2562 -121.668
2563 -121.27
2564 -120.975
2565 -120.738
2566 -120.395
2567 -120.075
2568 -119.566
2569 -119.021
2570 -118.47
2571 -117.886
2572 -117.202
2573 -116.477
2574 -115.874
2575 -115.395
2576 -115.015
2577 -114.714
2578 -114.45
2579 -114.215
2580 -113.878
2581 -113.47
2582 -112.963
2583 -112.514
2584 -112.097
2585 -111.724
2586 -111.4
2587 -111.157
2588 -110.977
2589 -110.823
2590 -110.674
2591 -110.477
2592 -110.29
2593 -110.153
2594 -110.082
2595 -110.013
2596 -109.988
2597 -109.946
2598 -109.887
2599 -109.8
2600 -109.567
2601 -109.331
2602 -109.097
2603 -108.956
2604 -108.848
2605 -108.755
2606 -108.638
2607 -108.535
2608 -108.397
2609 -108.244
2610 -108.124
2611 -108
2612 -107.885
2613 -107.697
2614 -106.848
2615 -105.988
2616 -105.534
2617 -105.373
2618 -105.263
2619 -104.883
2620 -104.19
2621 -103.41
2622 -102.85
2623 -102.644
2624 -102.786
2625 -103.1
2626 -103.432
2627 -103.635
2628 -103.544
2629 -103.241
2630 -102.699
2631 -102.259
2632 -102.028
2633 -102.088
2634 -102.346
2635 -102.654
2636 -102.895
2637 -103.043
2638 -103.101
2639 -103.131
2640 -103.202
2641 -103.448
2642 -103.801
2643 -104.163
2644 -104.513
2645 -104.811
2646 -105.128
2647 -105.41
2648 -105.794
2649 -106.219
2650 -106.728
2651 -107.384
2652 -108.021
2653 -108.693
2654 -109.24
2655 -109.731
2656 -110.248
2657 -110.79
2658 -111.286
2659 -111.759
2660 -112.191
2661 -112.574
2662 -112.963
2663 -113.334
2664 -113.672
2665 -113.972
2666 -114.225
2667 -114.335
2668 -114.372
2669 -114.554
2670 -114.92
2671 -115.391
2672 -115.794
2673 -115.995
2674 -116.038
2675 -115.871
2676 -115.606
2677 -115.395
2678 -115.369
2679 -115.588
2680 -115.931
2681 -116.376
2682 -116.828
2683 -117.115
2684 -117.352
2685 -117.421
2686 -117.48
2687 -117.344
2688 -117.111
2689 -116.749
2690 -116.444
2691 -116.257
2692 -116.132
2693 -115.99
2694 -115.924
2695 -115.987
2696 -116.024
2697 -115.972
2698 -115.809
2699 -115.719
2700 -115.618
2701 -115.589
2702 -115.768
2703 -116.14
2704 -116.471
2705 -116.777
2706 -117.06
2707 -117.32
2708 -117.551
2709 -117.666
2710 -117.73
2711 -117.698
2712 -117.602
2713 -117.508
2714 -117.408
2715 -117.299
2716 -117.195
2717 -117.312
2718 -117.602
2719 -117.992
2720 -118.273
2721 -118.33
2722 -118.199
2723 -117.967
2724 -117.74
2725 -117.63
2726 -117.704
2727 -117.879
2728 -118.108
2729 -118.282
2730 -118.386
2731 -118.537
2732 -118.741
2733 -118.9
2734 -118.868
2735 -118.627
2736 -118.207
2737 -117.821
2738 -117.426
2739 -117.106
2740 -116.825
2741 -116.71
2742 -116.728
2743 -116.757
2744 -116.78
2745 -116.681
2746 -116.519
2747 -116.339
2748 -116.306
2749 -116.522
2750 -116.862
2751 -117.156
2752 -117.397
2753 -117.656
2754 -117.926
2755 -118.132
2756 -118.222
2757 -118.224
2758 -118.105
2759 -117.961
2760 -117.837
2761 -117.724
2762 -117.609
2763 -117.453
2764 -117.442
2765 -117.666
2766 -118.105
2767 -118.47
2768 -118.686
2769 -118.551
2770 -118.368
2771 -118.1
2772 -117.954
2773 -118.028
2774 -118.167
2775 -118.392
2776 -118.589
2777 -118.835
2778 -119.003
2779 -119.166
2780 -119.181
2781 -119.085
2782 -118.821
2783 -118.373
2784 -117.949
2785 -117.594
2786 -117.325
2787 -117.123
2788 -117.102
2789 -117.137
2790 -117.18
2791 -117.115
2792 -116.944
2793 -116.723
2794 -116.545
2795 -116.563
2796 -116.813
2797 -117.25
2798 -117.544
2799 -117.792
2800 -118.001
2801 -118.263
2802 -118.422
2803 -118.53
2804 -118.56
2805 -118.504
2806 -118.388
2807 -118.266
2808 -118.194
2809 -118.123
2810 -118.045
2811 -118.029
2812 -118.233
2813 -118.613
2814 -118.954
2815 -119.139
2816 -119.076
2817 -118.802
2818 -118.51
2819 -118.42
2820 -118.462
2821 -118.578
2822 -118.736
2823 -118.957
2824 -119.158
2825 -119.316
2826 -119.465
2827 -119.463
2828 -119.299
2829 -118.986
2830 -118.572
2831 -118.222
2832 -117.862
2833 -117.476
2834 -117.279
2835 -117.231
2836 -117.27
2837 -117.248
2838 -117.253
2839 -117.115
2840 -116.894
2841 -116.628
2842 -116.561
2843 -116.802
2844 -117.222
2845 -117.68
2846 -118.043
2847 -118.387
2848 -118.614
2849 -118.76
2850 -118.78
2851 -118.776
2852 -118.659
2853 -118.456
2854 -118.241
2855 -118.088
2856 -118.011
2857 -118.028
2858 -118.192
2859 -118.496
2860 -118.801
2861 -119.071
2862 -119.053
2863 -118.888
2864 -118.695
2865 -118.526
2866 -118.533
2867 -118.605
2868 -118.774
2869 -118.979
2870 -119.202
2871 -119.463
2872 -119.742
2873 -119.869
2874 -119.83
2875 -119.609
2876 -119.181
2877 -118.705
2878 -118.337
2879 -118.022
2880 -117.753
2881 -117.567
2882 -117.579
2883 -117.684
2884 -117.739
2885 -117.655
2886 -117.485
2887 -117.27
2888 -117.076
2889 -117.146
2890 -117.472
2891 -117.852
2892 -118.127
2893 -118.33
2894 -118.504
2895 -118.721
2896 -118.807
2897 -118.838
2898 -118.835
2899 -118.824
2900 -118.733
2901 -118.588
2902 -118.472
2903 -118.368
2904 -118.268
2905 -118.386
2906 -118.632
2907 -118.907
2908 -119.096
2909 -119.1
2910 -118.982
2911 -118.751
2912 -118.56
2913 -118.559
2914 -118.732
2915 -118.913
2916 -119.148
2917 -119.331
2918 -119.503
2919 -119.614
2920 -119.76
2921 -119.7
2922 -119.482
2923 -119.039
2924 -118.563
2925 -118.24
2926 -117.891
2927 -117.686
2928 -117.582
2929 -117.655
2930 -117.697
2931 -117.81
2932 -117.736
2933 -117.611
2934 -117.303
2935 -117.097
2936 -117.198
2937 -117.575
2938 -117.981
2939 -118.304
2940 -118.521
2941 -118.726
2942 -118.975
2943 -119.083
2944 -119.105
2945 -119.057
2946 -118.974
2947 -118.866
2948 -118.803
2949 -118.663
2950 -118.53
2951 -118.409
2952 -118.563
2953 -118.91
2954 -119.282
2955 -119.538
2956 -119.572
2957 -119.402
2958 -119.175
2959 -119.012
2960 -119.051
2961 -119.206
2962 -119.356
2963 -119.574
2964 -119.731
2965 -119.911
2966 -120.051
2967 -120.12
2968 -119.997
2969 -119.736
2970 -119.336
2971 -118.957
2972 -118.606
2973 -118.293
2974 -118.066
2975 -117.962
2976 -118.026
2977 -118.058
2978 -118.021
2979 -117.917
2980 -117.794
2981 -117.58
2982 -117.484
2983 -117.606
2984 -117.923
2985 -118.241
2986 -118.429
2987 -118.615
2988 -118.901
2989 -119.144
2990 -119.293
2991 -119.358
2992 -119.385
2993 -119.207
2994 -118.962
2995 -118.775
2996 -118.586
2997 -118.474
2998 -118.465
2999 -118.735
3000 -118.999
3001 -119.236
3002 -119.389
3003 -119.417
3004 -119.224
3005 -119.032
3006 -118.94
3007 -119.026
3008 -119.135
3009 -119.314
3010 -119.489
3011 -119.693
3012 -119.956
3013 -120.118
3014 -120.271
3015 -120.152
3016 -119.864
3017 -119.413
3018 -119.061
3019 -118.705
3020 -118.458
3021 -118.256
3022 -118.194
3023 -118.164
3024 -118.187
3025 -118.13
3026 -118.06
3027 -117.891
3028 -117.746
3029 -117.7
3030 -117.897
3031 -118.154
3032 -118.6
3033 -118.941
3034 -119.358
3035 -119.623
3036 -119.782
3037 -119.82
3038 -119.718
3039 -119.592
3040 -119.347
3041 -119.102
3042 -118.955
3043 -118.962
3044 -118.925
3045 -119.102
3046 -119.324
3047 -119.66
3048 -119.872
3049 -119.984
3050 -119.817
3051 -119.563
3052 -119.291
3053 -119.282
3054 -119.385
3055 -119.58
3056 -119.789
3057 -120.054
3058 -120.388
3059 -120.78
3060 -121.161
3061 -121.426
3062 -121.508
3063 -121.389
3064 -121.232
3065 -121.18
3066 -121.162
3067 -121.16
3068 -121.322
3069 -121.706
3070 -122.257
3071 -122.725
3072 -123.116
3073 -123.319
3074 -123.542
3075 -123.708
3076 -124.085
3077 -124.575
3078 -125.373
3079 -126.099
3080 -126.86
3081 -127.455
3082 -128.141
3083 -128.765
3084 -129.353
3085 -129.85
3086 -130.293
3087 -130.588
3088 -130.911
3089 -131.113
3090 -131.375
3091 -131.521
3092 -131.643
3093 -131.85
3094 -132.141
3095 -132.63
3096 -133.117
3097 -133.592
3098 -133.907
3099 -134.057
3100 -134.089
3101 -134.12
3102 -134.115
3103 -134.032
3104 -133.831
3105 -133.597
3106 -133.186
3107 -132.893
3108 -132.642
3109 -132.56
3110 -132.46
3111 -132.427
3112 -132.269
3113 -132.074
3114 -131.718
3115 -131.324
3116 -130.846
3117 -130.421
3118 -130.036
3119 -129.756
3120 -129.5
3121 -129.253
3122 -129.022
3123 -128.748
3124 -128.391
3125 -128.005
3126 -127.649
3127 -127.304
3128 -126.961
3129 -126.624
3130 -126.252
3131 -125.876
3132 -125.563
3133 -125.294
3134 -125.118
3135 -124.978
3136 -124.885
3137 -124.74
3138 -124.537
3139 -124.289
3140 -124.084
3141 -123.886
3142 -123.744
3143 -123.61
3144 -123.57
3145 -123.53
3146 -123.546
3147 -123.543
3148 -123.525
3149 -123.445
3150 -123.329
3151 -123.157
3152 -123.026
3153 -122.888
3154 -122.806
3155 -122.726
3156 -122.673
3157 -122.66
3158 -122.669
3159 -122.729
3160 -122.78
3161 -122.761
3162 -122.664
3163 -122.532
3164 -122.447
3165 -122.431
3166 -122.45
3167 -122.495
3168 -122.508
3169 -122.477
3170 -122.41
3171 -122.41
3172 -122.401
3173 -122.437
3174 -122.415
3175 -122.388
3176 -122.31
3177 -122.278
3178 -122.233
3179 -122.211
3180 -122.209
3181 -122.196
3182 -122.19
3183 -122.18
3184 -122.163
3185 -122.17
3186 -122.162
3187 -122.168
3188 -122.146
3189 -122.133
3190 -122.12
3191 -122.14
3192 -122.151
3193 -122.168
3194 -122.168
3195 -122.135
3196 -122.077
3197 -122.032
3198 -121.988
3199 -121.975
3200 -121.962
3201 -121.938
3202 -121.913
3203 -121.906
3204 -121.919
3205 -121.918
3206 -121.915
3207 -121.943
3208 -121.97
3209 -121.977
3210 -121.996
3211 -122
3212 -121.978
3213 -121.951
3214 -121.915
3215 -121.88
3216 -121.867
3217 -121.854
3218 -121.859
3219 -121.862
3220 -121.883
3221 -121.9
3222 -121.89
3223 -121.894
3224 -121.891
3225 -121.9
3226 -121.917
3227 -121.896
3228 -121.876
3229 -121.88
3230 -121.895
3231 -121.916
3232 -121.937
3233 -121.909
3234 -121.888
3235 -121.87
3236 -121.88
3237 -121.917
3238 -121.945
3239 -121.95
3240 -121.929
3241 -121.92
3242 -121.92
3243 -121.929
3244 -121.963
3245 -121.945
3246 -121.942
3247 -121.931
3248 -121.936
3249 -121.93
3250 -121.93
3251 -121.964
3252 -121.99
3253 -122.008
3254 -121.999
3255 -121.963
3256 -121.944
3257 -121.94
3258 -121.92
3259 -121.915
3260 -121.925
3261 -121.93
3262 -121.952
3263 -121.992
3264 -122.009
3265 -121.99
3266 -121.973
3267 -121.957
3268 -121.97
3269 -121.983
3270 -121.99
3271 -121.998
3272 -121.97
3273 -121.974
3274 -121.987
3275 -121.98
3276 -121.97
3277 -121.965
3278 -121.968
3279 -121.962
3280 -121.984
3281 -122.003
3282 -122
3283 -121.992
3284 -122
3285 -121.992
3286 -121.988
3287 -121.97
3288 -121.976
3289 -121.999
3290 -122.02
3291 -122.03
3292 -122.048
3293 -122.031
3294 -122.04
3295 -122.046
3296 -122.068
3297 -122.062
3298 -122.03
3299 -122.022
3300 -122.04
3301 -122.053
3302 -122.06
3303 -122.06
3304 -122.045
3305 -122.025
3306 -122.023
3307 -122.04
3308 -122.063
3309 -122.076
3310 -122.089
3311 -122.109
3312 -122.096
3313 -122.083
3314 -122.08
3315 -122.086
3316 -122.1
3317 -122.083
3318 -122.068
3319 -122.046
3320 -122.047
3321 -122.069
3322 -122.075
3323 -122.095
3324 -122.092
3325 -122.089
3326 -122.084
3327 -122.097
3328 -122.119
3329 -122.11
3330 -122.1
3331 -122.074
3332 -122.08
3333 -122.087
3334 -122.1
3335 -122.091
3336 -122.108
3337 -122.1
3338 -122.115
3339 -122.1
3340 -122.1
3341 -122.094
3342 -122.081
3343 -122.104
3344 -122.115
3345 -122.103
3346 -122.1
3347 -122.116
3348 -122.142
3349 -122.159
3350 -122.158
3351 -122.146
3352 -122.133
3353 -122.13
3354 -122.176
3355 -122.196
3356 -122.209
3357 -122.176
3358 -122.142
3359 -122.123
3360 -122.13
3361 -122.117
3362 -122.116
3363 -122.128
3364 -122.141
3365 -122.158
3366 -122.177
3367 -122.19
3368 -122.208
3369 -122.205
3370 -122.21
3371 -122.19
3372 -122.179
3373 -122.167
3374 -122.17
3375 -122.172
3376 -122.19
3377 -122.192
3378 -122.171
3379 -122.179
3380 -122.166
3381 -122.179
3382 -122.192
3383 -122.195
3384 -122.198
3385 -122.21
3386 -122.21
3387 -122.21
3388 -122.183
3389 -122.17
3390 -122.17
3391 -122.17
3392 -122.19
3393 -122.207
3394 -122.206
3395 -122.201
3396 -122.223
3397 -122.249
3398 -122.282
3399 -122.3
