0 -24.4884
1 -23.3047
2 -22.2175
3 -22.8561
4 -20.6538
5 -21.8786
6 -21.676
7 -23.1479
8 -21.146
9 -22.6375
10 -21.4264
11 -23.3172
12 -23.4167
13 -22.3564
14 -22.4339
15 -22.0198
16 -21.5161
17 -22.7935
18 -21.4769
19 -22.54
20 -21.9293
21 -21.4657
22 -23.9943
23 -22.6908
24 -22.9289
25 -22.1454
26 -23.3619
27 -21.4485
28 -21.8992
29 -23.0312
30 -20.492
31 -22.3498
32 -22.6683
33 -23.7708
34 -24.4504
35 -22.8011
36 -24.1168
37 -24.366
38 -23.8737
39 -25.9051
40 -24.0967
41 -25.8368
42 -26.9369
43 -25.4093
44 -26.7289
45 -28.2176
46 -26.6032
47 -28.7511
48 -29.8543
49 -29.6833
50 -29.4034
51 -30.3409
52 -30.6378
53 -30.5108
54 -32.0641
55 -31.8588
56 -33.0938
57 -34.4421
58 -34.6301
59 -35.4323
60 -36.3856
61 -36.3584
62 -35.7761
63 -35.7107
64 -37.1639
65 -38.2957
66 -38.8136
67 -39.2713
68 -40.1176
69 -41.4415
70 -40.0939
71 -40.2976
72 -40.3383
73 -41.2711
74 -42.1636
75 -42.8922
76 -43.4382
77 -43.395
78 -41.5917
79 -41.9899
80 -41.3256
81 -39.8545
82 -44.3698
83 -41.0224
84 -41.8893
85 -40.6859
86 -38.6178
87 -40.9142
88 -39.3084
89 -40.9949
90 -40.5042
91 -39.1499
92 -39.5955
93 -38.2452
94 -38.9389
95 -38.796
96 -35.5484
97 -38.2318
98 -37.4513
99 -35.3456
100 -37.7824
101 -35.7992
102 -36.0247
103 -33.9577
104 -34.2441
105 -34.1572
106 -33.7559
107 -33.4389
108 -33.651
109 -34.2381
110 -33.0658
111 -31.1235
112 -31.6956
113 -32.8516
114 -32.063
115 -31.4482
116 -31.2365
117 -29.9597
118 -30.3454
119 -30.3382
120 -29.4042
121 -29.892
122 -29.2822
123 -31.1663
124 -31.8004
125 -29.086
126 -30.3931
127 -32.0665
128 -29.0808
129 -31.4206
130 -31.2659
131 -30.2309
132 -30.9821
133 -31.7059
134 -32.1836
135 -31.714
136 -31.2759
137 -32.5963
138 -32.1294
139 -34.3275
140 -32.8911
141 -32.244
142 -31.2892
143 -30.3009
144 -29.7584
145 -29.6065
146 -31.5631
147 -29.3671
148 -31.395
149 -31.0222
150 -30.7847
151 -29.7967
152 -31.1192
153 -30.2232
154 -30.6935
155 -27.9231
156 -29.0023
157 -27.8714
158 -30.0799
159 -29.7827
160 -29.7978
161 -29.6464
162 -30.2889
163 -29.6796
164 -29.9051
165 -29.7345
166 -27.3595
167 -28.1474
168 -27.858
169 -29.1527
170 -28.0888
171 -28.4011
172 -29.0398
173 -29.3877
174 -29.7472
175 -30.967
176 -28.8723
177 -29.4853
178 -29.7951
179 -31.1213
180 -30.0513
181 -30.7966
182 -30.6411
183 -29.9371
184 -32.0298
185 -32.7534
186 -32.9773
187 -31.4075
188 -29.3179
189 -28.511
190 -29.5584
191 -29.0412
192 -28.3109
193 -28.869
194 -28.8983
195 -29.9253
196 -29.8787
197 -31.1467
198 -31.1831
199 -30.2858
200 -31.4938
201 -29.652
202 -30.391
203 -30.0125
204 -30.0454
205 -30.0784
206 -30.0932
207 -29.7182
208 -30.6156
209 -29.3539
210 -29.6583
211 -28.989
212 -29.3291
213 -28.8913
214 -28.4498
215 -27.9405
216 -28.0473
217 -26.3731
218 -27.9489
219 -28.8559
220 -29.7836
221 -31.4925
222 -31.4777
223 -30.6743
224 -30.9611
225 -30.4469
226 -30.9134
227 -30.6569
228 -31.6873
229 -30.9632
230 -31.8843
231 -30.9146
232 -31.2163
233 -31.5454
234 -32.6804
235 -29.0158
236 -31.3278
237 -31.0391
238 -29.2272
239 -28.6228
240 -29.4622
241 -29.1321
242 -31.5638
243 -30.3479
244 -30.7746
245 -30.6548
246 -29.3581
247 -31.7035
248 -30.6689
249 -29.094
250 -29.5068
251 -28.7673
252 -29.0846
253 -29.051
254 -29.4555
255 -28.9386
256 -30.6195
257 -29.1876
258 -29.5122
259 -28.9136
260 -27.8087
261 -29.7606
262 -28.2923
263 -29.6203
264 -28.3894
265 -27.7683
266 -28.8778
267 -29.8199
268 -30.6232
269 -30.6976
270 -30.0981
271 -29.8157
272 -30.7434
273 -29.7195
274 -30.8433
275 -29.166
276 -30.7169
277 -31.6716
278 -30.7083
279 -31.9377
280 -30.4797
281 -31.3086
282 -30.2437
283 -30.7982
284 -28.7306
285 -30.0938
286 -29.2618
287 -29.1062
288 -29.6775
289 -29.1526
290 -30.947
291 -31.029
292 -30.3614
293 -31.1591
294 -29.5808
295 -30.7928
296 -29.3086
297 -30.3561
298 -29.6525
299 -30.1736
300 -30.7442
301 -29.2203
302 -29.2707
303 -28.826
304 -28.4563
305 -28.2782
306 -28.0323
307 -30.1661
308 -30.0917
309 -29.3574
310 -27.1803
311 -28.8667
312 -28.5093
313 -28.9695
314 -29.3252
315 -31.8373
316 -30.7799
317 -29.238
318 -30.6855
319 -30.8099
320 -30.4795
321 -30.2997
322 -29.6789
323 -31.3645
324 -30.6888
325 -31.5348
326 -31.5916
327 -32.3693
328 -32.4941
329 -29.5386
330 -30.5361
331 -31.8023
332 -28.6423
333 -29.8348
334 -29.4342
335 -29.6315
336 -30.3044
337 -30.1837
338 -30.6416
339 -31.0207
340 -31.1364
341 -30.6838
342 -30.4085
343 -29.5608
344 -30.0634
345 -30.4918
346 -30.2473
347 -30.626
348 -29.771
349 -29.6212
350 -29.4137
351 -28.2049
352 -28.6143
353 -29.3521
354 -29.6747
355 -29.4286
356 -30.8754
357 -29.5512
358 -28.9361
359 -28.5111
360 -30.2151
361 -31.2336
362 -30.9677
363 -31.2137
364 -30.0092
365 -31.2671
366 -32.3296
367 -30.6653
368 -31.8074
369 -30.1506
370 -30.2366
371 -32.1048
372 -31.7752
373 -33.2442
374 -32.4829
375 -32.1274
376 -30.432
377 -29.7003
378 -28.6642
379 -28.7096
380 -30.1256
381 -29.6955
382 -31.2051
383 -30.0888
384 -30.7321
385 -32.3143
386 -32.1955
387 -31.3356
388 -30.5606
389 -30.0278
390 -30.173
391 -30.0977
392 -28.8208
393 -30.3344
394 -30.1327
395 -30.7791
396 -29.2996
397 -31.372
398 -29.8761
399 -29.634
400 -29.8776
401 -30.449
402 -29.1455
403 -29.3424
404 -28.7466
405 -28.8207
406 -28.5107
407 -29.395
408 -30.3895
409 -31.7524
410 -29.6596
411 -30.0379
412 -30.4891
413 -31.6638
414 -32.0163
415 -30.4017
416 -30.7975
417 -31.2202
418 -32.3076
419 -33.4025
420 -31.0258
421 -31.7113
422 -31.5159
423 -30.4342
424 -29.3256
425 -28.7536
426 -29.6335
427 -30.1494
428 -31.4436
429 -31.3509
430 -29.9825
431 -32.2805
432 -30.8245
433 -30.5629
434 -30.2072
435 -30.5765
436 -29.0279
437 -28.306
438 -29.4609
439 -27.9994
440 -30.0531
441 -30.3568
442 -28.1965
443 -29.8978
444 -29.4362
445 -28.3352
446 -29.1363
447 -28.1126
448 -28.644
449 -29.2348
450 -28.695
451 -28.9889
452 -28.2571
453 -27.6287
454 -29.4693
455 -29.5298
456 -32.0914
457 -29.812
458 -30.4019
459 -30.7101
460 -31.4888
461 -30.8538
462 -32.1619
463 -29.6441
464 -31.3634
465 -31.3004
466 -31.0635
467 -32.4071
468 -31.9117
469 -30.8563
470 -31.5816
471 -29.5904
472 -29.9941
473 -29.3637
474 -29.1759
475 -30.7024
476 -30.7507
477 -30.8756
478 -31.5184
479 -31.0702
480 -31.2401
481 -29.2836
482 -30.0899
483 -30.086
484 -28.9575
485 -29.8001
486 -29.1538
487 -29.2316
488 -32.0878
489 -30.0546
490 -30.3052
491 -28.4784
492 -30.2003
493 -29.1269
494 -28.9463
495 -29.398
496 -30.119
497 -30.2345
498 -28.5122
499 -28.7062
500 -30.7854
501 -29.991
502 -31.7593
503 -31.7799
504 -30.455
505 -30.6348
506 -29.3595
507 -30.222
508 -29.646
509 -32.4612
510 -30.5991
511 -30.7806
512 -29.7061
513 -29.1859
514 -30.3231
515 -29.3217
516 -28.5093
517 -27.842
518 -27.86
519 -26.6656
520 -27.0625
521 -25.1353
522 -25.9117
523 -24.8847
524 -24.3583
525 -26.0854
526 -24.3307
527 -24.4665
528 -24.1706
529 -22.6646
530 -21.3614
531 -22.3891
532 -21.1486
533 -20.4299
534 -20.9437
535 -18.721
536 -19.41
537 -18.0256
538 -19.9471
539 -17.1271
540 -16.5449
541 -15.5714
542 -16.771
543 -16.8689
544 -15.4023
545 -15.9522
546 -14.2911
547 -15.229
548 -15.6391
549 -14.4792
550 -14.3115
551 -15.0103
552 -14.5732
553 -14.0441
554 -14.5986
555 -14.8996
556 -15.2772
557 -11.1562
558 -12.5278
559 -10.9757
560 -13.8418
561 -13.0436
562 -12.3946
563 -14.5291
564 -13.0627
565 -12.112
566 -12.293
567 -10.8994
568 -12.9668
569 -11.4255
570 -10.5184
571 -11.1627
572 -10.5591
573 -8.65188
574 -10.6663
575 -8.97674
576 -9.13386
577 -9.05969
578 -7.99737
579 -6.25179
580 -7.73187
581 -4.37506
582 -5.19267
583 -5.71436
584 -5.65503
585 -4.84503
586 -4.83474
587 -4.46415
588 -4.58967
589 -5.14806
590 -6.09643
591 -6.96698
592 -4.93966
593 -6.07976
594 -4.94222
595 -5.94156
596 -5.92036
597 -5.41948
598 -6.82786
599 -7.56155
600 -7.00552
601 -8.78481
602 -9.57438
603 -8.9801
604 -10.8631
605 -9.45563
606 -11.1323
607 -11.6002
608 -12.5671
609 -13.082
610 -13.2265
611 -13.1162
612 -13.684
613 -15.1857
614 -15.7985
615 -15.4327
616 -15.6045
617 -15.6783
618 -16.7291
619 -16.8808
620 -18.2877
621 -18.188
622 -18.5126
623 -16.8185
624 -17.0667
625 -17.6073
626 -19.4824
627 -16.9332
628 -17.636
629 -17.4995
630 -18.2765
631 -19.294
632 -19.8262
633 -20.248
634 -19.1963
635 -20.5533
636 -19.8527
637 -19.8778
638 -19.6588
639 -18.6174
640 -19.7473
641 -20.3517
642 -20.768
643 -18.9203
644 -18.2948
645 -19.7053
646 -17.3351
647 -16.8225
648 -17.2146
649 -15.9466
650 -16.7071
651 -18.0442
652 -17.3572
653 -18.5342
654 -17.3962
655 -18.765
656 -18.7811
657 -19.9416
658 -20.9097
659 -19.2295
660 -21.1075
661 -21.984
662 -19.978
663 -20.4047
664 -20.8993
665 -20.3856
666 -20.372
667 -20.242
668 -22.2357
669 -20.8982
670 -20.5702
671 -19.6794
672 -20.8808
673 -19.7406
674 -20.1141
675 -20.5696
676 -19.0506
677 -20.3253
678 -20.4864
679 -21.5292
680 -21.3131
681 -21.4972
682 -21.8498
683 -20.5198
684 -20.9998
685 -19.5052
686 -20.6984
687 -21.1486
688 -20.3302
689 -19.4037
690 -20.2827
691 -20.6836
692 -17.9023
693 -19.602
694 -19.4195
695 -17.8878
696 -16.675
697 -17.4071
698 -17.3691
699 -17.9814
700 -17.9232
701 -18.2133
702 -18.559
703 -19.3549
704 -20.2239
705 -22.1288
706 -20.0901
707 -20.3641
708 -21.3982
709 -18.1391
710 -21.3038
711 -20.9603
712 -20.5579
713 -21.3899
714 -19.6437
715 -21.7165
716 -20.6233
717 -20.9933
718 -20.5353
719 -20.9318
720 -19.2599
721 -20.8132
722 -18.9359
723 -19.9262
724 -20.8366
725 -20.8163
726 -19.7414
727 -21.1992
728 -21.7343
729 -21.0453
730 -20.6275
731 -19.5383
732 -20.5813
733 -18.7141
734 -19.4368
735 -19.7626
736 -20.6425
737 -19.5687
738 -21.1751
739 -19.0784
740 -20.3677
741 -18.6373
742 -19.7043
743 -17.8889
744 -17.4562
745 -16.0819
746 -18.3635
747 -18.5095
748 -18.4999
749 -19.0014
750 -19.6368
751 -20.3278
752 -21.1387
753 -19.24
754 -20.3585
755 -21.4495
756 -21.3786
757 -21.27
758 -20.371
759 -20.7071
760 -19.8263
761 -21.2528
762 -20.1633
763 -18.9376
764 -21.3861
765 -20.7885
766 -20.7907
767 -19.728
768 -19.0759
769 -20.815
770 -20.1334
771 -19.916
772 -21.1724
773 -21.0315
774 -22.0709
775 -21.2129
776 -21.8272
777 -21.1086
778 -20.4316
779 -19.5635
780 -18.6117
781 -20.7669
782 -19.922
783 -19.5193
784 -18.9685
785 -19.9935
786 -18.5242
787 -19.3875
788 -18.9787
789 -17.2509
790 -17.989
791 -17.952
792 -17.8399
793 -17.1143
794 -18.317
795 -17.586
796 -17.7341
797 -19.0916
798 -20.4169
799 -19.336
800 -19.3261
801 -21.0476
802 -20.3783
803 -20.3287
804 -20.3916
805 -21.4419
806 -20.2578
807 -20.2394
808 -20.7169
809 -18.724
810 -19.5829
811 -20.0758
812 -21.531
813 -19.6634
814 -20.549
815 -20.8138
816 -18.7957
817 -19.7125
818 -19.8375
819 -20.4118
820 -18.8768
821 -18.3982
822 -18.8567
823 -19.2141
824 -20.6063
825 -20.016
826 -21.4749
827 -21.0945
828 -20.6446
829 -19.6059
830 -19.1411
831 -18.2109
832 -20.0895
833 -19.9643
834 -18.9413
835 -18.2017
836 -18.83
837 -16.9219
838 -17.8963
839 -17.4656
840 -18.2427
841 -19.147
842 -18.8624
843 -18.9245
844 -19.3913
845 -20.3864
846 -20.7066
847 -20.6226
848 -19.2336
849 -18.4639
850 -19.1746
851 -20.2426
852 -18.3427
853 -20.2785
854 -21.255
855 -20.8943
856 -18.5692
857 -21.2033
858 -20.5447
859 -21.0023
860 -20.3847
861 -19.5783
862 -18.4891
863 -20.4476
864 -19.1922
865 -20.5156
866 -20.2326
867 -20.0506
868 -20.4293
869 -19.7491
870 -20.0494
871 -20.5471
872 -20.6584
873 -19.0781
874 -19.5967
875 -20.1247
876 -20.74
877 -20.2562
878 -18.9133
879 -19.1539
880 -18.6535
881 -19.8775
882 -18.7328
883 -16.7875
884 -19.4142
885 -16.9704
886 -17.4289
887 -16.4502
888 -19.0475
889 -19.021
890 -19.2048
891 -19.2295
892 -20.4663
893 -18.7209
894 -17.2481
895 -20.6911
896 -20.0469
897 -19.8622
898 -21.4129
899 -21.3887
900 -20.794
901 -21.4055
902 -19.6144
903 -20.3995
904 -19.6848
905 -21.4303
906 -20.1648
907 -20.3617
908 -19.7946
909 -19.2937
910 -19.0905
911 -20.0437
912 -19.7075
913 -20.2044
914 -20.6255
915 -18.9476
916 -19.1065
917 -21.1428
918 -18.9579
919 -18.2829
920 -20.6894
921 -19.7936
922 -18.6147
923 -17.9189
924 -20.1093
925 -19.9118
926 -20.555
927 -19.2931
928 -18.919
929 -18.207
930 -18.0202
931 -17.7173
932 -17.3046
933 -16.1982
934 -17.8586
935 -17.8991
936 -19.1131
937 -18.6196
938 -19.0407
939 -19.9411
940 -18.8754
941 -20.826
942 -20.7677
943 -19.9965
944 -20.02
945 -19.165
946 -20.9344
947 -19.777
948 -20.2773
949 -20.1293
950 -19.9656
951 -19.5651
952 -19.6731
953 -21.0006
954 -20.1982
955 -18.2101
956 -19.1817
957 -19.5915
958 -17.9432
959 -20.0025
960 -20.3814
961 -21.4321
962 -17.9409
963 -20.6706
964 -19.7124
965 -20.1853
966 -19.2321
967 -19.5536
968 -18.5429
969 -18.7364
970 -20.4064
971 -18.7671
972 -18.3899
973 -19.6079
974 -18.0649
975 -17.8852
976 -16.3442
977 -19.1043
978 -17.2838
979 -17.2443
980 -17.7471
981 -18.034
982 -18.2812
983 -18.3566
984 -17.6444
985 -19.2566
986 -19.1517
987 -19.6092
988 -18.9394
989 -19.6524
990 -17.2612
991 -20.7593
992 -19.1894
993 -18.5604
994 -19.393
995 -21.9144
996 -20.5226
997 -18.4536
998 -20.8192
999 -21.6696
1000 -19.6959
1001 -20.226
1002 -19.3506
1003 -18.443
1004 -18.9558
1005 -18.0652
1006 -19.3065
1007 -20.4655
1008 -19.9547
1009 -19.3163
1010 -19.9251
1011 -19.8741
1012 -18.4939
1013 -18.7599
1014 -17.8928
1015 -20.2308
1016 -18.3785
1017 -18.1345
1018 -21.2377
1019 -21.2559
1020 -20.2863
1021 -18.2681
1022 -20.0003
1023 -20.7977
1024 -20.0467
1025 -19.5319
1026 -19.8341
1027 -20.187
1028 -21.782
1029 -21.7494
1030 -23.3882
1031 -23.2225
1032 -22.8933
1033 -23.3685
1034 -25.3366
1035 -25.0364
1036 -25.1675
1037 -27.4998
1038 -27.6359
1039 -27.631
1040 -28.1406
1041 -28.2592
1042 -29.2491
1043 -30.9146
1044 -29.0557
1045 -30.5733
1046 -30.7229
1047 -33.1127
1048 -32.1367
1049 -31.2506
1050 -32.7691
1051 -31.3671
1052 -33.0375
1053 -32.0916
1054 -34.0389
1055 -32.0324
1056 -32.9752
1057 -34.443
1058 -34.0355
1059 -33.5274
1060 -33.6829
1061 -34.1166
1062 -35.2628
1063 -35.2594
1064 -34.9681
1065 -37.3166
1066 -34.7975
1067 -35.7046
1068 -37.356
1069 -36.605
1070 -37.0021
1071 -37.3997
1072 -38.3715
1073 -37.4385
1074 -37.0485
1075 -36.3359
1076 -38.0346
1077 -38.649
1078 -37.5152
1079 -37.1201
1080 -37.4982
1081 -39.1402
1082 -39.4628
1083 -39.0946
1084 -39.478
1085 -40.6667
1086 -39.8722
1087 -40.9251
1088 -41.3048
1089 -41.9269
1090 -42.5436
1091 -42.1192
1092 -41.9499
1093 -41.5205
1094 -42.9379
1095 -42.2586
1096 -42.8756
1097 -43.5362
1098 -42.1298
1099 -43.7112
1100 -44.0883
1101 -41.0318
1102 -42.5468
1103 -42.7646
1104 -42.9331
1105 -42.2618
1106 -42.3862
1107 -40.8768
1108 -39.1587
1109 -39.7427
1110 -39.5545
1111 -40.2573
1112 -40.0986
1113 -39.2624
1114 -39.0828
1115 -40.0054
1116 -38.2307
1117 -37.3865
1118 -35.3601
1119 -37.5447
1120 -36.0927
1121 -36.3205
1122 -35.2886
1123 -34.6683
1124 -33.94
1125 -33.8823
1126 -32.3599
1127 -33.2913
1128 -32.0461
1129 -31.4512
1130 -29.6759
1131 -30.3875
1132 -30.2044
1133 -32.5896
1134 -30.7669
1135 -30.6402
1136 -30.4701
1137 -31.0837
1138 -31.4034
1139 -29.1157
1140 -30.4059
1141 -28.7311
1142 -28.3106
1143 -26.7894
1144 -28.2804
1145 -28.7273
1146 -29.0742
1147 -29.2305
1148 -32.5056
1149 -31.4388
1150 -30.3139
1151 -28.1975
1152 -29.8536
1153 -28.8992
1154 -28.3542
1155 -30.067
1156 -28.9725
1157 -31.0165
1158 -30.849
1159 -30.5546
1160 -29.4977
1161 -30.5322
1162 -29.5728
1163 -29.0915
1164 -28.1428
1165 -29.4558
1166 -30.2941
1167 -28.7455
1168 -28.2824
1169 -30.3873
1170 -29.4064
1171 -30.0543
1172 -29.1456
1173 -28.6682
1174 -28.7501
1175 -27.5994
1176 -29.5814
1177 -29.243
1178 -28.8143
1179 -28.0088
1180 -28.99
1181 -27.9587
1182 -27.7059
1183 -27.7841
1184 -27.8364
1185 -27.7711
1186 -28.2928
1187 -27.252
1188 -27.0506
1189 -27.0745
1190 -27.3184
1191 -27.079
1192 -26.618
1193 -26.923
1194 -29.238
1195 -28.132
1196 -28.6221
1197 -28.9107
1198 -29.3673
1199 -28.5986
1200 -29.6649
1201 -29.3229
1202 -29.3519
1203 -29.4514
1204 -29.4074
1205 -30.4217
1206 -30.5406
1207 -31.7824
1208 -30.8346
1209 -29.7787
1210 -28.6601
1211 -28.364
1212 -28.6803
1213 -28.8853
1214 -27.8515
1215 -27.1629
1216 -27.9966
1217 -28.4382
1218 -29.0311
1219 -30.1046
1220 -28.9682
1221 -29.9704
1222 -28.3644
1223 -28.3338
1224 -27.748
1225 -27.028
1226 -27.203
1227 -28.1868
1228 -28.5445
1229 -28.0258
1230 -28.7566
1231 -27.8733
1232 -28.348
1233 -28.4609
1234 -27.3554
1235 -26.5188
1236 -26.4629
1237 -26.5783
1238 -27.6379
1239 -26.1579
1240 -27.8119
1241 -28.3562
1242 -28.1795
1243 -28.7623
1244 -29.8484
1245 -29.7445
1246 -29.3721
1247 -28.385
1248 -28.6879
1249 -28.7221
1250 -29.5356
1251 -29.7298
1252 -30.1475
1253 -30.7361
1254 -30.1779
1255 -29.8525
1256 -30.1719
1257 -29.4593
1258 -28.3526
1259 -28.09
1260 -28.5162
1261 -30.5961
1262 -28.255
1263 -27.5895
1264 -29.5093
1265 -28.326
1266 -29.4664
1267 -29.2051
1268 -29.7523
1269 -30.0381
1270 -29.1403
1271 -27.2819
1272 -28.2381
1273 -26.8515
1274 -27.8461
1275 -29.0962
1276 -29.2688
1277 -27.7237
1278 -28.3514
1279 -29.4335
1280 -29.0065
1281 -26.5144
1282 -27.8464
1283 -26.6577
1284 -26.917
1285 -28.0074
1286 -25.7458
1287 -27.2934
1288 -27.6052
1289 -28.56
1290 -27.2051
1291 -28.0505
1292 -30.045
1293 -29.5614
1294 -28.8902
1295 -30.2065
1296 -29.1945
1297 -29.2557
1298 -28.8986
1299 -29.9595
1300 -29.3941
1301 -30.7562
1302 -30.4211
1303 -29.0952
1304 -27.698
1305 -29.164
1306 -28.9103
1307 -29.2292
1308 -29.5195
1309 -29.52
1310 -28.0628
1311 -29.6848
1312 -29.2569
1313 -29.0114
1314 -28.9661
1315 -27.8513
1316 -28.1636
1317 -27.1948
1318 -28.446
1319 -26.6855
1320 -28.9738
1321 -28.607
1322 -29.4472
1323 -28.9995
1324 -28.1308
1325 -27.5561
1326 -26.7602
1327 -26.6664
1328 -28.0125
1329 -26.8603
1330 -26.9996
1331 -27.3349
1332 -25.332
1333 -27.9043
1334 -28.8735
1335 -27.7727
1336 -27.8585
1337 -28.2417
1338 -29.6441
1339 -31.3341
1340 -29.5774
1341 -28.8562
1342 -28.7264
1343 -28.6443
1344 -29.8657
1345 -29.6987
1346 -30.4835
1347 -28.7685
1348 -28.4941
1349 -28.3906
1350 -31.0838
1351 -29.3718
1352 -28.7498
1353 -28.5171
1354 -29.2568
1355 -29.8615
1356 -29.0556
1357 -29.0595
1358 -31.1394
1359 -28.2232
1360 -28.1157
1361 -30.2792
1362 -29.1886
1363 -29.7141
1364 -27.9685
1365 -26.7117
1366 -27.1582
1367 -28.4876
1368 -29.1133
1369 -27.3029
1370 -28.8772
1371 -27.4134
1372 -28.8164
1373 -28.208
1374 -26.1771
1375 -25.8528
1376 -27.2243
1377 -27.4131
1378 -25.9517
1379 -26.1911
1380 -26.7532
1381 -26.6515
1382 -28.9527
1383 -28.9749
1384 -29.7079
1385 -29.0572
1386 -29.2039
1387 -28.8084
1388 -29.492
1389 -30.9029
1390 -30.4558
1391 -30.5459
1392 -29.0526
1393 -30.8267
1394 -29.5438
1395 -30.1464
1396 -30.2791
1397 -31.0522
1398 -31.0376
1399 -29.1738
1400 -30.0518
1401 -28.1761
1402 -27.5694
1403 -28.3479
1404 -30.3107
1405 -31.671
1406 -30.5593
1407 -30.0213
1408 -29.9104
1409 -29.7874
1410 -29.9033
1411 -29.5089
1412 -28.3984
1413 -28.3242
1414 -27.6863
1415 -26.9787
1416 -28.3136
1417 -30.2614
1418 -28.4951
1419 -28.2051
1420 -26.9658
1421 -26.9342
1422 -29.0103
1423 -28.089
1424 -26.9105
1425 -27.5568
1426 -28.1817
1427 -29.5694
1428 -28.2357
1429 -30.7364
1430 -31.0243
1431 -29.792
1432 -29.8365
1433 -27.7441
1434 -28.1743
1435 -28.9133
1436 -28.795
1437 -28.5715
1438 -30.1698
1439 -30.3617
1440 -30.2207
1441 -30.876
1442 -29.1916
1443 -30.0746
1444 -30.1381
1445 -28.8008
1446 -27.9613
1447 -28.7269
1448 -27.9546
1449 -28.733
1450 -29.6117
1451 -31.2512
1452 -30.8713
1453 -29.7307
1454 -29.7834
1455 -29.1537
1456 -29.1003
1457 -28.6534
1458 -27.8002
1459 -28.1663
1460 -30.0288
1461 -26.5841
1462 -27.6392
1463 -27.475
1464 -26.6908
1465 -27.9722
1466 -28.7192
1467 -28.9587
1468 -26.8897
1469 -27.5973
1470 -28.2998
1471 -25.5579
1472 -26.5507
1473 -25.8172
1474 -26.444
1475 -27.8741
1476 -29.6891
1477 -28.858
1478 -27.9283
1479 -31.1179
1480 -29.6451
1481 -29.1708
1482 -28.0416
1483 -27.8721
1484 -29.5574
1485 -31.3137
1486 -28.8259
1487 -30.7101
1488 -30.2942
1489 -28.8141
1490 -28.6602
1491 -29.1683
1492 -29.9709
1493 -30.2077
1494 -29.0508
1495 -29.672
1496 -29.1974
1497 -28.4497
1498 -29.7727
1499 -30.6632
1500 -31.3165
1501 -29.9514
1502 -29.3692
1503 -28.6347
1504 -28.4784
1505 -28.3339
1506 -30.1123
1507 -29.1427
1508 -29.469
1509 -28.3487
1510 -29.2572
1511 -29.3056
1512 -28.8053
1513 -28.8163
1514 -26.2854
1515 -28.0235
1516 -27.59
1517 -26.9699
1518 -26.635
1519 -26.7042
1520 -27.0219
1521 -26.6099
1522 -28.0906
1523 -29.18
1524 -28.4961
1525 -27.5896
1526 -29.7008
1527 -28.4553
1528 -28.9781
1529 -28.9161
1530 -28.0287
1531 -29.179
1532 -27.4466
1533 -29.7288
1534 -30.3828
1535 -30.4787
1536 -28.2277
1537 -27.2248
1538 -28.2138
1539 -25.6738
1540 -26.6041
1541 -25.74
1542 -24.6653
1543 -24.5054
1544 -24.8407
1545 -23.5747
1546 -24.6445
1547 -23.361
1548 -22.7413
1549 -22.2265
1550 -21.1569
1551 -21.495
1552 -19.3306
1553 -19.4098
1554 -19.0932
1555 -17.7106
1556 -18.2882
1557 -17.5676
1558 -16.3567
1559 -16.5669
1560 -16.4791
1561 -15.4697
1562 -15.4776
1563 -14.6127
1564 -16.5067
1565 -15.3373
1566 -14.276
1567 -14.9662
1568 -13.9559
1569 -14.2583
1570 -12.7719
1571 -13.8038
1572 -12.2559
1573 -12.1764
1574 -12.1637
1575 -12.5895
1576 -12.2587
1577 -13.968
1578 -13.23
1579 -13.7589
1580 -13.1875
1581 -12.0986
1582 -11.8855
1583 -11.714
1584 -11.4162
1585 -11.593
1586 -11.0478
1587 -11.6014
1588 -11.0821
1589 -12.0513
1590 -11.4961
1591 -10.5218
1592 -10.002
1593 -8.26288
1594 -9.83795
1595 -9.20505
1596 -8.5292
1597 -7.27074
1598 -6.96603
1599 -5.23677
1600 -3.83354
1601 -5.42851
1602 -5.40444
1603 -4.6222
1604 -5.31539
1605 -5.13321
1606 -5.629
1607 -5.11375
1608 -4.84261
1609 -3.10369
1610 -3.64926
1611 -4.59873
1612 -3.87618
1613 -4.39218
1614 -5.29971
1615 -4.46827
1616 -5.95085
1617 -5.32133
1618 -3.83857
1619 -6.53425
1620 -4.92126
1621 -6.67903
1622 -7.77126
1623 -7.92215
1624 -10.8517
1625 -10.241
1626 -11.077
1627 -10.4916
1628 -11.3123
1629 -11.3269
1630 -12.2686
1631 -12.5449
1632 -12.6655
1633 -12.2998
1634 -13.8946
1635 -13.0056
1636 -14.987
1637 -15.6251
1638 -16.608
1639 -14.2497
1640 -17.4632
1641 -17.4256
1642 -18.1902
1643 -16.828
1644 -14.933
1645 -17.8615
1646 -16.8669
1647 -16.7863
1648 -17.4852
1649 -17.0354
1650 -18.3255
1651 -17.1486
1652 -17.4857
1653 -19.3271
1654 -17.6554
1655 -17.9612
1656 -18.1913
1657 -18.331
1658 -18.0663
1659 -19.2777
1660 -18.1427
1661 -19.9428
1662 -19.3475
1663 -20.575
1664 -16.4432
1665 -18.0946
1666 -18.9754
1667 -19.2885
1668 -17.9887
1669 -17.4288
1670 -18.143
1671 -16.969
1672 -16.3534
1673 -16.7036
1674 -17.8552
1675 -19.7791
1676 -18.2477
1677 -18.3683
1678 -19.7651
1679 -19.4418
1680 -19.3664
1681 -19.6166
1682 -19.5995
1683 -19.8069
1684 -21.0005
1685 -20.8442
1686 -20.4318
1687 -19.3226
1688 -20.1896
1689 -19.9127
1690 -20.5358
1691 -20.9524
1692 -20.3679
1693 -18.9163
1694 -19.8309
1695 -18.8874
1696 -20.7352
1697 -20.0267
1698 -19.8712
1699 -19.6953
1700 -20.0967
1701 -20.6811
1702 -20.6706
1703 -19.1864
1704 -20.2668
1705 -20.1265
1706 -20.9416
1707 -18.5
1708 -21.1409
1709 -19.6432
1710 -18.6163
1711 -20.45
1712 -19.7269
1713 -19.9241
1714 -17.8937
1715 -18.4095
1716 -18.864
1717 -17.4735
1718 -17.5189
1719 -16.3416
1720 -17.6887
1721 -18.2099
1722 -16.4701
1723 -18.334
1724 -17.5747
1725 -21.2115
1726 -19.9178
1727 -19.9938
1728 -18.686
1729 -18.9404
1730 -20.3162
1731 -19.2049
1732 -20.5783
1733 -19.4917
1734 -19.4539
1735 -20.9958
1736 -20.3209
1737 -21.0299
1738 -20.5356
1739 -19.6767
1740 -20.0816
1741 -19.5594
1742 -19.9334
1743 -19.7902
1744 -18.4358
1745 -18.7896
1746 -18.1352
1747 -20.2555
1748 -19.4684
1749 -19.4055
1750 -19.3747
1751 -19.5902
1752 -20.4579
1753 -21.3326
1754 -19.1278
1755 -18.6602
1756 -19.8909
1757 -18.8296
1758 -19.2338
1759 -20.0112
1760 -19.6549
1761 -18.7154
1762 -18.6749
1763 -19.2136
1764 -20.1681
1765 -18.8946
1766 -18.1224
1767 -16.6578
1768 -17.9339
1769 -18.3402
1770 -17.6392
1771 -17.9269
1772 -19.8924
1773 -19.8675
1774 -19.6397
1775 -19.6109
1776 -19.6691
1777 -20.3326
1778 -20.0348
1779 -19.9618
1780 -20.4191
1781 -19.7221
1782 -19.3098
1783 -19.9436
1784 -19.4109
1785 -20.8029
1786 -19.9834
1787 -19.8214
1788 -18.8964
1789 -20.2812
1790 -20.0443
1791 -19.7677
1792 -18.3854
1793 -20.2661
1794 -19.0009
1795 -19.2632
1796 -19.4767
1797 -20.2592
1798 -20.1782
1799 -19.758
1800 -19.5017
1801 -19.2763
1802 -19.3945
1803 -20.3652
1804 -19.0403
1805 -19.313
1806 -20.7478
1807 -19.1483
1808 -18.8024
1809 -18.7196
1810 -20.3318
1811 -16.7117
1812 -17.9754
1813 -15.6218
1814 -17.6947
1815 -16.7857
1816 -16.7333
1817 -17.7114
1818 -19.3473
1819 -19.7396
1820 -18.3552
1821 -18.9947
1822 -20.9143
1823 -19.9044
1824 -20.5089
1825 -20.1011
1826 -20.1491
1827 -21.221
1828 -20.2475
1829 -19.4292
1830 -20.4673
1831 -19.782
1832 -20.2627
1833 -20.3693
1834 -20.032
1835 -20.5233
1836 -20.6954
1837 -19.7743
1838 -19.3742
1839 -19.2625
1840 -19.0647
1841 -21.7065
1842 -18.6419
1843 -21.1117
1844 -19.1061
1845 -19.9806
1846 -21.1783
1847 -20.7951
1848 -20.6841
1849 -18.8361
1850 -19.8989
1851 -19.5957
1852 -18.8608
1853 -19.096
1854 -17.6359
1855 -17.8712
1856 -19.1223
1857 -19.1249
1858 -18.116
1859 -16.9892
1860 -17.5485
1861 -17.4376
1862 -18.0103
1863 -18.9613
1864 -18.8641
1865 -19.7727
1866 -19.326
1867 -19.693
1868 -19.1712
1869 -18.9017
1870 -19.485
1871 -19.8431
1872 -20.0401
1873 -19.9225
1874 -20.8638
1875 -22.1646
1876 -20.2053
1877 -19.4458
1878 -21.4538
1879 -20.6796
1880 -20.908
1881 -19.4466
1882 -20.3564
1883 -19.4622
1884 -18.8137
1885 -18.7216
1886 -18.731
1887 -19.5224
1888 -20.8733
1889 -19.8125
1890 -19.2654
1891 -19.1726
1892 -19.0105
1893 -19.7494
1894 -20.1644
1895 -19.2973
1896 -17.586
1897 -18.5035
1898 -18.5946
1899 -19.128
1900 -17.9561
1901 -19.6647
1902 -18.6569
1903 -18.3653
1904 -17.6796
1905 -17.2125
1906 -16.3539
1907 -17.4417
1908 -17.7021
1909 -17.7623
1910 -17.6414
1911 -17.5824
1912 -19.4857
1913 -19.7388
1914 -19.7457
1915 -19.4452
1916 -18.9518
1917 -19.0588
1918 -19.7223
1919 -18.4452
1920 -20.1499
1921 -20.6995
1922 -20.6554
1923 -21.3237
1924 -19.1049
1925 -21.405
1926 -20.7422
1927 -20.9607
1928 -18.3074
1929 -19.7619
1930 -20.6682
1931 -20.1262
1932 -18.9067
1933 -19.0729
1934 -18.624
1935 -20.1709
1936 -18.8057
1937 -18.6646
1938 -19.9145
1939 -18.9205
1940 -18.3951
1941 -20.6978
1942 -18.2886
1943 -18.1708
1944 -19.093
1945 -17.4911
1946 -17.7185
1947 -18.9104
1948 -19.4089
1949 -18.7826
1950 -19.1572
1951 -18.4902
1952 -17.0434
1953 -17.692
1954 -16.991
1955 -17.8221
1956 -18.4084
1957 -18.7188
1958 -19.5566
1959 -18.4995
1960 -21.3305
1961 -18.1309
1962 -19.6703
1963 -18.2786
1964 -18.5941
1965 -19.6866
1966 -18.3663
1967 -19.7446
1968 -19.9838
1969 -18.5653
1970 -17.7504
1971 -19.1107
1972 -20.2375
1973 -21.4108
1974 -19.2846
1975 -19.8686
1976 -19.8353
1977 -16.8766
1978 -18.6084
1979 -18.521
1980 -19.2973
1981 -19.6935
1982 -19.3276
1983 -18.4136
1984 -19.225
1985 -18.6847
1986 -18.2864
1987 -18.1991
1988 -18.7187
1989 -18.2454
1990 -18.5041
1991 -18.8119
1992 -18.8216
1993 -19.3231
1994 -19.2087
1995 -18.6838
1996 -18.4472
1997 -19.2581
1998 -17.6182
1999 -17.4901
2000 -16.7738
2001 -17.0228
2002 -17.0706
2003 -17.1224
2004 -17.5901
2005 -18.7792
2006 -19.1948
2007 -18.4443
2008 -20.4526
2009 -18.9515
2010 -19.3304
2011 -19.8897
2012 -20.0052
2013 -19.7198
2014 -18.8875
2015 -18.8853
2016 -19.4574
2017 -20.7583
2018 -20.2692
2019 -19.8766
2020 -18.945
2021 -20.0442
2022 -19.8347
2023 -20.6427
2024 -17.4904
2025 -19.0321
2026 -18.6271
2027 -18.8897
2028 -19.5168
2029 -19.892
2030 -19.1568
2031 -21.405
2032 -19.9113
2033 -19.2923
2034 -18.988
2035 -19.1917
2036 -19.5365
2037 -18.6352
2038 -20.2875
2039 -18.9049
2040 -20.1284
2041 -20.9987
2042 -20.9528
2043 -20.6178
2044 -19.5336
2045 -19.75
2046 -19.9624
2047 -20.2843
2048 -20.1802
2049 -22.2575
2050 -21.9648
2051 -21.2113
2052 -21.9902
2053 -24.2092
2054 -25.6932
2055 -25.0105
2056 -24.9563
2057 -25.913
2058 -25.5653
2059 -27.4647
2060 -27.0273
2061 -28.4777
2062 -27.582
2063 -27.9537
2064 -29.234
2065 -29.2656
2066 -29.9055
2067 -28.5383
2068 -29.9308
2069 -32.8384
2070 -32.211
2071 -31.2784
2072 -32.235
2073 -31.9941
2074 -32.2513
2075 -32.112
2076 -31.9371
2077 -31.0575
2078 -33.7421
2079 -33.3531
2080 -32.8423
2081 -33.2075
2082 -34.2263
2083 -33.9491
2084 -33.4135
2085 -34.9651
2086 -34.2314
2087 -35.0464
2088 -33.0808
2089 -36.9645
2090 -35.5977
2091 -35.1498
2092 -35.1342
2093 -36.8596
2094 -37.5464
2095 -38.1099
2096 -36.1291
2097 -37.0951
2098 -38.9003
2099 -38.251
2100 -38.4619
2101 -36.8771
2102 -38.0178
2103 -39.03
2104 -39.9649
2105 -39.0549
2106 -40.8408
2107 -41.3111
2108 -40.2025
2109 -39.7931
2110 -41.8017
2111 -41.7867
2112 -41.5334
2113 -40.9297
2114 -42.3912
2115 -42.6086
2116 -39.1293
2117 -41.784
2118 -40.9949
2119 -42.0625
2120 -44.1688
2121 -42.184
2122 -42.435
2123 -42.0232
2124 -43.9287
2125 -42.4798
2126 -40.4302
2127 -40.2884
2128 -39.9537
2129 -40.0513
2130 -39.3709
2131 -38.2174
2132 -40.2301
2133 -39.1664
2134 -38.6248
2135 -37.8313
2136 -37.1459
2137 -36.6872
2138 -37.4842
2139 -37.7236
2140 -36.1089
2141 -36.5495
2142 -36.3782
2143 -36.5991
2144 -34.8757
2145 -33.568
2146 -33.1704
2147 -31.5095
2148 -33.1123
2149 -31.4906
2150 -32.0029
2151 -31.9109
2152 -31.5496
2153 -29.9698
2154 -29.3785
2155 -29.974
2156 -30.1777
2157 -30.6472
2158 -29.0567
2159 -27.6807
2160 -28.9425
2161 -28.1865
2162 -27.6624
2163 -27.3552
2164 -27.2577
2165 -27.0426
2166 -29.747
2167 -28.6591
2168 -27.9978
2169 -28.526
2170 -29.1889
2171 -29.6327
2172 -30.104
2173 -29.1251
2174 -27.9418
2175 -27.9254
2176 -29.6047
2177 -29.8392
2178 -28.9268
2179 -30.4011
2180 -30.5633
2181 -30.4185
2182 -30.6153
2183 -28.7564
2184 -27.9889
2185 -28.1691
2186 -27.4643
2187 -28.8747
2188 -27.4396
2189 -27.0851
2190 -28.5672
2191 -29.2427
2192 -27.8215
2193 -29.3896
2194 -30.1833
2195 -27.1293
2196 -26.9899
2197 -28.1282
2198 -27.5745
2199 -28.2836
2200 -26.8237
2201 -27.9242
2202 -27.6403
2203 -28.054
2204 -27.0453
2205 -27.3753
2206 -28.2104
2207 -26.7979
2208 -27.5708
2209 -27.9787
2210 -25.3161
2211 -26.6316
2212 -26.0246
2213 -26.9669
2214 -26.7969
2215 -27.887
2216 -27.1941
2217 -28.4885
2218 -28.2661
2219 -28.6313
2220 -27.619
2221 -28.222
2222 -27.4897
2223 -27.6831
2224 -26.9025
2225 -27.5149
2226 -27.8467
2227 -28.6931
2228 -28.7063
2229 -28.3646
2230 -29.5817
2231 -28.9327
2232 -30.0232
2233 -28.7107
2234 -25.0008
2235 -28.6576
2236 -27.6752
2237 -27.2862
2238 -26.8713
2239 -28.9529
2240 -28.7209
2241 -29.2864
2242 -29.0047
2243 -27.7385
2244 -28.2974
2245 -26.7837
2246 -28.5944
2247 -26.6912
2248 -26.1507
2249 -27.6504
2250 -27.3721
2251 -28.6877
2252 -26.7832
2253 -28.2969
2254 -28.5164
2255 -27.7777
2256 -26.5191
2257 -25.7155
2258 -27.0732
2259 -25.7573
2260 -26.3802
2261 -26.8153
2262 -27.6722
2263 -27.9357
2264 -26.5822
2265 -27.611
2266 -27.037
2267 -28.3354
2268 -28.7379
2269 -27.9537
2270 -26.7685
2271 -30.027
2272 -28.8534
2273 -29.8126
2274 -29.7672
2275 -29.5197
2276 -29.6627
2277 -28.0064
2278 -29.4051
2279 -29.225
2280 -27.0051
2281 -27.8818
2282 -28.6666
2283 -27.0726
2284 -26.1223
2285 -28.6753
2286 -28.6284
2287 -26.9944
2288 -29.4576
2289 -28.3563
2290 -28.3151
2291 -28.0186
2292 -28.2397
2293 -27.066
2294 -28.7148
2295 -26.58
2296 -28.9383
2297 -28.7949
2298 -28.5434
2299 -26.8594
2300 -26.3668
2301 -26.6993
2302 -28.569
2303 -28.1212
2304 -27.5932
2305 -25.5737
2306 -26.7911
2307 -26.8323
2308 -26.3842
2309 -27.3991
2310 -27.7566
2311 -28.547
2312 -28.146
2313 -28.1421
2314 -29.0468
2315 -26.3491
2316 -28.2288
2317 -28.6137
2318 -27.8329
2319 -28.8265
2320 -29.1431
2321 -29.1692
2322 -29.2315
2323 -28.4619
2324 -29.3257
2325 -30.0512
2326 -30.1778
2327 -27.953
2328 -28.1122
2329 -30.126
2330 -27.9165
2331 -28.3535
2332 -28.2024
2333 -28.7375
2334 -29.1602
2335 -29.3938
2336 -28.6638
2337 -28.1147
2338 -27.9879
2339 -27.5234
2340 -27.5518
2341 -26.5119
2342 -27.9428
2343 -28.4585
2344 -27.9315
2345 -28.7659
2346 -28.6024
2347 -27.1406
2348 -26.2047
2349 -26.9284
2350 -27.1497
2351 -25.624
2352 -26.77
2353 -26.7964
2354 -26.2936
2355 -27.9159
2356 -26.6049
2357 -27.528
2358 -28.0825
2359 -28.8919
2360 -30.7374
2361 -28.2605
2362 -28.1562
2363 -28.3495
2364 -28.9953
2365 -28.2551
2366 -29.4091
2367 -29.9485
2368 -30.3421
2369 -29.6752
2370 -28.8361
2371 -30.0411
2372 -28.728
2373 -27.8255
2374 -28.9145
2375 -27.4372
2376 -27.4946
2377 -27.701
2378 -28.4868
2379 -28.3464
2380 -30.3704
2381 -29.7947
2382 -27.7477
2383 -28.3637
2384 -26.2036
2385 -27.805
2386 -28.0522
2387 -26.5902
2388 -28.0275
2389 -27.3714
2390 -27.231
2391 -27.0213
2392 -27.5513
2393 -27.7022
2394 -28.4936
2395 -26.1407
2396 -27.5412
2397 -26.8532
2398 -26.6763
2399 -25.4158
2400 -26.4658
2401 -26.7009
2402 -28.453
2403 -29.1263
2404 -27.6893
2405 -28.8474
2406 -28.3261
2407 -28.1317
2408 -29.6231
2409 -28.7972
2410 -27.1457
2411 -28.304
2412 -30.0755
2413 -29.6338
2414 -29.9129
2415 -31.2151
2416 -30.268
2417 -29.6379
2418 -29.5131
2419 -28.376
2420 -28.5408
2421 -29.2942
2422 -28.4338
2423 -27.2735
2424 -27.6566
2425 -28.876
2426 -29.7428
2427 -29.7
2428 -29.4472
2429 -29.4878
2430 -28.4456
2431 -29.085
2432 -26.7822
2433 -28.3671
2434 -28.5939
2435 -27.8064
2436 -27.4899
2437 -27.5681
2438 -27.4793
2439 -28.7829
2440 -28.1524
2441 -26.5094
2442 -26.6095
2443 -26.5481
2444 -28.3926
2445 -27.4905
2446 -25.884
2447 -27.9807
2448 -27.3022
2449 -27.3039
2450 -28.5749
2451 -29.1008
2452 -30.2625
2453 -29.9044
2454 -28.8841
2455 -28.1398
2456 -29.1486
2457 -27.2867
2458 -28.5924
2459 -28.4003
2460 -28.4627
2461 -28.5243
2462 -29.1007
2463 -29.0255
2464 -30.2122
2465 -26.7427
2466 -28.4663
2467 -28.0262
2468 -28.6386
2469 -28.8291
2470 -28.4072
2471 -29.0308
2472 -28.6528
2473 -30.0303
2474 -30.4273
2475 -29.057
2476 -30.1022
2477 -27.285
2478 -27.9907
2479 -26.908
2480 -25.8179
2481 -28.1688
2482 -27.1058
2483 -29.4253
2484 -27.3829
2485 -27.2338
2486 -27.3126
2487 -27.6553
2488 -26.5267
2489 -27.9441
2490 -26.4588
2491 -28.1436
2492 -25.9969
2493 -25.8033
2494 -25.2605
2495 -28.1712
2496 -27.596
2497 -26.5344
2498 -29.4293
2499 -28.1327
2500 -29.8844
2501 -27.1084
2502 -28.043
2503 -27.2066
2504 -28.7551
2505 -29.3974
2506 -28.4946
2507 -27.8541
2508 -29.2501
2509 -30.1379
2510 -29.6699
2511 -30.5084
2512 -30.6617
2513 -30.1842
2514 -28.7556
2515 -28.2161
2516 -29.8093
2517 -27.9385
2518 -28.5537
2519 -27.9643
2520 -27.7882
2521 -28.5674
2522 -29.1896
2523 -31.5107
2524 -29.2219
2525 -27.6671
2526 -29.288
2527 -27.0946
2528 -27.2613
2529 -27.4285
2530 -26.9592
2531 -27.5687
2532 -27.7756
2533 -29.0112
2534 -27.4204
2535 -26.7007
2536 -26.5691
2537 -25.8257
2538 -26.6217
2539 -26.2486
2540 -26.6119
2541 -25.9665
2542 -26.9088
2543 -26.6392
2544 -28.5047
2545 -28.7276
2546 -27.792
2547 -28.764
2548 -27.5901
2549 -28.5133
2550 -27.4533
2551 -29.0002
2552 -27.4652
2553 -28.1184
2554 -27.5024
2555 -27.4701
2556 -28.3614
2557 -28.2478
2558 -25.8386
2559 -25.8507
2560 -26.8227
2561 -25.8348
2562 -23.6402
2563 -23.6638
2564 -23.225
2565 -24.4055
2566 -22.7497
2567 -22.8321
2568 -22.2997
2569 -22.9875
2570 -22.6881
2571 -22.0575
2572 -19.1018
2573 -20.1131
2574 -19.994
2575 -18.5994
2576 -18.4366
2577 -18.0498
2578 -17.9343
2579 -16.584
2580 -17.4607
2581 -17.4418
2582 -16.8468
2583 -14.0256
2584 -14.3132
2585 -14.6868
2586 -14.9091
2587 -15.0472
2588 -13.5187
2589 -13.0628
2590 -14.3973
2591 -13.5552
2592 -12.4791
2593 -12.7855
2594 -11.9368
2595 -13.8378
2596 -12.5537
2597 -13.3283
2598 -12.109
2599 -12.5905
2600 -13.6589
2601 -12.4142
2602 -11.1755
2603 -12.2439
2604 -11.986
2605 -10.4125
2606 -11.9125
2607 -10.7283
2608 -11.4309
2609 -10.037
2610 -10.3108
2611 -10.5441
2612 -11.2048
2613 -10.4916
2614 -9.27258
2615 -8.34442
2616 -8.44651
2617 -7.07986
2618 -7.41679
2619 -8.71598
2620 -6.76658
2621 -5.56703
2622 -4.51987
2623 -4.0067
2624 -5.11273
2625 -6.12253
2626 -4.27503
2627 -5.15551
2628 -4.90172
2629 -3.92405
2630 -2.50065
2631 -3.44111
2632 -4.92458
2633 -4.04488
2634 -5.26566
2635 -4.38885
2636 -5.25409
2637 -4.91297
2638 -4.12387
2639 -6.27872
2640 -5.59756
2641 -5.58114
2642 -8.07677
2643 -7.25955
2644 -7.3691
2645 -7.85643
2646 -9.41569
2647 -10.8275
2648 -9.58025
2649 -9.68597
2650 -10.3942
2651 -12.7629
2652 -12.3208
2653 -12.0662
2654 -10.6633
2655 -13.4479
2656 -13.6717
2657 -14.097
2658 -15.2552
2659 -16.7408
2660 -14.8996
2661 -13.6556
2662 -16.3054
2663 -15.7551
2664 -16.1132
2665 -15.5162
2666 -16.2198
2667 -16.5248
2668 -18.073
2669 -17.5802
2670 -17.8143
2671 -17.2704
2672 -17.6207
2673 -17.7622
2674 -17.5133
2675 -17.5013
2676 -17.8712
2677 -18.7453
2678 -18.903
2679 -18.6829
2680 -19.0726
2681 -19.1717
2682 -17.6691
2683 -19.037
2684 -18.3994
2685 -18.5802
2686 -16.8892
2687 -18.155
2688 -18.1646
2689 -17.7624
2690 -18.3108
2691 -17.3705
2692 -17.2711
2693 -16.5644
2694 -15.8407
2695 -16.7124
2696 -17.3609
2697 -17.5077
2698 -17.6065
2699 -19.9962
2700 -18.553
2701 -21.2581
2702 -19.5887
2703 -19.1347
2704 -18.6509
2705 -20.5181
2706 -19.5092
2707 -19.4464
2708 -18.5509
2709 -20.6057
2710 -20.0496
2711 -21.7786
2712 -21.2405
2713 -20.3369
2714 -19.6065
2715 -18.9335
2716 -19.6134
2717 -19.929
2718 -19.172
2719 -19.6118
2720 -19.8928
2721 -18.6809
2722 -19.6266
2723 -20.8032
2724 -20.8361
2725 -20.2356
2726 -20.5846
2727 -19.8727
2728 -20.9273
2729 -18.671
2730 -18.6457
2731 -18.8347
2732 -17.7784
2733 -19.1456
2734 -19.531
2735 -18.4953
2736 -18.2876
2737 -18.8246
2738 -20.0482
2739 -18.5043
2740 -18.3346
2741 -17.9992
2742 -16.1837
2743 -17.567
2744 -17.7057
2745 -18.4805
2746 -20.3549
2747 -17.6773
2748 -19.6235
2749 -19.1495
2750 -21.117
2751 -18.4733
2752 -19.5986
2753 -21.038
2754 -21.1892
2755 -21.6534
2756 -20.0035
2757 -20.7145
2758 -20.1367
2759 -20.1063
2760 -19.9188
2761 -19.3394
2762 -20.3749
2763 -19.6411
2764 -19.4805
2765 -18.8211
2766 -19.6113
2767 -18.4723
2768 -18.6606
2769 -19.5519
2770 -18.8425
2771 -19.5923
2772 -19.7704
2773 -20.5004
2774 -19.0032
2775 -19.7056
2776 -20.2611
2777 -19.3748
2778 -19.4943
2779 -19.3275
2780 -19.0517
2781 -19.9237
2782 -20.7115
2783 -18.5116
2784 -18.097
2785 -19.3649
2786 -18.196
2787 -16.9221
2788 -17.7309
2789 -17.0446
2790 -18.0414
2791 -18.4457
2792 -18.1502
2793 -18.6215
2794 -20.179
2795 -20.1634
2796 -19.9973
2797 -17.9148
2798 -20.8806
2799 -19.703
2800 -18.8547
2801 -19.8726
2802 -19.3724
2803 -20.5679
2804 -20.9692
2805 -20.4363
2806 -19.9134
2807 -21.971
2808 -18.9718
2809 -20.3875
2810 -20.3598
2811 -21.8452
2812 -19.2663
2813 -19.0084
2814 -19.515
2815 -19.7311
2816 -20.9689
2817 -21.4678
2818 -20.2852
2819 -20.8669
2820 -20.2656
2821 -19.547
2822 -20.9437
2823 -19.5609
2824 -19.4257
2825 -19.7051
2826 -19.9752
2827 -18.3831
2828 -18.7159
2829 -21.0017
2830 -17.8687
2831 -19.1039
2832 -19.3825
2833 -17.7939
2834 -17.6813
2835 -17.3739
2836 -17.7479
2837 -19.3282
2838 -19.383
2839 -19.3434
2840 -19.5726
2841 -19.3903
2842 -20.5165
2843 -20.7744
2844 -20.5576
2845 -18.8971
2846 -19.9764
2847 -20.975
2848 -18.9353
2849 -18.813
2850 -19.8417
2851 -19.4343
2852 -20.0131
2853 -19.3984
2854 -20.4862
2855 -22.0124
2856 -20.4351
2857 -19.9396
2858 -19.7004
2859 -19.4525
2860 -20.1328
2861 -19.2466
2862 -19.0943
2863 -19.864
2864 -19.6416
2865 -19.6223
2866 -19.2057
2867 -19.4017
2868 -19.6968
2869 -18.0138
2870 -16.9494
2871 -17.8884
2872 -18.3645
2873 -19.8785
2874 -19.5008
2875 -19.9078
2876 -19.9451
2877 -20.0548
2878 -19.6728
2879 -18.1528
2880 -18.3537
2881 -16.9345
2882 -17.1434
2883 -17.6508
2884 -17.9008
2885 -17.8118
2886 -19.7864
2887 -19.0793
2888 -20.566
2889 -19.8148
2890 -20.1146
2891 -20.9641
2892 -21.0438
2893 -19.1242
2894 -19.0335
2895 -18.6942
2896 -20.1184
2897 -17.8863
2898 -19.9294
2899 -20.0805
2900 -19.3695
2901 -19.9158
2902 -20.0114
2903 -19.2888
2904 -19.8933
2905 -20.0472
2906 -17.9915
2907 -18.0104
2908 -18.8219
2909 -19.5217
2910 -19.4292
2911 -18.9078
2912 -19.1122
2913 -18.9107
2914 -19.7214
2915 -19.8704
2916 -17.6559
2917 -17.8838
2918 -18.7928
2919 -19.8529
2920 -20.311
2921 -18.1572
2922 -19.7412
2923 -18.8955
2924 -19.4208
2925 -19.5378
2926 -17.499
2927 -17.737
2928 -18.202
2929 -16.5144
2930 -17.0237
2931 -17.5161
2932 -18.7493
2933 -18.7023
2934 -18.4319
2935 -19.5461
2936 -20.6568
2937 -20.0191
2938 -19.622
2939 -20.4164
2940 -20.7032
2941 -20.501
2942 -19.509
2943 -20.2491
2944 -20.6184
2945 -20.6905
2946 -19.427
2947 -21.2018
2948 -21.2124
2949 -19.524
2950 -19.0023
2951 -19.4835
2952 -18.9529
2953 -18.6635
2954 -19.2948
2955 -21.4282
2956 -20.6793
2957 -18.5237
2958 -20.367
2959 -19.709
2960 -21.0457
2961 -18.1185
2962 -20.645
2963 -19.3345
2964 -17.1707
2965 -18.1579
2966 -18.5017
2967 -18.8671
2968 -17.7882
2969 -18.5076
2970 -19.1537
2971 -19.2927
2972 -18.119
2973 -17.2157
2974 -16.4332
2975 -18.0988
2976 -15.4103
2977 -17.2985
2978 -19.0751
2979 -18.0354
2980 -18.6922
2981 -19.6323
2982 -19.1966
2983 -19.4576
2984 -18.0167
2985 -19.1157
2986 -19.5476
2987 -19.782
2988 -19.8236
2989 -19.1525
2990 -20.4297
2991 -20.4746
2992 -19.9366
2993 -19.9313
2994 -19.2126
2995 -20.2479
2996 -18.7845
2997 -19.3924
2998 -20.0594
2999 -18.8087
3000 -17.4701
3001 -18.6562
3002 -19.2295
3003 -18.5736
3004 -19.578
3005 -18.7349
3006 -18.312
3007 -20.3741
3008 -18.9245
3009 -18.7992
3010 -18.3046
3011 -17.0156
3012 -19.3805
3013 -18.6285
3014 -19.2317
3015 -18.3954
3016 -18.2183
3017 -18.4431
3018 -18.8525
3019 -18.3552
3020 -18.1744
3021 -15.3269
3022 -18.3433
3023 -17.8756
3024 -17.2749
3025 -18.0749
3026 -18.5867
3027 -18.4813
3028 -19.3656
3029 -18.9596
3030 -20.129
3031 -18.9935
3032 -19.3473
3033 -19.2273
3034 -20.2044
3035 -19.7463
3036 -19.5859
3037 -19.0105
3038 -19.5062
3039 -18.2637
3040 -18.6856
3041 -19.3591
3042 -19.5178
3043 -19.4146
3044 -19.9875
3045 -18.4858
3046 -18.1589
3047 -17.24
3048 -18.9312
3049 -18.5992
3050 -18.5492
3051 -18.9168
3052 -20.2066
3053 -18.5997
3054 -20.4398
3055 -19.3474
3056 -18.5589
3057 -17.9322
3058 -19.3718
3059 -19.1943
3060 -20.6096
3061 -19.1949
3062 -19.1738
3063 -20.2392
3064 -19.9763
3065 -19.9913
3066 -20.3957
3067 -20.4213
3068 -19.3846
3069 -19.5046
3070 -18.8215
3071 -22.4668
3072 -22.1009
3073 -22.2938
3074 -23.0974
3075 -24.605
3076 -24.7662
3077 -25.662
3078 -25.3607
3079 -26.3536
3080 -26.7882
3081 -26.1975
3082 -27.1287
3083 -28.9029
3084 -30.0726
3085 -28.1304
3086 -29.8509
3087 -29.7732
3088 -30.4074
3089 -30.9312
3090 -31.4983
3091 -32.0011
3092 -33.9704
3093 -33.2029
3094 -32.0036
3095 -32.5324
3096 -32.2454
3097 -33.472
3098 -32.9339
3099 -32.79
3100 -30.6221
3101 -32.7268
3102 -33.1086
3103 -32.1126
3104 -32.5149
3105 -31.3564
3106 -31.0201
3107 -32.706
3108 -33.5245
3109 -34.0292
3110 -31.4768
3111 -31.6493
3112 -31.4436
3113 -31.0021
3114 -30.9054
3115 -30.7779
3116 -30.9122
3117 -29.7283
3118 -29.3064
3119 -29.4704
3120 -28.5763
3121 -28.513
3122 -29.4069
3123 -28.4028
3124 -28.113
3125 -26.8406
3126 -27.2443
3127 -26.6858
3128 -27.3694
3129 -28.6701
3130 -26.3508
3131 -24.4607
3132 -25.2129
3133 -25.4099
3134 -24.789
3135 -24.9
3136 -23.1514
3137 -23.4082
3138 -24.545
3139 -24.517
3140 -22.0646
3141 -22.8695
3142 -23.0327
3143 -23.3585
3144 -22.9119
3145 -22.4493
3146 -24.4528
3147 -22.4713
3148 -24.4311
3149 -23.3979
3150 -22.3545
3151 -23.6362
3152 -22.9488
3153 -21.7883
3154 -21.633
3155 -23.0397
3156 -23.5285
3157 -22.8727
3158 -21.1195
3159 -20.0554
3160 -21.354
3161 -23.033
3162 -22.1475
3163 -21.9343
3164 -20.6245
3165 -21.6697
3166 -22.1279
3167 -21.2005
3168 -21.2991
3169 -20.9803
3170 -20.9956
3171 -21.8301
3172 -21.3846
3173 -21.5093
3174 -22.1515
3175 -21.1832
3176 -22.2503
3177 -22.2671
3178 -21.6423
3179 -21.5051
3180 -22.0784
3181 -21.6545
3182 -21.2558
3183 -21.8589
3184 -21.1767
3185 -21.9425
3186 -21.0121
3187 -20.7952
3188 -21.446
3189 -20.0022
3190 -21.0324
3191 -21.2096
3192 -21.5255
3193 -20.7621
3194 -20.9471
3195 -19.846
3196 -21.5409
3197 -21.4278
3198 -21.5149
3199 -21.7525
3200 -20.9779
3201 -20.0811
3202 -20.6029
3203 -20.4171
3204 -21.2196
3205 -19.9443
3206 -19.8985
3207 -21.2181
3208 -21.464
3209 -19.4458
3210 -21.1085
3211 -21.4644
3212 -20.5897
3213 -22.1883
3214 -19.7091
3215 -20.9309
3216 -20.1716
3217 -20.4886
3218 -21.5698
3219 -20.5886
3220 -20.1312
3221 -18.6723
3222 -21.7483
3223 -20.7841
3224 -21.587
3225 -19.4365
3226 -20.364
3227 -20.3656
3228 -21.1857
3229 -21.1045
3230 -21.0105
3231 -20.6901
3232 -21.2893
3233 -19.7065
3234 -20.401
3235 -21.5298
3236 -20.9119
3237 -20.6978
3238 -21.4594
3239 -22.1124
3240 -20.3951
3241 -20.706
3242 -21.6188
3243 -19.4512
3244 -21.0099
3245 -21.5423
3246 -20.6757
3247 -21.1481
3248 -21.5972
3249 -21.5112
3250 -21.3891
3251 -21.3181
3252 -21.1166
3253 -21.7389
3254 -21.9325
3255 -20.8788
3256 -21.4923
3257 -22.6163
3258 -21.033
3259 -19.2068
3260 -20.7242
3261 -20.1703
3262 -21.2278
3263 -20.362
3264 -21.4937
3265 -20.2123
3266 -20.3093
3267 -20.7381
3268 -21.3098
3269 -20.1949
3270 -19.193
3271 -21.1941
3272 -20.7274
3273 -20.0803
3274 -22.1141
3275 -20.5754
3276 -21.1978
3277 -20.6321
3278 -19.958
3279 -19.6766
3280 -20.6085
3281 -21.7952
3282 -20.3418
3283 -21.0853
3284 -20.5423
3285 -21.3118
3286 -21.0655
3287 -20.1311
3288 -19.565
3289 -21.1605
3290 -19.369
3291 -21.276
3292 -21.3884
3293 -21.7725
3294 -21.8693
3295 -21.1611
3296 -22.4408
3297 -21.9594
3298 -20.5908
3299 -22.3289
3300 -21.1456
3301 -21.0604
3302 -22.6434
3303 -19.9849
3304 -21.0656
3305 -20.9557
3306 -20.2634
3307 -20.3832
3308 -21.2556
3309 -22.4263
3310 -21.1704
3311 -19.7552
3312 -20.8535
3313 -22.2841
3314 -21.9028
3315 -20.2645
3316 -20.3378
3317 -20.3052
3318 -23.2939
3319 -21.4488
3320 -21.4529
3321 -20.7
3322 -21.0503
3323 -23.1578
3324 -20.8383
3325 -22.4354
3326 -22.1321
3327 -21.3508
3328 -21.0691
3329 -21.1954
3330 -20.0962
3331 -21.5013
3332 -21.1823
3333 -21.555
3334 -22.2221
3335 -20.8701
3336 -21.6258
3337 -21.662
3338 -21.4514
3339 -21.0152
3340 -21.245
3341 -21.7059
3342 -20.5771
3343 -22.4273
3344 -22.6585
3345 -21.5007
3346 -21.1934
3347 -19.8559
3348 -21.3991
3349 -21.6657
3350 -21.3459
3351 -22.8718
3352 -21.4999
3353 -21.3666
3354 -21.9524
3355 -21.7401
3356 -22.2733
3357 -20.8989
3358 -22.0522
3359 -22.5033
3360 -22.0264
3361 -21.3152
3362 -20.71
3363 -22.894
3364 -21.8103
3365 -20.5366
3366 -21.3364
3367 -19.1794
3368 -22.2533
3369 -21.3098
3370 -23.0687
3371 -21.7914
3372 -20.6114
3373 -21.3266
3374 -21.6169
3375 -21.9419
3376 -20.7794
3377 -21.1659
3378 -20.6059
3379 -21.5303
3380 -21.4301
3381 -20.9876
3382 -21.7132
3383 -21.2464
3384 -22.0835
3385 -20.6946
3386 -20.8354
3387 -21.3534
3388 -21.6238
3389 -20.6926
3390 -22.6448
3391 -21.1364
3392 -20.4189
3393 -21.9017
3394 -21.6509
3395 -20.0622
3396 -20.9347
3397 -20.2422
3398 -21.1217
3399 -20.5654
