0 -111.63
1 -111.63
2 -111.64
3 -111.631
4 -111.611
5 -111.606
6 -111.582
7 -111.584
8 -111.59
9 -111.582
10 -111.579
11 -111.577
12 -111.578
13 -111.574
14 -111.584
15 -111.599
16 -111.643
17 -111.645
18 -111.66
19 -111.648
20 -111.625
21 -111.598
22 -111.604
23 -111.624
24 -111.66
25 -111.658
26 -111.644
27 -112.101
28 -112.656
29 -112.77
30 -112.776
31 -112.92
32 -113.385
33 -114.062
34 -114.704
35 -115.236
36 -115.622
37 -116.018
38 -116.449
39 -116.948
40 -117.5
41 -118.134
42 -118.744
43 -119.354
44 -119.835
45 -120.275
46 -120.808
47 -121.454
48 -122.229
49 -123.046
50 -123.713
51 -124.293
52 -124.863
53 -125.489
54 -126.192
55 -126.839
56 -127.481
57 -128.112
58 -128.61
59 -129.076
60 -129.515
61 -129.893
62 -130.264
63 -130.528
64 -130.826
65 -131.032
66 -131.098
67 -131.022
68 -130.862
69 -130.689
70 -130.577
71 -130.474
72 -130.428
73 -130.235
74 -129.893
75 -129.519
76 -129.004
77 -128.654
78 -128.249
79 -127.864
80 -127.364
81 -126.956
82 -126.578
83 -126.154
84 -125.681
85 -125.162
86 -124.565
87 -124.042
88 -123.609
89 -123.329
90 -123.092
91 -122.699
92 -122.327
93 -121.903
94 -121.31
95 -120.712
96 -120.27
97 -120.185
98 -120.283
99 -120.387
100 -120.484
101 -120.431
102 -120.193
103 -119.892
104 -119.571
105 -119.237
106 -118.897
107 -118.717
108 -118.624
109 -118.711
110 -119.053
111 -119.662
112 -120.2
113 -120.427
114 -120.46
115 -120.377
116 -120.291
117 -120.277
118 -120.494
119 -120.667
120 -120.726
121 -120.72
122 -120.753
123 -120.822
124 -120.901
125 -120.926
126 -120.83
127 -120.59
128 -120.218
129 -119.891
130 -119.611
131 -119.496
132 -119.569
133 -119.819
134 -120.037
135 -120.044
136 -119.979
137 -119.719
138 -119.452
139 -119.092
140 -118.859
141 -118.521
142 -118.314
143 -118.22
144 -118.264
145 -118.468
146 -118.67
147 -118.754
148 -118.673
149 -118.519
150 -118.191
151 -117.849
152 -117.601
153 -117.604
154 -117.777
155 -118.119
156 -118.644
157 -119.176
158 -119.647
159 -119.799
160 -119.759
161 -119.64
162 -119.726
163 -119.857
164 -119.938
165 -120.044
166 -120.2
167 -120.386
168 -120.445
169 -120.502
170 -120.456
171 -120.434
172 -120.305
173 -120.196
174 -119.891
175 -119.488
176 -119.173
177 -119.22
178 -119.47
179 -119.725
180 -119.842
181 -119.869
182 -119.739
183 -119.391
184 -118.985
185 -118.501
186 -118.157
187 -117.953
188 -117.971
189 -118.07
190 -118.258
191 -118.481
192 -118.54
193 -118.464
194 -118.178
195 -117.919
196 -117.635
197 -117.431
198 -117.347
199 -117.499
200 -117.971
201 -118.648
202 -119.301
203 -119.587
204 -119.665
205 -119.603
206 -119.62
207 -119.667
208 -119.678
209 -119.584
210 -119.648
211 -119.936
212 -120.231
213 -120.342
214 -120.319
215 -120.283
216 -120.261
217 -120.258
218 -120.126
219 -119.799
220 -119.442
221 -119.305
222 -119.358
223 -119.475
224 -119.567
225 -119.658
226 -119.755
227 -119.669
228 -119.261
229 -118.786
230 -118.291
231 -117.949
232 -117.8
233 -117.819
234 -118.004
235 -118.288
236 -118.591
237 -118.617
238 -118.52
239 -118.261
240 -117.972
241 -117.682
242 -117.522
243 -117.504
244 -117.702
245 -118.156
246 -118.74
247 -119.311
248 -119.637
249 -119.697
250 -119.641
251 -119.553
252 -119.601
253 -119.704
254 -119.863
255 -120.042
256 -120.255
257 -120.448
258 -120.501
259 -120.509
260 -120.566
261 -120.56
262 -120.42
263 -120.161
264 -119.92
265 -119.714
266 -119.548
267 -119.485
268 -119.567
269 -119.718
270 -119.891
271 -120.023
272 -119.856
273 -119.46
274 -118.969
275 -118.486
276 -118.146
277 -118.002
278 -118.054
279 -118.218
280 -118.495
281 -118.646
282 -118.636
283 -118.456
284 -118.296
285 -118.088
286 -117.92
287 -117.77
288 -117.695
289 -117.917
290 -118.454
291 -119.093
292 -119.681
293 -119.959
294 -119.99
295 -119.81
296 -119.721
297 -119.774
298 -119.867
299 -119.902
300 -120.028
301 -120.277
302 -120.492
303 -120.594
304 -120.667
305 -120.716
306 -120.717
307 -120.533
308 -120.235
309 -119.845
310 -119.601
311 -119.51
312 -119.569
313 -119.651
314 -119.746
315 -119.871
316 -119.893
317 -119.708
318 -119.36
319 -118.987
320 -118.586
321 -118.303
322 -118.178
323 -118.246
324 -118.428
325 -118.69
326 -118.871
327 -118.789
328 -118.678
329 -118.42
330 -118.183
331 -117.925
332 -117.792
333 -117.808
334 -118.198
335 -118.747
336 -119.419
337 -119.946
338 -120.2
339 -120.19
340 -120.008
341 -119.897
342 -119.992
343 -120.173
344 -120.321
345 -120.448
346 -120.627
347 -120.775
348 -120.894
349 -121.013
350 -121.185
351 -121.294
352 -121.196
353 -120.889
354 -120.401
355 -120.093
356 -120.011
357 -120.038
358 -120.168
359 -120.299
360 -120.484
361 -120.502
362 -120.305
363 -119.856
364 -119.392
365 -118.893
366 -118.532
367 -118.43
368 -118.498
369 -118.716
370 -119.026
371 -119.137
372 -119.002
373 -118.791
374 -118.573
375 -118.422
376 -118.212
377 -118.04
378 -118.111
379 -118.528
380 -119.077
381 -119.649
382 -120.144
383 -120.405
384 -120.39
385 -120.24
386 -120.104
387 -120.073
388 -120.208
389 -120.327
390 -120.563
391 -120.909
392 -121.121
393 -121.153
394 -121.082
395 -121.083
396 -121.104
397 -121.018
398 -120.727
399 -120.333
400 -120.117
401 -120.06
402 -120.1
403 -120.14
404 -120.273
405 -120.377
406 -120.403
407 -120.221
408 -119.83
409 -119.279
410 -118.812
411 -118.523
412 -118.441
413 -118.519
414 -118.791
415 -119.09
416 -119.241
417 -119.14
418 -118.965
419 -118.654
420 -118.397
421 -118.189
422 -118.075
423 -118.233
424 -118.628
425 -119.282
426 -119.835
427 -120.269
428 -120.457
429 -120.431
430 -120.298
431 -120.274
432 -120.285
433 -120.317
434 -120.357
435 -120.548
436 -120.866
437 -121.082
438 -121.13
439 -121.056
440 -121.01
441 -121.065
442 -121.06
443 -120.824
444 -120.363
445 -119.966
446 -119.968
447 -120.091
448 -120.175
449 -120.139
450 -120.179
451 -120.177
452 -120.024
453 -119.668
454 -119.204
455 -118.703
456 -118.34
457 -118.257
458 -118.398
459 -118.7
460 -119.03
461 -119.152
462 -119.024
463 -118.654
464 -118.27
465 -118.06
466 -118.023
467 -118.023
468 -118.25
469 -118.666
470 -119.265
471 -119.828
472 -120.229
473 -120.429
474 -120.369
475 -120.29
476 -120.28
477 -120.261
478 -120.145
479 -120.042
480 -120.056
481 -120.118
482 -120.174
483 -120.118
484 -119.794
485 -119.343
486 -118.815
487 -118.335
488 -117.711
489 -117.015
490 -116.341
491 -115.856
492 -115.516
493 -115.219
494 -114.937
495 -114.536
496 -113.983
497 -113.17
498 -112.232
499 -111.262
500 -110.376
501 -109.518
502 -108.735
503 -108.025
504 -107.336
505 -106.812
506 -106.361
507 -106.033
508 -105.771
509 -105.482
510 -105.206
511 -104.964
512 -104.771
513 -104.641
514 -104.523
515 -104.495
516 -104.5
517 -104.658
518 -104.884
519 -105.154
520 -105.463
521 -105.687
522 -105.903
523 -106.038
524 -106.301
525 -106.636
526 -107.093
527 -107.607
528 -108.014
529 -108.379
530 -108.81
531 -109.238
532 -109.772
533 -110.299
534 -110.754
535 -111.1
536 -111.433
537 -111.737
538 -112.087
539 -112.393
540 -112.636
541 -112.831
542 -113.018
543 -113.22
544 -113.445
545 -113.677
546 -113.894
547 -114.031
548 -114.095
549 -114.169
550 -114.298
551 -114.436
552 -114.59
553 -114.677
554 -114.775
555 -114.864
556 -114.944
557 -115.024
558 -115.051
559 -115.053
560 -115.053
561 -115.093
562 -115.188
563 -115.346
564 -115.506
565 -115.624
566 -115.673
567 -115.695
568 -115.751
569 -115.811
570 -115.866
571 -115.876
572 -115.798
573 -115.707
574 -115.646
575 -115.626
576 -115.697
577 -115.786
578 -115.885
579 -115.953
580 -116.01
581 -116.01
582 -116.019
583 -115.985
584 -115.98
585 -115.985
586 -116.029
587 -116.094
588 -116.11
589 -116.096
590 -116.071
591 -116.054
592 -116.069
593 -116.072
594 -116.043
595 -116.04
596 -116.032
597 -116.037
598 -116.058
599 -116.07
600 -116.054
601 -116.042
602 -115.989
603 -115.952
604 -115.584
605 -114.809
606 -114.686
607 -114.716
608 -114.598
609 -114.102
610 -113.277
611 -112.387
612 -111.689
613 -111.216
614 -110.91
615 -110.629
616 -110.238
617 -109.704
618 -109.034
619 -108.315
620 -107.596
621 -106.958
622 -106.403
623 -105.839
624 -105.255
625 -104.651
626 -104.023
627 -103.393
628 -102.78
629 -102.108
630 -101.349
631 -100.702
632 -100.128
633 -99.5759
634 -99.0757
635 -98.5392
636 -97.9403
637 -97.3222
638 -96.7539
639 -96.3453
640 -96.0504
641 -95.9462
642 -96.0239
643 -96.2437
644 -96.3733
645 -96.4232
646 -96.4184
647 -96.4619
648 -96.617
649 -96.9764
650 -97.472
651 -97.9744
652 -98.4497
653 -98.9827
654 -99.5965
655 -100.329
656 -101.111
657 -101.73
658 -102.339
659 -102.919
660 -103.576
661 -104.217
662 -104.836
663 -105.309
664 -105.669
665 -105.95
666 -106.186
667 -106.434
668 -106.635
669 -106.862
670 -107.152
671 -107.537
672 -107.857
673 -108.029
674 -108.081
675 -108.057
676 -108.005
677 -107.997
678 -108.072
679 -108.133
680 -108.257
681 -108.424
682 -108.781
683 -109.197
684 -109.579
685 -109.781
686 -109.753
687 -109.517
688 -109.151
689 -108.69
690 -108.283
691 -107.913
692 -107.647
693 -107.297
694 -106.989
695 -106.672
696 -106.457
697 -106.41
698 -106.41
699 -106.513
700 -106.594
701 -106.849
702 -107.181
703 -107.594
704 -108.068
705 -108.604
706 -109.042
707 -109.501
708 -109.724
709 -109.884
710 -109.889
711 -109.829
712 -109.683
713 -109.408
714 -109.145
715 -108.973
716 -109.001
717 -109.265
718 -109.627
719 -109.743
720 -109.687
721 -109.528
722 -109.443
723 -109.36
724 -109.209
725 -109.106
726 -109.204
727 -109.556
728 -109.997
729 -110.26
730 -110.36
731 -110.38
732 -110.281
733 -110.017
734 -109.497
735 -108.815
736 -108.293
737 -107.974
738 -107.711
739 -107.465
740 -107.205
741 -106.912
742 -106.683
743 -106.59
744 -106.651
745 -106.915
746 -107.282
747 -107.703
748 -108.074
749 -108.443
750 -108.814
751 -109.193
752 -109.588
753 -109.838
754 -110.073
755 -110.125
756 -110.028
757 -109.717
758 -109.407
759 -109.163
760 -109
761 -109.062
762 -109.294
763 -109.617
764 -109.725
765 -109.686
766 -109.523
767 -109.42
768 -109.37
769 -109.301
770 -109.225
771 -109.239
772 -109.536
773 -110.061
774 -110.394
775 -110.563
776 -110.456
777 -110.213
778 -109.775
779 -109.263
780 -108.751
781 -108.322
782 -108.039
783 -107.84
784 -107.574
785 -107.172
786 -106.846
787 -106.6
788 -106.552
789 -106.652
790 -106.853
791 -107.214
792 -107.743
793 -108.314
794 -108.692
795 -108.93
796 -109.119
797 -109.383
798 -109.62
799 -109.891
800 -110.019
801 -109.977
802 -109.813
803 -109.411
804 -109.05
805 -108.98
806 -109.039
807 -109.317
808 -109.638
809 -109.743
810 -109.641
811 -109.51
812 -109.409
813 -109.272
814 -109.234
815 -109.328
816 -109.469
817 -109.612
818 -109.785
819 -109.897
820 -109.983
821 -110.003
822 -109.927
823 -109.717
824 -109.325
825 -108.767
826 -108.215
827 -107.826
828 -107.593
829 -107.509
830 -107.385
831 -107.132
832 -106.814
833 -106.741
834 -106.893
835 -107.05
836 -107.322
837 -107.669
838 -108.19
839 -108.514
840 -108.731
841 -108.889
842 -109.226
843 -109.523
844 -109.655
845 -109.678
846 -109.603
847 -109.449
848 -109.256
849 -109.036
850 -108.854
851 -108.887
852 -109.156
853 -109.489
854 -109.644
855 -109.554
856 -109.359
857 -109.159
858 -109.019
859 -108.878
860 -108.793
861 -109.014
862 -109.497
863 -109.977
864 -110.204
865 -110.223
866 -110.051
867 -109.743
868 -109.336
869 -108.798
870 -108.287
871 -107.946
872 -107.714
873 -107.404
874 -107.111
875 -106.831
876 -106.599
877 -106.51
878 -106.569
879 -106.658
880 -106.796
881 -107.194
882 -107.677
883 -108.183
884 -108.476
885 -108.635
886 -108.813
887 -109.123
888 -109.42
889 -109.617
890 -109.683
891 -109.557
892 -109.293
893 -108.963
894 -108.735
895 -108.623
896 -108.749
897 -108.99
898 -109.253
899 -109.23
900 -109.095
901 -108.986
902 -108.907
903 -108.804
904 -108.697
905 -108.728
906 -108.935
907 -109.342
908 -109.681
909 -109.871
910 -109.874
911 -109.798
912 -109.625
913 -109.146
914 -108.532
915 -108.006
916 -107.73
917 -107.506
918 -107.241
919 -107.019
920 -106.846
921 -106.608
922 -106.303
923 -106.216
924 -106.295
925 -106.554
926 -106.969
927 -107.487
928 -107.982
929 -108.281
930 -108.458
931 -108.614
932 -108.892
933 -109.182
934 -109.409
935 -109.39
936 -109.181
937 -108.965
938 -108.725
939 -108.565
940 -108.48
941 -108.549
942 -108.733
943 -108.988
944 -109.225
945 -109.229
946 -108.98
947 -108.712
948 -108.51
949 -108.515
950 -108.591
951 -108.823
952 -109.183
953 -109.429
954 -109.652
955 -109.694
956 -109.595
957 -109.34
958 -108.888
959 -108.382
960 -107.889
961 -107.485
962 -107.187
963 -107.044
964 -106.917
965 -106.793
966 -106.604
967 -106.366
968 -106.285
969 -106.352
970 -106.529
971 -106.987
972 -107.539
973 -108.052
974 -108.258
975 -108.38
976 -108.553
977 -108.828
978 -109.072
979 -109.284
980 -109.314
981 -109.216
982 -108.988
983 -108.821
984 -108.612
985 -108.429
986 -108.446
987 -108.699
988 -109.023
989 -109.1
990 -109.117
991 -108.939
992 -108.634
993 -108.324
994 -108.324
995 -108.493
996 -108.732
997 -109.161
998 -109.507
999 -109.79
1000 -109.658
1001 -109.465
1002 -109.169
1003 -108.732
1004 -108.191
1005 -107.827
1006 -107.517
1007 -107.235
1008 -107.007
1009 -106.85
1010 -106.698
1011 -106.403
1012 -106.232
1013 -106.216
1014 -106.214
1015 -106.445
1016 -106.847
1017 -107.391
1018 -107.838
1019 -108.161
1020 -108.327
1021 -108.507
1022 -108.692
1023 -108.876
1024 -109.019
1025 -108.922
1026 -108.831
1027 -108.712
1028 -108.596
1029 -108.432
1030 -108.295
1031 -108.429
1032 -108.696
1033 -109.016
1034 -109.051
1035 -108.946
1036 -108.723
1037 -108.554
1038 -108.39
1039 -108.371
1040 -108.454
1041 -108.777
1042 -109.201
1043 -109.515
1044 -109.623
1045 -109.583
1046 -109.356
1047 -109.014
1048 -108.505
1049 -107.958
1050 -107.606
1051 -107.345
1052 -107.179
1053 -107.158
1054 -107.204
1055 -107.249
1056 -107.24
1057 -107.306
1058 -107.576
1059 -107.945
1060 -108.564
1061 -109.332
1062 -110.115
1063 -110.869
1064 -111.471
1065 -112.101
1066 -112.779
1067 -113.391
1068 -114.03
1069 -114.656
1070 -115.174
1071 -115.476
1072 -115.697
1073 -115.885
1074 -116.262
1075 -116.74
1076 -117.393
1077 -118.177
1078 -119.129
1079 -120.058
1080 -120.786
1081 -121.251
1082 -121.468
1083 -121.595
1084 -121.508
1085 -121.363
1086 -121.383
1087 -121.573
1088 -121.925
1089 -122.21
1090 -122.314
1091 -122.124
1092 -121.743
1093 -121.376
1094 -121.169
1095 -121.166
1096 -121.26
1097 -121.226
1098 -120.965
1099 -120.57
1100 -120.067
1101 -119.607
1102 -119.219
1103 -118.876
1104 -118.662
1105 -118.465
1106 -118.151
1107 -117.593
1108 -116.956
1109 -116.338
1110 -115.882
1111 -115.556
1112 -115.304
1113 -115.031
1114 -114.771
1115 -114.501
1116 -114.189
1117 -113.969
1118 -113.775
1119 -113.621
1120 -113.479
1121 -113.354
1122 -113.218
1123 -113.058
1124 -112.833
1125 -112.595
1126 -112.41
1127 -112.278
1128 -112.21
1129 -112.128
1130 -112.063
1131 -111.979
1132 -111.924
1133 -111.84
1134 -111.697
1135 -111.552
1136 -111.5
1137 -111.481
1138 -111.46
1139 -111.46
1140 -111.422
1141 -111.392
1142 -111.339
1143 -111.285
1144 -111.25
1145 -111.23
1146 -111.214
1147 -111.184
1148 -111.119
1149 -111.015
1150 -110.932
1151 -110.88
1152 -110.877
1153 -110.936
1154 -111.021
1155 -111.088
1156 -111.056
1157 -111.027
1158 -110.985
1159 -110.947
1160 -110.923
1161 -110.934
1162 -110.942
1163 -110.978
1164 -110.978
1165 -110.933
1166 -110.888
1167 -110.835
1168 -110.83
1169 -110.825
1170 -110.8
1171 -110.79
1172 -110.8
1173 -110.835
1174 -110.84
1175 -110.807
1176 -110.754
1177 -110.716
1178 -110.754
1179 -111.022
1180 -111.896
1181 -112.133
1182 -112.025
1183 -112.071
1184 -112.485
1185 -113.323
1186 -114.319
1187 -115.16
1188 -115.732
1189 -116.057
1190 -116.295
1191 -116.586
1192 -117.001
1193 -117.493
1194 -118.123
1195 -118.764
1196 -119.369
1197 -119.929
1198 -120.508
1199 -121.185
1200 -121.874
1201 -122.526
1202 -123.091
1203 -123.66
1204 -124.39
1205 -125.218
1206 -126.041
1207 -126.814
1208 -127.391
1209 -127.878
1210 -128.278
1211 -128.605
1212 -129.047
1213 -129.5
1214 -129.938
1215 -130.121
1216 -130.08
1217 -129.967
1218 -129.76
1219 -129.548
1220 -129.444
1221 -129.414
1222 -129.326
1223 -129.121
1224 -128.701
1225 -128.173
1226 -127.692
1227 -127.331
1228 -127.09
1229 -126.84
1230 -126.414
1231 -125.889
1232 -125.464
1233 -125.136
1234 -124.791
1235 -124.319
1236 -123.785
1237 -123.267
1238 -122.788
1239 -122.3
1240 -121.852
1241 -121.551
1242 -121.257
1243 -120.797
1244 -120.326
1245 -119.782
1246 -119.323
1247 -119.077
1248 -119.019
1249 -119.109
1250 -119.204
1251 -119.129
1252 -118.932
1253 -118.71
1254 -118.434
1255 -118.147
1256 -117.804
1257 -117.521
1258 -117.268
1259 -117.224
1260 -117.561
1261 -118.017
1262 -118.471
1263 -118.835
1264 -119.115
1265 -119.088
1266 -119.066
1267 -119.057
1268 -119.11
1269 -119.194
1270 -119.233
1271 -119.221
1272 -119.26
1273 -119.368
1274 -119.461
1275 -119.502
1276 -119.507
1277 -119.379
1278 -119.288
1279 -119.089
1280 -118.758
1281 -118.406
1282 -118.196
1283 -118.227
1284 -118.383
1285 -118.532
1286 -118.637
1287 -118.627
1288 -118.346
1289 -117.822
1290 -117.401
1291 -117.052
1292 -116.911
1293 -116.842
1294 -116.91
1295 -117.074
1296 -117.218
1297 -117.27
1298 -117.215
1299 -117.127
1300 -116.928
1301 -116.719
1302 -116.479
1303 -116.35
1304 -116.434
1305 -116.746
1306 -117.273
1307 -117.824
1308 -118.24
1309 -118.44
1310 -118.565
1311 -118.62
1312 -118.669
1313 -118.634
1314 -118.66
1315 -118.681
1316 -118.77
1317 -118.888
1318 -119.047
1319 -119.203
1320 -119.337
1321 -119.286
1322 -119.149
1323 -118.964
1324 -118.729
1325 -118.544
1326 -118.304
1327 -118.146
1328 -118.095
1329 -118.249
1330 -118.423
1331 -118.546
1332 -118.529
1333 -118.346
1334 -117.877
1335 -117.341
1336 -116.997
1337 -116.752
1338 -116.624
1339 -116.6
1340 -116.887
1341 -117.169
1342 -117.33
1343 -117.173
1344 -116.907
1345 -116.677
1346 -116.466
1347 -116.301
1348 -116.113
1349 -116.188
1350 -116.563
1351 -117.217
1352 -117.781
1353 -118.237
1354 -118.394
1355 -118.41
1356 -118.304
1357 -118.157
1358 -118.064
1359 -118.106
1360 -118.295
1361 -118.551
1362 -118.77
1363 -118.9
1364 -118.94
1365 -119.001
1366 -119.05
1367 -119.018
1368 -118.956
1369 -118.793
1370 -118.513
1371 -118.246
1372 -118.084
1373 -118.044
1374 -118.054
1375 -118.172
1376 -118.311
1377 -118.367
1378 -118.21
1379 -117.821
1380 -117.373
1381 -116.948
1382 -116.598
1383 -116.609
1384 -116.798
1385 -117.144
1386 -117.332
1387 -117.311
1388 -117.179
1389 -116.97
1390 -116.752
1391 -116.534
1392 -116.393
1393 -116.256
1394 -116.417
1395 -116.835
1396 -117.362
1397 -117.89
1398 -118.276
1399 -118.521
1400 -118.472
1401 -118.367
1402 -118.299
1403 -118.395
1404 -118.482
1405 -118.558
1406 -118.649
1407 -118.82
1408 -118.976
1409 -119.158
1410 -119.256
1411 -119.28
1412 -119.213
1413 -119.073
1414 -118.865
1415 -118.564
1416 -118.322
1417 -118.159
1418 -118.15
1419 -118.255
1420 -118.327
1421 -118.37
1422 -118.272
1423 -118.024
1424 -117.767
1425 -117.509
1426 -117.212
1427 -116.914
1428 -116.755
1429 -116.779
1430 -116.956
1431 -117.215
1432 -117.278
1433 -117.126
1434 -116.916
1435 -116.7
1436 -116.42
1437 -116.175
1438 -116.07
1439 -116.33
1440 -116.908
1441 -117.623
1442 -118.165
1443 -118.371
1444 -118.395
1445 -118.321
1446 -118.329
1447 -118.402
1448 -118.455
1449 -118.54
1450 -118.573
1451 -118.763
1452 -119.017
1453 -119.24
1454 -119.383
1455 -119.508
1456 -119.545
1457 -119.405
1458 -119.14
1459 -118.857
1460 -118.616
1461 -118.378
1462 -118.28
1463 -118.205
1464 -118.307
1465 -118.411
1466 -118.564
1467 -118.47
1468 -118.152
1469 -117.871
1470 -117.61
1471 -117.497
1472 -117.212
1473 -117.146
1474 -117.153
1475 -117.289
1476 -117.378
1477 -117.366
1478 -117.24
1479 -117.043
1480 -116.857
1481 -116.727
1482 -116.497
1483 -116.393
1484 -116.655
1485 -117.225
1486 -117.862
1487 -118.371
1488 -118.598
1489 -118.67
1490 -118.658
1491 -118.661
1492 -118.778
1493 -118.87
1494 -118.87
1495 -118.886
1496 -119.101
1497 -119.342
1498 -119.491
1499 -119.649
1500 -119.665
1501 -119.641
1502 -119.447
1503 -119.276
1504 -118.975
1505 -118.702
1506 -118.618
1507 -118.6
1508 -118.608
1509 -118.544
1510 -118.654
1511 -118.725
1512 -118.636
1513 -118.336
1514 -117.871
1515 -117.36
1516 -116.964
1517 -116.89
1518 -116.986
1519 -117.164
1520 -117.299
1521 -117.5
1522 -117.486
1523 -117.334
1524 -117.013
1525 -116.777
1526 -116.551
1527 -116.453
1528 -116.463
1529 -116.736
1530 -117.12
1531 -117.748
1532 -118.352
1533 -118.714
1534 -118.778
1535 -118.65
1536 -118.63
1537 -118.754
1538 -118.838
1539 -118.876
1540 -118.907
1541 -119.101
1542 -119.372
1543 -119.522
1544 -119.479
1545 -119.436
1546 -119.542
1547 -119.483
1548 -119.265
1549 -118.873
1550 -118.541
1551 -118.373
1552 -118.426
1553 -118.528
1554 -118.654
1555 -118.857
1556 -118.887
1557 -118.616
1558 -118.072
1559 -117.556
1560 -117.092
1561 -116.806
1562 -116.78
1563 -116.936
1564 -117.257
1565 -117.435
1566 -117.422
1567 -117.258
1568 -117.181
1569 -116.916
1570 -116.727
1571 -116.59
1572 -116.61
1573 -116.639
1574 -116.884
1575 -117.39
1576 -117.908
1577 -118.425
1578 -118.695
1579 -118.796
1580 -118.718
1581 -118.709
1582 -118.703
1583 -118.665
1584 -118.623
1585 -118.675
1586 -118.977
1587 -119.272
1588 -119.397
1589 -119.432
1590 -119.472
1591 -119.451
1592 -119.456
1593 -119.327
1594 -118.954
1595 -118.57
1596 -118.41
1597 -118.467
1598 -118.563
1599 -118.63
1600 -118.706
1601 -118.684
1602 -118.456
1603 -118.036
1604 -117.592
1605 -117.137
1606 -116.797
1607 -116.751
1608 -116.89
1609 -117.143
1610 -117.347
1611 -117.365
1612 -117.247
1613 -117.077
1614 -116.873
1615 -116.645
1616 -116.402
1617 -116.334
1618 -116.47
1619 -116.886
1620 -117.402
1621 -117.986
1622 -118.509
1623 -118.779
1624 -118.823
1625 -118.726
1626 -118.698
1627 -118.715
1628 -118.737
1629 -118.604
1630 -118.447
1631 -118.406
1632 -118.497
1633 -118.587
1634 -118.415
1635 -118.007
1636 -117.623
1637 -117.256
1638 -116.602
1639 -115.793
1640 -114.958
1641 -114.39
1642 -114.109
1643 -113.834
1644 -113.427
1645 -112.872
1646 -112.365
1647 -111.9
1648 -111.2
1649 -110.317
1650 -109.294
1651 -108.389
1652 -107.542
1653 -106.822
1654 -106.19
1655 -105.781
1656 -105.416
1657 -105.037
1658 -104.589
1659 -104.109
1660 -103.716
1661 -103.509
1662 -103.326
1663 -103.223
1664 -103.182
1665 -103.233
1666 -103.383
1667 -103.614
1668 -103.683
1669 -103.74
1670 -103.798
1671 -104.009
1672 -104.375
1673 -104.761
1674 -105.149
1675 -105.568
1676 -105.921
1677 -106.318
1678 -106.651
1679 -107.038
1680 -107.475
1681 -107.951
1682 -108.456
1683 -108.903
1684 -109.349
1685 -109.79
1686 -110.212
1687 -110.581
1688 -110.956
1689 -111.227
1690 -111.488
1691 -111.698
1692 -111.848
1693 -111.971
1694 -112.157
1695 -112.396
1696 -112.648
1697 -112.827
1698 -112.997
1699 -113.211
1700 -113.464
1701 -113.713
1702 -113.833
1703 -113.85
1704 -113.822
1705 -113.837
1706 -113.846
1707 -113.93
1708 -114.015
1709 -114.146
1710 -114.202
1711 -114.183
1712 -114.075
1713 -114.019
1714 -114.038
1715 -114.175
1716 -114.373
1717 -114.571
1718 -114.625
1719 -114.591
1720 -114.517
1721 -114.452
1722 -114.442
1723 -114.526
1724 -114.639
1725 -114.716
1726 -114.798
1727 -114.819
1728 -114.804
1729 -114.81
1730 -114.833
1731 -114.865
1732 -114.877
1733 -114.862
1734 -114.866
1735 -114.903
1736 -114.953
1737 -115.005
1738 -115.013
1739 -114.976
1740 -114.96
1741 -114.96
1742 -115.007
1743 -115.06
1744 -115.103
1745 -115.133
1746 -115.109
1747 -115.082
1748 -115.091
1749 -115.111
1750 -115.161
1751 -115.185
1752 -115.169
1753 -115.109
1754 -115.028
1755 -114.236
1756 -113.754
1757 -113.793
1758 -113.829
1759 -113.484
1760 -112.753
1761 -111.807
1762 -110.966
1763 -110.421
1764 -110.086
1765 -109.786
1766 -109.415
1767 -108.916
1768 -108.266
1769 -107.579
1770 -106.897
1771 -106.306
1772 -105.86
1773 -105.412
1774 -104.878
1775 -104.228
1776 -103.522
1777 -102.82
1778 -102.183
1779 -101.529
1780 -100.888
1781 -100.246
1782 -99.6639
1783 -99.0515
1784 -98.4005
1785 -97.8311
1786 -97.2903
1787 -96.8199
1788 -96.2713
1789 -95.9251
1790 -95.6274
1791 -95.4701
1792 -95.3503
1793 -95.3594
1794 -95.5266
1795 -95.721
1796 -95.9088
1797 -96.0275
1798 -96.1402
1799 -96.3067
1800 -96.475
1801 -96.867
1802 -97.4052
1803 -98.0153
1804 -98.6446
1805 -99.3092
1806 -99.9477
1807 -100.685
1808 -101.363
1809 -102.008
1810 -102.59
1811 -103.222
1812 -103.818
1813 -104.312
1814 -104.705
1815 -105.111
1816 -105.473
1817 -105.779
1818 -105.993
1819 -106.148
1820 -106.283
1821 -106.678
1822 -107.066
1823 -107.36
1824 -107.469
1825 -107.477
1826 -107.529
1827 -107.435
1828 -107.321
1829 -107.206
1830 -107.229
1831 -107.537
1832 -108.055
1833 -108.574
1834 -108.979
1835 -109.176
1836 -109.23
1837 -108.972
1838 -108.573
1839 -108.134
1840 -107.809
1841 -107.493
1842 -107.258
1843 -106.938
1844 -106.551
1845 -106.201
1846 -105.918
1847 -105.677
1848 -105.571
1849 -105.663
1850 -105.894
1851 -106.111
1852 -106.376
1853 -106.768
1854 -107.241
1855 -107.752
1856 -108.239
1857 -108.601
1858 -108.87
1859 -109.144
1860 -109.217
1861 -109.208
1862 -109.076
1863 -108.869
1864 -108.675
1865 -108.422
1866 -108.345
1867 -108.436
1868 -108.719
1869 -108.97
1870 -109.032
1871 -108.993
1872 -108.904
1873 -108.827
1874 -108.71
1875 -108.761
1876 -108.924
1877 -109.104
1878 -109.254
1879 -109.314
1880 -109.391
1881 -109.458
1882 -109.485
1883 -109.359
1884 -109.074
1885 -108.594
1886 -108.073
1887 -107.596
1888 -107.191
1889 -106.862
1890 -106.676
1891 -106.631
1892 -106.531
1893 -106.351
1894 -106.23
1895 -106.247
1896 -106.361
1897 -106.634
1898 -107.102
1899 -107.637
1900 -108.102
1901 -108.449
1902 -108.844
1903 -109.126
1904 -109.333
1905 -109.322
1906 -109.263
1907 -109.092
1908 -108.983
1909 -108.87
1910 -108.668
1911 -108.5
1912 -108.584
1913 -108.932
1914 -109.247
1915 -109.227
1916 -109.063
1917 -108.928
1918 -108.817
1919 -108.755
1920 -108.755
1921 -108.861
1922 -109.006
1923 -109.113
1924 -109.298
1925 -109.432
1926 -109.555
1927 -109.544
1928 -109.379
1929 -108.93
1930 -108.395
1931 -107.943
1932 -107.496
1933 -107.161
1934 -106.989
1935 -106.926
1936 -106.764
1937 -106.57
1938 -106.371
1939 -106.272
1940 -106.278
1941 -106.424
1942 -106.815
1943 -107.219
1944 -107.672
1945 -108.1
1946 -108.561
1947 -108.95
1948 -109.25
1949 -109.41
1950 -109.377
1951 -109.229
1952 -109.041
1953 -108.973
1954 -108.883
1955 -108.735
1956 -108.632
1957 -108.662
1958 -108.916
1959 -109.218
1960 -109.371
1961 -109.209
1962 -108.988
1963 -108.786
1964 -108.639
1965 -108.521
1966 -108.512
1967 -108.865
1968 -109.252
1969 -109.462
1970 -109.527
1971 -109.374
1972 -108.961
1973 -108.316
1974 -107.632
1975 -106.879
1976 -106.166
1977 -105.696
1978 -105.307
1979 -104.777
1980 -104.232
1981 -103.848
1982 -103.498
1983 -103.461
1984 -103.583
1985 -103.966
1986 -104.507
1987 -105.094
1988 -105.645
1989 -106.042
1990 -106.395
1991 -106.766
1992 -107.092
1993 -107.208
1994 -107.121
1995 -106.855
1996 -106.567
1997 -106.323
1998 -106.297
1999 -106.318
2000 -106.355
2001 -106.485
2002 -106.746
2003 -106.969
2004 -107.091
2005 -107.19
2006 -107.179
2007 -107.092
2008 -107.188
2009 -107.394
2010 -107.826
2011 -108.346
2012 -108.68
2013 -108.838
2014 -108.737
2015 -108.227
2016 -107.488
2017 -106.856
2018 -106.428
2019 -106.047
2020 -105.794
2021 -105.535
2022 -105.235
2023 -104.963
2024 -104.756
2025 -104.6
2026 -104.704
2027 -105.09
2028 -105.602
2029 -106.145
2030 -106.635
2031 -107.12
2032 -107.502
2033 -107.718
2034 -107.703
2035 -107.528
2036 -107.359
2037 -107.183
2038 -107.04
2039 -107.131
2040 -107.32
2041 -107.641
2042 -107.811
2043 -107.802
2044 -107.729
2045 -107.622
2046 -107.53
2047 -107.644
2048 -107.946
2049 -108.367
2050 -108.816
2051 -108.972
2052 -108.774
2053 -108.321
2054 -107.581
2055 -106.858
2056 -106.264
2057 -105.903
2058 -105.715
2059 -105.613
2060 -105.511
2061 -105.453
2062 -105.476
2063 -105.661
2064 -106.152
2065 -106.78
2066 -107.353
2067 -107.937
2068 -108.481
2069 -108.89
2070 -108.956
2071 -108.868
2072 -108.56
2073 -108.153
2074 -107.827
2075 -107.509
2076 -107.468
2077 -107.761
2078 -108.06
2079 -108.263
2080 -108.261
2081 -108.106
2082 -107.949
2083 -107.82
2084 -107.834
2085 -108.134
2086 -108.633
2087 -109.152
2088 -109.333
2089 -109.126
2090 -108.434
2091 -107.601
2092 -106.947
2093 -106.47
2094 -106.095
2095 -105.848
2096 -105.685
2097 -105.538
2098 -105.648
2099 -105.768
2100 -106.037
2101 -106.603
2102 -107.203
2103 -107.724
2104 -108.165
2105 -108.526
2106 -108.828
2107 -108.984
2108 -108.921
2109 -108.59
2110 -108.242
2111 -107.936
2112 -107.686
2113 -107.727
2114 -108.03
2115 -108.373
2116 -108.539
2117 -108.482
2118 -108.275
2119 -107.998
2120 -107.85
2121 -107.973
2122 -108.331
2123 -108.752
2124 -109.146
2125 -109.286
2126 -109.097
2127 -108.399
2128 -107.543
2129 -106.83
2130 -106.33
2131 -106.001
2132 -105.877
2133 -105.734
2134 -105.704
2135 -105.8
2136 -105.881
2137 -106.088
2138 -106.475
2139 -107.045
2140 -107.625
2141 -108.224
2142 -108.737
2143 -109.011
2144 -109.047
2145 -108.75
2146 -108.35
2147 -108.052
2148 -107.749
2149 -107.551
2150 -107.672
2151 -108.037
2152 -108.373
2153 -108.538
2154 -108.415
2155 -108.128
2156 -107.98
2157 -108.01
2158 -108.367
2159 -109.003
2160 -109.771
2161 -110.358
2162 -110.602
2163 -110.426
2164 -109.852
2165 -109.381
2166 -109.193
2167 -109.156
2168 -109.435
2169 -109.893
2170 -110.217
2171 -110.602
2172 -110.987
2173 -111.423
2174 -112.14
2175 -113.047
2176 -114.026
2177 -114.998
2178 -116.073
2179 -117.051
2180 -117.826
2181 -118.475
2182 -118.859
2183 -119.169
2184 -119.353
2185 -119.55
2186 -119.819
2187 -120.197
2188 -120.814
2189 -121.607
2190 -122.459
2191 -123.094
2192 -123.532
2193 -123.725
2194 -123.631
2195 -123.415
2196 -123.081
2197 -122.99
2198 -122.99
2199 -122.982
2200 -122.955
2201 -122.756
2202 -122.465
2203 -122.111
2204 -121.786
2205 -121.617
2206 -121.545
2207 -121.469
2208 -121.352
2209 -121.144
2210 -120.667
2211 -120.167
2212 -119.661
2213 -119.313
2214 -118.965
2215 -118.591
2216 -118.219
2217 -117.752
2218 -117.273
2219 -116.806
2220 -116.345
2221 -115.909
2222 -115.526
2223 -115.181
2224 -114.877
2225 -114.619
2226 -114.357
2227 -114.113
2228 -113.816
2229 -113.519
2230 -113.261
2231 -113.033
2232 -112.883
2233 -112.754
2234 -112.639
2235 -112.554
2236 -112.451
2237 -112.383
2238 -112.287
2239 -112.172
2240 -112.045
2241 -111.949
2242 -111.82
2243 -111.703
2244 -111.615
2245 -111.541
2246 -111.492
2247 -111.44
2248 -111.383
2249 -111.309
2250 -111.195
2251 -111.112
2252 -111.06
2253 -111.06
2254 -111.087
2255 -111.057
2256 -111.037
2257 -111.008
2258 -110.969
2259 -110.924
2260 -110.856
2261 -110.787
2262 -110.747
2263 -110.658
2264 -110.578
2265 -110.499
2266 -110.43
2267 -110.42
2268 -110.449
2269 -110.455
2270 -110.451
2271 -110.398
2272 -110.342
2273 -110.288
2274 -110.261
2275 -110.258
2276 -110.279
2277 -110.283
2278 -110.253
2279 -110.24
2280 -110.232
2281 -110.259
2282 -110.296
2283 -110.313
2284 -110.312
2285 -110.308
2286 -110.307
2287 -110.306
2288 -110.351
2289 -110.499
2290 -111.313
2291 -111.662
2292 -111.562
2293 -111.554
2294 -111.957
2295 -112.768
2296 -113.749
2297 -114.602
2298 -115.17
2299 -115.518
2300 -115.782
2301 -116.127
2302 -116.678
2303 -117.397
2304 -118.185
2305 -118.914
2306 -119.455
2307 -119.874
2308 -120.298
2309 -120.789
2310 -121.401
2311 -122.031
2312 -122.717
2313 -123.386
2314 -124.099
2315 -124.871
2316 -125.621
2317 -126.419
2318 -127.16
2319 -127.813
2320 -128.361
2321 -128.844
2322 -129.509
2323 -130.296
2324 -131.088
2325 -131.584
2326 -131.835
2327 -131.893
2328 -131.905
2329 -131.949
2330 -132.091
2331 -132.194
2332 -132.231
2333 -132.188
2334 -131.971
2335 -131.755
2336 -131.454
2337 -131.262
2338 -131.048
2339 -130.845
2340 -130.652
2341 -130.336
2342 -130.037
2343 -129.663
2344 -129.287
2345 -128.728
2346 -128.092
2347 -127.539
2348 -127.057
2349 -126.578
2350 -125.964
2351 -125.418
2352 -124.807
2353 -124.149
2354 -123.689
2355 -123.345
2356 -123.022
2357 -122.719
2358 -122.474
2359 -122.034
2360 -121.326
2361 -120.632
2362 -119.979
2363 -119.611
2364 -119.643
2365 -119.944
2366 -120.475
2367 -120.953
2368 -121.23
2369 -121.205
2370 -121.125
2371 -121.043
2372 -120.869
2373 -120.788
2374 -120.767
2375 -120.921
2376 -120.975
2377 -120.734
2378 -120.485
2379 -120.133
2380 -119.671
2381 -119.303
2382 -119.131
2383 -119.108
2384 -119.342
2385 -119.501
2386 -119.238
2387 -118.724
2388 -118.098
2389 -117.585
2390 -117.29
2391 -117.282
2392 -117.471
2393 -117.783
2394 -117.92
2395 -117.758
2396 -117.458
2397 -117.07
2398 -116.856
2399 -117.084
2400 -117.638
2401 -118.491
2402 -119.285
2403 -119.66
2404 -119.723
2405 -119.446
2406 -119.108
2407 -118.986
2408 -119.134
2409 -119.49
2410 -119.812
2411 -119.828
2412 -119.619
2413 -119.283
2414 -118.769
2415 -118.397
2416 -118.3
2417 -118.427
2418 -118.847
2419 -119.054
2420 -118.816
2421 -118.382
2422 -117.785
2423 -117.18
2424 -116.759
2425 -116.778
2426 -117.168
2427 -117.501
2428 -117.636
2429 -117.435
2430 -117.01
2431 -116.648
2432 -116.601
2433 -117.063
2434 -117.98
2435 -118.885
2436 -119.419
2437 -119.618
2438 -119.306
2439 -118.868
2440 -118.61
2441 -118.605
2442 -118.92
2443 -119.458
2444 -119.732
2445 -119.686
2446 -119.496
2447 -119.022
2448 -118.542
2449 -118.141
2450 -118.188
2451 -118.454
2452 -118.714
2453 -118.781
2454 -118.389
2455 -117.798
2456 -117.2
2457 -116.738
2458 -116.63
2459 -116.936
2460 -117.31
2461 -117.635
2462 -117.681
2463 -117.411
2464 -117.025
2465 -116.646
2466 -116.642
2467 -117.193
2468 -118.03
2469 -118.869
2470 -119.333
2471 -119.418
2472 -119.242
2473 -118.823
2474 -118.529
2475 -118.67
2476 -119.045
2477 -119.647
2478 -120.029
2479 -119.985
2480 -119.741
2481 -119.113
2482 -118.518
2483 -118.206
2484 -118.182
2485 -118.436
2486 -118.817
2487 -118.814
2488 -118.402
2489 -117.69
2490 -117.036
2491 -116.681
2492 -116.609
2493 -116.884
2494 -117.289
2495 -117.485
2496 -117.501
2497 -117.202
2498 -116.766
2499 -116.53
2500 -116.746
2501 -117.408
2502 -118.339
2503 -119.05
2504 -119.436
2505 -119.472
2506 -119.143
2507 -118.752
2508 -118.626
2509 -118.751
2510 -119.255
2511 -119.777
2512 -120.009
2513 -119.943
2514 -119.544
2515 -118.912
2516 -118.378
2517 -118.052
2518 -118.157
2519 -118.547
2520 -118.773
2521 -118.696
2522 -118.191
2523 -117.596
2524 -117.102
2525 -116.836
2526 -116.923
2527 -117.3
2528 -117.62
2529 -117.726
2530 -117.542
2531 -117.223
2532 -116.871
2533 -116.784
2534 -117.28
2535 -118.051
2536 -118.864
2537 -119.436
2538 -119.533
2539 -119.425
2540 -119.207
2541 -118.909
2542 -118.858
2543 -119.182
2544 -119.667
2545 -119.997
2546 -120.122
2547 -119.979
2548 -119.46
2549 -118.817
2550 -118.355
2551 -118.178
2552 -118.391
2553 -118.736
2554 -118.883
2555 -118.627
2556 -117.993
2557 -117.292
2558 -116.799
2559 -116.724
2560 -116.996
2561 -117.382
2562 -117.671
2563 -117.56
2564 -117.218
2565 -116.857
2566 -116.51
2567 -116.734
2568 -117.434
2569 -118.28
2570 -119.159
2571 -119.53
2572 -119.449
2573 -119.209
2574 -118.917
2575 -118.764
2576 -118.937
2577 -119.239
2578 -119.655
2579 -119.997
2580 -120.039
2581 -119.806
2582 -119.098
2583 -118.448
2584 -118.113
2585 -118.094
2586 -118.503
2587 -118.86
2588 -118.765
2589 -118.442
2590 -117.825
2591 -117.044
2592 -116.69
2593 -116.635
2594 -117.009
2595 -117.55
2596 -117.751
2597 -117.554
2598 -117.257
2599 -116.741
2600 -116.543
2601 -116.912
2602 -117.654
2603 -118.662
2604 -119.427
2605 -119.672
2606 -119.473
2607 -119.096
2608 -118.815
2609 -118.744
2610 -118.939
2611 -119.419
2612 -119.778
2613 -119.97
2614 -119.977
2615 -119.543
2616 -118.89
2617 -118.381
2618 -118.047
2619 -118.091
2620 -118.526
2621 -118.739
2622 -118.693
2623 -118.257
2624 -117.626
2625 -116.926
2626 -116.53
2627 -116.449
2628 -116.587
2629 -116.763
2630 -116.633
2631 -116.117
2632 -115.434
2633 -114.694
2634 -114.297
2635 -114.51
2636 -115.074
2637 -115.633
2638 -115.928
2639 -115.699
2640 -115.071
2641 -114.13
2642 -113.292
2643 -112.768
2644 -112.622
2645 -112.723
2646 -112.686
2647 -112.455
2648 -111.856
2649 -110.92
2650 -109.768
2651 -108.575
2652 -107.648
2653 -107.141
2654 -106.9
2655 -106.643
2656 -106.344
2657 -105.968
2658 -105.289
2659 -104.215
2660 -103.095
2661 -102.19
2662 -101.659
2663 -101.448
2664 -101.409
2665 -101.418
2666 -101.338
2667 -101.208
2668 -100.975
2669 -100.851
2670 -100.819
2671 -100.945
2672 -101.173
2673 -101.454
2674 -101.609
2675 -101.75
2676 -101.989
2677 -102.234
2678 -102.466
2679 -102.812
2680 -103.194
2681 -103.647
2682 -103.949
2683 -104.223
2684 -104.528
2685 -104.938
2686 -105.436
2687 -105.949
2688 -106.531
2689 -107.118
2690 -107.65
2691 -108.136
2692 -108.603
2693 -109.071
2694 -109.546
2695 -109.99
2696 -110.355
2697 -110.625
2698 -110.832
2699 -110.996
2700 -111.143
2701 -111.228
2702 -111.385
2703 -111.619
2704 -111.912
2705 -112.209
2706 -112.447
2707 -112.578
2708 -112.648
2709 -112.731
2710 -112.863
2711 -113.054
2712 -113.238
2713 -113.359
2714 -113.399
2715 -113.424
2716 -113.492
2717 -113.566
2718 -113.669
2719 -113.755
2720 -113.814
2721 -113.881
2722 -113.925
2723 -113.96
2724 -114.005
2725 -114.087
2726 -114.152
2727 -114.216
2728 -114.22
2729 -114.172
2730 -114.104
2731 -114.096
2732 -114.174
2733 -114.28
2734 -114.414
2735 -114.523
2736 -114.56
2737 -114.538
2738 -114.495
2739 -114.451
2740 -114.495
2741 -114.57
2742 -114.615
2743 -114.649
2744 -114.616
2745 -114.581
2746 -114.551
2747 -114.558
2748 -114.598
2749 -114.619
2750 -114.606
2751 -114.583
2752 -114.584
2753 -114.615
2754 -114.66
2755 -114.66
2756 -114.641
2757 -114.62
2758 -114.62
2759 -114.635
2760 -114.648
2761 -114.611
2762 -113.981
2763 -113.337
2764 -113.286
2765 -113.29
2766 -113.051
2767 -112.385
2768 -111.479
2769 -110.622
2770 -109.991
2771 -109.622
2772 -109.335
2773 -109.019
2774 -108.582
2775 -107.999
2776 -107.308
2777 -106.55
2778 -105.832
2779 -105.247
2780 -104.76
2781 -104.261
2782 -103.694
2783 -103.021
2784 -102.292
2785 -101.592
2786 -100.929
2787 -100.301
2788 -99.758
2789 -99.2389
2790 -98.6075
2791 -97.8552
2792 -97.0619
2793 -96.1974
2794 -95.435
2795 -94.6916
2796 -94.0827
2797 -93.5075
2798 -93.0378
2799 -92.7171
2800 -92.5605
2801 -92.4673
2802 -92.4167
2803 -92.2816
2804 -92.1096
2805 -92.0576
2806 -92.1958
2807 -92.5237
2808 -92.8044
2809 -93.0157
2810 -93.3873
2811 -94.0243
2812 -94.8152
2813 -95.5162
2814 -96.051
2815 -96.5861
2816 -97.1365
2817 -97.5894
2818 -98.1759
2819 -98.7539
2820 -99.4142
2821 -99.9213
2822 -100.404
2823 -100.826
2824 -101.219
2825 -101.595
2826 -101.921
2827 -102.253
2828 -102.59
2829 -103.025
2830 -103.304
2831 -103.563
2832 -103.834
2833 -104.243
2834 -104.742
2835 -105.478
2836 -106.121
2837 -106.553
2838 -106.641
2839 -106.338
2840 -105.76
2841 -105.169
2842 -104.753
2843 -104.31
2844 -103.972
2845 -103.713
2846 -103.71
2847 -103.959
2848 -104.208
2849 -104.552
2850 -105.145
2851 -105.903
2852 -106.622
2853 -107.22
2854 -107.668
2855 -107.942
2856 -108.131
2857 -108.046
2858 -107.835
2859 -107.584
2860 -107.331
2861 -107.238
2862 -107.431
2863 -107.743
2864 -108.017
2865 -108.079
2866 -107.86
2867 -107.642
2868 -107.57
2869 -107.88
2870 -108.512
2871 -109.118
2872 -109.391
2873 -109.17
2874 -108.35
2875 -107.432
2876 -106.631
2877 -106.045
2878 -105.644
2879 -105.405
2880 -105.266
2881 -105.278
2882 -105.423
2883 -105.661
2884 -106.262
2885 -107.037
2886 -107.799
2887 -108.532
2888 -109.078
2889 -109.347
2890 -109.326
2891 -108.984
2892 -108.526
2893 -108.109
2894 -107.783
2895 -107.807
2896 -108.08
2897 -108.342
2898 -108.635
2899 -108.608
2900 -108.271
2901 -108
2902 -107.949
2903 -108.323
2904 -108.939
2905 -109.473
2906 -109.708
2907 -109.356
2908 -108.475
2909 -107.465
2910 -106.628
2911 -106.091
2912 -105.879
2913 -105.705
2914 -105.635
2915 -105.738
2916 -105.818
2917 -106.178
2918 -106.793
2919 -107.487
2920 -108.264
2921 -108.867
2922 -109.224
2923 -109.395
2924 -109.28
2925 -108.998
2926 -108.599
2927 -108.195
2928 -107.919
2929 -108
2930 -108.272
2931 -108.62
2932 -108.811
2933 -108.669
2934 -108.369
2935 -108.213
2936 -108.25
2937 -108.586
2938 -109.129
2939 -109.624
2940 -109.749
2941 -109.276
2942 -108.263
2943 -107.227
2944 -106.474
2945 -106.029
2946 -105.798
2947 -105.738
2948 -105.73
2949 -105.777
2950 -105.973
2951 -106.391
2952 -107.095
2953 -107.859
2954 -108.513
2955 -109.066
2956 -109.338
2957 -109.423
2958 -109.158
2959 -108.805
2960 -108.403
2961 -107.923
2962 -107.704
2963 -107.894
2964 -108.17
2965 -108.486
2966 -108.677
2967 -108.564
2968 -108.306
2969 -108.108
2970 -108.22
2971 -108.605
2972 -109.12
2973 -109.524
2974 -109.463
2975 -108.778
2976 -107.751
2977 -106.758
2978 -106.027
2979 -105.663
2980 -105.553
2981 -105.559
2982 -105.7
2983 -105.754
2984 -105.93
2985 -106.469
2986 -107.201
2987 -107.94
2988 -108.6
2989 -109.048
2990 -109.338
2991 -109.329
2992 -109.006
2993 -108.526
2994 -108.099
2995 -107.766
2996 -107.782
2997 -108.03
2998 -108.288
2999 -108.523
3000 -108.531
3001 -108.313
3002 -108.109
3003 -108.091
3004 -108.292
3005 -108.674
3006 -109.128
3007 -109.315
3008 -109.095
3009 -108.248
3010 -107.257
3011 -106.478
3012 -105.958
3013 -105.722
3014 -105.566
3015 -105.58
3016 -105.737
3017 -105.877
3018 -106.169
3019 -106.685
3020 -107.312
3021 -108.032
3022 -108.667
3023 -109.133
3024 -109.302
3025 -109.095
3026 -108.619
3027 -108.144
3028 -107.73
3029 -107.472
3030 -107.604
3031 -107.979
3032 -108.334
3033 -108.57
3034 -108.446
3035 -108.233
3036 -107.999
3037 -107.978
3038 -108.23
3039 -108.657
3040 -109.103
3041 -109.232
3042 -108.72
3043 -107.89
3044 -107.074
3045 -106.341
3046 -105.828
3047 -105.574
3048 -105.492
3049 -105.56
3050 -105.735
3051 -105.884
3052 -106.291
3053 -106.915
3054 -107.561
3055 -108.259
3056 -108.832
3057 -109.152
3058 -109.183
3059 -108.948
3060 -108.447
3061 -108.018
3062 -107.635
3063 -107.528
3064 -107.737
3065 -108.017
3066 -108.254
3067 -108.363
3068 -108.307
3069 -108.159
3070 -108.02
3071 -108.088
3072 -108.364
3073 -108.845
3074 -109.207
3075 -109.129
3076 -108.474
3077 -107.517
3078 -106.64
3079 -105.97
3080 -105.678
3081 -105.602
3082 -105.583
3083 -105.686
3084 -105.744
3085 -105.951
3086 -106.378
3087 -107.03
3088 -107.787
3089 -108.502
3090 -109
3091 -109.159
3092 -108.987
3093 -108.667
3094 -108.229
3095 -107.803
3096 -107.589
3097 -107.639
3098 -108.028
3099 -108.502
3100 -108.88
3101 -109.091
3102 -109.134
3103 -109.112
3104 -109.24
3105 -109.691
3106 -110.49
3107 -111.387
3108 -112.024
3109 -112.209
3110 -111.733
3111 -111.2
3112 -110.926
3113 -110.767
3114 -111.216
3115 -111.857
3116 -112.457
3117 -112.982
3118 -113.45
3119 -113.987
3120 -114.879
3121 -115.892
3122 -116.924
3123 -117.904
3124 -118.815
3125 -119.699
3126 -120.396
3127 -120.919
3128 -121.226
3129 -121.264
3130 -121.252
3131 -121.347
3132 -121.584
3133 -122.105
3134 -122.851
3135 -123.662
3136 -124.318
3137 -124.638
3138 -124.514
3139 -124.182
3140 -123.843
3141 -123.654
3142 -123.61
3143 -123.6
3144 -123.53
3145 -123.311
3146 -122.969
3147 -122.659
3148 -122.314
3149 -122.072
3150 -121.902
3151 -121.661
3152 -121.438
3153 -121.273
3154 -121.116
3155 -120.896
3156 -120.498
3157 -119.872
3158 -119.291
3159 -118.802
3160 -118.476
3161 -118.206
3162 -117.827
3163 -117.341
3164 -116.725
3165 -116.091
3166 -115.513
3167 -115.085
3168 -114.854
3169 -114.718
3170 -114.606
3171 -114.465
3172 -114.235
3173 -113.882
3174 -113.596
3175 -113.363
3176 -113.21
3177 -113.086
3178 -112.928
3179 -112.799
3180 -112.66
3181 -112.492
3182 -112.338
3183 -112.137
3184 -111.934
3185 -111.757
3186 -111.709
3187 -111.635
3188 -111.588
3189 -111.535
3190 -111.489
3191 -111.445
3192 -111.35
3193 -111.212
3194 -111.086
3195 -111.014
3196 -111.03
3197 -111.03
3198 -111.033
3199 -111.025
3200 -110.971
3201 -110.926
3202 -110.882
3203 -110.83
3204 -110.807
3205 -110.777
3206 -110.739
3207 -110.717
3208 -110.687
3209 -110.648
3210 -110.617
3211 -110.563
3212 -110.57
3213 -110.57
3214 -110.58
3215 -110.57
3216 -110.57
3217 -110.545
3218 -110.53
3219 -110.515
3220 -110.51
3221 -110.534
3222 -110.54
3223 -110.528
3224 -110.501
3225 -110.48
3226 -110.489
3227 -110.514
3228 -110.557
3229 -110.56
3230 -110.552
3231 -110.55
3232 -110.526
3233 -110.53
3234 -110.522
3235 -110.525
3236 -110.518
3237 -110.506
3238 -110.497
3239 -110.492
3240 -110.5
3241 -110.51
3242 -110.497
3243 -110.494
3244 -110.52
3245 -110.53
3246 -110.53
3247 -110.529
3248 -110.52
3249 -110.531
3250 -110.534
3251 -110.54
3252 -110.54
3253 -110.54
3254 -110.56
3255 -110.55
3256 -110.53
3257 -110.521
3258 -110.516
3259 -110.51
3260 -110.52
3261 -110.52
3262 -110.551
3263 -110.57
3264 -110.58
3265 -110.572
3266 -110.55
3267 -110.558
3268 -110.58
3269 -110.596
3270 -110.597
3271 -110.582
3272 -110.58
3273 -110.566
3274 -110.54
3275 -110.547
3276 -110.584
3277 -110.613
3278 -110.62
3279 -110.601
3280 -110.589
3281 -110.58
3282 -110.591
3283 -110.588
3284 -110.591
3285 -110.604
3286 -110.59
3287 -110.59
3288 -110.58
3289 -110.59
3290 -110.6
3291 -110.615
3292 -110.63
3293 -110.629
3294 -110.649
3295 -110.646
3296 -110.64
3297 -110.636
3298 -110.648
3299 -110.66
3300 -110.66
3301 -110.65
3302 -110.622
3303 -110.613
3304 -110.62
3305 -110.637
3306 -110.638
3307 -110.64
3308 -110.647
3309 -110.668
3310 -110.674
3311 -110.684
3312 -110.7
3313 -110.708
3314 -110.7
3315 -110.699
3316 -110.696
3317 -110.711
3318 -110.726
3319 -110.718
3320 -110.694
3321 -110.699
3322 -110.701
3323 -110.71
3324 -110.715
3325 -110.71
3326 -110.725
3327 -110.72
3328 -110.725
3329 -110.72
3330 -110.726
3331 -110.739
3332 -110.734
3333 -110.731
3334 -110.726
3335 -110.72
3336 -110.74
3337 -110.732
3338 -110.73
3339 -110.73
3340 -110.734
3341 -110.752
3342 -110.75
3343 -110.75
3344 -110.735
3345 -110.757
3346 -110.75
3347 -110.743
3348 -110.74
3349 -110.747
3350 -110.75
3351 -110.75
3352 -110.743
3353 -110.766
3354 -110.781
3355 -110.784
3356 -110.789
3357 -110.774
3358 -110.761
3359 -110.785
3360 -110.8
3361 -110.8
3362 -110.81
3363 -110.81
3364 -110.8
3365 -110.795
3366 -110.8
3367 -110.794
3368 -110.809
3369 -110.8
3370 -110.782
3371 -110.786
3372 -110.797
3373 -110.814
3374 -110.828
3375 -110.823
3376 -110.814
3377 -110.833
3378 -110.832
3379 -110.817
3380 -110.833
3381 -110.838
3382 -110.837
3383 -110.812
3384 -110.82
3385 -110.822
3386 -110.837
3387 -110.86
3388 -110.853
3389 -110.849
3390 -110.846
3391 -110.84
3392 -110.828
3393 -110.829
3394 -110.82
3395 -110.84
3396 -110.845
3397 -110.84
3398 -110.84
3399 -110.86
