0 -104.287
1 -103.727
2 -104.433
3 -103.903
4 -103.158
5 -104.722
6 -104.118
7 -102.93
8 -105.498
9 -103.141
10 -103.652
11 -104.705
12 -103.622
13 -103.345
14 -103.969
15 -102.887
16 -102.755
17 -102.841
18 -105.13
19 -104.646
20 -104.895
21 -102.936
22 -103.056
23 -104.922
24 -104.555
25 -103.423
26 -104.679
27 -103.743
28 -105.917
29 -104.204
30 -105.077
31 -105.516
32 -105.787
33 -106.477
34 -106.512
35 -109.633
36 -107.562
37 -108.442
38 -108.408
39 -109.792
40 -109.565
41 -110.38
42 -112.952
43 -112.095
44 -112.602
45 -112.153
46 -114.922
47 -114.763
48 -114.813
49 -115.577
50 -115.13
51 -116.209
52 -116.968
53 -117.6
54 -118.76
55 -119.586
56 -119.403
57 -120.253
58 -121.063
59 -122.098
60 -122.559
61 -121.699
62 -122.659
63 -121.148
64 -124.563
65 -124.13
66 -124.335
67 -123.441
68 -123.019
69 -124.1
70 -123.61
71 -124.08
72 -122.06
73 -124.074
74 -122.662
75 -122.1
76 -122.991
77 -121.487
78 -121.287
79 -121.482
80 -121.133
81 -120.324
82 -119.541
83 -119.382
84 -117.601
85 -118.308
86 -117.561
87 -118.177
88 -117.674
89 -116.748
90 -116.468
91 -115.468
92 -114.662
93 -114.809
94 -115.372
95 -111.849
96 -114.497
97 -113.094
98 -113.673
99 -113.27
100 -112.837
101 -113.094
102 -111.61
103 -110.206
104 -110.532
105 -112.558
106 -110.577
107 -111.494
108 -111.047
109 -113.983
110 -112.155
111 -112.983
112 -114.773
113 -112.201
114 -112.624
115 -113.307
116 -113.4
117 -111.927
118 -114.459
119 -112.241
120 -111.926
121 -112.99
122 -111.908
123 -112.695
124 -111.584
125 -112.601
126 -110.811
127 -110.235
128 -111.408
129 -112.344
130 -110.963
131 -112.041
132 -111.122
133 -112.449
134 -111.973
135 -110.439
136 -112.752
137 -110.634
138 -110.927
139 -110.674
140 -112.023
141 -111.377
142 -112.075
143 -110.555
144 -109.82
145 -108.472
146 -111.002
147 -109.554
148 -110.678
149 -110.888
150 -112.071
151 -112.149
152 -112.594
153 -112.511
154 -110.888
155 -112.996
156 -113.245
157 -112.546
158 -111.97
159 -113.568
160 -114.039
161 -113.313
162 -113.425
163 -112.099
164 -112.287
165 -113.011
166 -112.987
167 -111.683
168 -111.982
169 -111.731
170 -112.921
171 -112.604
172 -112.129
173 -112.347
174 -111.828
175 -111.855
176 -109.079
177 -110.791
178 -110.849
179 -111.009
180 -111.107
181 -111.376
182 -111.197
183 -110.487
184 -109.344
185 -110.38
186 -109.95
187 -110.673
188 -110.524
189 -112.159
190 -111.165
191 -111.75
192 -112.862
193 -113.9
194 -113.745
195 -113.409
196 -112.668
197 -114.37
198 -113.336
199 -112.714
200 -113.572
201 -114.241
202 -114.728
203 -114.517
204 -112.433
205 -114.689
206 -113.767
207 -112.712
208 -113.084
209 -111.034
210 -112.461
211 -112.427
212 -111.746
213 -112.65
214 -113.479
215 -111.958
216 -111.972
217 -111.009
218 -112.666
219 -111.814
220 -110.974
221 -112.117
222 -112.04
223 -112.145
224 -111.456
225 -110.461
226 -111.789
227 -110.568
228 -110.028
229 -111.953
230 -112.583
231 -112.985
232 -113.32
233 -113.129
234 -114.878
235 -114.09
236 -114.012
237 -114.514
238 -115.215
239 -113.722
240 -113.973
241 -115.185
242 -115.603
243 -113.355
244 -115.802
245 -114.276
246 -112.475
247 -114.057
248 -114.113
249 -113.321
250 -112.255
251 -112.752
252 -112.889
253 -114.125
254 -113.026
255 -112.665
256 -113.122
257 -113.95
258 -112.905
259 -113.637
260 -113.225
261 -111.924
262 -112.948
263 -112.119
264 -112.002
265 -112.39
266 -112.531
267 -112.722
268 -111.366
269 -112.704
270 -111.753
271 -112.345
272 -113.944
273 -115.212
274 -115.274
275 -114.905
276 -114.015
277 -115.699
278 -111.794
279 -115.573
280 -113.82
281 -114.779
282 -114.113
283 -114.561
284 -114.541
285 -114.297
286 -114.531
287 -114.55
288 -112.543
289 -114.755
290 -114.536
291 -113.759
292 -112.94
293 -113.214
294 -114.407
295 -112.964
296 -113.897
297 -113.436
298 -112.556
299 -112.968
300 -112.757
301 -112.587
302 -114.093
303 -111.773
304 -113.923
305 -112.286
306 -112.899
307 -112.843
308 -112.563
309 -113.539
310 -112.976
311 -112.573
312 -112.332
313 -115.838
314 -114.887
315 -115.69
316 -114.397
317 -114.65
318 -114.669
319 -114.374
320 -114.637
321 -115.429
322 -115.791
323 -116.837
324 -115
325 -116.189
326 -116.647
327 -114.452
328 -113.084
329 -112.714
330 -113.568
331 -114.736
332 -113.54
333 -114.637
334 -113.845
335 -114.532
336 -113.002
337 -112.228
338 -112.702
339 -114.125
340 -114.257
341 -113.928
342 -113.47
343 -114.082
344 -115.408
345 -113.193
346 -112.884
347 -113.113
348 -114.564
349 -112.505
350 -110.392
351 -112.116
352 -113.641
353 -113.374
354 -113.121
355 -114.446
356 -114.891
357 -114.545
358 -114.724
359 -113.535
360 -114.275
361 -114.764
362 -115.609
363 -115.849
364 -116.617
365 -113.951
366 -115.255
367 -116.785
368 -113.962
369 -114.463
370 -113.785
371 -114.168
372 -113.44
373 -114.31
374 -114.453
375 -114.342
376 -115.434
377 -113.616
378 -114.879
379 -114.429
380 -112.284
381 -113.571
382 -113.789
383 -115.533
384 -113.538
385 -111.188
386 -113.764
387 -114.222
388 -112.619
389 -112.583
390 -111.766
391 -111.804
392 -113.876
393 -114.817
394 -114.519
395 -113.511
396 -115.325
397 -116.246
398 -115.325
399 -114.541
400 -113.96
401 -116.282
402 -115.225
403 -115.317
404 -115.596
405 -114.579
406 -114.35
407 -116.249
408 -115.827
409 -113.977
410 -114.31
411 -114.29
412 -115.669
413 -114.534
414 -115.043
415 -114.782
416 -114.764
417 -113.704
418 -113.82
419 -113.051
420 -112.379
421 -112.832
422 -111.947
423 -114.624
424 -114.732
425 -112.575
426 -112.759
427 -114.437
428 -113.633
429 -112.003
430 -111.667
431 -112.706
432 -111.625
433 -114.31
434 -114.181
435 -115.672
436 -113.91
437 -113.455
438 -113.909
439 -114.101
440 -113.331
441 -113.323
442 -112.732
443 -112.017
444 -113.24
445 -110.388
446 -111.634
447 -112.735
448 -111.208
449 -110.476
450 -108.291
451 -107.566
452 -107.721
453 -107.32
454 -108.198
455 -106.389
456 -105.566
457 -105.882
458 -105.234
459 -102.695
460 -105.242
461 -101.277
462 -100.414
463 -100.688
464 -101.109
465 -99.2601
466 -100.701
467 -99.366
468 -99.512
469 -98.4716
470 -97.3043
471 -97.3827
472 -98.2993
473 -98.2817
474 -97.904
475 -99.9224
476 -98.1807
477 -96.9835
478 -99.1023
479 -100.459
480 -99.0364
481 -100.207
482 -99.9498
483 -99.9876
484 -100.577
485 -99.501
486 -101.44
487 -100.714
488 -101.995
489 -102.176
490 -103.335
491 -103.998
492 -103.74
493 -103.653
494 -105.456
495 -105.625
496 -106.077
497 -105.45
498 -105.629
499 -107.9
500 -107.212
501 -108.532
502 -105.323
503 -106.661
504 -107.828
505 -107.408
506 -106.368
507 -108.534
508 -107.034
509 -108.967
510 -108.7
511 -109.028
512 -108.952
513 -108.906
514 -109.216
515 -109.182
516 -107.426
517 -108.722
518 -109.339
519 -109.984
520 -110.288
521 -109.472
522 -109.387
523 -109.615
524 -110.076
525 -109.098
526 -109.339
527 -110.233
528 -109.286
529 -110.405
530 -109.601
531 -109.929
532 -110.343
533 -111.224
534 -109.981
535 -111.656
536 -110.565
537 -109.903
538 -110.033
539 -109.768
540 -109.519
541 -112.698
542 -109.855
543 -109.021
544 -111.049
545 -112.288
546 -110.606
547 -110.281
548 -110.703
549 -109.99
550 -110.373
551 -110.914
552 -109.617
553 -110.605
554 -110.887
555 -111.328
556 -109.793
557 -110.406
558 -111.956
559 -109.787
560 -110.035
561 -109.831
562 -109.326
563 -110.017
564 -109.101
565 -109.955
566 -110.052
567 -108.601
568 -109.312
569 -107.766
570 -106.889
571 -106.896
572 -105.097
573 -104.631
574 -105.284
575 -103.763
576 -102.264
577 -103.145
578 -101.751
579 -100.988
580 -101.513
581 -100.867
582 -100.888
583 -99.4972
584 -99.6372
585 -98.3074
586 -96.2958
587 -97.5955
588 -95.5453
589 -94.8839
590 -93.1891
591 -93.2425
592 -92.8484
593 -92.9054
594 -90.8182
595 -92.3651
596 -91.7665
597 -90.5098
598 -90.1584
599 -90.8793
600 -88.6413
601 -89.5282
602 -89.4811
603 -90.5659
604 -90.512
605 -88.8777
606 -89.0916
607 -88.6808
608 -89.864
609 -90.5291
610 -90.7642
611 -91.6097
612 -92.7006
613 -92.5865
614 -94.5017
615 -94.8272
616 -94.2058
617 -95.5206
618 -95.2455
619 -96.0763
620 -96.2826
621 -96.9989
622 -97.3566
623 -99.8314
624 -99.0871
625 -98.7803
626 -99.9618
627 -100.457
628 -100.529
629 -99.8292
630 -101.073
631 -100.765
632 -100.515
633 -100.205
634 -101.133
635 -100.911
636 -102.058
637 -101.773
638 -102.265
639 -102.841
640 -103.174
641 -104.631
642 -103.077
643 -102.787
644 -102.109
645 -103.39
646 -103.842
647 -102.528
648 -101.763
649 -102.398
650 -100.197
651 -102.129
652 -100.808
653 -101.212
654 -99.2097
655 -101.25
656 -99.8697
657 -102.013
658 -101.856
659 -102.675
660 -104.096
661 -103.801
662 -104.239
663 -104.034
664 -103.556
665 -104.464
666 -102.428
667 -102.939
668 -103.442
669 -103.187
670 -103.88
671 -102.539
672 -103.485
673 -103.739
674 -103.282
675 -105.016
676 -103.33
677 -102.972
678 -101.972
679 -103.171
680 -103.088
681 -104.217
682 -105.407
683 -105.052
684 -104.497
685 -104.857
686 -107.007
687 -103.421
688 -100.687
689 -101.799
690 -99.8762
691 -101.176
692 -101.111
693 -101.77
694 -101.936
695 -99.9292
696 -101.131
697 -102.507
698 -103.303
699 -102.24
700 -104.282
701 -103.074
702 -103.889
703 -104.779
704 -105.083
705 -103.32
706 -105.092
707 -104.226
708 -105.443
709 -104.158
710 -103.294
711 -104.131
712 -103.183
713 -103.026
714 -104.165
715 -103.224
716 -104.674
717 -102.8
718 -101.964
719 -103.635
720 -104.17
721 -102.91
722 -105.283
723 -104.743
724 -105.22
725 -105.116
726 -103.178
727 -102.329
728 -102.318
729 -104.22
730 -103.429
731 -101.51
732 -101.989
733 -102.381
734 -101.314
735 -102.561
736 -100.88
737 -100.956
738 -101.624
739 -102.689
740 -101.787
741 -103.858
742 -104.746
743 -103.258
744 -103.345
745 -103.949
746 -102.006
747 -105.137
748 -102.67
749 -103.95
750 -103.914
751 -103.115
752 -104.02
753 -103.585
754 -104.321
755 -104.278
756 -105.441
757 -103.298
758 -102.573
759 -103.509
760 -103.455
761 -103.575
762 -104.167
763 -104.062
764 -105.511
765 -104.526
766 -103.946
767 -102.842
768 -102.907
769 -102.642
770 -101.408
771 -102.038
772 -101.563
773 -103.044
774 -101.209
775 -101.238
776 -100.684
777 -99.6125
778 -101.271
779 -102.423
780 -101.405
781 -102.161
782 -103.444
783 -103.968
784 -104.573
785 -104.493
786 -104.896
787 -105.333
788 -103.841
789 -103.902
790 -102.908
791 -104.045
792 -103.155
793 -103.092
794 -103.23
795 -103.553
796 -103.509
797 -101.848
798 -103.026
799 -103.538
800 -101.571
801 -101.952
802 -102.5
803 -103.425
804 -104.838
805 -103.505
806 -103.485
807 -103.113
808 -100.703
809 -100.579
810 -100.225
811 -101.554
812 -102.223
813 -101.047
814 -101.582
815 -100.057
816 -100.477
817 -101.258
818 -101.469
819 -101.156
820 -101.539
821 -102.914
822 -102.712
823 -103.905
824 -102.647
825 -103.475
826 -103.367
827 -103.449
828 -102.363
829 -100.596
830 -101.584
831 -102.426
832 -103.009
833 -103.607
834 -102.343
835 -102.944
836 -102.581
837 -103.057
838 -102.357
839 -102.871
840 -102.842
841 -101.743
842 -104.144
843 -103.604
844 -105.68
845 -103.884
846 -103.019
847 -104.344
848 -102.903
849 -102.538
850 -100.302
851 -101.756
852 -100.443
853 -101.672
854 -101.205
855 -99.8757
856 -100.27
857 -99.9259
858 -99.6687
859 -101.054
860 -100.009
861 -101.043
862 -101.602
863 -103.425
864 -103.008
865 -103.835
866 -102.911
867 -102.182
868 -102.817
869 -101.385
870 -101.706
871 -103.192
872 -100.52
873 -101.476
874 -99.4351
875 -103.303
876 -103.73
877 -102.194
878 -100.231
879 -102.008
880 -101.321
881 -102.015
882 -100.789
883 -103.086
884 -103.746
885 -104.451
886 -103.712
887 -102.936
888 -101.661
889 -100.284
890 -100.431
891 -101.126
892 -101.185
893 -100.002
894 -101.343
895 -98.6918
896 -99.5662
897 -99.5262
898 -99.5175
899 -100.753
900 -99.8899
901 -99.188
902 -102.569
903 -103.069
904 -103.073
905 -100.165
906 -100.866
907 -102.31
908 -101.792
909 -102.215
910 -101.285
911 -99.7289
912 -101.058
913 -100.751
914 -101.056
915 -101.208
916 -101.817
917 -101.697
918 -101.507
919 -101.052
920 -102.514
921 -101.284
922 -100.497
923 -101.22
924 -102.711
925 -102.214
926 -103.184
927 -102.742
928 -102.327
929 -101.034
930 -99.5434
931 -99.9777
932 -99.0142
933 -99.6326
934 -99.3978
935 -98.8232
936 -99.3466
937 -97.2964
938 -99.0326
939 -98.8885
940 -97.8507
941 -99.7935
942 -100.958
943 -101.61
944 -101.155
945 -101.596
946 -102.627
947 -102.185
948 -102.096
949 -102.088
950 -102.24
951 -102.142
952 -101.915
953 -100.108
954 -102.005
955 -100.617
956 -101.88
957 -101.205
958 -101.311
959 -103.685
960 -100.692
961 -100.425
962 -100.306
963 -102.373
964 -102.058
965 -100.431
966 -102.505
967 -102.748
968 -101.774
969 -101.636
970 -100.749
971 -101.786
972 -99.9226
973 -100.111
974 -101.007
975 -100.159
976 -99.5927
977 -102.243
978 -101.887
979 -102.154
980 -102.851
981 -100.951
982 -105.136
983 -105.736
984 -106.915
985 -107.968
986 -109.524
987 -109.58
988 -107.877
989 -109.676
990 -109.762
991 -111.366
992 -111.634
993 -111.287
994 -112.852
995 -112.203
996 -114.09
997 -114.242
998 -115.435
999 -114.912
1000 -117.602
1001 -117.129
1002 -115.893
1003 -115.679
1004 -116.507
1005 -116.45
1006 -116.315
1007 -116.679
1008 -116.852
1009 -114.194
1010 -115.139
1011 -114.726
1012 -114.435
1013 -114.593
1014 -113.324
1015 -115.493
1016 -114.06
1017 -111.719
1018 -113.673
1019 -113.597
1020 -112.466
1021 -112.712
1022 -111.68
1023 -112.252
1024 -111.178
1025 -109.504
1026 -111.399
1027 -111.589
1028 -108.041
1029 -108.991
1030 -107.789
1031 -106.981
1032 -107.274
1033 -106.716
1034 -108.932
1035 -107.53
1036 -107.256
1037 -105.669
1038 -104.993
1039 -107.8
1040 -105.92
1041 -105.063
1042 -104.36
1043 -105.193
1044 -105.662
1045 -105.472
1046 -103.252
1047 -104.803
1048 -105.175
1049 -104.052
1050 -105.979
1051 -104.708
1052 -105.086
1053 -104.977
1054 -103.898
1055 -104.573
1056 -103.201
1057 -105.4
1058 -104.735
1059 -105.344
1060 -103.398
1061 -104.28
1062 -104.588
1063 -102.536
1064 -104.655
1065 -103.313
1066 -104.128
1067 -102.559
1068 -103.659
1069 -101.88
1070 -103.501
1071 -103.578
1072 -104.559
1073 -103.859
1074 -103.418
1075 -104.011
1076 -102.658
1077 -102.878
1078 -104.245
1079 -101.981
1080 -102.713
1081 -103.449
1082 -103.51
1083 -102.697
1084 -102.779
1085 -103.448
1086 -103.473
1087 -104.657
1088 -103.551
1089 -103.415
1090 -102.276
1091 -103.574
1092 -102.702
1093 -102.702
1094 -104
1095 -102.46
1096 -105.06
1097 -103.484
1098 -104.4
1099 -105.319
1100 -103.394
1101 -104.784
1102 -106.977
1103 -105.744
1104 -107.885
1105 -108.45
1106 -106.445
1107 -108.749
1108 -109.158
1109 -109.831
1110 -110.092
1111 -110.98
1112 -111.325
1113 -110.887
1114 -112.022
1115 -112.845
1116 -112.914
1117 -115.149
1118 -114.998
1119 -114.591
1120 -115.529
1121 -115.922
1122 -118.112
1123 -116.753
1124 -118.868
1125 -120.098
1126 -119.642
1127 -121.454
1128 -120.493
1129 -121.074
1130 -122.723
1131 -122.316
1132 -123.744
1133 -124.194
1134 -123.289
1135 -123.655
1136 -123.508
1137 -123.372
1138 -123.856
1139 -122.289
1140 -123.736
1141 -123.749
1142 -123.629
1143 -122.556
1144 -122.407
1145 -120.713
1146 -119.397
1147 -121.024
1148 -119.385
1149 -120.523
1150 -119.198
1151 -119.755
1152 -118.264
1153 -117.409
1154 -116.949
1155 -116.602
1156 -117.586
1157 -115.573
1158 -116.375
1159 -114.431
1160 -114.319
1161 -114.727
1162 -114.172
1163 -113.594
1164 -110.336
1165 -113.442
1166 -111.075
1167 -111.903
1168 -112.638
1169 -111.035
1170 -111.509
1171 -112.588
1172 -111.088
1173 -110.542
1174 -108.313
1175 -110.995
1176 -111.302
1177 -111.5
1178 -112.307
1179 -112.047
1180 -113.792
1181 -112.977
1182 -112.809
1183 -112.946
1184 -112.693
1185 -111.912
1186 -111.051
1187 -111.539
1188 -112.227
1189 -114.436
1190 -111.399
1191 -112.29
1192 -112.312
1193 -111.295
1194 -111.661
1195 -110.656
1196 -108.589
1197 -111.801
1198 -111.58
1199 -111.506
1200 -111.593
1201 -111.131
1202 -110.248
1203 -110.315
1204 -109.896
1205 -109.303
1206 -110.666
1207 -109.399
1208 -110.101
1209 -109.83
1210 -110.752
1211 -110.867
1212 -109.666
1213 -108.937
1214 -110.336
1215 -108.716
1216 -108.672
1217 -109.404
1218 -109.953
1219 -111.496
1220 -111.555
1221 -112.293
1222 -112.743
1223 -112.216
1224 -110.834
1225 -111.66
1226 -110.608
1227 -112.573
1228 -113.174
1229 -112.929
1230 -112.222
1231 -111.341
1232 -111.844
1233 -112.498
1234 -111.233
1235 -111.258
1236 -110.395
1237 -111.673
1238 -111.88
1239 -110.744
1240 -110.071
1241 -110.506
1242 -110.821
1243 -109.928
1244 -110.632
1245 -109.994
1246 -110.763
1247 -110.655
1248 -110.666
1249 -110.642
1250 -110.799
1251 -110.193
1252 -109.218
1253 -110.275
1254 -110.353
1255 -109.664
1256 -109.42
1257 -110.515
1258 -111.371
1259 -111.901
1260 -110.762
1261 -112.968
1262 -111.7
1263 -110.873
1264 -112.52
1265 -112.2
1266 -111.432
1267 -113.388
1268 -111.86
1269 -114.051
1270 -113.812
1271 -112.758
1272 -113.297
1273 -112.603
1274 -113.01
1275 -112.395
1276 -110.461
1277 -112.302
1278 -112.666
1279 -112.523
1280 -110.836
1281 -112.198
1282 -111.661
1283 -113.289
1284 -112.696
1285 -111.484
1286 -109.552
1287 -110.809
1288 -110.977
1289 -109.439
1290 -111.907
1291 -110.974
1292 -112.882
1293 -110.43
1294 -110.029
1295 -110.014
1296 -110.323
1297 -110.684
1298 -111.105
1299 -111.862
1300 -112.377
1301 -113.556
1302 -113.651
1303 -111.511
1304 -111.235
1305 -113.307
1306 -111.667
1307 -113.598
1308 -112.738
1309 -113.283
1310 -114.621
1311 -114.642
1312 -114.042
1313 -115.04
1314 -112.616
1315 -111.734
1316 -113.596
1317 -111.324
1318 -113.059
1319 -111.578
1320 -114.081
1321 -112.411
1322 -114.212
1323 -112.697
1324 -112.365
1325 -110.762
1326 -112.03
1327 -110.824
1328 -111.145
1329 -111.721
1330 -112.313
1331 -111.868
1332 -112.084
1333 -111.456
1334 -111.005
1335 -112.339
1336 -110.579
1337 -110.89
1338 -111.757
1339 -112.094
1340 -113.952
1341 -112.889
1342 -113.504
1343 -114.059
1344 -113.506
1345 -113.858
1346 -114.322
1347 -113.608
1348 -113.784
1349 -114.694
1350 -114.49
1351 -115.178
1352 -114.648
1353 -116.326
1354 -114.256
1355 -112.841
1356 -113.167
1357 -112.315
1358 -112.645
1359 -112.831
1360 -114.29
1361 -113.965
1362 -112.439
1363 -115.407
1364 -112.8
1365 -114.191
1366 -112.822
1367 -110.293
1368 -111.618
1369 -113.064
1370 -112.879
1371 -112.365
1372 -112.399
1373 -111.771
1374 -112.895
1375 -111.845
1376 -112.208
1377 -112.958
1378 -111.924
1379 -111.435
1380 -114.219
1381 -114.69
1382 -113.396
1383 -113.936
1384 -114.979
1385 -113.796
1386 -114.8
1387 -112.397
1388 -112.863
1389 -114.815
1390 -113.529
1391 -113.73
1392 -115.357
1393 -114.349
1394 -114.168
1395 -114.927
1396 -113.09
1397 -114.777
1398 -113.068
1399 -112.841
1400 -113.929
1401 -114.089
1402 -115.603
1403 -116.154
1404 -114.388
1405 -113.54
1406 -112.866
1407 -113.115
1408 -111.959
1409 -111.791
1410 -113.653
1411 -112.215
1412 -113.12
1413 -112.889
1414 -112.981
1415 -110.752
1416 -112.206
1417 -110.369
1418 -113.078
1419 -111.963
1420 -110.799
1421 -113.245
1422 -114.908
1423 -115.273
1424 -115.624
1425 -113.509
1426 -112.892
1427 -112.243
1428 -113.948
1429 -114.887
1430 -114.546
1431 -114.276
1432 -114.797
1433 -115.103
1434 -114.074
1435 -115.039
1436 -115.151
1437 -112.73
1438 -112.181
1439 -112.65
1440 -115.804
1441 -114.089
1442 -114.447
1443 -114.425
1444 -114.503
1445 -114.166
1446 -113.343
1447 -113.221
1448 -112.807
1449 -111.669
1450 -111.807
1451 -112.294
1452 -113.575
1453 -113.762
1454 -114.352
1455 -113.787
1456 -113.063
1457 -112.925
1458 -110.492
1459 -111.595
1460 -112.555
1461 -113.661
1462 -113.116
1463 -114.161
1464 -115.967
1465 -114.114
1466 -113.666
1467 -114.103
1468 -114.272
1469 -114.176
1470 -114.715
1471 -113.706
1472 -115.345
1473 -116.962
1474 -114.409
1475 -115.718
1476 -114.34
1477 -114.823
1478 -114.088
1479 -113.657
1480 -113.588
1481 -114.893
1482 -113.608
1483 -114.567
1484 -114.234
1485 -115.257
1486 -114.019
1487 -113.586
1488 -113.266
1489 -111.399
1490 -113.978
1491 -113.374
1492 -113.203
1493 -112.776
1494 -113.149
1495 -112.282
1496 -112.907
1497 -111.25
1498 -110.795
1499 -112.001
1500 -113.073
1501 -112.522
1502 -113.525
1503 -114.39
1504 -112.997
1505 -115.535
1506 -112.009
1507 -113.35
1508 -110.996
1509 -112.221
1510 -112.401
1511 -111.635
1512 -113.872
1513 -111.356
1514 -110.478
1515 -110.277
1516 -111.032
1517 -110.706
1518 -108.012
1519 -109.677
1520 -107.935
1521 -106.149
1522 -107.035
1523 -106.893
1524 -106.25
1525 -104.655
1526 -104.256
1527 -102.969
1528 -103.518
1529 -101.891
1530 -99.6017
1531 -99.6113
1532 -99.7506
1533 -97.2799
1534 -98.9681
1535 -100.017
1536 -98.7329
1537 -98.9677
1538 -97.8067
1539 -95.4451
1540 -98.3853
1541 -97.1446
1542 -98.0571
1543 -97.0093
1544 -98.6713
1545 -99.6196
1546 -99.0356
1547 -99.3043
1548 -98.6619
1549 -98.8887
1550 -99.9565
1551 -99.3565
1552 -100.541
1553 -100.088
1554 -101.607
1555 -100.052
1556 -103.221
1557 -102.601
1558 -103.298
1559 -102.625
1560 -103.534
1561 -104.027
1562 -102.884
1563 -106.264
1564 -105.748
1565 -105.816
1566 -106.533
1567 -107.186
1568 -107.706
1569 -106.814
1570 -106.568
1571 -106.96
1572 -106.286
1573 -108.56
1574 -107.777
1575 -106.854
1576 -107.587
1577 -109.328
1578 -106.744
1579 -109.197
1580 -108.927
1581 -108.849
1582 -109.184
1583 -109.498
1584 -107.951
1585 -108.074
1586 -110.223
1587 -109.357
1588 -109.817
1589 -110.745
1590 -109.98
1591 -110.471
1592 -108.558
1593 -108.691
1594 -108.375
1595 -109.693
1596 -110.195
1597 -111.271
1598 -112.062
1599 -109.372
1600 -109.523
1601 -110.099
1602 -110.06
1603 -109.309
1604 -110.021
1605 -109.548
1606 -110.817
1607 -110.578
1608 -109.698
1609 -111.088
1610 -110.659
1611 -110.31
1612 -110.133
1613 -110.583
1614 -109.766
1615 -109.519
1616 -110.527
1617 -109.914
1618 -109.538
1619 -109.662
1620 -111.022
1621 -110.209
1622 -109.925
1623 -111.431
1624 -110.45
1625 -110.988
1626 -109.699
1627 -109.427
1628 -112.077
1629 -110.702
1630 -110.574
1631 -110.149
1632 -110.599
1633 -109.797
1634 -110.52
1635 -108.704
1636 -108.761
1637 -108.287
1638 -106.051
1639 -107.692
1640 -106.974
1641 -104.968
1642 -104.026
1643 -104.742
1644 -104.035
1645 -101.904
1646 -102.707
1647 -102.537
1648 -101.121
1649 -102.02
1650 -99.1814
1651 -99.58
1652 -98.1849
1653 -98.3588
1654 -97.5902
1655 -96.2508
1656 -96.3108
1657 -96.4586
1658 -95.3157
1659 -95.9214
1660 -92.985
1661 -92.1682
1662 -91.0938
1663 -91.2746
1664 -90.1244
1665 -90.1621
1666 -88.1864
1667 -88.5989
1668 -89.1343
1669 -90.0364
1670 -89.9882
1671 -88.5713
1672 -89.0366
1673 -90.9772
1674 -89.8704
1675 -89.601
1676 -91.6325
1677 -91.0986
1678 -90.7841
1679 -91.7116
1680 -91.6986
1681 -93.0377
1682 -94.6314
1683 -93.4872
1684 -95.0649
1685 -94.9734
1686 -96.0277
1687 -96.3703
1688 -97.3146
1689 -97.5468
1690 -97.1379
1691 -98.9591
1692 -98.5618
1693 -99.3089
1694 -98.2348
1695 -100.333
1696 -99.2343
1697 -99.9098
1698 -100.983
1699 -100.943
1700 -101.315
1701 -100.932
1702 -101.928
1703 -99.3791
1704 -99.9235
1705 -102.843
1706 -101.462
1707 -100.813
1708 -103.117
1709 -104.217
1710 -103.678
1711 -101.994
1712 -102.401
1713 -103.126
1714 -101.854
1715 -103.068
1716 -101.272
1717 -101.072
1718 -101.508
1719 -101.185
1720 -99.5457
1721 -101.425
1722 -100.863
1723 -101.941
1724 -101.986
1725 -100.185
1726 -101.461
1727 -102.573
1728 -103.973
1729 -103.58
1730 -103.764
1731 -102.872
1732 -104.669
1733 -104.759
1734 -103.523
1735 -103.234
1736 -103.53
1737 -102.28
1738 -103.227
1739 -104.23
1740 -103.689
1741 -104.389
1742 -105.317
1743 -104.705
1744 -102.805
1745 -103.484
1746 -102.082
1747 -103.479
1748 -103.259
1749 -103.72
1750 -105.791
1751 -105.576
1752 -103.627
1753 -103.959
1754 -103.975
1755 -103.046
1756 -102.928
1757 -101.238
1758 -101.632
1759 -102.223
1760 -101.592
1761 -101.159
1762 -101.232
1763 -102.535
1764 -102.054
1765 -102.718
1766 -102.258
1767 -102.651
1768 -103.571
1769 -104.768
1770 -103.366
1771 -103.706
1772 -103.694
1773 -103.423
1774 -103.826
1775 -102.987
1776 -104.055
1777 -105.332
1778 -103.882
1779 -104.396
1780 -102.723
1781 -103.566
1782 -105.872
1783 -103.756
1784 -104.659
1785 -104.667
1786 -102.728
1787 -103.033
1788 -103.78
1789 -103.887
1790 -105.401
1791 -104.547
1792 -104.577
1793 -104.122
1794 -105.036
1795 -102.773
1796 -101.637
1797 -102.495
1798 -102.402
1799 -101.509
1800 -103.914
1801 -102.021
1802 -101.316
1803 -101.177
1804 -101.957
1805 -101.194
1806 -102.385
1807 -102.68
1808 -103.459
1809 -103.214
1810 -103.365
1811 -104.347
1812 -103.842
1813 -104.032
1814 -105.064
1815 -103.15
1816 -103.821
1817 -104.26
1818 -102.776
1819 -103.446
1820 -103.328
1821 -103.935
1822 -103.748
1823 -103.545
1824 -104.871
1825 -103.37
1826 -103.978
1827 -103.877
1828 -103.858
1829 -103.652
1830 -105.229
1831 -104.657
1832 -105.713
1833 -104.638
1834 -104.492
1835 -104.75
1836 -103.023
1837 -101.736
1838 -102.383
1839 -102.076
1840 -101.922
1841 -101.603
1842 -101.639
1843 -100.85
1844 -100.621
1845 -102.002
1846 -100.691
1847 -101.506
1848 -101.869
1849 -102.112
1850 -103.453
1851 -102.622
1852 -102.905
1853 -104.382
1854 -102.403
1855 -102.961
1856 -104.254
1857 -103.212
1858 -103.635
1859 -103.392
1860 -103.88
1861 -102.832
1862 -101.998
1863 -103.976
1864 -103.374
1865 -103.389
1866 -102.614
1867 -103.653
1868 -103.091
1869 -101.396
1870 -101.641
1871 -104.915
1872 -103.852
1873 -103.351
1874 -104.016
1875 -104.08
1876 -103.03
1877 -102.034
1878 -101.448
1879 -103.694
1880 -101.896
1881 -102.351
1882 -100.615
1883 -100.141
1884 -100.764
1885 -101.938
1886 -100.992
1887 -99.0204
1888 -101.292
1889 -102.455
1890 -103.462
1891 -102.725
1892 -104.527
1893 -103.998
1894 -103.408
1895 -103.199
1896 -103.453
1897 -102.936
1898 -102.791
1899 -102.908
1900 -103.182
1901 -103.313
1902 -103.402
1903 -103.595
1904 -103.384
1905 -103.723
1906 -102.207
1907 -104.144
1908 -104.216
1909 -101.812
1910 -102.447
1911 -103.748
1912 -104.638
1913 -103.897
1914 -103.176
1915 -103.607
1916 -102.872
1917 -101.618
1918 -100.657
1919 -102.097
1920 -100.133
1921 -100.984
1922 -99.4844
1923 -99.617
1924 -100.349
1925 -100.563
1926 -100.485
1927 -101.217
1928 -100.594
1929 -101.923
1930 -102.666
1931 -101.996
1932 -103.021
1933 -102.085
1934 -103.182
1935 -102.967
1936 -102.282
1937 -102.123
1938 -103.018
1939 -101.201
1940 -102.567
1941 -101.663
1942 -103.35
1943 -102.071
1944 -102.79
1945 -105.465
1946 -102.122
1947 -102.632
1948 -102.473
1949 -102.153
1950 -102.781
1951 -103.341
1952 -101.441
1953 -103.725
1954 -104.292
1955 -102.485
1956 -102.097
1957 -102.256
1958 -100.141
1959 -101.034
1960 -99.2671
1961 -101.62
1962 -99.99
1963 -100.589
1964 -99.2347
1965 -99.1873
1966 -98.7979
1967 -99.9851
1968 -100.961
1969 -99.2913
1970 -99.2854
1971 -101.097
1972 -100.028
1973 -101.656
1974 -101.636
1975 -103.357
1976 -102.262
1977 -102.572
1978 -101.61
1979 -102.988
1980 -102.839
1981 -100.621
1982 -101.696
1983 -100.298
1984 -101.941
1985 -102.518
1986 -102.768
1987 -101.221
1988 -102.335
1989 -101.107
1990 -100.581
1991 -101.408
1992 -102.405
1993 -101.897
1994 -102.645
1995 -101.7
1996 -100.94
1997 -101.204
1998 -101.457
1999 -99.9034
2000 -98.8735
2001 -100.244
2002 -100.272
2003 -100.368
2004 -100.691
2005 -98.9839
2006 -99.134
2007 -99.6408
2008 -99.5852
2009 -101.06
2010 -99.5443
2011 -101.338
2012 -102.902
2013 -101.523
2014 -101.642
2015 -102.366
2016 -102.249
2017 -103.107
2018 -100.8
2019 -101.653
2020 -101.009
2021 -101.027
2022 -101.819
2023 -102.065
2024 -101.131
2025 -101.977
2026 -100.691
2027 -100.942
2028 -101.143
2029 -102.539
2030 -100.466
2031 -100.397
2032 -101.436
2033 -101.732
2034 -103.599
2035 -102.492
2036 -101.057
2037 -101.695
2038 -102.957
2039 -102.316
2040 -99.958
2041 -101.889
2042 -101.09
2043 -102.312
2044 -101.943
2045 -101.968
2046 -102.791
2047 -102.573
2048 -103.595
2049 -105.72
2050 -104.271
2051 -105.624
2052 -106.739
2053 -107.811
2054 -108.096
2055 -107.431
2056 -109.302
2057 -109.404
2058 -110.209
2059 -112.388
2060 -110.798
2061 -111.044
2062 -111.951
2063 -113.061
2064 -112.147
2065 -113.899
2066 -114.589
2067 -115.7
2068 -116.023
2069 -118.512
2070 -115.974
2071 -115.306
2072 -115.704
2073 -116.224
2074 -115.795
2075 -115.661
2076 -117.091
2077 -113.803
2078 -114.677
2079 -115.51
2080 -115.46
2081 -114.721
2082 -115.047
2083 -115.762
2084 -114.205
2085 -113.5
2086 -114.093
2087 -113.231
2088 -113.238
2089 -111.983
2090 -111.816
2091 -112.848
2092 -111.848
2093 -110.631
2094 -111.264
2095 -109.857
2096 -109.374
2097 -108.288
2098 -108.163
2099 -108.465
2100 -107.542
2101 -107.215
2102 -107.282
2103 -108.299
2104 -104.305
2105 -107.231
2106 -105.406
2107 -107.142
2108 -105.819
2109 -105.153
2110 -105.787
2111 -104.951
2112 -106.686
2113 -103.684
2114 -105.134
2115 -106
2116 -105.076
2117 -104.722
2118 -104.803
2119 -105.681
2120 -104.637
2121 -104.854
2122 -105.415
2123 -103.301
2124 -103.31
2125 -103.843
2126 -104.011
2127 -103.373
2128 -103.316
2129 -103.303
2130 -103.441
2131 -104.606
2132 -104.594
2133 -103.492
2134 -103.479
2135 -103.771
2136 -105.157
2137 -103.888
2138 -104.093
2139 -104.327
2140 -105.437
2141 -104.268
2142 -104.14
2143 -104.057
2144 -104.284
2145 -104.236
2146 -104.57
2147 -102.999
2148 -103.353
2149 -103.898
2150 -104.69
2151 -104.26
2152 -102.644
2153 -102.929
2154 -105.329
2155 -102.825
2156 -103.182
2157 -102.876
2158 -102.548
2159 -104.327
2160 -104.933
2161 -103.074
2162 -102.69
2163 -105.153
2164 -103.655
2165 -103.544
2166 -104.574
2167 -105.558
2168 -105.077
2169 -103.79
2170 -105.526
2171 -106.307
2172 -106.189
2173 -106.745
2174 -108.142
2175 -108.733
2176 -109.551
2177 -109.316
2178 -109.61
2179 -110.577
2180 -112.974
2181 -112.612
2182 -112.822
2183 -111.712
2184 -113.768
2185 -115.096
2186 -114.742
2187 -114.314
2188 -116.816
2189 -116.167
2190 -116.265
2191 -117.008
2192 -118.969
2193 -120.047
2194 -121.505
2195 -121.763
2196 -121.387
2197 -121.827
2198 -121.665
2199 -124.098
2200 -124.046
2201 -122.605
2202 -123.063
2203 -122.67
2204 -124.28
2205 -123.776
2206 -123.653
2207 -124.139
2208 -122.333
2209 -122.486
2210 -122.017
2211 -120.513
2212 -122.497
2213 -123.226
2214 -120.819
2215 -122.427
2216 -120.616
2217 -119.703
2218 -119.449
2219 -118.745
2220 -118.743
2221 -119.982
2222 -118.684
2223 -117.41
2224 -115.65
2225 -116.105
2226 -116.943
2227 -114.512
2228 -114.079
2229 -114.163
2230 -113.372
2231 -113.933
2232 -113.467
2233 -110.904
2234 -112.323
2235 -111.565
2236 -111.804
2237 -110.633
2238 -111.303
2239 -112.023
2240 -110.588
2241 -110.64
2242 -109.448
2243 -110.324
2244 -109.911
2245 -110.487
2246 -110.483
2247 -112.207
2248 -112.791
2249 -113.615
2250 -113.017
2251 -112.686
2252 -111.437
2253 -111.449
2254 -111.164
2255 -112.472
2256 -110.705
2257 -111.267
2258 -112.71
2259 -112.573
2260 -112.729
2261 -111.297
2262 -113.409
2263 -111.185
2264 -110.961
2265 -109.731
2266 -111.762
2267 -110.869
2268 -110.732
2269 -111.59
2270 -109.272
2271 -109.936
2272 -110.265
2273 -110.274
2274 -110.755
2275 -108.804
2276 -109.59
2277 -109.011
2278 -110.815
2279 -110.37
2280 -110.268
2281 -107.987
2282 -108.783
2283 -108.361
2284 -109.028
2285 -109.21
2286 -110.31
2287 -112.327
2288 -112.154
2289 -113.249
2290 -113.361
2291 -110.885
2292 -112.241
2293 -111.531
2294 -112.031
2295 -111.318
2296 -111.222
2297 -114.503
2298 -112.162
2299 -110.788
2300 -111.48
2301 -111.138
2302 -111.29
2303 -111.114
2304 -111.279
2305 -111.989
2306 -111.109
2307 -110.832
2308 -112.574
2309 -110.07
2310 -111.277
2311 -110.542
2312 -110.285
2313 -110.914
2314 -110.08
2315 -110.016
2316 -110.262
2317 -111.108
2318 -111.053
2319 -111.251
2320 -111.125
2321 -110.57
2322 -109.727
2323 -108.595
2324 -111.269
2325 -109.428
2326 -111.384
2327 -111.154
2328 -112.305
2329 -112.343
2330 -112.055
2331 -112.12
2332 -112.218
2333 -111.239
2334 -111.143
2335 -111.621
2336 -111.965
2337 -113.309
2338 -111.951
2339 -111.722
2340 -112.605
2341 -111.7
2342 -113.121
2343 -110.795
2344 -112.411
2345 -113.025
2346 -111.687
2347 -111.024
2348 -111.225
2349 -113.563
2350 -112.642
2351 -112.6
2352 -110.008
2353 -110.824
2354 -110.159
2355 -111.381
2356 -109.655
2357 -110.766
2358 -110.734
2359 -111.33
2360 -109.606
2361 -110.158
2362 -110.844
2363 -109.593
2364 -110.392
2365 -110.573
2366 -109.048
2367 -111.562
2368 -111.756
2369 -112.985
2370 -112.044
2371 -114.064
2372 -114.136
2373 -113.192
2374 -111.723
2375 -112.075
2376 -112.611
2377 -115.098
2378 -111.848
2379 -112.942
2380 -112.999
2381 -114.121
2382 -113.507
2383 -112.967
2384 -112.269
2385 -111.76
2386 -114.068
2387 -111.398
2388 -113.53
2389 -113.71
2390 -112.32
2391 -112.989
2392 -112.817
2393 -112.671
2394 -112.419
2395 -111.005
2396 -110.973
2397 -110.028
2398 -111.379
2399 -111.482
2400 -112.294
2401 -112.225
2402 -110.59
2403 -113.042
2404 -112.145
2405 -111.258
2406 -111.561
2407 -113.935
2408 -111.781
2409 -113.352
2410 -113.938
2411 -113.481
2412 -113.528
2413 -113.866
2414 -113.021
2415 -111.748
2416 -113.169
2417 -113.096
2418 -113.584
2419 -115.384
2420 -114.381
2421 -113.882
2422 -113.983
2423 -113.259
2424 -114.055
2425 -112.535
2426 -113.855
2427 -113.215
2428 -113.067
2429 -112.149
2430 -114.313
2431 -113.723
2432 -113.425
2433 -113.299
2434 -111.506
2435 -111.441
2436 -111.943
2437 -112.947
2438 -110.615
2439 -111.865
2440 -114.927
2441 -112.892
2442 -113.076
2443 -111.759
2444 -110.857
2445 -111.086
2446 -109.424
2447 -112.371
2448 -113.814
2449 -113.645
2450 -113.097
2451 -114.412
2452 -114.016
2453 -113.777
2454 -113.724
2455 -112.925
2456 -111.951
2457 -114.444
2458 -113.873
2459 -113.232
2460 -114.426
2461 -114.973
2462 -113.962
2463 -114.481
2464 -113.92
2465 -113.993
2466 -113.41
2467 -114.351
2468 -113.513
2469 -113.008
2470 -114.123
2471 -114.741
2472 -113.542
2473 -114.254
2474 -111.56
2475 -112.474
2476 -112.228
2477 -111.757
2478 -112.878
2479 -112.58
2480 -112.845
2481 -114.449
2482 -113.813
2483 -112.639
2484 -111.793
2485 -111.623
2486 -110.729
2487 -112.948
2488 -114.609
2489 -113.001
2490 -111.863
2491 -114.552
2492 -115.305
2493 -114.108
2494 -114.131
2495 -113.455
2496 -114.385
2497 -113.177
2498 -114.755
2499 -114.215
2500 -114.011
2501 -116.608
2502 -113.291
2503 -115.214
2504 -114.547
2505 -113.562
2506 -112.608
2507 -113.11
2508 -114.818
2509 -113.43
2510 -114.552
2511 -112.57
2512 -113.495
2513 -113.261
2514 -114.037
2515 -113.026
2516 -112.744
2517 -114.059
2518 -113.029
2519 -113.864
2520 -112.993
2521 -114.182
2522 -113.099
2523 -111.905
2524 -113.558
2525 -112.494
2526 -111.477
2527 -110.247
2528 -112.362
2529 -113.712
2530 -113.136
2531 -114.486
2532 -115.135
2533 -115.632
2534 -113.986
2535 -114.079
2536 -113.402
2537 -113.849
2538 -113.499
2539 -115.054
2540 -115.762
2541 -115.155
2542 -115.104
2543 -115.26
2544 -114.049
2545 -115.164
2546 -113.251
2547 -113.161
2548 -113.644
2549 -113.474
2550 -113.603
2551 -113.685
2552 -112.998
2553 -113.475
2554 -114.01
2555 -112.523
2556 -112.48
2557 -112.327
2558 -112.593
2559 -111.31
2560 -114.233
2561 -112.11
2562 -115.166
2563 -112.409
2564 -111.222
2565 -111.762
2566 -111.721
2567 -111.901
2568 -111.755
2569 -112.571
2570 -112.787
2571 -113.556
2572 -114.736
2573 -114.387
2574 -112.854
2575 -112.341
2576 -112.03
2577 -113.957
2578 -112.255
2579 -111.885
2580 -113.138
2581 -111.544
2582 -111.962
2583 -110.672
2584 -110.114
2585 -108.258
2586 -108.235
2587 -108.16
2588 -106.929
2589 -105.748
2590 -105.236
2591 -105.299
2592 -106.817
2593 -104.865
2594 -105.72
2595 -103.022
2596 -103.494
2597 -101.303
2598 -98.6883
2599 -100.556
2600 -101.042
2601 -100.236
2602 -99.1035
2603 -98.9587
2604 -99.9245
2605 -98.8907
2606 -98.212
2607 -98.4226
2608 -97.3001
2609 -98.3169
2610 -98.0421
2611 -97.9519
2612 -97.324
2613 -99.2146
2614 -97.802
2615 -98.1475
2616 -99.3121
2617 -99.3346
2618 -99.1478
2619 -100.165
2620 -101.066
2621 -100.06
2622 -101.153
2623 -101.517
2624 -101.89
2625 -103.273
2626 -103.341
2627 -103.884
2628 -103.326
2629 -103.823
2630 -106.352
2631 -105.918
2632 -105.79
2633 -104.592
2634 -107.408
2635 -104.904
2636 -105.87
2637 -106.465
2638 -106.842
2639 -106.208
2640 -106.435
2641 -106.86
2642 -109.101
2643 -108.035
2644 -108.578
2645 -107.963
2646 -108.425
2647 -108.907
2648 -108.235
2649 -110.086
2650 -107.452
2651 -108.965
2652 -109.038
2653 -109.495
2654 -108.889
2655 -107.663
2656 -109.428
2657 -108.813
2658 -110.419
2659 -108.96
2660 -109.882
2661 -109.962
2662 -110.098
2663 -109.201
2664 -110.877
2665 -109.497
2666 -110.648
2667 -109.98
2668 -109.521
2669 -108.743
2670 -109.174
2671 -109.054
2672 -110.14
2673 -110.229
2674 -110.38
2675 -109.249
2676 -110.698
2677 -110.075
2678 -110.356
2679 -109.497
2680 -108.966
2681 -109.959
2682 -110.411
2683 -110.641
2684 -109.766
2685 -109.299
2686 -109.647
2687 -111.34
2688 -110.801
2689 -110.044
2690 -110.256
2691 -110.01
2692 -110.441
2693 -110.786
2694 -110.368
2695 -109.773
2696 -110.556
2697 -110.837
2698 -109.802
2699 -110.533
2700 -110.206
2701 -107.938
2702 -108.824
2703 -111.044
2704 -110.268
2705 -108.547
2706 -107.527
2707 -106.768
2708 -105.93
2709 -105.982
2710 -105.147
2711 -104.489
2712 -105.156
2713 -101.752
2714 -102.593
2715 -103.203
2716 -101.787
2717 -101.191
2718 -99.2371
2719 -98.5976
2720 -99.7871
2721 -97.8848
2722 -97.5068
2723 -97.6151
2724 -95.6328
2725 -95.2256
2726 -94.8171
2727 -95.5761
2728 -91.2638
2729 -92.7968
2730 -88.814
2731 -91.9255
2732 -90.389
2733 -90.6654
2734 -91.1047
2735 -88.4473
2736 -87.4725
2737 -88.0749
2738 -88.6345
2739 -89.9548
2740 -88.6306
2741 -88.8143
2742 -89.7137
2743 -88.9483
2744 -90.5998
2745 -89.943
2746 -90.6415
2747 -91.0274
2748 -91.2207
2749 -91.5523
2750 -92.436
2751 -93.7198
2752 -95.7473
2753 -94.7585
2754 -96.1474
2755 -95.1477
2756 -96.842
2757 -97.3218
2758 -97.0312
2759 -97.7356
2760 -98.6578
2761 -97.2248
2762 -100.141
2763 -98.7708
2764 -99.0973
2765 -101.153
2766 -100.389
2767 -101.165
2768 -101.223
2769 -101.72
2770 -100.516
2771 -102.27
2772 -101.992
2773 -101.154
2774 -103.278
2775 -102.868
2776 -102.719
2777 -101.998
2778 -101.716
2779 -101.369
2780 -103.63
2781 -102.658
2782 -104.636
2783 -102.579
2784 -101.442
2785 -101.873
2786 -100.211
2787 -100.554
2788 -101.182
2789 -100.925
2790 -100.415
2791 -101.246
2792 -100.567
2793 -101.702
2794 -101.154
2795 -101.801
2796 -102.919
2797 -102.087
2798 -102.619
2799 -104.251
2800 -102.512
2801 -103.158
2802 -104.913
2803 -103.324
2804 -102.433
2805 -104.56
2806 -102.858
2807 -103.735
2808 -104.298
2809 -105.478
2810 -104.832
2811 -103.085
2812 -103.058
2813 -104.659
2814 -104.397
2815 -103.653
2816 -103.758
2817 -102.69
2818 -104.113
2819 -103.788
2820 -104.111
2821 -104.605
2822 -102.737
2823 -103.024
2824 -104.111
2825 -101.576
2826 -101.29
2827 -103.246
2828 -101.613
2829 -101.105
2830 -102.456
2831 -100.943
2832 -101.798
2833 -102.9
2834 -101.921
2835 -103.292
2836 -103.059
2837 -102.848
2838 -102.593
2839 -104.615
2840 -104.052
2841 -103.703
2842 -102.566
2843 -103.172
2844 -104.677
2845 -104.422
2846 -103.23
2847 -104.079
2848 -103.817
2849 -103.775
2850 -105.55
2851 -104.624
2852 -105.154
2853 -102.26
2854 -102.719
2855 -103.331
2856 -103.037
2857 -103.547
2858 -104.391
2859 -104.92
2860 -104.532
2861 -104.263
2862 -103.147
2863 -104.442
2864 -103.293
2865 -102.499
2866 -102.55
2867 -102.369
2868 -102.691
2869 -101.625
2870 -101.746
2871 -102.299
2872 -100.918
2873 -101.547
2874 -100.519
2875 -102.246
2876 -100.744
2877 -103.291
2878 -103.552
2879 -103.89
2880 -102.543
2881 -104.622
2882 -105.274
2883 -105.304
2884 -103.823
2885 -103.411
2886 -104.374
2887 -103.966
2888 -104.816
2889 -104.666
2890 -103.822
2891 -103.614
2892 -105.108
2893 -104.039
2894 -102.54
2895 -102.583
2896 -103.361
2897 -103.237
2898 -103.759
2899 -104.8
2900 -104.175
2901 -104.324
2902 -103.57
2903 -103.875
2904 -104.424
2905 -101.822
2906 -102.684
2907 -100.871
2908 -101.385
2909 -100.034
2910 -100.094
2911 -100.604
2912 -102.474
2913 -101.004
2914 -101.24
2915 -101.314
2916 -102.385
2917 -102.063
2918 -102.706
2919 -104.669
2920 -103.95
2921 -102.855
2922 -105.02
2923 -103.322
2924 -104.759
2925 -104.145
2926 -104.166
2927 -102.676
2928 -103.56
2929 -103.21
2930 -103.134
2931 -103.979
2932 -102.886
2933 -102.415
2934 -104.517
2935 -102.619
2936 -103.069
2937 -102.837
2938 -103.862
2939 -105.565
2940 -102.799
2941 -104.545
2942 -102.464
2943 -103.318
2944 -103.39
2945 -101.162
2946 -102.332
2947 -102.576
2948 -102.477
2949 -100.64
2950 -101.373
2951 -100.197
2952 -101.19
2953 -101.011
2954 -101.56
2955 -102.304
2956 -101.88
2957 -101.61
2958 -100.996
2959 -104.095
2960 -103.934
2961 -103.621
2962 -104.075
2963 -103.067
2964 -104.347
2965 -102.936
2966 -101.891
2967 -101.951
2968 -103.367
2969 -101.602
2970 -103.155
2971 -103.43
2972 -103.333
2973 -103.667
2974 -102.251
2975 -102.95
2976 -102.087
2977 -103.168
2978 -103.047
2979 -101.73
2980 -104.269
2981 -104.389
2982 -102.991
2983 -102.991
2984 -103.67
2985 -101.258
2986 -103.509
2987 -101.83
2988 -100.378
2989 -99.6937
2990 -102.125
2991 -100.716
2992 -100.245
2993 -100.281
2994 -101.253
2995 -100.475
2996 -100.833
2997 -100.583
2998 -101.104
2999 -102.576
3000 -102.66
3001 -102.577
3002 -102.18
3003 -103.37
3004 -102.337
3005 -102.009
3006 -102.108
3007 -101.617
3008 -102.144
3009 -102.926
3010 -101.54
3011 -101.767
3012 -102.298
3013 -103.725
3014 -103.621
3015 -103.464
3016 -101.138
3017 -100.986
3018 -102.797
3019 -103.682
3020 -103.453
3021 -103.895
3022 -102.673
3023 -102.841
3024 -102.527
3025 -103.454
3026 -102.694
3027 -101.11
3028 -102.007
3029 -100.218
3030 -99.711
3031 -101.319
3032 -99.3767
3033 -99.9033
3034 -99.3522
3035 -99.146
3036 -99.5375
3037 -100.766
3038 -99.6127
3039 -101.879
3040 -102.469
3041 -101.281
3042 -102.546
3043 -103.437
3044 -102.355
3045 -101.471
3046 -102.124
3047 -103.292
3048 -101.136
3049 -100.744
3050 -102.564
3051 -100.584
3052 -102.656
3053 -103.287
3054 -101.187
3055 -102.223
3056 -102.685
3057 -101.456
3058 -101.89
3059 -102.302
3060 -101.482
3061 -101.745
3062 -101.932
3063 -102.601
3064 -102.313
3065 -100.841
3066 -100.406
3067 -99.6698
3068 -100.397
3069 -100.571
3070 -101.331
3071 -98.9676
3072 -98.7783
3073 -99.03
3074 -97.357
3075 -98.992
3076 -97.3157
3077 -99.3786
3078 -101.624
3079 -100.49
3080 -101.706
3081 -101.419
3082 -104.166
3083 -100.333
3084 -102.032
3085 -101.834
3086 -102.252
3087 -101.38
3088 -103.206
3089 -101.328
3090 -100.45
3091 -101.776
3092 -102.079
3093 -100.451
3094 -103.335
3095 -101.67
3096 -102.059
3097 -101.411
3098 -100.597
3099 -99.8988
3100 -102.348
3101 -102.634
3102 -102.075
3103 -103.63
3104 -102.937
3105 -102.462
3106 -101.415
3107 -102.047
3108 -101.679
3109 -100.881
3110 -101.062
3111 -101.07
3112 -101.576
3113 -103.035
3114 -102.737
3115 -102.986
3116 -100.964
3117 -102.705
3118 -104.161
3119 -104.913
3120 -106.895
3121 -107.996
3122 -108.091
3123 -107.16
3124 -109.779
3125 -110.714
3126 -110.242
3127 -111.592
3128 -111.756
3129 -109.702
3130 -113.347
3131 -112.872
3132 -114.019
3133 -113.989
3134 -114.404
3135 -117.091
3136 -116.5
3137 -116.257
3138 -116.269
3139 -115.928
3140 -114.975
3141 -115.377
3142 -116.083
3143 -116.674
3144 -115.801
3145 -114.501
3146 -116.215
3147 -114.766
3148 -116.537
3149 -116.294
3150 -114.709
3151 -114.045
3152 -113.271
3153 -114.281
3154 -114.051
3155 -113.578
3156 -112.996
3157 -111.822
3158 -112.701
3159 -113.525
3160 -111.537
3161 -110.357
3162 -110.177
3163 -109.755
3164 -108.914
3165 -110.578
3166 -108.301
3167 -108.112
3168 -108.087
3169 -106.273
3170 -108.15
3171 -107.315
3172 -107.244
3173 -105.027
3174 -106.386
3175 -104.873
3176 -106.542
3177 -105.391
3178 -105.023
3179 -106.274
3180 -105.457
3181 -105.334
3182 -104.826
3183 -103.997
3184 -103.423
3185 -105.645
3186 -103.45
3187 -103.713
3188 -103.807
3189 -103.062
3190 -104.946
3191 -104.539
3192 -104.75
3193 -104.689
3194 -103.121
3195 -103.208
3196 -105.28
3197 -104.313
3198 -103.571
3199 -104.083
3200 -103.901
3201 -104.011
3202 -103.761
3203 -104.197
3204 -104.266
3205 -103.537
3206 -103.197
3207 -103.88
3208 -104.171
3209 -104.124
3210 -103.528
3211 -104.493
3212 -103.028
3213 -103.189
3214 -103.165
3215 -103.049
3216 -102.316
3217 -103.059
3218 -104.246
3219 -103.74
3220 -102.558
3221 -103.201
3222 -103.685
3223 -101.847
3224 -103.385
3225 -101.626
3226 -103.991
3227 -103.503
3228 -103.804
3229 -102.663
3230 -104.13
3231 -103.069
3232 -103.438
3233 -102.657
3234 -103.74
3235 -103.002
3236 -101.915
3237 -102.68
3238 -102.934
3239 -102.348
3240 -103.317
3241 -103.348
3242 -103.003
3243 -103.967
3244 -102.706
3245 -102.886
3246 -102.927
3247 -102.697
3248 -103.242
3249 -103.392
3250 -103.181
3251 -102.975
3252 -104.664
3253 -103.804
3254 -101.64
3255 -102.138
3256 -101.367
3257 -102.966
3258 -103.917
3259 -102.123
3260 -101.829
3261 -102.789
3262 -102.796
3263 -103.849
3264 -103.858
3265 -103.002
3266 -104.453
3267 -103.731
3268 -102.809
3269 -103.585
3270 -102.309
3271 -103.266
3272 -103.871
3273 -103.816
3274 -102.902
3275 -103.273
3276 -102.285
3277 -103.702
3278 -103.613
3279 -104.341
3280 -102.755
3281 -103.219
3282 -104.071
3283 -105.473
3284 -104.174
3285 -103.167
3286 -103.503
3287 -102.992
3288 -102.939
3289 -103.059
3290 -103.528
3291 -102.473
3292 -103.501
3293 -102.51
3294 -101.82
3295 -101.833
3296 -103.041
3297 -103.323
3298 -105.026
3299 -104.752
3300 -102.404
3301 -104.136
3302 -103.523
3303 -103.316
3304 -101.426
3305 -103.862
3306 -103.157
3307 -102.473
3308 -103.049
3309 -102.834
3310 -103.822
3311 -101.942
3312 -102.887
3313 -103.288
3314 -103.215
3315 -103.655
3316 -105.395
3317 -104.678
3318 -102.719
3319 -104.228
3320 -102.721
3321 -103.816
3322 -102.476
3323 -103.568
3324 -104.543
3325 -103.084
3326 -102.086
3327 -104.973
3328 -102.664
3329 -104.419
3330 -103.582
3331 -103.05
3332 -103.217
3333 -103.795
3334 -103.179
3335 -103.478
3336 -103.754
3337 -103.052
3338 -104.079
3339 -101.758
3340 -104.368
3341 -102.909
3342 -103.338
3343 -102.374
3344 -103.913
3345 -103.595
3346 -105.276
3347 -105.05
3348 -103.18
3349 -104.194
3350 -103.433
3351 -103.31
3352 -103.029
3353 -104.579
3354 -104.138
3355 -103.288
3356 -104.053
3357 -102.789
3358 -103.346
3359 -104.576
3360 -103.055
3361 -103.109
3362 -102.801
3363 -103.614
3364 -103.779
3365 -103.723
3366 -104.295
3367 -104.007
3368 -103.706
3369 -102.878
3370 -103.333
3371 -103.372
3372 -103.294
3373 -104.304
3374 -103.043
3375 -103.499
3376 -103.543
3377 -103.965
3378 -104.347
3379 -102.996
3380 -103.271
3381 -103.217
3382 -102.114
3383 -104.265
3384 -104.207
3385 -103.222
3386 -104.595
3387 -104.023
3388 -103.898
3389 -104.055
3390 -102.886
3391 -105.032
3392 -102.862
3393 -102.526
3394 -102.403
3395 -102.879
3396 -103.737
3397 -104.503
3398 -102.909
3399 -104.181
