0 -140.083
1 -142.016
2 -142.596
3 -141.561
4 -142.128
5 -141.259
6 -142.125
7 -139.893
8 -141.509
9 -140.847
10 -140.596
11 -140.533
12 -141.179
13 -141.261
14 -141.335
15 -141.373
16 -139.728
17 -139.683
18 -141.686
19 -141.676
20 -140.87
21 -140.578
22 -141.686
23 -142.126
24 -142.329
25 -140.19
26 -141.033
27 -140.576
28 -142.47
29 -141.676
30 -140.763
31 -141.709
32 -142.96
33 -141.993
34 -143.107
35 -142.078
36 -142.757
37 -142.55
38 -143.351
39 -144.99
40 -145.27
41 -146.045
42 -145.4
43 -146.129
44 -147.312
45 -147.291
46 -147.685
47 -149.115
48 -147.222
49 -150.113
50 -150.409
51 -150.014
52 -151.2
53 -151.913
54 -152.365
55 -152.01
56 -152.702
57 -152.311
58 -153.542
59 -153.748
60 -155.321
61 -155.583
62 -155.79
63 -157.121
64 -157.888
65 -157.271
66 -158.419
67 -157.611
68 -161.374
69 -160.578
70 -159.713
71 -159.943
72 -160.777
73 -159.738
74 -160.103
75 -162.099
76 -163.429
77 -163.212
78 -161.233
79 -161.86
80 -161.847
81 -161.812
82 -162.02
83 -160.657
84 -161.433
85 -161.4
86 -158.631
87 -159.547
88 -157.069
89 -159.93
90 -157.544
91 -159.327
92 -158.65
93 -158.297
94 -157.745
95 -155.344
96 -155.884
97 -153.984
98 -154.449
99 -156.041
100 -154.57
101 -153.086
102 -154.425
103 -150.954
104 -152.119
105 -150.419
106 -150.341
107 -151.342
108 -149.939
109 -150.107
110 -148.98
111 -150.02
112 -149.525
113 -149.446
114 -151.259
115 -149.074
116 -149.118
117 -148.969
118 -148.746
119 -149.422
120 -149.238
121 -147.487
122 -147.655
123 -147.068
124 -149.296
125 -148.299
126 -149.004
127 -148.632
128 -149.287
129 -149.609
130 -148.458
131 -148.823
132 -149.819
133 -148.737
134 -147.655
135 -148.537
136 -147.687
137 -147.218
138 -147.769
139 -147.395
140 -149.618
141 -148.837
142 -150.085
143 -147.121
144 -147.483
145 -146.877
146 -145.73
147 -145.681
148 -145.761
149 -148.03
150 -147.198
151 -147.248
152 -148.788
153 -148.12
154 -148.177
155 -146.029
156 -147.044
157 -145.79
158 -145.968
159 -145.485
160 -147.071
161 -146.163
162 -145.743
163 -146.141
164 -146.301
165 -146.327
166 -147.355
167 -144.953
168 -145.702
169 -145.591
170 -146.784
171 -144.617
172 -146.012
173 -146.842
174 -146.886
175 -147.568
176 -147.042
177 -147.826
178 -148.449
179 -148.928
180 -147.91
181 -147.651
182 -147.272
183 -147.011
184 -148.247
185 -146.769
186 -146.558
187 -146.22
188 -146.83
189 -147.067
190 -147.599
191 -145.715
192 -146.215
193 -146.018
194 -145.865
195 -145.545
196 -147.366
197 -145.685
198 -146.903
199 -146.33
200 -146.808
201 -145.891
202 -145.733
203 -146.235
204 -146.268
205 -145.539
206 -145.253
207 -145.517
208 -146.761
209 -145.592
210 -146.813
211 -147.531
212 -146.198
213 -145.925
214 -146.429
215 -147.029
216 -143.881
217 -145.247
218 -144.896
219 -145.409
220 -146.49
221 -146.341
222 -146.736
223 -147.108
224 -148.891
225 -147.583
226 -146.614
227 -147.788
228 -146.42
229 -147.258
230 -146.53
231 -144.615
232 -146.811
233 -146.973
234 -148.288
235 -146.877
236 -145.957
237 -146.442
238 -144.295
239 -145.174
240 -145.513
241 -145.131
242 -145.95
243 -145.514
244 -144.891
245 -145.403
246 -146.381
247 -146.289
248 -145.403
249 -144.491
250 -145.612
251 -145.574
252 -144.926
253 -145.876
254 -145.977
255 -144.258
256 -146.158
257 -146.255
258 -146.486
259 -146.564
260 -145.335
261 -145.403
262 -145.93
263 -144.155
264 -145.383
265 -144.899
266 -145.335
267 -144.918
268 -146.092
269 -146.807
270 -145.938
271 -146.19
272 -146.668
273 -146.076
274 -145.722
275 -147.054
276 -145.655
277 -145.804
278 -146.969
279 -146.691
280 -146.13
281 -146.636
282 -146.901
283 -146.568
284 -146.998
285 -145.77
286 -144.995
287 -145.133
288 -144.745
289 -144.872
290 -144.945
291 -146.965
292 -145.926
293 -145.111
294 -145.513
295 -146.917
296 -144.784
297 -144.399
298 -143.678
299 -145.01
300 -146.325
301 -144.539
302 -145.251
303 -145.62
304 -145.334
305 -146.243
306 -146.931
307 -145.252
308 -145.193
309 -142.423
310 -144.998
311 -144.746
312 -144.923
313 -146.842
314 -147.021
315 -146.986
316 -146.434
317 -146.781
318 -146.039
319 -147.464
320 -147.562
321 -145.604
322 -147.117
323 -146.549
324 -146.644
325 -146.533
326 -147.488
327 -146.497
328 -147.939
329 -148.538
330 -149.163
331 -146.858
332 -147.233
333 -146.142
334 -145.728
335 -145.599
336 -146.582
337 -145.433
338 -146.759
339 -146.785
340 -147.409
341 -146.076
342 -144.738
343 -146.461
344 -147.098
345 -143.805
346 -145.622
347 -145.22
348 -144.46
349 -145.91
350 -148.496
351 -146.943
352 -147.432
353 -144.893
354 -146.102
355 -146.073
356 -146.166
357 -144.727
358 -145.568
359 -145.016
360 -146.919
361 -146.763
362 -147.524
363 -146.855
364 -147.77
365 -147.644
366 -147.08
367 -148.065
368 -146.936
369 -145.733
370 -146.337
371 -145.908
372 -146.358
373 -146.174
374 -145.456
375 -145.95
376 -145.814
377 -145.949
378 -145.386
379 -146.451
380 -145.925
381 -145.827
382 -144.703
383 -145.083
384 -147.114
385 -147.576
386 -147.229
387 -145.639
388 -145.172
389 -145.906
390 -145.076
391 -144.574
392 -144.259
393 -144.283
394 -144.439
395 -145.518
396 -146.09
397 -145.684
398 -145.241
399 -147.108
400 -146.088
401 -144.37
402 -144.082
403 -145.503
404 -143.578
405 -144.29
406 -145.215
407 -146.564
408 -146.928
409 -144.692
410 -146.524
411 -146.942
412 -146.77
413 -145.813
414 -145.535
415 -146.738
416 -146.91
417 -146.178
418 -145.964
419 -146.447
420 -145.814
421 -147.139
422 -147.04
423 -146.231
424 -146.123
425 -145.914
426 -145.293
427 -146.24
428 -144.524
429 -144.52
430 -144.846
431 -147.058
432 -145.565
433 -146.544
434 -146.496
435 -144.869
436 -145.612
437 -146.288
438 -145.983
439 -145.626
440 -146.241
441 -145.437
442 -145.763
443 -145.029
444 -144.332
445 -145.615
446 -145.614
447 -146.511
448 -146.074
449 -145.526
450 -143.49
451 -143.629
452 -143.642
453 -145.581
454 -144.986
455 -146.585
456 -146.632
457 -146.419
458 -146.169
459 -145.684
460 -146.633
461 -147.537
462 -146.02
463 -147.07
464 -145.879
465 -145.579
466 -144.737
467 -147.137
468 -147.418
469 -147.433
470 -146.315
471 -147.062
472 -146.576
473 -145.326
474 -146.205
475 -144.909
476 -145.707
477 -144.986
478 -144.797
479 -144.716
480 -146.077
481 -146.954
482 -144.892
483 -143.947
484 -145.552
485 -145.452
486 -145.212
487 -146.507
488 -145.144
489 -145.334
490 -145.369
491 -145.543
492 -145.768
493 -146.038
494 -146.054
495 -145.299
496 -145.163
497 -143.787
498 -143.356
499 -144.665
500 -145.987
501 -143.52
502 -146.005
503 -146.861
504 -147.681
505 -147.455
506 -145.662
507 -145.203
508 -146.049
509 -145.82
510 -143.857
511 -144.302
512 -145.465
513 -146.28
514 -147.359
515 -144.753
516 -144.856
517 -143.034
518 -143.155
519 -143.362
520 -142.006
521 -141.492
522 -142.402
523 -139.566
524 -140.123
525 -139.831
526 -138.988
527 -138.762
528 -139.036
529 -135.914
530 -139.048
531 -137.544
532 -135.253
533 -134.428
534 -133.249
535 -133.087
536 -132.984
537 -134.074
538 -133.141
539 -133.23
540 -132.358
541 -133.34
542 -131.487
543 -132.305
544 -130.845
545 -131.385
546 -131.52
547 -130.457
548 -129.47
549 -130.268
550 -129.298
551 -129.301
552 -129.188
553 -129.09
554 -129.971
555 -128.417
556 -128.225
557 -128.927
558 -129.046
559 -128.124
560 -128.446
561 -128.102
562 -128.765
563 -129.22
564 -127.038
565 -127.722
566 -126.668
567 -126.178
568 -126.96
569 -126.336
570 -127.329
571 -127.398
572 -128.289
573 -126.235
574 -124.947
575 -123.537
576 -122.886
577 -124.567
578 -123.689
579 -122.364
580 -120.985
581 -120.198
582 -121.52
583 -120.481
584 -120.525
585 -121.464
586 -120.549
587 -120.959
588 -120.377
589 -121.922
590 -119.869
591 -120.705
592 -121.636
593 -120.062
594 -120.067
595 -120.402
596 -119.566
597 -120.132
598 -119.963
599 -121.67
600 -121.805
601 -120.381
602 -121.467
603 -122.793
604 -122.686
605 -122.734
606 -121.963
607 -121.569
608 -123.604
609 -125.335
610 -123.645
611 -126.182
612 -125.489
613 -127.517
614 -125.242
615 -126.75
616 -128.21
617 -129.661
618 -131.221
619 -131.096
620 -129.977
621 -130.602
622 -131.92
623 -131.673
624 -133.082
625 -132.744
626 -132.238
627 -133.271
628 -131.61
629 -133.96
630 -134.141
631 -132.945
632 -135.144
633 -134.225
634 -135.018
635 -133.74
636 -133.565
637 -136.041
638 -134.559
639 -136.021
640 -136.04
641 -136.624
642 -135.657
643 -136.823
644 -136.237
645 -136.981
646 -135.605
647 -136.349
648 -136.218
649 -134.597
650 -136.622
651 -135.087
652 -135.887
653 -135.652
654 -136.538
655 -135.774
656 -133.818
657 -135.509
658 -134.017
659 -134.296
660 -135.078
661 -134.678
662 -135.614
663 -136.177
664 -136.277
665 -134.877
666 -134.641
667 -135.624
668 -136.324
669 -137.473
670 -136.164
671 -135.249
672 -137.652
673 -136.854
674 -136.827
675 -136.869
676 -137.097
677 -136.242
678 -136.257
679 -134.926
680 -136.476
681 -134.246
682 -137.694
683 -136.138
684 -135.015
685 -135.334
686 -136.8
687 -138.343
688 -137.003
689 -138.164
690 -137.021
691 -139.021
692 -137.583
693 -137.021
694 -136.217
695 -135.611
696 -136.427
697 -136.343
698 -135.423
699 -135.283
700 -137.329
701 -136.312
702 -135.991
703 -134.391
704 -136.019
705 -136.28
706 -135.033
707 -134.505
708 -135.5
709 -135.536
710 -135.349
711 -137.22
712 -137.562
713 -136.281
714 -135.514
715 -136.106
716 -137.137
717 -137.363
718 -136.741
719 -136.04
720 -136.349
721 -137.412
722 -136.086
723 -137.659
724 -137.584
725 -137.437
726 -138.022
727 -137.267
728 -137.826
729 -136.301
730 -136.813
731 -136.689
732 -138.441
733 -136.891
734 -137.973
735 -137.688
736 -137.544
737 -138.982
738 -138.432
739 -138.466
740 -138.158
741 -137.833
742 -137.096
743 -135.951
744 -136.227
745 -137.361
746 -135.496
747 -137.067
748 -136.473
749 -136.101
750 -136.825
751 -135.883
752 -135.368
753 -135.083
754 -135.294
755 -134.449
756 -136.064
757 -136.297
758 -137.393
759 -137.555
760 -136.349
761 -137.103
762 -137.557
763 -137.006
764 -136.743
765 -138.055
766 -136.862
767 -137.317
768 -136.864
769 -137.087
770 -138.075
771 -139.565
772 -138.224
773 -137.815
774 -134.581
775 -138.438
776 -137.796
777 -137.704
778 -136.68
779 -136.842
780 -137.665
781 -138.764
782 -137.411
783 -137.451
784 -137.635
785 -137.1
786 -139.528
787 -138.3
788 -137.896
789 -136.642
790 -136.696
791 -136.675
792 -135.379
793 -136.437
794 -136.7
795 -137.512
796 -137.198
797 -137.442
798 -136.405
799 -135.113
800 -135.821
801 -135.896
802 -136.033
803 -136.732
804 -136.282
805 -137.362
806 -138.721
807 -136.412
808 -136.98
809 -137.442
810 -138.318
811 -136.673
812 -137.529
813 -135.953
814 -137.236
815 -137.395
816 -136.91
817 -137.512
818 -137.56
819 -139.298
820 -138.003
821 -137.526
822 -138.35
823 -136.181
824 -136.425
825 -138.43
826 -138.05
827 -137.082
828 -141.684
829 -138.982
830 -139.213
831 -139.988
832 -138.501
833 -138.375
834 -138.456
835 -138.431
836 -138.523
837 -138.391
838 -138.764
839 -137.173
840 -137.842
841 -137.264
842 -135.812
843 -136.243
844 -136.607
845 -136.901
846 -137.071
847 -135.958
848 -135.479
849 -135.858
850 -136.089
851 -137.999
852 -136.171
853 -138.315
854 -137.218
855 -137.411
856 -139.312
857 -138.393
858 -137.457
859 -138.27
860 -138.234
861 -139.123
862 -137.741
863 -135.547
864 -136.129
865 -138.428
866 -138.377
867 -138.12
868 -138.906
869 -138.179
870 -136.518
871 -136.038
872 -137.021
873 -136.904
874 -138.891
875 -139.052
876 -139.183
877 -139.509
878 -138.196
879 -139.636
880 -137.885
881 -137.648
882 -138.333
883 -139.078
884 -136.614
885 -136.997
886 -137.507
887 -138.78
888 -137.737
889 -136.805
890 -136.857
891 -136.853
892 -136.228
893 -136.392
894 -136.087
895 -135.985
896 -135.167
897 -135.735
898 -136.528
899 -137.237
900 -137.564
901 -138.61
902 -138.849
903 -138.464
904 -137.831
905 -137.396
906 -137.265
907 -136.819
908 -137.33
909 -137.641
910 -137.143
911 -138.14
912 -136.048
913 -138.186
914 -138.502
915 -138.243
916 -138.206
917 -137.828
918 -138.481
919 -138.483
920 -139.864
921 -138.822
922 -138.621
923 -139.301
924 -138.82
925 -138.865
926 -138.308
927 -139.657
928 -137.897
929 -137.695
930 -137.7
931 -136.776
932 -137.611
933 -137.402
934 -139.413
935 -138.093
936 -137.667
937 -138.029
938 -136.493
939 -136.188
940 -136.331
941 -137.124
942 -135.295
943 -136.224
944 -137.169
945 -138.632
946 -137.527
947 -137.058
948 -138.5
949 -137.927
950 -138.326
951 -137.414
952 -135.952
953 -136.547
954 -137.868
955 -137.301
956 -138.434
957 -138.989
958 -137.761
959 -138.585
960 -137.872
961 -138.136
962 -138.465
963 -137.564
964 -137.382
965 -137.182
966 -137.909
967 -137.767
968 -139.018
969 -137.405
970 -138.492
971 -138.393
972 -139.515
973 -139.412
974 -139.029
975 -138.067
976 -136.93
977 -138.517
978 -137.997
979 -136.846
980 -137.711
981 -137.26
982 -136.965
983 -135.896
984 -137.5
985 -137.062
986 -136.78
987 -136.504
988 -135.871
989 -136.004
990 -137.948
991 -137.132
992 -138.427
993 -138.753
994 -138.192
995 -138.69
996 -137.846
997 -138.377
998 -139.382
999 -137.61
1000 -138.727
1001 -139.576
1002 -137.884
1003 -138.772
1004 -138.675
1005 -137.62
1006 -139.429
1007 -138.417
1008 -138.681
1009 -138.631
1010 -137.101
1011 -137.32
1012 -138.878
1013 -138.056
1014 -138.743
1015 -138.397
1016 -140.648
1017 -139.923
1018 -139.331
1019 -137.707
1020 -140.175
1021 -139.28
1022 -140.48
1023 -140.567
1024 -139.612
1025 -140.38
1026 -138.488
1027 -140.945
1028 -140.905
1029 -141.469
1030 -140.867
1031 -142.941
1032 -142.963
1033 -142.623
1034 -141.966
1035 -143.531
1036 -142.741
1037 -143.879
1038 -145.846
1039 -145.882
1040 -146.182
1041 -147.003
1042 -147.576
1043 -148.584
1044 -148.947
1045 -148.754
1046 -149.406
1047 -150.645
1048 -149.566
1049 -150.823
1050 -151.509
1051 -151.35
1052 -152.487
1053 -152.578
1054 -151.91
1055 -153.25
1056 -153.698
1057 -153.334
1058 -154.113
1059 -155.648
1060 -154.074
1061 -154.719
1062 -153.897
1063 -154.177
1064 -155.022
1065 -155.327
1066 -157.251
1067 -156.262
1068 -155.859
1069 -156.51
1070 -155.945
1071 -157.344
1072 -158.079
1073 -156.104
1074 -157.502
1075 -157.768
1076 -157.354
1077 -158.151
1078 -157.848
1079 -157.574
1080 -156.212
1081 -158.544
1082 -158.323
1083 -158.995
1084 -159.84
1085 -160.311
1086 -161.104
1087 -161.539
1088 -161.395
1089 -163.22
1090 -161.663
1091 -160.732
1092 -162.645
1093 -163.27
1094 -162.56
1095 -161.27
1096 -163.097
1097 -163.208
1098 -162.646
1099 -162.689
1100 -162.886
1101 -163.89
1102 -164.693
1103 -162.641
1104 -162.765
1105 -163.096
1106 -162.864
1107 -162.66
1108 -163.353
1109 -161.681
1110 -162.244
1111 -159.6
1112 -161.039
1113 -160.73
1114 -161.585
1115 -159.5
1116 -158.372
1117 -158.414
1118 -157.271
1119 -156.304
1120 -156.259
1121 -156.157
1122 -155.935
1123 -154.055
1124 -154.361
1125 -152.928
1126 -152.499
1127 -151.613
1128 -151.622
1129 -150.286
1130 -151.141
1131 -149.668
1132 -149.693
1133 -150.931
1134 -150.367
1135 -151.069
1136 -149.964
1137 -149.643
1138 -150.49
1139 -150.008
1140 -149.662
1141 -147.123
1142 -147.165
1143 -147.115
1144 -147.826
1145 -146.754
1146 -147.66
1147 -149.473
1148 -148.19
1149 -149.043
1150 -148.046
1151 -148.519
1152 -148.029
1153 -148.034
1154 -148.222
1155 -148.369
1156 -147.201
1157 -146.909
1158 -148.577
1159 -147.347
1160 -146.577
1161 -148.341
1162 -148.028
1163 -147.373
1164 -146.131
1165 -146.532
1166 -146.424
1167 -146.737
1168 -147.116
1169 -146.097
1170 -147.566
1171 -145.712
1172 -147.168
1173 -148.095
1174 -147.277
1175 -146.677
1176 -145.605
1177 -145.292
1178 -147.062
1179 -145.866
1180 -146.555
1181 -145.989
1182 -145.882
1183 -147.852
1184 -145.405
1185 -145.212
1186 -146.202
1187 -144.506
1188 -145.476
1189 -145.637
1190 -144.597
1191 -144.865
1192 -145.718
1193 -144.142
1194 -145.059
1195 -146.067
1196 -145.173
1197 -147.198
1198 -146.795
1199 -146.347
1200 -145.879
1201 -145.974
1202 -145.676
1203 -145.851
1204 -147.082
1205 -146.744
1206 -146.082
1207 -146.472
1208 -147.899
1209 -146.578
1210 -148.434
1211 -147.607
1212 -146.197
1213 -144.821
1214 -145.027
1215 -144.428
1216 -146.149
1217 -146.244
1218 -145.592
1219 -147.337
1220 -146.02
1221 -146.541
1222 -145.619
1223 -144.913
1224 -145.171
1225 -146.335
1226 -145.038
1227 -144.661
1228 -145.521
1229 -145.919
1230 -145.815
1231 -146.738
1232 -146.934
1233 -145.323
1234 -145.197
1235 -144.579
1236 -144.181
1237 -145.698
1238 -145.139
1239 -146.814
1240 -145.274
1241 -145.839
1242 -145.794
1243 -148.349
1244 -145.897
1245 -146.731
1246 -144.153
1247 -146.555
1248 -146.636
1249 -145.422
1250 -145.133
1251 -146.355
1252 -145.953
1253 -145.68
1254 -144.964
1255 -146.461
1256 -144.849
1257 -145.967
1258 -146.496
1259 -145.961
1260 -145.395
1261 -145.148
1262 -144.432
1263 -143.926
1264 -143.99
1265 -145.646
1266 -145.107
1267 -145.919
1268 -145.948
1269 -145.646
1270 -144.464
1271 -144.06
1272 -144.925
1273 -145.239
1274 -144.523
1275 -145.807
1276 -145.879
1277 -146.343
1278 -144.126
1279 -145.058
1280 -145.062
1281 -144.03
1282 -145.123
1283 -143.388
1284 -143.805
1285 -143.581
1286 -144.451
1287 -143.82
1288 -144.998
1289 -144.915
1290 -146.787
1291 -145.453
1292 -145.383
1293 -145.824
1294 -145.188
1295 -146.244
1296 -145.246
1297 -144.029
1298 -145.339
1299 -146.49
1300 -147.334
1301 -147.355
1302 -147.053
1303 -147.123
1304 -145.349
1305 -144.952
1306 -144.857
1307 -145.435
1308 -144.179
1309 -143.764
1310 -145.415
1311 -145.425
1312 -146.059
1313 -145.455
1314 -144.804
1315 -145.551
1316 -144.962
1317 -143.428
1318 -143.765
1319 -144.239
1320 -144.721
1321 -144.133
1322 -145.011
1323 -144.829
1324 -145.408
1325 -145.533
1326 -145.566
1327 -144.721
1328 -144.485
1329 -145.102
1330 -144.725
1331 -142.867
1332 -143.253
1333 -145.911
1334 -144.78
1335 -143.723
1336 -146.31
1337 -145.694
1338 -145.22
1339 -145.994
1340 -146.775
1341 -146.484
1342 -145.756
1343 -145.516
1344 -145.753
1345 -145.034
1346 -145.892
1347 -144.771
1348 -146.521
1349 -146.053
1350 -144.793
1351 -143.508
1352 -144.755
1353 -144.663
1354 -144.524
1355 -144.504
1356 -145.183
1357 -144.674
1358 -145.468
1359 -145.07
1360 -146.606
1361 -145.634
1362 -146.175
1363 -144.34
1364 -142.392
1365 -144.522
1366 -143.543
1367 -145.235
1368 -142.888
1369 -146.425
1370 -144.716
1371 -144.396
1372 -145.115
1373 -145.479
1374 -145.132
1375 -143.673
1376 -144.035
1377 -143.46
1378 -143.664
1379 -144.11
1380 -146.082
1381 -143.926
1382 -144.077
1383 -145.897
1384 -146.824
1385 -147.722
1386 -145.529
1387 -144.457
1388 -145.929
1389 -144.199
1390 -144.647
1391 -145.184
1392 -145.452
1393 -144.801
1394 -145.69
1395 -146.451
1396 -146.249
1397 -145.604
1398 -145.016
1399 -146.292
1400 -143.808
1401 -144.553
1402 -142.247
1403 -145.041
1404 -144.984
1405 -145.198
1406 -145.488
1407 -144.481
1408 -143.716
1409 -144.891
1410 -144.846
1411 -142.499
1412 -142.615
1413 -144.299
1414 -144.156
1415 -144.137
1416 -144.229
1417 -144.571
1418 -143.445
1419 -143.755
1420 -143.705
1421 -144.615
1422 -142.649
1423 -142.988
1424 -145.905
1425 -143.736
1426 -143.813
1427 -144.885
1428 -143.811
1429 -144.542
1430 -145.828
1431 -147.896
1432 -144.824
1433 -144.102
1434 -145.008
1435 -144.157
1436 -143.78
1437 -146.14
1438 -145.108
1439 -145.842
1440 -146.083
1441 -145.233
1442 -145.546
1443 -145.422
1444 -145.153
1445 -145.1
1446 -145.61
1447 -145.811
1448 -144.142
1449 -143.8
1450 -144.169
1451 -144.369
1452 -144.377
1453 -143.955
1454 -144.262
1455 -143.822
1456 -145.04
1457 -144.63
1458 -144.597
1459 -145.12
1460 -141.305
1461 -142.666
1462 -143.896
1463 -143.94
1464 -145.72
1465 -143.99
1466 -145.712
1467 -146.061
1468 -143.621
1469 -143.003
1470 -143.602
1471 -142.7
1472 -144.232
1473 -143.449
1474 -144.355
1475 -143.153
1476 -143.584
1477 -144.514
1478 -145.363
1479 -143.972
1480 -145.315
1481 -143.883
1482 -145.479
1483 -143.599
1484 -143.922
1485 -143.248
1486 -145.984
1487 -144.454
1488 -145.1
1489 -145.924
1490 -144.85
1491 -143.922
1492 -144.568
1493 -144.089
1494 -142.746
1495 -142.84
1496 -143.135
1497 -143.963
1498 -143.245
1499 -144.019
1500 -144.737
1501 -143.684
1502 -143.409
1503 -143.022
1504 -144.808
1505 -143.481
1506 -143.932
1507 -143.694
1508 -143.253
1509 -143.991
1510 -143.861
1511 -145.07
1512 -144.295
1513 -143.723
1514 -143.892
1515 -142.746
1516 -143.111
1517 -142.699
1518 -142.178
1519 -143.163
1520 -144.264
1521 -144.568
1522 -144.41
1523 -143.491
1524 -144.775
1525 -145.149
1526 -144.891
1527 -143.52
1528 -144.638
1529 -145.364
1530 -145.664
1531 -144.498
1532 -144.276
1533 -143.481
1534 -142.731
1535 -144.693
1536 -143.967
1537 -143.351
1538 -142.095
1539 -142.097
1540 -140.666
1541 -141.027
1542 -140.131
1543 -140.746
1544 -139.288
1545 -139.401
1546 -139.081
1547 -138.362
1548 -138.427
1549 -136.483
1550 -136.809
1551 -136.532
1552 -133.639
1553 -133.712
1554 -133.312
1555 -132.573
1556 -131.939
1557 -132.214
1558 -133.804
1559 -131.263
1560 -132.01
1561 -130.694
1562 -131.803
1563 -131.931
1564 -129.988
1565 -130.401
1566 -129.9
1567 -129.931
1568 -128.744
1569 -128.975
1570 -129.192
1571 -128.524
1572 -129.179
1573 -128.126
1574 -128.569
1575 -127.991
1576 -127.193
1577 -126.243
1578 -129.061
1579 -128.991
1580 -128.268
1581 -128.986
1582 -128.51
1583 -124.94
1584 -127.395
1585 -127.51
1586 -127.1
1587 -126.467
1588 -127.596
1589 -125.574
1590 -124.844
1591 -125.806
1592 -126.94
1593 -126.256
1594 -125.312
1595 -124.318
1596 -123.186
1597 -123.17
1598 -123.203
1599 -122.997
1600 -121.595
1601 -120.235
1602 -118.618
1603 -120.433
1604 -120.889
1605 -120.509
1606 -119.663
1607 -119.495
1608 -121.633
1609 -121.973
1610 -120.841
1611 -119.975
1612 -119.689
1613 -120.513
1614 -119.414
1615 -119.412
1616 -119.211
1617 -119.879
1618 -120.533
1619 -121.092
1620 -120.366
1621 -121.655
1622 -121.25
1623 -121.491
1624 -122.671
1625 -123.094
1626 -123.577
1627 -122.994
1628 -123.893
1629 -124.684
1630 -123.777
1631 -125.366
1632 -126.025
1633 -126.596
1634 -126.396
1635 -127.846
1636 -129.07
1637 -129.667
1638 -130.838
1639 -130.104
1640 -131.616
1641 -130.998
1642 -131.937
1643 -132.256
1644 -132.329
1645 -131.785
1646 -131.879
1647 -131.855
1648 -131.778
1649 -133.514
1650 -133.589
1651 -133.264
1652 -134.119
1653 -133.4
1654 -134.133
1655 -135.81
1656 -133.865
1657 -134.701
1658 -134.695
1659 -136.414
1660 -135.161
1661 -135.991
1662 -134.822
1663 -134.905
1664 -135.822
1665 -135.728
1666 -135.886
1667 -134.165
1668 -135.07
1669 -135.429
1670 -136.201
1671 -135.479
1672 -135.598
1673 -134.158
1674 -134.854
1675 -134.889
1676 -134.53
1677 -134.867
1678 -135.391
1679 -135.844
1680 -132.251
1681 -133.426
1682 -134.691
1683 -136.582
1684 -133.932
1685 -135.284
1686 -135.585
1687 -136.775
1688 -136.991
1689 -136.682
1690 -136.732
1691 -136.349
1692 -135.245
1693 -134.976
1694 -136.069
1695 -135.961
1696 -137.206
1697 -135.497
1698 -133.965
1699 -137.861
1700 -138.119
1701 -136.174
1702 -135.277
1703 -136.406
1704 -137.204
1705 -137.852
1706 -137.075
1707 -136.961
1708 -135.483
1709 -137.109
1710 -137.445
1711 -136.816
1712 -137.313
1713 -137.313
1714 -136.666
1715 -137.595
1716 -136.846
1717 -137.29
1718 -136.253
1719 -135.963
1720 -135.606
1721 -135.514
1722 -136.28
1723 -134.922
1724 -136.395
1725 -135.826
1726 -136.088
1727 -134.291
1728 -134.419
1729 -135.502
1730 -135.205
1731 -135.709
1732 -136.424
1733 -137.375
1734 -138.548
1735 -138.108
1736 -137.037
1737 -136.36
1738 -137.115
1739 -136.979
1740 -135.715
1741 -137.501
1742 -137.589
1743 -138.197
1744 -135.904
1745 -136.944
1746 -137.267
1747 -139.108
1748 -136.091
1749 -137.231
1750 -135.781
1751 -136.946
1752 -135.167
1753 -135.368
1754 -136.26
1755 -137.743
1756 -138.385
1757 -137.973
1758 -137.99
1759 -138.939
1760 -138.117
1761 -138.005
1762 -137.209
1763 -137.583
1764 -137.483
1765 -137.606
1766 -135.657
1767 -137.413
1768 -137.418
1769 -136.314
1770 -135.36
1771 -136.546
1772 -136.546
1773 -136.066
1774 -134.581
1775 -134.323
1776 -136.537
1777 -136.62
1778 -135.887
1779 -136.14
1780 -136.427
1781 -136.732
1782 -139.321
1783 -136.366
1784 -138.489
1785 -137.21
1786 -136.289
1787 -136.664
1788 -137.406
1789 -138.448
1790 -137
1791 -136.717
1792 -137.664
1793 -137.32
1794 -137.017
1795 -136.947
1796 -136.349
1797 -137.191
1798 -136.542
1799 -136.071
1800 -136.141
1801 -136.48
1802 -138.111
1803 -138.385
1804 -139.283
1805 -136.395
1806 -137.574
1807 -137.734
1808 -138.002
1809 -136.789
1810 -137.745
1811 -137.594
1812 -138.11
1813 -137.097
1814 -137.133
1815 -136.188
1816 -136.379
1817 -135.414
1818 -134.708
1819 -135.931
1820 -136.04
1821 -135.718
1822 -134.846
1823 -135.643
1824 -136.137
1825 -137.567
1826 -136.172
1827 -137.24
1828 -137.443
1829 -141.068
1830 -137.202
1831 -137.918
1832 -136.531
1833 -137.9
1834 -137.258
1835 -135.831
1836 -137.321
1837 -136.751
1838 -138.298
1839 -136.936
1840 -138.238
1841 -136.797
1842 -136.701
1843 -138.465
1844 -137.127
1845 -137.247
1846 -135.963
1847 -135.762
1848 -137.223
1849 -137.907
1850 -138.303
1851 -137.548
1852 -137.717
1853 -137.19
1854 -136.975
1855 -138.333
1856 -137.498
1857 -139.241
1858 -136.809
1859 -135.959
1860 -138.008
1861 -136.967
1862 -137.71
1863 -136.816
1864 -136.67
1865 -135.084
1866 -135.784
1867 -135.037
1868 -135.972
1869 -136.939
1870 -137.199
1871 -136.708
1872 -137.351
1873 -136.14
1874 -138.44
1875 -135.829
1876 -138.933
1877 -137.444
1878 -135.461
1879 -137.348
1880 -137.557
1881 -137.222
1882 -137.695
1883 -137.806
1884 -136.94
1885 -138.375
1886 -136.877
1887 -137.366
1888 -137.422
1889 -136.991
1890 -137.247
1891 -136.876
1892 -137.501
1893 -137.672
1894 -137.413
1895 -137.065
1896 -137.233
1897 -139.241
1898 -138.737
1899 -138.445
1900 -138.153
1901 -137.796
1902 -137.557
1903 -138.146
1904 -137.22
1905 -138.853
1906 -137.132
1907 -137.62
1908 -138.894
1909 -136.253
1910 -138.227
1911 -137.39
1912 -135.328
1913 -135.502
1914 -136.176
1915 -136.677
1916 -136.462
1917 -137.271
1918 -136.384
1919 -137.759
1920 -138.539
1921 -138.782
1922 -137.232
1923 -137.418
1924 -136.865
1925 -137.281
1926 -135.979
1927 -136.376
1928 -137.982
1929 -136.847
1930 -137.649
1931 -136.716
1932 -138.37
1933 -137.669
1934 -136.173
1935 -137.609
1936 -139.082
1937 -137.697
1938 -137.445
1939 -137.299
1940 -139.032
1941 -138.081
1942 -138.499
1943 -139.474
1944 -137.392
1945 -137.658
1946 -138.595
1947 -139
1948 -138.119
1949 -137.042
1950 -138.263
1951 -137.027
1952 -136.431
1953 -137.782
1954 -138.293
1955 -136.982
1956 -138.055
1957 -136.561
1958 -136.64
1959 -137.023
1960 -137.861
1961 -136.877
1962 -136.01
1963 -137.248
1964 -138.148
1965 -136.721
1966 -137.801
1967 -137.443
1968 -137.817
1969 -137.834
1970 -137.146
1971 -136.864
1972 -136.731
1973 -139.168
1974 -137.889
1975 -137.088
1976 -136.658
1977 -137.549
1978 -139.279
1979 -138.868
1980 -138.633
1981 -139.944
1982 -138.35
1983 -137.356
1984 -137.742
1985 -138.634
1986 -137.493
1987 -137.898
1988 -137.11
1989 -139.703
1990 -137.876
1991 -138.962
1992 -140.163
1993 -138.42
1994 -137.979
1995 -137.323
1996 -139.581
1997 -137.454
1998 -138.016
1999 -138.255
2000 -136.575
2001 -137.579
2002 -136.738
2003 -137.639
2004 -137.003
2005 -137.395
2006 -137.744
2007 -137.726
2008 -137.594
2009 -136.381
2010 -135.243
2011 -136.541
2012 -137.988
2013 -137.672
2014 -138.301
2015 -137.772
2016 -137.249
2017 -137.056
2018 -137.928
2019 -137.552
2020 -136.968
2021 -135.703
2022 -137.511
2023 -137.095
2024 -137.728
2025 -138.177
2026 -138.596
2027 -137.752
2028 -138.501
2029 -138.044
2030 -138.119
2031 -138.314
2032 -137.341
2033 -139.26
2034 -138.923
2035 -139.686
2036 -139.343
2037 -138.714
2038 -139.432
2039 -138.287
2040 -139.093
2041 -138.222
2042 -139.795
2043 -138.387
2044 -140.18
2045 -140.204
2046 -139.826
2047 -140.152
2048 -140.136
2049 -140.883
2050 -141.701
2051 -141.429
2052 -141.297
2053 -142.045
2054 -142.204
2055 -143.841
2056 -143.896
2057 -143.835
2058 -145.063
2059 -145.576
2060 -143.406
2061 -146.579
2062 -147.113
2063 -148.022
2064 -148.032
2065 -147.723
2066 -148.713
2067 -149.756
2068 -150.508
2069 -148.723
2070 -149.838
2071 -150.425
2072 -151.459
2073 -151.765
2074 -150.249
2075 -153.375
2076 -152.548
2077 -152.739
2078 -152.579
2079 -153.949
2080 -153.564
2081 -153.4
2082 -154.521
2083 -153.821
2084 -154.785
2085 -154.618
2086 -155.795
2087 -155.477
2088 -156.015
2089 -154.965
2090 -155.631
2091 -158.246
2092 -154.273
2093 -156.649
2094 -156.471
2095 -157.688
2096 -157.013
2097 -157.462
2098 -158.715
2099 -158.843
2100 -159.037
2101 -158.723
2102 -157.773
2103 -157.424
2104 -158.324
2105 -159.894
2106 -160.031
2107 -161.26
2108 -160.963
2109 -161.559
2110 -161.895
2111 -163.507
2112 -161.74
2113 -163.507
2114 -161.564
2115 -162.427
2116 -161.96
2117 -162.243
2118 -164.324
2119 -163.48
2120 -163.981
2121 -162.198
2122 -163.733
2123 -163.067
2124 -161.694
2125 -163.153
2126 -162.378
2127 -162.335
2128 -161.83
2129 -161.11
2130 -160.957
2131 -158.536
2132 -159.773
2133 -160.398
2134 -160.505
2135 -158.841
2136 -158.313
2137 -159.417
2138 -158.284
2139 -156.236
2140 -157.347
2141 -157.338
2142 -155.42
2143 -154.776
2144 -154.689
2145 -153.848
2146 -154.279
2147 -153.455
2148 -152.267
2149 -150.961
2150 -151.373
2151 -149.91
2152 -148.577
2153 -149.213
2154 -151.119
2155 -151.864
2156 -151.275
2157 -149.769
2158 -149.487
2159 -148.837
2160 -149.733
2161 -148.941
2162 -146.88
2163 -146.62
2164 -148.877
2165 -147.956
2166 -147.719
2167 -148.125
2168 -148.594
2169 -147.972
2170 -148.792
2171 -148.812
2172 -148.568
2173 -148.683
2174 -149.436
2175 -147.97
2176 -148.436
2177 -147.464
2178 -147.544
2179 -147.954
2180 -147.598
2181 -148.813
2182 -148.639
2183 -147.28
2184 -145.942
2185 -146.629
2186 -146.3
2187 -144.745
2188 -147.057
2189 -145.983
2190 -144.514
2191 -147.107
2192 -147.04
2193 -147.375
2194 -147.108
2195 -148.413
2196 -145.509
2197 -144.097
2198 -144.717
2199 -145.83
2200 -145.614
2201 -147.825
2202 -142.925
2203 -145.601
2204 -146.274
2205 -146.357
2206 -145.266
2207 -145.828
2208 -145.951
2209 -145.561
2210 -145.259
2211 -144.69
2212 -143.936
2213 -145.783
2214 -146.61
2215 -146.332
2216 -146.065
2217 -146.089
2218 -146.83
2219 -146.231
2220 -146.409
2221 -146.199
2222 -146.777
2223 -145.268
2224 -144.587
2225 -146.323
2226 -145.887
2227 -146.121
2228 -144.665
2229 -144.855
2230 -145.422
2231 -146.887
2232 -145.041
2233 -144.641
2234 -144.298
2235 -144.904
2236 -146.212
2237 -145.767
2238 -144.842
2239 -146.073
2240 -145.475
2241 -144.843
2242 -145.895
2243 -143.793
2244 -145.04
2245 -144.04
2246 -144.71
2247 -145.386
2248 -146.651
2249 -144.782
2250 -145.283
2251 -146.404
2252 -145.743
2253 -146.396
2254 -144.736
2255 -147.267
2256 -144.963
2257 -145.405
2258 -144.438
2259 -145.258
2260 -146.637
2261 -146.187
2262 -146.852
2263 -145.203
2264 -147.094
2265 -146.711
2266 -146.838
2267 -147.171
2268 -144.679
2269 -144.888
2270 -146.301
2271 -146.143
2272 -145.825
2273 -145.022
2274 -146.319
2275 -147.74
2276 -146.899
2277 -146.168
2278 -146.742
2279 -144.159
2280 -147.202
2281 -144.946
2282 -143.921
2283 -143.537
2284 -146.662
2285 -145.239
2286 -147
2287 -145.538
2288 -145.493
2289 -145.089
2290 -144.787
2291 -143.542
2292 -143.793
2293 -144.846
2294 -143.843
2295 -144.492
2296 -145.541
2297 -145.012
2298 -146.807
2299 -146.065
2300 -145.903
2301 -144.824
2302 -144.885
2303 -146.011
2304 -145.017
2305 -143.052
2306 -143.353
2307 -145.062
2308 -144.033
2309 -144.04
2310 -145.9
2311 -147.188
2312 -146.683
2313 -147.13
2314 -146.861
2315 -145.981
2316 -146.491
2317 -145.195
2318 -145.889
2319 -144.576
2320 -145.359
2321 -145.957
2322 -145.792
2323 -146.468
2324 -145.014
2325 -145.086
2326 -145.894
2327 -144.843
2328 -144.08
2329 -143.758
2330 -144.729
2331 -144.69
2332 -143.825
2333 -145.727
2334 -146.941
2335 -145.066
2336 -145.845
2337 -144.286
2338 -143.857
2339 -145.16
2340 -143.56
2341 -144.441
2342 -144.755
2343 -145.246
2344 -145.373
2345 -145.63
2346 -146.23
2347 -146.274
2348 -146.423
2349 -143.971
2350 -144.415
2351 -145.865
2352 -143.897
2353 -143.61
2354 -143.644
2355 -143.31
2356 -144.843
2357 -146.075
2358 -146.628
2359 -146.944
2360 -145.569
2361 -144.204
2362 -145.757
2363 -144.456
2364 -144.688
2365 -145.703
2366 -145.188
2367 -145.652
2368 -145.677
2369 -146.249
2370 -145.67
2371 -145.757
2372 -143.417
2373 -143.076
2374 -145.473
2375 -145.33
2376 -143.667
2377 -145.077
2378 -145.514
2379 -145.211
2380 -145.406
2381 -145.268
2382 -145.524
2383 -146.633
2384 -144.395
2385 -142.344
2386 -142.811
2387 -143.699
2388 -143.68
2389 -143.858
2390 -146.629
2391 -144.303
2392 -144.9
2393 -145.869
2394 -144.501
2395 -145.027
2396 -144.168
2397 -142.206
2398 -144.417
2399 -143.438
2400 -144.917
2401 -145.627
2402 -145.376
2403 -144.253
2404 -144.486
2405 -144.585
2406 -145.963
2407 -145.226
2408 -145.453
2409 -145.675
2410 -144.331
2411 -146.447
2412 -144.589
2413 -144.756
2414 -144.934
2415 -145.488
2416 -144.788
2417 -144.443
2418 -145.112
2419 -145.274
2420 -143.834
2421 -145.152
2422 -145.103
2423 -144.702
2424 -142.891
2425 -144.503
2426 -144.852
2427 -144.242
2428 -144.505
2429 -143.97
2430 -144.374
2431 -143.789
2432 -144.108
2433 -140.907
2434 -144.123
2435 -142.912
2436 -143.211
2437 -144.755
2438 -145.573
2439 -144.509
2440 -143.935
2441 -143.385
2442 -144.639
2443 -142.815
2444 -143.196
2445 -143.353
2446 -142.834
2447 -142.777
2448 -143.772
2449 -143.927
2450 -145.191
2451 -144.94
2452 -144.962
2453 -145.675
2454 -144.761
2455 -146.994
2456 -144.635
2457 -145.099
2458 -144.72
2459 -145.488
2460 -143.996
2461 -144.106
2462 -144.415
2463 -145.635
2464 -146.32
2465 -146.85
2466 -144.353
2467 -144.231
2468 -142.739
2469 -140.924
2470 -142.031
2471 -143.413
2472 -144.421
2473 -144.544
2474 -144.843
2475 -144.4
2476 -145.87
2477 -143.884
2478 -143.612
2479 -144.309
2480 -144.289
2481 -143.364
2482 -142.592
2483 -142.947
2484 -144.315
2485 -145.609
2486 -143.672
2487 -144.856
2488 -144.503
2489 -143.119
2490 -141.943
2491 -142.657
2492 -142.864
2493 -143.07
2494 -143.436
2495 -143.904
2496 -145.027
2497 -145.077
2498 -145.151
2499 -146.157
2500 -145.352
2501 -144.087
2502 -144.955
2503 -144.2
2504 -144.936
2505 -144.369
2506 -146.155
2507 -144.178
2508 -146.388
2509 -144.864
2510 -145.314
2511 -144.223
2512 -145.311
2513 -144.234
2514 -143.555
2515 -144.412
2516 -141.306
2517 -142.146
2518 -144.416
2519 -143.241
2520 -145.216
2521 -144.863
2522 -145.295
2523 -143.308
2524 -143.168
2525 -143.244
2526 -142.197
2527 -142.067
2528 -142.107
2529 -143.237
2530 -143.895
2531 -143.395
2532 -144.218
2533 -142.884
2534 -143.961
2535 -143.18
2536 -142.423
2537 -144.071
2538 -142.666
2539 -142.056
2540 -141.791
2541 -143.176
2542 -142.978
2543 -144.088
2544 -144.432
2545 -145.794
2546 -144.48
2547 -144.578
2548 -144.284
2549 -143.885
2550 -144.639
2551 -144.228
2552 -142.851
2553 -144.472
2554 -143.618
2555 -144.432
2556 -144.358
2557 -143.333
2558 -142.603
2559 -141.003
2560 -140.636
2561 -140.607
2562 -140.708
2563 -139.422
2564 -137.359
2565 -138.183
2566 -139.066
2567 -139.152
2568 -138.879
2569 -137.684
2570 -136.894
2571 -134.879
2572 -135.656
2573 -135.462
2574 -133.418
2575 -133.222
2576 -132.743
2577 -132.851
2578 -131.091
2579 -131.092
2580 -130.586
2581 -130.873
2582 -129.767
2583 -130.354
2584 -129.785
2585 -129.992
2586 -130
2587 -128.637
2588 -128.838
2589 -126.906
2590 -126.923
2591 -128.461
2592 -127.809
2593 -128.277
2594 -128.66
2595 -127.513
2596 -127.724
2597 -125.994
2598 -127.323
2599 -126.837
2600 -128.175
2601 -128.801
2602 -126.856
2603 -126.035
2604 -126.464
2605 -126.18
2606 -127.28
2607 -124.905
2608 -125.372
2609 -126.694
2610 -125.417
2611 -125.084
2612 -123.872
2613 -124.952
2614 -125.435
2615 -123.169
2616 -123.422
2617 -123.666
2618 -122.484
2619 -122.522
2620 -122.13
2621 -122.432
2622 -121.221
2623 -119.814
2624 -120.74
2625 -118.364
2626 -120.722
2627 -121.208
2628 -119.767
2629 -119.474
2630 -119.339
2631 -117.93
2632 -120.105
2633 -118.076
2634 -119.179
2635 -121.009
2636 -117.97
2637 -119.918
2638 -119.686
2639 -120.927
2640 -120.571
2641 -121.231
2642 -121.168
2643 -121.74
2644 -121.735
2645 -121.4
2646 -122.531
2647 -122.354
2648 -122.873
2649 -124.421
2650 -122.446
2651 -123.937
2652 -125.307
2653 -126.309
2654 -126.14
2655 -127.372
2656 -128.048
2657 -128.936
2658 -129.141
2659 -130.407
2660 -129.93
2661 -130.338
2662 -130.062
2663 -130.31
2664 -131.49
2665 -132.576
2666 -131.591
2667 -132.48
2668 -132.189
2669 -131.483
2670 -132.762
2671 -132.154
2672 -134.378
2673 -133.272
2674 -133.996
2675 -133.619
2676 -133.862
2677 -133.323
2678 -134.5
2679 -134.292
2680 -135.252
2681 -134.755
2682 -134.324
2683 -135.954
2684 -136.361
2685 -135.996
2686 -135.675
2687 -135.903
2688 -135.958
2689 -136.1
2690 -135.461
2691 -134.804
2692 -134.749
2693 -134.031
2694 -134.377
2695 -134.814
2696 -133.69
2697 -135.116
2698 -134.522
2699 -133.308
2700 -134.195
2701 -133.903
2702 -133.472
2703 -133.832
2704 -134.773
2705 -135.678
2706 -137.01
2707 -135.329
2708 -135.902
2709 -136.12
2710 -134.081
2711 -137.039
2712 -136.646
2713 -136.276
2714 -135.945
2715 -135.341
2716 -136.876
2717 -135.05
2718 -136.268
2719 -135.199
2720 -134.477
2721 -135.451
2722 -135.788
2723 -136.348
2724 -137.089
2725 -136.442
2726 -136.958
2727 -136.623
2728 -137.775
2729 -136.243
2730 -136.847
2731 -138.318
2732 -137.076
2733 -136.552
2734 -137.615
2735 -138.145
2736 -136.42
2737 -135.437
2738 -136.35
2739 -135.66
2740 -135.98
2741 -136.186
2742 -135.797
2743 -134.662
2744 -135.895
2745 -135.366
2746 -137.158
2747 -135.734
2748 -135.169
2749 -134.249
2750 -136.62
2751 -136.421
2752 -136.378
2753 -136.71
2754 -137.602
2755 -135.763
2756 -138.434
2757 -137.14
2758 -135.644
2759 -135.369
2760 -135.968
2761 -135.974
2762 -137.974
2763 -137.143
2764 -135.229
2765 -136.4
2766 -136.658
2767 -138.206
2768 -137.376
2769 -136.728
2770 -137.08
2771 -135.65
2772 -136.887
2773 -137.22
2774 -137.481
2775 -135.909
2776 -138.669
2777 -139.236
2778 -137.835
2779 -137.229
2780 -137.688
2781 -139.009
2782 -137.048
2783 -137.543
2784 -137.86
2785 -137.448
2786 -136.237
2787 -135.188
2788 -136.085
2789 -136.138
2790 -134.904
2791 -136.86
2792 -135.51
2793 -135.976
2794 -135.244
2795 -135.476
2796 -135.685
2797 -135.811
2798 -136.079
2799 -134.341
2800 -136.068
2801 -136.741
2802 -138.322
2803 -136.489
2804 -136.917
2805 -138.267
2806 -137.084
2807 -136.156
2808 -138.258
2809 -135.633
2810 -137.371
2811 -137.332
2812 -137.917
2813 -136.523
2814 -138.614
2815 -136.188
2816 -137.282
2817 -137.756
2818 -136.413
2819 -135.385
2820 -139.048
2821 -137.675
2822 -136.056
2823 -137.317
2824 -138.682
2825 -137.404
2826 -138.09
2827 -137.868
2828 -137.649
2829 -137.648
2830 -135.779
2831 -135.682
2832 -136.524
2833 -136.293
2834 -136.53
2835 -135.908
2836 -137.587
2837 -136.577
2838 -136.696
2839 -135.975
2840 -134.747
2841 -135.349
2842 -135.161
2843 -134.932
2844 -136.291
2845 -137.236
2846 -136.035
2847 -136.222
2848 -137.613
2849 -137.142
2850 -136.475
2851 -137.018
2852 -136.838
2853 -136.203
2854 -136.04
2855 -136.795
2856 -136.927
2857 -136.866
2858 -137.607
2859 -137.677
2860 -136.992
2861 -137.431
2862 -138.122
2863 -137.829
2864 -136.647
2865 -136.011
2866 -137.573
2867 -138.236
2868 -136.375
2869 -137.044
2870 -139.731
2871 -138.856
2872 -136.891
2873 -138.726
2874 -137.513
2875 -137.044
2876 -137.765
2877 -137.1
2878 -138.195
2879 -137.794
2880 -135.078
2881 -136.405
2882 -137.263
2883 -136.604
2884 -135.345
2885 -137.695
2886 -136.569
2887 -136.673
2888 -135.347
2889 -134.608
2890 -135.846
2891 -136.284
2892 -137.541
2893 -137.997
2894 -137.491
2895 -136.442
2896 -137.88
2897 -137.203
2898 -137.897
2899 -136.583
2900 -137.253
2901 -137.24
2902 -136.895
2903 -137.807
2904 -138.459
2905 -138.524
2906 -137.709
2907 -137.259
2908 -137.361
2909 -137.358
2910 -136.407
2911 -136.274
2912 -136.923
2913 -136.867
2914 -137.163
2915 -138.532
2916 -138.278
2917 -138.611
2918 -138.173
2919 -137.601
2920 -139.265
2921 -138.745
2922 -137.421
2923 -137.915
2924 -137.353
2925 -137.312
2926 -137.302
2927 -135.983
2928 -136.628
2929 -134.908
2930 -137.892
2931 -138.587
2932 -137.964
2933 -137.294
2934 -135.101
2935 -135.92
2936 -137.132
2937 -136.97
2938 -137.174
2939 -137.111
2940 -136.587
2941 -138.711
2942 -138.467
2943 -138.288
2944 -136.593
2945 -137.816
2946 -135.786
2947 -137.41
2948 -137.938
2949 -138.23
2950 -136.276
2951 -137.482
2952 -137.237
2953 -136.317
2954 -137.896
2955 -136.301
2956 -137.92
2957 -135.92
2958 -137.946
2959 -136.904
2960 -136.902
2961 -136.804
2962 -139.981
2963 -137.748
2964 -137.501
2965 -137.627
2966 -139.112
2967 -137.978
2968 -137.377
2969 -138.062
2970 -137.649
2971 -137.575
2972 -137.819
2973 -138.123
2974 -138.122
2975 -138.74
2976 -135.831
2977 -138.418
2978 -136.802
2979 -136.23
2980 -136.223
2981 -135.986
2982 -135.899
2983 -136.099
2984 -135.827
2985 -134.654
2986 -138.123
2987 -138.403
2988 -137.303
2989 -138.668
2990 -138.582
2991 -137.225
2992 -138.448
2993 -137.677
2994 -138.947
2995 -136.296
2996 -136.339
2997 -138.304
2998 -138.156
2999 -138.739
3000 -137.87
3001 -138.229
3002 -140.042
3003 -138.512
3004 -137.555
3005 -138.323
3006 -137.77
3007 -138.486
3008 -137.13
3009 -138.534
3010 -138.504
3011 -138.588
3012 -137.253
3013 -137.631
3014 -137.946
3015 -138.259
3016 -137.5
3017 -138.636
3018 -137.654
3019 -137.105
3020 -137.79
3021 -137.456
3022 -138.682
3023 -138.86
3024 -138.097
3025 -138.174
3026 -136.616
3027 -136.507
3028 -136.323
3029 -136.873
3030 -135.178
3031 -136.247
3032 -135.719
3033 -137.413
3034 -137.398
3035 -138.904
3036 -138.003
3037 -137.504
3038 -139.326
3039 -139.49
3040 -139.457
3041 -138.886
3042 -138.969
3043 -138.134
3044 -136.619
3045 -138.071
3046 -138.391
3047 -138.162
3048 -139.579
3049 -138.699
3050 -138.37
3051 -137.472
3052 -136.381
3053 -136.854
3054 -137.106
3055 -137.646
3056 -138.968
3057 -139.651
3058 -140.622
3059 -139.282
3060 -139.499
3061 -140.159
3062 -141.04
3063 -140.438
3064 -141.152
3065 -140.184
3066 -139.02
3067 -140.511
3068 -140.741
3069 -140.09
3070 -141.622
3071 -142.512
3072 -142.085
3073 -143.183
3074 -143.175
3075 -144.534
3076 -143.84
3077 -144.656
3078 -145.012
3079 -143.075
3080 -146.043
3081 -146.167
3082 -146.644
3083 -149.111
3084 -149.276
3085 -149.962
3086 -151.532
3087 -152.079
3088 -150.092
3089 -150.742
3090 -150.277
3091 -150.629
3092 -150.849
3093 -150.356
3094 -151.732
3095 -152.107
3096 -152.122
3097 -153.772
3098 -153.782
3099 -153.53
3100 -153.189
3101 -153.112
3102 -153.898
3103 -153.941
3104 -152.849
3105 -154.09
3106 -153.852
3107 -152.013
3108 -153.837
3109 -152.776
3110 -153.198
3111 -151.818
3112 -152.78
3113 -151.208
3114 -151.081
3115 -152.169
3116 -150.602
3117 -150.66
3118 -150.849
3119 -151.038
3120 -150.208
3121 -150.322
3122 -148.863
3123 -147.74
3124 -147.752
3125 -148.446
3126 -146.972
3127 -146.899
3128 -147.138
3129 -146.027
3130 -144.743
3131 -144.494
3132 -144.502
3133 -145.306
3134 -145.09
3135 -144.249
3136 -144.925
3137 -144.298
3138 -144.05
3139 -145.185
3140 -143.786
3141 -143.008
3142 -142.971
3143 -142.12
3144 -142.446
3145 -143.411
3146 -142.931
3147 -142.123
3148 -141.886
3149 -142.749
3150 -142.437
3151 -143.312
3152 -141.908
3153 -141.662
3154 -143.049
3155 -142.223
3156 -141.708
3157 -142.501
3158 -141.273
3159 -141.429
3160 -142.295
3161 -140.606
3162 -140.448
3163 -141.017
3164 -140.763
3165 -142.972
3166 -142.122
3167 -141.786
3168 -141.71
3169 -140.838
3170 -140.536
3171 -140.677
3172 -142.427
3173 -140.067
3174 -140.04
3175 -140.44
3176 -140.411
3177 -140.47
3178 -139.557
3179 -141.504
3180 -141.479
3181 -140.895
3182 -141.048
3183 -139.481
3184 -140.61
3185 -140.143
3186 -140.201
3187 -141.455
3188 -139.625
3189 -139.743
3190 -140.843
3191 -140.197
3192 -140.595
3193 -140.591
3194 -141.282
3195 -141.515
3196 -140.089
3197 -139.474
3198 -141.311
3199 -141.315
3200 -140.603
3201 -140.078
3202 -140.128
3203 -140.22
3204 -140.584
3205 -140.708
3206 -140.631
3207 -138.365
3208 -141.22
3209 -140.478
3210 -141.175
3211 -139.933
3212 -141.293
3213 -140.15
3214 -140.192
3215 -141.148
3216 -140.757
3217 -139.971
3218 -137.978
3219 -140.944
3220 -141.362
3221 -138.811
3222 -140.372
3223 -140.956
3224 -140.622
3225 -140.342
3226 -141.379
3227 -140.414
3228 -141.692
3229 -139.672
3230 -139.626
3231 -140.014
3232 -140.222
3233 -141.583
3234 -140.312
3235 -140.639
3236 -139.572
3237 -140.746
3238 -141.007
3239 -141.097
3240 -140.596
3241 -140.001
3242 -141.165
3243 -139.819
3244 -138.442
3245 -139.855
3246 -140.954
3247 -141.595
3248 -141.365
3249 -141.039
3250 -140.908
3251 -141.682
3252 -141.978
3253 -141.81
3254 -141.555
3255 -140.475
3256 -140.877
3257 -139.63
3258 -140.15
3259 -139.792
3260 -141.416
3261 -140.863
3262 -140.286
3263 -141.315
3264 -140.115
3265 -139.265
3266 -139.595
3267 -140.854
3268 -141.345
3269 -141.264
3270 -143.026
3271 -141.252
3272 -139.142
3273 -141.752
3274 -142.151
3275 -140.89
3276 -141.097
3277 -141.727
3278 -140.779
3279 -140.595
3280 -139.702
3281 -139.221
3282 -140.352
3283 -140.876
3284 -139.025
3285 -139.656
3286 -139.758
3287 -139.874
3288 -140.12
3289 -141.971
3290 -141.608
3291 -141.712
3292 -141.036
3293 -140.767
3294 -140.741
3295 -140.382
3296 -141.072
3297 -141.657
3298 -140.036
3299 -141.282
3300 -141.02
3301 -140.925
3302 -141.962
3303 -140.829
3304 -141.223
3305 -140.086
3306 -140.77
3307 -141.422
3308 -140.798
3309 -141.501
3310 -140.966
3311 -139.984
3312 -140.337
3313 -139.935
3314 -140.944
3315 -141.341
3316 -140.699
3317 -142.889
3318 -140.314
3319 -139.728
3320 -140.549
3321 -141.26
3322 -140.2
3323 -140.995
3324 -140.973
3325 -141.369
3326 -141.518
3327 -141.247
3328 -139.058
3329 -139.859
3330 -140.211
3331 -140.363
3332 -141.932
3333 -140.699
3334 -141.318
3335 -140.818
3336 -141.615
3337 -139.896
3338 -140.943
3339 -140.884
3340 -139.376
3341 -140.996
3342 -141.595
3343 -141.472
3344 -140.809
3345 -140.318
3346 -139.756
3347 -141.624
3348 -139.983
3349 -140.15
3350 -140.861
3351 -141.294
3352 -140.653
3353 -139.867
3354 -141.314
3355 -140.299
3356 -140.489
3357 -140.436
3358 -140.393
3359 -142.05
3360 -140.132
3361 -139.983
3362 -141.486
3363 -141.341
3364 -140.506
3365 -141.278
3366 -140.918
3367 -140.056
3368 -141.693
3369 -141.281
3370 -140.627
3371 -140.682
3372 -141.09
3373 -140.194
3374 -141.088
3375 -140.909
3376 -139.747
3377 -140.43
3378 -141.86
3379 -139.975
3380 -139.989
3381 -140.83
3382 -140.375
3383 -141.233
3384 -140.427
3385 -139.478
3386 -140.52
3387 -140.156
3388 -141.938
3389 -140.545
3390 -141.678
3391 -141.92
3392 -139.289
3393 -139.226
3394 -139.847
3395 -140.728
3396 -141.812
3397 -140.876
3398 -140.726
3399 -142.46
