0 -42.1012
1 -40.8349
2 -41.9828
3 -41.9559
4 -42.5764
5 -41.2477
6 -40.5557
7 -41.2209
8 -42.0698
9 -40.8238
10 -40.5701
11 -41.4219
12 -42.2834
13 -40.8332
14 -41.696
15 -41.0523
16 -40.7423
17 -40.3879
18 -40.7775
19 -41.2563
20 -41.8434
21 -41.5039
22 -41.1102
23 -42.5726
24 -41.3473
25 -41.2068
26 -39.3222
27 -42.5264
28 -41.5437
29 -41.5238
30 -41.43
31 -43.429
32 -41.8185
33 -42.8916
34 -43.7921
35 -45.1025
36 -44.7807
37 -45.2273
38 -46.0957
39 -47.7327
40 -47.1958
41 -49.446
42 -48.5021
43 -49.1426
44 -51.2533
45 -51.3297
46 -53.6611
47 -51.781
48 -52.7547
49 -53.1769
50 -54.5581
51 -55.3129
52 -56.1432
53 -57.2898
54 -58.0931
55 -57.7804
56 -58.7369
57 -60.147
58 -58.9722
59 -60.5077
60 -59.8506
61 -60.8539
62 -62.9003
63 -63.0518
64 -62.6498
65 -63.1493
66 -61.6074
67 -64.9391
68 -64.0458
69 -62.3719
70 -61.1832
71 -61.938
72 -61.638
73 -62.6192
74 -60.3151
75 -60.2196
76 -60.5472
77 -58.3921
78 -59.7464
79 -58.5871
80 -57.341
81 -56.8866
82 -57.6334
83 -56.2896
84 -55.1721
85 -54.77
86 -54.3857
87 -55.1038
88 -54.3789
89 -53.0285
90 -51.3149
91 -54.0719
92 -52.5885
93 -51.8634
94 -51.8773
95 -51.2251
96 -50.8188
97 -50.7972
98 -49.5911
99 -50.2946
100 -50.0476
101 -51.5683
102 -49.7334
103 -48.9333
104 -48.4716
105 -49.0868
106 -49.1724
107 -48.6494
108 -49.9679
109 -49.7231
110 -50.615
111 -49.5111
112 -50.0889
113 -48.876
114 -49.682
115 -48.5774
116 -49.0676
117 -50.3477
118 -50.1719
119 -48.5578
120 -50.3297
121 -47.8265
122 -48.0163
123 -47.2376
124 -47.1151
125 -47.6762
126 -48.1911
127 -46.5395
128 -48.3321
129 -48.0866
130 -48.4358
131 -47.0409
132 -47.3043
133 -46.5644
134 -47.5228
135 -48.3719
136 -46.8911
137 -46.3342
138 -47.001
139 -47.8113
140 -47.2987
141 -46.7475
142 -48.348
143 -46.0947
144 -47.0308
145 -45.0408
146 -46.1436
147 -48.2555
148 -46.7862
149 -50.7209
150 -48.407
151 -49.0426
152 -47.8754
153 -47.386
154 -47.5097
155 -47.6983
156 -47.5064
157 -47.2241
158 -49.6559
159 -47.6747
160 -48.1891
161 -48.5111
162 -47.6766
163 -46.2716
164 -46.7864
165 -45.4129
166 -46.5324
167 -47.1927
168 -47.7092
169 -46.917
170 -47.1596
171 -47.3122
172 -47.3095
173 -46.1266
174 -47.6825
175 -44.3409
176 -46.04
177 -47.1986
178 -47.0596
179 -46.8707
180 -46.3658
181 -48.4311
182 -46.6935
183 -47.1877
184 -46.974
185 -47.1484
186 -46.645
187 -46.882
188 -46.0169
189 -47.173
190 -49.5301
191 -46.9782
192 -47.1015
193 -48.0243
194 -47.0416
195 -47.786
196 -48.4655
197 -46.742
198 -49.1862
199 -46.9348
200 -48.1016
201 -48.4609
202 -47.895
203 -47.1316
204 -48.3216
205 -45.9749
206 -44.6191
207 -45.3108
208 -46.0751
209 -47.5855
210 -48.492
211 -45.7578
212 -44.9287
213 -46.9348
214 -45.8502
215 -45.9851
216 -46.5178
217 -46.6435
218 -47.1559
219 -46.6645
220 -47.1175
221 -45.875
222 -47.7423
223 -46.2373
224 -46.54
225 -45.0502
226 -45.0431
227 -45.4053
228 -45.9896
229 -48.4379
230 -50.8176
231 -47.8312
232 -48.6243
233 -48.1807
234 -48.5415
235 -47.9581
236 -47.1679
237 -48.2793
238 -48.4712
239 -46.8007
240 -47.8424
241 -48.6974
242 -46.9329
243 -47.311
244 -45.9829
245 -45.3505
246 -46.8638
247 -46.6755
248 -47.1302
249 -49.0955
250 -45.8529
251 -48.1464
252 -47.1386
253 -46.339
254 -48.1052
255 -46.5068
256 -47.2523
257 -47.5041
258 -46.3819
259 -46.9963
260 -46.6708
261 -48.3829
262 -46.4364
263 -47.2794
264 -45.0524
265 -47.2228
266 -46.3168
267 -47.3009
268 -46.6201
269 -48.9389
270 -49.001
271 -48.8545
272 -47.9089
273 -48.5033
274 -47.4467
275 -48.0485
276 -48.887
277 -48.1089
278 -48.0219
279 -48.0807
280 -49.7046
281 -48.6554
282 -46.9074
283 -46.5832
284 -48.0189
285 -47.031
286 -47.0464
287 -47.7316
288 -46.3153
289 -46.9489
290 -48.9982
291 -46.7082
292 -47.0846
293 -45.839
294 -47.1416
295 -47.3774
296 -46.746
297 -46.2144
298 -47.865
299 -46.4944
300 -48.5268
301 -46.5367
302 -47.7073
303 -46.1769
304 -47.4093
305 -45.6688
306 -45.8113
307 -45.3601
308 -49.1172
309 -47.9068
310 -49.6283
311 -49.1135
312 -47.7509
313 -49.1941
314 -47.9829
315 -48.0213
316 -47.4455
317 -49.3384
318 -49.8847
319 -48.9283
320 -49.0912
321 -46.1528
322 -48.2179
323 -47.1214
324 -46.9735
325 -47.8453
326 -45.9155
327 -45.8732
328 -47.1232
329 -48.2712
330 -47.0804
331 -47.3935
332 -47.2976
333 -46.7424
334 -44.7382
335 -44.432
336 -45.8405
337 -47.9494
338 -47.7495
339 -47.3898
340 -45.5429
341 -45.883
342 -46.9417
343 -46.2383
344 -44.9098
345 -47.8739
346 -46.7474
347 -46.4211
348 -46.7614
349 -48.2295
350 -47.3007
351 -47.6254
352 -48.3853
353 -46.4636
354 -47.835
355 -46.7695
356 -47.6886
357 -46.422
358 -48.1268
359 -47.7448
360 -46.8756
361 -49.2706
362 -47.0006
363 -46.352
364 -45.893
365 -47.2527
366 -46.9857
367 -48.0115
368 -47.4296
369 -46.5822
370 -47.1206
371 -48.2615
372 -47.486
373 -49.0386
374 -45.9984
375 -45.8293
376 -45.8838
377 -45.0618
378 -47.2833
379 -46.437
380 -46.1875
381 -46.6093
382 -45.8527
383 -43.9716
384 -45.4255
385 -45.614
386 -46.1745
387 -47.2458
388 -47.359
389 -47.2013
390 -48.3347
391 -48.1987
392 -47.379
393 -48.8279
394 -47.6444
395 -46.892
396 -46.4211
397 -45.6077
398 -47.3015
399 -45.7656
400 -47.4696
401 -46.812
402 -47.4772
403 -45.3677
404 -45.206
405 -46.6656
406 -45.2195
407 -46.2293
408 -46.9487
409 -45.9387
410 -46.0655
411 -45.5299
412 -47.0353
413 -45.8132
414 -46.8368
415 -44.8662
416 -45.4616
417 -47.3343
418 -45.6267
419 -47.4796
420 -46.8788
421 -45.5233
422 -46.1595
423 -46.4368
424 -45.7783
425 -43.7139
426 -44.4838
427 -46.0501
428 -47.9379
429 -47.5047
430 -48.2183
431 -49.1182
432 -47.9277
433 -47.5237
434 -48.182
435 -47.2311
436 -47.3466
437 -48.0322
438 -46.3837
439 -47.9219
440 -46.5525
441 -48.535
442 -46.6256
443 -45.5326
444 -46.386
445 -46.6105
446 -46.4103
447 -45.0155
448 -46.2465
449 -46.328
450 -45.8526
451 -47.6223
452 -46.6534
453 -46.4117
454 -45.5455
455 -45.7211
456 -47.2087
457 -46.4465
458 -47.1057
459 -46.2632
460 -46.6644
461 -46.331
462 -47.8153
463 -46.0068
464 -44.828
465 -43.8896
466 -46.2536
467 -46.8283
468 -46.2527
469 -48.5141
470 -47.7503
471 -48.2759
472 -47.1094
473 -47.8157
474 -46.5246
475 -45.0135
476 -45.1646
477 -47.624
478 -47.9814
479 -47.9567
480 -46.3142
481 -45.987
482 -45.0768
483 -45.1979
484 -44.7648
485 -44.8696
486 -45.6079
487 -45.4022
488 -47.0853
489 -45.837
490 -45.5852
491 -46.9093
492 -46.1857
493 -45.8737
494 -45.242
495 -45.902
496 -45.8265
497 -44.682
498 -44.7689
499 -46.3616
500 -47.5949
501 -44.9177
502 -43.394
503 -45.8147
504 -44.455
505 -45.279
506 -44.3626
507 -46.5113
508 -44.5665
509 -46.8328
510 -45.6197
511 -46.9692
512 -48.2167
513 -46.2511
514 -46.7586
515 -45.2249
516 -47.7835
517 -46.7197
518 -45.2801
519 -48.0288
520 -48.1485
521 -45.7302
522 -45.4494
523 -45.0483
524 -44.6088
525 -45.6964
526 -44.8374
527 -45.2872
528 -47.1823
529 -46.0236
530 -45.7101
531 -44.697
532 -45.9687
533 -46.1924
534 -43.9674
535 -45.1373
536 -46.0851
537 -45.3282
538 -45.1325
539 -44.315
540 -45.0698
541 -44.4876
542 -45.8228
543 -44.8326
544 -43.2045
545 -44.291
546 -45.451
547 -44.7565
548 -46.2384
549 -46.7461
550 -46.8096
551 -46.3087
552 -47.3206
553 -46.1919
554 -46.6189
555 -45.8972
556 -45.8046
557 -46.384
558 -45.9177
559 -47.2325
560 -47.4984
561 -46.2058
562 -45.8847
563 -47.6698
564 -44.9545
565 -45.459
566 -44.6087
567 -46.8965
568 -44.2573
569 -45.6946
570 -46.0821
571 -46.1355
572 -46.3673
573 -45.5818
574 -45.4459
575 -44.5818
576 -45.5928
577 -46.0365
578 -46.6153
579 -45.316
580 -45.6562
581 -45.0467
582 -45.6698
583 -45.874
584 -43.1871
585 -45.7992
586 -45.5439
587 -46.6943
588 -45.6179
589 -48.6877
590 -47.6238
591 -47.1023
592 -46.0621
593 -46.9931
594 -47.2138
595 -45.7799
596 -47.0793
597 -45.9234
598 -47.8749
599 -47.7819
600 -47.1102
601 -46.4088
602 -46.5777
603 -45.5048
604 -45.3074
605 -46.2989
606 -45.2112
607 -45.4974
608 -45.083
609 -44.652
610 -45.326
611 -43.6292
612 -46.3103
613 -44.6169
614 -43.9459
615 -44.9988
616 -45.2334
617 -45.2424
618 -45.6305
619 -45.3862
620 -46.0291
621 -43.5841
622 -43.5502
623 -43.18
624 -44.5041
625 -43.0175
626 -45.759
627 -44.1543
628 -47.1692
629 -47.8748
630 -45.811
631 -48.0637
632 -46.9209
633 -47.229
634 -47.7162
635 -47.226
636 -46.9464
637 -45.5367
638 -46.3642
639 -45.1959
640 -45.945
641 -45.2513
642 -45.41
643 -46.4277
644 -45.1247
645 -44.2454
646 -45.2219
647 -45.078
648 -46.8204
649 -45.0829
650 -45.1597
651 -46.9221
652 -46.2039
653 -44.3491
654 -44.2432
655 -44.0059
656 -45.7431
657 -44.9472
658 -44.983
659 -45.6068
660 -44.4798
661 -44.019
662 -45.4808
663 -43.9269
664 -45.4962
665 -44.1481
666 -44.8539
667 -45.3861
668 -46.8672
669 -46.1403
670 -45.6309
671 -44.9019
672 -46.0142
673 -46.2321
674 -45.8281
675 -46.2218
676 -46.2644
677 -46.3841
678 -46.0913
679 -46.1159
680 -44.5937
681 -45.331
682 -45.8365
683 -44.3389
684 -44.5471
685 -44.0722
686 -44.956
687 -45.4296
688 -46.2146
689 -44.849
690 -44.3584
691 -45.2887
692 -45.409
693 -45.1416
694 -45.0576
695 -43.6993
696 -45.2307
697 -43.4666
698 -45.3308
699 -45.5181
700 -44.4479
701 -43.2589
702 -43.5747
703 -44.5523
704 -45.0221
705 -43.4907
706 -45.7002
707 -45.1305
708 -45.6336
709 -45.8167
710 -45.5525
711 -45.3595
712 -45.8123
713 -45.6964
714 -46.69
715 -43.9244
716 -44.2812
717 -46.3066
718 -46.317
719 -44.1666
720 -44.8518
721 -45.3996
722 -45.2218
723 -44.0826
724 -42.1103
725 -43.3277
726 -43.8193
727 -43.4644
728 -43.582
729 -43.4858
730 -43.7662
731 -44.3255
732 -45.0453
733 -43.7359
734 -43.729
735 -43.1158
736 -42.5505
737 -44.7267
738 -44.8182
739 -44.0703
740 -41.3607
741 -43.9179
742 -42.253
743 -43.0825
744 -42.1077
745 -44.0849
746 -42.7415
747 -44.6641
748 -44.7883
749 -43.7406
750 -44.7376
751 -45.2525
752 -44.0694
753 -43.9804
754 -44.4357
755 -43.6841
756 -43.939
757 -44.651
758 -43.5001
759 -45.2038
760 -43.5248
761 -45.6088
762 -43.4088
763 -43.0583
764 -44.7711
765 -42.8294
766 -42.8633
767 -44.2009
768 -44.1987
769 -43.0385
770 -44.3529
771 -42.8954
772 -43.2337
773 -43.1228
774 -44.1571
775 -44.5718
776 -43.6609
777 -44.1803
778 -42.5378
779 -44.1563
780 -41.4498
781 -43.1411
782 -42.1814
783 -41.3581
784 -41.2714
785 -41.7104
786 -41.9234
787 -44.417
788 -43.7983
789 -45.5468
790 -45.0781
791 -44.2983
792 -45.1706
793 -43.8832
794 -44.6314
795 -43.8076
796 -43.4331
797 -43.6344
798 -43.5557
799 -43.7542
800 -41.7832
801 -42.5677
802 -40.9037
803 -42.1363
804 -42.331
805 -42.5315
806 -41.7812
807 -42.2435
808 -43.5357
809 -42.5153
810 -42.3837
811 -41.1679
812 -43.1912
813 -40.5609
814 -42.7699
815 -41.9529
816 -42.1798
817 -42.4919
818 -43.2329
819 -42.4691
820 -42.4737
821 -40.7071
822 -40.7264
823 -41.0805
824 -41.8387
825 -41.435
826 -41.9377
827 -43.0248
828 -44.524
829 -43.1382
830 -43.4023
831 -44.7883
832 -42.4091
833 -42.4611
834 -44.2008
835 -44.0866
836 -43.0468
837 -43.0116
838 -42.3829
839 -42.564
840 -44.5063
841 -43.2424
842 -42.5009
843 -42.2477
844 -43.3931
845 -41.096
846 -40.3327
847 -42.1159
848 -40.6511
849 -42.8803
850 -41.2303
851 -42.7468
852 -42.5394
853 -41.6364
854 -40.6124
855 -41.4376
856 -43.5129
857 -41.6485
858 -42.0871
859 -42.0662
860 -40.2651
861 -41.3579
862 -40.2917
863 -38.6607
864 -39.9091
865 -41.7501
866 -42.8621
867 -41.7688
868 -42.2239
869 -42.6772
870 -42.7845
871 -43.2604
872 -43.5937
873 -44.8878
874 -41.6017
875 -43.4921
876 -41.8669
877 -43.0607
878 -42.0936
879 -42.8443
880 -41.6596
881 -40.5318
882 -41.4295
883 -41.822
884 -41.2719
885 -40.6753
886 -40.8398
887 -42.1424
888 -41.8786
889 -42.4701
890 -41.6874
891 -42.8471
892 -39.2444
893 -40.6117
894 -40.0742
895 -41.106
896 -41.899
897 -39.9
898 -40.2439
899 -39.9647
900 -39.9951
901 -41.9291
902 -40.4067
903 -40.2366
904 -40.3155
905 -41.5643
906 -40.764
907 -42.8255
908 -42.9518
909 -41.5656
910 -41.6833
911 -41.3242
912 -42.4014
913 -43.0169
914 -42.6312
915 -41.952
916 -42.0402
917 -42.7539
918 -41.3413
919 -41.7837
920 -41.4782
921 -42.76
922 -41.68
923 -41.0543
924 -40.0395
925 -39.6033
926 -41.4354
927 -40.1108
928 -42.1418
929 -40.4843
930 -41.5856
931 -42.2805
932 -40.7659
933 -41.4987
934 -39.3414
935 -40.6569
936 -38.4525
937 -39.9567
938 -40.431
939 -37.2406
940 -38.5803
941 -37.7319
942 -37.8991
943 -37.8836
944 -35.1609
945 -36.3319
946 -36.4713
947 -36.4962
948 -36.8183
949 -35.6437
950 -36.9505
951 -35.4472
952 -34.2551
953 -33.3945
954 -33.4946
955 -33.5855
956 -32.3386
957 -32.349
958 -31.0636
959 -29.7608
960 -30.5438
961 -30.0548
962 -28.3095
963 -27.8001
964 -27.9395
965 -26.2617
966 -26.0854
967 -26.6318
968 -26.0142
969 -25.3032
970 -25.2041
971 -24.6804
972 -25.3691
973 -24.1569
974 -23.5335
975 -24.4752
976 -22.5726
977 -20.7579
978 -21.9991
979 -20.9975
980 -19.7281
981 -20.7745
982 -20.247
983 -20.1577
984 -20.889
985 -20.6304
986 -18.1724
987 -19.8852
988 -19.4008
989 -19.7476
990 -19.4878
991 -19.5656
992 -16.3395
993 -17.5017
994 -16.9836
995 -17.1001
996 -15.055
997 -15.3746
998 -14.6944
999 -14.6962
1000 -15.1923
1001 -13.4731
1002 -15.1716
1003 -14.8015
1004 -14.824
1005 -14.8209
1006 -15.8306
1007 -15.006
1008 -13.9681
1009 -16.234
1010 -15.751
1011 -15.9644
1012 -16.3143
1013 -15.3806
1014 -17.8098
1015 -17.3318
1016 -17.2525
1017 -18.3029
1018 -19.3353
1019 -18.607
1020 -18.4683
1021 -20.002
1022 -20.5944
1023 -20.9199
1024 -21.1164
1025 -22.4964
1026 -23.8569
1027 -25.2889
1028 -24.5203
1029 -25.6509
1030 -26.5203
1031 -25.1934
1032 -27.4526
1033 -27.7347
1034 -27.7856
1035 -28.2525
1036 -28.2014
1037 -28.1909
1038 -27.6378
1039 -27.3802
1040 -26.9424
1041 -25.9491
1042 -27.1083
1043 -28.377
1044 -27.559
1045 -27.2532
1046 -26.7094
1047 -25.9176
1048 -29.3702
1049 -28.4548
1050 -28.5622
1051 -28.8357
1052 -28.4599
1053 -30.1265
1054 -28.1931
1055 -29.8666
1056 -29.182
1057 -30.5324
1058 -29.995
1059 -30.6679
1060 -29.6572
1061 -30.1682
1062 -30.3108
1063 -29.9499
1064 -30.2654
1065 -30.895
1066 -29.1708
1067 -31.2921
1068 -30.9198
1069 -30.7663
1070 -30.9135
1071 -31.3543
1072 -31.3123
1073 -32.6851
1074 -31.3945
1075 -31.7554
1076 -30.9203
1077 -31.7995
1078 -31.7174
1079 -31.8801
1080 -31.2013
1081 -30.4275
1082 -31.4926
1083 -32.1709
1084 -30.5698
1085 -29.9045
1086 -32.5166
1087 -30.4952
1088 -29.4594
1089 -30.4109
1090 -30.8666
1091 -30.2851
1092 -30.6646
1093 -31.3656
1094 -31.9452
1095 -30.5004
1096 -30.0767
1097 -30.3266
1098 -29.9928
1099 -30.5602
1100 -30.792
1101 -32.5606
1102 -31.353
1103 -33.3365
1104 -31.9731
1105 -32.9132
1106 -30.8588
1107 -31.0841
1108 -30.7407
1109 -31.1456
1110 -33.3101
1111 -31.09
1112 -32.2232
1113 -33.031
1114 -33.2837
1115 -32.3885
1116 -31.6347
1117 -32.4511
1118 -33.169
1119 -32.8225
1120 -31.064
1121 -31.4652
1122 -30.6442
1123 -31.9492
1124 -31.2465
1125 -30.2267
1126 -31.3118
1127 -31.0543
1128 -30.9478
1129 -30.242
1130 -31.9461
1131 -31.5081
1132 -31.267
1133 -30.4194
1134 -31.6198
1135 -31.4913
1136 -33.0156
1137 -32.0039
1138 -30.3069
1139 -32.6496
1140 -31.1849
1141 -32.1678
1142 -30.7071
1143 -30.0438
1144 -33.1047
1145 -32.884
1146 -33.1037
1147 -30.5307
1148 -32.9504
1149 -32.63
1150 -32.4432
1151 -32.7305
1152 -32.5325
1153 -34.0415
1154 -33.452
1155 -33.1193
1156 -34.5252
1157 -34.2736
1158 -33.0779
1159 -33.982
1160 -32.5117
1161 -31.5632
1162 -31.8075
1163 -32.888
1164 -31.4382
1165 -29.8995
1166 -31.8771
1167 -29.1143
1168 -31.769
1169 -30.3245
1170 -31.8889
1171 -32.2819
1172 -31.9321
1173 -32.0802
1174 -32.3941
1175 -31.7901
1176 -32.5665
1177 -32.8871
1178 -31.5137
1179 -33.5294
1180 -31.992
1181 -32.4558
1182 -33.5592
1183 -32.2426
1184 -31.8546
1185 -32.6601
1186 -32.2606
1187 -31.9667
1188 -33.0215
1189 -30.238
1190 -33.6071
1191 -33.4626
1192 -34.0721
1193 -33.1799
1194 -32.9556
1195 -31.6928
1196 -34.413
1197 -34.4359
1198 -33.7568
1199 -32.9721
1200 -31.3454
1201 -31.9383
1202 -33.0149
1203 -34.0916
1204 -32.3938
1205 -32.4479
1206 -31.483
1207 -32.3298
1208 -31.3219
1209 -31.0233
1210 -31.6643
1211 -31.2427
1212 -32.0567
1213 -33.7681
1214 -33.796
1215 -33.3864
1216 -34.0577
1217 -34.074
1218 -33.3509
1219 -32.274
1220 -31.1274
1221 -33.1081
1222 -32.7578
1223 -33.4816
1224 -32.0371
1225 -32.5601
1226 -33.1583
1227 -32.9505
1228 -32.209
1229 -33.3604
1230 -33.8037
1231 -33.5767
1232 -33.8275
1233 -34.3769
1234 -32.9826
1235 -33.4459
1236 -33.0126
1237 -34.3877
1238 -35.1902
1239 -33.3447
1240 -31.3657
1241 -33.2719
1242 -32.6433
1243 -32.7582
1244 -32.3027
1245 -33.1269
1246 -31.2524
1247 -30.9681
1248 -31.8418
1249 -31.4008
1250 -32.5577
1251 -34.1333
1252 -32.0147
1253 -35.159
1254 -33.2736
1255 -34.0966
1256 -33.4421
1257 -33.1067
1258 -33.102
1259 -32.5949
1260 -33.0207
1261 -33.4452
1262 -34.1673
1263 -34.2828
1264 -33.3654
1265 -33.1783
1266 -34.1113
1267 -33.4277
1268 -32.0655
1269 -33.9724
1270 -35.0326
1271 -34.1376
1272 -33.2523
1273 -35.5794
1274 -34.2861
1275 -35.0485
1276 -34.2901
1277 -33.4191
1278 -33.3726
1279 -34.796
1280 -34.1155
1281 -34.0208
1282 -35.1348
1283 -33.5584
1284 -33.1383
1285 -34.3582
1286 -31.0214
1287 -32.9466
1288 -32.7334
1289 -33.261
1290 -31.9711
1291 -33.0472
1292 -34.0445
1293 -33.5438
1294 -33.4309
1295 -34.5495
1296 -32.901
1297 -34.0012
1298 -33.6172
1299 -34.6955
1300 -33.2297
1301 -33.217
1302 -34.7776
1303 -34.3297
1304 -33.9133
1305 -34.2552
1306 -34.3568
1307 -34.2733
1308 -34.3775
1309 -34.3475
1310 -34.0845
1311 -34.9325
1312 -35.0237
1313 -34.751
1314 -35.8868
1315 -34.5426
1316 -35.1658
1317 -35.222
1318 -34.5515
1319 -34.2124
1320 -34.5616
1321 -33.0745
1322 -34.0309
1323 -35.035
1324 -33.5889
1325 -34.4095
1326 -33.0195
1327 -32.6711
1328 -33.1664
1329 -32.8461
1330 -34.2878
1331 -34.1545
1332 -36.0332
1333 -33.2341
1334 -35.0959
1335 -33.9855
1336 -34.1487
1337 -35.5563
1338 -36.1125
1339 -34.6256
1340 -35.0708
1341 -34.6832
1342 -35.6363
1343 -34.6591
1344 -35.4736
1345 -35.0296
1346 -35.442
1347 -34.7927
1348 -35.6453
1349 -35.3514
1350 -35.5576
1351 -34.0243
1352 -35.7485
1353 -34.65
1354 -35.5648
1355 -36.8425
1356 -35.3194
1357 -34.8057
1358 -35.2638
1359 -34.6023
1360 -33.9699
1361 -36.3218
1362 -33.5671
1363 -34.4794
1364 -32.982
1365 -33.0721
1366 -32.1443
1367 -33.0606
1368 -33.8051
1369 -32.2205
1370 -33.5202
1371 -34.5288
1372 -34.7604
1373 -36.2375
1374 -36.328
1375 -37.6993
1376 -36.4593
1377 -37.2334
1378 -37.1454
1379 -38.3446
1380 -38.375
1381 -37.5583
1382 -39.4085
1383 -37.7561
1384 -39.4336
1385 -40.436
1386 -43.4034
1387 -43.5682
1388 -43.2252
1389 -45.005
1390 -43.5041
1391 -44.9198
1392 -46.1869
1393 -45.3726
1394 -46.7566
1395 -48.8946
1396 -49.3884
1397 -49.3347
1398 -49.3286
1399 -49.5765
1400 -50.5782
1401 -49.4206
1402 -50.7305
1403 -50.4536
1404 -51.2075
1405 -50.9149
1406 -52.0331
1407 -53.0307
1408 -53.1009
1409 -51.5898
1410 -51.4616
1411 -53.3035
1412 -53.5043
1413 -54.5343
1414 -54.3987
1415 -52.5905
1416 -54.9102
1417 -53.4161
1418 -53.1428
1419 -53.3821
1420 -54.6887
1421 -53.8232
1422 -55.3049
1423 -55.5293
1424 -55.8555
1425 -55.7821
1426 -57.2579
1427 -56.0089
1428 -57.3335
1429 -58.879
1430 -58.0076
1431 -60.0615
1432 -58.5849
1433 -59.4957
1434 -60.2084
1435 -60.5563
1436 -61.7636
1437 -59.4951
1438 -59.7586
1439 -62.2396
1440 -61.4697
1441 -59.8515
1442 -60.2865
1443 -60.5447
1444 -61.9102
1445 -60.273
1446 -59.9878
1447 -60.653
1448 -58.6321
1449 -58.0991
1450 -58.1608
1451 -58.3164
1452 -57.5767
1453 -56.2807
1454 -56.3149
1455 -54.7753
1456 -55.7845
1457 -53.5968
1458 -53.4002
1459 -52.9242
1460 -54.0716
1461 -51.1605
1462 -51.9772
1463 -51.0439
1464 -50.7433
1465 -49.5821
1466 -47.4128
1467 -48.7861
1468 -49.3982
1469 -47.6428
1470 -48.7057
1471 -46.9924
1472 -47.1631
1473 -46.1988
1474 -46.4254
1475 -45.8307
1476 -46.9445
1477 -45.6685
1478 -45.2266
1479 -46.5026
1480 -45.0405
1481 -45.2908
1482 -44.194
1483 -45.3231
1484 -42.4106
1485 -43.6695
1486 -45.3021
1487 -43.899
1488 -43.9756
1489 -43.214
1490 -45.5205
1491 -42.3664
1492 -42.6345
1493 -42.5907
1494 -44.8388
1495 -44.2458
1496 -43.8385
1497 -45.9221
1498 -45.5019
1499 -44.9519
1500 -45.6016
1501 -44.1355
1502 -43.3443
1503 -42.7608
1504 -44.1761
1505 -44.6004
1506 -44.9942
1507 -44.5234
1508 -45.9349
1509 -44.6948
1510 -44.4028
1511 -43.5438
1512 -44.8676
1513 -43.9801
1514 -43.4858
1515 -42.2824
1516 -42.791
1517 -42.8819
1518 -45.0131
1519 -43.5388
1520 -43.1212
1521 -43.8841
1522 -43.2416
1523 -43.0264
1524 -41.8209
1525 -42.1263
1526 -41.46
1527 -42.8708
1528 -42.4925
1529 -43.0061
1530 -39.6128
1531 -42.4492
1532 -42.9283
1533 -40.5958
1534 -41.998
1535 -41.6678
1536 -43.5248
1537 -42.4074
1538 -44.0018
1539 -43.0276
1540 -44.3157
1541 -43.9292
1542 -43.8597
1543 -43.4942
1544 -41.5015
1545 -43.5396
1546 -42.5065
1547 -43.5835
1548 -43.634
1549 -42.5249
1550 -43.5751
1551 -43.4316
1552 -41.6264
1553 -40.4846
1554 -42.4961
1555 -41.4383
1556 -42.0724
1557 -44.0745
1558 -41.1662
1559 -41.5212
1560 -41.9402
1561 -44.084
1562 -41.2716
1563 -42.5108
1564 -40.7907
1565 -42.1239
1566 -43.5814
1567 -41.8459
1568 -40.649
1569 -41.3704
1570 -43.7313
1571 -41.2304
1572 -41.2895
1573 -41.6144
1574 -42.4399
1575 -41.8762
1576 -41.7342
1577 -41.8151
1578 -42.9779
1579 -42.6057
1580 -43.8861
1581 -43.2099
1582 -43.4406
1583 -42.0288
1584 -42.7624
1585 -41.8563
1586 -43.306
1587 -44.5803
1588 -43.9683
1589 -43.6951
1590 -41.5816
1591 -41.563
1592 -40.6285
1593 -41.3039
1594 -41.5233
1595 -42.3916
1596 -40.8064
1597 -41.4803
1598 -41.8432
1599 -41.5226
1600 -41.1027
1601 -42.389
1602 -41.5292
1603 -42.6657
1604 -40.4261
1605 -41.5891
1606 -41.4156
1607 -39.6312
1608 -43.395
1609 -41.2943
1610 -39.9046
1611 -41.2753
1612 -39.4693
1613 -40.9929
1614 -41.6955
1615 -41.1192
1616 -40.8488
1617 -41.1261
1618 -43.076
1619 -41.6586
1620 -42.1824
1621 -43.3558
1622 -40.644
1623 -42.3897
1624 -42.9542
1625 -40.7218
1626 -42.4223
1627 -43.4607
1628 -42.9569
1629 -44.1199
1630 -43.0699
1631 -40.157
1632 -42.2114
1633 -40.9768
1634 -41.0618
1635 -39.6964
1636 -40.8533
1637 -42.8889
1638 -41.5802
1639 -41.9039
1640 -42.5002
1641 -41.9089
1642 -40.8366
1643 -42.4759
1644 -41.2157
1645 -40.9275
1646 -41.2252
1647 -41.5581
1648 -42.04
1649 -41.883
1650 -40.6064
1651 -42.304
1652 -40.9813
1653 -40.042
1654 -40.6415
1655 -41.7856
1656 -39.6581
1657 -42.4794
1658 -41.8217
1659 -42.9772
1660 -42.0723
1661 -41.2824
1662 -41.5764
1663 -41.0803
1664 -41.4732
1665 -39.936
1666 -42.2443
1667 -42.7842
1668 -41.3923
1669 -40.5379
1670 -41.8071
1671 -40.4086
1672 -40.4499
1673 -39.5812
1674 -41.4125
1675 -39.0895
1676 -40.3322
1677 -40.224
1678 -41.4174
1679 -42.5861
1680 -40.6495
1681 -39.7067
1682 -42.4379
1683 -41.7431
1684 -39.9436
1685 -41.8118
1686 -40.7225
1687 -42.9629
1688 -41.1671
1689 -38.8539
1690 -39.5429
1691 -40.8214
1692 -40.6757
1693 -40.0519
1694 -40.2657
1695 -40.0099
1696 -40.3164
1697 -39.8712
1698 -40.5065
1699 -42.506
1700 -41.5046
1701 -41.6958
1702 -42.1518
1703 -41.3121
1704 -40.7934
1705 -40.5825
1706 -40.4672
1707 -41.7115
1708 -42.2177
1709 -42.8747
1710 -40.8972
1711 -40.7751
1712 -40.5899
1713 -40.4373
1714 -40.0166
1715 -40.087
1716 -39.7215
1717 -40.3896
1718 -41.726
1719 -39.7076
1720 -39.518
1721 -40.8085
1722 -39.9309
1723 -40.093
1724 -39.6503
1725 -39.3697
1726 -39.5935
1727 -40.0504
1728 -39.0568
1729 -40.6225
1730 -40.6972
1731 -39.251
1732 -39.9942
1733 -39.0022
1734 -38.185
1735 -39.2856
1736 -40.4713
1737 -39.987
1738 -40.3722
1739 -41.5436
1740 -39.8519
1741 -41.1729
1742 -41.1094
1743 -41.3139
1744 -42.1697
1745 -40.6597
1746 -39.9739
1747 -39.8377
1748 -40.8126
1749 -39.5253
1750 -39.6045
1751 -39.7273
1752 -39.8909
1753 -39.4743
1754 -39.7392
1755 -39.915
1756 -39.7226
1757 -39.9083
1758 -40.1762
1759 -39.4859
1760 -38.9699
1761 -38.7619
1762 -39.0069
1763 -39.1069
1764 -40.4772
1765 -39.7612
1766 -41.6481
1767 -40.4658
1768 -39.9108
1769 -38.3265
1770 -38.246
1771 -39.6298
1772 -38.6301
1773 -38.5176
1774 -38.617
1775 -39.5118
1776 -39.2338
1777 -40.765
1778 -40.6525
1779 -40.856
1780 -40.2078
1781 -40.2579
1782 -41.3422
1783 -40.4885
1784 -39.6218
1785 -40.3851
1786 -39.7339
1787 -39.6516
1788 -39.283
1789 -40.2464
1790 -40.516
1791 -39.9953
1792 -39.2949
1793 -38.3071
1794 -38.2675
1795 -38.2937
1796 -37.9614
1797 -37.9022
1798 -39.1769
1799 -40.537
1800 -38.1341
1801 -38.7027
1802 -39.9481
1803 -39.7005
1804 -39.3009
1805 -38.7376
1806 -38.5735
1807 -37.8904
1808 -37.9502
1809 -38.7198
1810 -36.1295
1811 -36.1436
1812 -37.0759
1813 -34.6937
1814 -35.9173
1815 -35.1386
1816 -32.9132
1817 -33.868
1818 -34.6443
1819 -35.0234
1820 -35.2943
1821 -32.9794
1822 -32.841
1823 -33.4363
1824 -32.0552
1825 -29.2412
1826 -30.05
1827 -30.5194
1828 -29.01
1829 -30.1112
1830 -28.1605
1831 -26.7749
1832 -27.6194
1833 -25.7827
1834 -25.6668
1835 -23.4637
1836 -23.4944
1837 -22.9914
1838 -25.6186
1839 -26.1697
1840 -23.8667
1841 -22.6302
1842 -22.9706
1843 -22.9804
1844 -22.323
1845 -22.5863
1846 -20.6265
1847 -21.0932
1848 -20.5643
1849 -20.9372
1850 -20.3139
1851 -20.9083
1852 -19.4262
1853 -19.1916
1854 -20.3916
1855 -17.6828
1856 -18.242
1857 -18.3463
1858 -17.2588
1859 -18.8675
1860 -17.0067
1861 -17.3038
1862 -15.7987
1863 -17.2666
1864 -15.8524
1865 -15.6116
1866 -14.1143
1867 -13.7595
1868 -12.5711
1869 -11.7597
1870 -13.0313
1871 -15.2849
1872 -14.0279
1873 -14.6537
1874 -13.8192
1875 -12.7517
1876 -14.0547
1877 -13.1599
1878 -15.578
1879 -13.7286
1880 -15.2406
1881 -16.1195
1882 -16.0964
1883 -15.2315
1884 -16.8258
1885 -17.5571
1886 -18.3131
1887 -16.7109
1888 -18.5398
1889 -18.7787
1890 -19.1061
1891 -19.3106
1892 -20.1617
1893 -19.8955
1894 -20.0133
1895 -21.8205
1896 -24.1775
1897 -22.8467
1898 -23.9051
1899 -24.8436
1900 -25.6271
1901 -25.8536
1902 -26.6052
1903 -26.8408
1904 -26.6327
1905 -27.5705
1906 -26.2306
1907 -26.3006
1908 -27.739
1909 -27.8625
1910 -26.5088
1911 -26.8766
1912 -26.8561
1913 -27.2023
1914 -26.7866
1915 -26.2043
1916 -26.8233
1917 -26.3312
1918 -26.2578
1919 -28.0559
1920 -27.1893
1921 -28.2127
1922 -28.6105
1923 -29.6736
1924 -29.0815
1925 -28.9633
1926 -29.1478
1927 -28.2399
1928 -28.6487
1929 -29.358
1930 -28.9815
1931 -29.6654
1932 -28.5276
1933 -29.0056
1934 -30.044
1935 -29.5004
1936 -29.9197
1937 -29.5263
1938 -29.728
1939 -28.6616
1940 -30.1217
1941 -29.2615
1942 -29.5562
1943 -31.7478
1944 -31.874
1945 -31.1994
1946 -30.2561
1947 -30.5882
1948 -29.9329
1949 -30.6577
1950 -28.1123
1951 -30.8567
1952 -30.318
1953 -29.9059
1954 -30.4727
1955 -29.4195
1956 -29.3267
1957 -29.7636
1958 -29.1694
1959 -28.0593
1960 -30.0919
1961 -30.143
1962 -31.3563
1963 -31.237
1964 -30.2923
1965 -29.592
1966 -31.164
1967 -30.5084
1968 -32.6058
1969 -31.4404
1970 -30.8536
1971 -29.2839
1972 -30.8758
1973 -31.0092
1974 -31.7328
1975 -31.4388
1976 -32.0141
1977 -32.1775
1978 -31.4685
1979 -30.7912
1980 -32.61
1981 -32.3514
1982 -31.0332
1983 -32.1497
1984 -32.7699
1985 -31.7567
1986 -32.6117
1987 -32.3478
1988 -31.1937
1989 -31.2711
1990 -31.1994
1991 -32.0524
1992 -32.2642
1993 -31.0046
1994 -31.2621
1995 -31.0117
1996 -28.1682
1997 -30.53
1998 -28.9961
1999 -29.2889
2000 -31.093
2001 -31.6735
2002 -32.4823
2003 -31.6643
2004 -30.7252
2005 -31.7708
2006 -30.9088
2007 -30.1219
2008 -29.5005
2009 -31.8256
2010 -31.9164
2011 -30.9956
2012 -30.971
2013 -30.7784
2014 -29.5239
2015 -33.3988
2016 -31.6279
2017 -31.5407
2018 -32.2231
2019 -31.5904
2020 -31.6142
2021 -30.8641
2022 -29.938
2023 -32.3953
2024 -34.0258
2025 -32.4714
2026 -32.9484
2027 -31.3477
2028 -31.7482
2029 -31.5651
2030 -32.559
2031 -32.9213
2032 -34.0259
2033 -31.0765
2034 -31.3294
2035 -30.4238
2036 -30.2359
2037 -30.0439
2038 -31.146
2039 -33.1243
2040 -31.1387
2041 -31.5385
2042 -32.3602
2043 -32.472
2044 -32.1841
2045 -31.7257
2046 -32.4641
2047 -32.6225
2048 -31.9636
2049 -32.16
2050 -31.9851
2051 -32.8862
2052 -32.0911
2053 -31.3777
2054 -32.1922
2055 -31.5207
2056 -32.6094
2057 -32.9463
2058 -31.4277
2059 -31.9651
2060 -30.997
2061 -32.8951
2062 -32.8142
2063 -32.4996
2064 -32.0776
2065 -31.7586
2066 -32.9177
2067 -33.6293
2068 -31.5673
2069 -32.5981
2070 -32.997
2071 -32.5915
2072 -31.0346
2073 -32.2742
2074 -32.7867
2075 -32.6459
2076 -30.9934
2077 -30.6395
2078 -32.093
2079 -31.3941
2080 -31.941
2081 -31.3005
2082 -31.3245
2083 -34.2971
2084 -34.4959
2085 -32.3345
2086 -32.8255
2087 -31.883
2088 -32.157
2089 -33.7416
2090 -31.333
2091 -32.1533
2092 -31.693
2093 -33.5454
2094 -32.1936
2095 -31.8041
2096 -33.0425
2097 -33.7901
2098 -33.3495
2099 -33.1867
2100 -33.135
2101 -34.1284
2102 -33.3899
2103 -34.3515
2104 -33.7449
2105 -34.5841
2106 -31.8596
2107 -31.7985
2108 -33.2515
2109 -31.9265
2110 -32.6822
2111 -31.5093
2112 -32.0974
2113 -32.0792
2114 -31.7606
2115 -31.7886
2116 -32.7724
2117 -32.2519
2118 -32.89
2119 -30.1155
2120 -32.8041
2121 -33.3562
2122 -33.0573
2123 -32.8896
2124 -33.22
2125 -32.5714
2126 -33.3208
2127 -33.4633
2128 -32.7107
2129 -30.9895
2130 -33.1092
2131 -32.6018
2132 -32.7229
2133 -33.6413
2134 -32.2229
2135 -32.3316
2136 -31.7855
2137 -32.6952
2138 -34.139
2139 -31.9153
2140 -34.5937
2141 -33.4395
2142 -33.9275
2143 -35.9929
2144 -35.0575
2145 -34.5829
2146 -33.6493
2147 -35.6639
2148 -33.4965
2149 -32.8028
2150 -33.4396
2151 -32.8571
2152 -33.5829
2153 -35.1622
2154 -34.1696
2155 -33.0738
2156 -32.5898
2157 -32.985
2158 -32.9584
2159 -33.3698
2160 -31.8935
2161 -35.171
2162 -34.0342
2163 -34.3058
2164 -34.6714
2165 -34.6734
2166 -32.6396
2167 -33.2888
2168 -31.9244
2169 -32.4344
2170 -34.3761
2171 -32.8679
2172 -34.115
2173 -32.9434
2174 -33.7418
2175 -33.7797
2176 -34.2306
2177 -34.3757
2178 -34.3527
2179 -33.7374
2180 -34.0711
2181 -35.0115
2182 -33.3717
2183 -35.4643
2184 -35.835
2185 -35.026
2186 -35.293
2187 -33.5035
2188 -33.5024
2189 -33.0198
2190 -33.6074
2191 -33.7653
2192 -34.4872
2193 -32.2304
2194 -33.9612
2195 -32.4151
2196 -32.8518
2197 -32.7399
2198 -31.3379
2199 -33.3263
2200 -32.754
2201 -32.8
2202 -32.8206
2203 -34.4227
2204 -33.8641
2205 -34.0952
2206 -33.7222
2207 -34.5509
2208 -34.6525
2209 -33.2921
2210 -34.7154
2211 -34.0698
2212 -33.3149
2213 -34.6739
2214 -33.0602
2215 -35.0377
2216 -35.4668
2217 -34.7983
2218 -35.7693
2219 -34.266
2220 -35.2578
2221 -33.0199
2222 -34.8575
2223 -35.8428
2224 -34.9275
2225 -35.4252
2226 -35.1916
2227 -34.1022
2228 -35.0042
2229 -34.5366
2230 -34.5129
2231 -34.7003
2232 -33.8714
2233 -34.5714
2234 -34.6151
2235 -32.3229
2236 -34.4335
2237 -32.7444
2238 -33.6257
2239 -33.6698
2240 -36.333
2241 -34.3236
2242 -36.0346
2243 -35.34
2244 -35.0756
2245 -35.8976
2246 -34.8704
2247 -37.067
2248 -37.0878
2249 -37.0176
2250 -37.5986
2251 -37.4592
2252 -40.3388
2253 -38.5446
2254 -39.7671
2255 -40.012
2256 -40.1
2257 -41.9725
2258 -43.5954
2259 -43.7255
2260 -44.1008
2261 -43.6891
2262 -46.1889
2263 -45.4525
2264 -46.8666
2265 -48.0897
2266 -48.6469
2267 -48.9039
2268 -50.3163
2269 -49.7815
2270 -47.9243
2271 -50.6375
2272 -49.5027
2273 -49.5978
2274 -50.1208
2275 -52.7398
2276 -50.8251
2277 -51.1889
2278 -51.6792
2279 -52.0983
2280 -51.6274
2281 -53.2292
2282 -53.8972
2283 -52.564
2284 -52.5045
2285 -53.3234
2286 -51.6478
2287 -53.5595
2288 -54.0589
2289 -53.8255
2290 -53.655
2291 -54.3442
2292 -55.022
2293 -54.575
2294 -56.3736
2295 -54.8173
2296 -55.6278
2297 -56.9955
2298 -57.6575
2299 -56.8476
2300 -57.9052
2301 -58.1942
2302 -58.62
2303 -60.6301
2304 -59.5263
2305 -58.944
2306 -58.0994
2307 -57.2695
2308 -59.3005
2309 -58.3582
2310 -60.0982
2311 -61.0657
2312 -60.2587
2313 -60.7356
2314 -58.795
2315 -60.2117
2316 -59.4014
2317 -59.5915
2318 -59.9728
2319 -56.775
2320 -57.6151
2321 -56.8416
2322 -55.1193
2323 -55.9405
2324 -56.3197
2325 -54.6582
2326 -53.5838
2327 -52.8156
2328 -51.3196
2329 -51.7736
2330 -52.316
2331 -49.3464
2332 -50.8109
2333 -50.927
2334 -50.599
2335 -49.7101
2336 -49.3399
2337 -49.3471
2338 -46.9226
2339 -47.2581
2340 -46.1191
2341 -47.3519
2342 -44.7533
2343 -45.678
2344 -45.1059
2345 -45.82
2346 -43.3091
2347 -45.1283
2348 -45.9592
2349 -46.8209
2350 -44.5797
2351 -43.7347
2352 -43.4192
2353 -43.3979
2354 -44.2913
2355 -42.5535
2356 -43.4192
2357 -44.569
2358 -43.4471
2359 -43.2464
2360 -41.9953
2361 -42.858
2362 -41.7799
2363 -42.419
2364 -42.9891
2365 -42.2201
2366 -44.5079
2367 -44.0582
2368 -43.9213
2369 -44.8902
2370 -43.8895
2371 -44.0354
2372 -44.2928
2373 -45.2993
2374 -44.2741
2375 -44.3384
2376 -44.1047
2377 -45.2825
2378 -43.4606
2379 -44.4238
2380 -44.2206
2381 -42.1583
2382 -43.0564
2383 -42.9208
2384 -41.8201
2385 -42.174
2386 -40.1732
2387 -41.9901
2388 -42.9912
2389 -42.9849
2390 -43.9306
2391 -43.8319
2392 -43.04
2393 -41.6039
2394 -41.9193
2395 -41.3446
2396 -41.6382
2397 -43.5156
2398 -42.5297
2399 -41.9627
2400 -41.4321
2401 -41.5822
2402 -41.7553
2403 -42.1353
2404 -41.5434
2405 -42.3877
2406 -42.8958
2407 -42.7241
2408 -43.3913
2409 -42.4376
2410 -43.7298
2411 -44.0591
2412 -43.1238
2413 -42.4117
2414 -42.2406
2415 -42.8509
2416 -43.8758
2417 -43.6754
2418 -43.3304
2419 -43.813
2420 -42.7874
2421 -43.9151
2422 -41.7795
2423 -41.4936
2424 -41.2187
2425 -42.2968
2426 -40.5685
2427 -41.7419
2428 -43.5039
2429 -42.1525
2430 -43.1247
2431 -42.1194
2432 -41.964
2433 -41.4556
2434 -40.476
2435 -40.2856
2436 -42.0935
2437 -41.8587
2438 -41.0211
2439 -43.2627
2440 -42.3489
2441 -40.7631
2442 -40.583
2443 -41.5814
2444 -39.7806
2445 -40.0922
2446 -41.7819
2447 -42.7337
2448 -42.7818
2449 -42.7752
2450 -43.7849
2451 -42.6482
2452 -43.4481
2453 -42.7107
2454 -42.4517
2455 -43.3695
2456 -41.5681
2457 -42.4839
2458 -42.4751
2459 -42.9442
2460 -40.7679
2461 -42.5661
2462 -40.4187
2463 -40.5372
2464 -41.0954
2465 -39.2792
2466 -41.5516
2467 -40.3154
2468 -41.0664
2469 -41.7444
2470 -41.2698
2471 -41.297
2472 -40.1616
2473 -39.4576
2474 -40.3877
2475 -40.3088
2476 -38.9906
2477 -40.8284
2478 -40.8697
2479 -41.2001
2480 -38.9569
2481 -41.3442
2482 -40.127
2483 -39.8388
2484 -39.5904
2485 -39.1617
2486 -41.303
2487 -42.3832
2488 -41.7636
2489 -43.0072
2490 -42.1044
2491 -41.6165
2492 -42.4009
2493 -41.4794
2494 -41.6937
2495 -41.7067
2496 -41.7312
2497 -42.3082
2498 -41.712
2499 -42.1544
2500 -42.0784
2501 -42.4656
2502 -41.3247
2503 -40.2117
2504 -39.078
2505 -41.1079
2506 -40.6989
2507 -40.9831
2508 -43.7177
2509 -40.3181
2510 -42.1983
2511 -40.4977
2512 -41.2227
2513 -40.6305
2514 -39.3543
2515 -40.7948
2516 -41.8676
2517 -40.9903
2518 -40.6247
2519 -40.6737
2520 -40.7708
2521 -39.5675
2522 -40.1538
2523 -39.4957
2524 -40.0248
2525 -40.8403
2526 -40.1756
2527 -41.1654
2528 -42.4638
2529 -40.5577
2530 -42.5126
2531 -42.4055
2532 -41.6336
2533 -40.1977
2534 -40.1278
2535 -40.6309
2536 -41.765
2537 -40.8614
2538 -41.3651
2539 -40.5987
2540 -40.3298
2541 -40.3523
2542 -40.0951
2543 -39.9675
2544 -41.6272
2545 -39.6551
2546 -40.7044
2547 -40.4854
2548 -39.8895
2549 -39.5647
2550 -39.6862
2551 -40.1436
2552 -39.7027
2553 -39.7886
2554 -40.3973
2555 -39.2245
2556 -40.2869
2557 -39.8537
2558 -40.8684
2559 -41.3946
2560 -39.974
2561 -39.6809
2562 -37.757
2563 -38.9413
2564 -39.0801
2565 -39.7228
2566 -39.7847
2567 -41.4474
2568 -42.5083
2569 -41.6389
2570 -40.7118
2571 -40.4083
2572 -42.1828
2573 -41.2206
2574 -39.8645
2575 -41.2445
2576 -40.069
2577 -41.3332
2578 -41.4501
2579 -40.651
2580 -39.8574
2581 -39.7998
2582 -39.2893
2583 -39.5257
2584 -40.8413
2585 -39.4828
2586 -39.8612
2587 -39.583
2588 -40.6145
2589 -39.365
2590 -39.297
2591 -38.438
2592 -40.1334
2593 -39.4636
2594 -38.88
2595 -39.647
2596 -38.0893
2597 -39.2293
2598 -39.8585
2599 -39.3245
2600 -38.2086
2601 -39.2984
2602 -38.9213
2603 -39.0591
2604 -38.5389
2605 -38.6769
2606 -37.9802
2607 -40.7517
2608 -40.588
2609 -41.776
2610 -40.4994
2611 -39.2815
2612 -39.938
2613 -40.7919
2614 -39.4433
2615 -41.2203
2616 -41.1977
2617 -41.1588
2618 -40.5425
2619 -40.8238
2620 -39.5144
2621 -38.3238
2622 -39.0366
2623 -38.9111
2624 -38.3805
2625 -39.8815
2626 -40.0616
2627 -38.9897
2628 -38.5016
2629 -38.4045
2630 -38.6516
2631 -39.8919
2632 -38.0609
2633 -39.4344
2634 -38.5866
2635 -39.9496
2636 -37.2182
2637 -39.5184
2638 -37.6543
2639 -39.8177
2640 -38.8831
2641 -39.994
2642 -37.869
2643 -40.6372
2644 -36.6835
2645 -37.8482
2646 -38.6864
2647 -39.327
2648 -39.6223
2649 -40.2673
2650 -40.5453
2651 -37.9584
2652 -38.9596
2653 -37.4132
2654 -37.397
2655 -40.1884
2656 -39.2339
2657 -41.0208
2658 -40.8658
2659 -39.1324
2660 -37.7875
2661 -37.3325
2662 -38.4326
2663 -41.5638
2664 -37.9789
2665 -40.5653
2666 -39.8075
2667 -37.6698
2668 -38.8772
2669 -38.2343
2670 -38.5079
2671 -38.0357
2672 -38.2294
2673 -37.1277
2674 -37.1852
2675 -37.0759
2676 -37.8681
2677 -37.8087
2678 -36.6312
2679 -35.9452
2680 -35.0924
2681 -34.0121
2682 -35.0508
2683 -34.3154
2684 -34.5975
2685 -34.8543
2686 -35.5014
2687 -35.5075
2688 -33.6915
2689 -33.903
2690 -32.5478
2691 -33.7876
2692 -32.1235
2693 -32.3615
2694 -30.4385
2695 -30.6603
2696 -30.3085
2697 -30.409
2698 -29.8366
2699 -28.2807
2700 -27.4171
2701 -27.3027
2702 -26.8165
2703 -26.3013
2704 -24.641
2705 -25.596
2706 -24.1627
2707 -23.0256
2708 -23.0634
2709 -24.4766
2710 -21.6189
2711 -23.0307
2712 -21.4073
2713 -22.2865
2714 -21.5365
2715 -22.5938
2716 -22.4018
2717 -21.5506
2718 -19.7305
2719 -20.134
2720 -20.3801
2721 -21.3875
2722 -18.1911
2723 -19.3853
2724 -19.1387
2725 -18.9642
2726 -17.1963
2727 -17.5967
2728 -18.2093
2729 -18.5142
2730 -16.3789
2731 -16.3229
2732 -15.7738
2733 -15.1369
2734 -15.4412
2735 -14.1354
2736 -13.3258
2737 -11.9218
2738 -14.9176
2739 -13.2668
2740 -12.4845
2741 -13.2393
2742 -12.4033
2743 -11.8305
2744 -15.5976
2745 -13.4321
2746 -12.7382
2747 -14.242
2748 -15.6995
2749 -13.4929
2750 -14.7548
2751 -15.729
2752 -15.3391
2753 -15.4706
2754 -13.8833
2755 -15.4239
2756 -16.8157
2757 -18.6332
2758 -18.1992
2759 -18.515
2760 -18.5106
2761 -19.3564
2762 -19.5733
2763 -20.1952
2764 -20.4513
2765 -21.0716
2766 -22.7955
2767 -21.8752
2768 -24.6492
2769 -24.8941
2770 -24.7441
2771 -25.008
2772 -26.9672
2773 -26.2773
2774 -26.4075
2775 -26.4177
2776 -28.2566
2777 -26.1347
2778 -25.4394
2779 -26.9606
2780 -26.2283
2781 -26.9974
2782 -26.7125
2783 -26.323
2784 -25.482
2785 -26.5648
2786 -26.5665
2787 -26.8196
2788 -25.8965
2789 -28.0285
2790 -29.2236
2791 -28.466
2792 -27.9256
2793 -29.1962
2794 -27.4395
2795 -27.9283
2796 -27.8566
2797 -28.7139
2798 -29.0297
2799 -29.3293
2800 -29.4374
2801 -29.8759
2802 -28.6051
2803 -27.3557
2804 -29.5795
2805 -29.6815
2806 -29.6935
2807 -30.6675
2808 -29.104
2809 -29.5835
2810 -30.3607
2811 -30.2343
2812 -30.8274
2813 -30.3003
2814 -30.3019
2815 -30.052
2816 -29.9542
2817 -29.3281
2818 -30.6067
2819 -30.0896
2820 -27.6627
2821 -31.0933
2822 -30.1597
2823 -30.3576
2824 -30.4142
2825 -29.1035
2826 -30.0569
2827 -31.2031
2828 -28.5481
2829 -27.9235
2830 -29.4007
2831 -30.0731
2832 -30.4489
2833 -29.406
2834 -30.4199
2835 -29.9283
2836 -28.8305
2837 -30.3449
2838 -29.7806
2839 -31.2373
2840 -31.2734
2841 -32.1945
2842 -31.8128
2843 -29.9237
2844 -31.3877
2845 -29.8114
2846 -30.4809
2847 -31.1529
2848 -31.5015
2849 -29.9977
2850 -32.195
2851 -30.215
2852 -31.1272
2853 -32.4558
2854 -31.7179
2855 -31.3553
2856 -31.2354
2857 -29.6989
2858 -30.8648
2859 -31.2079
2860 -29.7716
2861 -32.8686
2862 -29.5802
2863 -30.2221
2864 -31.2213
2865 -30.0242
2866 -29.6751
2867 -29.6383
2868 -30.2814
2869 -30.9107
2870 -30.5524
2871 -30.9904
2872 -30.6737
2873 -30.8716
2874 -30.759
2875 -31.2312
2876 -32.164
2877 -30.5031
2878 -31.5638
2879 -31.528
2880 -31.742
2881 -30.0899
2882 -32.9772
2883 -29.9181
2884 -31.4148
2885 -31.1198
2886 -31.6484
2887 -30.9025
2888 -30.8008
2889 -30.6278
2890 -31.6974
2891 -31.725
2892 -32.6876
2893 -32.394
2894 -32.1184
2895 -31.9408
2896 -32.076
2897 -32.4942
2898 -32.1485
2899 -31.8793
2900 -30.9855
2901 -30.3901
2902 -32.5807
2903 -32.603
2904 -30.5667
2905 -32.57
2906 -30.2786
2907 -30.6292
2908 -29.7915
2909 -31.9232
2910 -30.3341
2911 -30.7581
2912 -30.6271
2913 -31.7852
2914 -31.221
2915 -30.4443
2916 -31.386
2917 -30.7117
2918 -31.1187
2919 -29.6952
2920 -31.7244
2921 -31.7349
2922 -32.0503
2923 -32.0668
2924 -31.784
2925 -31.4714
2926 -32.6532
2927 -31.1459
2928 -31.9089
2929 -31.2063
2930 -31.8697
2931 -32.8581
2932 -33.421
2933 -32.1337
2934 -33.0356
2935 -34.2448
2936 -31.8405
2937 -34.7077
2938 -31.9634
2939 -32.3573
2940 -32.7068
2941 -33.4056
2942 -32.0167
2943 -32.0587
2944 -31.8112
2945 -31.4909
2946 -31.273
2947 -32.1179
2948 -31.9805
2949 -31.4246
2950 -31.9425
2951 -32.5256
2952 -30.9458
2953 -33.1795
2954 -32.0482
2955 -31.7332
2956 -32.8705
2957 -32.1387
2958 -32.5038
2959 -32.6579
2960 -31.7779
2961 -32.1695
2962 -33.3029
2963 -31.8263
2964 -32.5433
2965 -33.4474
2966 -31.7445
2967 -31.9963
2968 -31.9897
2969 -33.5999
2970 -33.1824
2971 -32.9823
2972 -34.6893
2973 -34.8284
2974 -33.3064
2975 -33.1506
2976 -33.1636
2977 -33.4459
2978 -32.6701
2979 -33.2503
2980 -33.0546
2981 -32.6385
2982 -31.8188
2983 -31.9245
2984 -31.646
2985 -32.1662
2986 -32.7903
2987 -30.9158
2988 -31.5312
2989 -31.974
2990 -32.2176
2991 -31.1885
2992 -31.2944
2993 -33.2031
2994 -35.0317
2995 -33.2755
2996 -34.2239
2997 -31.5211
2998 -33.6148
2999 -34.0944
3000 -33.1118
3001 -32.2859
3002 -33.5444
3003 -33.256
3004 -31.7426
3005 -32.756
3006 -31.3711
3007 -33.2201
3008 -32.3088
3009 -32.2327
3010 -33.2833
3011 -33.2943
3012 -34.0859
3013 -33.5824
3014 -34.2197
3015 -34.412
3016 -33.6016
3017 -33.886
3018 -33.6563
3019 -33.0777
3020 -33.7896
3021 -32.0011
3022 -31.7469
3023 -32.127
3024 -34.439
3025 -32.7508
3026 -30.6942
3027 -31.9121
3028 -30.8496
3029 -31.3118
3030 -34.0418
3031 -33.5072
3032 -34.1749
3033 -33.314
3034 -31.9159
3035 -33.7502
3036 -31.9052
3037 -32.1267
3038 -31.3983
3039 -34.0107
3040 -31.7742
3041 -33.2789
3042 -33.8014
3043 -33.8693
3044 -34.2029
3045 -32.6149
3046 -33.7831
3047 -32.6965
3048 -33.4184
3049 -33.4024
3050 -34.6706
3051 -32.7818
3052 -34.6344
3053 -34.9215
3054 -35.1587
3055 -36.1791
3056 -35.4267
3057 -34.0828
3058 -33.6821
3059 -34.0704
3060 -32.1515
3061 -33.7383
3062 -32.9981
3063 -33.1393
3064 -32.4705
3065 -32.7832
3066 -33.5185
3067 -32.8586
3068 -33.5519
3069 -33.6924
3070 -35.0867
3071 -34.5007
3072 -34.0116
3073 -34.4585
3074 -33.1567
3075 -33.0879
3076 -32.9337
3077 -33.0141
3078 -34.7265
3079 -34.3279
3080 -33.7489
3081 -33.9671
3082 -33.8996
3083 -35.5027
3084 -35.1115
3085 -33.9041
3086 -34.2485
3087 -33.274
3088 -33.5616
3089 -34.4151
3090 -34.5251
3091 -35.2648
3092 -34.0238
3093 -35.0951
3094 -35.046
3095 -34.6552
3096 -34.7805
3097 -34.795
3098 -34.6059
3099 -33.8125
3100 -33.2172
3101 -35.4032
3102 -32.211
3103 -33.3072
3104 -34.2405
3105 -32.8722
3106 -31.8408
3107 -32.2207
3108 -32.2839
3109 -33.7644
3110 -32.2384
3111 -33.8969
3112 -34.4705
3113 -36.08
3114 -37.7284
3115 -35.2439
3116 -35.5808
3117 -36.7958
3118 -36.0424
3119 -36.1022
3120 -38.9813
3121 -40.1357
3122 -40.1493
3123 -40.4191
3124 -42.352
3125 -41.2108
3126 -43.419
3127 -41.8907
3128 -42.5648
3129 -43.9041
3130 -44.721
3131 -43.9134
3132 -44.5674
3133 -47.554
3134 -47.0343
3135 -48.672
3136 -48.9386
3137 -48.4053
3138 -48.7731
3139 -50.056
3140 -50.0878
3141 -50.143
3142 -50.1466
3143 -48.9134
3144 -49.8756
3145 -51.042
3146 -50.8177
3147 -50.6733
3148 -50.8365
3149 -49.4833
3150 -49.2191
3151 -49.1532
3152 -49.5081
3153 -49.2882
3154 -49.215
3155 -47.4264
3156 -47.5265
3157 -49.6704
3158 -47.3046
3159 -48.2135
3160 -45.3063
3161 -45.8533
3162 -44.4693
3163 -45.8062
3164 -44.6798
3165 -43.8225
3166 -42.8939
3167 -42.8065
3168 -41.0513
3169 -41.5012
3170 -40.6988
3171 -40.6825
3172 -40.6369
3173 -40.0711
3174 -39.5377
3175 -38.0398
3176 -40.44
3177 -39.5987
3178 -40.5552
3179 -39.0834
3180 -38.6539
3181 -39.1424
3182 -39.1207
3183 -37.7206
3184 -37.9369
3185 -37.3934
3186 -37.7271
3187 -37.1308
3188 -38.0301
3189 -36.6293
3190 -37.195
3191 -38.7861
3192 -37.0449
3193 -37.399
3194 -38.0466
3195 -36.2747
3196 -38.0101
3197 -38.7432
3198 -36.865
3199 -36.8772
3200 -37.0225
3201 -36.214
3202 -36.5966
3203 -35.7889
3204 -35.8683
3205 -36.0442
3206 -35.2679
3207 -35.2525
3208 -36.79
3209 -36.4024
3210 -35.4933
3211 -36.2603
3212 -34.8284
3213 -35.5498
3214 -36.0942
3215 -36.0906
3216 -35.7822
3217 -36.4647
3218 -35.1753
3219 -37.0595
3220 -34.7006
3221 -36.1177
3222 -36.5709
3223 -34.7184
3224 -37.4063
3225 -36.2445
3226 -36.2622
3227 -36.7167
3228 -34.4276
3229 -35.0148
3230 -35.9347
3231 -35.5639
3232 -35.1218
3233 -34.9149
3234 -36.384
3235 -36.1394
3236 -35.7402
3237 -35.7272
3238 -36.2063
3239 -37.5381
3240 -34.3629
3241 -35.8227
3242 -35.2942
3243 -36.4111
3244 -35.4127
3245 -35.3007
3246 -36.1254
3247 -35.8568
3248 -35.3954
3249 -35.7752
3250 -35.5451
3251 -35.5696
3252 -36.5562
3253 -36.0363
3254 -36.6778
3255 -36.4202
3256 -35.3941
3257 -36.574
3258 -35.3176
3259 -33.8466
3260 -35.1425
3261 -36.1535
3262 -36.626
3263 -34.8315
3264 -35.697
3265 -35.1754
3266 -36.0532
3267 -36.8353
3268 -36.7271
3269 -34.3554
3270 -33.645
3271 -35.7366
3272 -34.9758
3273 -36.3444
3274 -35.4189
3275 -34.6222
3276 -36.0914
3277 -35.3953
3278 -37.4934
3279 -36.1661
3280 -35.7696
3281 -35.4053
3282 -35.6784
3283 -36.2503
3284 -36.2543
3285 -35.6676
3286 -36.513
3287 -35.5983
3288 -35.6111
3289 -35.2015
3290 -35.3732
3291 -36.5577
3292 -35.675
3293 -35.481
3294 -36.6173
3295 -36.0545
3296 -35.747
3297 -36.1999
3298 -33.9863
3299 -35.6382
3300 -35.8737
3301 -35.7755
3302 -35.1034
3303 -36.2876
3304 -35.3801
3305 -36.5924
3306 -35.2879
3307 -35.7042
3308 -36.3248
3309 -35.8527
3310 -35.7833
3311 -35.4462
3312 -35.5642
3313 -35.554
3314 -37.0292
3315 -36.3224
3316 -37.0691
3317 -36.706
3318 -35.3102
3319 -36.3394
3320 -36.2568
3321 -36.1635
3322 -36.6153
3323 -35.9601
3324 -34.8496
3325 -36.5553
3326 -36.5705
3327 -35.725
3328 -36.2565
3329 -35.6793
3330 -35.213
3331 -36.156
3332 -35.8665
3333 -37.4587
3334 -34.9843
3335 -37.2242
3336 -35.9662
3337 -35.6942
3338 -35.9537
3339 -36.9303
3340 -35.8284
3341 -36.6876
3342 -36.1185
3343 -34.021
3344 -34.9098
3345 -35.3139
3346 -36.8623
3347 -36.1342
3348 -35.5713
3349 -36.2096
3350 -35.9346
3351 -36.0325
3352 -35.9867
3353 -37.128
3354 -34.9763
3355 -35.194
3356 -36.8847
3357 -36.2493
3358 -35.9755
3359 -34.6937
3360 -35.7713
3361 -35.7696
3362 -35.8576
3363 -35.6234
3364 -35.4737
3365 -36.0127
3366 -35.4054
3367 -35.4291
3368 -36.3088
3369 -37.1799
3370 -35.0621
3371 -33.0686
3372 -36.3778
3373 -36.7545
3374 -36.6273
3375 -35.3656
3376 -34.6474
3377 -37.1599
3378 -36.0952
3379 -37.2494
3380 -36.276
3381 -36.3176
3382 -36.467
3383 -34.5168
3384 -37.7115
3385 -36.5852
3386 -35.8972
3387 -35.4873
3388 -35.8417
3389 -36.8871
3390 -35.2804
3391 -35.8768
3392 -36.396
3393 -36.3226
3394 -35.3677
3395 -37.2939
3396 -36.0438
3397 -35.1695
3398 -35.4452
3399 -36.537
