0 -44.3
1 -44.31
2 -44.3299
3 -44.3149
4 -44.2797
5 -44.2444
6 -44.2195
7 -44.1947
8 -44.1894
9 -44.1807
10 -44.18
11 -44.1909
12 -44.19
13 -44.1955
14 -44.2117
15 -44.2624
16 -44.29
17 -44.3013
18 -44.3007
19 -44.2927
20 -44.2784
21 -44.2542
22 -44.2609
23 -44.2818
24 -44.3019
25 -44.314
26 -44.3692
27 -45.0501
28 -45.3733
29 -45.4
30 -45.4243
31 -45.6796
32 -46.1646
33 -46.8366
34 -47.5494
35 -48.1728
36 -48.7058
37 -49.1935
38 -49.6913
39 -50.2289
40 -50.8463
41 -51.5615
42 -52.2767
43 -52.9149
44 -53.4559
45 -53.9304
46 -54.4604
47 -55.1565
48 -55.9568
49 -56.7643
50 -57.4394
51 -58.041
52 -58.6147
53 -59.2455
54 -59.8787
55 -60.5633
56 -61.3546
57 -62.1823
58 -62.9813
59 -63.7651
60 -64.3806
61 -64.8927
62 -65.3188
63 -65.7626
64 -66.0758
65 -66.1948
66 -66.1464
67 -66.0187
68 -65.8511
69 -65.6607
70 -65.4005
71 -65.0714
72 -64.7242
73 -64.2493
74 -63.7142
75 -63.1568
76 -62.6074
77 -62.1444
78 -61.7378
79 -61.2089
80 -60.6647
81 -60.1806
82 -59.6821
83 -59.2677
84 -58.8466
85 -58.4003
86 -57.8265
87 -57.2033
88 -56.6391
89 -56.2566
90 -55.9514
91 -55.6119
92 -55.2906
93 -54.9092
94 -54.3631
95 -53.8868
96 -53.6128
97 -53.4403
98 -53.2911
99 -53.2032
100 -52.9626
101 -52.6948
102 -52.3068
103 -51.9245
104 -51.4561
105 -51.1791
106 -51.5268
107 -51.8265
108 -52.2858
109 -52.8225
110 -53.0007
111 -52.903
112 -52.6544
113 -52.3987
114 -52.2993
115 -52.2022
116 -52.2423
117 -52.3572
118 -52.4619
119 -52.2841
120 -51.9808
121 -51.5852
122 -51.0859
123 -50.6132
124 -50.3512
125 -50.2202
126 -50.38
127 -50.7511
128 -51.0864
129 -51.3306
130 -51.3387
131 -51.1743
132 -50.7951
133 -50.5549
134 -50.3268
135 -50.1153
136 -49.9792
137 -50.1262
138 -50.3477
139 -50.4857
140 -50.5455
141 -50.3138
142 -49.919
143 -49.625
144 -49.3399
145 -49.1877
146 -49.3398
147 -49.8944
148 -50.5404
149 -51.2448
150 -51.5615
151 -51.667
152 -51.5615
153 -51.2317
154 -50.9699
155 -50.79
156 -50.8148
157 -50.9685
158 -51.1816
159 -51.2434
160 -51.0983
161 -50.841
162 -50.4134
163 -49.9573
164 -49.6123
165 -49.5553
166 -49.5959
167 -49.7976
168 -50.1702
169 -50.4205
170 -50.5335
171 -50.4692
172 -50.3175
173 -50.1213
174 -49.9156
175 -49.7163
176 -49.667
177 -49.8605
178 -50.0507
179 -50.31
180 -50.31
181 -50.1387
182 -49.7827
183 -49.442
184 -49.0858
185 -48.9764
186 -49.1925
187 -49.7447
188 -50.3387
189 -50.9627
190 -51.2479
191 -51.3752
192 -51.3519
193 -51.0434
194 -50.7136
195 -50.5763
196 -50.54
197 -50.738
198 -50.978
199 -51.0168
200 -50.9044
201 -50.6784
202 -50.2533
203 -49.9026
204 -49.6366
205 -49.54
206 -49.6055
207 -49.748
208 -50.0022
209 -50.1596
210 -50.3067
211 -50.3131
212 -50.1705
213 -49.985
214 -49.7895
215 -49.5805
216 -49.3871
217 -49.5553
218 -49.6087
219 -49.6563
220 -49.615
221 -49.5547
222 -49.4624
223 -49.3714
224 -49.1677
225 -48.9746
226 -49.0187
227 -49.5106
228 -50.1032
229 -50.7943
230 -51.2518
231 -51.4167
232 -51.3479
233 -51.0534
234 -50.792
235 -50.6627
236 -50.565
237 -50.6938
238 -50.9891
239 -51.073
240 -50.8684
241 -50.684
242 -50.272
243 -49.8684
244 -49.5656
245 -49.5584
246 -49.6779
247 -50.0143
248 -50.4852
249 -50.8927
250 -51.1787
251 -51.1452
252 -50.9398
253 -50.6392
254 -50.2685
255 -50.0333
256 -49.8723
257 -50.0673
258 -50.202
259 -50.2959
260 -50.3387
261 -50.2088
262 -49.9531
263 -49.6702
264 -49.4061
265 -49.3079
266 -49.5203
267 -50.1346
268 -50.8309
269 -51.4335
270 -51.6251
271 -51.6842
272 -51.5091
273 -51.159
274 -50.8703
275 -50.7759
276 -50.8706
277 -51.066
278 -51.1862
279 -51.24
280 -51.2278
281 -51.0991
282 -50.72
283 -50.3752
284 -50.0657
285 -49.8368
286 -49.8363
287 -50.0488
288 -50.3073
289 -50.5283
290 -50.6109
291 -50.501
292 -50.3388
293 -50.2004
294 -50.0332
295 -49.806
296 -49.7599
297 -49.9476
298 -50.0065
299 -50.1006
300 -50.1319
301 -50.0565
302 -49.892
303 -49.6863
304 -49.4151
305 -49.3058
306 -49.4789
307 -50.0249
308 -50.6638
309 -51.2809
310 -51.6008
311 -51.6921
312 -51.6017
313 -51.3537
314 -51.078
315 -50.8974
316 -50.9304
317 -51.1114
318 -51.4032
319 -51.4477
320 -51.2866
321 -51.0305
322 -50.5631
323 -50.2099
324 -49.8027
325 -49.71
326 -49.8549
327 -50.1618
328 -50.5248
329 -50.8087
330 -50.8227
331 -50.5363
332 -50.2531
333 -49.8879
334 -49.5508
335 -49.4036
336 -49.5068
337 -49.6922
338 -49.8142
339 -49.8969
340 -49.8344
341 -49.5962
342 -49.3627
343 -49.1134
344 -48.8724
345 -48.8596
346 -49.2322
347 -49.8388
348 -50.4105
349 -50.9358
350 -51.1612
351 -51.1832
352 -50.9763
353 -50.7176
354 -50.6197
355 -50.5445
356 -50.5914
357 -50.8152
358 -51.0653
359 -51.0537
360 -50.9199
361 -50.7026
362 -50.2774
363 -49.8092
364 -49.5221
365 -49.3835
366 -49.4754
367 -49.6449
368 -49.8946
369 -50.0859
370 -50.1859
371 -50.1408
372 -50.0113
373 -49.872
374 -49.7363
375 -49.5713
376 -49.5841
377 -49.6899
378 -49.6499
379 -49.5598
380 -49.4945
381 -49.3888
382 -49.2897
383 -49.107
384 -48.907
385 -48.7332
386 -49.0106
387 -49.5448
388 -50.2168
389 -50.8672
390 -51.0914
391 -51.1063
392 -50.9787
393 -50.7396
394 -50.5348
395 -50.4293
396 -50.4372
397 -50.5308
398 -50.7007
399 -50.6592
400 -50.5676
401 -50.2866
402 -49.7631
403 -49.3569
404 -49.0895
405 -48.9754
406 -49.1119
407 -49.4073
408 -49.8327
409 -50.095
410 -50.0609
411 -49.8462
412 -49.5627
413 -49.2577
414 -48.9634
415 -48.8215
416 -48.9474
417 -49.1194
418 -49.203
419 -49.3
420 -49.2532
421 -48.9773
422 -48.7253
423 -48.4858
424 -48.3026
425 -48.357
426 -48.8229
427 -49.4425
428 -50.062
429 -50.6128
430 -50.8154
431 -50.7609
432 -50.5755
433 -50.3614
434 -50.1731
435 -50.1991
436 -50.3398
437 -50.6077
438 -50.8409
439 -50.8232
440 -50.6578
441 -50.2745
442 -49.7933
443 -49.3751
444 -49.0449
445 -48.8834
446 -49.0434
447 -49.2923
448 -49.5781
449 -49.794
450 -49.8957
451 -49.8209
452 -49.6625
453 -49.4681
454 -49.2977
455 -49.1324
456 -49.1268
457 -49.1379
458 -49.1473
459 -49.0906
460 -48.959
461 -48.797
462 -48.5931
463 -48.3722
464 -48.1304
465 -48.1286
466 -48.5178
467 -49.059
468 -49.768
469 -50.2617
470 -50.4653
471 -50.5515
472 -50.415
473 -50.1229
474 -49.8564
475 -49.8139
476 -49.8823
477 -50.0337
478 -50.043
479 -50.036
480 -49.9756
481 -49.6187
482 -49.2288
483 -48.8863
484 -48.6132
485 -48.5228
486 -48.6888
487 -49.0442
488 -49.4333
489 -49.6831
490 -49.7122
491 -49.4655
492 -49.1687
493 -48.8684
494 -48.558
495 -48.3947
496 -48.6134
497 -48.8269
498 -48.9389
499 -48.9252
500 -48.8904
501 -48.6322
502 -48.3709
503 -48.1003
504 -47.9899
505 -48.0511
506 -48.4637
507 -49.0609
508 -49.766
509 -50.1678
510 -50.2885
511 -50.1982
512 -49.9436
513 -49.6794
514 -49.5008
515 -49.5473
516 -49.6249
517 -49.7532
518 -49.82
519 -49.8312
520 -49.795
521 -49.4263
522 -49.048
523 -48.5911
524 -48.1862
525 -48.0534
526 -48.1798
527 -48.3749
528 -48.5287
529 -48.7122
530 -48.799
531 -48.723
532 -48.6032
533 -48.5006
534 -48.371
535 -48.11
536 -48.129
537 -48.2153
538 -48.2232
539 -48.1416
540 -48.0884
541 -47.9032
542 -47.6725
543 -47.4281
544 -47.1948
545 -47.3197
546 -47.7725
547 -48.4259
548 -49.1171
549 -49.5525
550 -49.6948
551 -49.7325
552 -49.5673
553 -49.2907
554 -49.136
555 -49.1882
556 -49.3854
557 -49.6126
558 -49.7278
559 -49.7128
560 -49.5162
561 -49.0242
562 -48.562
563 -48.2081
564 -47.998
565 -48.0195
566 -48.2819
567 -48.7106
568 -49.0135
569 -49.2008
570 -49.0651
571 -48.7941
572 -48.4502
573 -48.1736
574 -48.036
575 -48.0705
576 -48.3232
577 -48.4854
578 -48.623
579 -48.614
580 -48.4223
581 -48.1608
582 -47.8908
583 -47.5887
584 -47.5488
585 -47.8076
586 -48.3675
587 -48.9743
588 -49.5707
589 -49.8991
590 -49.9669
591 -49.9546
592 -49.7327
593 -49.4446
594 -49.3408
595 -49.4291
596 -49.6098
597 -49.9042
598 -49.9925
599 -49.9009
600 -49.6566
601 -49.1529
602 -48.7905
603 -48.45
604 -48.2301
605 -48.17
606 -48.307
607 -48.5357
608 -48.6573
609 -48.7651
610 -48.7773
611 -48.7322
612 -48.6543
613 -48.5759
614 -48.3717
615 -48.2346
616 -48.2666
617 -48.2595
618 -48.2391
619 -48.2883
620 -48.1976
621 -48.0923
622 -47.9194
623 -47.6841
624 -47.5561
625 -47.6479
626 -48.0897
627 -48.7356
628 -49.4823
629 -49.9596
630 -50.1602
631 -50.1589
632 -49.8882
633 -49.5482
634 -49.4045
635 -49.3907
636 -49.4989
637 -49.7197
638 -49.678
639 -49.5854
640 -49.3454
641 -48.9313
642 -48.585
643 -48.2398
644 -48.0098
645 -48.0056
646 -48.2201
647 -48.5119
648 -48.7388
649 -48.8838
650 -48.7111
651 -48.3863
652 -48.1339
653 -47.8232
654 -47.6421
655 -47.7633
656 -48.0184
657 -48.1344
658 -48.17
659 -48.0824
660 -47.8133
661 -47.4812
662 -47.2493
663 -47.0747
664 -47.0464
665 -47.271
666 -47.7458
667 -48.2826
668 -48.8033
669 -48.9463
670 -49.0263
671 -48.9886
672 -48.7163
673 -48.5014
674 -48.4668
675 -48.4872
676 -48.6159
677 -48.7802
678 -48.9308
679 -48.8862
680 -48.7249
681 -48.3309
682 -47.9132
683 -47.5638
684 -47.3942
685 -47.4232
686 -47.5425
687 -47.7451
688 -47.9252
689 -47.9763
690 -47.863
691 -47.8202
692 -47.7451
693 -47.5622
694 -47.4271
695 -47.3934
696 -47.4676
697 -47.4173
698 -47.4332
699 -47.3934
700 -47.1783
701 -47.0029
702 -46.8654
703 -46.6366
704 -46.5322
705 -46.766
706 -47.3197
707 -47.9194
708 -48.5429
709 -48.859
710 -48.9656
711 -48.8685
712 -48.6572
713 -48.3736
714 -48.1597
715 -48.0538
716 -48.2181
717 -48.3496
718 -48.313
719 -48.2622
720 -48.0667
721 -47.6491
722 -47.2384
723 -46.9168
724 -46.6699
725 -46.6866
726 -46.9509
727 -47.2381
728 -47.4548
729 -47.5323
730 -47.3731
731 -47.0992
732 -46.7776
733 -46.4983
734 -46.3368
735 -46.3703
736 -46.5416
737 -46.7242
738 -46.7793
739 -46.623
740 -46.3504
741 -46.0758
742 -45.7522
743 -45.4874
744 -45.565
745 -46.026
746 -46.5567
747 -47.2248
748 -47.8292
749 -47.9432
750 -47.9996
751 -47.8176
752 -47.5525
753 -47.346
754 -47.3298
755 -47.4349
756 -47.6303
757 -47.7653
758 -47.81
759 -47.7585
760 -47.5148
761 -47.0728
762 -46.645
763 -46.3751
764 -46.209
765 -46.2069
766 -46.4164
767 -46.6365
768 -46.7705
769 -46.7855
770 -46.7217
771 -46.7275
772 -46.6134
773 -46.4573
774 -46.2548
775 -46.2362
776 -46.2625
777 -46.3252
778 -46.3128
779 -46.1568
780 -45.8763
781 -45.7139
782 -45.4999
783 -45.2934
784 -45.2282
785 -45.5553
786 -46.0463
787 -46.6366
788 -47.3047
789 -47.5334
790 -47.5862
791 -47.423
792 -47.2023
793 -46.9231
794 -46.7993
795 -46.7532
796 -46.8832
797 -46.9133
798 -46.9081
799 -46.7894
800 -46.3697
801 -45.9401
802 -45.6411
803 -45.3321
804 -45.1739
805 -45.2528
806 -45.6343
807 -45.9064
808 -46.0651
809 -46.1529
810 -45.9853
811 -45.6869
812 -45.3785
813 -45.1971
814 -45.087
815 -45.2132
816 -45.3341
817 -45.5292
818 -45.5425
819 -45.4673
820 -45.2489
821 -45.0691
822 -44.7297
823 -44.5439
824 -44.6564
825 -45.1629
826 -45.7167
827 -46.3274
828 -46.8931
829 -46.9579
830 -46.8466
831 -46.5919
832 -46.3752
833 -46.2177
834 -46.2
835 -46.2735
836 -46.5181
837 -46.653
838 -46.6169
839 -46.4984
840 -46.0858
841 -45.5943
842 -45.2584
843 -45.0243
844 -44.9
845 -44.9342
846 -45.1396
847 -45.2705
848 -45.34
849 -45.3226
850 -45.2862
851 -45.1772
852 -45.037
853 -44.9556
854 -44.7965
855 -44.8048
856 -44.83
857 -44.83
858 -44.7711
859 -44.6088
860 -44.4218
861 -44.2112
862 -43.9026
863 -43.7051
864 -43.6459
865 -43.942
866 -44.5458
867 -45.2701
868 -45.8205
869 -46.0151
870 -46.0772
871 -45.8581
872 -45.6059
873 -45.3846
874 -45.3594
875 -45.4285
876 -45.54
877 -45.5203
878 -45.4749
879 -45.4205
880 -45.0962
881 -44.8201
882 -44.5294
883 -44.2191
884 -44.0951
885 -44.2532
886 -44.5586
887 -44.7841
888 -44.9863
889 -44.9729
890 -44.6377
891 -44.3538
892 -44.1023
893 -43.8895
894 -43.9406
895 -44.1944
896 -44.2812
897 -44.3387
898 -44.2633
899 -43.9894
900 -43.7178
901 -43.4943
902 -43.1818
903 -43.083
904 -43.3617
905 -43.8331
906 -44.3834
907 -44.9499
908 -45.3667
909 -45.3623
910 -45.2631
911 -45.0134
912 -44.7718
913 -44.5787
914 -44.6141
915 -44.7888
916 -44.9674
917 -45.0129
918 -44.9183
919 -44.8555
920 -44.4376
921 -44.0458
922 -43.6842
923 -43.4418
924 -43.2732
925 -43.3226
926 -43.5452
927 -43.8236
928 -43.9917
929 -44.04
930 -43.9568
931 -43.6905
932 -43.3686
933 -43.093
934 -42.9145
935 -42.8693
936 -42.8013
937 -42.6767
938 -42.4776
939 -42.0012
940 -41.4913
941 -40.9013
942 -40.2309
943 -39.6939
944 -39.415
945 -39.4953
946 -39.6154
947 -39.7848
948 -39.6858
949 -39.4381
950 -38.9066
951 -38.1242
952 -37.3638
953 -36.5746
954 -35.9128
955 -35.4467
956 -34.999
957 -34.5057
958 -34.1249
959 -33.7003
960 -32.9548
961 -32.1167
962 -31.2568
963 -30.4606
964 -29.8434
965 -29.3568
966 -29.078
967 -28.8862
968 -28.7978
969 -28.6177
970 -28.4006
971 -28.0444
972 -27.5974
973 -27.1261
974 -26.7363
975 -26.3506
976 -25.9721
977 -25.6135
978 -25.1393
979 -24.6535
980 -24.2291
981 -23.8887
982 -23.663
983 -23.5517
984 -23.4373
985 -23.2199
986 -22.9643
987 -22.7964
988 -22.6668
989 -22.5429
990 -22.3682
991 -21.8722
992 -20.7104
993 -19.988
994 -19.4187
995 -18.9038
996 -18.2599
997 -17.6845
998 -17.2394
999 -17.0466
1000 -17.0686
1001 -17.3261
1002 -17.4786
1003 -17.5545
1004 -17.4515
1005 -17.3649
1006 -17.3103
1007 -17.5099
1008 -17.8708
1009 -18.2217
1010 -18.6731
1011 -19.0586
1012 -19.4154
1013 -19.8418
1014 -20.3079
1015 -20.7388
1016 -21.1599
1017 -21.5756
1018 -21.9378
1019 -22.2359
1020 -22.5948
1021 -23.0254
1022 -23.3948
1023 -23.8327
1024 -24.3588
1025 -25.0684
1026 -25.8965
1027 -26.7711
1028 -27.5807
1029 -28.2706
1030 -28.7864
1031 -29.2344
1032 -29.6498
1033 -29.9686
1034 -30.3456
1035 -30.6577
1036 -30.9149
1037 -31.0486
1038 -31.0359
1039 -31.1813
1040 -31.2256
1041 -31.0412
1042 -30.9758
1043 -30.8793
1044 -30.8141
1045 -30.6954
1046 -30.6085
1047 -30.6658
1048 -30.9571
1049 -31.3733
1050 -31.7841
1051 -32.0444
1052 -32.341
1053 -32.6323
1054 -32.7856
1055 -32.7962
1056 -32.8717
1057 -32.913
1058 -32.9363
1059 -33.1742
1060 -33.3668
1061 -33.38
1062 -33.344
1063 -33.4733
1064 -33.5432
1065 -33.5419
1066 -33.5523
1067 -33.6117
1068 -33.6021
1069 -33.7444
1070 -34.04
1071 -34.3935
1072 -34.6483
1073 -34.8519
1074 -35.0586
1075 -35.1408
1076 -35.2355
1077 -35.2111
1078 -35.0096
1079 -34.5708
1080 -34.2387
1081 -34.2759
1082 -34.1873
1083 -34.0459
1084 -33.8495
1085 -33.5938
1086 -33.2442
1087 -32.9611
1088 -32.8393
1089 -33.0781
1090 -33.4953
1091 -33.8766
1092 -34.2073
1093 -34.4966
1094 -34.678
1095 -34.733
1096 -34.7429
1097 -34.6443
1098 -34.4547
1099 -34.41
1100 -34.45
1101 -34.4675
1102 -34.4464
1103 -34.5693
1104 -34.6731
1105 -34.7544
1106 -34.7147
1107 -34.5972
1108 -34.554
1109 -34.6143
1110 -34.8481
1111 -35.0904
1112 -35.3408
1113 -35.6941
1114 -35.777
1115 -35.8
1116 -35.7397
1117 -35.5689
1118 -35.1799
1119 -34.8228
1120 -34.6069
1121 -34.7067
1122 -34.6435
1123 -34.5232
1124 -34.2579
1125 -33.9851
1126 -33.6297
1127 -33.4326
1128 -33.446
1129 -33.796
1130 -34.2462
1131 -34.6382
1132 -34.8495
1133 -35.05
1134 -35.0998
1135 -35.0599
1136 -35.0449
1137 -35.0179
1138 -34.9004
1139 -34.8831
1140 -35.0153
1141 -35.0329
1142 -35.1843
1143 -35.3832
1144 -35.5144
1145 -35.5381
1146 -35.4835
1147 -35.3594
1148 -35.3724
1149 -35.3902
1150 -35.7103
1151 -35.9571
1152 -36.1708
1153 -36.4432
1154 -36.5325
1155 -36.5265
1156 -36.4427
1157 -36.3228
1158 -35.9742
1159 -35.608
1160 -35.2814
1161 -35.4267
1162 -35.3631
1163 -35.2157
1164 -35.029
1165 -34.7544
1166 -34.3144
1167 -33.986
1168 -34.0622
1169 -34.3815
1170 -34.85
1171 -35.2032
1172 -35.5079
1173 -35.6779
1174 -35.6603
1175 -35.4533
1176 -35.4133
1177 -35.2685
1178 -35.0793
1179 -35.0883
1180 -35.2043
1181 -35.2143
1182 -35.2386
1183 -35.4038
1184 -35.5632
1185 -35.6283
1186 -35.6671
1187 -35.6079
1188 -35.6144
1189 -35.6433
1190 -35.8425
1191 -36.1399
1192 -36.3502
1193 -36.6705
1194 -36.852
1195 -36.85
1196 -36.8575
1197 -36.7117
1198 -36.335
1199 -35.975
1200 -35.6515
1201 -35.65
1202 -35.6964
1203 -35.7089
1204 -35.5862
1205 -35.2728
1206 -34.9062
1207 -34.6194
1208 -34.6817
1209 -34.9994
1210 -35.4017
1211 -35.7427
1212 -36.0146
1213 -36.1136
1214 -36.1575
1215 -36.1165
1216 -36.1051
1217 -35.99
1218 -35.9268
1219 -36.0307
1220 -36.1323
1221 -36.14
1222 -36.1912
1223 -36.3343
1224 -36.3945
1225 -36.45
1226 -36.4152
1227 -36.2737
1228 -36.2537
1229 -36.3143
1230 -36.5205
1231 -36.8545
1232 -36.9847
1233 -37.2077
1234 -37.3791
1235 -37.2657
1236 -37.1755
1237 -37.0198
1238 -36.6724
1239 -36.2568
1240 -36.1608
1241 -36.1743
1242 -36.1707
1243 -36.0563
1244 -35.8118
1245 -35.4399
1246 -35.0148
1247 -34.6911
1248 -34.7444
1249 -35.099
1250 -35.5491
1251 -35.8872
1252 -36.3118
1253 -36.5591
1254 -36.6094
1255 -36.4912
1256 -36.4401
1257 -36.3458
1258 -36.2302
1259 -36.235
1260 -36.4005
1261 -36.4997
1262 -36.5607
1263 -36.6716
1264 -36.8118
1265 -36.9
1266 -36.888
1267 -36.7721
1268 -36.7022
1269 -36.868
1270 -37.1357
1271 -37.3203
1272 -37.6189
1273 -37.8356
1274 -37.9912
1275 -37.9818
1276 -37.8725
1277 -37.6499
1278 -37.2525
1279 -36.9066
1280 -36.8608
1281 -36.8524
1282 -36.6663
1283 -36.5406
1284 -36.243
1285 -35.9693
1286 -35.6695
1287 -35.4939
1288 -35.602
1289 -35.9311
1290 -36.3109
1291 -36.6618
1292 -36.9837
1293 -37.1591
1294 -37.1516
1295 -37.0743
1296 -36.9108
1297 -36.7609
1298 -36.7078
1299 -36.8621
1300 -37.0284
1301 -37.0067
1302 -37.0168
1303 -37.1108
1304 -37.2025
1305 -37.2873
1306 -37.2613
1307 -37.1938
1308 -37.2195
1309 -37.3699
1310 -37.5425
1311 -37.7478
1312 -37.9332
1313 -38.0557
1314 -38.1115
1315 -37.9955
1316 -37.9387
1317 -37.7904
1318 -37.523
1319 -37.2001
1320 -37.1446
1321 -37.2049
1322 -37.18
1323 -37.067
1324 -36.8312
1325 -36.5751
1326 -36.2514
1327 -36.0438
1328 -36.2276
1329 -36.5746
1330 -36.9952
1331 -37.2673
1332 -37.611
1333 -37.8077
1334 -37.7421
1335 -37.6278
1336 -37.4855
1337 -37.4057
1338 -37.4531
1339 -37.4436
1340 -37.5932
1341 -37.6165
1342 -37.6299
1343 -37.675
1344 -37.797
1345 -37.8921
1346 -37.8762
1347 -37.731
1348 -37.7548
1349 -37.963
1350 -38.1536
1351 -38.2206
1352 -38.4844
1353 -38.5862
1354 -38.6422
1355 -38.5712
1356 -38.5253
1357 -38.3277
1358 -38.0037
1359 -37.5887
1360 -37.498
1361 -37.4104
1362 -37.2968
1363 -37.1561
1364 -36.9316
1365 -36.6012
1366 -36.2749
1367 -36.0949
1368 -36.3357
1369 -36.7625
1370 -37.3189
1371 -37.813
1372 -38.3113
1373 -38.6792
1374 -38.9132
1375 -39.2403
1376 -39.4844
1377 -39.7347
1378 -40.1183
1379 -40.5333
1380 -41.0847
1381 -41.5649
1382 -42.0556
1383 -42.7366
1384 -43.4987
1385 -44.1303
1386 -44.7272
1387 -45.4133
1388 -45.9749
1389 -46.5572
1390 -47.1831
1391 -47.8804
1392 -48.5279
1393 -49.2702
1394 -50.2349
1395 -51.1223
1396 -51.8515
1397 -52.2941
1398 -52.6805
1399 -52.9634
1400 -53.0536
1401 -53.1652
1402 -53.3025
1403 -53.5095
1404 -53.9271
1405 -54.4389
1406 -54.9394
1407 -55.3994
1408 -55.7125
1409 -55.8429
1410 -55.858
1411 -55.9394
1412 -56.093
1413 -56.4079
1414 -56.6547
1415 -56.876
1416 -56.9262
1417 -56.9274
1418 -56.9479
1419 -57.1099
1420 -57.4344
1421 -57.7059
1422 -57.9377
1423 -58.1221
1424 -58.2687
1425 -58.4572
1426 -59.0115
1427 -60.1154
1428 -60.5743
1429 -60.8163
1430 -61.1167
1431 -61.6371
1432 -62.2963
1433 -62.9032
1434 -63.3091
1435 -63.418
1436 -63.2997
1437 -63.1672
1438 -63.0515
1439 -63.2131
1440 -63.5139
1441 -63.919
1442 -64.0564
1443 -64.0353
1444 -63.795
1445 -63.4598
1446 -63.0919
1447 -62.7233
1448 -62.2796
1449 -61.6852
1450 -61.0995
1451 -60.5469
1452 -59.9385
1453 -59.4543
1454 -58.9143
1455 -58.3017
1456 -57.5864
1457 -56.9624
1458 -56.3853
1459 -55.8845
1460 -55.3525
1461 -54.8373
1462 -54.4522
1463 -54.0437
1464 -53.5693
1465 -53.0826
1466 -52.5139
1467 -51.9422
1468 -51.4791
1469 -51.1064
1470 -50.762
1471 -50.2938
1472 -49.8107
1473 -49.3194
1474 -48.965
1475 -48.7906
1476 -48.7114
1477 -48.7647
1478 -48.8161
1479 -48.6789
1480 -48.358
1481 -47.9853
1482 -47.5962
1483 -47.3259
1484 -47.1474
1485 -47.218
1486 -47.3022
1487 -47.3535
1488 -47.1999
1489 -46.9789
1490 -46.749
1491 -46.5287
1492 -46.1863
1493 -45.9743
1494 -46.1294
1495 -46.5313
1496 -47.1615
1497 -47.7426
1498 -48.1764
1499 -48.1265
1500 -47.8776
1501 -47.5554
1502 -47.2265
1503 -47.0659
1504 -47.0695
1505 -47.143
1506 -47.3863
1507 -47.6488
1508 -47.6108
1509 -47.4209
1510 -47.1007
1511 -46.6046
1512 -46.2388
1513 -45.9234
1514 -45.7408
1515 -45.8569
1516 -46.0744
1517 -46.3798
1518 -46.6529
1519 -46.686
1520 -46.4433
1521 -46.1456
1522 -45.8837
1523 -45.6951
1524 -45.5948
1525 -45.7413
1526 -45.8018
1527 -45.8695
1528 -45.9372
1529 -45.8083
1530 -45.5162
1531 -45.2397
1532 -44.9739
1533 -44.7823
1534 -44.8248
1535 -45.143
1536 -45.6372
1537 -46.1816
1538 -46.5941
1539 -46.7345
1540 -46.773
1541 -46.6393
1542 -46.3963
1543 -46.2309
1544 -46.076
1545 -46.1073
1546 -46.2812
1547 -46.3693
1548 -46.433
1549 -46.4891
1550 -46.3416
1551 -45.915
1552 -45.579
1553 -45.223
1554 -44.9752
1555 -45.0473
1556 -45.168
1557 -45.3389
1558 -45.4894
1559 -45.5092
1560 -45.48
1561 -45.515
1562 -45.4516
1563 -45.2809
1564 -45.1294
1565 -45.0614
1566 -45.0256
1567 -45.0968
1568 -45.1418
1569 -45.1166
1570 -45.1188
1571 -44.9317
1572 -44.6908
1573 -44.5103
1574 -44.5553
1575 -44.8182
1576 -45.1727
1577 -45.6701
1578 -46.3243
1579 -46.6794
1580 -46.7262
1581 -46.5497
1582 -46.2592
1583 -45.9225
1584 -45.7496
1585 -45.7398
1586 -46.0028
1587 -46.2143
1588 -46.1877
1589 -46.0708
1590 -45.8049
1591 -45.3743
1592 -45.0186
1593 -44.7577
1594 -44.6067
1595 -44.6
1596 -44.7712
1597 -45.0533
1598 -45.2347
1599 -45.249
1600 -45.0574
1601 -44.7911
1602 -44.4157
1603 -44.1547
1604 -44.0185
1605 -44.1987
1606 -44.4117
1607 -44.5947
1608 -44.6391
1609 -44.4653
1610 -44.1529
1611 -43.9242
1612 -43.6116
1613 -43.4737
1614 -43.6239
1615 -44.0775
1616 -44.7857
1617 -45.3528
1618 -45.8039
1619 -45.9365
1620 -45.8435
1621 -45.6011
1622 -45.3004
1623 -45.1243
1624 -45.09
1625 -45.1854
1626 -45.4233
1627 -45.5581
1628 -45.4874
1629 -45.4209
1630 -45.2057
1631 -44.8944
1632 -44.6384
1633 -44.3724
1634 -44.2304
1635 -44.2199
1636 -44.3548
1637 -44.5702
1638 -44.7054
1639 -44.729
1640 -44.6197
1641 -44.4989
1642 -44.3826
1643 -44.1362
1644 -43.9953
1645 -44.1097
1646 -44.1054
1647 -44.1517
1648 -44.1736
1649 -44.0341
1650 -43.8591
1651 -43.6708
1652 -43.3909
1653 -43.198
1654 -43.2155
1655 -43.5378
1656 -44.0863
1657 -44.6998
1658 -45.3373
1659 -45.5238
1660 -45.3829
1661 -45.2025
1662 -44.9559
1663 -44.749
1664 -44.5396
1665 -44.6481
1666 -44.8702
1667 -44.9064
1668 -44.855
1669 -44.8294
1670 -44.5001
1671 -44.1031
1672 -43.7034
1673 -43.3968
1674 -43.2211
1675 -43.2598
1676 -43.4948
1677 -43.8289
1678 -44.0332
1679 -44.0031
1680 -43.8057
1681 -43.5735
1682 -43.4024
1683 -43.22
1684 -43.2682
1685 -43.3996
1686 -43.5027
1687 -43.654
1688 -43.6559
1689 -43.4463
1690 -43.1874
1691 -42.9389
1692 -42.6532
1693 -42.6167
1694 -42.822
1695 -43.3498
1696 -43.9671
1697 -44.554
1698 -44.9465
1699 -44.9925
1700 -44.9398
1701 -44.6688
1702 -44.3908
1703 -44.2574
1704 -44.1962
1705 -44.2281
1706 -44.4619
1707 -44.6528
1708 -44.5738
1709 -44.4655
1710 -44.1504
1711 -43.722
1712 -43.3441
1713 -43.0336
1714 -42.9338
1715 -42.9218
1716 -43.0352
1717 -43.1979
1718 -43.3741
1719 -43.3404
1720 -43.2418
1721 -43.1899
1722 -43.128
1723 -42.9785
1724 -42.88
1725 -42.9024
1726 -42.8101
1727 -42.7356
1728 -42.71
1729 -42.5613
1730 -42.3816
1731 -42.1887
1732 -41.9469
1733 -41.8285
1734 -41.9164
1735 -42.3347
1736 -42.9359
1737 -43.5775
1738 -44.0767
1739 -44.2241
1740 -44.1571
1741 -43.9636
1742 -43.7597
1743 -43.5662
1744 -43.5107
1745 -43.5303
1746 -43.7595
1747 -43.8488
1748 -43.8129
1749 -43.7598
1750 -43.4343
1751 -43.0073
1752 -42.63
1753 -42.4006
1754 -42.262
1755 -42.4653
1756 -42.7351
1757 -43.0513
1758 -43.2579
1759 -43.1373
1760 -42.8321
1761 -42.6111
1762 -42.4102
1763 -42.2097
1764 -42.2209
1765 -42.4108
1766 -42.4611
1767 -42.5659
1768 -42.5662
1769 -42.3001
1770 -41.9752
1771 -41.7346
1772 -41.4504
1773 -41.4763
1774 -41.7174
1775 -42.2944
1776 -42.9172
1777 -43.4041
1778 -43.7081
1779 -43.6743
1780 -43.5847
1781 -43.2481
1782 -42.933
1783 -42.8209
1784 -42.8143
1785 -42.972
1786 -43.2275
1787 -43.2522
1788 -43.157
1789 -42.9968
1790 -42.6125
1791 -42.286
1792 -41.9124
1793 -41.6992
1794 -41.6463
1795 -41.7278
1796 -41.886
1797 -42.0728
1798 -42.2127
1799 -42.29
1800 -42.1796
1801 -42.1004
1802 -42.059
1803 -41.9008
1804 -41.7368
1805 -41.6232
1806 -41.5062
1807 -41.3452
1808 -41.0239
1809 -40.5166
1810 -40.0001
1811 -39.3951
1812 -38.7291
1813 -38.2228
1814 -38.012
1815 -38.0696
1816 -38.1719
1817 -38.3975
1818 -38.3203
1819 -37.9626
1820 -37.468
1821 -36.6798
1822 -35.8594
1823 -35.0775
1824 -34.462
1825 -33.9655
1826 -33.5844
1827 -33.1782
1828 -32.7419
1829 -32.2448
1830 -31.5885
1831 -30.8052
1832 -29.9215
1833 -29.0587
1834 -28.4063
1835 -27.9702
1836 -27.8303
1837 -27.6065
1838 -27.447
1839 -27.2253
1840 -26.9192
1841 -26.622
1842 -26.2642
1843 -25.8048
1844 -25.4152
1845 -25.1227
1846 -24.7337
1847 -24.4296
1848 -23.9981
1849 -23.5806
1850 -23.2065
1851 -22.8967
1852 -22.7009
1853 -22.5612
1854 -22.3945
1855 -22.1325
1856 -21.9168
1857 -21.6874
1858 -21.5307
1859 -21.3086
1860 -21.1974
1861 -20.6041
1862 -19.6316
1863 -19.1682
1864 -18.8351
1865 -18.3261
1866 -17.5879
1867 -16.7575
1868 -16.1962
1869 -16.0523
1870 -16.2982
1871 -16.74
1872 -16.9861
1873 -17.067
1874 -16.7814
1875 -16.6037
1876 -16.521
1877 -16.6341
1878 -16.9077
1879 -17.3396
1880 -17.8861
1881 -18.2824
1882 -18.7272
1883 -19.1934
1884 -19.5555
1885 -19.9959
1886 -20.3929
1887 -20.8184
1888 -21.2497
1889 -21.6906
1890 -22.0719
1891 -22.4629
1892 -22.8586
1893 -23.3178
1894 -23.9338
1895 -24.6048
1896 -25.4895
1897 -26.34
1898 -27.1477
1899 -27.7102
1900 -28.0602
1901 -28.4396
1902 -28.7586
1903 -29.1451
1904 -29.4856
1905 -29.6219
1906 -29.904
1907 -30.1611
1908 -30.3462
1909 -30.2667
1910 -30.2886
1911 -30.3419
1912 -30.2125
1913 -30.1341
1914 -30.092
1915 -30.0736
1916 -30.02
1917 -30.0094
1918 -30.3515
1919 -30.7953
1920 -31.1752
1921 -31.3721
1922 -31.6658
1923 -31.9369
1924 -31.9928
1925 -32.0029
1926 -32.072
1927 -32.1515
1928 -32.2126
1929 -32.301
1930 -32.5165
1931 -32.6383
1932 -32.6569
1933 -32.746
1934 -32.9086
1935 -33.0811
1936 -33.0886
1937 -33.0277
1938 -33.053
1939 -33.2082
1940 -33.4517
1941 -33.6497
1942 -33.8927
1943 -34.1382
1944 -34.3265
1945 -34.398
1946 -34.46
1947 -34.385
1948 -34.13
1949 -33.7184
1950 -33.4151
1951 -33.475
1952 -33.4825
1953 -33.4292
1954 -33.2639
1955 -32.9812
1956 -32.5824
1957 -32.2718
1958 -32.2865
1959 -32.587
1960 -33.0611
1961 -33.4317
1962 -33.6447
1963 -33.8686
1964 -33.944
1965 -33.87
1966 -33.87
1967 -33.7831
1968 -33.582
1969 -33.5752
1970 -33.716
1971 -33.7267
1972 -33.8282
1973 -33.957
1974 -34.1224
1975 -34.1938
1976 -34.22
1977 -34.0959
1978 -34.0957
1979 -34.1808
1980 -34.3037
1981 -34.5478
1982 -34.6998
1983 -34.9063
1984 -35.0644
1985 -35.06
1986 -35.06
1987 -34.8534
1988 -34.5798
1989 -34.1401
1990 -33.9329
1991 -34.0541
1992 -34.0965
1993 -33.9501
1994 -33.7328
1995 -33.4456
1996 -33.0952
1997 -32.8596
1998 -32.8736
1999 -33.2387
2000 -33.7108
2001 -34.0392
2002 -34.2713
2003 -34.5201
2004 -34.58
2005 -34.4883
2006 -34.3529
2007 -34.2976
2008 -34.2305
2009 -34.2944
2010 -34.3985
2011 -34.4651
2012 -34.5294
2013 -34.5448
2014 -34.6499
2015 -34.8102
2016 -34.8792
2017 -34.714
2018 -34.7313
2019 -34.8356
2020 -34.9828
2021 -35.1843
2022 -35.3871
2023 -35.7277
2024 -35.9392
2025 -35.92
2026 -35.9058
2027 -35.7043
2028 -35.4274
2029 -35.1094
2030 -34.8881
2031 -34.7977
2032 -34.6722
2033 -34.4896
2034 -34.2329
2035 -34.0044
2036 -33.647
2037 -33.4037
2038 -33.3998
2039 -33.7396
2040 -34.2156
2041 -34.5188
2042 -34.8054
2043 -35.0346
2044 -34.9782
2045 -34.8464
2046 -34.6912
2047 -34.5481
2048 -34.4213
2049 -34.4428
2050 -34.5514
2051 -34.6329
2052 -34.6445
2053 -34.7223
2054 -34.8526
2055 -34.9465
2056 -34.985
2057 -34.9533
2058 -34.9643
2059 -35.1478
2060 -35.2591
2061 -35.4646
2062 -35.7409
2063 -35.9479
2064 -36.1459
2065 -36.1419
2066 -36.0777
2067 -35.8881
2068 -35.623
2069 -35.2921
2070 -35.1577
2071 -35.22
2072 -35.1462
2073 -34.99
2074 -34.8363
2075 -34.5746
2076 -34.2234
2077 -33.9751
2078 -34.1408
2079 -34.4942
2080 -34.8762
2081 -35.2271
2082 -35.5192
2083 -35.6877
2084 -35.7389
2085 -35.71
2086 -35.5986
2087 -35.4174
2088 -35.2988
2089 -35.32
2090 -35.309
2091 -35.3461
2092 -35.4685
2093 -35.5832
2094 -35.7217
2095 -35.8885
2096 -35.844
2097 -35.7486
2098 -35.6933
2099 -35.8706
2100 -36.0566
2101 -36.1767
2102 -36.4214
2103 -36.5567
2104 -36.6836
2105 -36.5742
2106 -36.5591
2107 -36.3663
2108 -35.9294
2109 -35.6198
2110 -35.5376
2111 -35.5942
2112 -35.5506
2113 -35.4397
2114 -35.1747
2115 -34.8349
2116 -34.5753
2117 -34.3529
2118 -34.5742
2119 -34.8724
2120 -35.3356
2121 -35.5509
2122 -35.8827
2123 -36.0852
2124 -36.0838
2125 -35.9466
2126 -35.86
2127 -35.7057
2128 -35.591
2129 -35.6469
2130 -35.8144
2131 -35.8514
2132 -36.0161
2133 -36.1189
2134 -36.2618
2135 -36.4672
2136 -36.5007
2137 -36.3417
2138 -36.359
2139 -36.5295
2140 -36.555
2141 -36.7006
2142 -36.9358
2143 -37.091
2144 -37.2109
2145 -37.31
2146 -37.2995
2147 -37.0929
2148 -36.7497
2149 -36.4754
2150 -36.3931
2151 -36.4661
2152 -36.3198
2153 -36.1713
2154 -35.9156
2155 -35.577
2156 -35.2349
2157 -34.9974
2158 -35.1971
2159 -35.5225
2160 -35.9447
2161 -36.2416
2162 -36.6033
2163 -36.7182
2164 -36.6643
2165 -36.4701
2166 -36.3016
2167 -36.1932
2168 -36.2689
2169 -36.3692
2170 -36.5019
2171 -36.56
2172 -36.5475
2173 -36.5778
2174 -36.7188
2175 -36.8439
2176 -36.8786
2177 -36.7644
2178 -36.7965
2179 -36.9354
2180 -37.0134
2181 -37.0174
2182 -37.3233
2183 -37.4321
2184 -37.5063
2185 -37.4653
2186 -37.5036
2187 -37.2546
2188 -36.9965
2189 -36.7419
2190 -36.8408
2191 -36.8199
2192 -36.7306
2193 -36.6422
2194 -36.3786
2195 -36.062
2196 -35.8034
2197 -35.6245
2198 -35.7787
2199 -36.1325
2200 -36.5692
2201 -36.8577
2202 -37.2788
2203 -37.4825
2204 -37.4599
2205 -37.2685
2206 -37.0057
2207 -36.84
2208 -36.9016
2209 -36.9946
2210 -37.1378
2211 -37.1887
2212 -37.1993
2213 -37.2487
2214 -37.3811
2215 -37.5278
2216 -37.5299
2217 -37.4031
2218 -37.4747
2219 -37.6751
2220 -37.7382
2221 -37.8182
2222 -38.0438
2223 -38.1333
2224 -38.115
2225 -38.1069
2226 -38.1232
2227 -37.9068
2228 -37.5262
2229 -37.1923
2230 -37.1943
2231 -37.0495
2232 -36.8735
2233 -36.6999
2234 -36.4491
2235 -36.1182
2236 -35.8267
2237 -35.6969
2238 -35.9178
2239 -36.3889
2240 -36.9818
2241 -37.4902
2242 -38.0257
2243 -38.3872
2244 -38.6069
2245 -38.8158
2246 -38.9905
2247 -39.3204
2248 -39.7114
2249 -40.1514
2250 -40.6871
2251 -41.2109
2252 -41.7489
2253 -42.4021
2254 -43.1952
2255 -43.8725
2256 -44.5797
2257 -45.2171
2258 -45.7295
2259 -46.2772
2260 -46.9202
2261 -47.4973
2262 -48.2413
2263 -48.964
2264 -49.9045
2265 -50.8227
2266 -51.59
2267 -52.1358
2268 -52.2817
2269 -52.5665
2270 -52.6195
2271 -52.5848
2272 -52.695
2273 -53.0478
2274 -53.5159
2275 -54.1929
2276 -54.5968
2277 -54.885
2278 -55.1948
2279 -55.3396
2280 -55.465
2281 -55.5836
2282 -55.7802
2283 -55.9868
2284 -56.1579
2285 -56.3175
2286 -56.4348
2287 -56.5133
2288 -56.6222
2289 -56.8269
2290 -56.9943
2291 -57.2019
2292 -57.3793
2293 -57.5147
2294 -57.65
2295 -57.8223
2296 -58.6237
2297 -59.6704
2298 -60.0802
2299 -60.232
2300 -60.5446
2301 -61.0984
2302 -61.7886
2303 -62.4588
2304 -62.9236
2305 -62.9542
2306 -62.7989
2307 -62.6803
2308 -62.5983
2309 -62.7272
2310 -62.9232
2311 -63.1954
2312 -63.411
2313 -63.3227
2314 -63.1414
2315 -62.9575
2316 -62.5844
2317 -62.0579
2318 -61.4329
2319 -60.7261
2320 -60.1185
2321 -59.5973
2322 -59.2522
2323 -58.803
2324 -58.2355
2325 -57.5455
2326 -56.8504
2327 -56.1734
2328 -55.5889
2329 -55.1149
2330 -54.6961
2331 -54.2453
2332 -53.8361
2333 -53.4008
2334 -52.9563
2335 -52.49
2336 -51.9716
2337 -51.3928
2338 -50.8585
2339 -50.4799
2340 -50.1001
2341 -49.5169
2342 -48.9504
2343 -48.5185
2344 -48.219
2345 -48.0849
2346 -48.1386
2347 -48.2164
2348 -48.2474
2349 -47.9892
2350 -47.6899
2351 -47.3322
2352 -46.9144
2353 -46.6032
2354 -46.535
2355 -46.7024
2356 -46.7643
2357 -46.7814
2358 -46.6762
2359 -46.4609
2360 -46.1328
2361 -45.8182
2362 -45.4752
2363 -45.3434
2364 -45.5007
2365 -46.0473
2366 -46.7628
2367 -47.3705
2368 -47.6403
2369 -47.6064
2370 -47.3509
2371 -46.9257
2372 -46.6269
2373 -46.4475
2374 -46.4514
2375 -46.6013
2376 -46.8993
2377 -46.9782
2378 -46.8177
2379 -46.6356
2380 -46.2196
2381 -45.8682
2382 -45.5325
2383 -45.266
2384 -45.12
2385 -45.1978
2386 -45.391
2387 -45.6957
2388 -45.9727
2389 -46.0203
2390 -45.8564
2391 -45.5607
2392 -45.3299
2393 -45.0697
2394 -45.0254
2395 -45.1206
2396 -45.1803
2397 -45.222
2398 -45.3567
2399 -45.2838
2400 -45.0008
2401 -44.7746
2402 -44.576
2403 -44.3826
2404 -44.5387
2405 -44.7746
2406 -45.2013
2407 -45.6504
2408 -46.1223
2409 -46.17
2410 -46.1357
2411 -45.8763
2412 -45.6172
2413 -45.3766
2414 -45.3518
2415 -45.4319
2416 -45.6989
2417 -45.966
2418 -46.1341
2419 -46.0792
2420 -45.8371
2421 -45.4323
2422 -45.0341
2423 -44.5978
2424 -44.4651
2425 -44.5331
2426 -44.7344
2427 -44.9965
2428 -45.2501
2429 -45.2279
2430 -45.0414
2431 -44.8436
2432 -44.6143
2433 -44.3188
2434 -44.21
2435 -44.3588
2436 -44.5108
2437 -44.6825
2438 -44.7673
2439 -44.7019
2440 -44.4487
2441 -44.1312
2442 -43.7972
2443 -43.7359
2444 -43.819
2445 -44.2823
2446 -44.9546
2447 -45.601
2448 -46.0201
2449 -46.0677
2450 -46.0308
2451 -45.7584
2452 -45.4127
2453 -45.1482
2454 -45.1472
2455 -45.2826
2456 -45.4404
2457 -45.5503
2458 -45.5571
2459 -45.494
2460 -45.1088
2461 -44.7286
2462 -44.3532
2463 -44.0007
2464 -43.8107
2465 -43.8532
2466 -43.9974
2467 -44.1458
2468 -44.3263
2469 -44.3553
2470 -44.39
2471 -44.3449
2472 -44.2245
2473 -44.0785
2474 -43.937
2475 -43.9235
2476 -43.89
2477 -43.8701
2478 -43.8058
2479 -43.7635
2480 -43.6085
2481 -43.3575
2482 -43.2114
2483 -43.1081
2484 -43.3651
2485 -43.6325
2486 -44.0347
2487 -44.5373
2488 -45.1062
2489 -45.2277
2490 -45.2845
2491 -45.141
2492 -44.9513
2493 -44.7699
2494 -44.7038
2495 -44.6641
2496 -44.7888
2497 -44.9209
2498 -44.9592
2499 -44.9275
2500 -44.6469
2501 -44.266
2502 -43.905
2503 -43.5306
2504 -43.3827
2505 -43.4539
2506 -43.6439
2507 -44.0106
2508 -44.3415
2509 -44.336
2510 -44.2231
2511 -44.0638
2512 -43.8728
2513 -43.7023
2514 -43.5415
2515 -43.6593
2516 -43.69
2517 -43.7148
2518 -43.7399
2519 -43.5893
2520 -43.3379
2521 -43.0077
2522 -42.6878
2523 -42.56
2524 -42.6786
2525 -43.2632
2526 -43.9027
2527 -44.4893
2528 -44.9696
2529 -44.9382
2530 -44.7513
2531 -44.4971
2532 -44.291
2533 -44.1008
2534 -44.0252
2535 -44.1739
2536 -44.3086
2537 -44.2612
2538 -44.1876
2539 -44.1366
2540 -43.8588
2541 -43.5097
2542 -43.1788
2543 -42.896
2544 -42.8027
2545 -42.7887
2546 -42.9257
2547 -43.1547
2548 -43.3452
2549 -43.2975
2550 -43.301
2551 -43.221
2552 -43.1491
2553 -43.0416
2554 -42.99
2555 -42.9511
2556 -42.8615
2557 -42.8634
2558 -42.7872
2559 -42.6337
2560 -42.5083
2561 -42.3761
2562 -42.1377
2563 -42.08
2564 -42.2706
2565 -42.8013
2566 -43.3689
2567 -43.9869
2568 -44.49
2569 -44.49
2570 -44.4451
2571 -44.2646
2572 -44.0434
2573 -43.8381
2574 -43.7756
2575 -43.8809
2576 -43.9431
2577 -43.9274
2578 -43.8448
2579 -43.8154
2580 -43.4934
2581 -43.0422
2582 -42.6888
2583 -42.3961
2584 -42.3374
2585 -42.422
2586 -42.7369
2587 -43.0217
2588 -43.1661
2589 -43.083
2590 -42.9184
2591 -42.5448
2592 -42.2699
2593 -42.0701
2594 -42.0963
2595 -42.1961
2596 -42.3035
2597 -42.4896
2598 -42.4504
2599 -42.2984
2600 -41.9343
2601 -41.7071
2602 -41.4731
2603 -41.3684
2604 -41.729
2605 -42.0947
2606 -42.5376
2607 -43.0332
2608 -43.4393
2609 -43.3251
2610 -43.1451
2611 -42.9456
2612 -42.7988
2613 -42.7124
2614 -42.8973
2615 -43.1672
2616 -43.4112
2617 -43.4242
2618 -43.4779
2619 -43.529
2620 -43.2182
2621 -42.8216
2622 -42.4375
2623 -42.0664
2624 -41.8905
2625 -41.85
2626 -42.0302
2627 -42.1847
2628 -42.3
2629 -42.2812
2630 -42.2677
2631 -42.145
2632 -42.0092
2633 -41.8355
2634 -41.73
2635 -41.7493
2636 -41.7053
2637 -41.6708
2638 -41.6213
2639 -41.4624
2640 -41.366
2641 -41.2212
2642 -40.9264
2643 -40.8599
2644 -41.1104
2645 -41.6819
2646 -42.1877
2647 -42.775
2648 -43.1707
2649 -43.1985
2650 -43.0512
2651 -42.7459
2652 -42.5247
2653 -42.3493
2654 -42.3571
2655 -42.4968
2656 -42.6949
2657 -42.7168
2658 -42.621
2659 -42.4236
2660 -42.0344
2661 -41.7293
2662 -41.3183
2663 -41.1054
2664 -41.2048
2665 -41.3536
2666 -41.6295
2667 -41.8865
2668 -41.9261
2669 -41.7329
2670 -41.4712
2671 -41.1472
2672 -40.8926
2673 -40.8205
2674 -40.9434
2675 -40.9088
2676 -40.9189
2677 -40.8303
2678 -40.36
2679 -39.7283
2680 -39.1438
2681 -38.5607
2682 -37.9917
2683 -37.6097
2684 -37.632
2685 -37.8833
2686 -37.8866
2687 -37.84
2688 -37.7453
2689 -37.2454
2690 -36.5111
2691 -35.6904
2692 -34.8933
2693 -34.1536
2694 -33.658
2695 -33.3776
2696 -33.1343
2697 -32.7807
2698 -32.3238
2699 -31.7147
2700 -30.8358
2701 -29.9156
2702 -29.0868
2703 -28.351
2704 -27.8229
2705 -27.4364
2706 -27.1878
2707 -26.9223
2708 -26.7418
2709 -26.5459
2710 -26.3207
2711 -26.1012
2712 -25.7626
2713 -25.3501
2714 -24.9062
2715 -24.5307
2716 -24.0938
2717 -23.7284
2718 -23.3471
2719 -23.0602
2720 -22.7353
2721 -22.4409
2722 -22.2164
2723 -21.999
2724 -21.7626
2725 -21.528
2726 -21.3986
2727 -21.277
2728 -21.1232
2729 -20.9461
2730 -20.762
2731 -19.8521
2732 -18.9952
2733 -18.6268
2734 -18.384
2735 -17.8895
2736 -17.07
2737 -16.2158
2738 -15.6401
2739 -15.4651
2740 -15.7107
2741 -16.115
2742 -16.3569
2743 -16.5118
2744 -16.503
2745 -16.49
2746 -16.4447
2747 -16.5446
2748 -16.708
2749 -16.9562
2750 -17.3114
2751 -17.7649
2752 -18.3228
2753 -18.8633
2754 -19.3315
2755 -19.735
2756 -20.0692
2757 -20.5395
2758 -20.9485
2759 -21.2837
2760 -21.6513
2761 -22.0938
2762 -22.6095
2763 -23.1696
2764 -23.7223
2765 -24.4799
2766 -25.3517
2767 -26.0651
2768 -26.8268
2769 -27.3944
2770 -27.8504
2771 -28.151
2772 -28.5023
2773 -28.8479
2774 -29.2221
2775 -29.4235
2776 -29.7859
2777 -30.0418
2778 -30.1287
2779 -30.0631
2780 -30.1212
2781 -30.1227
2782 -30
2783 -29.9834
2784 -29.9848
2785 -29.8383
2786 -29.7367
2787 -29.7925
2788 -30.1398
2789 -30.5574
2790 -30.9589
2791 -31.1595
2792 -31.4389
2793 -31.5419
2794 -31.5858
2795 -31.6761
2796 -31.76
2797 -31.7844
2798 -31.9147
2799 -32.0917
2800 -32.3433
2801 -32.4213
2802 -32.4242
2803 -32.5453
2804 -32.6637
2805 -32.8141
2806 -32.86
2807 -32.873
2808 -32.8892
2809 -33.0385
2810 -33.1545
2811 -33.3962
2812 -33.5653
2813 -33.8312
2814 -33.9512
2815 -33.9372
2816 -34.0429
2817 -34.0518
2818 -33.7419
2819 -33.345
2820 -33.186
2821 -33.2359
2822 -33.1475
2823 -33.0929
2824 -32.9189
2825 -32.5899
2826 -32.2552
2827 -31.9762
2828 -32.0141
2829 -32.3661
2830 -32.8396
2831 -33.1642
2832 -33.4446
2833 -33.6702
2834 -33.6446
2835 -33.5772
2836 -33.5568
2837 -33.3818
2838 -33.3509
2839 -33.4033
2840 -33.42
2841 -33.4435
2842 -33.5258
2843 -33.635
2844 -33.7525
2845 -33.83
2846 -33.8218
2847 -33.8527
2848 -33.8675
2849 -33.9379
2850 -34.1264
2851 -34.2718
2852 -34.4558
2853 -34.6415
2854 -34.8265
2855 -34.6929
2856 -34.6425
2857 -34.4544
2858 -34.1146
2859 -33.7318
2860 -33.7075
2861 -33.81
2862 -33.8386
2863 -33.6106
2864 -33.4087
2865 -33.1642
2866 -32.7534
2867 -32.5236
2868 -32.7378
2869 -33.069
2870 -33.4597
2871 -33.7725
2872 -34.0895
2873 -34.2838
2874 -34.2676
2875 -34.2132
2876 -34.0735
2877 -33.9637
2878 -33.9615
2879 -34.0648
2880 -34.1795
2881 -34.2489
2882 -34.2277
2883 -34.238
2884 -34.4
2885 -34.6038
2886 -34.7561
2887 -34.653
2888 -34.62
2889 -34.7759
2890 -34.9
2891 -34.9982
2892 -35.2286
2893 -35.4583
2894 -35.6899
2895 -35.6301
2896 -35.6098
2897 -35.3786
2898 -35.0225
2899 -34.6582
2900 -34.5974
2901 -34.6598
2902 -34.5921
2903 -34.404
2904 -34.1459
2905 -33.862
2906 -33.5679
2907 -33.3014
2908 -33.4125
2909 -33.6813
2910 -34.0139
2911 -34.4199
2912 -34.7058
2913 -34.9307
2914 -34.8712
2915 -34.7607
2916 -34.5744
2917 -34.3114
2918 -34.2259
2919 -34.2837
2920 -34.308
2921 -34.3401
2922 -34.4361
2923 -34.5098
2924 -34.6575
2925 -34.8164
2926 -34.8965
2927 -34.79
2928 -34.8215
2929 -34.958
2930 -35.0992
2931 -35.2898
2932 -35.5455
2933 -35.8598
2934 -36.0169
2935 -35.9694
2936 -35.9671
2937 -35.7653
2938 -35.3759
2939 -35.0827
2940 -35.0812
2941 -35.1572
2942 -35.1215
2943 -34.9973
2944 -34.8307
2945 -34.451
2946 -34.0488
2947 -33.8723
2948 -34.0547
2949 -34.3581
2950 -34.782
2951 -35.1108
2952 -35.4059
2953 -35.4923
2954 -35.478
2955 -35.4447
2956 -35.4378
2957 -35.2956
2958 -35.1751
2959 -35.2327
2960 -35.3832
2961 -35.4082
2962 -35.5059
2963 -35.5841
2964 -35.65
2965 -35.7166
2966 -35.7522
2967 -35.59
2968 -35.6215
2969 -35.7651
2970 -35.9057
2971 -36.107
2972 -36.2343
2973 -36.4593
2974 -36.5456
2975 -36.5332
2976 -36.4908
2977 -36.2655
2978 -35.9196
2979 -35.5602
2980 -35.5603
2981 -35.56
2982 -35.5009
2983 -35.3213
2984 -35.0767
2985 -34.7582
2986 -34.4639
2987 -34.2745
2988 -34.4735
2989 -34.7578
2990 -35.1239
2991 -35.4177
2992 -35.822
2993 -36.0116
2994 -36.0211
2995 -35.9067
2996 -35.6841
2997 -35.5137
2998 -35.46
2999 -35.5894
3000 -35.7515
3001 -35.8268
3002 -35.8685
3003 -35.9056
3004 -36.0983
3005 -36.2535
3006 -36.2818
3007 -36.2067
3008 -36.2847
3009 -36.3571
3010 -36.4759
3011 -36.7151
3012 -36.8378
3013 -37.044
3014 -37.1594
3015 -37.1405
3016 -37.0419
3017 -36.7486
3018 -36.3933
3019 -36.1251
3020 -36.2394
3021 -36.2601
3022 -36.1397
3023 -35.9541
3024 -35.6976
3025 -35.3619
3026 -35.0876
3027 -34.9914
3028 -35.1653
3029 -35.4873
3030 -35.8155
3031 -36.0992
3032 -36.4638
3033 -36.5882
3034 -36.506
3035 -36.3801
3036 -36.2465
3037 -36.1788
3038 -36.1313
3039 -36.2241
3040 -36.4578
3041 -36.3895
3042 -36.3508
3043 -36.4303
3044 -36.6372
3045 -36.7338
3046 -36.6822
3047 -36.5919
3048 -36.6753
3049 -36.781
3050 -36.8959
3051 -37.0756
3052 -37.2071
3053 -37.4114
3054 -37.3622
3055 -37.3037
3056 -37.2966
3057 -37.0345
3058 -36.7665
3059 -36.5375
3060 -36.6839
3061 -36.6105
3062 -36.6019
3063 -36.4935
3064 -36.3278
3065 -36.042
3066 -35.7427
3067 -35.5427
3068 -35.7252
3069 -36.0937
3070 -36.4771
3071 -36.7852
3072 -37.1321
3073 -37.2129
3074 -37.1391
3075 -37.0029
3076 -36.8548
3077 -36.8
3078 -36.759
3079 -36.8848
3080 -37.0653
3081 -37.0279
3082 -37.09
3083 -37.1794
3084 -37.3049
3085 -37.4328
3086 -37.4469
3087 -37.38
3088 -37.4838
3089 -37.5731
3090 -37.6491
3091 -37.8499
3092 -37.9181
3093 -38.0606
3094 -38.1013
3095 -38.1196
3096 -37.9629
3097 -37.6039
3098 -37.2826
3099 -36.9953
3100 -37.01
3101 -36.9692
3102 -36.8216
3103 -36.6658
3104 -36.4843
3105 -36.1752
3106 -35.8562
3107 -35.792
3108 -36.0695
3109 -36.5708
3110 -37.0662
3111 -37.5796
3112 -38.1472
3113 -38.5706
3114 -38.9289
3115 -39.1608
3116 -39.4514
3117 -39.7812
3118 -40.0914
3119 -40.5274
3120 -41.0832
3121 -41.5856
3122 -42.0979
3123 -42.808
3124 -43.7361
3125 -44.4603
3126 -45.1929
3127 -45.8271
3128 -46.3059
3129 -46.821
3130 -47.447
3131 -48.1291
3132 -48.849
3133 -49.524
3134 -50.4819
3135 -51.4484
3136 -52.0939
3137 -52.3931
3138 -52.4868
3139 -52.6438
3140 -52.9166
3141 -53.0093
3142 -52.9904
3143 -53.0193
3144 -53.1385
3145 -53.4577
3146 -53.7044
3147 -53.72
3148 -53.5745
3149 -53.2984
3150 -52.978
3151 -52.7277
3152 -52.5022
3153 -52.2266
3154 -51.9167
3155 -51.4304
3156 -50.9214
3157 -50.3468
3158 -49.8463
3159 -49.3806
3160 -49.0633
3161 -48.7063
3162 -48.308
3163 -47.8274
3164 -47.2633
3165 -46.6725
3166 -46.0859
3167 -45.5286
3168 -44.9212
3169 -44.3432
3170 -43.8711
3171 -43.4849
3172 -43.2622
3173 -43.0987
3174 -42.909
3175 -42.6912
3176 -42.4356
3177 -42.1587
3178 -41.888
3179 -41.6385
3180 -41.3892
3181 -41.1426
3182 -40.9662
3183 -40.8386
3184 -40.8106
3185 -40.7425
3186 -40.6215
3187 -40.4642
3188 -40.3138
3189 -40.1934
3190 -40.1265
3191 -40.043
3192 -39.9964
3193 -39.9682
3194 -39.9463
3195 -39.8667
3196 -39.7614
3197 -39.6542
3198 -39.5479
3199 -39.4718
3200 -39.3903
3201 -39.3557
3202 -39.3185
3203 -39.2756
3204 -39.26
3205 -39.2946
3206 -39.3027
3207 -39.2581
3208 -39.1903
3209 -39.1226
3210 -39.0925
3211 -39.0675
3212 -39.0449
3213 -39.0295
3214 -38.9923
3215 -38.98
3216 -38.98
3217 -38.9772
3218 -38.9466
3219 -38.8814
3220 -38.8205
3221 -38.7941
3222 -38.788
3223 -38.833
3224 -38.8641
3225 -38.9
3226 -38.8919
3227 -38.8805
3228 -38.8518
3229 -38.8532
3230 -38.86
3231 -38.8567
3232 -38.85
3233 -38.8132
3234 -38.8
3235 -38.7935
3236 -38.8
3237 -38.81
3238 -38.8186
3239 -38.7864
3240 -38.7539
3241 -38.7463
3242 -38.7575
3243 -38.7876
3244 -38.7735
3245 -38.7322
3246 -38.7111
3247 -38.704
3248 -38.728
3249 -38.7681
3250 -38.7982
3251 -38.7959
3252 -38.7534
3253 -38.7216
3254 -38.71
3255 -38.73
3256 -38.758
3257 -38.7556
3258 -38.7312
3259 -38.6911
3260 -38.68
3261 -38.709
3262 -38.7582
3263 -38.8038
3264 -38.8007
3265 -38.79
3266 -38.7803
3267 -38.7648
3268 -38.7896
3269 -38.8048
3270 -38.8199
3271 -38.8102
3272 -38.79
3273 -38.78
3274 -38.79
3275 -38.7901
3276 -38.82
3277 -38.8148
3278 -38.81
3279 -38.81
3280 -38.81
3281 -38.81
3282 -38.8196
3283 -38.8046
3284 -38.78
3285 -38.7745
3286 -38.7995
3287 -38.8067
3288 -38.8206
3289 -38.8244
3290 -38.7987
3291 -38.7686
3292 -38.76
3293 -38.7716
3294 -38.7825
3295 -38.81
3296 -38.7982
3297 -38.7741
3298 -38.759
3299 -38.75
3300 -38.8021
3301 -38.8383
3302 -38.8789
3303 -38.8762
3304 -38.8575
3305 -38.8275
3306 -38.8026
3307 -38.8263
3308 -38.8614
3309 -38.8636
3310 -38.8571
3311 -38.8205
3312 -38.7915
3313 -38.8066
3314 -38.8632
3315 -38.8867
3316 -38.9066
3317 -38.89
3318 -38.8918
3319 -38.9068
3320 -38.9319
3321 -38.9331
3322 -38.9081
3323 -38.893
3324 -38.872
3325 -38.8659
3326 -38.8821
3327 -38.8971
3328 -38.91
3329 -38.9028
3330 -38.89
3331 -38.89
3332 -38.8923
3333 -38.9074
3334 -38.9076
3335 -38.8925
3336 -38.8875
3337 -38.8875
3338 -38.9052
3339 -38.9276
3340 -38.95
3341 -38.9346
3342 -38.91
3343 -38.9178
3344 -38.9156
3345 -38.9379
3346 -38.9471
3347 -38.94
3348 -38.9341
3349 -38.912
3350 -38.9231
3351 -38.93
3352 -38.95
3353 -38.9582
3354 -38.9532
3355 -38.96
3356 -38.9567
3357 -38.9667
3358 -38.9834
3359 -38.9816
3360 -38.9765
3361 -38.97
3362 -38.96
3363 -38.9686
3364 -38.97
3365 -38.9613
3366 -38.98
3367 -38.98
3368 -38.99
3369 -38.9812
3370 -38.9915
3371 -39.0011
3372 -38.9961
3373 -38.999
3374 -39.004
3375 -39.019
3376 -39.0118
3377 -39
3378 -38.9875
3379 -38.9792
3380 -38.9985
3381 -39.01
3382 -39.0187
3383 -39.03
3384 -39.0244
3385 -39.0206
3386 -39.0055
3387 -38.9905
3388 -39.0146
3389 -39.0488
3390 -39.0646
3391 -39.0603
3392 -39.0506
3393 -39.0302
3394 -39.04
3395 -39.0498
3396 -39.0746
3397 -39.0999
3398 -39.075
3399 -39.06
