0 -130.285
1 -130.354
2 -129.603
3 -128.38
4 -128.945
5 -128.196
6 -128.384
7 -128.142
8 -127.738
9 -130.162
10 -129.981
11 -128.708
12 -129.2
13 -129.459
14 -129.725
15 -130.142
16 -128.863
17 -127.733
18 -128.921
19 -128.042
20 -129.66
21 -129.215
22 -131.177
23 -128.67
24 -129.629
25 -130.037
26 -128.389
27 -128.283
28 -129.478
29 -128.846
30 -129.106
31 -128.572
32 -130.601
33 -129.702
34 -130.279
35 -130.554
36 -131.129
37 -130.835
38 -132.248
39 -130.628
40 -132.54
41 -133.783
42 -131.283
43 -133.951
44 -133.922
45 -134.155
46 -137.154
47 -135.515
48 -135.033
49 -134.41
50 -136.653
51 -137.97
52 -137.723
53 -139.391
54 -140.016
55 -139.72
56 -139.535
57 -141.77
58 -141.916
59 -141.588
60 -140.71
61 -143.742
62 -143.956
63 -143.985
64 -145.056
65 -144.894
66 -145.65
67 -146.824
68 -144.681
69 -145.463
70 -148.626
71 -148.329
72 -148.369
73 -147.834
74 -148.338
75 -149.206
76 -149.803
77 -148.827
78 -148.988
79 -148.134
80 -148.634
81 -147.665
82 -147.743
83 -147.739
84 -147.315
85 -146.099
86 -147.379
87 -146.061
88 -145.748
89 -144.995
90 -146.021
91 -145.776
92 -146.723
93 -144.612
94 -144.553
95 -144.978
96 -142.91
97 -143.784
98 -143.636
99 -141.664
100 -141.984
101 -142.62
102 -141.104
103 -139.953
104 -140.5
105 -140.036
106 -138.768
107 -139.591
108 -139.151
109 -137.123
110 -139.064
111 -139.145
112 -138.778
113 -136.387
114 -137.125
115 -137.229
116 -138.596
117 -137.452
118 -137.224
119 -136.211
120 -137.318
121 -135.496
122 -136.553
123 -135.414
124 -135.306
125 -136.765
126 -136.419
127 -137.424
128 -138.673
129 -137.137
130 -136.428
131 -137.156
132 -136.035
133 -136.72
134 -137.305
135 -138.438
136 -137.132
137 -136.118
138 -135.667
139 -136.964
140 -137.235
141 -136.282
142 -137.118
143 -136.472
144 -135.426
145 -134.753
146 -135.729
147 -136.269
148 -136.787
149 -135.109
150 -135.06
151 -136.053
152 -136.568
153 -135.163
154 -135.098
155 -136.213
156 -134.618
157 -134.748
158 -134.188
159 -133.325
160 -134.728
161 -135.502
162 -135.885
163 -135.47
164 -134.542
165 -135.975
166 -136.113
167 -134.17
168 -133.509
169 -133.706
170 -133.854
171 -133.528
172 -133.296
173 -135.72
174 -133.511
175 -135.463
176 -136.01
177 -134.027
178 -136.415
179 -135.281
180 -134.877
181 -136.432
182 -136.651
183 -135.524
184 -136.513
185 -136.387
186 -135.897
187 -136.844
188 -137.094
189 -134.973
190 -135.515
191 -135.371
192 -136.063
193 -135.502
194 -133.793
195 -134.016
196 -134.654
197 -133.998
198 -134.988
199 -136.026
200 -134.649
201 -134.565
202 -132.927
203 -135.163
204 -134.388
205 -132.556
206 -134.335
207 -133.948
208 -134.319
209 -135.583
210 -135.402
211 -135.629
212 -134.536
213 -134.739
214 -134.54
215 -134.342
216 -133.215
217 -132.218
218 -133.613
219 -134.727
220 -133.154
221 -134.984
222 -135.594
223 -134.824
224 -135.859
225 -136.116
226 -136.074
227 -134.292
228 -135.405
229 -135.215
230 -135.553
231 -135.271
232 -136.823
233 -134.811
234 -135.465
235 -134.995
236 -135.627
237 -135.265
238 -134.573
239 -135.071
240 -133.648
241 -134.906
242 -134.578
243 -134.256
244 -134.805
245 -134.161
246 -133.588
247 -134.234
248 -134.472
249 -134.82
250 -133.296
251 -133.937
252 -134.421
253 -133.517
254 -133.21
255 -135.567
256 -135.137
257 -133.779
258 -135.102
259 -134.585
260 -134.717
261 -133.693
262 -134.128
263 -133.538
264 -133.102
265 -133.618
266 -135.102
267 -134.12
268 -135.13
269 -136.635
270 -135.584
271 -135.447
272 -134.485
273 -133.011
274 -134.342
275 -135.187
276 -134.709
277 -135.935
278 -135.427
279 -135.739
280 -135.582
281 -135.217
282 -135.011
283 -136.005
284 -134.367
285 -136.558
286 -134.851
287 -133.811
288 -133.407
289 -133.974
290 -136.294
291 -136.941
292 -135.479
293 -137.639
294 -135.581
295 -134.914
296 -133.652
297 -134.886
298 -134.409
299 -133.814
300 -133.547
301 -135.186
302 -134.147
303 -135.324
304 -136.348
305 -134.453
306 -134.31
307 -133.892
308 -136.581
309 -134.788
310 -133.642
311 -133.322
312 -134.413
313 -134.589
314 -133.022
315 -136.494
316 -135.351
317 -135.694
318 -135.579
319 -134.654
320 -135.575
321 -135.191
322 -133.809
323 -136.869
324 -135.446
325 -134.809
326 -137.682
327 -135.563
328 -135.261
329 -136.109
330 -135.944
331 -133.973
332 -134.221
333 -136.682
334 -134.234
335 -135.659
336 -134.593
337 -134.822
338 -134.247
339 -133.793
340 -136.126
341 -134.885
342 -135.301
343 -135.025
344 -134.677
345 -133.495
346 -135.393
347 -132.99
348 -133.478
349 -134.882
350 -134.575
351 -135.315
352 -133.926
353 -134.132
354 -134.033
355 -135.758
356 -134.271
357 -133.7
358 -133.204
359 -133.954
360 -133.876
361 -135.53
362 -135.596
363 -135.055
364 -135.699
365 -136.406
366 -135.074
367 -134.441
368 -135.182
369 -134.66
370 -136.37
371 -135.654
372 -137.105
373 -136.211
374 -135.364
375 -137.12
376 -136.503
377 -135.468
378 -135.433
379 -137.25
380 -135.27
381 -134.224
382 -134.136
383 -134.181
384 -134.404
385 -133.495
386 -135.359
387 -134.724
388 -135.218
389 -133.651
390 -134.695
391 -133.738
392 -132.783
393 -133.709
394 -134.542
395 -133.414
396 -132.969
397 -133.305
398 -134.459
399 -133.369
400 -134.076
401 -134.556
402 -133.818
403 -132.428
404 -131.944
405 -132.236
406 -134.888
407 -133.902
408 -134.531
409 -133.998
410 -136.174
411 -136.628
412 -133.94
413 -134.587
414 -134.085
415 -133.395
416 -135.838
417 -135.97
418 -134.805
419 -135.676
420 -135.011
421 -133.093
422 -134.886
423 -135.329
424 -135.198
425 -134.936
426 -133.917
427 -134.462
428 -133.793
429 -134.16
430 -134.407
431 -134.43
432 -134.986
433 -133.905
434 -133.977
435 -134.002
436 -132.859
437 -134.097
438 -134.15
439 -136.216
440 -133.556
441 -134.048
442 -133.241
443 -134.638
444 -134.81
445 -135.128
446 -134.407
447 -134.812
448 -134.266
449 -136.183
450 -132.751
451 -133.057
452 -134.274
453 -134.298
454 -135.462
455 -135.133
456 -135.685
457 -134.829
458 -135.729
459 -133.414
460 -134.829
461 -136.394
462 -134.771
463 -133.999
464 -135.107
465 -134.928
466 -134.946
467 -137.034
468 -135.869
469 -135.125
470 -133.673
471 -135.747
472 -134.043
473 -134.496
474 -135.399
475 -133.498
476 -134.475
477 -134.006
478 -133.138
479 -134.487
480 -134.415
481 -133.671
482 -133.418
483 -133.698
484 -134.273
485 -133.922
486 -133.806
487 -132.914
488 -131.877
489 -132.56
490 -133.554
491 -133.843
492 -133.967
493 -135.341
494 -133.676
495 -134.691
496 -135.53
497 -133.437
498 -133.437
499 -132.141
500 -132.685
501 -134.477
502 -133.512
503 -135.588
504 -135.646
505 -134.335
506 -134.976
507 -132.751
508 -133.761
509 -133.946
510 -134.311
511 -132.606
512 -132.913
513 -133.899
514 -133.36
515 -133.865
516 -134.447
517 -132.343
518 -133.716
519 -131.838
520 -131.937
521 -131.279
522 -129.86
523 -130.223
524 -130.008
525 -130.06
526 -129.805
527 -128.681
528 -127.09
529 -126.484
530 -125.115
531 -127.68
532 -125.282
533 -125.671
534 -124.129
535 -122.37
536 -123.162
537 -120.838
538 -123.245
539 -121.13
540 -121.69
541 -121.432
542 -121.233
543 -120.023
544 -120.428
545 -119.632
546 -119.032
547 -119.407
548 -119.381
549 -119.88
550 -120.072
551 -118.235
552 -119.19
553 -117.49
554 -117.543
555 -117.416
556 -116.98
557 -118.163
558 -118.352
559 -116.265
560 -117.574
561 -117.971
562 -116.812
563 -117.573
564 -118.174
565 -117.736
566 -118.038
567 -116.619
568 -116.636
569 -116.65
570 -115.987
571 -116.262
572 -116.371
573 -114.822
574 -116.794
575 -114.984
576 -113.066
577 -114.51
578 -113.35
579 -111.584
580 -113.07
581 -112.314
582 -110.548
583 -110.205
584 -111.651
585 -110.822
586 -111.038
587 -110.225
588 -111.091
589 -111.106
590 -108.836
591 -110.992
592 -111.148
593 -109.48
594 -109.837
595 -109.278
596 -110.67
597 -111.337
598 -110.57
599 -110.787
600 -111.263
601 -110.902
602 -112.271
603 -110.551
604 -111.662
605 -109.981
606 -112.186
607 -113.26
608 -111.577
609 -113.142
610 -112.12
611 -113.45
612 -116.008
613 -113.87
614 -115.507
615 -116.905
616 -119.191
617 -117.824
618 -118.543
619 -117.943
620 -119.137
621 -119.295
622 -119.594
623 -122.147
624 -119.372
625 -121.206
626 -123.498
627 -122.046
628 -121.552
629 -123.079
630 -123.535
631 -121.818
632 -123.064
633 -123.76
634 -124.511
635 -123.266
636 -122.534
637 -122.436
638 -124.068
639 -124.267
640 -123.506
641 -122.956
642 -124.547
643 -124.149
644 -122.796
645 -123.781
646 -124.539
647 -124.057
648 -123.911
649 -123.39
650 -123.918
651 -123.841
652 -123.828
653 -123.431
654 -123.405
655 -122.784
656 -123.192
657 -122.799
658 -122.767
659 -122.24
660 -122.919
661 -122.668
662 -122.156
663 -122.809
664 -124.116
665 -124.227
666 -123.66
667 -123.812
668 -125.866
669 -125.066
670 -124.705
671 -125.09
672 -125.282
673 -124.271
674 -124.494
675 -123.136
676 -123.145
677 -125.3
678 -124.246
679 -125.525
680 -124.39
681 -125.953
682 -125.467
683 -124.477
684 -124.777
685 -125.024
686 -125.153
687 -124.973
688 -125.796
689 -125.229
690 -126.047
691 -126.68
692 -125.433
693 -124.212
694 -126.198
695 -125.452
696 -125.225
697 -125.915
698 -125.59
699 -124.771
700 -123.492
701 -125.089
702 -123.706
703 -124.94
704 -125.303
705 -124.036
706 -123.923
707 -123.403
708 -123.352
709 -123.083
710 -124.6
711 -123.625
712 -124.532
713 -123.679
714 -123.927
715 -126.057
716 -126.708
717 -125.705
718 -123.771
719 -126.083
720 -124.793
721 -123.788
722 -123.8
723 -123.455
724 -125.895
725 -123.913
726 -125.519
727 -125.496
728 -125.563
729 -125.205
730 -126.159
731 -125.541
732 -124.418
733 -124.526
734 -123.434
735 -124.896
736 -125.601
737 -125.646
738 -127.038
739 -126.98
740 -126.515
741 -126.321
742 -126.183
743 -127.217
744 -125.037
745 -125.239
746 -125.168
747 -123.543
748 -123.203
749 -124.469
750 -123.792
751 -124.781
752 -123.913
753 -123.781
754 -123.958
755 -125.259
756 -124.159
757 -125.135
758 -124.979
759 -124.843
760 -125.857
761 -124.925
762 -125.077
763 -126.211
764 -125.566
765 -126.007
766 -124.535
767 -125.58
768 -125.815
769 -125.596
770 -126.505
771 -125.582
772 -125.301
773 -125.357
774 -125.971
775 -124.899
776 -125.808
777 -125.252
778 -125.517
779 -123.597
780 -125.856
781 -125.354
782 -124.295
783 -126.273
784 -126.114
785 -126.844
786 -127.18
787 -127.48
788 -127.733
789 -125.335
790 -125.322
791 -125.798
792 -125.801
793 -122.33
794 -124.902
795 -123.892
796 -123.647
797 -122.893
798 -123.944
799 -124.119
800 -124.148
801 -122.873
802 -125.225
803 -125.255
804 -125.048
805 -124.701
806 -126.657
807 -125.169
808 -126.544
809 -125.524
810 -125.611
811 -125.444
812 -127.647
813 -126.559
814 -125.778
815 -123.619
816 -126.017
817 -124.509
818 -124.51
819 -125.032
820 -125.225
821 -127.962
822 -125.206
823 -126.313
824 -125.65
825 -126.156
826 -125.168
827 -126.604
828 -124.523
829 -126.22
830 -126.958
831 -127.172
832 -128.317
833 -127.001
834 -126.135
835 -127.035
836 -125.333
837 -125.67
838 -126.64
839 -125.476
840 -123.872
841 -124.083
842 -125.637
843 -124.728
844 -123.686
845 -124.35
846 -125.54
847 -124.135
848 -123.913
849 -122.889
850 -125.572
851 -125.241
852 -125.794
853 -125.678
854 -125.84
855 -126.974
856 -125.309
857 -128.049
858 -124.769
859 -125.118
860 -126.418
861 -125.761
862 -126.379
863 -125.61
864 -124.906
865 -124.951
866 -124.575
867 -126.336
868 -125.742
869 -127.143
870 -126.864
871 -126.335
872 -124.954
873 -125.66
874 -125.887
875 -127.881
876 -126.394
877 -126.494
878 -126.634
879 -125.597
880 -127.3
881 -124.821
882 -125.139
883 -124.923
884 -124.716
885 -126.294
886 -124.416
887 -125.116
888 -125.498
889 -125.085
890 -124.558
891 -124.732
892 -123.341
893 -124.776
894 -123.986
895 -125.39
896 -123.883
897 -125.615
898 -125.867
899 -124.275
900 -125.224
901 -126.517
902 -125.969
903 -126.874
904 -125.935
905 -125.797
906 -124.714
907 -126.328
908 -126.308
909 -126.698
910 -125.039
911 -125.989
912 -125.403
913 -125.569
914 -125.971
915 -126.77
916 -127.876
917 -126.607
918 -126.097
919 -126.679
920 -124.635
921 -125.659
922 -126.364
923 -128.089
924 -125.803
925 -126.865
926 -128.102
927 -126.762
928 -127.791
929 -127.291
930 -127.347
931 -126.692
932 -124.506
933 -124.406
934 -124.281
935 -126.455
936 -125.414
937 -125.148
938 -124.948
939 -125.007
940 -124.41
941 -123.951
942 -125.097
943 -125.179
944 -125.085
945 -126.787
946 -125.279
947 -126.225
948 -125.293
949 -127.408
950 -125.537
951 -125.955
952 -126.123
953 -124.499
954 -125.24
955 -126.027
956 -126.06
957 -125.735
958 -126.412
959 -125.625
960 -126.764
961 -126.275
962 -126.339
963 -128.67
964 -126.173
965 -125.951
966 -126.093
967 -125.871
968 -125.719
969 -126.398
970 -129.055
971 -127.464
972 -126.278
973 -126.878
974 -128.375
975 -126.899
976 -126.67
977 -127.768
978 -126.025
979 -125.479
980 -124.319
981 -123.83
982 -123.404
983 -125.415
984 -125.605
985 -124.252
986 -124.129
987 -125.059
988 -125.175
989 -124.448
990 -124.822
991 -123.967
992 -126.52
993 -125.275
994 -126.177
995 -124.348
996 -125.694
997 -126.369
998 -125.355
999 -126.102
1000 -126.213
1001 -126.756
1002 -125.655
1003 -126.203
1004 -125.108
1005 -125.718
1006 -125.694
1007 -126.932
1008 -127.046
1009 -127.692
1010 -127.215
1011 -126.008
1012 -125.496
1013 -127.063
1014 -126.012
1015 -125.143
1016 -125.505
1017 -127.118
1018 -126.228
1019 -126.938
1020 -128.423
1021 -128.026
1022 -128.433
1023 -127.419
1024 -126.812
1025 -128.05
1026 -127.695
1027 -126.521
1028 -127.777
1029 -127.974
1030 -130.138
1031 -128.734
1032 -129.074
1033 -129.581
1034 -129.227
1035 -130.825
1036 -129.719
1037 -130.47
1038 -131.77
1039 -133.217
1040 -133.464
1041 -134.993
1042 -135.063
1043 -136.162
1044 -136.374
1045 -137.906
1046 -136.24
1047 -137.8
1048 -138.239
1049 -137.778
1050 -138.282
1051 -136.895
1052 -137.508
1053 -138.159
1054 -139.676
1055 -139.202
1056 -139.583
1057 -139.235
1058 -139.728
1059 -140.022
1060 -142.856
1061 -142.75
1062 -141.246
1063 -142.598
1064 -142.753
1065 -140.677
1066 -142.316
1067 -142.465
1068 -142.628
1069 -143.603
1070 -143.804
1071 -144.834
1072 -144.955
1073 -143.118
1074 -144.474
1075 -143.871
1076 -145.228
1077 -143.627
1078 -144.363
1079 -144.316
1080 -146.766
1081 -144.916
1082 -144.405
1083 -145.505
1084 -145.757
1085 -146.86
1086 -148.39
1087 -145.14
1088 -147.217
1089 -148.265
1090 -147.634
1091 -148.87
1092 -150.902
1093 -149.357
1094 -149.861
1095 -149.801
1096 -149.313
1097 -149.885
1098 -150.388
1099 -150.102
1100 -150.991
1101 -149.241
1102 -149.595
1103 -149.24
1104 -149.874
1105 -150.346
1106 -149.791
1107 -149.972
1108 -150.61
1109 -149.799
1110 -148.906
1111 -148.615
1112 -147.897
1113 -147.089
1114 -144.558
1115 -146.47
1116 -146.529
1117 -145.259
1118 -143.285
1119 -144.203
1120 -144.778
1121 -144.076
1122 -141.145
1123 -140.437
1124 -141.282
1125 -141.321
1126 -140.38
1127 -140.374
1128 -139.994
1129 -141.373
1130 -137.918
1131 -138.285
1132 -139.136
1133 -138.382
1134 -138.297
1135 -137.416
1136 -136.512
1137 -138.554
1138 -137.564
1139 -138.105
1140 -137.069
1141 -135.515
1142 -136.674
1143 -136.042
1144 -135.393
1145 -136.795
1146 -135.721
1147 -136.122
1148 -139.133
1149 -137.011
1150 -136.262
1151 -136.999
1152 -137.262
1153 -136.233
1154 -137.45
1155 -135.489
1156 -137.666
1157 -134.625
1158 -135.579
1159 -136.192
1160 -136.027
1161 -136.865
1162 -137.385
1163 -134.766
1164 -135.219
1165 -134.685
1166 -134.682
1167 -134.179
1168 -133.485
1169 -134.529
1170 -134.536
1171 -135.797
1172 -134.738
1173 -135.575
1174 -134.016
1175 -134.83
1176 -134.314
1177 -133.622
1178 -134.702
1179 -133.747
1180 -134.343
1181 -133.551
1182 -134.96
1183 -134.994
1184 -134.632
1185 -135.483
1186 -135.127
1187 -134.037
1188 -133.836
1189 -134.953
1190 -132.715
1191 -133.8
1192 -134.813
1193 -133.447
1194 -134.24
1195 -135.288
1196 -133.51
1197 -136.556
1198 -135.034
1199 -133.559
1200 -135.708
1201 -134.202
1202 -133.637
1203 -133.882
1204 -134.888
1205 -133.799
1206 -134.546
1207 -134.984
1208 -133.983
1209 -135.544
1210 -133.607
1211 -134.517
1212 -135.305
1213 -133.471
1214 -134.564
1215 -133.264
1216 -134.482
1217 -134.302
1218 -134.526
1219 -134.106
1220 -135.698
1221 -135.123
1222 -134.795
1223 -134.177
1224 -132.873
1225 -134.287
1226 -133.932
1227 -133.893
1228 -132.683
1229 -134.425
1230 -133.349
1231 -132.652
1232 -134.878
1233 -133.612
1234 -133.524
1235 -133.89
1236 -133.019
1237 -131.587
1238 -132.557
1239 -133.107
1240 -135.231
1241 -134.313
1242 -135.132
1243 -135.269
1244 -136.225
1245 -134.584
1246 -134.816
1247 -134.05
1248 -135.236
1249 -134.402
1250 -134.537
1251 -133.326
1252 -134.375
1253 -136.059
1254 -135.226
1255 -135.689
1256 -136.314
1257 -133.974
1258 -133.356
1259 -133.389
1260 -132.127
1261 -131.61
1262 -133.168
1263 -134.344
1264 -134.29
1265 -134.063
1266 -133.488
1267 -131.42
1268 -134.397
1269 -132.647
1270 -133.765
1271 -133.231
1272 -135.231
1273 -133.275
1274 -133.799
1275 -131.83
1276 -133.688
1277 -134.008
1278 -134.426
1279 -133.463
1280 -133.603
1281 -134.049
1282 -134.442
1283 -131.384
1284 -133.166
1285 -132.549
1286 -135.018
1287 -132.98
1288 -134.265
1289 -134.374
1290 -133.798
1291 -134.755
1292 -132.989
1293 -134.834
1294 -134.349
1295 -135.108
1296 -133.623
1297 -134.154
1298 -133.108
1299 -134.138
1300 -136.086
1301 -134.576
1302 -133.951
1303 -134.94
1304 -134.731
1305 -133.399
1306 -133.124
1307 -134.374
1308 -132.803
1309 -132.428
1310 -134.92
1311 -133
1312 -133.772
1313 -135.913
1314 -133.313
1315 -133.803
1316 -132.624
1317 -135.371
1318 -133.654
1319 -132.512
1320 -134.099
1321 -133.53
1322 -133.001
1323 -132.511
1324 -133.743
1325 -132.13
1326 -135.192
1327 -133.906
1328 -132.131
1329 -132.013
1330 -132.618
1331 -132.332
1332 -132.755
1333 -133.28
1334 -134.087
1335 -132.87
1336 -133.858
1337 -134.19
1338 -135.423
1339 -133.71
1340 -134.072
1341 -134.564
1342 -135.403
1343 -133.444
1344 -133.978
1345 -134.81
1346 -134.064
1347 -133.79
1348 -133.928
1349 -132.848
1350 -133.518
1351 -133.732
1352 -133.083
1353 -133.687
1354 -132.957
1355 -132.559
1356 -133.857
1357 -133.154
1358 -133.864
1359 -132.918
1360 -134.099
1361 -134.013
1362 -133.83
1363 -133.629
1364 -132.836
1365 -132.233
1366 -132.638
1367 -134.068
1368 -133.071
1369 -133.28
1370 -132.507
1371 -132.388
1372 -132.835
1373 -132.73
1374 -131.143
1375 -132.879
1376 -132.911
1377 -131.751
1378 -132.151
1379 -132.949
1380 -133.589
1381 -133.651
1382 -132.589
1383 -135.825
1384 -134.827
1385 -135.545
1386 -134.761
1387 -135.343
1388 -133.541
1389 -134.464
1390 -133.113
1391 -136.155
1392 -135.21
1393 -134.489
1394 -134.375
1395 -135.612
1396 -134.975
1397 -134.123
1398 -133.261
1399 -134.44
1400 -133.439
1401 -134.059
1402 -133.857
1403 -133.173
1404 -133.781
1405 -133.184
1406 -133.868
1407 -133.525
1408 -134.84
1409 -133.866
1410 -133.79
1411 -131.926
1412 -132.041
1413 -131.463
1414 -133.924
1415 -133.417
1416 -133.269
1417 -133.423
1418 -132.933
1419 -133.408
1420 -131.097
1421 -132.461
1422 -133.093
1423 -133.135
1424 -130.983
1425 -132.908
1426 -133.435
1427 -132.882
1428 -133.037
1429 -134.208
1430 -132.816
1431 -133.174
1432 -133.866
1433 -133.364
1434 -134.956
1435 -133.029
1436 -134.284
1437 -133.495
1438 -132.538
1439 -133.64
1440 -134.044
1441 -132.874
1442 -132.343
1443 -133.035
1444 -135.28
1445 -134.591
1446 -133.8
1447 -133.996
1448 -132.681
1449 -132.248
1450 -132.095
1451 -131.989
1452 -132.562
1453 -132.641
1454 -133.071
1455 -132.861
1456 -132.722
1457 -132.38
1458 -133.747
1459 -132.95
1460 -132.973
1461 -132.404
1462 -133.378
1463 -133.215
1464 -133.763
1465 -132.876
1466 -132.567
1467 -133.679
1468 -133.057
1469 -132.974
1470 -131.39
1471 -131.808
1472 -130.913
1473 -133.657
1474 -133.028
1475 -134.631
1476 -132.46
1477 -132.384
1478 -135.478
1479 -133.749
1480 -132.686
1481 -132.997
1482 -133.661
1483 -133.174
1484 -133.057
1485 -134.155
1486 -134.562
1487 -133.959
1488 -135.298
1489 -135.314
1490 -135.023
1491 -135.011
1492 -134.656
1493 -134.344
1494 -131.223
1495 -132.75
1496 -130.207
1497 -132.452
1498 -132.878
1499 -134.865
1500 -135.417
1501 -133.992
1502 -133.092
1503 -133.39
1504 -133.742
1505 -132.171
1506 -131.519
1507 -131.733
1508 -132.925
1509 -131.757
1510 -132.19
1511 -131.814
1512 -132.769
1513 -131.702
1514 -132.129
1515 -132.86
1516 -132.07
1517 -132.523
1518 -131.468
1519 -132.739
1520 -133.362
1521 -134.071
1522 -133.759
1523 -132.809
1524 -133.06
1525 -133.546
1526 -132.291
1527 -133.196
1528 -133.165
1529 -132.821
1530 -132.737
1531 -133.315
1532 -131.217
1533 -131.395
1534 -131.015
1535 -131.312
1536 -131.205
1537 -131.836
1538 -132.449
1539 -131.359
1540 -131.384
1541 -130.429
1542 -129.341
1543 -127.451
1544 -129.373
1545 -129.102
1546 -127.935
1547 -127.621
1548 -127.843
1549 -126.592
1550 -124.893
1551 -125.145
1552 -125.072
1553 -122.574
1554 -122.513
1555 -123.672
1556 -122.85
1557 -121.842
1558 -121.431
1559 -119.373
1560 -121.573
1561 -121.933
1562 -120.044
1563 -120.347
1564 -120.888
1565 -120.028
1566 -120.607
1567 -120.474
1568 -116.841
1569 -119.028
1570 -117.615
1571 -116.411
1572 -118.232
1573 -117.18
1574 -116.43
1575 -115.807
1576 -118.242
1577 -116.701
1578 -117.71
1579 -117.186
1580 -117.697
1581 -117.676
1582 -116.309
1583 -116.778
1584 -116.546
1585 -116.653
1586 -115.741
1587 -115.971
1588 -114.798
1589 -115.145
1590 -116.143
1591 -113.802
1592 -116.478
1593 -116.244
1594 -114.307
1595 -112.634
1596 -113.995
1597 -112.317
1598 -112.477
1599 -111.199
1600 -112.667
1601 -111.621
1602 -110.736
1603 -110.465
1604 -109.654
1605 -110.714
1606 -110.971
1607 -110.379
1608 -109.476
1609 -109.025
1610 -108.383
1611 -109.329
1612 -109.07
1613 -109.066
1614 -109.207
1615 -110.373
1616 -109.187
1617 -109.071
1618 -110.384
1619 -111.078
1620 -111.416
1621 -110.793
1622 -111.162
1623 -111.469
1624 -111.295
1625 -111.299
1626 -110.89
1627 -112.515
1628 -112.867
1629 -111.706
1630 -113.709
1631 -114.604
1632 -115.408
1633 -116.196
1634 -115.474
1635 -117.723
1636 -117.433
1637 -118.364
1638 -117.83
1639 -118.724
1640 -119.368
1641 -119.17
1642 -120.389
1643 -120.739
1644 -120.759
1645 -121.492
1646 -122.083
1647 -120.067
1648 -120.878
1649 -121.555
1650 -121.944
1651 -122.286
1652 -122.652
1653 -123.219
1654 -123.977
1655 -122.997
1656 -122.658
1657 -121.575
1658 -122.061
1659 -122.651
1660 -124.769
1661 -123.874
1662 -124.117
1663 -124.248
1664 -124.084
1665 -123.646
1666 -124.486
1667 -124.784
1668 -123.211
1669 -123.322
1670 -123.349
1671 -123.445
1672 -123.882
1673 -122.509
1674 -123.126
1675 -122.838
1676 -122.447
1677 -123.052
1678 -122.992
1679 -121.842
1680 -122.957
1681 -122.368
1682 -123.319
1683 -123.197
1684 -123.916
1685 -123.191
1686 -124.302
1687 -126.337
1688 -125.07
1689 -123.579
1690 -125.66
1691 -125.055
1692 -125.467
1693 -123.804
1694 -124.158
1695 -124.079
1696 -124.523
1697 -123.2
1698 -124.84
1699 -123.421
1700 -125.451
1701 -124.574
1702 -125.437
1703 -123.895
1704 -123.657
1705 -124.197
1706 -123.881
1707 -124.494
1708 -126.354
1709 -125.887
1710 -125.749
1711 -124.662
1712 -126.047
1713 -124.285
1714 -128.381
1715 -125.617
1716 -125.258
1717 -126.46
1718 -124.097
1719 -123.664
1720 -122.92
1721 -124.917
1722 -123.01
1723 -123.715
1724 -123.219
1725 -123.476
1726 -123.72
1727 -123.234
1728 -123.234
1729 -124.628
1730 -124.345
1731 -124.15
1732 -124.572
1733 -125.036
1734 -124.201
1735 -126.049
1736 -125.083
1737 -126.144
1738 -125.107
1739 -124.106
1740 -124.397
1741 -124.95
1742 -126.083
1743 -125.054
1744 -124.705
1745 -124.378
1746 -124.95
1747 -125.219
1748 -126.715
1749 -124.572
1750 -125.671
1751 -124.963
1752 -123.829
1753 -124.633
1754 -125.301
1755 -125.791
1756 -124.867
1757 -124.867
1758 -126.388
1759 -125.592
1760 -126.797
1761 -125.884
1762 -127.081
1763 -125.805
1764 -124.17
1765 -125.66
1766 -125.539
1767 -124.834
1768 -125.378
1769 -125.171
1770 -124.163
1771 -124.357
1772 -124.2
1773 -123.773
1774 -121.7
1775 -124.325
1776 -123.618
1777 -125.797
1778 -124.968
1779 -126.057
1780 -125.128
1781 -124.881
1782 -124.136
1783 -125.602
1784 -126.077
1785 -127.441
1786 -125.921
1787 -125.735
1788 -124.847
1789 -125.164
1790 -125.825
1791 -125.737
1792 -125.925
1793 -125.536
1794 -125.104
1795 -125.716
1796 -125.698
1797 -124.941
1798 -123.901
1799 -125.796
1800 -123.845
1801 -125.525
1802 -125.35
1803 -126.08
1804 -127.66
1805 -128.492
1806 -127.76
1807 -127.095
1808 -125.769
1809 -127.182
1810 -124.108
1811 -124.595
1812 -123.451
1813 -125.012
1814 -124.363
1815 -123.972
1816 -122.743
1817 -123.71
1818 -124.944
1819 -125.412
1820 -124.577
1821 -123.982
1822 -122.584
1823 -123.14
1824 -124.569
1825 -125.09
1826 -125.285
1827 -125.897
1828 -124.936
1829 -126.01
1830 -126.34
1831 -125.506
1832 -125.761
1833 -125.886
1834 -124.164
1835 -125.652
1836 -124.336
1837 -125.187
1838 -124.18
1839 -125.205
1840 -125.511
1841 -125.798
1842 -126.083
1843 -125.76
1844 -124.717
1845 -126.384
1846 -125.371
1847 -123.994
1848 -126.092
1849 -126.631
1850 -125.474
1851 -125.084
1852 -126.667
1853 -127.26
1854 -126.238
1855 -126.302
1856 -126.193
1857 -124.96
1858 -126.129
1859 -125.371
1860 -124.244
1861 -124.944
1862 -124.886
1863 -124.035
1864 -125.284
1865 -123.921
1866 -123.537
1867 -123.31
1868 -124.031
1869 -124.3
1870 -125.105
1871 -125.21
1872 -124.742
1873 -125.762
1874 -124.357
1875 -125.167
1876 -125.473
1877 -126.91
1878 -124.798
1879 -125.351
1880 -125.986
1881 -125.929
1882 -125.074
1883 -125.768
1884 -124.523
1885 -124.959
1886 -125.529
1887 -126.95
1888 -126.635
1889 -125.897
1890 -126.519
1891 -125.674
1892 -126.74
1893 -126.175
1894 -125.828
1895 -124.722
1896 -125.736
1897 -125.569
1898 -125.804
1899 -127.582
1900 -125.999
1901 -126.826
1902 -125.792
1903 -124.764
1904 -125.16
1905 -125.118
1906 -124.047
1907 -124.652
1908 -124.481
1909 -124.689
1910 -124.49
1911 -124.863
1912 -125.727
1913 -125.256
1914 -124.572
1915 -124.331
1916 -122.883
1917 -122.73
1918 -123.462
1919 -125.688
1920 -125.605
1921 -125.223
1922 -126.031
1923 -126.131
1924 -126.225
1925 -125.324
1926 -125.985
1927 -125.664
1928 -126.266
1929 -125.604
1930 -125.902
1931 -125.27
1932 -125.044
1933 -125.858
1934 -126.441
1935 -126.055
1936 -127.401
1937 -127.252
1938 -124.016
1939 -125.391
1940 -125.686
1941 -125.933
1942 -125.819
1943 -125.733
1944 -125.214
1945 -127.295
1946 -127.421
1947 -127.277
1948 -127.536
1949 -126.307
1950 -126.198
1951 -125.277
1952 -125.255
1953 -125.476
1954 -126.728
1955 -123.702
1956 -125.963
1957 -123.624
1958 -124.816
1959 -123.984
1960 -124.673
1961 -123.497
1962 -125.534
1963 -124.125
1964 -124.576
1965 -126.69
1966 -125.153
1967 -125.817
1968 -125.807
1969 -125.821
1970 -124.957
1971 -125.863
1972 -126.191
1973 -124.827
1974 -125.924
1975 -126.588
1976 -125.464
1977 -123.667
1978 -124.736
1979 -124.195
1980 -126.089
1981 -125.322
1982 -127.757
1983 -125.872
1984 -126.764
1985 -125.391
1986 -125.654
1987 -124.746
1988 -126.412
1989 -125.062
1990 -126.424
1991 -126.747
1992 -126.78
1993 -127.684
1994 -127.909
1995 -128.426
1996 -128.203
1997 -126.365
1998 -125.441
1999 -126.142
2000 -124.166
2001 -123.897
2002 -124.724
2003 -123.005
2004 -124.733
2005 -125.577
2006 -124.588
2007 -124.197
2008 -124.922
2009 -124.347
2010 -124.726
2011 -124.977
2012 -126.296
2013 -126.412
2014 -127.026
2015 -126.887
2016 -127.338
2017 -126.645
2018 -126.76
2019 -125.78
2020 -126.166
2021 -124.809
2022 -126.878
2023 -125.803
2024 -125.412
2025 -124.916
2026 -124.982
2027 -126.353
2028 -127.649
2029 -125.914
2030 -125.885
2031 -123.696
2032 -124.761
2033 -125.033
2034 -124.411
2035 -125.147
2036 -126.458
2037 -126.261
2038 -127.008
2039 -127.386
2040 -128.849
2041 -128.847
2042 -128.329
2043 -127.985
2044 -126.114
2045 -127.407
2046 -128.081
2047 -126.306
2048 -127.413
2049 -128.528
2050 -129.273
2051 -129.746
2052 -129.676
2053 -128.923
2054 -129.884
2055 -130.482
2056 -129.192
2057 -129.912
2058 -133.144
2059 -132.333
2060 -131.533
2061 -132.623
2062 -134.689
2063 -136.892
2064 -135.534
2065 -135.818
2066 -136.481
2067 -137.153
2068 -137.497
2069 -137.478
2070 -137.433
2071 -138.35
2072 -138.579
2073 -138.458
2074 -137.9
2075 -139.778
2076 -140.887
2077 -140.886
2078 -140.55
2079 -141.845
2080 -142.193
2081 -141.254
2082 -143.051
2083 -141.605
2084 -141.904
2085 -141.674
2086 -141.69
2087 -143.14
2088 -142.377
2089 -143.551
2090 -141.982
2091 -142.422
2092 -143.562
2093 -144.1
2094 -142.589
2095 -142.242
2096 -145.144
2097 -144.755
2098 -145.402
2099 -144.762
2100 -143.82
2101 -144.686
2102 -144.669
2103 -143.817
2104 -146.392
2105 -146.756
2106 -147.686
2107 -145.744
2108 -146.46
2109 -145.465
2110 -148.938
2111 -147.753
2112 -149.921
2113 -150.584
2114 -147.972
2115 -147.532
2116 -147.834
2117 -148.948
2118 -149.086
2119 -149.332
2120 -149.186
2121 -150.196
2122 -148.918
2123 -149.268
2124 -149.872
2125 -148.182
2126 -149.084
2127 -148.039
2128 -147.756
2129 -148.499
2130 -147.933
2131 -147.069
2132 -146.295
2133 -147.074
2134 -147.131
2135 -146.48
2136 -146.113
2137 -144.811
2138 -145.315
2139 -144.002
2140 -142.587
2141 -143.99
2142 -142.367
2143 -141.968
2144 -140.922
2145 -142.035
2146 -141.262
2147 -140.245
2148 -139.585
2149 -138.91
2150 -138.185
2151 -138.051
2152 -140.704
2153 -139.874
2154 -137.664
2155 -137.383
2156 -138.911
2157 -137.22
2158 -136.973
2159 -136.307
2160 -137.182
2161 -135.617
2162 -134.987
2163 -137.267
2164 -135.533
2165 -135.778
2166 -135.904
2167 -137.311
2168 -135.283
2169 -136.157
2170 -135.02
2171 -134.739
2172 -136.108
2173 -136.012
2174 -135.99
2175 -135.837
2176 -135.528
2177 -136.948
2178 -134.467
2179 -135.989
2180 -134.748
2181 -136.17
2182 -137.249
2183 -134.882
2184 -135.452
2185 -134.619
2186 -134.158
2187 -133.179
2188 -132.586
2189 -135.609
2190 -135.156
2191 -134.184
2192 -134.89
2193 -135.634
2194 -135.933
2195 -133.617
2196 -134.491
2197 -134.386
2198 -133.835
2199 -133.119
2200 -133.53
2201 -133.023
2202 -134.401
2203 -133.32
2204 -133.473
2205 -133.379
2206 -135.677
2207 -133.713
2208 -133.517
2209 -132.767
2210 -132.803
2211 -131.362
2212 -134.161
2213 -134.347
2214 -133.082
2215 -132.385
2216 -134.262
2217 -135.31
2218 -134.348
2219 -136.264
2220 -134.386
2221 -134.184
2222 -133.17
2223 -134.358
2224 -133.091
2225 -134.857
2226 -134.849
2227 -133.991
2228 -135.01
2229 -135.344
2230 -133.35
2231 -136.481
2232 -133.762
2233 -133.662
2234 -132.506
2235 -133.185
2236 -133.946
2237 -134.914
2238 -134.963
2239 -133.927
2240 -133.695
2241 -134.393
2242 -134.414
2243 -133.772
2244 -133.761
2245 -133.541
2246 -133.372
2247 -133.663
2248 -133.222
2249 -136.109
2250 -132.591
2251 -133.171
2252 -134.704
2253 -133.51
2254 -132.118
2255 -132.631
2256 -132.738
2257 -132.793
2258 -131.979
2259 -130.83
2260 -132.053
2261 -132.941
2262 -135.064
2263 -136.715
2264 -135.043
2265 -134.31
2266 -135.271
2267 -133.558
2268 -134.895
2269 -132.499
2270 -134.196
2271 -134.856
2272 -135.187
2273 -134.555
2274 -134.896
2275 -135.237
2276 -133.827
2277 -134.665
2278 -135.197
2279 -135.194
2280 -135.2
2281 -134.718
2282 -133.334
2283 -134.505
2284 -134.503
2285 -134.336
2286 -133.468
2287 -132.994
2288 -133.295
2289 -133.941
2290 -133.694
2291 -133.603
2292 -132.608
2293 -133.338
2294 -132.586
2295 -134.69
2296 -133.241
2297 -133.086
2298 -134.653
2299 -134.539
2300 -134.23
2301 -132.387
2302 -133.52
2303 -133.219
2304 -132.347
2305 -132.519
2306 -132.102
2307 -132.748
2308 -133.641
2309 -133.701
2310 -133.426
2311 -133.954
2312 -133.036
2313 -132.946
2314 -133.815
2315 -133.859
2316 -132.506
2317 -133.179
2318 -134.89
2319 -132.778
2320 -134.181
2321 -134.188
2322 -134.801
2323 -133.052
2324 -133.069
2325 -134.922
2326 -132.553
2327 -133.376
2328 -131.972
2329 -131.808
2330 -131.678
2331 -134.716
2332 -132.567
2333 -135.359
2334 -133.811
2335 -132.786
2336 -132.736
2337 -130.369
2338 -131.651
2339 -132.619
2340 -134.344
2341 -131.568
2342 -131.892
2343 -131.969
2344 -131.72
2345 -133.457
2346 -134.189
2347 -132.766
2348 -132.183
2349 -133.34
2350 -132.4
2351 -131.269
2352 -133.429
2353 -132.428
2354 -133.36
2355 -132.647
2356 -132.553
2357 -134.643
2358 -134.365
2359 -133.557
2360 -134.236
2361 -133.365
2362 -131.332
2363 -132.609
2364 -134.595
2365 -134.645
2366 -134.587
2367 -134.037
2368 -133.874
2369 -133.233
2370 -133.146
2371 -134.571
2372 -131.791
2373 -133.364
2374 -133.718
2375 -132.264
2376 -131.704
2377 -134.248
2378 -133.42
2379 -133.053
2380 -133.04
2381 -132.359
2382 -132.957
2383 -132.581
2384 -133.343
2385 -132.255
2386 -133.259
2387 -131.912
2388 -132.86
2389 -131.989
2390 -133.572
2391 -132.427
2392 -133.014
2393 -131.458
2394 -132.073
2395 -131.981
2396 -132.709
2397 -130.592
2398 -132.635
2399 -132.34
2400 -133.365
2401 -134.126
2402 -132.255
2403 -133.53
2404 -136.236
2405 -134.684
2406 -135.377
2407 -134.218
2408 -133.917
2409 -132.959
2410 -133.515
2411 -134.634
2412 -133.742
2413 -134.459
2414 -134.501
2415 -134.753
2416 -133.485
2417 -134.376
2418 -134.292
2419 -134.059
2420 -133.628
2421 -134.04
2422 -132.207
2423 -132.067
2424 -133.276
2425 -133.951
2426 -131.404
2427 -133.328
2428 -132.919
2429 -132.858
2430 -131.453
2431 -131.785
2432 -132.886
2433 -132.881
2434 -132.073
2435 -132.181
2436 -131.283
2437 -133.043
2438 -132.393
2439 -132.558
2440 -133.203
2441 -132.138
2442 -133.384
2443 -132.753
2444 -132.764
2445 -132.002
2446 -131.476
2447 -131.424
2448 -133.229
2449 -134.546
2450 -134.4
2451 -132.73
2452 -134.211
2453 -133.549
2454 -132.84
2455 -135.041
2456 -132.913
2457 -131.176
2458 -132.853
2459 -134.637
2460 -134.121
2461 -132.878
2462 -133.748
2463 -133.928
2464 -132.674
2465 -134.28
2466 -133.968
2467 -133.342
2468 -132.847
2469 -132.258
2470 -133.444
2471 -133.815
2472 -129.957
2473 -131.231
2474 -131.584
2475 -131.804
2476 -132.855
2477 -132.873
2478 -130.496
2479 -133.328
2480 -132.483
2481 -133.442
2482 -132.214
2483 -132.267
2484 -132.404
2485 -134.233
2486 -132.394
2487 -132.195
2488 -132.814
2489 -132.269
2490 -133.079
2491 -131.295
2492 -132.326
2493 -130.942
2494 -133.507
2495 -134.097
2496 -133.322
2497 -133.531
2498 -133.498
2499 -134.62
2500 -133.921
2501 -133.492
2502 -133.562
2503 -134.705
2504 -132.434
2505 -133.13
2506 -133.647
2507 -133.511
2508 -133.616
2509 -133.744
2510 -134.345
2511 -133.804
2512 -133.286
2513 -133.018
2514 -135.425
2515 -132.52
2516 -131.881
2517 -132.964
2518 -133.85
2519 -132.142
2520 -133.841
2521 -133.908
2522 -134.001
2523 -132.624
2524 -132.336
2525 -132.653
2526 -131.494
2527 -131.775
2528 -131.504
2529 -132.201
2530 -132.437
2531 -132.972
2532 -131.426
2533 -131.696
2534 -130.743
2535 -131.419
2536 -131.913
2537 -133.047
2538 -131.134
2539 -129.677
2540 -132.386
2541 -132.18
2542 -132.241
2543 -134.526
2544 -132.456
2545 -133.765
2546 -131.872
2547 -132.909
2548 -134.649
2549 -134.042
2550 -131.83
2551 -132.403
2552 -132.489
2553 -130.685
2554 -132.68
2555 -133.012
2556 -132.129
2557 -132.417
2558 -131.166
2559 -130.263
2560 -129.696
2561 -130.166
2562 -128.774
2563 -127.673
2564 -128.417
2565 -128.902
2566 -129.005
2567 -127.597
2568 -126.54
2569 -126.806
2570 -125.918
2571 -125.499
2572 -125.72
2573 -122.813
2574 -124.134
2575 -122.351
2576 -121.812
2577 -122.734
2578 -122.706
2579 -121.257
2580 -120.677
2581 -121.15
2582 -118.87
2583 -119.695
2584 -119.48
2585 -118.821
2586 -118.202
2587 -119.368
2588 -117.926
2589 -117.886
2590 -116.53
2591 -116.851
2592 -116.53
2593 -116.832
2594 -116.923
2595 -116.057
2596 -118.225
2597 -118.675
2598 -118.118
2599 -117.04
2600 -118.01
2601 -116.161
2602 -116.014
2603 -115.433
2604 -114.331
2605 -113.936
2606 -114.314
2607 -116.367
2608 -114.775
2609 -114.095
2610 -115.007
2611 -114.184
2612 -114.532
2613 -114.376
2614 -112.19
2615 -112.406
2616 -112.633
2617 -112.597
2618 -112.458
2619 -111.798
2620 -111.179
2621 -109.23
2622 -109.488
2623 -110.966
2624 -110.859
2625 -111.069
2626 -110.004
2627 -110.532
2628 -110.033
2629 -110.278
2630 -110.003
2631 -108.86
2632 -110.077
2633 -108.859
2634 -109.545
2635 -109.707
2636 -110.032
2637 -111.026
2638 -110.548
2639 -110.219
2640 -110.387
2641 -110.184
2642 -111.059
2643 -111.127
2644 -110.97
2645 -111.194
2646 -112.924
2647 -113.096
2648 -112.506
2649 -112.967
2650 -112.597
2651 -113.544
2652 -114.961
2653 -116.693
2654 -116.919
2655 -115.865
2656 -117.496
2657 -118.36
2658 -118.018
2659 -118.304
2660 -119.916
2661 -119.362
2662 -120.391
2663 -121.169
2664 -121.677
2665 -122.796
2666 -121.099
2667 -122.078
2668 -121.041
2669 -120.284
2670 -121.467
2671 -120.999
2672 -123.058
2673 -123.445
2674 -123.872
2675 -123.205
2676 -122.622
2677 -121.423
2678 -123.511
2679 -124.108
2680 -124.14
2681 -124.285
2682 -123.811
2683 -124.043
2684 -123.507
2685 -124.107
2686 -124.262
2687 -124.567
2688 -124.398
2689 -122.852
2690 -123.088
2691 -124.18
2692 -123.212
2693 -123.55
2694 -123.596
2695 -123.966
2696 -122.972
2697 -123
2698 -121.502
2699 -122.209
2700 -122.798
2701 -122.742
2702 -123.703
2703 -124.616
2704 -124.33
2705 -123.529
2706 -123.348
2707 -123.114
2708 -124.832
2709 -124.472
2710 -124.81
2711 -124.656
2712 -121.998
2713 -125.013
2714 -125.137
2715 -125.003
2716 -124.219
2717 -123.991
2718 -124.635
2719 -124.916
2720 -124.403
2721 -125.516
2722 -123.704
2723 -125.091
2724 -124.558
2725 -124.622
2726 -125.009
2727 -124.237
2728 -124.052
2729 -126.034
2730 -125.091
2731 -125.898
2732 -125.972
2733 -125.299
2734 -124.593
2735 -125.6
2736 -125.145
2737 -123.73
2738 -124.707
2739 -124.167
2740 -123.663
2741 -124.374
2742 -124.409
2743 -123.255
2744 -125.066
2745 -124.657
2746 -123.04
2747 -121.415
2748 -121.966
2749 -123.181
2750 -124.095
2751 -124.257
2752 -124.502
2753 -124.251
2754 -124.677
2755 -127.02
2756 -125.634
2757 -125.574
2758 -126.324
2759 -126.112
2760 -124.596
2761 -125.445
2762 -124.602
2763 -124.758
2764 -123.671
2765 -123.88
2766 -125.411
2767 -125.303
2768 -125.102
2769 -125.488
2770 -126.164
2771 -126.086
2772 -125.895
2773 -125.345
2774 -124.886
2775 -124.967
2776 -125.027
2777 -125.5
2778 -126.775
2779 -126.101
2780 -125.231
2781 -125.506
2782 -126.608
2783 -126.253
2784 -124.188
2785 -124.76
2786 -124.348
2787 -124.682
2788 -124.786
2789 -124.159
2790 -123.963
2791 -124.764
2792 -124.714
2793 -122.862
2794 -124.277
2795 -122.821
2796 -123.639
2797 -124.808
2798 -126.138
2799 -124.904
2800 -123.944
2801 -124.917
2802 -124.495
2803 -125.009
2804 -124.984
2805 -124.962
2806 -126.245
2807 -126.021
2808 -126.376
2809 -124.078
2810 -124.981
2811 -124.335
2812 -124.823
2813 -125.004
2814 -126.065
2815 -126.208
2816 -126.285
2817 -126.268
2818 -126.212
2819 -126.657
2820 -125.06
2821 -124.843
2822 -125.866
2823 -125.645
2824 -125.093
2825 -124.763
2826 -127.437
2827 -126.349
2828 -125.8
2829 -126.327
2830 -126.33
2831 -127.059
2832 -125.341
2833 -125.196
2834 -123.889
2835 -124.336
2836 -122.473
2837 -124.269
2838 -125.363
2839 -124.536
2840 -124.269
2841 -123.133
2842 -122.596
2843 -123.758
2844 -124.17
2845 -124.118
2846 -125.902
2847 -124.587
2848 -124.723
2849 -125.767
2850 -126.06
2851 -125.695
2852 -126.843
2853 -125.469
2854 -126.607
2855 -125.431
2856 -125.045
2857 -124.765
2858 -124.921
2859 -125.901
2860 -125.413
2861 -126.449
2862 -125.696
2863 -126.067
2864 -125.734
2865 -124.436
2866 -124.991
2867 -125.261
2868 -126.939
2869 -126.286
2870 -126.951
2871 -126.448
2872 -126.493
2873 -127.195
2874 -126.572
2875 -126.389
2876 -126.241
2877 -126.471
2878 -124.614
2879 -124.91
2880 -124.559
2881 -124.304
2882 -125.713
2883 -124.074
2884 -124.491
2885 -124.413
2886 -124.492
2887 -123.194
2888 -123.851
2889 -122.931
2890 -124.614
2891 -124.427
2892 -123.655
2893 -125.1
2894 -125.466
2895 -124.659
2896 -126.67
2897 -126.857
2898 -125.491
2899 -125.176
2900 -125.487
2901 -125.432
2902 -124.563
2903 -126.373
2904 -124.976
2905 -125.559
2906 -124.451
2907 -125.187
2908 -125.67
2909 -125.901
2910 -124.719
2911 -125.591
2912 -125.176
2913 -126.263
2914 -126.61
2915 -125.065
2916 -126.22
2917 -126.292
2918 -125.441
2919 -126.241
2920 -127.082
2921 -127.384
2922 -125.843
2923 -125.147
2924 -125.286
2925 -124.83
2926 -125.203
2927 -125.741
2928 -123.492
2929 -125.761
2930 -125.233
2931 -124.364
2932 -123.83
2933 -125.757
2934 -124.339
2935 -124.091
2936 -123.015
2937 -125.028
2938 -124.295
2939 -125.221
2940 -125.643
2941 -125.376
2942 -126.689
2943 -125.615
2944 -125.84
2945 -127.638
2946 -126.572
2947 -125.904
2948 -127.409
2949 -125.607
2950 -126.473
2951 -124.635
2952 -125.183
2953 -124.188
2954 -126.246
2955 -126.288
2956 -127.684
2957 -124.374
2958 -125.614
2959 -126.314
2960 -127.071
2961 -126.193
2962 -126.175
2963 -126.959
2964 -126.387
2965 -126.189
2966 -127.321
2967 -128.633
2968 -126.861
2969 -127.347
2970 -126.747
2971 -127.641
2972 -126.191
2973 -126.386
2974 -125.092
2975 -125.436
2976 -124.985
2977 -124.856
2978 -124.554
2979 -123.925
2980 -122.887
2981 -125.269
2982 -123.872
2983 -124.14
2984 -125.671
2985 -124.731
2986 -125.904
2987 -125.535
2988 -125.08
2989 -126.483
2990 -125.605
2991 -125.269
2992 -127.266
2993 -126
2994 -125.559
2995 -125.026
2996 -124.464
2997 -126.862
2998 -125.749
2999 -126.661
3000 -126.563
3001 -125.144
3002 -126.234
3003 -124.802
3004 -127.762
3005 -126.288
3006 -125.03
3007 -125.331
3008 -126.976
3009 -125.433
3010 -126.066
3011 -128.161
3012 -127.074
3013 -128.163
3014 -126.074
3015 -127.216
3016 -125.803
3017 -127.403
3018 -126.209
3019 -124.77
3020 -124.547
3021 -125.751
3022 -125.541
3023 -123.57
3024 -125.262
3025 -124.745
3026 -123.849
3027 -124.41
3028 -126.909
3029 -125.179
3030 -126.592
3031 -124.43
3032 -126.621
3033 -126.624
3034 -127.261
3035 -125.765
3036 -126.914
3037 -126.63
3038 -127.343
3039 -124.75
3040 -125.362
3041 -125.514
3042 -126.211
3043 -126.21
3044 -126.01
3045 -128.015
3046 -125.66
3047 -125.875
3048 -127.831
3049 -128.221
3050 -126.818
3051 -126.472
3052 -127.544
3053 -126.201
3054 -126.933
3055 -127.883
3056 -128.301
3057 -127.352
3058 -127.124
3059 -129.249
3060 -128.982
3061 -128.135
3062 -128.83
3063 -130.178
3064 -129.07
3065 -128.681
3066 -127.667
3067 -128.446
3068 -128.468
3069 -128.355
3070 -129.264
3071 -129.511
3072 -130.181
3073 -130.952
3074 -130.556
3075 -130.551
3076 -131.048
3077 -131.632
3078 -132.352
3079 -133.064
3080 -133.61
3081 -135.799
3082 -135.396
3083 -136.375
3084 -134.112
3085 -137.348
3086 -136.905
3087 -137.557
3088 -139.282
3089 -138.64
3090 -137.47
3091 -136.704
3092 -137.954
3093 -138.933
3094 -140.018
3095 -139.337
3096 -140.182
3097 -141.334
3098 -140.285
3099 -141.461
3100 -141.585
3101 -140.807
3102 -142.167
3103 -140.861
3104 -141.853
3105 -140.035
3106 -140.922
3107 -139.031
3108 -139.555
3109 -138.472
3110 -138.779
3111 -138.903
3112 -138.977
3113 -139.177
3114 -138.558
3115 -138.145
3116 -137.918
3117 -137.276
3118 -137.093
3119 -137.829
3120 -137.124
3121 -134.65
3122 -136.141
3123 -135.962
3124 -135.041
3125 -136.047
3126 -135.819
3127 -134.187
3128 -134.009
3129 -133.731
3130 -135.02
3131 -132.953
3132 -133.15
3133 -132.314
3134 -132.781
3135 -130.878
3136 -131.369
3137 -130.872
3138 -132.149
3139 -132.521
3140 -130.849
3141 -130.463
3142 -130.914
3143 -131.158
3144 -129.379
3145 -131.055
3146 -130.343
3147 -129.919
3148 -130.785
3149 -130.334
3150 -131.515
3151 -130.915
3152 -130.732
3153 -129.224
3154 -130.255
3155 -129.441
3156 -128.841
3157 -129.595
3158 -129.724
3159 -129.722
3160 -128.811
3161 -131.299
3162 -129.022
3163 -129.565
3164 -131.113
3165 -128.485
3166 -129.913
3167 -129.208
3168 -130.66
3169 -130.276
3170 -129.584
3171 -128.929
3172 -129.797
3173 -128.717
3174 -129.969
3175 -129.068
3176 -130.568
3177 -128.94
3178 -128.19
3179 -129.616
3180 -128.76
3181 -128.26
3182 -128.308
3183 -129.117
3184 -129.991
3185 -128.572
3186 -128.284
3187 -130.231
3188 -129.361
3189 -129.186
3190 -127.751
3191 -128.325
3192 -129.886
3193 -130.205
3194 -128.875
3195 -129.148
3196 -130.074
3197 -128.759
3198 -128.71
3199 -128.726
3200 -128.617
3201 -129.28
3202 -129.347
3203 -128.342
3204 -129.414
3205 -128.837
3206 -128.255
3207 -128.316
3208 -129.945
3209 -128.916
3210 -128.787
3211 -129.383
3212 -128.651
3213 -129.403
3214 -126.921
3215 -128.984
3216 -129.512
3217 -130.369
3218 -127.37
3219 -128.398
3220 -129.381
3221 -128.536
3222 -129.745
3223 -129.532
3224 -128.703
3225 -127.793
3226 -128.576
3227 -128.482
3228 -128.448
3229 -128.872
3230 -130.503
3231 -129.966
3232 -129.566
3233 -128.066
3234 -128.779
3235 -128.655
3236 -127.177
3237 -128.306
3238 -128.444
3239 -129.158
3240 -129.793
3241 -127.733
3242 -126.665
3243 -128.205
3244 -129.06
3245 -129.893
3246 -128.777
3247 -129.286
3248 -129.366
3249 -128.227
3250 -127.305
3251 -130.044
3252 -129.178
3253 -129.167
3254 -129.388
3255 -130.018
3256 -129.577
3257 -130.476
3258 -127.526
3259 -129.331
3260 -128.111
3261 -129.353
3262 -129.179
3263 -128.474
3264 -129.206
3265 -128.038
3266 -128.377
3267 -128.388
3268 -129.227
3269 -129.641
3270 -128.872
3271 -127.334
3272 -128.613
3273 -128.791
3274 -127.755
3275 -130.39
3276 -129.141
3277 -128.244
3278 -127.896
3279 -128.968
3280 -128.713
3281 -128.746
3282 -130.234
3283 -128.645
3284 -128.958
3285 -126.938
3286 -129.586
3287 -129.001
3288 -129.232
3289 -130.162
3290 -129.49
3291 -129.54
3292 -129.789
3293 -128.317
3294 -129.735
3295 -128.666
3296 -130.037
3297 -129.278
3298 -129.377
3299 -129.075
3300 -131.272
3301 -128.249
3302 -129.632
3303 -128.957
3304 -130.257
3305 -129.775
3306 -129.632
3307 -129.939
3308 -128.892
3309 -128.719
3310 -129.531
3311 -129.003
3312 -129.924
3313 -129.917
3314 -129.286
3315 -129.047
3316 -128.957
3317 -128.935
3318 -129.95
3319 -128.681
3320 -130.619
3321 -129.227
3322 -129.405
3323 -129.638
3324 -128.574
3325 -129.65
3326 -129.153
3327 -129.51
3328 -129.136
3329 -129.269
3330 -129.192
3331 -129.242
3332 -129.553
3333 -130.035
3334 -129.58
3335 -129.836
3336 -130.144
3337 -129.982
3338 -129.017
3339 -127.817
3340 -128.851
3341 -128.968
3342 -129.186
3343 -128.975
3344 -128.994
3345 -128.496
3346 -129.004
3347 -129.606
3348 -128.609
3349 -128.505
3350 -128.262
3351 -128.832
3352 -127.69
3353 -127.787
3354 -130.166
3355 -129.628
3356 -129.828
3357 -130.15
3358 -129.215
3359 -129.34
3360 -127.611
3361 -128.326
3362 -128.965
3363 -128.554
3364 -129.071
3365 -129.548
3366 -129.842
3367 -130.09
3368 -128.872
3369 -129.54
3370 -129.144
3371 -129.972
3372 -128.76
3373 -128.72
3374 -129.619
3375 -128.313
3376 -129.483
3377 -130.37
3378 -127.646
3379 -128.562
3380 -129.313
3381 -127.964
3382 -128.978
3383 -128.589
3384 -130.507
3385 -129.238
3386 -128.721
3387 -129.647
3388 -130.438
3389 -128.708
3390 -128.753
3391 -128.59
3392 -128.887
3393 -128.587
3394 -128.63
3395 -129.649
3396 -130.178
3397 -129.757
3398 -128.892
3399 -128.122
