0 -105.26
1 -104.694
2 -105.912
3 -106.597
4 -106.641
5 -107.231
6 -105.847
7 -106.236
8 -105.54
9 -105.639
10 -104.784
11 -106.371
12 -106.489
13 -105.668
14 -106.555
15 -105.55
16 -105.916
17 -105.873
18 -105.319
19 -105.002
20 -104.207
21 -104.613
22 -104.981
23 -102.758
24 -104.02
25 -102.107
26 -101.22
27 -100.665
28 -100.442
29 -100.17
30 -100.314
31 -100.978
32 -98.3179
33 -99.1153
34 -97.3089
35 -97.6415
36 -97.1864
37 -96.7517
38 -97.4818
39 -96.6187
40 -94.5422
41 -95.2359
42 -93.8135
43 -94.5401
44 -92.7635
45 -92.9704
46 -92.0685
47 -91.3868
48 -89.2022
49 -90.7984
50 -87.473
51 -89.1282
52 -88.6562
53 -88.8694
54 -87.6649
55 -85.3805
56 -85.0076
57 -86.5439
58 -85.0405
59 -83.8588
60 -84.4132
61 -84.4599
62 -85.758
63 -82.9762
64 -85.2813
65 -85.0147
66 -83.7378
67 -84.1435
68 -85.2514
69 -83.039
70 -84.416
71 -84.8708
72 -85.7561
73 -85.7823
74 -86.0893
75 -86.2417
76 -86.1728
77 -88.4972
78 -87.0637
79 -89.0533
80 -88.9196
81 -88.3627
82 -90.0114
83 -88.9462
84 -90.4809
85 -91.3263
86 -93.5885
87 -91.8706
88 -92.963
89 -92.6824
90 -92.9221
91 -94.4991
92 -94.9957
93 -94.7104
94 -94.0477
95 -94.8047
96 -95.9986
97 -94.5129
98 -95.5866
99 -95.5882
100 -96.1893
101 -95.9086
102 -96.2358
103 -95.0156
104 -96.2307
105 -96.1914
106 -94.8368
107 -95.9216
108 -96.5102
109 -96.9378
110 -97.3296
111 -98.1288
112 -98.3212
113 -98.8731
114 -98.1935
115 -97.4121
116 -96.8523
117 -96.8772
118 -95.9646
119 -95.7604
120 -96.3244
121 -96.9103
122 -96.3595
123 -95.4979
124 -94.6242
125 -95.5
126 -96.1626
127 -95.6047
128 -96.359
129 -96.1432
130 -96.2245
131 -99.0606
132 -97.6088
133 -98.6085
134 -98.591
135 -99.0547
136 -99.1255
137 -99.4169
138 -99.5193
139 -99.7978
140 -99.9428
141 -100.104
142 -97.779
143 -97.5101
144 -98.2465
145 -97.4924
146 -96.8204
147 -98.6856
148 -97.4176
149 -99.2726
150 -99.4935
151 -97.8796
152 -97.6618
153 -98.5804
154 -98.3214
155 -98.8223
156 -98.7735
157 -99.6494
158 -100.604
159 -98.8742
160 -99.7392
161 -99.6043
162 -99.789
163 -100.721
164 -96.941
165 -96.8006
166 -96.8552
167 -98.1791
168 -96.8494
169 -96.3099
170 -96.9667
171 -95.4116
172 -94.2018
173 -97.5406
174 -96.7447
175 -96.8219
176 -96.1163
177 -96.567
178 -96.2936
179 -96.4607
180 -96.3423
181 -98.3611
182 -98.6917
183 -98.2158
184 -99.1076
185 -99.2697
186 -97.7219
187 -97.7807
188 -98.7379
189 -97.8886
190 -98.3207
191 -99.0102
192 -98.9042
193 -97.3441
194 -97.4866
195 -99.189
196 -99.1212
197 -99.0535
198 -99.0134
199 -97.4615
200 -99.7866
201 -98.4326
202 -97.0069
203 -97.6706
204 -98.4926
205 -96.0536
206 -99.1947
207 -99.8835
208 -99.2386
209 -98.583
210 -98.7614
211 -99.0615
212 -97.5872
213 -97.4762
214 -97.3194
215 -97.4193
216 -96.5207
217 -94.5645
218 -97.5556
219 -96.1641
220 -96.4438
221 -96.0443
222 -97.3216
223 -95.2665
224 -95.4732
225 -94.7576
226 -97.2411
227 -95.1664
228 -97.2053
229 -98.599
230 -96.7138
231 -99.9891
232 -99.7215
233 -100.629
234 -99.1738
235 -98.9119
236 -99.5178
237 -98.3833
238 -97.8932
239 -98.3387
240 -97.849
241 -96.9439
242 -98.572
243 -98.5925
244 -97.8776
245 -98.291
246 -99.2055
247 -96.8108
248 -97.5652
249 -98.354
250 -98.0297
251 -98.5857
252 -97.5219
253 -98.8808
254 -99.1677
255 -99.6467
256 -99.295
257 -99.5212
258 -98.65
259 -98.3282
260 -98.5016
261 -98.7801
262 -97.0539
263 -98.5581
264 -96.0921
265 -97.1073
266 -97.4348
267 -96.8513
268 -95.3768
269 -95.6262
270 -95.732
271 -96.8656
272 -95.7514
273 -95.8977
274 -96.671
275 -97.4303
276 -97.3298
277 -97.0182
278 -98.9424
279 -97.6416
280 -98.1262
281 -99.1309
282 -98.1539
283 -98.894
284 -98.2296
285 -97.4394
286 -99.1309
287 -99.9347
288 -97.7376
289 -97.1858
290 -96.9269
291 -98.2152
292 -97.574
293 -98.2785
294 -98.3297
295 -98.7764
296 -99.6435
297 -99.1447
298 -98.5991
299 -98.8425
300 -99.1003
301 -97.331
302 -97.8205
303 -97.927
304 -98.3165
305 -98.1546
306 -98.5955
307 -98.5873
308 -97.7489
309 -98.1
310 -97.1746
311 -96.7123
312 -94.8388
313 -95.1166
314 -94.9374
315 -95.5602
316 -96.6252
317 -96.1957
318 -95.4053
319 -94.1396
320 -95.1398
321 -94.7475
322 -94.764
323 -95.3156
324 -95.5575
325 -96.5534
326 -96.5093
327 -97.1929
328 -97.9664
329 -97.8135
330 -98.8656
331 -99.1669
332 -97.7084
333 -96.8953
334 -98.8806
335 -98.0464
336 -96.6757
337 -96.3814
338 -96.9031
339 -96.9529
340 -97.8662
341 -97.079
342 -97.4057
343 -97.6458
344 -97.0988
345 -95.7805
346 -98.2393
347 -97.2103
348 -96.3186
349 -94.9285
350 -98.2238
351 -97.9531
352 -98.4746
353 -98.3781
354 -97.3559
355 -98.789
356 -98.0022
357 -98.6855
358 -96.3049
359 -97.1912
360 -97.4598
361 -96.4852
362 -95.5623
363 -94.2735
364 -96.6639
365 -95.2856
366 -95.1845
367 -94.9408
368 -94.0205
369 -93.9491
370 -95.8131
371 -95.256
372 -96.1125
373 -97.5898
374 -95.4578
375 -97.275
376 -97.1522
377 -97.073
378 -97.3575
379 -96.3049
380 -97.1749
381 -97.619
382 -96.844
383 -97.4013
384 -97.5433
385 -96.7527
386 -97.2836
387 -95.8028
388 -96.2987
389 -97.0735
390 -96.6183
391 -96.7405
392 -98.1953
393 -97.4539
394 -96.1724
395 -96.8848
396 -95.1273
397 -97.0246
398 -98.9708
399 -98.5382
400 -97.9956
401 -97.1963
402 -98.4719
403 -97.4341
404 -98.2891
405 -96.9181
406 -96.2659
407 -97.6985
408 -95.3412
409 -94.4148
410 -95.195
411 -95.0074
412 -94.8775
413 -94.817
414 -94.2851
415 -94.3805
416 -93.9354
417 -94.4188
418 -94.5036
419 -94.6843
420 -95.5808
421 -94.5314
422 -95.1144
423 -95.4931
424 -94.7402
425 -95.845
426 -95.3906
427 -96.1014
428 -97.5916
429 -96.6306
430 -96.4091
431 -96.9949
432 -94.8935
433 -95.7859
434 -95.3817
435 -97.9635
436 -95.7715
437 -95.8295
438 -96.5071
439 -95.5385
440 -96.1099
441 -95.4689
442 -95.6125
443 -93.0347
444 -95.8359
445 -96.3901
446 -95.4651
447 -95.9401
448 -97.5929
449 -97.4174
450 -96.4453
451 -98.1381
452 -96.8758
453 -96.6441
454 -95.659
455 -95.8711
456 -93.9073
457 -93.9387
458 -94.3617
459 -94.6004
460 -92.8683
461 -92.9847
462 -93.1434
463 -92.3718
464 -93.9202
465 -93.1073
466 -91.7295
467 -93.4655
468 -93.0269
469 -96.4103
470 -94.3328
471 -95.5152
472 -95.7137
473 -95.6385
474 -95.1531
475 -95.3935
476 -96.5
477 -96.0373
478 -96.2822
479 -97.5622
480 -96.9367
481 -95.6536
482 -95.2072
483 -95.5704
484 -93.9469
485 -95.0506
486 -96.4211
487 -95.8415
488 -96.1206
489 -97.3627
490 -96.6703
491 -95.3949
492 -93.8262
493 -93.816
494 -95.7435
495 -95.6981
496 -95.6296
497 -94.7684
498 -97.6559
499 -97.4278
500 -97.1987
501 -95.7614
502 -95.7566
503 -95.3212
504 -94.7694
505 -92.1344
506 -94.5049
507 -96.0363
508 -95.5093
509 -95.8583
510 -95.9795
511 -96.5392
512 -96.277
513 -95.3661
514 -95.384
515 -97.306
516 -98.2738
517 -99.2395
518 -100.612
519 -100.337
520 -100.445
521 -101.75
522 -101.356
523 -102.548
524 -103.149
525 -103.127
526 -103.038
527 -104.264
528 -105.3
529 -105.728
530 -105.577
531 -105.149
532 -105.756
533 -104.569
534 -107.262
535 -106.779
536 -108.943
537 -109.732
538 -111.11
539 -109.843
540 -109.306
541 -108.927
542 -110.533
543 -108.996
544 -108.871
545 -110.102
546 -109.361
547 -109.939
548 -110
549 -109.705
550 -107.819
551 -109.555
552 -109.077
553 -107.714
554 -107.714
555 -108.424
556 -108.115
557 -107.926
558 -106.474
559 -107.203
560 -107.784
561 -107.363
562 -106.561
563 -104.869
564 -105.723
565 -105.465
566 -105.356
567 -106.156
568 -105.304
569 -105.392
570 -103.262
571 -104.155
572 -102.843
573 -102.359
574 -101.999
575 -100.926
576 -102.137
577 -101.684
578 -101.496
579 -100.529
580 -99.6321
581 -100.299
582 -100.441
583 -100.675
584 -100.323
585 -100.931
586 -99.5582
587 -100.285
588 -98.9548
589 -98.9747
590 -100.463
591 -98.091
592 -98.5162
593 -97.9509
594 -98.129
595 -99.4259
596 -98.771
597 -98.1083
598 -98.5032
599 -97.5832
600 -99.1063
601 -98.1539
602 -97.4567
603 -97.0833
604 -96.5889
605 -97.791
606 -97.1618
607 -97.8361
608 -97.094
609 -96.64
610 -95.8428
611 -96.8384
612 -98.8962
613 -98.538
614 -97.426
615 -97.9233
616 -96.7799
617 -98.6731
618 -97.9701
619 -95.4153
620 -96.6169
621 -96.6866
622 -96.7232
623 -96.8641
624 -96.7942
625 -96.0122
626 -96.0511
627 -96.0784
628 -98.725
629 -97.1724
630 -98.187
631 -97.6178
632 -97.7136
633 -96.7522
634 -95.7178
635 -96.3047
636 -97.0402
637 -96.5264
638 -96.9284
639 -97.7857
640 -97.5201
641 -97.9257
642 -97.5621
643 -97.4094
644 -97.4336
645 -97.222
646 -96.2316
647 -96.6761
648 -94.7086
649 -97.5044
650 -96.1695
651 -97.102
652 -96.1619
653 -97.8728
654 -96.6811
655 -98.4995
656 -98.6649
657 -97.9477
658 -97.8883
659 -97.2271
660 -99.5939
661 -100.067
662 -101.527
663 -99.9795
664 -100.336
665 -101.53
666 -103.606
667 -103.573
668 -103.031
669 -103.182
670 -102.906
671 -103.145
672 -103.692
673 -104.714
674 -105.795
675 -105.976
676 -106.345
677 -107.261
678 -108.697
679 -109.292
680 -111.03
681 -111.582
682 -110.908
683 -110.805
684 -112.096
685 -112.953
686 -112.892
687 -113.904
688 -114.516
689 -115.269
690 -116.375
691 -116.21
692 -115.772
693 -115.618
694 -118.264
695 -118.62
696 -116.571
697 -116.721
698 -118.023
699 -118.1
700 -117.769
701 -118.678
702 -117.445
703 -119.823
704 -117.997
705 -117.007
706 -116.741
707 -117.288
708 -117.408
709 -116.124
710 -115.924
711 -117.317
712 -116.725
713 -115.208
714 -115.652
715 -115.197
716 -115.005
717 -113.221
718 -114.803
719 -112.566
720 -113.253
721 -112.647
722 -112.802
723 -112.199
724 -111.945
725 -111.107
726 -110.803
727 -111.1
728 -109.918
729 -109.151
730 -107.812
731 -107.999
732 -107.244
733 -107.296
734 -107.141
735 -107.322
736 -108.462
737 -107.016
738 -108.697
739 -108.015
740 -108.463
741 -106.539
742 -106.541
743 -106.589
744 -104.696
745 -104.125
746 -106.026
747 -106.465
748 -105.785
749 -106.037
750 -105.969
751 -105.467
752 -106.8
753 -106.275
754 -106.613
755 -105.165
756 -107.307
757 -107.027
758 -107.812
759 -108.453
760 -105.518
761 -106.365
762 -107.081
763 -106.55
764 -106.737
765 -108.544
766 -107.878
767 -106.069
768 -107.746
769 -108.463
770 -106.293
771 -104.444
772 -106.008
773 -106.247
774 -107.321
775 -105.174
776 -105.762
777 -106.317
778 -105.6
779 -105.718
780 -105.454
781 -106.657
782 -105.311
783 -105.55
784 -104.778
785 -106.368
786 -105.097
787 -104.994
788 -104.779
789 -105.724
790 -105.503
791 -105.884
792 -104.498
793 -103.752
794 -104.293
795 -103.739
796 -104.785
797 -104.775
798 -105.13
799 -106.196
800 -105.681
801 -106.821
802 -107.354
803 -106.343
804 -105.999
805 -108.647
806 -108.327
807 -105.837
808 -106.399
809 -106.39
810 -106.006
811 -107.844
812 -107.098
813 -109.856
814 -107.16
815 -106.579
816 -107.008
817 -107.386
818 -106.401
819 -106.142
820 -107.417
821 -105.989
822 -105.884
823 -106.436
824 -106.435
825 -106.535
826 -107.824
827 -106.712
828 -106.658
829 -105.214
830 -104.268
831 -105.201
832 -105.189
833 -104.885
834 -104.996
835 -104.113
836 -106.611
837 -107.223
838 -105.94
839 -105.9
840 -105.012
841 -106.136
842 -105.404
843 -104.85
844 -105.844
845 -105.311
846 -105.524
847 -106.237
848 -107.469
849 -107.358
850 -107.803
851 -106.583
852 -106.738
853 -106.507
854 -108.494
855 -106.9
856 -107.568
857 -108.065
858 -108.222
859 -107.287
860 -107.585
861 -106.887
862 -105.688
863 -108.283
864 -108.979
865 -108.801
866 -106.091
867 -107.935
868 -106.445
869 -105.562
870 -107.686
871 -107.267
872 -105.981
873 -106.895
874 -107.34
875 -107.799
876 -106.443
877 -105.13
878 -105.609
879 -107.134
880 -106.406
881 -105.436
882 -105.619
883 -107.979
884 -106.324
885 -105.81
886 -105.935
887 -105.613
888 -106.759
889 -105.662
890 -105.605
891 -105.424
892 -104.855
893 -106.977
894 -106.735
895 -106.703
896 -107.565
897 -108.402
898 -107.183
899 -108.163
900 -108.555
901 -106.91
902 -107.97
903 -108.103
904 -107.438
905 -109.028
906 -108.354
907 -108.035
908 -109.017
909 -108.321
910 -108.957
911 -108.392
912 -107.815
913 -108.894
914 -107.076
915 -108.8
916 -106.634
917 -106.902
918 -106.106
919 -108.531
920 -107.849
921 -107.619
922 -108.289
923 -107.332
924 -107.092
925 -107.211
926 -106.107
927 -106.966
928 -107.356
929 -106.394
930 -105.848
931 -106.111
932 -106.74
933 -107.657
934 -107.328
935 -106.253
936 -107.429
937 -106.984
938 -105.576
939 -105.732
940 -105.38
941 -105.805
942 -106.325
943 -107.128
944 -107.227
945 -108.288
946 -108.933
947 -109.066
948 -107.354
949 -109.509
950 -108.949
951 -108.55
952 -107.478
953 -108.594
954 -108.165
955 -109.277
956 -109.808
957 -109.862
958 -110.316
959 -109.046
960 -108.063
961 -108.443
962 -107.557
963 -107.345
964 -107.704
965 -106.625
966 -107.098
967 -107.884
968 -108.089
969 -109.886
970 -109.814
971 -107.85
972 -109.033
973 -108.202
974 -106.399
975 -106.606
976 -107.122
977 -106.61
978 -105.597
979 -106.599
980 -107.538
981 -106.402
982 -108.041
983 -107.278
984 -107.523
985 -108.151
986 -106.315
987 -106.171
988 -104.566
989 -106.703
990 -105.77
991 -107.648
992 -107.315
993 -108.771
994 -108.374
995 -108.37
996 -108.375
997 -109.153
998 -108.578
999 -108.825
1000 -108.007
1001 -108.54
1002 -107.896
1003 -108.337
1004 -108.451
1005 -109.505
1006 -108.902
1007 -108.471
1008 -110.561
1009 -109.484
1010 -108.68
1011 -108.905
1012 -108.58
1013 -107.501
1014 -104.277
1015 -108.199
1016 -108.376
1017 -107.79
1018 -108.887
1019 -108.602
1020 -108.498
1021 -106.513
1022 -106.63
1023 -107.173
1024 -105.486
1025 -106.057
1026 -105.954
1027 -107.763
1028 -107.505
1029 -107.127
1030 -106.368
1031 -106.74
1032 -106.103
1033 -106.709
1034 -106.706
1035 -104.946
1036 -105.986
1037 -106.112
1038 -107.374
1039 -109.019
1040 -107.244
1041 -107.97
1042 -107.775
1043 -108.807
1044 -109.92
1045 -107.19
1046 -108.363
1047 -107.826
1048 -108.177
1049 -108.379
1050 -108.05
1051 -107.491
1052 -109.245
1053 -108.339
1054 -108.973
1055 -108.873
1056 -110.456
1057 -110.611
1058 -110.035
1059 -109.541
1060 -108.109
1061 -109.295
1062 -108.536
1063 -109.343
1064 -108.292
1065 -108.465
1066 -107.534
1067 -108.262
1068 -108.101
1069 -107.067
1070 -107.568
1071 -107.518
1072 -107.449
1073 -105.628
1074 -105.77
1075 -106.923
1076 -108.801
1077 -107.685
1078 -108.761
1079 -107.487
1080 -107.982
1081 -107.423
1082 -107.568
1083 -105.871
1084 -106.116
1085 -105.993
1086 -106.792
1087 -108.046
1088 -107.199
1089 -107.911
1090 -109.033
1091 -109.134
1092 -108.55
1093 -109.314
1094 -108.188
1095 -108.796
1096 -109.057
1097 -108.796
1098 -108.855
1099 -109.098
1100 -109.423
1101 -109.867
1102 -109.834
1103 -109.661
1104 -110.143
1105 -109.231
1106 -109.107
1107 -109.517
1108 -109.211
1109 -106.874
1110 -108.686
1111 -108.447
1112 -107.722
1113 -109.148
1114 -109.407
1115 -108.629
1116 -108.4
1117 -108.132
1118 -107.064
1119 -107.668
1120 -105.604
1121 -106.653
1122 -107.289
1123 -107.015
1124 -106.293
1125 -106.22
1126 -107.78
1127 -108.166
1128 -106.55
1129 -108.092
1130 -107.219
1131 -105.84
1132 -107.48
1133 -105.714
1134 -106.893
1135 -106.401
1136 -108.033
1137 -108.396
1138 -107.639
1139 -108.474
1140 -107.386
1141 -108.517
1142 -108.316
1143 -107.682
1144 -108.163
1145 -108.463
1146 -105.751
1147 -106.937
1148 -107.569
1149 -107.21
1150 -106.449
1151 -105.805
1152 -104.576
1153 -105.095
1154 -105.811
1155 -102.59
1156 -103.025
1157 -103.034
1158 -101.05
1159 -101.578
1160 -102.208
1161 -100.324
1162 -100.071
1163 -99.5846
1164 -100.612
1165 -100.021
1166 -99.5877
1167 -97.6196
1168 -96.7916
1169 -95.9577
1170 -95.4437
1171 -95.1201
1172 -93.632
1173 -94.1892
1174 -94.8588
1175 -93.1363
1176 -94.6101
1177 -93.7276
1178 -93.6148
1179 -93.3222
1180 -91.6362
1181 -92.5649
1182 -92.3899
1183 -92.7916
1184 -92.097
1185 -92.2613
1186 -92.7165
1187 -92.4768
1188 -91.6428
1189 -93.2317
1190 -93.2896
1191 -93.1924
1192 -92.9715
1193 -94.6794
1194 -93.7777
1195 -94.718
1196 -95.2942
1197 -96.1305
1198 -94.6009
1199 -93.2961
1200 -96.0874
1201 -96.8111
1202 -97.1527
1203 -97.1775
1204 -97.2026
1205 -98.5187
1206 -97.7485
1207 -97.8824
1208 -99.3952
1209 -99.7249
1210 -97.5072
1211 -101.369
1212 -100.381
1213 -101.29
1214 -101.372
1215 -100.47
1216 -100.362
1217 -100.51
1218 -100.884
1219 -100.779
1220 -102.485
1221 -102.968
1222 -101.995
1223 -103.525
1224 -102.92
1225 -103.16
1226 -103.494
1227 -103.26
1228 -103.181
1229 -103.995
1230 -104.723
1231 -105.014
1232 -105.426
1233 -105.337
1234 -104.535
1235 -104.165
1236 -104.102
1237 -104.908
1238 -105.973
1239 -104.554
1240 -105.316
1241 -106.083
1242 -104.65
1243 -105.05
1244 -104.731
1245 -104.338
1246 -103.662
1247 -104.903
1248 -103.229
1249 -105.964
1250 -105.216
1251 -105.837
1252 -104.698
1253 -103.976
1254 -104.815
1255 -103.923
1256 -106.606
1257 -104.074
1258 -104.759
1259 -105.232
1260 -104.471
1261 -105.532
1262 -105.633
1263 -105.835
1264 -106.007
1265 -104.889
1266 -105.196
1267 -104.313
1268 -105.305
1269 -105.652
1270 -105.483
1271 -104.618
1272 -104.456
1273 -104.51
1274 -105.134
1275 -106.217
1276 -104.66
1277 -103.814
1278 -105.719
1279 -104.138
1280 -105.377
1281 -105.549
1282 -104.963
1283 -104.686
1284 -105.11
1285 -103.227
1286 -104.883
1287 -106.186
1288 -106.591
1289 -103.615
1290 -105.386
1291 -104.503
1292 -105.095
1293 -104.623
1294 -104.084
1295 -104.686
1296 -104.006
1297 -103.394
1298 -102.512
1299 -102.347
1300 -100.258
1301 -98.5033
1302 -100.197
1303 -99.3546
1304 -99.3877
1305 -98.3781
1306 -100.313
1307 -98.0118
1308 -97.1414
1309 -96.9249
1310 -96.1886
1311 -96.4747
1312 -95.1839
1313 -93.6131
1314 -93.8991
1315 -93.754
1316 -93.212
1317 -92.0139
1318 -90.4302
1319 -92.0989
1320 -91.8558
1321 -90.6873
1322 -90.4175
1323 -89.039
1324 -88.439
1325 -88.3223
1326 -88.1177
1327 -86.4746
1328 -85.2097
1329 -85.9599
1330 -85.6909
1331 -86.3925
1332 -85.5427
1333 -83.9279
1334 -82.8124
1335 -84.7876
1336 -83.9048
1337 -83.6452
1338 -83.9036
1339 -81.8989
1340 -83.5444
1341 -84.2429
1342 -83.956
1343 -85.1257
1344 -84.3747
1345 -83.7484
1346 -84.8277
1347 -87.4622
1348 -85.9952
1349 -85.1345
1350 -85.4577
1351 -87.7842
1352 -88.896
1353 -88.5479
1354 -90.4061
1355 -90.4392
1356 -90.3227
1357 -90.4867
1358 -90.6682
1359 -91.9779
1360 -92.1521
1361 -92.5921
1362 -92.7085
1363 -92.938
1364 -91.5089
1365 -93.5462
1366 -94.8646
1367 -92.2739
1368 -94.5477
1369 -95.0325
1370 -95.6966
1371 -97.1636
1372 -95.4393
1373 -97.0143
1374 -96.9566
1375 -96.9017
1376 -94.5393
1377 -95.5504
1378 -94.9031
1379 -97.5852
1380 -96.3795
1381 -96.2421
1382 -98.5595
1383 -98.136
1384 -96.9778
1385 -96.7553
1386 -97.2517
1387 -96.8007
1388 -98.1101
1389 -97.4371
1390 -96.2901
1391 -95.9031
1392 -96.3449
1393 -94.9882
1394 -95.9325
1395 -96.7984
1396 -96.0113
1397 -95.8416
1398 -96.9048
1399 -94.4936
1400 -95.2918
1401 -94.645
1402 -95.6512
1403 -98.059
1404 -96.3502
1405 -97.5195
1406 -97.5692
1407 -98.638
1408 -97.2731
1409 -99.2153
1410 -99.1579
1411 -99.6275
1412 -98.7744
1413 -98.4145
1414 -96.9939
1415 -97.9698
1416 -98.8474
1417 -98.4079
1418 -97.674
1419 -97.5056
1420 -98.6394
1421 -99.4543
1422 -99.0705
1423 -98.9235
1424 -98.3869
1425 -98.122
1426 -98.13
1427 -98.9029
1428 -97.5576
1429 -98.5101
1430 -98.8725
1431 -99.0275
1432 -100.032
1433 -99.2123
1434 -99.3616
1435 -98.6148
1436 -99.7553
1437 -97.8554
1438 -97.2576
1439 -97.0654
1440 -97.0155
1441 -96.779
1442 -96.1563
1443 -97.5978
1444 -95.9999
1445 -95.8023
1446 -96.6163
1447 -96.8364
1448 -95.3844
1449 -97.0094
1450 -95.9606
1451 -96.9774
1452 -97.9157
1453 -96.7456
1454 -98.7991
1455 -98.8456
1456 -98.3561
1457 -97.0151
1458 -98.1449
1459 -99.2567
1460 -99.3347
1461 -98.4594
1462 -98.1037
1463 -99.2626
1464 -98.1559
1465 -97.7969
1466 -96.386
1467 -96.6225
1468 -96.6018
1469 -97.0256
1470 -100.499
1471 -98.5417
1472 -98.7139
1473 -98.2432
1474 -98.2456
1475 -97.999
1476 -97.504
1477 -96.4577
1478 -97.1394
1479 -99.5305
1480 -99.4361
1481 -99.7195
1482 -100.088
1483 -99.5509
1484 -99.8397
1485 -100.004
1486 -98.0397
1487 -96.9415
1488 -96.0273
1489 -96.5484
1490 -96.2156
1491 -96.1918
1492 -96.614
1493 -97.2631
1494 -95.3065
1495 -96.5329
1496 -95.4677
1497 -96.7649
1498 -95.4224
1499 -97.4385
1500 -96.1796
1501 -96.4238
1502 -99.0698
1503 -97.9262
1504 -96.5236
1505 -97.6176
1506 -97.3881
1507 -97.844
1508 -98.913
1509 -99.5982
1510 -98.2385
1511 -98.0227
1512 -98.9145
1513 -98.4217
1514 -98.933
1515 -97.5865
1516 -98.8274
1517 -98.9211
1518 -97.8066
1519 -98.0489
1520 -99.6093
1521 -98.5964
1522 -98.0126
1523 -98.2788
1524 -97.4075
1525 -97.6976
1526 -97.314
1527 -98.4766
1528 -99.6548
1529 -99.3068
1530 -98.5612
1531 -99.6905
1532 -99.6187
1533 -100.554
1534 -98.9731
1535 -97.8085
1536 -96.2658
1537 -95.5935
1538 -95.2543
1539 -95.1443
1540 -97.5228
1541 -96.7952
1542 -95.7481
1543 -93.9691
1544 -95.6853
1545 -95.9898
1546 -95.1223
1547 -95.0576
1548 -95.7708
1549 -97.3824
1550 -96.7635
1551 -96.3625
1552 -98.2624
1553 -97.2003
1554 -98.0097
1555 -98.5527
1556 -100.04
1557 -98.2875
1558 -99.2601
1559 -98.9729
1560 -97.03
1561 -98.4109
1562 -98.4751
1563 -96.7104
1564 -96.8943
1565 -97.5006
1566 -99.6253
1567 -99.2898
1568 -97.6624
1569 -98.4492
1570 -97.5179
1571 -98.0278
1572 -96.968
1573 -96.7411
1574 -96.4558
1575 -97.4705
1576 -98.8725
1577 -97.5634
1578 -97.5113
1579 -98.7673
1580 -98.3957
1581 -97.6861
1582 -97.6424
1583 -96.7321
1584 -97.7739
1585 -95.7366
1586 -96.1697
1587 -96.0521
1588 -96.4739
1589 -95.2498
1590 -96.7929
1591 -95.1374
1592 -94.3395
1593 -94.4357
1594 -95.3587
1595 -94.6789
1596 -96.3781
1597 -94.9598
1598 -96.3587
1599 -97.3105
1600 -97.7196
1601 -97.297
1602 -96.8984
1603 -99.2843
1604 -98.2238
1605 -97.7182
1606 -97.164
1607 -99.2661
1608 -99.0331
1609 -97.1934
1610 -98.236
1611 -97.4206
1612 -97.3799
1613 -98.2534
1614 -95.9875
1615 -98.1266
1616 -98.2723
1617 -96.3568
1618 -98.0658
1619 -97.3783
1620 -96.0668
1621 -97.2041
1622 -97.8107
1623 -97.725
1624 -98.4549
1625 -98.7808
1626 -96.2287
1627 -98.5931
1628 -97.6425
1629 -96.364
1630 -97.2723
1631 -95.6488
1632 -96.4017
1633 -95.3744
1634 -95.1566
1635 -95.972
1636 -95.1914
1637 -94.5897
1638 -96.2482
1639 -96.8956
1640 -95.4839
1641 -94.3484
1642 -95.567
1643 -94.0206
1644 -95.4757
1645 -94.0805
1646 -96.2045
1647 -96.2796
1648 -96.0757
1649 -97.041
1650 -96.9805
1651 -96.8807
1652 -97.0241
1653 -96.8513
1654 -96.5675
1655 -97.793
1656 -98.7537
1657 -97.6789
1658 -95.4894
1659 -96.769
1660 -97.2901
1661 -96.4689
1662 -96.4384
1663 -96.1727
1664 -96.8691
1665 -97.1827
1666 -97.4757
1667 -97.1088
1668 -97.0842
1669 -97.3101
1670 -95.254
1671 -95.7854
1672 -96.5924
1673 -96.4922
1674 -97.0975
1675 -97.8739
1676 -96.5164
1677 -97.3547
1678 -96.8965
1679 -96.7326
1680 -95.8292
1681 -95.3458
1682 -93.8878
1683 -94.8951
1684 -94.9091
1685 -95.2662
1686 -94.8299
1687 -93.8421
1688 -94.256
1689 -93.6666
1690 -93.1527
1691 -95.2373
1692 -93.3705
1693 -93.6029
1694 -93.1528
1695 -93.8867
1696 -94.3938
1697 -95.6765
1698 -95.4915
1699 -96.0501
1700 -95.4563
1701 -96.5013
1702 -96.0735
1703 -96.1575
1704 -96.777
1705 -94.5018
1706 -94.993
1707 -94.501
1708 -95.805
1709 -93.5343
1710 -96.065
1711 -97.2586
1712 -95.773
1713 -95.7357
1714 -95.1978
1715 -95.4806
1716 -94.8606
1717 -94.3128
1718 -94.7754
1719 -95.6944
1720 -93.9604
1721 -97.0805
1722 -95.4135
1723 -96.2959
1724 -96.1307
1725 -97.553
1726 -96.2523
1727 -94.675
1728 -95.6621
1729 -95.8531
1730 -93.5936
1731 -95.1137
1732 -93.3425
1733 -95.6443
1734 -94.4014
1735 -94.6666
1736 -93.0533
1737 -92.4195
1738 -93.729
1739 -93.5649
1740 -93.5745
1741 -93.5201
1742 -92.9986
1743 -94.1478
1744 -94.9783
1745 -95.4546
1746 -96.013
1747 -96.1909
1748 -96.3321
1749 -95.665
1750 -97.2358
1751 -96.674
1752 -95.7287
1753 -95.2205
1754 -94.5241
1755 -94.1333
1756 -95.9882
1757 -95.268
1758 -94.3712
1759 -95.5045
1760 -95.6866
1761 -93.5452
1762 -95.0301
1763 -95.0384
1764 -94.828
1765 -95.7497
1766 -94.5184
1767 -95.0353
1768 -94.6373
1769 -95.5915
1770 -96.0533
1771 -95.3834
1772 -97.1498
1773 -97.9075
1774 -96.6636
1775 -95.9888
1776 -94.5648
1777 -94.2708
1778 -92.8396
1779 -94.1246
1780 -95.5119
1781 -95.8767
1782 -95.7016
1783 -95.1505
1784 -95.8316
1785 -94.3381
1786 -94.0262
1787 -95.9406
1788 -97.498
1789 -98.1313
1790 -95.9457
1791 -98.8263
1792 -99.5837
1793 -99.9747
1794 -101.445
1795 -101.642
1796 -100.881
1797 -103.043
1798 -100.583
1799 -102.779
1800 -103.436
1801 -103.131
1802 -105.181
1803 -105.224
1804 -104.521
1805 -105.152
1806 -106.1
1807 -106.704
1808 -108.171
1809 -107.667
1810 -109.56
1811 -108.818
1812 -110.216
1813 -109.243
1814 -109.714
1815 -109.576
1816 -110.165
1817 -108.892
1818 -107.925
1819 -109.441
1820 -109.776
1821 -111.023
1822 -108.672
1823 -110.004
1824 -108.897
1825 -107.694
1826 -106.566
1827 -109.033
1828 -108.084
1829 -108.854
1830 -109.11
1831 -109.033
1832 -106.794
1833 -107.624
1834 -106.466
1835 -105.661
1836 -104.662
1837 -105.975
1838 -106.262
1839 -106.359
1840 -106.261
1841 -105.661
1842 -104.814
1843 -101.422
1844 -103.959
1845 -102.844
1846 -103.595
1847 -100.029
1848 -100.732
1849 -101.266
1850 -99.9826
1851 -100.461
1852 -101.425
1853 -101.581
1854 -100.247
1855 -100.848
1856 -100.714
1857 -100.473
1858 -98.4866
1859 -100.142
1860 -98.8622
1861 -99.6236
1862 -100.076
1863 -99.3598
1864 -99.2295
1865 -99.5317
1866 -98.1478
1867 -98.4563
1868 -96.5627
1869 -98.8466
1870 -99.0462
1871 -98.6998
1872 -98.9463
1873 -96.1035
1874 -97.7667
1875 -98.5346
1876 -97.7587
1877 -97.3548
1878 -97.1877
1879 -97.3639
1880 -98.7155
1881 -96.2471
1882 -96.7337
1883 -96.8922
1884 -97.2501
1885 -97.2444
1886 -98.0962
1887 -97.0623
1888 -98.2427
1889 -98.6245
1890 -96.8854
1891 -97.4953
1892 -98.4833
1893 -99.0786
1894 -95.125
1895 -96.7074
1896 -95.2537
1897 -95.7974
1898 -97.7077
1899 -97.4003
1900 -96.8597
1901 -97.7639
1902 -96.8989
1903 -95.906
1904 -96.6227
1905 -97.6103
1906 -97.6543
1907 -96.3642
1908 -96.5836
1909 -95.9228
1910 -97.1546
1911 -95.9381
1912 -96.6585
1913 -96.8722
1914 -97.2622
1915 -97.3154
1916 -96.1235
1917 -95.6881
1918 -96.5096
1919 -95.7848
1920 -96.3486
1921 -96.6203
1922 -95.9837
1923 -97.0038
1924 -96.9465
1925 -95.5833
1926 -96.6153
1927 -97.6811
1928 -98.2532
1929 -99.4676
1930 -98.3819
1931 -97.2438
1932 -95.9172
1933 -97.5542
1934 -98.0844
1935 -100.112
1936 -100.32
1937 -99.7364
1938 -101.904
1939 -102.656
1940 -102.128
1941 -102.894
1942 -101.559
1943 -103.396
1944 -104.766
1945 -105.007
1946 -104.472
1947 -103.162
1948 -106.957
1949 -106.558
1950 -104.891
1951 -107.342
1952 -107.009
1953 -107.211
1954 -107.623
1955 -109.013
1956 -110.269
1957 -111.176
1958 -110.757
1959 -113.068
1960 -113.539
1961 -113.491
1962 -115.393
1963 -114.939
1964 -115.572
1965 -117.018
1966 -116.235
1967 -117.644
1968 -118.386
1969 -117.306
1970 -117.876
1971 -117.858
1972 -116.99
1973 -116.631
1974 -119.078
1975 -117.615
1976 -118.583
1977 -117.783
1978 -117.639
1979 -118.454
1980 -116.858
1981 -117.663
1982 -117.704
1983 -115.682
1984 -116.618
1985 -115.09
1986 -115.448
1987 -115.961
1988 -115.354
1989 -114.701
1990 -114.977
1991 -113.49
1992 -113.725
1993 -114.111
1994 -113.098
1995 -112.452
1996 -111.902
1997 -112.387
1998 -110.481
1999 -110.329
2000 -110.321
2001 -108.529
2002 -108.217
2003 -107.472
2004 -110.105
2005 -108.564
2006 -107.075
2007 -108.514
2008 -107.863
2009 -108.291
2010 -107.658
2011 -105.321
2012 -106.273
2013 -107.106
2014 -105.936
2015 -105.37
2016 -105.43
2017 -105.891
2018 -104.745
2019 -105.665
2020 -103.605
2021 -106.227
2022 -105.187
2023 -105.438
2024 -105.764
2025 -107.535
2026 -107.011
2027 -107.1
2028 -107.338
2029 -106.267
2030 -107.42
2031 -107.014
2032 -106.709
2033 -106.275
2034 -107.326
2035 -105.738
2036 -107.989
2037 -107.718
2038 -108.43
2039 -108.396
2040 -108.507
2041 -107.216
2042 -105.36
2043 -106.361
2044 -107.055
2045 -104.688
2046 -106.666
2047 -106.742
2048 -106.206
2049 -106.066
2050 -106.562
2051 -106.903
2052 -105.628
2053 -105.51
2054 -104.498
2055 -105.099
2056 -104.191
2057 -103.96
2058 -105.134
2059 -104.339
2060 -104.198
2061 -105.199
2062 -104.767
2063 -104.196
2064 -104.272
2065 -103.362
2066 -103.767
2067 -104.264
2068 -104.62
2069 -103.015
2070 -104.993
2071 -104.912
2072 -104.867
2073 -106.894
2074 -106.033
2075 -107.143
2076 -106.783
2077 -105.431
2078 -106.322
2079 -106.136
2080 -105.441
2081 -104.221
2082 -107.525
2083 -106.679
2084 -107.273
2085 -107.223
2086 -107.085
2087 -107.983
2088 -107.403
2089 -108.373
2090 -106.83
2091 -105.968
2092 -106.504
2093 -106.842
2094 -106.45
2095 -105.985
2096 -106.352
2097 -107.588
2098 -107.31
2099 -106.14
2100 -106.646
2101 -105.754
2102 -105.253
2103 -107.232
2104 -105.105
2105 -104.054
2106 -104.159
2107 -103.372
2108 -106.221
2109 -105.83
2110 -106.113
2111 -106.604
2112 -106.138
2113 -105.629
2114 -104.165
2115 -105.278
2116 -105.439
2117 -105.101
2118 -103.802
2119 -103.683
2120 -106.116
2121 -106.5
2122 -105.829
2123 -106.716
2124 -106.552
2125 -107.063
2126 -106.218
2127 -107.424
2128 -107.097
2129 -106.685
2130 -106.013
2131 -106.243
2132 -107.524
2133 -107.542
2134 -107.167
2135 -107.635
2136 -107.731
2137 -107.974
2138 -106.62
2139 -106.148
2140 -107.302
2141 -107.348
2142 -104.94
2143 -107.399
2144 -105.907
2145 -107.594
2146 -107.44
2147 -107.54
2148 -107.855
2149 -107.115
2150 -107.486
2151 -107.462
2152 -104.658
2153 -105.223
2154 -104.95
2155 -105.904
2156 -105.339
2157 -106.874
2158 -105.899
2159 -104.72
2160 -106.093
2161 -105.899
2162 -105.875
2163 -106.918
2164 -105.368
2165 -104.033
2166 -105.659
2167 -104.825
2168 -104.171
2169 -106.634
2170 -108.021
2171 -105.905
2172 -108.868
2173 -107.046
2174 -105.908
2175 -108.484
2176 -109.114
2177 -107.143
2178 -107.135
2179 -108.678
2180 -108.336
2181 -109.066
2182 -108.884
2183 -107.649
2184 -108.736
2185 -109.086
2186 -109.028
2187 -109.391
2188 -106.871
2189 -106.632
2190 -107.801
2191 -108.47
2192 -108.287
2193 -107.563
2194 -108.507
2195 -108.404
2196 -108.842
2197 -106.897
2198 -108.271
2199 -106.368
2200 -107.367
2201 -103.852
2202 -105.748
2203 -105.815
2204 -105.527
2205 -105.896
2206 -107.542
2207 -105.891
2208 -105.502
2209 -105.566
2210 -105.326
2211 -105.731
2212 -105.99
2213 -104.983
2214 -105.01
2215 -105.731
2216 -105.831
2217 -105.91
2218 -107.291
2219 -107.162
2220 -108.285
2221 -106.692
2222 -108.491
2223 -108.263
2224 -107.37
2225 -107.989
2226 -108.077
2227 -107.563
2228 -108.294
2229 -107.883
2230 -108.242
2231 -107.7
2232 -109.234
2233 -107.746
2234 -108.29
2235 -108.777
2236 -108.135
2237 -107.308
2238 -107.453
2239 -107.393
2240 -107.231
2241 -108.182
2242 -106.719
2243 -108.156
2244 -108.175
2245 -109.338
2246 -107.432
2247 -107.537
2248 -104.912
2249 -106.815
2250 -105.91
2251 -106.412
2252 -105.692
2253 -105.017
2254 -107.045
2255 -107.763
2256 -106.984
2257 -106.382
2258 -106.255
2259 -106.693
2260 -105.598
2261 -106.286
2262 -105.032
2263 -104.904
2264 -106.385
2265 -107.869
2266 -107.813
2267 -107.074
2268 -108.687
2269 -109.301
2270 -107.622
2271 -108.894
2272 -108.095
2273 -106.711
2274 -107.954
2275 -107.692
2276 -107.627
2277 -109.086
2278 -108.958
2279 -108.406
2280 -109.138
2281 -110.817
2282 -109.697
2283 -109.45
2284 -108.831
2285 -108.683
2286 -108.833
2287 -108.263
2288 -106.353
2289 -106.069
2290 -108.405
2291 -109.327
2292 -108.988
2293 -107.505
2294 -107.202
2295 -107.302
2296 -107.001
2297 -106.995
2298 -107.065
2299 -106.979
2300 -106.744
2301 -107.937
2302 -106.862
2303 -106.34
2304 -107.423
2305 -107.405
2306 -106.312
2307 -107.462
2308 -106.311
2309 -105.418
2310 -107.194
2311 -106.477
2312 -106.301
2313 -106.506
2314 -106.816
2315 -108.415
2316 -107.659
2317 -107.777
2318 -108.249
2319 -108.194
2320 -109.356
2321 -107.941
2322 -107.578
2323 -108.261
2324 -108.758
2325 -109.498
2326 -109.246
2327 -109.019
2328 -107.527
2329 -107.95
2330 -107.909
2331 -109.38
2332 -107.669
2333 -108.102
2334 -108.012
2335 -108.489
2336 -109.405
2337 -108.253
2338 -107.037
2339 -108.237
2340 -109.067
2341 -108.32
2342 -108.202
2343 -108.223
2344 -106.679
2345 -106.332
2346 -106.051
2347 -106.275
2348 -107.674
2349 -106.316
2350 -106.38
2351 -108.009
2352 -108.009
2353 -107.055
2354 -108.302
2355 -106.646
2356 -106.338
2357 -105.866
2358 -106.779
2359 -106.368
2360 -107.313
2361 -106.727
2362 -108.539
2363 -108.926
2364 -108.084
2365 -109.017
2366 -107.951
2367 -109.224
2368 -109.327
2369 -107.356
2370 -109.21
2371 -109.427
2372 -109.357
2373 -108.808
2374 -108.406
2375 -108.399
2376 -106.821
2377 -109.201
2378 -109.262
2379 -109.993
2380 -109.474
2381 -107.567
2382 -108.725
2383 -107.252
2384 -108.077
2385 -108.06
2386 -107.067
2387 -108.151
2388 -109.888
2389 -109.099
2390 -107.449
2391 -108.941
2392 -107.354
2393 -107.322
2394 -104.798
2395 -105.9
2396 -106.515
2397 -106.572
2398 -108.379
2399 -108.83
2400 -107.993
2401 -105.656
2402 -108.588
2403 -107.054
2404 -106.645
2405 -106.065
2406 -107.861
2407 -107.495
2408 -106.464
2409 -107.225
2410 -105.447
2411 -107.184
2412 -107.98
2413 -108.671
2414 -109.18
2415 -107.199
2416 -106.603
2417 -107.826
2418 -108.064
2419 -106.177
2420 -107.28
2421 -106.894
2422 -105.918
2423 -106.705
2424 -105.106
2425 -104.943
2426 -105.841
2427 -104.304
2428 -102.691
2429 -103.758
2430 -102.986
2431 -101.339
2432 -101.702
2433 -101.384
2434 -99.2946
2435 -101.257
2436 -98.2673
2437 -98.6828
2438 -98.3953
2439 -98.8399
2440 -98.1818
2441 -98.8104
2442 -96.7609
2443 -95.6998
2444 -92.9703
2445 -95.0547
2446 -92.9006
2447 -95.1929
2448 -93.7226
2449 -93.9308
2450 -93.3529
2451 -93.2908
2452 -92.6362
2453 -91.6676
2454 -92.8964
2455 -92.9636
2456 -91.3218
2457 -92.5354
2458 -91.9565
2459 -93.5532
2460 -92.145
2461 -93.7059
2462 -92.4671
2463 -91.3804
2464 -93.2454
2465 -92.1474
2466 -93.6688
2467 -96.6758
2468 -94.7619
2469 -94.244
2470 -94.535
2471 -94.7412
2472 -95.3097
2473 -95.2186
2474 -96.0727
2475 -95.7009
2476 -97.9992
2477 -96.6138
2478 -97.8472
2479 -96.8732
2480 -99.1897
2481 -99.1677
2482 -100.02
2483 -98.5183
2484 -100.349
2485 -99.848
2486 -102.552
2487 -100.859
2488 -101.054
2489 -100.316
2490 -102.527
2491 -102.021
2492 -100.901
2493 -102.155
2494 -102.063
2495 -101.759
2496 -101.819
2497 -101.944
2498 -102.926
2499 -102.442
2500 -102.549
2501 -102.62
2502 -102.652
2503 -103.13
2504 -103.892
2505 -103.117
2506 -103.224
2507 -104.292
2508 -103.04
2509 -103.987
2510 -104.044
2511 -102.221
2512 -103.4
2513 -103.938
2514 -103.024
2515 -104.068
2516 -103.917
2517 -103.461
2518 -103.713
2519 -103.917
2520 -103.47
2521 -105.174
2522 -105.19
2523 -104.224
2524 -104.882
2525 -105.614
2526 -106.534
2527 -105.18
2528 -104.615
2529 -104.473
2530 -105.758
2531 -104.986
2532 -105.609
2533 -106.021
2534 -103.986
2535 -104.129
2536 -104.451
2537 -104.662
2538 -106.046
2539 -104.676
2540 -105.375
2541 -106.1
2542 -106.407
2543 -105.044
2544 -104.519
2545 -104.387
2546 -105.151
2547 -104.483
2548 -104.561
2549 -104.005
2550 -104.619
2551 -104.196
2552 -104.618
2553 -105.061
2554 -106.131
2555 -105.463
2556 -105.778
2557 -104.705
2558 -105.446
2559 -104.529
2560 -105.357
2561 -104.966
2562 -103.901
2563 -105.644
2564 -105.788
2565 -104.284
2566 -104.802
2567 -104.192
2568 -104.323
2569 -104.436
2570 -103.868
2571 -102.955
2572 -103.697
2573 -101.152
2574 -101.196
2575 -98.8304
2576 -99.0897
2577 -99.6402
2578 -99.5277
2579 -99.9518
2580 -99.1031
2581 -98.9224
2582 -97.0595
2583 -96.9246
2584 -96.8416
2585 -95.7855
2586 -95.4098
2587 -93.6417
2588 -94.2178
2589 -92.8135
2590 -93.3082
2591 -93.3521
2592 -90.7949
2593 -90.4332
2594 -89.7793
2595 -89.6569
2596 -88.5035
2597 -88.5265
2598 -87.8685
2599 -88.4405
2600 -86.8974
2601 -86.8399
2602 -86.3292
2603 -84.0207
2604 -84.8374
2605 -84.9859
2606 -85.5801
2607 -83.5256
2608 -83.7134
2609 -83.9834
2610 -83.8391
2611 -84.0861
2612 -84.7655
2613 -82.8906
2614 -83.9396
2615 -84.0741
2616 -82.8802
2617 -84.9103
2618 -85.1714
2619 -85.5314
2620 -86.448
2621 -84.6341
2622 -85.0439
2623 -84.5512
2624 -87.5519
2625 -86.6375
2626 -87.3719
2627 -86.7475
2628 -87.3383
2629 -90.0604
2630 -90.0696
2631 -89.3608
2632 -90.2547
2633 -91.3539
2634 -91.9559
2635 -92.2668
2636 -93.1805
2637 -93.0758
2638 -94.4872
2639 -94.6298
2640 -94.6789
2641 -94.4873
2642 -94.1073
2643 -95.4644
2644 -95.6113
2645 -96.2378
2646 -96.6442
2647 -96.9787
2648 -97.056
2649 -96.8774
2650 -96.2938
2651 -95.7717
2652 -96.8156
2653 -95.9778
2654 -95.5109
2655 -97.777
2656 -96.6609
2657 -97.3685
2658 -98.7465
2659 -97.7096
2660 -97.6169
2661 -98.3773
2662 -97.9854
2663 -99.4906
2664 -95.4874
2665 -96.055
2666 -95.9591
2667 -95.6737
2668 -95.3882
2669 -97.2667
2670 -94.3582
2671 -95.4625
2672 -95.2029
2673 -94.4733
2674 -95.0617
2675 -94.47
2676 -95.4707
2677 -97.1793
2678 -97.5106
2679 -97.8165
2680 -97.391
2681 -97.1403
2682 -97.8838
2683 -98.2891
2684 -99.4236
2685 -98.5227
2686 -99.092
2687 -97.9363
2688 -96.9666
2689 -97.5543
2690 -96.6114
2691 -98.0563
2692 -98.563
2693 -97.1569
2694 -97.7025
2695 -98.7836
2696 -99.2799
2697 -99.2048
2698 -98.9679
2699 -99.1191
2700 -100.234
2701 -97.4816
2702 -96.8851
2703 -98.8833
2704 -98.8333
2705 -100.242
2706 -98.6387
2707 -99.6537
2708 -98.9925
2709 -98.0222
2710 -97.7332
2711 -98.5802
2712 -98.1257
2713 -98.1462
2714 -95.8759
2715 -98.5729
2716 -95.17
2717 -98.8614
2718 -96.1875
2719 -95.9461
2720 -95.7894
2721 -96.7248
2722 -95.6397
2723 -95.3089
2724 -96.2229
2725 -96.2476
2726 -98.2947
2727 -98.239
2728 -98.4336
2729 -97.9654
2730 -97.1291
2731 -97.6968
2732 -98.4587
2733 -97.7934
2734 -98.2966
2735 -100.9
2736 -98.4967
2737 -98.499
2738 -97.585
2739 -96.836
2740 -98.1799
2741 -97.795
2742 -99.5761
2743 -99.281
2744 -99.9703
2745 -98.8393
2746 -98.7208
2747 -99.3683
2748 -98.1652
2749 -98.3369
2750 -97.1919
2751 -96.6183
2752 -97.7235
2753 -98.3748
2754 -99.4736
2755 -96.6928
2756 -99.9955
2757 -98.7277
2758 -99.0528
2759 -99.4271
2760 -97.99
2761 -98.4193
2762 -97.4784
2763 -97.1682
2764 -96.9318
2765 -96.6716
2766 -94.6389
2767 -95.4828
2768 -95.4425
2769 -95.869
2770 -95.8396
2771 -95.8605
2772 -96.7805
2773 -96.1806
2774 -95.8228
2775 -96.7141
2776 -99.1094
2777 -97.9754
2778 -98.5686
2779 -97.9224
2780 -98.5661
2781 -98.3832
2782 -99.4492
2783 -99.1209
2784 -98.7369
2785 -98.8452
2786 -99.4537
2787 -97.7422
2788 -98.4585
2789 -98.9035
2790 -98.2207
2791 -99.2047
2792 -98.5512
2793 -98.4537
2794 -99.1077
2795 -98.7347
2796 -99.0968
2797 -96.9531
2798 -98.9129
2799 -97.4693
2800 -98.9467
2801 -99.9275
2802 -98.0978
2803 -98.031
2804 -101.25
2805 -99.4149
2806 -98.7115
2807 -100.795
2808 -98.0133
2809 -96.9741
2810 -97.4362
2811 -97.0574
2812 -97.2709
2813 -99.1599
2814 -96.4543
2815 -96.4528
2816 -95.7832
2817 -95.9294
2818 -96.238
2819 -96.4675
2820 -95.2016
2821 -96.8894
2822 -96.8082
2823 -96.9217
2824 -97.0582
2825 -98.0198
2826 -96.5554
2827 -97.9235
2828 -98.3986
2829 -98.9125
2830 -97.6189
2831 -97.2829
2832 -98.129
2833 -97.6869
2834 -98.3066
2835 -97.9659
2836 -98.1496
2837 -97.2526
2838 -97.5202
2839 -98.4177
2840 -97.7738
2841 -97.313
2842 -98.3592
2843 -97.9312
2844 -98.5987
2845 -97.3037
2846 -97.8319
2847 -98.8321
2848 -98.5011
2849 -98.698
2850 -99.0599
2851 -99.8573
2852 -98.134
2853 -99.7561
2854 -97.4963
2855 -98.39
2856 -98.0789
2857 -96.6686
2858 -96.3574
2859 -96.0879
2860 -96.457
2861 -94.6887
2862 -95.8469
2863 -97.4178
2864 -96.0658
2865 -94.2438
2866 -94.3013
2867 -95.8817
2868 -95.9118
2869 -95.9177
2870 -95.7683
2871 -95.4972
2872 -96.8386
2873 -97.0599
2874 -99.306
2875 -97.0061
2876 -97.8674
2877 -97.7168
2878 -98.0993
2879 -97.3392
2880 -97.2141
2881 -97.8648
2882 -96.1072
2883 -97.1126
2884 -97.6907
2885 -97.7807
2886 -97.3438
2887 -98.7954
2888 -97.1013
2889 -96.4575
2890 -96.8493
2891 -97.1966
2892 -97.0465
2893 -96.1879
2894 -99.0928
2895 -97.6102
2896 -97.4413
2897 -96.7284
2898 -96.4266
2899 -98.7314
2900 -97.9119
2901 -96.0948
2902 -98.1256
2903 -98.2903
2904 -97.9272
2905 -95.8789
2906 -96.9905
2907 -95.403
2908 -95.8945
2909 -95.9582
2910 -95.4647
2911 -95.5927
2912 -95.2081
2913 -94.8631
2914 -92.8148
2915 -95.0172
2916 -95.084
2917 -94.9682
2918 -96.3473
2919 -95.7164
2920 -95.7605
2921 -96.2929
2922 -96.2504
2923 -96.2057
2924 -97.4087
2925 -96.7946
2926 -96.5212
2927 -96.7899
2928 -96.9648
2929 -96.3885
2930 -97.1151
2931 -97.1918
2932 -96.1685
2933 -96.5893
2934 -96.9814
2935 -94.7638
2936 -96.7995
2937 -96.5973
2938 -97.2109
2939 -98.6
2940 -98.9338
2941 -96.3537
2942 -94.9498
2943 -95.859
2944 -97.229
2945 -96.3679
2946 -96.0591
2947 -95.7225
2948 -97.098
2949 -97.0581
2950 -96.1105
2951 -96.1577
2952 -94.6331
2953 -96.2886
2954 -95.4434
2955 -94.8818
2956 -94.8117
2957 -94.6051
2958 -95.4868
2959 -94.1042
2960 -94.7747
2961 -94.1157
2962 -94.5239
2963 -92.3921
2964 -94.033
2965 -94.0556
2966 -94.9976
2967 -95.978
2968 -96.1884
2969 -96.2064
2970 -95.6004
2971 -95.5525
2972 -95.6245
2973 -97.5159
2974 -96.9996
2975 -94.8304
2976 -96.4984
2977 -95.8714
2978 -96.6519
2979 -97.1666
2980 -96.8045
2981 -96.8506
2982 -96.358
2983 -95.6562
2984 -95.5267
2985 -97.1995
2986 -97.0343
2987 -97.7321
2988 -95.7187
2989 -95.7563
2990 -95.4771
2991 -95.3211
2992 -96.4142
2993 -94.3443
2994 -96.043
2995 -96.939
2996 -96.593
2997 -97.5026
2998 -95.4554
2999 -96.8702
3000 -97.502
3001 -93.9113
3002 -95.8613
3003 -95.3242
3004 -95.8811
3005 -94.117
3006 -94.671
3007 -94.853
3008 -93.9622
3009 -94.4959
3010 -94.2887
3011 -94.6477
3012 -93.7644
3013 -93.8939
3014 -95.7044
3015 -94.5331
3016 -95.1511
3017 -95.3576
3018 -95.9285
3019 -94.8805
3020 -96.0686
3021 -94.5388
3022 -96.089
3023 -96.1566
3024 -96.051
3025 -95.77
3026 -95.415
3027 -95.4022
3028 -94.2787
3029 -94.7662
3030 -94.984
3031 -94.7768
3032 -96.2791
3033 -94.2273
3034 -96.5753
3035 -96.1565
3036 -97.1451
3037 -95.4943
3038 -94.9821
3039 -96.3158
3040 -95.8609
3041 -94.8683
3042 -96.3026
3043 -96.6092
3044 -95.8081
3045 -95.0563
3046 -94.8075
3047 -97.2991
3048 -96.4834
3049 -96.1315
3050 -95.5353
3051 -94.921
3052 -94.326
3053 -94.1507
3054 -95.3986
3055 -95.294
3056 -94.3734
3057 -95.7909
3058 -95.6429
3059 -97.6153
3060 -95.7347
3061 -96.8044
3062 -95.0568
3063 -97.1483
3064 -98.449
3065 -99.8991
3066 -99.5068
3067 -100.271
3068 -100.699
3069 -102.455
3070 -101.738
3071 -102.156
3072 -102.831
3073 -102.482
3074 -104.453
3075 -103.977
3076 -103.648
3077 -104.063
3078 -105.455
3079 -104.944
3080 -106.454
3081 -106.819
3082 -108.673
3083 -108.999
3084 -109.108
3085 -109.482
3086 -109.748
3087 -110.316
3088 -109.791
3089 -107.466
3090 -109.038
3091 -109.59
3092 -108.187
3093 -108.979
3094 -109.772
3095 -110.058
3096 -110.828
3097 -109.617
3098 -108.767
3099 -108.513
3100 -107.937
3101 -108.59
3102 -107.847
3103 -107.328
3104 -108.935
3105 -107.357
3106 -108.603
3107 -106.212
3108 -106.823
3109 -105.853
3110 -105.116
3111 -106.624
3112 -105.387
3113 -107.179
3114 -105.681
3115 -106.006
3116 -103.611
3117 -103.657
3118 -103.272
3119 -103.292
3120 -102.601
3121 -102.64
3122 -101.775
3123 -102.23
3124 -102.82
3125 -101.841
3126 -100.616
3127 -101.071
3128 -100.275
3129 -99.1745
3130 -98.4884
3131 -99.6625
3132 -99.8311
3133 -100.151
3134 -98.6929
3135 -99.2677
3136 -98.4014
3137 -98.9765
3138 -97.9074
3139 -97.5545
3140 -97.4262
3141 -100.547
3142 -99.0016
3143 -98.0571
3144 -98.1313
3145 -96.8571
3146 -97.3671
3147 -99.0296
3148 -98.582
3149 -97.6584
3150 -98.4172
3151 -98.2619
3152 -96.8186
3153 -96.0998
3154 -97.834
3155 -99.0165
3156 -98.8576
3157 -97.4607
3158 -96.495
3159 -96.2715
3160 -96.0988
3161 -97.2163
3162 -96.8907
3163 -96.5468
3164 -95.7721
3165 -96.0055
3166 -98.319
3167 -97.7445
3168 -96.6747
3169 -97.057
3170 -97.5566
3171 -96.6609
3172 -96.4623
3173 -95.7951
3174 -97.139
3175 -95.7899
3176 -97.2144
3177 -96.6557
3178 -97.4259
3179 -96.5875
3180 -97.494
3181 -96.3345
3182 -96.3381
3183 -96.3085
3184 -96.1118
3185 -97.2613
3186 -95.2941
3187 -96.2524
3188 -96.755
3189 -97.3013
3190 -96.5001
3191 -97.6756
3192 -96.639
3193 -98.3325
3194 -95.9105
3195 -96.7564
3196 -97.177
3197 -97.1243
3198 -96.233
3199 -97.774
3200 -95.3452
3201 -95.6215
3202 -97.2947
3203 -96.8925
3204 -97.5516
3205 -98.2154
3206 -96.5642
3207 -95.4366
3208 -96.647
3209 -97.5435
3210 -96.7039
3211 -98.1936
3212 -96.6632
3213 -97.1314
3214 -96.9304
3215 -96.2146
3216 -96.0848
3217 -96.0747
3218 -96.6762
3219 -97.7865
3220 -95.2934
3221 -96.4683
3222 -96.6409
3223 -96.5745
3224 -97.5708
3225 -96.504
3226 -97.8877
3227 -96.8323
3228 -97.3702
3229 -96.1146
3230 -94.5933
3231 -97.1645
3232 -96.3236
3233 -96.4401
3234 -97.5367
3235 -96.2972
3236 -96.5359
3237 -97.0529
3238 -96.0869
3239 -97.3199
3240 -97.3354
3241 -96.654
3242 -96.3932
3243 -97.4647
3244 -96.5289
3245 -96.3748
3246 -96.5497
3247 -96.245
3248 -95.5639
3249 -97.0439
3250 -95.2928
3251 -96.5721
3252 -94.7503
3253 -96.5217
3254 -96.9986
3255 -97.3115
3256 -97.1041
3257 -98.3192
3258 -96.2137
3259 -95.9104
3260 -96.4609
3261 -97.6182
3262 -97.5826
3263 -96.6198
3264 -96.5004
3265 -96.2436
3266 -95.9399
3267 -97.2534
3268 -96.2368
3269 -97.2521
3270 -97.7943
3271 -95.8143
3272 -96.7573
3273 -97.1599
3274 -97.7127
3275 -97.3029
3276 -94.6885
3277 -96.6499
3278 -95.8032
3279 -96.5091
3280 -97.4974
3281 -97.8992
3282 -97.5398
3283 -97.5128
3284 -98.2839
3285 -96.1942
3286 -96.8605
3287 -97.2657
3288 -96.86
3289 -97.1598
3290 -97.1872
3291 -97.5566
3292 -96.5396
3293 -96.7425
3294 -96.0744
3295 -97.9342
3296 -97.147
3297 -97.0008
3298 -96.7449
3299 -98.2722
3300 -99.5535
3301 -97.4147
3302 -96.7793
3303 -96.1741
3304 -96.4815
3305 -97.0715
3306 -98.0776
3307 -97.5209
3308 -97.3674
3309 -97.3107
3310 -96.8887
3311 -97.3746
3312 -96.5384
3313 -97.9777
3314 -96.853
3315 -98.0836
3316 -97.1978
3317 -98.1775
3318 -96.7101
3319 -95.7694
3320 -96.0544
3321 -98.278
3322 -97.8749
3323 -96.7504
3324 -95.7417
3325 -99.1112
3326 -96.9385
3327 -95.9546
3328 -96.1465
3329 -98.1658
3330 -96.4045
3331 -96.5043
3332 -96.1883
3333 -96.2001
3334 -95.7947
3335 -94.8508
3336 -97.0096
3337 -97.5398
3338 -97.4618
3339 -97.4871
3340 -95.8108
3341 -97.5863
3342 -97.4618
3343 -96.895
3344 -95.7816
3345 -96.4968
3346 -98.6288
3347 -97.2525
3348 -96.3341
3349 -98.9174
3350 -97.3615
3351 -97.6744
3352 -96.699
3353 -99.0924
3354 -96.7901
3355 -97.6203
3356 -97.6536
3357 -97.0047
3358 -95.1128
3359 -99.045
3360 -97.6845
3361 -97.3948
3362 -96.105
3363 -96.3881
3364 -96.8747
3365 -96.683
3366 -97.9949
3367 -97.8546
3368 -97.9377
3369 -96.9877
3370 -96.6474
3371 -98.1376
3372 -97.0031
3373 -97.0209
3374 -97.7422
3375 -97.6758
3376 -97.7645
3377 -97.4141
3378 -97.3539
3379 -97.6669
3380 -96.7693
3381 -97.2281
3382 -97.9142
3383 -97.7324
3384 -97.6613
3385 -96.7441
3386 -97.683
3387 -98.2827
3388 -96.9685
3389 -97.324
3390 -96.2686
3391 -97.9965
3392 -96.9547
3393 -96.8401
3394 -96.8277
3395 -97.9474
3396 -96.4957
3397 -96.9626
3398 -97.7253
3399 -97.5831
