0 -101.849
1 -104.008
2 -104.662
3 -102.904
4 -104.508
5 -103.494
6 -104.293
7 -104.412
8 -102.803
9 -105.028
10 -105.629
11 -105.283
12 -103.96
13 -104.074
14 -104.562
15 -103.672
16 -104.033
17 -104.841
18 -103.415
19 -103.579
20 -104.262
21 -102.969
22 -103.919
23 -104.322
24 -103.777
25 -103.459
26 -104.486
27 -105.368
28 -104.398
29 -105.143
30 -105.043
31 -105.724
32 -104.546
33 -107.096
34 -107.388
35 -107.998
36 -107.96
37 -108.832
38 -108.907
39 -108.478
40 -108.997
41 -110.048
42 -111.726
43 -111.591
44 -112.954
45 -112.645
46 -113.85
47 -114.668
48 -113.863
49 -115.7
50 -116.875
51 -117.526
52 -116.47
53 -117.396
54 -118.473
55 -119.259
56 -118.093
57 -120.05
58 -122.325
59 -122.576
60 -122.904
61 -121.898
62 -122.286
63 -122.272
64 -122.875
65 -123.362
66 -125.653
67 -123.5
68 -124.957
69 -123.897
70 -123.358
71 -123.55
72 -123.913
73 -123.664
74 -122.685
75 -121.911
76 -122.855
77 -122.405
78 -122.617
79 -121.318
80 -121.224
81 -119.444
82 -119.39
83 -120.363
84 -119.167
85 -118.054
86 -118.73
87 -117.004
88 -118.011
89 -115.685
90 -116.516
91 -115.27
92 -115.762
93 -113.977
94 -114.526
95 -113.346
96 -112.739
97 -113.758
98 -112.421
99 -114.029
100 -113.935
101 -111.928
102 -111.558
103 -112.118
104 -111.229
105 -110.264
106 -111.762
107 -112.173
108 -111.908
109 -113.288
110 -112.283
111 -113.209
112 -114.011
113 -113.061
114 -111.516
115 -112.517
116 -113.303
117 -112.616
118 -112.845
119 -113.523
120 -112.192
121 -114.286
122 -112.095
123 -113.983
124 -115.364
125 -112.537
126 -113.631
127 -112.454
128 -113.156
129 -112.73
130 -112.604
131 -111.944
132 -112.703
133 -112.287
134 -111.827
135 -112.398
136 -110.733
137 -111.58
138 -110.015
139 -110.639
140 -111.099
141 -110.509
142 -109.976
143 -110.642
144 -110.994
145 -108.258
146 -109.468
147 -109.414
148 -109.736
149 -111.366
150 -111.411
151 -112.59
152 -111.982
153 -112.015
154 -111.942
155 -112.823
156 -112.004
157 -110.894
158 -111.671
159 -112.483
160 -112.094
161 -111.855
162 -111.407
163 -112.222
164 -112.118
165 -112.775
166 -111.672
167 -111.766
168 -110.517
169 -112.189
170 -110.825
171 -109.826
172 -111.365
173 -112.855
174 -111.795
175 -112.076
176 -112.643
177 -111.351
178 -108.565
179 -109.722
180 -110.316
181 -110.668
182 -111.043
183 -111.102
184 -108.881
185 -109.991
186 -109.352
187 -109.285
188 -109.918
189 -110.686
190 -111.348
191 -111.117
192 -112.182
193 -112.336
194 -112.043
195 -113.438
196 -111.38
197 -109.234
198 -112.141
199 -112.4
200 -112.781
201 -113.342
202 -113.194
203 -113.109
204 -112.667
205 -111.276
206 -113.045
207 -112.263
208 -111.779
209 -110.428
210 -110.811
211 -112.413
212 -112.081
213 -112.7
214 -111.496
215 -111.584
216 -111.324
217 -111.435
218 -110.091
219 -109.097
220 -110.21
221 -110.722
222 -112.045
223 -110.871
224 -109.065
225 -110.107
226 -110.159
227 -109.52
228 -108.242
229 -110.672
230 -109.949
231 -110.885
232 -111.629
233 -112.275
234 -110.699
235 -112.013
236 -112.844
237 -111.805
238 -110.263
239 -111.325
240 -112.57
241 -112.784
242 -112.295
243 -112.629
244 -113.285
245 -112.032
246 -113.097
247 -111.952
248 -111.668
249 -111.783
250 -111.715
251 -112.258
252 -111.612
253 -111.8
254 -112.274
255 -112.152
256 -111.443
257 -111.683
258 -109.084
259 -109.292
260 -109.924
261 -109.047
262 -111.591
263 -111.913
264 -110.087
265 -110.45
266 -110.106
267 -109.643
268 -108.872
269 -111.702
270 -109.193
271 -109.573
272 -111.596
273 -110.664
274 -111.404
275 -112.488
276 -111.002
277 -111.103
278 -112.053
279 -112.067
280 -110.967
281 -113.589
282 -115.809
283 -112.887
284 -112.221
285 -112.978
286 -114.249
287 -111.943
288 -113.574
289 -112.782
290 -111.675
291 -112.346
292 -113.266
293 -111.799
294 -113.208
295 -112.383
296 -109.662
297 -110.49
298 -110.066
299 -109.952
300 -110.42
301 -109.952
302 -110.838
303 -111.492
304 -111.093
305 -110.189
306 -111.261
307 -109.042
308 -109.531
309 -108.924
310 -110.579
311 -108.985
312 -111.274
313 -110.291
314 -113.056
315 -112.076
316 -111.214
317 -113.088
318 -110.988
319 -111.976
320 -111.215
321 -113.306
322 -113.615
323 -112.735
324 -113.466
325 -112.393
326 -111.367
327 -110.951
328 -111.887
329 -111.815
330 -110.937
331 -110.384
332 -111.436
333 -111.918
334 -111.182
335 -111.897
336 -111.455
337 -110.387
338 -109.674
339 -111.079
340 -110.652
341 -109.888
342 -109.803
343 -110.225
344 -109.524
345 -111.291
346 -109.546
347 -109.154
348 -111.177
349 -108.469
350 -109.611
351 -108.696
352 -110.902
353 -112.281
354 -112.288
355 -111.28
356 -112.863
357 -111.477
358 -112.087
359 -110.786
360 -112.285
361 -111.545
362 -113.64
363 -113.688
364 -112.366
365 -111.2
366 -111.946
367 -113.28
368 -111.671
369 -112.092
370 -110.474
371 -111.765
372 -112.051
373 -112.123
374 -111.359
375 -110.652
376 -111.375
377 -110.508
378 -110.828
379 -109.115
380 -110.293
381 -111.68
382 -110.477
383 -111.1
384 -109.824
385 -111.499
386 -110.006
387 -110.142
388 -110.359
389 -109.781
390 -109.137
391 -109.232
392 -109.014
393 -110.958
394 -109.959
395 -111.277
396 -112.747
397 -111.976
398 -111.075
399 -111.337
400 -111.889
401 -112.484
402 -113.147
403 -112.664
404 -113.006
405 -113.479
406 -110.226
407 -113.196
408 -113.12
409 -113.139
410 -112.788
411 -111.234
412 -110.2
413 -110.693
414 -113.086
415 -110.339
416 -112.866
417 -112.273
418 -111.333
419 -110.482
420 -109.94
421 -110.297
422 -109.548
423 -110.246
424 -110.562
425 -108.867
426 -110.285
427 -110.469
428 -109.493
429 -108.798
430 -109.324
431 -110.372
432 -109.985
433 -113.103
434 -111.345
435 -111.089
436 -111.465
437 -110.65
438 -111.182
439 -111.232
440 -110.473
441 -108.886
442 -110.726
443 -110.05
444 -110.112
445 -110.228
446 -110.536
447 -109.203
448 -107.875
449 -106.75
450 -106.525
451 -106.121
452 -105.032
453 -104.398
454 -103.331
455 -104.847
456 -103.286
457 -102.651
458 -101.937
459 -102.251
460 -101.128
461 -99.3658
462 -97.9941
463 -97.4243
464 -97.4552
465 -96.5582
466 -96.227
467 -97.2984
468 -95.2736
469 -97.0557
470 -96.3941
471 -95.5904
472 -94.7754
473 -94.4677
474 -95.0864
475 -95.4118
476 -93.7896
477 -96.6009
478 -94.9643
479 -95.5553
480 -96.8577
481 -96.1013
482 -96.8865
483 -96.6721
484 -96.3641
485 -97.3588
486 -97.4386
487 -101.224
488 -100.401
489 -100.532
490 -100.185
491 -100.941
492 -102.439
493 -102.04
494 -102.225
495 -103.355
496 -104.432
497 -103.982
498 -102.56
499 -103.463
500 -102.972
501 -103.371
502 -103.723
503 -104.565
504 -105.015
505 -104.161
506 -104.732
507 -105.554
508 -104.954
509 -105.654
510 -105.255
511 -104.891
512 -106.18
513 -106.144
514 -105.921
515 -107.171
516 -106.623
517 -104.954
518 -104.562
519 -106.329
520 -107.024
521 -108.603
522 -106.103
523 -105.953
524 -106.566
525 -106.999
526 -107.037
527 -106.352
528 -106.406
529 -107.751
530 -106.07
531 -106.955
532 -106.461
533 -107.449
534 -105.209
535 -107.438
536 -107.087
537 -107.572
538 -106.409
539 -106.428
540 -107.474
541 -107.164
542 -107.177
543 -106.406
544 -108.212
545 -108.046
546 -107.334
547 -105.905
548 -107.994
549 -106.948
550 -107.334
551 -106.903
552 -109.356
553 -107.541
554 -108.208
555 -107.36
556 -107.649
557 -107.602
558 -106.748
559 -108.485
560 -108.456
561 -107.552
562 -108.068
563 -108.087
564 -106.504
565 -105.873
566 -106.684
567 -105.03
568 -107.322
569 -104.013
570 -103.624
571 -103.894
572 -103.97
573 -101.883
574 -102.735
575 -100.72
576 -100.447
577 -99.5755
578 -98.8973
579 -98.9246
580 -100.178
581 -96.9854
582 -98.2449
583 -96.3794
584 -95.3224
585 -95.269
586 -93.124
587 -93.3674
588 -92.3945
589 -91.0043
590 -90.7768
591 -92.0247
592 -90.764
593 -88.6496
594 -89.8129
595 -88.5273
596 -87.8823
597 -85.9768
598 -84.5069
599 -84.4368
600 -86.0038
601 -86.1003
602 -86.3379
603 -85.0761
604 -87.7055
605 -85.3343
606 -86.2237
607 -85.6694
608 -87.6818
609 -87.4019
610 -88.7169
611 -88.379
612 -89.3478
613 -89.9114
614 -89.2304
615 -87.7676
616 -91.1024
617 -92.7295
618 -92.4588
619 -94.2489
620 -92.4917
621 -95.7115
622 -94.6601
623 -94.2436
624 -95.0292
625 -94.9365
626 -97.1011
627 -96.5468
628 -97.98
629 -97.9078
630 -97.539
631 -98.6784
632 -96.7917
633 -97.5323
634 -99.9426
635 -97.8464
636 -98.9429
637 -98.1737
638 -98.3166
639 -100.628
640 -98.4388
641 -100.392
642 -101.391
643 -100.864
644 -100.199
645 -99.3162
646 -98.5913
647 -97.9629
648 -98.6381
649 -97.2545
650 -97.0595
651 -96.6273
652 -96.1986
653 -96.6299
654 -97.9671
655 -98.6602
656 -97.8147
657 -97.7349
658 -99.2499
659 -99.2774
660 -101.199
661 -99.7335
662 -100.908
663 -100.442
664 -101.767
665 -102.509
666 -100.589
667 -100
668 -100.39
669 -100.797
670 -98.9892
671 -101.212
672 -99.9228
673 -100.222
674 -102.477
675 -102.502
676 -101.598
677 -99.5497
678 -100.344
679 -101.454
680 -100.93
681 -101.963
682 -102.566
683 -100.764
684 -102.231
685 -102.004
686 -101.762
687 -99.8926
688 -99.6075
689 -99.4772
690 -99.9169
691 -98.5913
692 -98.5766
693 -97.94
694 -96.9713
695 -97.2199
696 -98.287
697 -98.5817
698 -101.239
699 -99.1126
700 -98.9358
701 -100.532
702 -101.508
703 -101.38
704 -102.846
705 -101.357
706 -99.3713
707 -101.169
708 -100.567
709 -101.605
710 -100.291
711 -101.555
712 -100.753
713 -101.694
714 -101.309
715 -100.635
716 -100.419
717 -100.769
718 -100.586
719 -100.234
720 -100.972
721 -102.314
722 -101.534
723 -101.802
724 -100.572
725 -99.8037
726 -100.937
727 -99.9816
728 -99.785
729 -99.4839
730 -97.3304
731 -99.1328
732 -98.5364
733 -97.5869
734 -98.0328
735 -96.5077
736 -96.5388
737 -98.9313
738 -98.7226
739 -100.004
740 -99.1045
741 -101.616
742 -101.135
743 -100.584
744 -100.684
745 -102.303
746 -100.225
747 -101.225
748 -101.692
749 -101.185
750 -99.6335
751 -101.414
752 -100.7
753 -102.082
754 -102.915
755 -101.791
756 -100.749
757 -101.276
758 -99.1155
759 -99.1349
760 -99.8771
761 -100.317
762 -101.428
763 -101.001
764 -101.441
765 -101.435
766 -101.122
767 -100.882
768 -100.211
769 -98.4111
770 -97.7037
771 -97.7894
772 -98.6737
773 -97.177
774 -97.8494
775 -98.5542
776 -97.6876
777 -98.2669
778 -99.5925
779 -98.1856
780 -100.523
781 -99.6336
782 -101.7
783 -99.7313
784 -102.263
785 -101.631
786 -100.891
787 -100.766
788 -101.502
789 -101.239
790 -101.168
791 -100.502
792 -99.891
793 -100.61
794 -100.3
795 -100.654
796 -101.992
797 -101.958
798 -101.497
799 -100.642
800 -100.676
801 -100.742
802 -99.6369
803 -101.077
804 -101.531
805 -101.021
806 -102.557
807 -99.6773
808 -99.8204
809 -101.436
810 -98.5025
811 -98.4496
812 -99.0861
813 -98.3122
814 -98.2906
815 -98.7633
816 -98.2368
817 -98.0308
818 -98.3003
819 -98.6568
820 -99.3201
821 -99.1314
822 -100.596
823 -100.887
824 -101.282
825 -101.906
826 -102.6
827 -99.9406
828 -101.923
829 -100.462
830 -100.127
831 -101.311
832 -100.696
833 -99.2917
834 -100.725
835 -101.381
836 -101.926
837 -100.665
838 -100.494
839 -99.3663
840 -99.9503
841 -98.8352
842 -99.2639
843 -100.73
844 -101.168
845 -101.539
846 -102.24
847 -102.435
848 -100.48
849 -100.641
850 -98.9927
851 -98.9222
852 -97.9757
853 -98.5109
854 -98.9169
855 -98.9054
856 -99.624
857 -97.4791
858 -98.7933
859 -97.9825
860 -98.7534
861 -99.3942
862 -100.902
863 -102.079
864 -101.297
865 -102.297
866 -102.043
867 -100.044
868 -99.6668
869 -101.031
870 -100.241
871 -99.165
872 -98.5852
873 -101.661
874 -101.722
875 -100.942
876 -102.03
877 -100.557
878 -101.011
879 -100.22
880 -101.149
881 -101.343
882 -99.139
883 -101.569
884 -101.874
885 -103.116
886 -101.958
887 -100.932
888 -99.2896
889 -99.571
890 -99.3671
891 -99.0275
892 -98.9588
893 -98.8232
894 -98.1374
895 -97.4749
896 -98.0239
897 -99.3827
898 -97.5064
899 -98.2588
900 -100.089
901 -98.6567
902 -100.644
903 -101.564
904 -100.703
905 -101.738
906 -101.134
907 -101
908 -99.9194
909 -99.8753
910 -101.487
911 -100.094
912 -100.135
913 -99.4725
914 -100.243
915 -98.537
916 -100.638
917 -100.994
918 -100.138
919 -101.509
920 -101.213
921 -101.133
922 -99.6852
923 -100.536
924 -99.6889
925 -100.767
926 -102.014
927 -100.858
928 -103.204
929 -99.7606
930 -98.617
931 -98.6391
932 -98.5743
933 -98.9068
934 -98.3534
935 -98.6706
936 -99.5468
937 -97.643
938 -97.3481
939 -98.117
940 -98.7861
941 -98.7392
942 -100.573
943 -100.102
944 -98.684
945 -100.083
946 -100.433
947 -100.236
948 -101.034
949 -100.637
950 -100.261
951 -100.673
952 -101.109
953 -100.432
954 -100.564
955 -101.093
956 -99.7156
957 -99.644
958 -99.7514
959 -99.9042
960 -99.7946
961 -99.6288
962 -100.491
963 -100.39
964 -99.6861
965 -100.593
966 -100.077
967 -101.3
968 -101.624
969 -101.141
970 -100.243
971 -99.866
972 -100.213
973 -99.4244
974 -99.9189
975 -100.041
976 -100.576
977 -100.05
978 -100.45
979 -101.049
980 -101.484
981 -103.181
982 -105.137
983 -104.857
984 -104.895
985 -106.391
986 -106.445
987 -108.457
988 -108.256
989 -109.078
990 -109.711
991 -108.686
992 -109.319
993 -109.29
994 -109.835
995 -111.659
996 -112.24
997 -112.896
998 -114.681
999 -115.401
1000 -114.909
1001 -114.538
1002 -114.403
1003 -114.814
1004 -114.509
1005 -116.085
1006 -114.249
1007 -115.13
1008 -114.894
1009 -114.137
1010 -114.057
1011 -113.745
1012 -112.821
1013 -112
1014 -113.323
1015 -114.158
1016 -113.24
1017 -112.817
1018 -111.333
1019 -112.151
1020 -112.194
1021 -110.9
1022 -110.951
1023 -110.94
1024 -108.922
1025 -108.376
1026 -108.819
1027 -109.356
1028 -107.338
1029 -107.188
1030 -106.612
1031 -105.424
1032 -105.449
1033 -106.906
1034 -105.427
1035 -106.282
1036 -105.349
1037 -104.645
1038 -104.361
1039 -106.142
1040 -103.8
1041 -104.9
1042 -105.811
1043 -104.576
1044 -104.193
1045 -104.736
1046 -104.285
1047 -103.444
1048 -104.782
1049 -104.405
1050 -104.646
1051 -103.295
1052 -102.709
1053 -103.96
1054 -103.131
1055 -103.07
1056 -102.848
1057 -103.536
1058 -103.031
1059 -103.909
1060 -103.789
1061 -102.818
1062 -102.208
1063 -104.37
1064 -103.466
1065 -104.539
1066 -104.217
1067 -103.274
1068 -103.456
1069 -103.897
1070 -102.449
1071 -103.228
1072 -103.163
1073 -103.646
1074 -102.646
1075 -103.957
1076 -103.126
1077 -104.123
1078 -102.199
1079 -102.297
1080 -102.439
1081 -102.099
1082 -101.737
1083 -103.575
1084 -101.224
1085 -102.861
1086 -101.365
1087 -103.014
1088 -102.506
1089 -103.101
1090 -103.484
1091 -103.481
1092 -101.174
1093 -103.361
1094 -104.439
1095 -103.487
1096 -101.751
1097 -103.217
1098 -105.101
1099 -103.998
1100 -102.926
1101 -102.95
1102 -104.818
1103 -105.51
1104 -105.002
1105 -107.315
1106 -108.185
1107 -107.988
1108 -107.862
1109 -108.058
1110 -108.1
1111 -109.447
1112 -111.899
1113 -111.441
1114 -110.014
1115 -112.184
1116 -112.727
1117 -112.557
1118 -113.685
1119 -114.932
1120 -114.092
1121 -115.293
1122 -117.769
1123 -118.312
1124 -119.723
1125 -118.735
1126 -119.589
1127 -120.434
1128 -120.708
1129 -123.081
1130 -121.782
1131 -123.215
1132 -123.058
1133 -123.449
1134 -122.205
1135 -123.735
1136 -122.797
1137 -122.535
1138 -121.61
1139 -122.476
1140 -121.967
1141 -121.937
1142 -121.399
1143 -120.63
1144 -120.111
1145 -122.792
1146 -121.617
1147 -121.892
1148 -120.399
1149 -119.718
1150 -118.814
1151 -118.627
1152 -117.56
1153 -117.096
1154 -117.445
1155 -116.472
1156 -116.673
1157 -117.166
1158 -115.863
1159 -115.165
1160 -114.465
1161 -112.649
1162 -113.692
1163 -112.209
1164 -111.077
1165 -112.525
1166 -113.841
1167 -110.057
1168 -112.188
1169 -112.12
1170 -112.604
1171 -110.552
1172 -111.546
1173 -110.921
1174 -109.499
1175 -110.569
1176 -110.773
1177 -110.79
1178 -112.82
1179 -110.672
1180 -112.285
1181 -110.83
1182 -112.545
1183 -111.737
1184 -111.636
1185 -111.358
1186 -111.55
1187 -110.877
1188 -112.529
1189 -111.895
1190 -113.132
1191 -111.804
1192 -111.735
1193 -110.887
1194 -110.493
1195 -109.143
1196 -111.034
1197 -111.983
1198 -111.161
1199 -110.914
1200 -111.122
1201 -111.15
1202 -110.723
1203 -109.419
1204 -108.748
1205 -109.395
1206 -109.59
1207 -110.799
1208 -108.865
1209 -110.034
1210 -108.108
1211 -108.338
1212 -109.581
1213 -107.933
1214 -107.871
1215 -108.368
1216 -109.325
1217 -110.819
1218 -110.475
1219 -111.446
1220 -110.651
1221 -110.589
1222 -112.234
1223 -112.25
1224 -111.208
1225 -110.575
1226 -111.533
1227 -110.633
1228 -111.897
1229 -111.806
1230 -112.112
1231 -111.977
1232 -113.071
1233 -112.777
1234 -112.264
1235 -110.401
1236 -109.65
1237 -109.761
1238 -112.625
1239 -109.973
1240 -111.486
1241 -111.359
1242 -109.979
1243 -110.493
1244 -109.867
1245 -107.689
1246 -109.512
1247 -108.649
1248 -110.114
1249 -110.783
1250 -109.436
1251 -107.744
1252 -107.842
1253 -107.929
1254 -108.119
1255 -109.373
1256 -108.018
1257 -109.983
1258 -109.264
1259 -110.788
1260 -109.942
1261 -110.821
1262 -111.623
1263 -111.62
1264 -110.58
1265 -111.469
1266 -110.938
1267 -110.376
1268 -112.074
1269 -111.567
1270 -112.63
1271 -111.559
1272 -110.24
1273 -110.642
1274 -109.898
1275 -110.71
1276 -110.254
1277 -110.266
1278 -110.234
1279 -109.588
1280 -110.656
1281 -111.454
1282 -110.171
1283 -109.394
1284 -109.583
1285 -108.024
1286 -110.272
1287 -108.697
1288 -110.33
1289 -109.487
1290 -109.284
1291 -109.516
1292 -108.465
1293 -107.993
1294 -108.999
1295 -108.262
1296 -109.023
1297 -108.146
1298 -109.263
1299 -109.539
1300 -108.847
1301 -111.615
1302 -111.492
1303 -110.949
1304 -112.008
1305 -110.764
1306 -111.244
1307 -109.163
1308 -111.797
1309 -108.974
1310 -112.086
1311 -111.877
1312 -111.906
1313 -111.188
1314 -110.745
1315 -112.507
1316 -110.407
1317 -111.435
1318 -110.12
1319 -110.678
1320 -111.49
1321 -110.151
1322 -111.444
1323 -112.822
1324 -111.405
1325 -109.965
1326 -110.126
1327 -109.256
1328 -107.613
1329 -110.144
1330 -108.299
1331 -111.222
1332 -109.706
1333 -108.924
1334 -109.478
1335 -108.296
1336 -107.38
1337 -108.627
1338 -109.019
1339 -109.635
1340 -111.369
1341 -111.518
1342 -110.897
1343 -110.649
1344 -110.684
1345 -110.293
1346 -111.747
1347 -110.347
1348 -111.759
1349 -111.774
1350 -111.472
1351 -111.309
1352 -110.517
1353 -111.787
1354 -112.331
1355 -109.858
1356 -111.126
1357 -111.487
1358 -110.172
1359 -111.087
1360 -110.421
1361 -110.598
1362 -111.29
1363 -110.002
1364 -109.968
1365 -108.543
1366 -110.31
1367 -110.153
1368 -108.988
1369 -111.588
1370 -109.368
1371 -108.845
1372 -110.251
1373 -109.648
1374 -109.855
1375 -108.907
1376 -110.523
1377 -108.827
1378 -109.308
1379 -110.566
1380 -109.588
1381 -108.871
1382 -111.007
1383 -111.301
1384 -111.137
1385 -109.948
1386 -109.373
1387 -110.656
1388 -111.72
1389 -112.921
1390 -109.968
1391 -112.797
1392 -112.731
1393 -111.512
1394 -112.286
1395 -112.202
1396 -112.699
1397 -110.502
1398 -111.078
1399 -111.591
1400 -110.463
1401 -112.008
1402 -111.244
1403 -110.68
1404 -109.578
1405 -109.988
1406 -110.221
1407 -108.712
1408 -108.688
1409 -109.063
1410 -109.955
1411 -109.188
1412 -108.692
1413 -109.438
1414 -110.696
1415 -107.282
1416 -108.029
1417 -107.141
1418 -108.032
1419 -107.13
1420 -109.686
1421 -112.952
1422 -112.11
1423 -111.339
1424 -110.575
1425 -109.833
1426 -111.062
1427 -109.445
1428 -110.179
1429 -110.897
1430 -111.927
1431 -113.22
1432 -112.677
1433 -112.654
1434 -112.251
1435 -111.202
1436 -110.508
1437 -109.917
1438 -110.278
1439 -111.531
1440 -111.285
1441 -110.687
1442 -110.609
1443 -110.563
1444 -110.61
1445 -108.546
1446 -111.004
1447 -109.099
1448 -108.693
1449 -109.351
1450 -109.639
1451 -109.095
1452 -110.892
1453 -110.934
1454 -110.859
1455 -108.886
1456 -107.897
1457 -108.526
1458 -109.609
1459 -108.87
1460 -110.118
1461 -110.221
1462 -110.552
1463 -110.821
1464 -110.681
1465 -110.712
1466 -108.962
1467 -110.706
1468 -109.816
1469 -110.8
1470 -111.042
1471 -112.529
1472 -112.025
1473 -112.923
1474 -113.488
1475 -112.077
1476 -111.049
1477 -111.144
1478 -110.618
1479 -111.037
1480 -110.729
1481 -109.934
1482 -110.045
1483 -112.487
1484 -110.663
1485 -112.22
1486 -110.228
1487 -109.171
1488 -108.607
1489 -108.573
1490 -109.023
1491 -109.283
1492 -109.865
1493 -109.455
1494 -109.857
1495 -107.714
1496 -108.059
1497 -108.688
1498 -107.575
1499 -106.421
1500 -109.135
1501 -109.757
1502 -110.301
1503 -112.045
1504 -109.626
1505 -109.121
1506 -109.295
1507 -109.164
1508 -107.809
1509 -108.655
1510 -109.8
1511 -108.67
1512 -110.87
1513 -107.402
1514 -107.87
1515 -108.215
1516 -107.147
1517 -106.661
1518 -106.587
1519 -104.318
1520 -103.647
1521 -103.25
1522 -104.456
1523 -102.955
1524 -102.019
1525 -101.372
1526 -102.759
1527 -100.595
1528 -99.897
1529 -97.1407
1530 -95.4231
1531 -96.3199
1532 -95.8041
1533 -95.9355
1534 -95.8291
1535 -95.9335
1536 -95.9372
1537 -96.36
1538 -95.0876
1539 -93.6887
1540 -93.4705
1541 -93.2776
1542 -94.1405
1543 -94.3057
1544 -95.1227
1545 -94.3677
1546 -95.669
1547 -95.4177
1548 -96.5942
1549 -95.3054
1550 -96.314
1551 -96.3342
1552 -96.1158
1553 -96.8188
1554 -97.7819
1555 -98.9427
1556 -98.8189
1557 -98.4505
1558 -100.556
1559 -101.183
1560 -99.7264
1561 -101.343
1562 -101.449
1563 -101.607
1564 -102.095
1565 -101.444
1566 -103.932
1567 -103.467
1568 -104.517
1569 -103.932
1570 -101.314
1571 -104.539
1572 -103.645
1573 -104.392
1574 -105.415
1575 -104.669
1576 -103.519
1577 -105.739
1578 -105.305
1579 -104.56
1580 -104.208
1581 -105.244
1582 -105.815
1583 -107.176
1584 -105.473
1585 -105.625
1586 -105.755
1587 -105.603
1588 -104.605
1589 -106.045
1590 -105.889
1591 -105.968
1592 -106.309
1593 -106.291
1594 -105.438
1595 -105.394
1596 -105.748
1597 -106.681
1598 -107.033
1599 -107.475
1600 -106.221
1601 -106.592
1602 -106.02
1603 -107.179
1604 -105.819
1605 -106.174
1606 -106.994
1607 -106.706
1608 -107.278
1609 -106.56
1610 -107.86
1611 -106.791
1612 -106.55
1613 -107.22
1614 -105.725
1615 -105.359
1616 -107.396
1617 -106.575
1618 -108.771
1619 -106.289
1620 -106.997
1621 -106.386
1622 -108.276
1623 -107.326
1624 -105.807
1625 -107.197
1626 -106.629
1627 -107.74
1628 -107.664
1629 -107.571
1630 -104.966
1631 -106.645
1632 -107.085
1633 -106.662
1634 -105.507
1635 -104.848
1636 -104.335
1637 -104.971
1638 -103.855
1639 -103.727
1640 -102.844
1641 -102.465
1642 -101.269
1643 -101.165
1644 -99.9091
1645 -99.0551
1646 -99.2876
1647 -98.3487
1648 -97.0658
1649 -97.8746
1650 -96.2343
1651 -96.112
1652 -95.5244
1653 -94.6484
1654 -94.4764
1655 -94.8913
1656 -92.1683
1657 -93.0826
1658 -91.7718
1659 -90.8858
1660 -90.1418
1661 -89.0667
1662 -88.3997
1663 -89.1318
1664 -86.8813
1665 -87.0607
1666 -86.2825
1667 -87.2649
1668 -85.3592
1669 -85.4522
1670 -86.3338
1671 -84.9424
1672 -85.7764
1673 -87.1389
1674 -86.1181
1675 -85.2006
1676 -86.464
1677 -87.0736
1678 -87.2422
1679 -86.9805
1680 -88.1175
1681 -89.0309
1682 -89.3255
1683 -90.7279
1684 -90.3927
1685 -91.8808
1686 -91.0032
1687 -93.2575
1688 -92.8022
1689 -95.1168
1690 -93.4094
1691 -96.0279
1692 -95.6606
1693 -95.8103
1694 -95.767
1695 -95.7103
1696 -96.2645
1697 -95.4246
1698 -97.8529
1699 -98.0532
1700 -98.7151
1701 -98.9937
1702 -98.7642
1703 -97.279
1704 -99.8702
1705 -98.532
1706 -98.543
1707 -99.2067
1708 -98.4099
1709 -101.336
1710 -99.6801
1711 -99.5089
1712 -99.8196
1713 -98.9781
1714 -98.6677
1715 -97.9842
1716 -97.4842
1717 -96.9974
1718 -96.7344
1719 -98.1777
1720 -97.5245
1721 -97.5175
1722 -96.7509
1723 -96.7865
1724 -97.9369
1725 -99.1246
1726 -97.9408
1727 -100.801
1728 -99.7011
1729 -100.605
1730 -100.509
1731 -98.5373
1732 -101.147
1733 -101.449
1734 -101.302
1735 -101.202
1736 -99.644
1737 -99.6748
1738 -99.5319
1739 -100.719
1740 -98.6328
1741 -99.8193
1742 -99.7381
1743 -101.272
1744 -99.5001
1745 -99.0586
1746 -99.2346
1747 -99.4611
1748 -101.695
1749 -100.329
1750 -101.833
1751 -102.407
1752 -102.546
1753 -100.818
1754 -99.635
1755 -98.5931
1756 -99.3017
1757 -99.2412
1758 -98.6938
1759 -98.1124
1760 -98.247
1761 -99.2036
1762 -97.8115
1763 -97.0358
1764 -96.6556
1765 -97.7765
1766 -99.6648
1767 -100.189
1768 -100.864
1769 -98.9542
1770 -99.2144
1771 -101.705
1772 -102.123
1773 -101.97
1774 -99.6624
1775 -99.6462
1776 -99.7876
1777 -100.701
1778 -101.91
1779 -102.077
1780 -100.518
1781 -102.508
1782 -101.129
1783 -101.677
1784 -100.025
1785 -99.8265
1786 -100.787
1787 -99.8872
1788 -100.827
1789 -102.228
1790 -101.147
1791 -102.271
1792 -100.887
1793 -101.094
1794 -101.29
1795 -99.4774
1796 -100.461
1797 -98.9412
1798 -99.5692
1799 -97.9758
1800 -98.0026
1801 -97.9249
1802 -97.7447
1803 -98.545
1804 -98.266
1805 -98.018
1806 -99.2111
1807 -98.7073
1808 -100.693
1809 -100.262
1810 -100.666
1811 -99.8926
1812 -101.363
1813 -101.005
1814 -101.684
1815 -101.187
1816 -101.062
1817 -99.2029
1818 -99.5202
1819 -99.5315
1820 -100.979
1821 -100.57
1822 -101.137
1823 -99.8964
1824 -100.519
1825 -99.2858
1826 -101.646
1827 -102.368
1828 -100.226
1829 -101.978
1830 -100.182
1831 -102.609
1832 -101.155
1833 -102.212
1834 -101.302
1835 -100.188
1836 -100.657
1837 -101.399
1838 -99.2275
1839 -97.4839
1840 -97.699
1841 -97.1985
1842 -98.565
1843 -97.6459
1844 -98.9836
1845 -97.1632
1846 -97.5668
1847 -98.4475
1848 -99.0225
1849 -99.5981
1850 -100.103
1851 -99.9589
1852 -100.335
1853 -101.204
1854 -99.4149
1855 -101.041
1856 -100.943
1857 -99.6463
1858 -100.152
1859 -100.718
1860 -101.308
1861 -101.462
1862 -100.255
1863 -101.342
1864 -101.209
1865 -99.8419
1866 -99.2208
1867 -100.123
1868 -99.7344
1869 -100.312
1870 -101.52
1871 -100.816
1872 -101.625
1873 -101.904
1874 -101.29
1875 -102.091
1876 -99.4048
1877 -98.975
1878 -98.2029
1879 -99.5818
1880 -98.3988
1881 -98.1052
1882 -100.031
1883 -95.5169
1884 -97.7249
1885 -98.2818
1886 -98.9001
1887 -99.3693
1888 -97.9844
1889 -100.113
1890 -100.365
1891 -100.516
1892 -101.482
1893 -102.183
1894 -100.258
1895 -100.062
1896 -100.752
1897 -100.656
1898 -100.955
1899 -101.617
1900 -100.799
1901 -98.815
1902 -101.101
1903 -100.971
1904 -102.049
1905 -100.194
1906 -101.007
1907 -99.8375
1908 -99.7929
1909 -100.502
1910 -101.154
1911 -101.678
1912 -101.433
1913 -101.593
1914 -101.869
1915 -101.587
1916 -101.363
1917 -99.4302
1918 -100.191
1919 -100.025
1920 -98.4925
1921 -98.4695
1922 -97.5086
1923 -99.2926
1924 -98.0515
1925 -97.38
1926 -97.6291
1927 -98.6368
1928 -98.9255
1929 -99.6905
1930 -101.081
1931 -100.941
1932 -101.104
1933 -101.14
1934 -100.058
1935 -101.41
1936 -100.663
1937 -100.064
1938 -99.8997
1939 -100.646
1940 -99.1094
1941 -99.1985
1942 -99.7244
1943 -100.854
1944 -100.131
1945 -100.302
1946 -100.523
1947 -100.789
1948 -100.523
1949 -101.857
1950 -99.0133
1951 -102.515
1952 -99.8201
1953 -103.333
1954 -102.275
1955 -102.3
1956 -101.218
1957 -101.215
1958 -99.3605
1959 -98.1016
1960 -98.5261
1961 -99.3326
1962 -96.928
1963 -98.5101
1964 -99.5621
1965 -98.7322
1966 -99.5107
1967 -97.7193
1968 -97.806
1969 -100.043
1970 -99.7522
1971 -101.408
1972 -100.712
1973 -100.497
1974 -100.845
1975 -101.216
1976 -100.524
1977 -101.775
1978 -100.307
1979 -100.425
1980 -99.1908
1981 -99.7984
1982 -100.589
1983 -101.06
1984 -101.259
1985 -100.421
1986 -100.261
1987 -99.8698
1988 -100.994
1989 -101.599
1990 -98.8656
1991 -100.278
1992 -102.266
1993 -101.818
1994 -100.686
1995 -101.655
1996 -100.759
1997 -101.104
1998 -100.96
1999 -98.7093
2000 -98.7596
2001 -100.523
2002 -98.473
2003 -96.1724
2004 -98.7413
2005 -97.4401
2006 -96.8079
2007 -98.4453
2008 -97.6458
2009 -99.1539
2010 -99.567
2011 -99.5509
2012 -100.023
2013 -102.513
2014 -101.624
2015 -102.576
2016 -101.812
2017 -101.227
2018 -101.008
2019 -101.789
2020 -100.066
2021 -99.6918
2022 -101
2023 -101.542
2024 -99.9527
2025 -101.955
2026 -100.745
2027 -100.134
2028 -100.401
2029 -98.3735
2030 -101.17
2031 -100.924
2032 -100.272
2033 -101.118
2034 -102.562
2035 -101.4
2036 -102.359
2037 -101.654
2038 -100.631
2039 -101.35
2040 -101.149
2041 -99.2847
2042 -99.9366
2043 -100.717
2044 -101.237
2045 -101.161
2046 -100.753
2047 -100.638
2048 -100.24
2049 -103.008
2050 -104.876
2051 -104.276
2052 -106.414
2053 -104.972
2054 -106.844
2055 -108.123
2056 -108.868
2057 -108.807
2058 -109.483
2059 -109.807
2060 -111.66
2061 -111.931
2062 -109.545
2063 -111.07
2064 -111.827
2065 -113.019
2066 -113.897
2067 -115.068
2068 -115.357
2069 -114.538
2070 -114.749
2071 -114.826
2072 -116
2073 -113.832
2074 -115.207
2075 -115.5
2076 -114.743
2077 -114.849
2078 -113.755
2079 -115.19
2080 -113.986
2081 -114.863
2082 -112.871
2083 -112.944
2084 -112.228
2085 -112.842
2086 -112.444
2087 -111.344
2088 -112.905
2089 -111.636
2090 -109.808
2091 -111.485
2092 -109.979
2093 -109.901
2094 -109.597
2095 -109.334
2096 -107.68
2097 -107.972
2098 -105.978
2099 -107.123
2100 -108.109
2101 -106.314
2102 -107.183
2103 -105.847
2104 -106.475
2105 -106.383
2106 -105.48
2107 -105.565
2108 -105.336
2109 -105.453
2110 -103.506
2111 -104.37
2112 -104.898
2113 -104.567
2114 -103.904
2115 -103.96
2116 -103.75
2117 -102.033
2118 -102.846
2119 -103.487
2120 -101.776
2121 -103.784
2122 -102.931
2123 -103.304
2124 -103.996
2125 -103.809
2126 -102.25
2127 -104.739
2128 -103.968
2129 -102.618
2130 -102.909
2131 -103.576
2132 -103.102
2133 -103.19
2134 -102.855
2135 -105.144
2136 -103.248
2137 -102.656
2138 -103.787
2139 -102.506
2140 -103.901
2141 -101.702
2142 -101.916
2143 -101.152
2144 -101.938
2145 -103.302
2146 -102.985
2147 -101.732
2148 -101.442
2149 -102.424
2150 -101.509
2151 -103.508
2152 -103.83
2153 -102.256
2154 -102.194
2155 -103.786
2156 -100.818
2157 -102.777
2158 -102.775
2159 -101.846
2160 -103.672
2161 -102.732
2162 -103.045
2163 -101.458
2164 -102.36
2165 -103.538
2166 -103.654
2167 -103.941
2168 -104.529
2169 -102.912
2170 -104.806
2171 -104.874
2172 -105.739
2173 -105.837
2174 -106.158
2175 -107.41
2176 -107.897
2177 -109.766
2178 -108.538
2179 -108.042
2180 -109.928
2181 -111.432
2182 -110.476
2183 -111.683
2184 -112.783
2185 -112.863
2186 -113.179
2187 -115.367
2188 -115.384
2189 -114.46
2190 -116.287
2191 -115.937
2192 -119.228
2193 -118.969
2194 -119.958
2195 -120.956
2196 -120.17
2197 -120.265
2198 -120.084
2199 -121.058
2200 -122.332
2201 -122.889
2202 -122.923
2203 -122.111
2204 -122.711
2205 -123.038
2206 -124.878
2207 -122.308
2208 -121.874
2209 -122.642
2210 -119.507
2211 -121.688
2212 -121.185
2213 -121.645
2214 -119.887
2215 -121.126
2216 -118.902
2217 -118.373
2218 -120.315
2219 -117.2
2220 -118.409
2221 -118.132
2222 -116.437
2223 -116.492
2224 -115.88
2225 -115.487
2226 -114.22
2227 -114.247
2228 -112.337
2229 -114.404
2230 -113.594
2231 -112.807
2232 -111.472
2233 -112.193
2234 -111.823
2235 -110.572
2236 -111.185
2237 -111.498
2238 -110.025
2239 -110.062
2240 -111.069
2241 -110.234
2242 -108.501
2243 -109.836
2244 -110.701
2245 -110.6
2246 -112.818
2247 -110.979
2248 -111.687
2249 -112.122
2250 -112.096
2251 -111.715
2252 -111.048
2253 -111.463
2254 -110.496
2255 -111.424
2256 -111.437
2257 -111.296
2258 -111.936
2259 -111.753
2260 -109.206
2261 -110.492
2262 -111.488
2263 -110.313
2264 -110.41
2265 -110.093
2266 -110.729
2267 -110.589
2268 -109.867
2269 -111.693
2270 -108.698
2271 -108.823
2272 -109.127
2273 -108.051
2274 -108.659
2275 -109.337
2276 -110.292
2277 -110.273
2278 -110.004
2279 -110.122
2280 -108.801
2281 -108.301
2282 -107.161
2283 -110.492
2284 -108.426
2285 -108.835
2286 -108.837
2287 -108.064
2288 -111.157
2289 -110.136
2290 -109.885
2291 -109.523
2292 -110.963
2293 -110.725
2294 -109.188
2295 -111.675
2296 -109.81
2297 -111.299
2298 -111.228
2299 -111.453
2300 -110.04
2301 -111.161
2302 -110.118
2303 -111.997
2304 -109.923
2305 -109.365
2306 -110.974
2307 -110.725
2308 -110.465
2309 -111.106
2310 -111.199
2311 -110.795
2312 -109.839
2313 -110.044
2314 -108.185
2315 -108.032
2316 -108.854
2317 -109.58
2318 -108.784
2319 -110.466
2320 -109.594
2321 -109.252
2322 -107.333
2323 -106.713
2324 -109.351
2325 -108.619
2326 -109.553
2327 -110.58
2328 -111.435
2329 -111.907
2330 -110.488
2331 -109.534
2332 -108.776
2333 -110.384
2334 -109.729
2335 -110.552
2336 -112.624
2337 -112.092
2338 -112.507
2339 -111.649
2340 -109.867
2341 -110.809
2342 -111.635
2343 -110.796
2344 -110.225
2345 -108.406
2346 -109.621
2347 -111.066
2348 -108.539
2349 -112.435
2350 -110.398
2351 -109.581
2352 -110.36
2353 -108.065
2354 -108.751
2355 -109.329
2356 -108.308
2357 -108.811
2358 -107.186
2359 -109.115
2360 -109.609
2361 -109.381
2362 -107.472
2363 -108.556
2364 -107.253
2365 -108.62
2366 -108.714
2367 -109.377
2368 -109.265
2369 -111.186
2370 -111.194
2371 -110.146
2372 -109.303
2373 -110.296
2374 -110.054
2375 -110.457
2376 -109.419
2377 -110.002
2378 -111.772
2379 -111.853
2380 -112.103
2381 -112.188
2382 -111.861
2383 -110.758
2384 -111.31
2385 -109.385
2386 -109.964
2387 -110.024
2388 -110.119
2389 -111.662
2390 -110.844
2391 -109.22
2392 -109.905
2393 -110.818
2394 -108.24
2395 -108.148
2396 -108.352
2397 -109.179
2398 -110.303
2399 -109.792
2400 -109.371
2401 -108.722
2402 -107.196
2403 -107.246
2404 -107.823
2405 -107.488
2406 -108.457
2407 -109.033
2408 -109.331
2409 -108.877
2410 -110.185
2411 -109.896
2412 -110.786
2413 -110.833
2414 -109.424
2415 -110.902
2416 -111.279
2417 -111.551
2418 -111.057
2419 -111.94
2420 -111.388
2421 -113.284
2422 -111.433
2423 -110.746
2424 -110.409
2425 -110.233
2426 -109.868
2427 -109.363
2428 -110.625
2429 -110.552
2430 -108.773
2431 -110.076
2432 -109.582
2433 -110.465
2434 -109.415
2435 -109.966
2436 -108.881
2437 -108.571
2438 -107.73
2439 -109.439
2440 -110.393
2441 -109.267
2442 -108.457
2443 -109.057
2444 -109.798
2445 -108.238
2446 -107.61
2447 -109.425
2448 -109.875
2449 -110.969
2450 -109.989
2451 -111.5
2452 -112.09
2453 -110.421
2454 -111.08
2455 -109.987
2456 -111.324
2457 -110.906
2458 -112.06
2459 -111.295
2460 -112.853
2461 -109.847
2462 -111.49
2463 -111.848
2464 -111.281
2465 -111.079
2466 -110.548
2467 -110.341
2468 -111.355
2469 -110.626
2470 -109.798
2471 -112.585
2472 -109.721
2473 -109.59
2474 -110.285
2475 -108.262
2476 -108.784
2477 -111.118
2478 -110.108
2479 -108.631
2480 -107.881
2481 -110.012
2482 -108.96
2483 -108.403
2484 -108.476
2485 -107.157
2486 -109.147
2487 -107.858
2488 -110.035
2489 -109.779
2490 -110.453
2491 -110.452
2492 -109.335
2493 -110.784
2494 -111.51
2495 -110.939
2496 -109.738
2497 -112.216
2498 -111.177
2499 -111.709
2500 -112.381
2501 -111.479
2502 -113.774
2503 -111.207
2504 -111.234
2505 -110.104
2506 -109.942
2507 -110.869
2508 -110.257
2509 -110.952
2510 -109.701
2511 -110.387
2512 -110.21
2513 -110.737
2514 -110.7
2515 -110.99
2516 -110.113
2517 -108.388
2518 -107.572
2519 -109.454
2520 -109.684
2521 -110.839
2522 -109.068
2523 -107.902
2524 -108.67
2525 -108.256
2526 -108.474
2527 -109.814
2528 -108.839
2529 -109.045
2530 -109.627
2531 -110.874
2532 -111.128
2533 -108.926
2534 -111.539
2535 -110.251
2536 -111.626
2537 -110.73
2538 -111.313
2539 -111.521
2540 -110.394
2541 -112.077
2542 -110.469
2543 -112.721
2544 -111.363
2545 -110.977
2546 -109.87
2547 -110.587
2548 -110.661
2549 -111.683
2550 -109.197
2551 -110.191
2552 -109.879
2553 -109.537
2554 -111.093
2555 -110.093
2556 -110.076
2557 -108.892
2558 -109.048
2559 -109.007
2560 -107.243
2561 -108.811
2562 -109.206
2563 -108.829
2564 -107.402
2565 -107.68
2566 -106.476
2567 -107.105
2568 -109.904
2569 -109.375
2570 -109.922
2571 -111.223
2572 -111.256
2573 -110.712
2574 -109.971
2575 -108.774
2576 -109.571
2577 -108.95
2578 -108.644
2579 -110.268
2580 -108.763
2581 -108.423
2582 -107.861
2583 -106.675
2584 -105.208
2585 -106.024
2586 -105.446
2587 -105.119
2588 -103.591
2589 -105.979
2590 -102.634
2591 -101.645
2592 -101.797
2593 -102.084
2594 -101.39
2595 -101.361
2596 -99.5611
2597 -98.9031
2598 -97.4299
2599 -96.8084
2600 -96.1917
2601 -96.644
2602 -94.5616
2603 -95.4112
2604 -94.4236
2605 -93.8577
2606 -94.3542
2607 -95.5824
2608 -94.165
2609 -93.6562
2610 -93.4307
2611 -95.4597
2612 -95.3029
2613 -94.8798
2614 -96.19
2615 -95.0344
2616 -95.9513
2617 -94.8476
2618 -94.7567
2619 -97.1443
2620 -96.4656
2621 -96.4112
2622 -97.1615
2623 -99.3429
2624 -97.8258
2625 -98.3009
2626 -99.6357
2627 -99.7629
2628 -100.171
2629 -99.0626
2630 -100.868
2631 -100.124
2632 -102.584
2633 -102.048
2634 -103.015
2635 -102.373
2636 -103.479
2637 -104.283
2638 -102.334
2639 -103.369
2640 -103.802
2641 -103.393
2642 -103.375
2643 -104.031
2644 -103.567
2645 -105.646
2646 -104.41
2647 -106.019
2648 -103.945
2649 -105.757
2650 -106.514
2651 -105.189
2652 -104.717
2653 -106.083
2654 -105.093
2655 -106.512
2656 -104.783
2657 -106.185
2658 -104.584
2659 -106.901
2660 -106.077
2661 -105.984
2662 -106.31
2663 -106.171
2664 -105.971
2665 -106.095
2666 -105.631
2667 -106.818
2668 -105.472
2669 -105.225
2670 -108.379
2671 -107.368
2672 -107.613
2673 -105.295
2674 -106.808
2675 -105.973
2676 -107.264
2677 -107.047
2678 -106.293
2679 -106.891
2680 -107.308
2681 -106.014
2682 -105.393
2683 -107.718
2684 -106.29
2685 -107.452
2686 -106.163
2687 -106.454
2688 -106.178
2689 -106.728
2690 -106.189
2691 -106.03
2692 -106.211
2693 -105.92
2694 -107.309
2695 -107.473
2696 -106.931
2697 -107.191
2698 -106.964
2699 -106.169
2700 -106.277
2701 -106.955
2702 -105.787
2703 -105.925
2704 -104.651
2705 -103.638
2706 -103.281
2707 -102.446
2708 -102.517
2709 -100.378
2710 -101.162
2711 -99.5559
2712 -100.471
2713 -99.7298
2714 -99.0296
2715 -99.1401
2716 -97.681
2717 -97.4507
2718 -96.381
2719 -95.6351
2720 -95.4824
2721 -93.3111
2722 -93.2723
2723 -93.7292
2724 -94.0546
2725 -91.5632
2726 -92.1073
2727 -90.9025
2728 -90.5607
2729 -90.0076
2730 -88.2458
2731 -86.9425
2732 -86.0692
2733 -86.7507
2734 -87.1987
2735 -85.8022
2736 -85.0882
2737 -85.0836
2738 -84.5829
2739 -87.3835
2740 -85.3773
2741 -86.6055
2742 -85.7127
2743 -87.0752
2744 -86.3632
2745 -85.6771
2746 -86.5067
2747 -86.7229
2748 -88.7349
2749 -89.2678
2750 -89.9902
2751 -91.4244
2752 -90.5388
2753 -91.5003
2754 -91.6066
2755 -94.2224
2756 -94.1517
2757 -94.9833
2758 -94.3092
2759 -96.3869
2760 -95.4645
2761 -94.9226
2762 -95.7828
2763 -94.535
2764 -96.9699
2765 -96.0465
2766 -97.2299
2767 -98.9478
2768 -98.6571
2769 -98.7838
2770 -97.3108
2771 -97.4801
2772 -97.7637
2773 -98.8559
2774 -99.114
2775 -99.646
2776 -98.5101
2777 -100.751
2778 -100.867
2779 -99.4058
2780 -100.4
2781 -99.8028
2782 -98.1431
2783 -97.9828
2784 -98.2227
2785 -97.9427
2786 -97.4142
2787 -96.7534
2788 -97.0317
2789 -96.9388
2790 -97.997
2791 -97.3504
2792 -97.7112
2793 -96.1816
2794 -98.5937
2795 -99.9118
2796 -98.6041
2797 -98.6478
2798 -100.113
2799 -99.9428
2800 -100.272
2801 -101.669
2802 -101.397
2803 -100.167
2804 -99.998
2805 -100.101
2806 -99.9221
2807 -100.133
2808 -100.229
2809 -100.028
2810 -100.644
2811 -100.402
2812 -100.009
2813 -99.6426
2814 -100.239
2815 -100.216
2816 -100.033
2817 -101.489
2818 -101.757
2819 -101.59
2820 -101.09
2821 -100.82
2822 -100.67
2823 -100.013
2824 -99.6053
2825 -99.3292
2826 -98.3191
2827 -99.0415
2828 -97.497
2829 -98.959
2830 -98.248
2831 -98.3869
2832 -98.8366
2833 -99.2799
2834 -98.9609
2835 -99.3972
2836 -98.4339
2837 -99.6186
2838 -100.342
2839 -100.352
2840 -102.414
2841 -102.065
2842 -101.769
2843 -101.264
2844 -102.672
2845 -99.8387
2846 -99.8903
2847 -101.624
2848 -99.9602
2849 -101.938
2850 -101.599
2851 -101.174
2852 -101.734
2853 -101.134
2854 -101.589
2855 -99.6126
2856 -99.5766
2857 -99.8217
2858 -100.451
2859 -101.045
2860 -102.702
2861 -103.115
2862 -101.776
2863 -99.8701
2864 -99.2365
2865 -98.3654
2866 -98.733
2867 -97.7543
2868 -97.6004
2869 -97.6692
2870 -97.9283
2871 -97.0937
2872 -97.6509
2873 -98.7033
2874 -98.4827
2875 -98.8698
2876 -99.7812
2877 -100.528
2878 -100.935
2879 -101.357
2880 -101.295
2881 -101.461
2882 -100.865
2883 -100.193
2884 -101.201
2885 -100.587
2886 -100.48
2887 -101.208
2888 -100.77
2889 -101.398
2890 -99.172
2891 -102.137
2892 -100.414
2893 -99.6858
2894 -100.586
2895 -98.9617
2896 -102.032
2897 -100.704
2898 -100.988
2899 -101.791
2900 -102.785
2901 -100.903
2902 -100.757
2903 -101.592
2904 -99.3846
2905 -98.6695
2906 -99.8972
2907 -98.6174
2908 -99.3384
2909 -97.9346
2910 -98.7338
2911 -97.3737
2912 -98.2945
2913 -97.4224
2914 -98.3722
2915 -99.1039
2916 -99.356
2917 -99.777
2918 -100.814
2919 -101.88
2920 -101.838
2921 -101.939
2922 -102.134
2923 -100.7
2924 -101.96
2925 -99.5748
2926 -101.509
2927 -100.169
2928 -101
2929 -101.717
2930 -100.718
2931 -101.3
2932 -101.582
2933 -101.149
2934 -100.707
2935 -100.61
2936 -99.3271
2937 -99.4087
2938 -101.377
2939 -102.997
2940 -101.617
2941 -100.853
2942 -101.102
2943 -100.828
2944 -99.5533
2945 -99.1835
2946 -99.3134
2947 -98.5533
2948 -98.6637
2949 -98.8113
2950 -98.5807
2951 -97.0403
2952 -100.055
2953 -98.4898
2954 -98.1315
2955 -99.6302
2956 -98.8816
2957 -100.262
2958 -101.369
2959 -99.5636
2960 -101.113
2961 -101.038
2962 -101.605
2963 -100.569
2964 -99.1459
2965 -101.508
2966 -100.275
2967 -99.5733
2968 -101.389
2969 -99.1187
2970 -101.121
2971 -100.606
2972 -101.453
2973 -100.719
2974 -99.214
2975 -99.9653
2976 -99.6826
2977 -99.7403
2978 -101.044
2979 -101.691
2980 -102.056
2981 -101.663
2982 -100.799
2983 -102.896
2984 -101.378
2985 -100.467
2986 -99.4754
2987 -98.9337
2988 -99.437
2989 -98.0542
2990 -98.225
2991 -99.2059
2992 -98.9885
2993 -96.9492
2994 -98.5107
2995 -97.1129
2996 -98.5296
2997 -99.1952
2998 -99.2065
2999 -100.111
3000 -101.463
3001 -101.196
3002 -100.749
3003 -100.487
3004 -100.986
3005 -100.989
3006 -101.609
3007 -100.559
3008 -102.097
3009 -100.657
3010 -100.965
3011 -101.326
3012 -102.327
3013 -101.086
3014 -101.802
3015 -100.416
3016 -99.9808
3017 -101.5
3018 -99.7353
3019 -100.346
3020 -100.591
3021 -101.778
3022 -100.22
3023 -100.709
3024 -100.354
3025 -100.31
3026 -100.112
3027 -98.2645
3028 -100.023
3029 -97.3062
3030 -99.0093
3031 -98.8716
3032 -98.8205
3033 -98.283
3034 -98.9445
3035 -99.2213
3036 -99.5678
3037 -99.2037
3038 -98.5381
3039 -98.9049
3040 -99.7306
3041 -101.306
3042 -100.701
3043 -101.407
3044 -101.08
3045 -100.895
3046 -100.195
3047 -101.757
3048 -100.393
3049 -99.2042
3050 -98.1703
3051 -99.4549
3052 -101.69
3053 -100.464
3054 -100.639
3055 -99.747
3056 -100.574
3057 -100.944
3058 -99.5307
3059 -102.743
3060 -100.113
3061 -102.291
3062 -102.016
3063 -101.91
3064 -102.008
3065 -101.335
3066 -100.597
3067 -100.535
3068 -99.2788
3069 -99.776
3070 -98.6905
3071 -98.406
3072 -99.0177
3073 -98.45
3074 -98.0106
3075 -97.3936
3076 -97.5361
3077 -98.6351
3078 -99.0659
3079 -99.5884
3080 -101.112
3081 -100.862
3082 -100.788
3083 -100.801
3084 -100.854
3085 -101.307
3086 -100.652
3087 -102.093
3088 -101.335
3089 -99.4207
3090 -101.523
3091 -101.864
3092 -100.991
3093 -101.201
3094 -100.737
3095 -100.512
3096 -99.3979
3097 -101.293
3098 -101.579
3099 -100.462
3100 -100.699
3101 -101.989
3102 -101.838
3103 -101.054
3104 -100.898
3105 -100.377
3106 -100.893
3107 -100.14
3108 -100.582
3109 -99.9066
3110 -101.4
3111 -101.149
3112 -100.223
3113 -100.592
3114 -99.8551
3115 -100.849
3116 -102.209
3117 -103.568
3118 -104.562
3119 -103.79
3120 -106.595
3121 -107.098
3122 -106.463
3123 -108.2
3124 -107.758
3125 -108.985
3126 -108.353
3127 -109.706
3128 -109.952
3129 -110.751
3130 -110.757
3131 -111.563
3132 -111.179
3133 -111.817
3134 -112.167
3135 -114.98
3136 -114.207
3137 -114.931
3138 -115.076
3139 -115.033
3140 -114.314
3141 -114.353
3142 -114.76
3143 -114.727
3144 -114.981
3145 -115.111
3146 -113.987
3147 -113.36
3148 -114.586
3149 -114.428
3150 -114.687
3151 -114.039
3152 -114.391
3153 -115.076
3154 -112.032
3155 -110.641
3156 -111.044
3157 -112.778
3158 -110.95
3159 -110.677
3160 -109.977
3161 -109.256
3162 -108.542
3163 -107.032
3164 -106.776
3165 -107.456
3166 -107.605
3167 -106.743
3168 -106.493
3169 -106.181
3170 -105.884
3171 -107.501
3172 -107.147
3173 -107.928
3174 -104.727
3175 -104.254
3176 -106.985
3177 -106.065
3178 -105.622
3179 -105.513
3180 -104.908
3181 -105.848
3182 -105.047
3183 -104.014
3184 -102.575
3185 -103.613
3186 -103.922
3187 -104.516
3188 -104.021
3189 -104.438
3190 -103.562
3191 -103.373
3192 -102.675
3193 -103.216
3194 -104.686
3195 -102.936
3196 -103.99
3197 -104.709
3198 -103.487
3199 -102.239
3200 -104.651
3201 -102.354
3202 -103.398
3203 -103.081
3204 -103.526
3205 -103.533
3206 -103.65
3207 -103.034
3208 -101.816
3209 -104.527
3210 -103.279
3211 -104.369
3212 -102.323
3213 -103.475
3214 -102.772
3215 -102.831
3216 -102.312
3217 -101.578
3218 -102.213
3219 -101.946
3220 -102.451
3221 -103.942
3222 -102.759
3223 -102.243
3224 -102.549
3225 -101.881
3226 -102.409
3227 -103.074
3228 -102.52
3229 -102.679
3230 -102.999
3231 -103.092
3232 -102.214
3233 -102.461
3234 -102.724
3235 -101.795
3236 -102.772
3237 -102.567
3238 -102.414
3239 -102.983
3240 -104.77
3241 -102.209
3242 -102.876
3243 -102.404
3244 -102.217
3245 -104.13
3246 -102.123
3247 -102.255
3248 -101.267
3249 -102.533
3250 -103.83
3251 -101.99
3252 -103.359
3253 -102.649
3254 -103.127
3255 -102.477
3256 -103.768
3257 -101.668
3258 -102.339
3259 -102.696
3260 -102.542
3261 -103.962
3262 -103.741
3263 -103.594
3264 -102.573
3265 -103.215
3266 -102.382
3267 -102.503
3268 -102.611
3269 -102.967
3270 -103.983
3271 -101.912
3272 -103.23
3273 -102.409
3274 -102.743
3275 -102.872
3276 -102.763
3277 -105.107
3278 -102.243
3279 -103.218
3280 -102.154
3281 -102.483
3282 -101.981
3283 -103.33
3284 -101.851
3285 -104.628
3286 -103.054
3287 -102.883
3288 -102.926
3289 -103.131
3290 -103.211
3291 -103.454
3292 -102.227
3293 -102.067
3294 -102.574
3295 -101.762
3296 -103.013
3297 -103.539
3298 -103.712
3299 -102.545
3300 -101.492
3301 -103.041
3302 -103.01
3303 -102.581
3304 -104.058
3305 -103.241
3306 -103.158
3307 -101.28
3308 -102.3
3309 -102.586
3310 -102.771
3311 -101.221
3312 -102.483
3313 -103.157
3314 -101.603
3315 -102.212
3316 -101.841
3317 -103.164
3318 -101.956
3319 -103.521
3320 -102.524
3321 -103.141
3322 -102.447
3323 -104.053
3324 -103.521
3325 -102.621
3326 -102.879
3327 -103.179
3328 -102.516
3329 -102.391
3330 -103.102
3331 -104.474
3332 -103.303
3333 -102.104
3334 -103.473
3335 -104.676
3336 -103.231
3337 -102.246
3338 -102.117
3339 -102.07
3340 -102.269
3341 -105.278
3342 -102.472
3343 -102.283
3344 -102.373
3345 -103.389
3346 -102.35
3347 -102.431
3348 -101.965
3349 -104.793
3350 -102.334
3351 -101.479
3352 -103.519
3353 -102.294
3354 -103.23
3355 -104.669
3356 -102.875
3357 -101.525
3358 -103.371
3359 -103.247
3360 -102.746
3361 -104.226
3362 -103.484
3363 -102.602
3364 -104.051
3365 -102.483
3366 -104.115
3367 -102.576
3368 -103.787
3369 -104.281
3370 -101.62
3371 -103.448
3372 -101.577
3373 -103.803
3374 -105.06
3375 -102.456
3376 -103.032
3377 -103.35
3378 -102.465
3379 -103.15
3380 -102.639
3381 -103.007
3382 -103.431
3383 -103.196
3384 -102.207
3385 -101.909
3386 -102.261
3387 -102.762
3388 -102.738
3389 -102.704
3390 -102.344
3391 -101.21
3392 -102.991
3393 -102.974
3394 -102.53
3395 -102.874
3396 -103.332
3397 -103.032
3398 -103.664
3399 -102.261
