0 -114.083
1 -112.624
2 -113.679
3 -114.234
4 -113.595
5 -112.316
6 -114.631
7 -116.104
8 -114.672
9 -116.429
10 -117.039
11 -115.426
12 -116.147
13 -117.372
14 -116.856
15 -119.277
16 -116.958
17 -117.073
18 -120.374
19 -120.299
20 -118.935
21 -120.81
22 -122.097
23 -119.146
24 -122.473
25 -121.635
26 -123.94
27 -123.094
28 -123.247
29 -124.006
30 -124.077
31 -125.57
32 -127.802
33 -125.207
34 -125.503
35 -127.011
36 -127.505
37 -126.179
38 -128.46
39 -128.322
40 -126.632
41 -129.357
42 -127.642
43 -127.818
44 -127.043
45 -127.703
46 -126.947
47 -127.533
48 -126.285
49 -127.466
50 -127.047
51 -126.886
52 -125.564
53 -126.532
54 -125.237
55 -126.002
56 -126.376
57 -127.26
58 -124.903
59 -126.819
60 -126.905
61 -126.236
62 -123.912
63 -124.148
64 -123.581
65 -124.758
66 -124.801
67 -123.747
68 -122.949
69 -121.746
70 -122.369
71 -121.722
72 -121.911
73 -121.491
74 -121.529
75 -121.519
76 -119.505
77 -120.353
78 -120.259
79 -119.295
80 -121.136
81 -118.196
82 -119.266
83 -118.973
84 -119.068
85 -119.301
86 -116.442
87 -117.651
88 -116.668
89 -116.182
90 -119.824
91 -115.711
92 -116.435
93 -117.59
94 -115.59
95 -117.138
96 -115.057
97 -116.597
98 -116.212
99 -116.568
100 -116.439
101 -115.196
102 -114.908
103 -117.484
104 -115.944
105 -115.799
106 -116.344
107 -118.918
108 -116.753
109 -115.688
110 -116.392
111 -116.501
112 -117.903
113 -118.62
114 -117.145
115 -115.32
116 -116.589
117 -114.172
118 -116.871
119 -117.046
120 -118.516
121 -118.271
122 -115.756
123 -117.304
124 -116.814
125 -116.253
126 -117.135
127 -116.946
128 -116.37
129 -116.532
130 -116.292
131 -117.352
132 -117.446
133 -117.381
134 -115.915
135 -116.234
136 -115.898
137 -117.312
138 -118.473
139 -117.063
140 -115.773
141 -116.81
142 -115.115
143 -114.342
144 -114.659
145 -112.98
146 -114.991
147 -114.2
148 -115.691
149 -114.832
150 -114.68
151 -115.087
152 -115.195
153 -116.843
154 -115.239
155 -113.849
156 -115.353
157 -113.303
158 -116.101
159 -115.212
160 -114.784
161 -115.328
162 -114.336
163 -112.979
164 -114.338
165 -115.43
166 -117.447
167 -118.089
168 -118.332
169 -116.721
170 -117.378
171 -117.84
172 -114.568
173 -117.506
174 -115.447
175 -116.061
176 -115.061
177 -116.299
178 -115.348
179 -118.736
180 -116.4
181 -119.833
182 -117.166
183 -117.754
184 -118.637
185 -115.624
186 -117.29
187 -117.735
188 -116.767
189 -118.009
190 -117.445
191 -117.457
192 -116.475
193 -116.524
194 -117.43
195 -116.011
196 -115.354
197 -118.622
198 -116.83
199 -116.019
200 -117.587
201 -116.963
202 -118.275
203 -115.817
204 -116.395
205 -115.632
206 -114.44
207 -115.144
208 -117.141
209 -115.138
210 -116.147
211 -115.071
212 -115.811
213 -115.766
214 -114.727
215 -115.802
216 -116.098
217 -116.125
218 -116.823
219 -115.343
220 -115.342
221 -115.015
222 -115.804
223 -116.326
224 -116.896
225 -117.654
226 -118.088
227 -119.417
228 -118.999
229 -116.978
230 -118.32
231 -119.015
232 -118.744
233 -117.008
234 -117.282
235 -116.511
236 -117.577
237 -116.396
238 -116.854
239 -117.119
240 -119.407
241 -116.614
242 -116.401
243 -118.85
244 -118
245 -119.185
246 -118.461
247 -117.943
248 -117.85
249 -116.487
250 -116.654
251 -116.272
252 -117.26
253 -116.116
254 -116.295
255 -115.259
256 -116.901
257 -118.525
258 -117.606
259 -117.144
260 -117.303
261 -117.142
262 -116.362
263 -116.009
264 -116.751
265 -114.825
266 -115.93
267 -114.947
268 -118.158
269 -117.85
270 -116.754
271 -117.189
272 -116.047
273 -117.086
274 -115.202
275 -117.086
276 -118.179
277 -116.067
278 -115.627
279 -117.443
280 -117.251
281 -114.502
282 -115.591
283 -115.931
284 -116.262
285 -116.951
286 -119.613
287 -120.455
288 -118.754
289 -120.675
290 -117.896
291 -118.519
292 -118.039
293 -119.597
294 -117.687
295 -117.553
296 -119.359
297 -117.63
298 -118.8
299 -118.24
300 -116.764
301 -119.499
302 -120.991
303 -117.542
304 -119.283
305 -117.954
306 -118.732
307 -118.932
308 -117.381
309 -117.802
310 -116.348
311 -118.519
312 -117.777
313 -118.814
314 -118.109
315 -118.521
316 -118.098
317 -117.022
318 -116.061
319 -119.583
320 -118.007
321 -117.894
322 -115.915
323 -118.129
324 -117.397
325 -116.319
326 -115.552
327 -116.542
328 -116.423
329 -115.955
330 -114.348
331 -118.235
332 -117.025
333 -117.805
334 -117.792
335 -115.922
336 -117.199
337 -117.586
338 -116.127
339 -117.974
340 -116.722
341 -117.382
342 -117.654
343 -117.702
344 -117.766
345 -117.798
346 -118.227
347 -116.833
348 -118.526
349 -117.937
350 -119.122
351 -120.041
352 -118.97
353 -117.792
354 -118.257
355 -116.217
356 -117.97
357 -119.724
358 -117.592
359 -119.388
360 -119.255
361 -118.57
362 -119.122
363 -119.757
364 -117.585
365 -120.371
366 -121.785
367 -119.242
368 -119.638
369 -118.841
370 -118.944
371 -119.478
372 -115.083
373 -117.498
374 -119.451
375 -118.464
376 -120.202
377 -117.807
378 -119.206
379 -119.306
380 -117.863
381 -118.357
382 -118.496
383 -115.792
384 -118.007
385 -116.469
386 -117.155
387 -115.411
388 -117.346
389 -117.6
390 -118.426
391 -118.693
392 -117.654
393 -118.589
394 -118.344
395 -116.926
396 -116.591
397 -118.066
398 -116.207
399 -115.893
400 -115.852
401 -117.159
402 -115.563
403 -116.488
404 -116.677
405 -118.882
406 -119.141
407 -119.871
408 -119.565
409 -118.288
410 -118.471
411 -119.442
412 -118.412
413 -120.016
414 -120.3
415 -118.346
416 -117.115
417 -119.09
418 -118.218
419 -119.578
420 -119.662
421 -117.619
422 -118.594
423 -120.199
424 -119.639
425 -118.314
426 -120.681
427 -118.123
428 -120.057
429 -120.211
430 -116.681
431 -120.495
432 -118.662
433 -118.511
434 -118.975
435 -118.226
436 -118.884
437 -117.335
438 -120.108
439 -118.682
440 -117.89
441 -120.103
442 -117.004
443 -117.08
444 -114.951
445 -118.086
446 -116.778
447 -116.072
448 -118.001
449 -115.719
450 -116.626
451 -118.32
452 -116.992
453 -116.465
454 -117.389
455 -116.668
456 -118.305
457 -116.451
458 -117.489
459 -116.394
460 -119.475
461 -116.988
462 -118.626
463 -116.516
464 -117.786
465 -118.907
466 -120.498
467 -118.723
468 -118.605
469 -119.56
470 -117.433
471 -120.027
472 -118.426
473 -120.089
474 -119.144
475 -117.658
476 -118.952
477 -118.537
478 -116.774
479 -119.089
480 -121.042
481 -120.264
482 -119.39
483 -119.305
484 -120.025
485 -120.232
486 -120.457
487 -118.671
488 -118.939
489 -119.898
490 -118.027
491 -117.223
492 -117.836
493 -116.792
494 -119.145
495 -118.404
496 -118.655
497 -120.142
498 -120.119
499 -119.81
500 -117.818
501 -117.115
502 -116.924
503 -117.889
504 -116.966
505 -115.199
506 -115.446
507 -118.509
508 -116.583
509 -117.972
510 -119.009
511 -118.716
512 -116.434
513 -118.652
514 -118.835
515 -117.962
516 -117.128
517 -117.287
518 -116.75
519 -116.707
520 -116.044
521 -116.707
522 -115.834
523 -117.334
524 -118.034
525 -118.993
526 -119.977
527 -118.441
528 -118.341
529 -120.168
530 -118.564
531 -120.269
532 -120.703
533 -119.303
534 -119.648
535 -119.583
536 -117.774
537 -119.199
538 -117.64
539 -118.175
540 -120.414
541 -119.963
542 -119.855
543 -121.66
544 -119.446
545 -119.16
546 -119.883
547 -119.377
548 -120.702
549 -118.63
550 -119.16
551 -117.404
552 -118.16
553 -118.236
554 -118.04
555 -117.969
556 -120.739
557 -117.195
558 -118.869
559 -118.669
560 -118.734
561 -116.304
562 -118.24
563 -118.616
564 -117.558
565 -116.289
566 -117.071
567 -116.435
568 -118.798
569 -118.228
570 -115.751
571 -117.176
572 -117.595
573 -117.517
574 -115.923
575 -120.268
576 -119.868
577 -117.288
578 -117.488
579 -116.196
580 -115.818
581 -116.877
582 -118.366
583 -117.418
584 -120.115
585 -117.752
586 -120.68
587 -119.631
588 -119.89
589 -119.408
590 -118.675
591 -118.728
592 -121.099
593 -117.243
594 -117.052
595 -117.708
596 -116.255
597 -116.402
598 -117.829
599 -116.543
600 -116.749
601 -116.762
602 -116.469
603 -114.803
604 -116.26
605 -114.923
606 -115.457
607 -116.61
608 -114.686
609 -115.326
610 -115.105
611 -112.68
612 -114.67
613 -112.346
614 -112.33
615 -112.588
616 -112.4
617 -112.825
618 -111.132
619 -113.791
620 -109.626
621 -109.862
622 -109.557
623 -109.043
624 -109.481
625 -107.346
626 -108.091
627 -106.001
628 -105.529
629 -105.67
630 -106.343
631 -104.745
632 -104.015
633 -103.476
634 -103.683
635 -103.694
636 -103.746
637 -102.488
638 -103.472
639 -104.374
640 -103.814
641 -103.856
642 -102.002
643 -103.065
644 -104.371
645 -101.934
646 -102.789
647 -104.497
648 -102.151
649 -102.478
650 -104.044
651 -104.127
652 -102.957
653 -104.023
654 -105.004
655 -102.638
656 -104.393
657 -103.58
658 -104.022
659 -105.627
660 -107.762
661 -104.285
662 -106.671
663 -106.771
664 -106.17
665 -106.176
666 -106.955
667 -108.526
668 -107.277
669 -106.944
670 -107.443
671 -106.873
672 -108.534
673 -109.853
674 -110.236
675 -110.3
676 -108.757
677 -111.297
678 -111.192
679 -110.897
680 -110.828
681 -110.508
682 -113.051
683 -112.869
684 -112.073
685 -113.778
686 -112.639
687 -111.436
688 -113.287
689 -113.039
690 -111.405
691 -113.249
692 -114.309
693 -113.078
694 -111.789
695 -112.399
696 -114.205
697 -114.252
698 -114.314
699 -113.276
700 -115.232
701 -114.283
702 -115.611
703 -113.8
704 -115.19
705 -115.594
706 -114.251
707 -115.124
708 -114.812
709 -115.382
710 -113.334
711 -114.011
712 -114.943
713 -114.422
714 -115.569
715 -115.07
716 -115.099
717 -115.079
718 -114.702
719 -114.965
720 -114.626
721 -114.663
722 -115.841
723 -115.725
724 -114.137
725 -116.206
726 -116.673
727 -115.102
728 -114.443
729 -116.052
730 -114.788
731 -115.663
732 -115.164
733 -115.716
734 -116.077
735 -113.133
736 -114.965
737 -117.014
738 -116.202
739 -114.267
740 -113.403
741 -116.204
742 -116.768
743 -116.006
744 -113.998
745 -115.797
746 -114.697
747 -114.691
748 -115.068
749 -114.061
750 -116.369
751 -115.238
752 -117.622
753 -117.416
754 -115.573
755 -116.168
756 -116.214
757 -115.504
758 -116.17
759 -115.985
760 -116.234
761 -115.741
762 -115.662
763 -113.898
764 -116.344
765 -115.964
766 -116.641
767 -116.036
768 -114.704
769 -116.467
770 -116.349
771 -115.714
772 -117.506
773 -116.939
774 -117.069
775 -116.031
776 -115.32
777 -116.663
778 -115.491
779 -114.553
780 -112.865
781 -114.982
782 -116.208
783 -114.337
784 -115.294
785 -112.708
786 -114.969
787 -112
788 -111.638
789 -110.604
790 -111.135
791 -110.025
792 -109.398
793 -110.418
794 -108.693
795 -110.385
796 -109.655
797 -108.608
798 -107.969
799 -107.681
800 -107.53
801 -107.319
802 -106.813
803 -106.653
804 -105.293
805 -105.273
806 -104.717
807 -103.89
808 -104.361
809 -104.689
810 -102.641
811 -102.136
812 -103.038
813 -101.949
814 -100.554
815 -100.841
816 -100.435
817 -99.9733
818 -97.4308
819 -99.0227
820 -97.3308
821 -98.0389
822 -96.8219
823 -98.4923
824 -97.6186
825 -95.689
826 -95.4247
827 -96.3931
828 -95.6987
829 -98.1594
830 -92.3794
831 -93.7445
832 -93.976
833 -94.2276
834 -94.5073
835 -94.5077
836 -94.41
837 -94.1839
838 -93.4791
839 -93.7551
840 -93.7026
841 -93.0402
842 -96.5862
843 -96.2684
844 -96.0434
845 -95.151
846 -96.8412
847 -95.638
848 -96.7589
849 -95.2571
850 -96.6884
851 -98.3498
852 -97.1627
853 -98.7531
854 -99.3514
855 -99.4295
856 -97.0244
857 -99.2497
858 -99.9425
859 -99.3628
860 -100.182
861 -100.257
862 -101.267
863 -102.052
864 -101.968
865 -102.963
866 -102.38
867 -103.497
868 -104.529
869 -104.309
870 -104.501
871 -104.749
872 -102.526
873 -106.435
874 -105.727
875 -106.525
876 -106.098
877 -106.116
878 -104.474
879 -107.554
880 -104.803
881 -103.52
882 -106.273
883 -106.595
884 -106.944
885 -107.537
886 -108.937
887 -107.125
888 -105.656
889 -107.652
890 -107.284
891 -107.915
892 -108.345
893 -108.52
894 -108.238
895 -108.958
896 -106.619
897 -109.148
898 -106.565
899 -108.138
900 -106.817
901 -107.076
902 -105.858
903 -107.082
904 -106.986
905 -107.303
906 -106.119
907 -107.186
908 -105.15
909 -108.221
910 -105.549
911 -108.365
912 -105.563
913 -106.543
914 -106.424
915 -108.471
916 -105.433
917 -107.057
918 -107.599
919 -108.198
920 -106.553
921 -109.243
922 -107.793
923 -110.681
924 -108.029
925 -108.361
926 -108.919
927 -109.531
928 -109.019
929 -108.218
930 -110.663
931 -108.014
932 -110.075
933 -108.647
934 -107.214
935 -107.726
936 -107.542
937 -108.485
938 -109.153
939 -107.775
940 -108.127
941 -110.503
942 -108.554
943 -108.35
944 -108.399
945 -107.941
946 -106.241
947 -108.679
948 -108.096
949 -107.408
950 -109.164
951 -108.39
952 -110.076
953 -109.93
954 -109.596
955 -110.842
956 -109.542
957 -108.293
958 -109.042
959 -109.166
960 -109.486
961 -108.39
962 -106.858
963 -108.826
964 -107.452
965 -107.562
966 -107.22
967 -109.357
968 -107.463
969 -105.896
970 -106.726
971 -105.36
972 -107.063
973 -107.136
974 -107.441
975 -108.232
976 -106.288
977 -108.977
978 -106.954
979 -108.455
980 -106.914
981 -107.734
982 -110.33
983 -108.913
984 -110.349
985 -109.068
986 -108.426
987 -109.461
988 -108.92
989 -110.438
990 -109.141
991 -109.907
992 -109.054
993 -108.067
994 -107.139
995 -107.562
996 -110.578
997 -108.084
998 -108.785
999 -108.782
1000 -110.516
1001 -107.311
1002 -109.368
1003 -108.448
1004 -107.735
1005 -110.224
1006 -108.21
1007 -107.301
1008 -109.926
1009 -109.797
1010 -109.136
1011 -109.157
1012 -108.104
1013 -109.979
1014 -112.037
1015 -109.377
1016 -109.694
1017 -110.015
1018 -108.591
1019 -110.395
1020 -107.002
1021 -107.694
1022 -106.92
1023 -107.138
1024 -107.425
1025 -107.227
1026 -108.066
1027 -107.752
1028 -105.898
1029 -106.361
1030 -107.613
1031 -105.69
1032 -104.719
1033 -107.435
1034 -105.164
1035 -105.165
1036 -108.2
1037 -106.744
1038 -105.884
1039 -106.019
1040 -108.468
1041 -109.196
1042 -108.244
1043 -109.33
1044 -109.932
1045 -109.217
1046 -110.24
1047 -108.945
1048 -108.524
1049 -109.55
1050 -109.283
1051 -107.931
1052 -107.953
1053 -107.187
1054 -109.268
1055 -107.146
1056 -108.062
1057 -110.037
1058 -108.447
1059 -107.822
1060 -108.54
1061 -107.385
1062 -110.814
1063 -108.034
1064 -108.972
1065 -108.26
1066 -109.399
1067 -106.905
1068 -106.795
1069 -106.944
1070 -109.851
1071 -109.215
1072 -109.973
1073 -109.79
1074 -109.825
1075 -108.828
1076 -109.738
1077 -109.849
1078 -107.664
1079 -109.267
1080 -108.147
1081 -107.003
1082 -109.999
1083 -105.425
1084 -105.412
1085 -105.864
1086 -107.88
1087 -107.343
1088 -107.108
1089 -105.299
1090 -104.963
1091 -107.708
1092 -106.066
1093 -105.572
1094 -106.641
1095 -104.991
1096 -107.697
1097 -106.248
1098 -104.507
1099 -106.093
1100 -109.148
1101 -109.469
1102 -107.99
1103 -108.822
1104 -107.173
1105 -109.987
1106 -109.084
1107 -107.823
1108 -109.251
1109 -108.005
1110 -109.115
1111 -108.063
1112 -107.354
1113 -107.841
1114 -107.528
1115 -110.203
1116 -107.347
1117 -108.751
1118 -105.406
1119 -108.043
1120 -109.504
1121 -108.601
1122 -109.337
1123 -108.821
1124 -107.406
1125 -108.775
1126 -107.348
1127 -108.188
1128 -107.685
1129 -107.388
1130 -109.04
1131 -107.129
1132 -108.834
1133 -106.216
1134 -108.363
1135 -107.854
1136 -109.334
1137 -108.434
1138 -106.796
1139 -107.89
1140 -107.797
1141 -106.732
1142 -105.564
1143 -105.972
1144 -106.668
1145 -107.643
1146 -106.677
1147 -105.969
1148 -106.851
1149 -106.903
1150 -106.631
1151 -105.117
1152 -106.756
1153 -105.281
1154 -104.861
1155 -105.916
1156 -106.21
1157 -106.837
1158 -104.086
1159 -107.076
1160 -108.019
1161 -106.866
1162 -107.844
1163 -106.395
1164 -105.512
1165 -109.448
1166 -107.637
1167 -108.2
1168 -108.133
1169 -106.129
1170 -111.62
1171 -107.555
1172 -109.26
1173 -106.771
1174 -106.52
1175 -107.766
1176 -106.063
1177 -106.54
1178 -106.343
1179 -106.977
1180 -107.23
1181 -109.613
1182 -109.143
1183 -109.818
1184 -107.482
1185 -107.792
1186 -108.714
1187 -106.686
1188 -107.571
1189 -107.319
1190 -107.712
1191 -107.778
1192 -106.308
1193 -106.451
1194 -108.052
1195 -108.671
1196 -108.423
1197 -107.996
1198 -105.931
1199 -108.101
1200 -107.174
1201 -107.689
1202 -107.925
1203 -106.498
1204 -105.673
1205 -104.788
1206 -104.41
1207 -106.397
1208 -105.123
1209 -105.81
1210 -105.154
1211 -106.584
1212 -105.008
1213 -105.786
1214 -104.581
1215 -105.255
1216 -103.765
1217 -105.405
1218 -105.181
1219 -107.832
1220 -107.155
1221 -105.196
1222 -106.57
1223 -107.725
1224 -108.604
1225 -107.747
1226 -109.059
1227 -106.372
1228 -106.121
1229 -106.847
1230 -106.994
1231 -108.04
1232 -106.574
1233 -103.793
1234 -106.883
1235 -106.455
1236 -104.701
1237 -106.374
1238 -106.935
1239 -109.316
1240 -107.193
1241 -107.245
1242 -108.516
1243 -107.635
1244 -107.867
1245 -107.412
1246 -108.414
1247 -106.135
1248 -105.821
1249 -105.874
1250 -105.718
1251 -106.379
1252 -107.042
1253 -108.043
1254 -107.379
1255 -106.508
1256 -106.663
1257 -107.606
1258 -105.232
1259 -106.546
1260 -106.795
1261 -106.607
1262 -106.65
1263 -105.73
1264 -106.452
1265 -105.637
1266 -105.373
1267 -105.285
1268 -105.154
1269 -105.919
1270 -104.601
1271 -102.624
1272 -104.411
1273 -102.92
1274 -104.32
1275 -102.568
1276 -105.128
1277 -104.579
1278 -103.967
1279 -105.061
1280 -104.69
1281 -108.135
1282 -105.164
1283 -104.862
1284 -105.395
1285 -107.714
1286 -108.151
1287 -106.951
1288 -105.27
1289 -106.319
1290 -106.56
1291 -106.041
1292 -107.125
1293 -107.132
1294 -107.779
1295 -105.284
1296 -105.394
1297 -107.076
1298 -105.23
1299 -105.366
1300 -105.8
1301 -106.406
1302 -106.367
1303 -107.485
1304 -104.505
1305 -105.126
1306 -106.275
1307 -105.637
1308 -107.443
1309 -105.008
1310 -105.057
1311 -104.431
1312 -107.011
1313 -104.804
1314 -106.693
1315 -107.85
1316 -106.221
1317 -108.164
1318 -106.496
1319 -105.679
1320 -104.852
1321 -104.952
1322 -105.607
1323 -105.716
1324 -104.098
1325 -105.266
1326 -104.384
1327 -104.775
1328 -104.511
1329 -104.719
1330 -102.628
1331 -105.277
1332 -104.068
1333 -104.722
1334 -103.816
1335 -103.586
1336 -102.524
1337 -102.897
1338 -104.666
1339 -104.486
1340 -106.414
1341 -104.884
1342 -105.646
1343 -105.292
1344 -105.579
1345 -106.392
1346 -104.964
1347 -109.018
1348 -106.016
1349 -105.436
1350 -106.531
1351 -106.102
1352 -105.717
1353 -107.143
1354 -105.105
1355 -104.757
1356 -105.149
1357 -104.326
1358 -106.522
1359 -106.316
1360 -105.629
1361 -105.909
1362 -105.936
1363 -104.707
1364 -106.59
1365 -105.279
1366 -105.905
1367 -103.361
1368 -105.469
1369 -105.383
1370 -104.528
1371 -104.493
1372 -105.238
1373 -105.72
1374 -104.03
1375 -106.512
1376 -106.316
1377 -104.711
1378 -105.82
1379 -105.733
1380 -104.91
1381 -105.05
1382 -105.646
1383 -104.973
1384 -103.882
1385 -106.125
1386 -104.275
1387 -103.132
1388 -106.492
1389 -104.006
1390 -104.009
1391 -107.376
1392 -106.112
1393 -105.909
1394 -105.054
1395 -107.029
1396 -107.938
1397 -106.864
1398 -108.626
1399 -108.194
1400 -110.388
1401 -108.512
1402 -109.923
1403 -111.99
1404 -111.216
1405 -111.372
1406 -113.018
1407 -111.819
1408 -111.901
1409 -114.944
1410 -112.525
1411 -115.434
1412 -114.268
1413 -115.503
1414 -115.033
1415 -115.888
1416 -114.924
1417 -114.537
1418 -116.047
1419 -117.979
1420 -117.098
1421 -117.885
1422 -118.398
1423 -118.88
1424 -119.263
1425 -119.41
1426 -121.091
1427 -119.807
1428 -118.236
1429 -119.18
1430 -120.148
1431 -119.014
1432 -119.815
1433 -117.292
1434 -117.47
1435 -118.732
1436 -117.88
1437 -120.366
1438 -119.96
1439 -117.864
1440 -118.645
1441 -118.638
1442 -118.965
1443 -119.611
1444 -118.169
1445 -118.708
1446 -118.982
1447 -120.75
1448 -119.878
1449 -116.965
1450 -117.7
1451 -117.578
1452 -116.033
1453 -117.483
1454 -116.786
1455 -116.316
1456 -115.736
1457 -116.01
1458 -115.469
1459 -114.928
1460 -113.143
1461 -114.873
1462 -114.214
1463 -113.633
1464 -113.749
1465 -112.686
1466 -115.039
1467 -112.795
1468 -112.644
1469 -111.489
1470 -112.299
1471 -111.2
1472 -111.441
1473 -110.703
1474 -111.079
1475 -110.99
1476 -110.568
1477 -111.122
1478 -111.325
1479 -108.039
1480 -110.76
1481 -111.091
1482 -110.376
1483 -109.116
1484 -108.917
1485 -110.321
1486 -108.423
1487 -108.537
1488 -109.522
1489 -108.624
1490 -108.118
1491 -108.856
1492 -107.574
1493 -108.467
1494 -109.842
1495 -107.835
1496 -107.151
1497 -109.493
1498 -107.398
1499 -108.758
1500 -107.493
1501 -107.723
1502 -107.032
1503 -108.18
1504 -107.732
1505 -107.809
1506 -106.967
1507 -106.762
1508 -109.982
1509 -109.199
1510 -108.438
1511 -108.938
1512 -108.669
1513 -106.885
1514 -108.116
1515 -105.417
1516 -105.202
1517 -108.046
1518 -106.059
1519 -107.542
1520 -108.421
1521 -105.476
1522 -106.646
1523 -106.566
1524 -106.854
1525 -108.981
1526 -104.806
1527 -107.196
1528 -108.301
1529 -107.721
1530 -106.053
1531 -106.897
1532 -107.366
1533 -107.252
1534 -105.586
1535 -107.95
1536 -106.099
1537 -106.369
1538 -106.416
1539 -106.493
1540 -107.689
1541 -105.493
1542 -107.646
1543 -107.951
1544 -107.08
1545 -107.434
1546 -106.444
1547 -107.687
1548 -108.226
1549 -106.436
1550 -106.597
1551 -106.447
1552 -107.174
1553 -107.074
1554 -107.816
1555 -107.059
1556 -106.867
1557 -106.424
1558 -108.858
1559 -107.366
1560 -106.835
1561 -106.318
1562 -107.469
1563 -107.283
1564 -107.937
1565 -107.333
1566 -108.901
1567 -106.556
1568 -107.536
1569 -107.468
1570 -107.446
1571 -106.618
1572 -107.956
1573 -108.953
1574 -108.142
1575 -109.087
1576 -107.343
1577 -108.07
1578 -110.443
1579 -110.196
1580 -109.577
1581 -110.425
1582 -112.099
1583 -112.708
1584 -112.937
1585 -112.363
1586 -111.493
1587 -113.48
1588 -113.656
1589 -113.885
1590 -114.965
1591 -113.381
1592 -116.605
1593 -115.893
1594 -118.637
1595 -117.6
1596 -116.265
1597 -116.932
1598 -116.778
1599 -118.773
1600 -118.992
1601 -119.178
1602 -118.385
1603 -118.981
1604 -120.019
1605 -120.218
1606 -120.619
1607 -122.602
1608 -122.017
1609 -121.728
1610 -123.152
1611 -123.472
1612 -124.867
1613 -124.954
1614 -124.637
1615 -126.056
1616 -125.885
1617 -127.35
1618 -127.955
1619 -126.471
1620 -127.167
1621 -126.597
1622 -127.352
1623 -129.172
1624 -128.396
1625 -128.243
1626 -127.677
1627 -128.579
1628 -128.1
1629 -127.44
1630 -128.607
1631 -128.85
1632 -128.137
1633 -127.543
1634 -127.655
1635 -127.524
1636 -126.263
1637 -125.463
1638 -126.813
1639 -127.761
1640 -124.565
1641 -126.12
1642 -125.889
1643 -124.892
1644 -128.295
1645 -126.052
1646 -126.18
1647 -124.225
1648 -125.525
1649 -122.928
1650 -121.99
1651 -122.811
1652 -123.421
1653 -123.128
1654 -121.138
1655 -120.972
1656 -122.469
1657 -120.162
1658 -120.286
1659 -122.538
1660 -122.241
1661 -122.116
1662 -118.983
1663 -117.755
1664 -118.429
1665 -116.674
1666 -116.681
1667 -115.743
1668 -116.464
1669 -116.965
1670 -115.894
1671 -117.505
1672 -116.665
1673 -117.189
1674 -116.3
1675 -116.956
1676 -115.89
1677 -115.466
1678 -114.743
1679 -115.304
1680 -116.201
1681 -115.667
1682 -116.324
1683 -116.735
1684 -115.287
1685 -115.91
1686 -115.335
1687 -115.304
1688 -116.423
1689 -116.092
1690 -118.984
1691 -115.786
1692 -117.145
1693 -117.282
1694 -115.086
1695 -117.794
1696 -115.787
1697 -116.944
1698 -114.463
1699 -117.865
1700 -118.455
1701 -117.23
1702 -116.876
1703 -117.758
1704 -115.598
1705 -117.77
1706 -118.283
1707 -116.36
1708 -119.737
1709 -117.287
1710 -116.476
1711 -115.901
1712 -116.541
1713 -116.597
1714 -116.834
1715 -116.628
1716 -117.521
1717 -115.815
1718 -116.572
1719 -116.351
1720 -115.507
1721 -115.421
1722 -116.1
1723 -116.965
1724 -116.484
1725 -115.138
1726 -116.295
1727 -115.946
1728 -113.32
1729 -115.058
1730 -113.85
1731 -114.01
1732 -114.308
1733 -115.73
1734 -114.526
1735 -117.847
1736 -115
1737 -114.963
1738 -115.996
1739 -113.174
1740 -116.749
1741 -113.095
1742 -115.591
1743 -114.531
1744 -113.68
1745 -114.589
1746 -114.121
1747 -115.048
1748 -114.872
1749 -115.704
1750 -116.911
1751 -118.674
1752 -117.055
1753 -117.04
1754 -115.075
1755 -115.564
1756 -116.17
1757 -114.668
1758 -113.64
1759 -117.072
1760 -116.436
1761 -115.874
1762 -116.95
1763 -117.261
1764 -118.437
1765 -118.912
1766 -116.466
1767 -117.094
1768 -117.275
1769 -118.366
1770 -119.06
1771 -115.796
1772 -116.127
1773 -116.036
1774 -119.831
1775 -116.705
1776 -117.743
1777 -116.714
1778 -115.991
1779 -118.042
1780 -115.442
1781 -117.1
1782 -116.845
1783 -116.966
1784 -117.023
1785 -115.73
1786 -116.073
1787 -116.473
1788 -116.167
1789 -115.073
1790 -115.611
1791 -116.53
1792 -115.566
1793 -115.388
1794 -116.385
1795 -114.853
1796 -116.344
1797 -117.343
1798 -117.462
1799 -115.426
1800 -114.817
1801 -115.497
1802 -113.904
1803 -116.501
1804 -115.604
1805 -115.603
1806 -114.025
1807 -116.277
1808 -116.514
1809 -116.219
1810 -117.193
1811 -118.284
1812 -118.295
1813 -116.594
1814 -118.014
1815 -117.799
1816 -115.825
1817 -116.837
1818 -116.362
1819 -116.69
1820 -115.984
1821 -116.461
1822 -115.466
1823 -115.884
1824 -117.347
1825 -116.958
1826 -119.766
1827 -117.727
1828 -116.337
1829 -117.648
1830 -117.371
1831 -120.826
1832 -117.934
1833 -117.249
1834 -117.853
1835 -119.404
1836 -116.055
1837 -117.221
1838 -118.601
1839 -115.596
1840 -119.315
1841 -117.507
1842 -116.724
1843 -118.907
1844 -115.507
1845 -117.005
1846 -116.499
1847 -116.298
1848 -115.54
1849 -116.135
1850 -116.761
1851 -115.25
1852 -115.883
1853 -113.689
1854 -115.655
1855 -115.336
1856 -116.562
1857 -117.332
1858 -115.476
1859 -116.154
1860 -115.81
1861 -115.577
1862 -114.596
1863 -115.585
1864 -114.576
1865 -114.878
1866 -115.011
1867 -116.714
1868 -116.326
1869 -116.213
1870 -118.767
1871 -119.267
1872 -118.1
1873 -117.344
1874 -117.544
1875 -116.786
1876 -116.6
1877 -117.376
1878 -116.682
1879 -116.585
1880 -117.65
1881 -117.057
1882 -117.004
1883 -119.861
1884 -118.247
1885 -116.567
1886 -118.817
1887 -118.349
1888 -119.055
1889 -119.161
1890 -119.38
1891 -118.462
1892 -119.092
1893 -117.388
1894 -118.521
1895 -117.666
1896 -117.607
1897 -117.326
1898 -118.23
1899 -116.635
1900 -117.733
1901 -119.587
1902 -115.891
1903 -117.054
1904 -117.231
1905 -117.098
1906 -116.072
1907 -116.126
1908 -116.938
1909 -116.84
1910 -115.631
1911 -116.635
1912 -116.58
1913 -117.605
1914 -116.299
1915 -115.57
1916 -120.492
1917 -116.609
1918 -116.271
1919 -116.917
1920 -118.378
1921 -115.719
1922 -114.509
1923 -116.075
1924 -116.785
1925 -116.484
1926 -115.782
1927 -115.022
1928 -116.522
1929 -118.5
1930 -117.891
1931 -118.569
1932 -119.182
1933 -118.132
1934 -117.402
1935 -117.99
1936 -117.615
1937 -116.439
1938 -116.498
1939 -118.117
1940 -116.75
1941 -118.135
1942 -118.391
1943 -117.869
1944 -117.756
1945 -118.719
1946 -120.048
1947 -117.475
1948 -119.542
1949 -118.396
1950 -118.918
1951 -118.675
1952 -119.989
1953 -118.563
1954 -118.542
1955 -118.637
1956 -116.648
1957 -118.642
1958 -117.026
1959 -118.027
1960 -117.571
1961 -119.599
1962 -118.53
1963 -118.644
1964 -118.472
1965 -116.024
1966 -116.977
1967 -115.646
1968 -117.845
1969 -117.235
1970 -118.187
1971 -116.979
1972 -117.59
1973 -117.229
1974 -118.139
1975 -118.235
1976 -115.839
1977 -117.362
1978 -117.65
1979 -118.036
1980 -117.038
1981 -118.437
1982 -117.041
1983 -116.68
1984 -114.964
1985 -114.773
1986 -117.756
1987 -117.136
1988 -118.321
1989 -118.011
1990 -119.167
1991 -119.7
1992 -119.13
1993 -118.83
1994 -120.248
1995 -118.951
1996 -119.252
1997 -118.237
1998 -116.361
1999 -117.96
2000 -118.904
2001 -117.836
2002 -119.453
2003 -118.553
2004 -118.739
2005 -119.259
2006 -119.172
2007 -121.306
2008 -117.962
2009 -119.403
2010 -119.998
2011 -118.373
2012 -119.373
2013 -117.831
2014 -117.107
2015 -116.498
2016 -117.897
2017 -118.083
2018 -116.628
2019 -118.344
2020 -120.515
2021 -116.531
2022 -117.604
2023 -119.897
2024 -119.434
2025 -118.085
2026 -117.467
2027 -117.236
2028 -118.19
2029 -117.792
2030 -118.561
2031 -116.085
2032 -117.048
2033 -118.706
2034 -118.742
2035 -117.322
2036 -117.505
2037 -116.989
2038 -116.773
2039 -116.774
2040 -116.473
2041 -117.064
2042 -117.687
2043 -116.99
2044 -116.914
2045 -114.52
2046 -116.616
2047 -115.917
2048 -115.759
2049 -118.603
2050 -116.986
2051 -119.439
2052 -118.011
2053 -117.304
2054 -120.042
2055 -118.516
2056 -117.467
2057 -118.05
2058 -117.836
2059 -118.071
2060 -118.119
2061 -116.757
2062 -117.978
2063 -118.987
2064 -119.811
2065 -120.064
2066 -120.118
2067 -119.518
2068 -119.506
2069 -118.745
2070 -119.162
2071 -118.543
2072 -118.397
2073 -117.895
2074 -117.58
2075 -116.812
2076 -119.715
2077 -117.349
2078 -118.266
2079 -116.718
2080 -116.911
2081 -117.017
2082 -117.134
2083 -118.168
2084 -118.57
2085 -119.891
2086 -117.636
2087 -117.06
2088 -116.969
2089 -120.421
2090 -117.532
2091 -117.809
2092 -116.665
2093 -117.884
2094 -116.082
2095 -117.156
2096 -119.122
2097 -116.717
2098 -117.664
2099 -116.631
2100 -117.443
2101 -118.578
2102 -117.335
2103 -117.386
2104 -117.111
2105 -116.458
2106 -116.855
2107 -118.001
2108 -116.619
2109 -118.138
2110 -118.265
2111 -119.076
2112 -119.615
2113 -120.094
2114 -117.452
2115 -118.43
2116 -117.598
2117 -117.289
2118 -117.703
2119 -117.584
2120 -118.739
2121 -119.035
2122 -118.713
2123 -118.578
2124 -117.444
2125 -118.622
2126 -119.129
2127 -119.685
2128 -120.554
2129 -119.361
2130 -121.615
2131 -120.137
2132 -120.672
2133 -119.88
2134 -118.997
2135 -119.275
2136 -118.879
2137 -118.597
2138 -118.224
2139 -118.227
2140 -118.128
2141 -117.27
2142 -119.223
2143 -118.9
2144 -118.773
2145 -119.335
2146 -121.252
2147 -117.635
2148 -119.575
2149 -118.146
2150 -117.438
2151 -117.351
2152 -117.901
2153 -117.152
2154 -118.129
2155 -120.394
2156 -117.63
2157 -116.764
2158 -117.112
2159 -118.744
2160 -116.054
2161 -115.842
2162 -117.06
2163 -115.449
2164 -116.006
2165 -116.453
2166 -117.465
2167 -117.781
2168 -118.818
2169 -117.853
2170 -119.498
2171 -118.818
2172 -120.115
2173 -120.052
2174 -118.898
2175 -118.485
2176 -118.884
2177 -118.426
2178 -116.45
2179 -116.733
2180 -117.621
2181 -116.48
2182 -116.848
2183 -116.515
2184 -116.649
2185 -115.299
2186 -116.758
2187 -115.645
2188 -117.463
2189 -114.544
2190 -115.598
2191 -115.608
2192 -115.109
2193 -114.441
2194 -114.186
2195 -112.746
2196 -112.276
2197 -111.766
2198 -112.562
2199 -112.086
2200 -112.904
2201 -109.052
2202 -108.407
2203 -110.72
2204 -110.134
2205 -110.392
2206 -109.043
2207 -108.134
2208 -107.042
2209 -106.508
2210 -105.535
2211 -103.589
2212 -105.874
2213 -104.854
2214 -105.68
2215 -103.932
2216 -104.003
2217 -103.389
2218 -104.131
2219 -105.905
2220 -103.393
2221 -105.577
2222 -105.405
2223 -103.74
2224 -101.131
2225 -103.76
2226 -101.835
2227 -102.882
2228 -103.181
2229 -101.691
2230 -103.055
2231 -102.997
2232 -102.787
2233 -102.109
2234 -102.756
2235 -104.728
2236 -103.913
2237 -101.65
2238 -103.028
2239 -102.159
2240 -105.239
2241 -105.278
2242 -106.022
2243 -104.908
2244 -104.476
2245 -107.067
2246 -105.178
2247 -106.959
2248 -104.565
2249 -106.875
2250 -106.421
2251 -108.644
2252 -107.22
2253 -108.666
2254 -110.026
2255 -108.848
2256 -109.915
2257 -107.62
2258 -107.965
2259 -110.765
2260 -110.298
2261 -112.006
2262 -108.89
2263 -110.475
2264 -112.214
2265 -112.647
2266 -112.705
2267 -113.125
2268 -112.195
2269 -110.991
2270 -111.669
2271 -111.175
2272 -112.672
2273 -110.314
2274 -113.003
2275 -113.255
2276 -113.552
2277 -114.004
2278 -114.124
2279 -114.867
2280 -112.802
2281 -111.365
2282 -115.776
2283 -114.579
2284 -112.01
2285 -114.082
2286 -113.682
2287 -114.706
2288 -113.595
2289 -116.15
2290 -114.431
2291 -115.078
2292 -114.965
2293 -112.159
2294 -111.92
2295 -114.083
2296 -113.908
2297 -114.35
2298 -115.738
2299 -114.536
2300 -113.862
2301 -114.625
2302 -114.848
2303 -115.759
2304 -115.413
2305 -113.793
2306 -115.542
2307 -115.882
2308 -114.241
2309 -113.635
2310 -115.418
2311 -115.242
2312 -116.894
2313 -116.092
2314 -114.571
2315 -117.32
2316 -114.821
2317 -115.212
2318 -114.989
2319 -115.342
2320 -116.342
2321 -116.147
2322 -114.854
2323 -113.982
2324 -115.626
2325 -115.812
2326 -115.832
2327 -116.755
2328 -114.776
2329 -116.597
2330 -114.694
2331 -115.322
2332 -114.088
2333 -115.873
2334 -115.196
2335 -116.203
2336 -114.242
2337 -115.522
2338 -113.783
2339 -115.309
2340 -114.958
2341 -115.291
2342 -114.012
2343 -114.707
2344 -115.555
2345 -116.273
2346 -115.982
2347 -116.579
2348 -114.377
2349 -117.014
2350 -115.505
2351 -114.221
2352 -115.846
2353 -114.932
2354 -115.648
2355 -116.274
2356 -114.05
2357 -113.325
2358 -115.038
2359 -115.764
2360 -115.603
2361 -114.851
2362 -114.783
2363 -114.564
2364 -114.978
2365 -115.761
2366 -113.464
2367 -112.954
2368 -115.482
2369 -110.773
2370 -112.594
2371 -114.896
2372 -111.594
2373 -110.129
2374 -111.305
2375 -109.69
2376 -111.152
2377 -111.911
2378 -112.077
2379 -109.054
2380 -109.714
2381 -110.798
2382 -109.173
2383 -108.011
2384 -107.322
2385 -106.797
2386 -105.7
2387 -106.098
2388 -105.608
2389 -105.426
2390 -105.21
2391 -103.812
2392 -104.364
2393 -105.722
2394 -104.158
2395 -103.805
2396 -101.403
2397 -101.488
2398 -101.58
2399 -99.939
2400 -99.478
2401 -102.137
2402 -97.7858
2403 -97.8631
2404 -98.8591
2405 -95.542
2406 -96.7973
2407 -97.0714
2408 -95.1744
2409 -97.525
2410 -95.7893
2411 -96.3716
2412 -94.5451
2413 -95.6587
2414 -94.8695
2415 -94.1498
2416 -94.5677
2417 -94.7647
2418 -95.6501
2419 -95.281
2420 -93.2132
2421 -93.4223
2422 -94.2112
2423 -95.0295
2424 -95.42
2425 -95.4444
2426 -94.7429
2427 -94.6114
2428 -96.1558
2429 -95.8585
2430 -96.9505
2431 -95.5812
2432 -96.7168
2433 -97.443
2434 -97.0856
2435 -100.034
2436 -96.0312
2437 -98.1383
2438 -98.7872
2439 -98.3865
2440 -101.441
2441 -101.411
2442 -98.9155
2443 -98.8736
2444 -101.32
2445 -100.913
2446 -101.748
2447 -100.015
2448 -102.192
2449 -102.271
2450 -104.146
2451 -102.667
2452 -103.725
2453 -105.912
2454 -104.769
2455 -103.895
2456 -105.574
2457 -104.081
2458 -103.867
2459 -106.149
2460 -107.583
2461 -106.254
2462 -106.839
2463 -105.712
2464 -107.118
2465 -106.755
2466 -106.698
2467 -106.137
2468 -105.468
2469 -108.047
2470 -105.331
2471 -108.199
2472 -106.092
2473 -105.403
2474 -108.178
2475 -106.441
2476 -108.683
2477 -110.981
2478 -107.418
2479 -107.701
2480 -107.855
2481 -108.27
2482 -106.848
2483 -107.521
2484 -107.578
2485 -107.026
2486 -107.571
2487 -106.79
2488 -105.495
2489 -107.178
2490 -106.701
2491 -106.976
2492 -103.768
2493 -106.495
2494 -107.87
2495 -104.153
2496 -106.989
2497 -106.935
2498 -104.959
2499 -106.753
2500 -105.461
2501 -106.865
2502 -106.683
2503 -107.432
2504 -107.008
2505 -108.507
2506 -109.189
2507 -108.567
2508 -107.766
2509 -108.263
2510 -106.708
2511 -108.958
2512 -109.564
2513 -108.581
2514 -108.27
2515 -107.769
2516 -107.682
2517 -109.118
2518 -109.334
2519 -110.326
2520 -108.429
2521 -108.142
2522 -108.326
2523 -108.5
2524 -108.772
2525 -107.646
2526 -108.787
2527 -109.9
2528 -108.803
2529 -106.946
2530 -107.086
2531 -108.353
2532 -106.433
2533 -109.041
2534 -110.349
2535 -109.73
2536 -109.925
2537 -110.769
2538 -107.443
2539 -108.304
2540 -110.822
2541 -110.172
2542 -110.774
2543 -111.121
2544 -109.483
2545 -108.596
2546 -107.529
2547 -107.787
2548 -108.341
2549 -107.114
2550 -108.934
2551 -105.841
2552 -105.797
2553 -106.11
2554 -106.774
2555 -106.721
2556 -106.53
2557 -105.916
2558 -107.044
2559 -107.68
2560 -108.256
2561 -106.263
2562 -107.938
2563 -108.074
2564 -108.327
2565 -108.88
2566 -108.097
2567 -107.871
2568 -109.058
2569 -109.633
2570 -108.848
2571 -109.366
2572 -107.258
2573 -108.321
2574 -108.211
2575 -109.487
2576 -108.813
2577 -108.391
2578 -108.517
2579 -108.051
2580 -109.033
2581 -110.376
2582 -109.221
2583 -109.751
2584 -108.748
2585 -109.5
2586 -107.907
2587 -110.471
2588 -108.116
2589 -107.929
2590 -109.672
2591 -109.315
2592 -107.873
2593 -108.13
2594 -108.958
2595 -108.13
2596 -110.286
2597 -109.492
2598 -109.626
2599 -110.262
2600 -106.787
2601 -107.411
2602 -108.395
2603 -108.802
2604 -109.592
2605 -108.337
2606 -108.135
2607 -107.213
2608 -107.876
2609 -105.64
2610 -107.383
2611 -107.345
2612 -105.867
2613 -107.424
2614 -106.788
2615 -107.31
2616 -106.214
2617 -106.008
2618 -105.998
2619 -107.083
2620 -107.061
2621 -106.996
2622 -108.681
2623 -107.727
2624 -107.116
2625 -108.335
2626 -108.447
2627 -108.519
2628 -107.467
2629 -106.631
2630 -110.15
2631 -108.284
2632 -107.722
2633 -108.12
2634 -108.695
2635 -110.54
2636 -108.366
2637 -108.765
2638 -108.787
2639 -108.999
2640 -108.434
2641 -108.227
2642 -109.328
2643 -107.639
2644 -108.406
2645 -107.804
2646 -109.79
2647 -108.825
2648 -110.243
2649 -108.702
2650 -107.825
2651 -108.357
2652 -109.526
2653 -108.598
2654 -107.345
2655 -110.243
2656 -108.145
2657 -107.958
2658 -109.707
2659 -111.409
2660 -109.668
2661 -111.401
2662 -109.702
2663 -108.51
2664 -107.346
2665 -106.779
2666 -108.756
2667 -108.126
2668 -107.884
2669 -106.468
2670 -107.336
2671 -106.547
2672 -107.026
2673 -105.667
2674 -106.892
2675 -104.876
2676 -104.24
2677 -105.871
2678 -106.495
2679 -106.82
2680 -106.833
2681 -106.62
2682 -107.414
2683 -106.521
2684 -106.757
2685 -107.688
2686 -108.795
2687 -109.13
2688 -107.629
2689 -106.86
2690 -108.875
2691 -109.742
2692 -107.694
2693 -107.768
2694 -108.658
2695 -109.792
2696 -106.883
2697 -106.42
2698 -107.235
2699 -108.594
2700 -108.848
2701 -107.521
2702 -108.365
2703 -109.164
2704 -109.647
2705 -108.635
2706 -109.238
2707 -108.788
2708 -107.621
2709 -108.544
2710 -107.855
2711 -108.329
2712 -107.327
2713 -108.15
2714 -108.797
2715 -109.731
2716 -109.402
2717 -108.821
2718 -109.421
2719 -107.847
2720 -108.618
2721 -108.579
2722 -105.968
2723 -107.808
2724 -110.491
2725 -107.291
2726 -107.739
2727 -108.386
2728 -107.166
2729 -106.691
2730 -105.493
2731 -105.337
2732 -108.344
2733 -107.179
2734 -105.975
2735 -105.269
2736 -105.421
2737 -105.372
2738 -105.525
2739 -104.856
2740 -105.809
2741 -105.722
2742 -106.991
2743 -106.4
2744 -106.701
2745 -107.54
2746 -107.461
2747 -108.384
2748 -107.538
2749 -108.608
2750 -108.086
2751 -106.061
2752 -107.43
2753 -107.708
2754 -109.7
2755 -107.394
2756 -108.17
2757 -107.49
2758 -107.435
2759 -106.697
2760 -107.085
2761 -107.861
2762 -106.944
2763 -109.465
2764 -108.479
2765 -109.052
2766 -107.862
2767 -108.128
2768 -107.641
2769 -109.364
2770 -107.263
2771 -108.345
2772 -108.092
2773 -108.248
2774 -107.066
2775 -107.74
2776 -107.951
2777 -108.912
2778 -107.933
2779 -106.72
2780 -108.031
2781 -109.414
2782 -106.52
2783 -106.793
2784 -107.268
2785 -107.387
2786 -105.97
2787 -105.65
2788 -106.6
2789 -105.485
2790 -105.982
2791 -106.661
2792 -103.733
2793 -104.166
2794 -104.977
2795 -105.849
2796 -105.936
2797 -105.971
2798 -105.544
2799 -104.498
2800 -105.105
2801 -104.864
2802 -107.218
2803 -106.452
2804 -106.226
2805 -105.764
2806 -106.388
2807 -106.311
2808 -106.587
2809 -105.846
2810 -106.132
2811 -107.895
2812 -106.896
2813 -107.633
2814 -107.661
2815 -107.556
2816 -107.021
2817 -107.77
2818 -107.391
2819 -107.532
2820 -107.766
2821 -106.549
2822 -106.577
2823 -107.72
2824 -106.192
2825 -107.841
2826 -107.494
2827 -108.36
2828 -107.587
2829 -107.821
2830 -106.046
2831 -105.878
2832 -106.045
2833 -107.221
2834 -106.937
2835 -106.228
2836 -107.332
2837 -106.305
2838 -107.671
2839 -108.487
2840 -105.408
2841 -107.231
2842 -106.752
2843 -107.624
2844 -106.551
2845 -106.995
2846 -107.367
2847 -105.126
2848 -105.69
2849 -106.251
2850 -105.234
2851 -105.384
2852 -105.911
2853 -105.403
2854 -105.16
2855 -105.333
2856 -106.265
2857 -104.5
2858 -105.128
2859 -104.433
2860 -105.088
2861 -105.852
2862 -106.975
2863 -105.765
2864 -104.913
2865 -105.001
2866 -106.762
2867 -106.059
2868 -107.647
2869 -106.937
2870 -106.606
2871 -105.982
2872 -107.452
2873 -106.598
2874 -109.55
2875 -107.573
2876 -106.164
2877 -106.84
2878 -107.057
2879 -107.304
2880 -104.835
2881 -104.202
2882 -106.537
2883 -108.928
2884 -106.216
2885 -107.333
2886 -106.424
2887 -106.56
2888 -106.283
2889 -106.22
2890 -105.209
2891 -106.87
2892 -105.253
2893 -107.574
2894 -108.165
2895 -105.573
2896 -105.936
2897 -106.948
2898 -105.198
2899 -107.275
2900 -106.944
2901 -107.331
2902 -106.837
2903 -106.459
2904 -107.684
2905 -105.302
2906 -104.005
2907 -105.239
2908 -105.289
2909 -105.781
2910 -104.999
2911 -103.079
2912 -105.016
2913 -107.057
2914 -104.362
2915 -105.015
2916 -102.816
2917 -104.212
2918 -105.289
2919 -103.653
2920 -104.672
2921 -104.033
2922 -103.779
2923 -104.932
2924 -104.904
2925 -106.696
2926 -107.483
2927 -106.5
2928 -107.254
2929 -105.377
2930 -105.841
2931 -106.32
2932 -105.903
2933 -108.118
2934 -104.776
2935 -105.166
2936 -107.161
2937 -104.694
2938 -105.395
2939 -105.897
2940 -106.295
2941 -104.2
2942 -105.995
2943 -105.376
2944 -105.204
2945 -107.036
2946 -105.643
2947 -107.993
2948 -105.197
2949 -103.609
2950 -104.402
2951 -104.874
2952 -106.392
2953 -104.326
2954 -106.222
2955 -104.599
2956 -105.547
2957 -106.737
2958 -104.427
2959 -105.223
2960 -106.654
2961 -106.233
2962 -107.626
2963 -106.643
2964 -105.597
2965 -107.18
2966 -105.594
2967 -103.846
2968 -105.123
2969 -104.515
2970 -106.719
2971 -105.188
2972 -106.58
2973 -105.978
2974 -107.021
2975 -107.38
2976 -106.19
2977 -107.694
2978 -107.504
2979 -105.253
2980 -108.619
2981 -107.828
2982 -107.44
2983 -109.92
2984 -110.519
2985 -109.604
2986 -112.676
2987 -110.632
2988 -111.86
2989 -112.873
2990 -112.52
2991 -112.362
2992 -113.808
2993 -114.559
2994 -112.251
2995 -114.859
2996 -113.709
2997 -115.111
2998 -116.556
2999 -117.698
3000 -115.225
3001 -115.89
3002 -117.068
3003 -114.633
3004 -117.479
3005 -120.048
3006 -119.764
3007 -119.617
3008 -119.892
3009 -121.25
3010 -120.55
3011 -120.238
3012 -120.792
3013 -119.088
3014 -120.863
3015 -120.648
3016 -117.466
3017 -119.577
3018 -118.527
3019 -119.929
3020 -120.23
3021 -118.788
3022 -121.231
3023 -120.657
3024 -118.711
3025 -120.644
3026 -118.107
3027 -118.677
3028 -121.458
3029 -117.598
3030 -118.352
3031 -118.019
3032 -117.144
3033 -117.716
3034 -117.232
3035 -119.128
3036 -115.441
3037 -116.607
3038 -115.902
3039 -117.049
3040 -115.949
3041 -116.356
3042 -115.961
3043 -114.047
3044 -114.228
3045 -116.581
3046 -115.297
3047 -112.941
3048 -114.035
3049 -113.737
3050 -114.849
3051 -113.141
3052 -113.124
3053 -111.126
3054 -111.936
3055 -111.04
3056 -111.723
3057 -111.242
3058 -110.623
3059 -111.192
3060 -111.024
3061 -111.807
3062 -112.298
3063 -111.373
3064 -111.103
3065 -109.909
3066 -110.258
3067 -110.464
3068 -109.929
3069 -108.492
3070 -109.951
3071 -109.578
3072 -110.895
3073 -109.076
3074 -107.201
3075 -108.559
3076 -108.017
3077 -108.559
3078 -109.711
3079 -106.84
3080 -108.347
3081 -109.278
3082 -109.02
3083 -106.557
3084 -107.949
3085 -107.797
3086 -107.911
3087 -107.807
3088 -107.659
3089 -105.287
3090 -106.171
3091 -107.851
3092 -107.949
3093 -107.476
3094 -107.338
3095 -108.587
3096 -108.372
3097 -109.374
3098 -108.871
3099 -107.609
3100 -107.53
3101 -109.394
3102 -108.345
3103 -108.245
3104 -109.669
3105 -108.305
3106 -107.571
3107 -107.44
3108 -107.054
3109 -108.321
3110 -107.354
3111 -107.459
3112 -104.545
3113 -108
3114 -107.241
3115 -106.132
3116 -105.901
3117 -106.146
3118 -107.425
3119 -108.228
3120 -107.387
3121 -107.378
3122 -108.306
3123 -105.896
3124 -107.228
3125 -105.68
3126 -107.189
3127 -106.943
3128 -108.642
3129 -106.389
3130 -107.666
3131 -106.923
3132 -108.93
3133 -108.383
3134 -108.456
3135 -107.953
3136 -108.944
3137 -106.729
3138 -106.779
3139 -106.542
3140 -107.521
3141 -105.215
3142 -106.228
3143 -107.061
3144 -107.897
3145 -106.234
3146 -106.535
3147 -106.502
3148 -105.014
3149 -106.408
3150 -108.976
3151 -105.532
3152 -108.557
3153 -104.367
3154 -106.237
3155 -106.47
3156 -107.71
3157 -106.523
3158 -106.421
3159 -106.801
3160 -106.715
3161 -106.94
3162 -107.416
3163 -106.544
3164 -107.023
3165 -106.722
3166 -107.021
3167 -104.31
3168 -107.12
3169 -105.443
3170 -107.583
3171 -108.009
3172 -108.117
3173 -108.277
3174 -106.619
3175 -106.918
3176 -106.904
3177 -106.795
3178 -106.674
3179 -107.54
3180 -105.962
3181 -105.188
3182 -107.82
3183 -107.643
3184 -105.701
3185 -106.896
3186 -107.532
3187 -106.552
3188 -107.475
3189 -110.092
3190 -107.246
3191 -107.167
3192 -107.906
3193 -107.909
3194 -108.434
3195 -106.416
3196 -106.633
3197 -107.009
3198 -106.835
3199 -108.273
3200 -107.432
3201 -107.858
3202 -106.763
3203 -109.113
3204 -106.151
3205 -107.145
3206 -106.727
3207 -105.744
3208 -107.2
3209 -106.097
3210 -105.477
3211 -106.263
3212 -106.658
3213 -107.907
3214 -107.882
3215 -108.183
3216 -105.5
3217 -106.584
3218 -106.594
3219 -108.298
3220 -108.178
3221 -107.661
3222 -105.619
3223 -107.717
3224 -107.784
3225 -108.501
3226 -107.564
3227 -107.55
3228 -108.397
3229 -107.562
3230 -106.786
3231 -105.881
3232 -105.342
3233 -104.622
3234 -106.377
3235 -107.441
3236 -106.197
3237 -106.952
3238 -108.255
3239 -107.842
3240 -106.564
3241 -106.926
3242 -106.726
3243 -108.431
3244 -106.036
3245 -108.819
3246 -108.884
3247 -110.214
3248 -108.936
3249 -108.598
3250 -108.044
3251 -106.871
3252 -108.536
3253 -108.087
3254 -105.427
3255 -108.1
3256 -106.283
3257 -108.498
3258 -106.955
3259 -107.223
3260 -108.529
3261 -107.568
3262 -106.295
3263 -108.831
3264 -108.832
3265 -107.165
3266 -107.164
3267 -109.318
3268 -106.229
3269 -106.933
3270 -106.031
3271 -106.915
3272 -105.422
3273 -106.977
3274 -108.185
3275 -108.073
3276 -107.079
3277 -106.227
3278 -105.924
3279 -107.774
3280 -107.074
3281 -106.063
3282 -107.261
3283 -108.707
3284 -107.449
3285 -108.105
3286 -107.476
3287 -109.173
3288 -107.503
3289 -106.985
3290 -107.262
3291 -106.349
3292 -105.913
3293 -107.762
3294 -106.474
3295 -105.736
3296 -106.513
3297 -107.961
3298 -107.797
3299 -106.958
3300 -107.785
3301 -106.634
3302 -109.044
3303 -106.19
3304 -106.014
3305 -106.334
3306 -104.86
3307 -106.65
3308 -106.188
3309 -108.207
3310 -106.674
3311 -106.389
3312 -107.016
3313 -108.019
3314 -106.635
3315 -107.955
3316 -104.38
3317 -106.352
3318 -107.196
3319 -106.201
3320 -107.107
3321 -107.545
3322 -105.715
3323 -106.53
3324 -108.093
3325 -105.929
3326 -108.157
3327 -108.321
3328 -106.38
3329 -108.041
3330 -107.853
3331 -106.641
3332 -107.176
3333 -105.753
3334 -108.55
3335 -107.651
3336 -107.172
3337 -108.147
3338 -107.659
3339 -108.006
3340 -107.714
3341 -107.674
3342 -107.505
3343 -106.601
3344 -109.755
3345 -106.079
3346 -106.479
3347 -106.758
3348 -106.434
3349 -106.253
3350 -109.072
3351 -108.53
3352 -106.035
3353 -108.908
3354 -108.141
3355 -108.5
3356 -108.761
3357 -107.679
3358 -107.588
3359 -106.538
3360 -107.943
3361 -106.867
3362 -108.049
3363 -108.217
3364 -107.18
3365 -107.635
3366 -107.903
3367 -108.418
3368 -105.953
3369 -107.248
3370 -107.589
3371 -106.58
3372 -107.739
3373 -108.352
3374 -107.144
3375 -107.968
3376 -107.069
3377 -107.579
3378 -108.712
3379 -108.297
3380 -109.349
3381 -107.28
3382 -108.363
3383 -107.584
3384 -107.6
3385 -108.306
3386 -106.002
3387 -107.529
3388 -108.523
3389 -108.484
3390 -107.299
3391 -108.687
3392 -107.201
3393 -106.858
3394 -107.331
3395 -107.01
3396 -106.052
3397 -107.921
3398 -107.412
3399 -108.217
