0 -140.704
1 -141.82
2 -141.093
3 -141.055
4 -141.801
5 -141.68
6 -141.013
7 -140.241
8 -141.07
9 -140.622
10 -140.671
11 -141.083
12 -141.8
13 -141.682
14 -141.01
15 -141.817
16 -141.466
17 -142.654
18 -142.49
19 -142.917
20 -141.959
21 -140.921
22 -142.15
23 -142.251
24 -142.507
25 -142.499
26 -141.052
27 -142.878
28 -142.431
29 -141.07
30 -141.517
31 -141.967
32 -143.448
33 -142.079
34 -143.808
35 -143.831
36 -145.084
37 -144.18
38 -145.042
39 -143.982
40 -146.923
41 -147.115
42 -145.688
43 -145.193
44 -147.077
45 -147.549
46 -146.899
47 -147.558
48 -148.555
49 -149.495
50 -149.625
51 -151.33
52 -151.434
53 -150.162
54 -150.042
55 -151.943
56 -153.671
57 -154.228
58 -154.792
59 -154.087
60 -154.798
61 -155.18
62 -156.059
63 -156.674
64 -158.664
65 -156.737
66 -157.36
67 -158.448
68 -159.047
69 -159.398
70 -161.135
71 -161.798
72 -162.04
73 -160.888
74 -161.152
75 -160.145
76 -160.704
77 -160.541
78 -161.007
79 -161.868
80 -161.296
81 -162.348
82 -162.696
83 -160.741
84 -160.79
85 -160.945
86 -160.789
87 -161.474
88 -159.897
89 -159.1
90 -158.499
91 -158.176
92 -158.36
93 -159.238
94 -157.054
95 -156.413
96 -157.252
97 -156.544
98 -154.729
99 -155.008
100 -154.625
101 -154.615
102 -154.813
103 -152.845
104 -152.384
105 -153.163
106 -152.324
107 -152.717
108 -150.532
109 -150.713
110 -148.768
111 -149.932
112 -150.955
113 -149.718
114 -150.189
115 -152.523
116 -152.414
117 -151.283
118 -150.693
119 -149.212
120 -149.44
121 -149.085
122 -149.338
123 -148.977
124 -146.96
125 -148.632
126 -149.754
127 -149.443
128 -149.128
129 -149.543
130 -149.28
131 -150.144
132 -148.845
133 -148.687
134 -148.502
135 -148.617
136 -149.796
137 -148.329
138 -149.436
139 -147.534
140 -149.557
141 -148.457
142 -147.643
143 -148.208
144 -149.651
145 -149.204
146 -149.022
147 -148.181
148 -147.641
149 -147.188
150 -148.484
151 -147.863
152 -147.926
153 -149.654
154 -147.122
155 -146.652
156 -148.47
157 -149.035
158 -147.287
159 -147.075
160 -147.836
161 -147.043
162 -148.457
163 -147.29
164 -148.485
165 -148.322
166 -148.435
167 -145.721
168 -147.192
169 -147.53
170 -147.085
171 -148.393
172 -146.495
173 -146.663
174 -149.901
175 -148.159
176 -149.116
177 -148.212
178 -145.907
179 -148.713
180 -148.494
181 -149.422
182 -148.069
183 -148.807
184 -148.19
185 -148.532
186 -147.268
187 -147.087
188 -149.413
189 -149.895
190 -148.758
191 -147.448
192 -148.52
193 -147.908
194 -148.255
195 -146.83
196 -145.677
197 -147.619
198 -147.102
199 -146.492
200 -146.903
201 -148.613
202 -148.137
203 -147.45
204 -147.453
205 -147.008
206 -147.151
207 -145.463
208 -145.852
209 -146.839
210 -146.38
211 -148.277
212 -147.721
213 -147.315
214 -149.288
215 -147.868
216 -146.099
217 -148.312
218 -146.943
219 -145.455
220 -145.225
221 -147.77
222 -147.874
223 -148.287
224 -147.197
225 -147.631
226 -148.985
227 -148.366
228 -147.234
229 -148.085
230 -146.361
231 -147.35
232 -145.938
233 -147.967
234 -148.022
235 -147.488
236 -148.325
237 -148.018
238 -148.639
239 -146.911
240 -146.781
241 -147.345
242 -144.834
243 -146.594
244 -148.05
245 -147.404
246 -147.369
247 -147.015
248 -147.152
249 -145.394
250 -147.02
251 -147.561
252 -145.805
253 -146.131
254 -146.3
255 -146.765
256 -146.081
257 -147.259
258 -147.533
259 -146.649
260 -147.806
261 -148.158
262 -145.814
263 -145.975
264 -146.489
265 -145.383
266 -146.811
267 -147.192
268 -147.691
269 -149.235
270 -148.287
271 -146.629
272 -148.739
273 -150.375
274 -148.196
275 -148.724
276 -146.982
277 -146.659
278 -146.729
279 -147.828
280 -148.196
281 -148.531
282 -147.837
283 -146.84
284 -147.405
285 -147.47
286 -147.119
287 -149.285
288 -147.948
289 -147.461
290 -148.245
291 -146.275
292 -147.152
293 -147.987
294 -147.203
295 -146.164
296 -148.642
297 -147.425
298 -147.038
299 -146.802
300 -147.256
301 -147.116
302 -146.188
303 -148.099
304 -147.901
305 -146.765
306 -147.057
307 -147.655
308 -146.583
309 -146.051
310 -147.505
311 -147.194
312 -147.257
313 -146.592
314 -147.454
315 -148.667
316 -146.621
317 -148.85
318 -148.178
319 -147.998
320 -148.564
321 -147.393
322 -147.611
323 -147.007
324 -148.265
325 -148.315
326 -148.429
327 -148.722
328 -148.422
329 -148.569
330 -148.592
331 -146.798
332 -148.628
333 -147.804
334 -147.979
335 -147.158
336 -145.89
337 -147.299
338 -149.558
339 -147.154
340 -146.74
341 -147.4
342 -146.71
343 -146.755
344 -147.995
345 -146.882
346 -145.599
347 -146.848
348 -145.952
349 -147.631
350 -147.422
351 -148.445
352 -147.49
353 -146.408
354 -146.594
355 -147.587
356 -146.028
357 -145.845
358 -145.745
359 -147.695
360 -146.66
361 -148.237
362 -148.363
363 -147.612
364 -147.371
365 -148.133
366 -147.724
367 -147.543
368 -148.085
369 -147.37
370 -148.672
371 -147.927
372 -147.686
373 -148.105
374 -148.631
375 -148.312
376 -149.243
377 -148.313
378 -147.58
379 -148.673
380 -147.534
381 -147.937
382 -146.81
383 -148.191
384 -147.385
385 -147.224
386 -147.252
387 -147.329
388 -145.524
389 -146.344
390 -146.812
391 -145.941
392 -146.013
393 -146.57
394 -146.671
395 -146.212
396 -147.048
397 -147.596
398 -146.891
399 -146.365
400 -146.576
401 -147.688
402 -147.298
403 -146.158
404 -146.27
405 -145.456
406 -145.147
407 -146.486
408 -146.33
409 -147.402
410 -148.998
411 -147.325
412 -147.45
413 -148.567
414 -148.902
415 -146.65
416 -146.116
417 -145.847
418 -146.61
419 -146.584
420 -146.966
421 -147.084
422 -148.396
423 -147.429
424 -148.823
425 -147.98
426 -148.338
427 -147.39
428 -147.25
429 -147.118
430 -146.975
431 -146.419
432 -146.396
433 -145.859
434 -146.403
435 -146.619
436 -146.814
437 -148.297
438 -147.612
439 -146.295
440 -145.077
441 -147.119
442 -146.377
443 -146.571
444 -144.83
445 -146.34
446 -148.883
447 -146.917
448 -144.942
449 -146.228
450 -146.778
451 -144.203
452 -144.806
453 -146.206
454 -147.124
455 -146.401
456 -147.738
457 -147.489
458 -147.655
459 -149.517
460 -148.12
461 -146.871
462 -146.508
463 -146.785
464 -146.67
465 -146.497
466 -146.311
467 -146.756
468 -146.952
469 -146.496
470 -146.757
471 -146.428
472 -148.345
473 -149.583
474 -147.048
475 -147.203
476 -147.023
477 -146.454
478 -147.456
479 -146.956
480 -146.4
481 -145.562
482 -146.547
483 -145.462
484 -146.118
485 -146.534
486 -145.436
487 -145.494
488 -145.486
489 -144.894
490 -145.842
491 -147.319
492 -147.318
493 -147.124
494 -146.968
495 -146.98
496 -146.055
497 -145.982
498 -145.004
499 -145.566
500 -144.981
501 -145.419
502 -146.374
503 -147.715
504 -146.971
505 -146.048
506 -145.94
507 -146.557
508 -146.888
509 -144.99
510 -145.217
511 -147.3
512 -146.875
513 -146.921
514 -145.117
515 -146.094
516 -144.703
517 -144.837
518 -145.324
519 -142.568
520 -142.793
521 -141.568
522 -142.276
523 -140.238
524 -141.511
525 -142.125
526 -139.336
527 -139.941
528 -138.495
529 -137.305
530 -137.302
531 -137.61
532 -137.902
533 -137.489
534 -136.333
535 -135.823
536 -135.722
537 -135.026
538 -133.157
539 -132.897
540 -134.471
541 -132.62
542 -131.68
543 -131.498
544 -133.324
545 -132.127
546 -131.441
547 -131.956
548 -130.563
549 -130.015
550 -130.519
551 -131.466
552 -129.22
553 -129.758
554 -131.029
555 -129.372
556 -128.618
557 -128.609
558 -129.413
559 -128.543
560 -129.918
561 -127.809
562 -128.983
563 -129.282
564 -126.972
565 -128.292
566 -128.296
567 -127.259
568 -126.902
569 -128.056
570 -128.443
571 -127.175
572 -126.623
573 -127.458
574 -126.72
575 -125.488
576 -125.24
577 -124.976
578 -123.754
579 -123.558
580 -123.311
581 -122.924
582 -121.138
583 -121.242
584 -123.254
585 -122.427
586 -120.549
587 -122.286
588 -121.521
589 -123.127
590 -121.238
591 -120.773
592 -121.456
593 -121.543
594 -121.783
595 -121.786
596 -121.288
597 -120.53
598 -122.804
599 -123.089
600 -124.369
601 -123.413
602 -123.457
603 -123.941
604 -124.638
605 -124.186
606 -124.878
607 -125.605
608 -126.381
609 -125.91
610 -126.337
611 -126.976
612 -128.466
613 -128.86
614 -129.229
615 -129.175
616 -131.473
617 -129.91
618 -129.373
619 -132.692
620 -131.422
621 -130.441
622 -132.462
623 -133.347
624 -134
625 -133.14
626 -133.517
627 -133.641
628 -134.813
629 -134.06
630 -134.492
631 -136.009
632 -135.216
633 -134.462
634 -135.62
635 -135.185
636 -134.697
637 -136.21
638 -135.284
639 -136.869
640 -135.966
641 -136.139
642 -137.372
643 -137.19
644 -135.802
645 -134.962
646 -137.073
647 -136.533
648 -136.404
649 -134.753
650 -135.953
651 -134.501
652 -134.774
653 -135.743
654 -136.734
655 -134.791
656 -135.692
657 -135.776
658 -135.543
659 -135.243
660 -134.817
661 -135.914
662 -135.438
663 -134.849
664 -135.745
665 -136.058
666 -137.272
667 -137.382
668 -135.474
669 -136.105
670 -137.836
671 -136.757
672 -137.224
673 -136.321
674 -136.325
675 -137.69
676 -137.649
677 -138.315
678 -137.796
679 -138.294
680 -138.822
681 -136.821
682 -136.103
683 -137.318
684 -136.112
685 -137.223
686 -137.525
687 -137.965
688 -138.619
689 -139.263
690 -137.926
691 -137.445
692 -137.03
693 -136.608
694 -139.308
695 -139.426
696 -137.039
697 -137.25
698 -135.551
699 -134.783
700 -135.514
701 -137.04
702 -136.176
703 -135.054
704 -135.272
705 -134.543
706 -136.521
707 -134.949
708 -136.438
709 -137.051
710 -136.019
711 -136.882
712 -137.59
713 -138.078
714 -136.924
715 -137.31
716 -137.429
717 -136.328
718 -137.736
719 -138.188
720 -137.749
721 -136.48
722 -138.6
723 -137.335
724 -138.2
725 -138.494
726 -138.024
727 -137.944
728 -136.377
729 -136.623
730 -136.367
731 -137.289
732 -136.662
733 -138.524
734 -138.333
735 -137.929
736 -138.184
737 -137.384
738 -138.372
739 -139.562
740 -137.898
741 -137.52
742 -136.443
743 -136.518
744 -137.607
745 -137.113
746 -136.514
747 -137.481
748 -137.518
749 -137.373
750 -136.316
751 -135.273
752 -136.057
753 -136.045
754 -136.861
755 -136.649
756 -138.242
757 -136.66
758 -136.982
759 -137.338
760 -137.242
761 -138.76
762 -137.979
763 -137.518
764 -138.27
765 -136.693
766 -138.798
767 -139.226
768 -137.839
769 -137.557
770 -136.805
771 -137.562
772 -137.495
773 -137.546
774 -138.163
775 -139.192
776 -137.279
777 -137.25
778 -139.016
779 -138.72
780 -138.198
781 -136.849
782 -139.123
783 -138.937
784 -140.536
785 -139.727
786 -138.368
787 -138.141
788 -138.26
789 -137.887
790 -136.087
791 -134.854
792 -136.172
793 -137.37
794 -136.912
795 -137.337
796 -137.166
797 -135.404
798 -136.61
799 -137.267
800 -136.129
801 -136.203
802 -135.268
803 -135.548
804 -136.547
805 -137.079
806 -136.634
807 -138.185
808 -137.571
809 -136.201
810 -139.063
811 -137.85
812 -138.164
813 -138.171
814 -138.125
815 -136.718
816 -136.212
817 -137.07
818 -137.658
819 -138.834
820 -139.422
821 -138.786
822 -137.752
823 -137.073
824 -137.061
825 -137.412
826 -138.446
827 -139.118
828 -138.089
829 -138.376
830 -139.986
831 -139.78
832 -138.103
833 -139.432
834 -139.618
835 -141.049
836 -137.627
837 -137.721
838 -136.914
839 -136.602
840 -136.255
841 -136.3
842 -138.659
843 -138.424
844 -137.867
845 -137.867
846 -136.755
847 -136.985
848 -137.167
849 -136.76
850 -137.37
851 -137.136
852 -138.45
853 -137.936
854 -138.535
855 -139.476
856 -138.948
857 -136.748
858 -137.267
859 -139.203
860 -137.091
861 -137.675
862 -138.286
863 -136.17
864 -138.574
865 -139.291
866 -138.111
867 -138.743
868 -138.391
869 -138.838
870 -138.636
871 -137.093
872 -137.3
873 -138.459
874 -138.026
875 -139.088
876 -139.52
877 -137.707
878 -139.893
879 -138.596
880 -139.151
881 -138.462
882 -137.98
883 -138.032
884 -138.13
885 -137.93
886 -137.101
887 -136.472
888 -135.903
889 -136.746
890 -136.758
891 -137.198
892 -137.258
893 -136.566
894 -135.673
895 -134.689
896 -138.567
897 -137.401
898 -136.575
899 -136.871
900 -138.975
901 -139.995
902 -139.157
903 -138.754
904 -138.028
905 -137.039
906 -136.047
907 -138.489
908 -136.82
909 -136.466
910 -138.278
911 -137.696
912 -139.04
913 -140.418
914 -139.592
915 -137.735
916 -139.987
917 -138.179
918 -137.606
919 -138.603
920 -139.633
921 -137.965
922 -139.528
923 -139.417
924 -137.255
925 -138.921
926 -137.586
927 -138.084
928 -138.751
929 -138.6
930 -137.259
931 -138.187
932 -136.836
933 -136.803
934 -138.732
935 -135.503
936 -136.687
937 -135.593
938 -137.853
939 -136.792
940 -136.329
941 -137.584
942 -137.883
943 -139.071
944 -139.831
945 -137.147
946 -137.902
947 -138.872
948 -140.15
949 -138.022
950 -137.807
951 -137.632
952 -137.964
953 -137.877
954 -138.507
955 -137.908
956 -136.979
957 -137.615
958 -139.193
959 -137.036
960 -138.407
961 -139.184
962 -139.365
963 -138.389
964 -138.177
965 -138.573
966 -138.054
967 -138.389
968 -138.137
969 -139.376
970 -140.351
971 -138.308
972 -138.7
973 -140.224
974 -140.101
975 -138.639
976 -137.657
977 -139.853
978 -137.872
979 -137.661
980 -137.586
981 -137.026
982 -137.699
983 -138.464
984 -137.679
985 -136.898
986 -137.394
987 -137.588
988 -138.098
989 -136.661
990 -137.138
991 -138.028
992 -138.999
993 -137.599
994 -138.458
995 -139.261
996 -138.18
997 -139.166
998 -137.411
999 -138.461
1000 -137.291
1001 -137.575
1002 -138.273
1003 -138.715
1004 -138.499
1005 -138.99
1006 -139.019
1007 -139.894
1008 -139.181
1009 -137.582
1010 -138.278
1011 -138.323
1012 -138.156
1013 -138.873
1014 -139.478
1015 -140.214
1016 -139.604
1017 -138.645
1018 -139.225
1019 -139.675
1020 -141.057
1021 -140.073
1022 -140.513
1023 -141.143
1024 -138.918
1025 -139.415
1026 -139.336
1027 -139.158
1028 -140.223
1029 -142.367
1030 -141.285
1031 -142.249
1032 -143.669
1033 -144.375
1034 -141.975
1035 -144.009
1036 -144.287
1037 -144.175
1038 -144.557
1039 -146.237
1040 -144.921
1041 -148.252
1042 -147.353
1043 -146.673
1044 -148.458
1045 -149.517
1046 -148.742
1047 -149.675
1048 -148.875
1049 -150.708
1050 -150.561
1051 -150.741
1052 -151.909
1053 -150.421
1054 -150.596
1055 -153.813
1056 -152.128
1057 -154.084
1058 -154.146
1059 -154.109
1060 -153.905
1061 -154.209
1062 -154.437
1063 -153.455
1064 -155.281
1065 -154.843
1066 -155.729
1067 -155.068
1068 -155.685
1069 -156.551
1070 -156.992
1071 -156.757
1072 -155.711
1073 -156.233
1074 -155.89
1075 -157.126
1076 -156.954
1077 -157.299
1078 -158.383
1079 -157.776
1080 -155.81
1081 -156.847
1082 -158.037
1083 -158.527
1084 -158.274
1085 -158.398
1086 -159.564
1087 -159.788
1088 -160.694
1089 -161.676
1090 -162.98
1091 -162.26
1092 -161.099
1093 -162.239
1094 -161.309
1095 -161.806
1096 -162.232
1097 -160.51
1098 -162.766
1099 -162.734
1100 -162.096
1101 -162.739
1102 -164.222
1103 -163.554
1104 -162.859
1105 -161.296
1106 -161.872
1107 -160.409
1108 -162.131
1109 -161.683
1110 -162.854
1111 -161.438
1112 -160.083
1113 -159.778
1114 -159.689
1115 -158.417
1116 -156.001
1117 -157.323
1118 -158.027
1119 -156.712
1120 -155.731
1121 -156.017
1122 -154.801
1123 -155.541
1124 -155.36
1125 -153.923
1126 -151.596
1127 -152.235
1128 -151.773
1129 -153.205
1130 -153.841
1131 -150.397
1132 -150.438
1133 -151.075
1134 -151.292
1135 -151.521
1136 -151.148
1137 -150.546
1138 -150.465
1139 -149.9
1140 -150.56
1141 -149.771
1142 -149.578
1143 -148.594
1144 -147.596
1145 -147.334
1146 -147.934
1147 -148.376
1148 -148.724
1149 -149.399
1150 -149.681
1151 -149.871
1152 -149.835
1153 -150.084
1154 -149.042
1155 -148.804
1156 -149.319
1157 -148.933
1158 -149.303
1159 -147.972
1160 -147.739
1161 -148.16
1162 -148.815
1163 -149.068
1164 -149.069
1165 -149.159
1166 -148.257
1167 -147.595
1168 -146.632
1169 -147.103
1170 -146.032
1171 -146.418
1172 -146.331
1173 -146.364
1174 -145.88
1175 -146.054
1176 -147.122
1177 -147.828
1178 -145.651
1179 -145.339
1180 -145.532
1181 -146.126
1182 -147.296
1183 -145.865
1184 -147.099
1185 -147.48
1186 -147.526
1187 -147.42
1188 -147.194
1189 -147.512
1190 -144.564
1191 -145.85
1192 -146.584
1193 -145.69
1194 -147.47
1195 -147.531
1196 -148.59
1197 -150.635
1198 -148.462
1199 -147.525
1200 -148.141
1201 -146.024
1202 -146.923
1203 -147.185
1204 -147.042
1205 -146.84
1206 -147.82
1207 -147.873
1208 -148.17
1209 -147.16
1210 -147.18
1211 -146.922
1212 -146.699
1213 -147.075
1214 -147.703
1215 -145.514
1216 -145.068
1217 -146.216
1218 -147.122
1219 -146.912
1220 -148.294
1221 -146.86
1222 -146.943
1223 -146.207
1224 -146.162
1225 -146.619
1226 -145.474
1227 -146.078
1228 -146.883
1229 -146.524
1230 -146.813
1231 -147.12
1232 -146.636
1233 -146.972
1234 -146.798
1235 -146.151
1236 -146.021
1237 -146.456
1238 -146.31
1239 -145.104
1240 -145.629
1241 -146.845
1242 -146.224
1243 -148.522
1244 -147.173
1245 -148.789
1246 -147.903
1247 -145.657
1248 -147.453
1249 -146.28
1250 -146.306
1251 -148
1252 -148.065
1253 -147.824
1254 -146.874
1255 -147.373
1256 -146.908
1257 -149.43
1258 -148.405
1259 -148.163
1260 -147.252
1261 -145.727
1262 -145.438
1263 -146.624
1264 -147.364
1265 -147.722
1266 -147.433
1267 -146.703
1268 -146.685
1269 -147.098
1270 -146.08
1271 -146.988
1272 -145.993
1273 -146.934
1274 -147.039
1275 -146.97
1276 -146.107
1277 -146.943
1278 -146.75
1279 -145.96
1280 -146.404
1281 -147.05
1282 -146.621
1283 -144.924
1284 -145.159
1285 -145.097
1286 -144.814
1287 -145.558
1288 -146.398
1289 -147.134
1290 -146.867
1291 -147.146
1292 -148.305
1293 -149.361
1294 -146.738
1295 -147.792
1296 -146.688
1297 -147.066
1298 -147.105
1299 -147.357
1300 -147.153
1301 -147.505
1302 -147.617
1303 -148.326
1304 -148.437
1305 -148.728
1306 -148.881
1307 -146.25
1308 -146.425
1309 -146.36
1310 -145.817
1311 -147.037
1312 -146.451
1313 -147.094
1314 -147.334
1315 -146.258
1316 -146.155
1317 -145.865
1318 -147.086
1319 -146.196
1320 -143.898
1321 -145.576
1322 -147.362
1323 -146.686
1324 -145.838
1325 -146.676
1326 -145.521
1327 -146.553
1328 -145.557
1329 -145.097
1330 -145.019
1331 -144.83
1332 -145.627
1333 -145.125
1334 -145.376
1335 -147.444
1336 -147.119
1337 -147.019
1338 -146.682
1339 -147.854
1340 -146.887
1341 -146.611
1342 -145.272
1343 -145.478
1344 -146.462
1345 -146.961
1346 -147.187
1347 -146.681
1348 -146.169
1349 -146.984
1350 -146.992
1351 -146.215
1352 -146.657
1353 -148.281
1354 -146.65
1355 -145.432
1356 -144.846
1357 -145.291
1358 -145.031
1359 -147.149
1360 -146.202
1361 -147.517
1362 -147.71
1363 -146.47
1364 -146.922
1365 -146.997
1366 -147.616
1367 -144.734
1368 -145.318
1369 -146.326
1370 -145.531
1371 -144.834
1372 -145.319
1373 -146.904
1374 -146.534
1375 -145.608
1376 -145.731
1377 -145.64
1378 -144.502
1379 -147.011
1380 -144.928
1381 -144.784
1382 -147.88
1383 -147.836
1384 -146.466
1385 -146.433
1386 -147.16
1387 -147.425
1388 -144.596
1389 -146.161
1390 -146.378
1391 -146.01
1392 -146.675
1393 -145.754
1394 -147.106
1395 -148.491
1396 -147.185
1397 -147.656
1398 -146.997
1399 -147.066
1400 -145.696
1401 -146.288
1402 -145.545
1403 -144.601
1404 -145.123
1405 -146.121
1406 -146.283
1407 -147.606
1408 -146.678
1409 -145.557
1410 -146.798
1411 -144.699
1412 -143.834
1413 -144.84
1414 -143.566
1415 -146.138
1416 -144.473
1417 -146.555
1418 -145.184
1419 -146.066
1420 -146.995
1421 -147.655
1422 -145.259
1423 -144.383
1424 -144.824
1425 -145.653
1426 -144.173
1427 -145.462
1428 -147.184
1429 -146.102
1430 -146.019
1431 -146.305
1432 -146.701
1433 -146.638
1434 -145.819
1435 -144.789
1436 -145.91
1437 -145.97
1438 -146.096
1439 -146.75
1440 -145.516
1441 -145.997
1442 -147.984
1443 -147.802
1444 -147.949
1445 -147.059
1446 -146.779
1447 -147.168
1448 -145.758
1449 -146.48
1450 -145.936
1451 -145.412
1452 -146.338
1453 -145.364
1454 -145.954
1455 -146.508
1456 -145.454
1457 -145.669
1458 -145.133
1459 -144.023
1460 -145.274
1461 -143.522
1462 -144.217
1463 -144.736
1464 -145.728
1465 -144.994
1466 -146.201
1467 -144.604
1468 -146.248
1469 -144.838
1470 -144.691
1471 -145.171
1472 -144.643
1473 -145.294
1474 -144.111
1475 -145.518
1476 -146.443
1477 -147.495
1478 -146.375
1479 -146.39
1480 -146.059
1481 -147.146
1482 -144.583
1483 -145.627
1484 -143.436
1485 -144.005
1486 -145.644
1487 -145.259
1488 -145.096
1489 -144.835
1490 -147.412
1491 -146.454
1492 -145.012
1493 -145.813
1494 -144.233
1495 -145.202
1496 -144.455
1497 -145.068
1498 -144.122
1499 -144.553
1500 -145.517
1501 -145.509
1502 -144.587
1503 -145.605
1504 -145.9
1505 -144.601
1506 -145.85
1507 -144.993
1508 -146.401
1509 -144.409
1510 -145.725
1511 -146.272
1512 -146.457
1513 -145.684
1514 -144.061
1515 -145.814
1516 -145.988
1517 -146.068
1518 -145.139
1519 -144.61
1520 -145.578
1521 -144.403
1522 -146.17
1523 -145.896
1524 -145.762
1525 -145.351
1526 -146.756
1527 -145.165
1528 -143.931
1529 -144.613
1530 -144.775
1531 -144.006
1532 -144.581
1533 -143.81
1534 -145.271
1535 -145.353
1536 -144.075
1537 -143.606
1538 -142.081
1539 -142.404
1540 -142.395
1541 -141.238
1542 -141.238
1543 -140.451
1544 -140.417
1545 -140.525
1546 -140.119
1547 -138.446
1548 -138.186
1549 -138.45
1550 -137.678
1551 -137.956
1552 -136.654
1553 -136.103
1554 -135.746
1555 -134.821
1556 -135.675
1557 -133.408
1558 -133.997
1559 -132.338
1560 -133.383
1561 -131.879
1562 -132.432
1563 -133.923
1564 -132.776
1565 -131.934
1566 -131.759
1567 -131.864
1568 -131.297
1569 -131.604
1570 -129.948
1571 -129.689
1572 -129.07
1573 -129.317
1574 -128.56
1575 -130.172
1576 -129.065
1577 -129.703
1578 -127.003
1579 -128.213
1580 -128.651
1581 -130.06
1582 -128.085
1583 -127.202
1584 -129.997
1585 -126.939
1586 -126.68
1587 -125.398
1588 -127.954
1589 -127.694
1590 -127.078
1591 -127.996
1592 -126.797
1593 -126.42
1594 -125.69
1595 -125.776
1596 -123.223
1597 -123.139
1598 -123.491
1599 -123.323
1600 -122.228
1601 -120.843
1602 -121.313
1603 -123.07
1604 -121.385
1605 -121.385
1606 -122.794
1607 -122.266
1608 -121.084
1609 -119.892
1610 -119.301
1611 -121.66
1612 -121.397
1613 -121.307
1614 -121.432
1615 -121.49
1616 -119.477
1617 -120.377
1618 -120.708
1619 -122.655
1620 -122.895
1621 -123.83
1622 -123.695
1623 -122.618
1624 -123.145
1625 -123.514
1626 -124.853
1627 -124.386
1628 -123.439
1629 -124.371
1630 -126.144
1631 -126.242
1632 -126.755
1633 -127.185
1634 -127.755
1635 -129.359
1636 -129.41
1637 -131.481
1638 -130.043
1639 -130.768
1640 -130.566
1641 -130.658
1642 -132.183
1643 -132.474
1644 -131.985
1645 -131.734
1646 -132.828
1647 -134.129
1648 -134.412
1649 -134.133
1650 -135.463
1651 -134.504
1652 -136.239
1653 -132.556
1654 -133.954
1655 -134.131
1656 -134.542
1657 -135.274
1658 -135.735
1659 -134.876
1660 -136.899
1661 -135.714
1662 -136.629
1663 -135.352
1664 -135.931
1665 -136.572
1666 -136.597
1667 -135.885
1668 -136.291
1669 -136.227
1670 -135.251
1671 -135.856
1672 -135.742
1673 -135.076
1674 -134.677
1675 -134.85
1676 -135.592
1677 -133.854
1678 -134.874
1679 -134.022
1680 -133.977
1681 -135.263
1682 -135.506
1683 -135.911
1684 -136.625
1685 -137.402
1686 -137.39
1687 -135.166
1688 -136.57
1689 -136.899
1690 -136.923
1691 -135.859
1692 -136.494
1693 -133.594
1694 -134.728
1695 -137.138
1696 -136.19
1697 -137.35
1698 -138.952
1699 -137.31
1700 -137.739
1701 -138.019
1702 -137.22
1703 -137.42
1704 -136.484
1705 -137.716
1706 -137.772
1707 -137.06
1708 -135.747
1709 -138.52
1710 -136.251
1711 -138.834
1712 -136.992
1713 -137.215
1714 -137.101
1715 -137.015
1716 -136.624
1717 -135.79
1718 -136.118
1719 -135.159
1720 -135.416
1721 -135.459
1722 -135.621
1723 -136.051
1724 -135.229
1725 -135.704
1726 -135.479
1727 -135.741
1728 -135.839
1729 -136.041
1730 -136.711
1731 -134.621
1732 -136.735
1733 -135.872
1734 -137.123
1735 -136.676
1736 -136.378
1737 -136.635
1738 -137.685
1739 -136.904
1740 -135.166
1741 -138.004
1742 -137.402
1743 -137.498
1744 -137.751
1745 -136.802
1746 -137.527
1747 -137.432
1748 -138.454
1749 -138.423
1750 -135.141
1751 -138.009
1752 -137.129
1753 -137.245
1754 -138.789
1755 -137.318
1756 -137.812
1757 -137.514
1758 -137.456
1759 -138.976
1760 -138.396
1761 -137.829
1762 -137.428
1763 -135.938
1764 -135.722
1765 -136.671
1766 -137.322
1767 -136.914
1768 -137.028
1769 -136.888
1770 -136.741
1771 -137.652
1772 -136.582
1773 -135.493
1774 -135.25
1775 -136.076
1776 -135.5
1777 -135.312
1778 -136.193
1779 -137.992
1780 -138.515
1781 -137.545
1782 -136.522
1783 -137.876
1784 -137.441
1785 -137.463
1786 -137.284
1787 -137.47
1788 -137.243
1789 -135.781
1790 -136.162
1791 -137.903
1792 -136.327
1793 -137.062
1794 -137.329
1795 -137.56
1796 -137.454
1797 -137.785
1798 -136.541
1799 -137.681
1800 -137.988
1801 -137.229
1802 -138.242
1803 -138.049
1804 -138.197
1805 -138.156
1806 -137.459
1807 -138.686
1808 -136.127
1809 -137.95
1810 -136.312
1811 -138.628
1812 -135.935
1813 -135.724
1814 -136.14
1815 -135.533
1816 -137.06
1817 -136.33
1818 -135.389
1819 -136.39
1820 -136.67
1821 -135.749
1822 -137.633
1823 -137.504
1824 -136.741
1825 -137.875
1826 -135.755
1827 -136.52
1828 -138.32
1829 -138.438
1830 -137.147
1831 -138.466
1832 -139.241
1833 -137.446
1834 -136.203
1835 -136.795
1836 -134.646
1837 -137.488
1838 -138.956
1839 -137.466
1840 -138.642
1841 -137.45
1842 -138.172
1843 -138.589
1844 -137.264
1845 -137.972
1846 -137.246
1847 -138.419
1848 -137.345
1849 -138.332
1850 -138.331
1851 -138.4
1852 -138.815
1853 -139.239
1854 -139.272
1855 -136.881
1856 -137.421
1857 -137.642
1858 -138.172
1859 -136.593
1860 -135.536
1861 -135.888
1862 -136.634
1863 -136.745
1864 -135.745
1865 -137.014
1866 -137.939
1867 -136.395
1868 -136.098
1869 -136.627
1870 -138.193
1871 -137.07
1872 -136.85
1873 -138.696
1874 -137.045
1875 -137.329
1876 -137.343
1877 -138.047
1878 -136.437
1879 -139.502
1880 -138.434
1881 -137.87
1882 -138.891
1883 -136.828
1884 -137.419
1885 -136.986
1886 -136.999
1887 -138.549
1888 -139.823
1889 -138.698
1890 -138.782
1891 -137.948
1892 -136.521
1893 -136.899
1894 -138.267
1895 -138.591
1896 -138.182
1897 -137.323
1898 -139.19
1899 -138.592
1900 -138.302
1901 -138.967
1902 -139.234
1903 -136.544
1904 -139.446
1905 -137.512
1906 -137.486
1907 -136.192
1908 -136.775
1909 -136.179
1910 -136.712
1911 -137.518
1912 -137.229
1913 -136.569
1914 -138.615
1915 -136.605
1916 -137.629
1917 -138.016
1918 -136.971
1919 -138.057
1920 -138.852
1921 -137.213
1922 -137.175
1923 -137.548
1924 -137.751
1925 -139.103
1926 -137.403
1927 -137.769
1928 -137.413
1929 -137.453
1930 -138.476
1931 -138.155
1932 -136.745
1933 -137.934
1934 -138.923
1935 -137.449
1936 -139.575
1937 -138.344
1938 -137.705
1939 -138.183
1940 -138.012
1941 -138.021
1942 -137.626
1943 -138.81
1944 -138.462
1945 -139.647
1946 -138.482
1947 -137.062
1948 -136.883
1949 -136.952
1950 -138.079
1951 -137.691
1952 -137.674
1953 -135.5
1954 -137.863
1955 -136.663
1956 -137.056
1957 -137.203
1958 -136.027
1959 -136.784
1960 -136.67
1961 -136.524
1962 -137.191
1963 -137.977
1964 -135.958
1965 -136.329
1966 -136.608
1967 -138.939
1968 -135.963
1969 -139.137
1970 -139.004
1971 -139.111
1972 -137.889
1973 -139.202
1974 -137.956
1975 -137.126
1976 -138.463
1977 -138.476
1978 -137.196
1979 -139.549
1980 -138.439
1981 -137.351
1982 -139.988
1983 -138.917
1984 -140.43
1985 -137.418
1986 -137.677
1987 -139.408
1988 -139.331
1989 -140.391
1990 -139.635
1991 -139.313
1992 -139.237
1993 -138.182
1994 -138.187
1995 -138.202
1996 -136.686
1997 -137.597
1998 -137.667
1999 -137.644
2000 -137.78
2001 -137.596
2002 -137.555
2003 -137.464
2004 -136.313
2005 -136.296
2006 -137.512
2007 -136.245
2008 -137.11
2009 -137.059
2010 -139.032
2011 -136.808
2012 -136.458
2013 -137.736
2014 -137.966
2015 -138.399
2016 -137.49
2017 -136.505
2018 -138.349
2019 -138.515
2020 -138.822
2021 -138.935
2022 -138.048
2023 -137.322
2024 -137.45
2025 -139.299
2026 -139.148
2027 -137.91
2028 -140.075
2029 -138.801
2030 -140.502
2031 -139.823
2032 -138.919
2033 -138.04
2034 -138.121
2035 -139.397
2036 -138.782
2037 -138.924
2038 -137.875
2039 -137.858
2040 -140.627
2041 -139.209
2042 -142.363
2043 -140.918
2044 -140.216
2045 -141.315
2046 -140.003
2047 -138.704
2048 -139.065
2049 -140.672
2050 -140.459
2051 -140.599
2052 -141.742
2053 -142.485
2054 -142.448
2055 -142.249
2056 -142.2
2057 -144.395
2058 -144.266
2059 -145.176
2060 -146.681
2061 -145.741
2062 -146.695
2063 -147.459
2064 -146.089
2065 -149.18
2066 -148.255
2067 -150.099
2068 -148.735
2069 -148.973
2070 -148.223
2071 -149.229
2072 -151.257
2073 -152.053
2074 -151.266
2075 -151.787
2076 -153.093
2077 -153.077
2078 -153.57
2079 -154.42
2080 -155.527
2081 -152.958
2082 -156.182
2083 -153.974
2084 -153.465
2085 -154.786
2086 -153.83
2087 -155.111
2088 -156.074
2089 -156.671
2090 -155.404
2091 -154.612
2092 -156.645
2093 -155.068
2094 -155.107
2095 -155.202
2096 -155.73
2097 -158.103
2098 -156.719
2099 -157.208
2100 -157.368
2101 -156.332
2102 -157.653
2103 -156.225
2104 -157.288
2105 -159.13
2106 -158.933
2107 -159.749
2108 -159.866
2109 -158.93
2110 -161.577
2111 -162.356
2112 -161.311
2113 -160.972
2114 -164.009
2115 -161.964
2116 -160.706
2117 -161.268
2118 -161.388
2119 -160.645
2120 -161.596
2121 -161.525
2122 -162.924
2123 -161.425
2124 -162.257
2125 -161.547
2126 -162.509
2127 -161.828
2128 -161.094
2129 -161.136
2130 -159.814
2131 -158.754
2132 -160.825
2133 -161.138
2134 -159.665
2135 -160
2136 -157.318
2137 -158.173
2138 -157.818
2139 -156.733
2140 -154.991
2141 -154.603
2142 -154.889
2143 -155.374
2144 -154.987
2145 -154.916
2146 -154.28
2147 -152.012
2148 -151.298
2149 -152.503
2150 -151.641
2151 -151.273
2152 -151.437
2153 -150.372
2154 -150.397
2155 -150.731
2156 -149.385
2157 -150.747
2158 -150.369
2159 -150.365
2160 -149.321
2161 -149.7
2162 -149.332
2163 -147.955
2164 -149.295
2165 -149.132
2166 -148.67
2167 -149.141
2168 -149.174
2169 -149.893
2170 -148.802
2171 -149.401
2172 -147.784
2173 -148.594
2174 -147.258
2175 -148.074
2176 -148.275
2177 -148.152
2178 -148.876
2179 -147.606
2180 -146.838
2181 -146.448
2182 -148.256
2183 -149.812
2184 -148.348
2185 -148.266
2186 -147.499
2187 -148.32
2188 -146.015
2189 -147.416
2190 -148.297
2191 -148.202
2192 -147.774
2193 -146.978
2194 -147.373
2195 -146.625
2196 -148.233
2197 -146.626
2198 -145.191
2199 -147.192
2200 -146.298
2201 -145.648
2202 -146.016
2203 -146.389
2204 -147.572
2205 -147.046
2206 -148.95
2207 -147.021
2208 -146.427
2209 -146.683
2210 -145.197
2211 -144.818
2212 -146.185
2213 -146.681
2214 -144.814
2215 -146.176
2216 -145.234
2217 -147.331
2218 -147.587
2219 -147.938
2220 -147.51
2221 -148.56
2222 -147.961
2223 -145.84
2224 -146.266
2225 -146.615
2226 -146.062
2227 -146.905
2228 -147.662
2229 -147.912
2230 -147.853
2231 -147.161
2232 -147.309
2233 -147.02
2234 -147.551
2235 -145.755
2236 -146.715
2237 -146.828
2238 -146.252
2239 -146.445
2240 -144.903
2241 -146.913
2242 -148.845
2243 -147.262
2244 -144.777
2245 -144.941
2246 -145.392
2247 -145.644
2248 -144.371
2249 -145.787
2250 -146.533
2251 -145.878
2252 -147.555
2253 -145.375
2254 -146.344
2255 -147.813
2256 -144.252
2257 -145.457
2258 -145.191
2259 -146.179
2260 -146.42
2261 -146.871
2262 -145.712
2263 -146.151
2264 -148.274
2265 -146.88
2266 -146.394
2267 -146.79
2268 -146.205
2269 -146.787
2270 -146.535
2271 -146.352
2272 -144.737
2273 -147.868
2274 -147.466
2275 -148.196
2276 -147.852
2277 -147.478
2278 -146.278
2279 -148.013
2280 -146.846
2281 -145.852
2282 -146.106
2283 -145.32
2284 -145.17
2285 -146.018
2286 -146.521
2287 -146.158
2288 -146.936
2289 -146.603
2290 -146.221
2291 -146.042
2292 -144.18
2293 -145.594
2294 -145.36
2295 -144.805
2296 -145.631
2297 -145.944
2298 -147.098
2299 -145.109
2300 -145.443
2301 -147.092
2302 -146.747
2303 -145.688
2304 -145.5
2305 -145.381
2306 -145.114
2307 -144.856
2308 -145.014
2309 -145.828
2310 -145.202
2311 -145.978
2312 -146.551
2313 -147.319
2314 -146.604
2315 -148.256
2316 -145.973
2317 -146.338
2318 -145.291
2319 -145.048
2320 -147.616
2321 -145.962
2322 -146.841
2323 -148.112
2324 -147.939
2325 -146.228
2326 -147.021
2327 -145.955
2328 -145.233
2329 -146.756
2330 -144.839
2331 -146.118
2332 -145.3
2333 -145.814
2334 -145.908
2335 -146.871
2336 -145.457
2337 -147.007
2338 -146.023
2339 -145.93
2340 -144.345
2341 -142.31
2342 -145.533
2343 -145.28
2344 -145.91
2345 -146.127
2346 -144.471
2347 -146.228
2348 -147.148
2349 -145.242
2350 -145.494
2351 -146.131
2352 -143.815
2353 -145.424
2354 -145.402
2355 -145.203
2356 -146.014
2357 -145.97
2358 -146.909
2359 -145.686
2360 -147.908
2361 -146.26
2362 -146.086
2363 -145.916
2364 -144.884
2365 -144.567
2366 -146.714
2367 -147.12
2368 -144.787
2369 -145.767
2370 -148.028
2371 -147.571
2372 -146.708
2373 -146.721
2374 -146.365
2375 -146.705
2376 -146.923
2377 -146.36
2378 -145.283
2379 -144.922
2380 -146.554
2381 -145.541
2382 -146.067
2383 -145.037
2384 -146.117
2385 -144.662
2386 -145.844
2387 -147.08
2388 -145.612
2389 -145.486
2390 -146.252
2391 -145.807
2392 -145.373
2393 -145.896
2394 -145.025
2395 -146.203
2396 -146.099
2397 -144.127
2398 -145.547
2399 -144.998
2400 -142.834
2401 -146.626
2402 -145.893
2403 -147.031
2404 -145.872
2405 -145.24
2406 -145.838
2407 -146.252
2408 -146.297
2409 -145.318
2410 -145.646
2411 -146.142
2412 -144.974
2413 -145.412
2414 -146.06
2415 -146.421
2416 -146.279
2417 -147.01
2418 -146.411
2419 -146.672
2420 -146.419
2421 -144.858
2422 -144.952
2423 -145.421
2424 -145.577
2425 -144.604
2426 -145.045
2427 -145.293
2428 -145.406
2429 -145.441
2430 -144.859
2431 -146.321
2432 -144.642
2433 -144.64
2434 -144.591
2435 -144.356
2436 -146.381
2437 -145.39
2438 -144.951
2439 -144.073
2440 -145.606
2441 -144.559
2442 -145.486
2443 -145.253
2444 -146.263
2445 -144.841
2446 -144.506
2447 -144.73
2448 -145.568
2449 -144.293
2450 -145.556
2451 -144.566
2452 -146.687
2453 -145.861
2454 -146.604
2455 -146.967
2456 -146.33
2457 -147.213
2458 -145.345
2459 -144.62
2460 -145.989
2461 -146.71
2462 -147.671
2463 -147.318
2464 -146.125
2465 -145.38
2466 -145.25
2467 -145.46
2468 -145.759
2469 -146.211
2470 -144.974
2471 -144.378
2472 -143.667
2473 -146.685
2474 -146.028
2475 -144.394
2476 -145.267
2477 -144.298
2478 -144.75
2479 -145.516
2480 -142.965
2481 -144.919
2482 -145.285
2483 -146.172
2484 -144.014
2485 -143.937
2486 -145.466
2487 -145.844
2488 -144.652
2489 -144.729
2490 -145.382
2491 -144.171
2492 -144.762
2493 -143.31
2494 -143.603
2495 -144.933
2496 -144.486
2497 -145.864
2498 -146.752
2499 -146.877
2500 -145.37
2501 -146.206
2502 -144.193
2503 -144.932
2504 -144.538
2505 -146.266
2506 -145.373
2507 -144.621
2508 -146.803
2509 -145.736
2510 -145.612
2511 -145.768
2512 -144.404
2513 -145.747
2514 -147.18
2515 -145.319
2516 -144.985
2517 -144.442
2518 -145.67
2519 -146.014
2520 -145.203
2521 -145.111
2522 -144.933
2523 -144.804
2524 -144.795
2525 -143.569
2526 -144.611
2527 -145.345
2528 -144.853
2529 -142.141
2530 -143.424
2531 -145.752
2532 -144.601
2533 -145.524
2534 -145.592
2535 -145.435
2536 -144.865
2537 -144.49
2538 -143.207
2539 -143.391
2540 -143.455
2541 -144.55
2542 -145.035
2543 -143.607
2544 -145.589
2545 -145.822
2546 -144.477
2547 -147.335
2548 -145.896
2549 -144.834
2550 -144.349
2551 -145.024
2552 -145.1
2553 -144.861
2554 -144.519
2555 -144.247
2556 -143.114
2557 -142.445
2558 -142.924
2559 -143.573
2560 -142.227
2561 -141.09
2562 -141.765
2563 -140.509
2564 -140.313
2565 -139.824
2566 -138.307
2567 -139.088
2568 -140.239
2569 -138.083
2570 -137.284
2571 -137.396
2572 -136.312
2573 -135.511
2574 -134.594
2575 -132.734
2576 -135.173
2577 -133.625
2578 -133.642
2579 -133.874
2580 -133.59
2581 -132.067
2582 -132.811
2583 -131.218
2584 -131.529
2585 -132.209
2586 -132.178
2587 -129.634
2588 -129.481
2589 -130.697
2590 -129.745
2591 -129.593
2592 -128.152
2593 -129.453
2594 -129.645
2595 -128.473
2596 -128.622
2597 -128.907
2598 -130.191
2599 -128.81
2600 -130.916
2601 -129.229
2602 -127.944
2603 -128.151
2604 -126.145
2605 -128.28
2606 -127.242
2607 -126.669
2608 -127.457
2609 -126.466
2610 -128.125
2611 -126.613
2612 -125.729
2613 -124.877
2614 -124.408
2615 -124.702
2616 -124.328
2617 -123.779
2618 -122.197
2619 -123.533
2620 -123.314
2621 -122.485
2622 -121.795
2623 -121.795
2624 -120.443
2625 -122.02
2626 -121.813
2627 -121.913
2628 -120.281
2629 -120.634
2630 -120.48
2631 -120.047
2632 -120.401
2633 -120.457
2634 -120.595
2635 -121.74
2636 -120.754
2637 -120.413
2638 -120.986
2639 -120.115
2640 -121.998
2641 -123.617
2642 -122.121
2643 -123.156
2644 -121.748
2645 -122.494
2646 -122.87
2647 -123.209
2648 -124.527
2649 -124.008
2650 -126.592
2651 -126.822
2652 -127.239
2653 -127.267
2654 -128.076
2655 -128.201
2656 -129.125
2657 -130.098
2658 -128.898
2659 -129.263
2660 -129.962
2661 -131.528
2662 -132.477
2663 -133.213
2664 -133.074
2665 -132.133
2666 -133.299
2667 -132.588
2668 -132.722
2669 -133.316
2670 -132.982
2671 -132.89
2672 -134.475
2673 -134.21
2674 -135.292
2675 -134.514
2676 -135.756
2677 -135.236
2678 -135.497
2679 -135.079
2680 -136.038
2681 -135.807
2682 -136.062
2683 -135.954
2684 -135.67
2685 -135.039
2686 -136.247
2687 -136.334
2688 -137.055
2689 -133.959
2690 -135.551
2691 -134.908
2692 -134.401
2693 -134.516
2694 -133.414
2695 -133.531
2696 -136.186
2697 -135.34
2698 -134.878
2699 -134.717
2700 -135.412
2701 -135.205
2702 -135.187
2703 -135.834
2704 -135.578
2705 -135.651
2706 -136.982
2707 -137.091
2708 -136.252
2709 -136.358
2710 -135.924
2711 -136.882
2712 -137.452
2713 -137.053
2714 -136.655
2715 -136.86
2716 -135.76
2717 -135.202
2718 -137.133
2719 -136.337
2720 -137.472
2721 -136.333
2722 -137.9
2723 -136.524
2724 -136.442
2725 -136.787
2726 -137.266
2727 -137.249
2728 -137.133
2729 -137.161
2730 -137.816
2731 -137.44
2732 -138.901
2733 -138.756
2734 -138.211
2735 -136.127
2736 -137.268
2737 -136.392
2738 -136.063
2739 -136.21
2740 -134.836
2741 -135.916
2742 -134.587
2743 -137.229
2744 -137.165
2745 -135.968
2746 -136.991
2747 -135.971
2748 -134.858
2749 -136.291
2750 -136.208
2751 -135.386
2752 -134.42
2753 -138.776
2754 -137.609
2755 -137.682
2756 -135.789
2757 -136.86
2758 -137.371
2759 -136.552
2760 -135.767
2761 -137.668
2762 -137.3
2763 -136.733
2764 -135.925
2765 -135.555
2766 -136.593
2767 -140.358
2768 -137.629
2769 -137.099
2770 -135.998
2771 -137.457
2772 -135.75
2773 -136.12
2774 -138.303
2775 -139.226
2776 -138.03
2777 -138.754
2778 -137.906
2779 -138.16
2780 -139.479
2781 -138.848
2782 -136.826
2783 -136.843
2784 -138.247
2785 -136.459
2786 -135.673
2787 -136.988
2788 -134.749
2789 -137.116
2790 -136.12
2791 -136.304
2792 -135.005
2793 -135.851
2794 -135.436
2795 -135.297
2796 -136.606
2797 -136.825
2798 -136.305
2799 -135.48
2800 -136.932
2801 -137.618
2802 -137.592
2803 -137.231
2804 -137.622
2805 -136.176
2806 -138.593
2807 -137.568
2808 -137.966
2809 -136.083
2810 -137.724
2811 -136.992
2812 -136.655
2813 -137.323
2814 -138.647
2815 -137.907
2816 -137.087
2817 -139.322
2818 -137.004
2819 -137.776
2820 -138.225
2821 -136.844
2822 -137.27
2823 -137.657
2824 -137.491
2825 -137.166
2826 -139.522
2827 -137.068
2828 -138.069
2829 -138.999
2830 -136.753
2831 -138.054
2832 -136.626
2833 -138.212
2834 -136.482
2835 -137.172
2836 -137.289
2837 -137.641
2838 -137.643
2839 -136.482
2840 -136.372
2841 -137.211
2842 -137.739
2843 -136.768
2844 -135.161
2845 -138.098
2846 -138.279
2847 -137.685
2848 -137.782
2849 -140.193
2850 -136.831
2851 -138.448
2852 -138.127
2853 -137.173
2854 -136.828
2855 -137.572
2856 -137.539
2857 -136.116
2858 -136.92
2859 -139.423
2860 -136.589
2861 -137.921
2862 -138.316
2863 -138.154
2864 -137.278
2865 -138.408
2866 -139.005
2867 -137.5
2868 -137.03
2869 -135.69
2870 -138.243
2871 -139.155
2872 -139.105
2873 -139.247
2874 -139.055
2875 -138.258
2876 -135.553
2877 -135.496
2878 -136.052
2879 -136.266
2880 -136.649
2881 -135.662
2882 -137.002
2883 -138.31
2884 -137.956
2885 -136.926
2886 -136.622
2887 -136.052
2888 -136.986
2889 -137.379
2890 -137.02
2891 -136.332
2892 -136.757
2893 -137.96
2894 -139.265
2895 -137.605
2896 -138.401
2897 -138.503
2898 -136.355
2899 -136.776
2900 -137.893
2901 -138.578
2902 -136.454
2903 -137.869
2904 -136.87
2905 -138.593
2906 -137.473
2907 -137.761
2908 -137.404
2909 -139.202
2910 -138.437
2911 -137.808
2912 -137.926
2913 -138.026
2914 -138.419
2915 -136.609
2916 -138.259
2917 -138.489
2918 -137.811
2919 -140.165
2920 -138.059
2921 -138.938
2922 -138.452
2923 -138.132
2924 -137.374
2925 -136.207
2926 -135.948
2927 -135.301
2928 -136.515
2929 -136.8
2930 -134.992
2931 -136.395
2932 -137.254
2933 -137.525
2934 -137.616
2935 -136.475
2936 -136.137
2937 -137.502
2938 -137.906
2939 -137.365
2940 -136.328
2941 -139.401
2942 -138.06
2943 -138.636
2944 -138.855
2945 -136.933
2946 -137.73
2947 -138.185
2948 -136.347
2949 -137.579
2950 -137.832
2951 -137.624
2952 -137.829
2953 -138.429
2954 -138.91
2955 -137.933
2956 -137.696
2957 -136.964
2958 -137.931
2959 -137.979
2960 -137.409
2961 -137.277
2962 -138.501
2963 -139.381
2964 -138.139
2965 -139.301
2966 -138.238
2967 -138.175
2968 -137.648
2969 -137.35
2970 -138.248
2971 -138.328
2972 -138.444
2973 -138.098
2974 -136.924
2975 -137.419
2976 -138.888
2977 -138.593
2978 -136.981
2979 -135.899
2980 -137.19
2981 -137.647
2982 -136.559
2983 -136.429
2984 -137.441
2985 -136.572
2986 -137.568
2987 -136.755
2988 -137.376
2989 -137.97
2990 -138.086
2991 -139.796
2992 -138.692
2993 -138.445
2994 -138.385
2995 -137.771
2996 -137.755
2997 -138.39
2998 -137.205
2999 -138.578
3000 -139.283
3001 -137.504
3002 -139.023
3003 -138.338
3004 -138.08
3005 -138.76
3006 -137.664
3007 -136.668
3008 -136.882
3009 -138
3010 -137.622
3011 -137.584
3012 -139.472
3013 -137.33
3014 -138.376
3015 -138.265
3016 -139.204
3017 -139.192
3018 -139.032
3019 -137.832
3020 -138.579
3021 -138.932
3022 -138.006
3023 -137.785
3024 -136.571
3025 -136.49
3026 -139.248
3027 -137.186
3028 -137.908
3029 -137.32
3030 -137.293
3031 -137.851
3032 -138.15
3033 -138.215
3034 -138.364
3035 -137.873
3036 -138.052
3037 -138.077
3038 -139.767
3039 -137.904
3040 -138.835
3041 -138.994
3042 -140.573
3043 -140.568
3044 -138.255
3045 -138.586
3046 -139.532
3047 -138.883
3048 -140.507
3049 -139.058
3050 -139.34
3051 -137.947
3052 -138.118
3053 -138.185
3054 -137.301
3055 -137.932
3056 -138.482
3057 -139.333
3058 -139.622
3059 -139.223
3060 -139.998
3061 -139.365
3062 -140.778
3063 -140.475
3064 -139.715
3065 -138.509
3066 -139.293
3067 -140.458
3068 -139.516
3069 -141.648
3070 -141.508
3071 -142.262
3072 -142.625
3073 -143.383
3074 -143.273
3075 -141.27
3076 -143.498
3077 -142.483
3078 -144.311
3079 -144.72
3080 -146.412
3081 -146.011
3082 -146.824
3083 -146.804
3084 -147.297
3085 -148.829
3086 -150.584
3087 -150.662
3088 -149.773
3089 -150.213
3090 -149.489
3091 -151.416
3092 -151.613
3093 -151.043
3094 -151.083
3095 -152.257
3096 -152.394
3097 -153.04
3098 -153.538
3099 -152.194
3100 -154.505
3101 -152.177
3102 -152.757
3103 -152.238
3104 -153.76
3105 -153.223
3106 -151.757
3107 -152.043
3108 -151.309
3109 -152.614
3110 -152.5
3111 -151.953
3112 -152.448
3113 -152.741
3114 -151.099
3115 -149.742
3116 -149.839
3117 -151.105
3118 -150.759
3119 -149.887
3120 -149.544
3121 -149.044
3122 -149.394
3123 -149.099
3124 -148.836
3125 -148.194
3126 -146.684
3127 -147.518
3128 -146.152
3129 -144.968
3130 -145.951
3131 -145.562
3132 -145.365
3133 -145.792
3134 -145.299
3135 -144.885
3136 -144.194
3137 -142.019
3138 -144.093
3139 -144.92
3140 -144.899
3141 -144.475
3142 -144.304
3143 -142.126
3144 -142.472
3145 -143.666
3146 -143.823
3147 -142.762
3148 -143.527
3149 -141.922
3150 -142.904
3151 -143.968
3152 -141.926
3153 -141.872
3154 -142.715
3155 -142.281
3156 -141.41
3157 -138.772
3158 -142.652
3159 -142.737
3160 -142.817
3161 -143.316
3162 -142.142
3163 -141.459
3164 -141.413
3165 -141.262
3166 -140.555
3167 -141.715
3168 -141.891
3169 -143.317
3170 -142.062
3171 -142.95
3172 -141.55
3173 -141.652
3174 -141.14
3175 -142.284
3176 -142.438
3177 -140.595
3178 -139.675
3179 -142.119
3180 -142.384
3181 -140.97
3182 -141.462
3183 -141.713
3184 -140.809
3185 -141.145
3186 -142.449
3187 -142.127
3188 -141.144
3189 -140.638
3190 -140.557
3191 -140.93
3192 -141.322
3193 -141.72
3194 -141.864
3195 -141.43
3196 -140.202
3197 -141.615
3198 -141.986
3199 -140.447
3200 -141.766
3201 -141.478
3202 -140.558
3203 -141.884
3204 -140.648
3205 -140.197
3206 -140.752
3207 -140.12
3208 -140.375
3209 -141.045
3210 -141.293
3211 -141.508
3212 -140.05
3213 -140.944
3214 -141.128
3215 -143.21
3216 -141.701
3217 -140.929
3218 -141.269
3219 -142.62
3220 -140.02
3221 -140.354
3222 -140.45
3223 -141.869
3224 -141.04
3225 -141.136
3226 -139.933
3227 -140.009
3228 -141.277
3229 -142.338
3230 -140.931
3231 -140.957
3232 -140.206
3233 -140.399
3234 -140.54
3235 -142.26
3236 -141.053
3237 -140.485
3238 -139.294
3239 -140.852
3240 -140.449
3241 -140.547
3242 -141.401
3243 -142.494
3244 -140.449
3245 -140.917
3246 -139.338
3247 -140.403
3248 -139.813
3249 -141.86
3250 -141.41
3251 -141.318
3252 -141.446
3253 -141.569
3254 -140.562
3255 -140.656
3256 -140.456
3257 -139.772
3258 -140.988
3259 -141.557
3260 -141.072
3261 -138.836
3262 -139.974
3263 -140.669
3264 -141.309
3265 -141.115
3266 -141.735
3267 -141.226
3268 -141.575
3269 -141.575
3270 -140.165
3271 -141.788
3272 -140.489
3273 -140.337
3274 -140.728
3275 -141.068
3276 -140.219
3277 -140.036
3278 -141.467
3279 -140.915
3280 -139.85
3281 -141.376
3282 -139.408
3283 -140.819
3284 -141.283
3285 -141.289
3286 -140.634
3287 -141.871
3288 -142.103
3289 -140.486
3290 -140.184
3291 -141.179
3292 -141.663
3293 -142.428
3294 -140.838
3295 -141.756
3296 -140.766
3297 -139.546
3298 -141.139
3299 -141.232
3300 -140.514
3301 -140.332
3302 -139.966
3303 -140.626
3304 -140.222
3305 -140.384
3306 -140.914
3307 -141.262
3308 -140.88
3309 -142.018
3310 -139.135
3311 -141.715
3312 -140.313
3313 -141.095
3314 -141.745
3315 -142.932
3316 -142.017
3317 -142.385
3318 -141.624
3319 -141.169
3320 -140.985
3321 -141.906
3322 -142.087
3323 -143.188
3324 -140.755
3325 -141.713
3326 -142.051
3327 -141.902
3328 -141.74
3329 -140.963
3330 -139.359
3331 -140.735
3332 -142.043
3333 -141.445
3334 -140.691
3335 -141.084
3336 -141.824
3337 -141.434
3338 -139.477
3339 -142.177
3340 -140.928
3341 -141.865
3342 -142.371
3343 -141.47
3344 -141.616
3345 -140.354
3346 -140.98
3347 -141.255
3348 -142.749
3349 -141.245
3350 -141.957
3351 -140.231
3352 -140.385
3353 -142.531
3354 -139.453
3355 -140.582
3356 -140.464
3357 -141.006
3358 -141.163
3359 -142.053
3360 -140.555
3361 -141.257
3362 -141.02
3363 -141.726
3364 -140.822
3365 -141.652
3366 -141.379
3367 -140.694
3368 -140.897
3369 -141.373
3370 -142.397
3371 -141.945
3372 -140.653
3373 -141.69
3374 -141.182
3375 -141.799
3376 -140.418
3377 -141.656
3378 -141.403
3379 -141.387
3380 -140.436
3381 -138.981
3382 -141.253
3383 -141.343
3384 -141.11
3385 -142.54
3386 -141.418
3387 -141.406
3388 -139.693
3389 -140.625
3390 -140.742
3391 -139.939
3392 -141.443
3393 -140.922
3394 -141.441
3395 -140.708
3396 -141.553
3397 -141.725
3398 -141.29
3399 -142.247
