0 -110.465
1 -110.996
2 -111.111
3 -108.706
4 -109.917
5 -108.573
6 -108.102
7 -107.17
8 -109.274
9 -109.913
10 -108.833
11 -108.95
12 -109.622
13 -110.398
14 -108.866
15 -108.751
16 -108.06
17 -109.315
18 -108.579
19 -110.259
20 -111.035
21 -112.435
22 -111.767
23 -111.44
24 -111.567
25 -111.21
26 -110.373
27 -110.152
28 -109.343
29 -110.58
30 -111.96
31 -110.472
32 -111.933
33 -110.415
34 -111.459
35 -110.67
36 -110.785
37 -109.959
38 -110.132
39 -110.779
40 -111.003
41 -110.47
42 -112.044
43 -111.837
44 -110.825
45 -110.65
46 -109.797
47 -108.668
48 -109.018
49 -109.804
50 -109.232
51 -110.124
52 -109.959
53 -109.532
54 -110.006
55 -110.421
56 -109.252
57 -109.719
58 -108.323
59 -109.657
60 -111.155
61 -111.007
62 -111.559
63 -111.551
64 -109.885
65 -111.125
66 -110.714
67 -112.395
68 -111.712
69 -111.036
70 -111.436
71 -111.966
72 -111.582
73 -111.741
74 -113.635
75 -111.779
76 -112.494
77 -112.179
78 -112.182
79 -110.366
80 -110.268
81 -111.607
82 -110.669
83 -111.73
84 -113.347
85 -111.377
86 -110.453
87 -110.031
88 -109.719
89 -108.7
90 -110.884
91 -109.48
92 -110
93 -109.628
94 -109.337
95 -110.364
96 -110.074
97 -110.849
98 -110.145
99 -107.986
100 -109.846
101 -109.836
102 -111.317
103 -110.54
104 -112.662
105 -112.315
106 -112.919
107 -112.162
108 -112.981
109 -111.47
110 -112.244
111 -111.048
112 -111.996
113 -113.407
114 -114.021
115 -112.643
116 -112.67
117 -112.358
118 -112.962
119 -113.027
120 -111.23
121 -112.649
122 -111.054
123 -112.25
124 -113.784
125 -113.584
126 -114.842
127 -111.771
128 -111.249
129 -112.311
130 -111.177
131 -111.282
132 -109.457
133 -108.704
134 -108.838
135 -110.775
136 -110.628
137 -111.487
138 -112.338
139 -112.481
140 -111.254
141 -111.321
142 -110.929
143 -108.62
144 -111.159
145 -112.978
146 -114.238
147 -112.666
148 -113.135
149 -112.596
150 -112.014
151 -112.755
152 -112.007
153 -111.503
154 -111.126
155 -113.035
156 -114.011
157 -113.632
158 -113.594
159 -113.713
160 -113.78
161 -113.441
162 -111.856
163 -111.543
164 -112.626
165 -111.332
166 -111.903
167 -111.646
168 -114.158
169 -111.879
170 -114.955
171 -113.216
172 -110.553
173 -110.208
174 -110.593
175 -110.156
176 -110.56
177 -110.688
178 -110.278
179 -110.521
180 -111.645
181 -111.506
182 -110.702
183 -111.61
184 -111.142
185 -110.963
186 -112.894
187 -112.48
188 -112.825
189 -112.83
190 -113.496
191 -112.968
192 -112.733
193 -112.853
194 -112.54
195 -110.473
196 -112.922
197 -112.212
198 -112.988
199 -114.302
200 -113.87
201 -114.557
202 -114.452
203 -112.644
204 -113.375
205 -112.436
206 -112.407
207 -112.832
208 -113.079
209 -113.851
210 -112.575
211 -112.483
212 -112.944
213 -112.631
214 -110.749
215 -110.919
216 -110.123
217 -109.666
218 -109.103
219 -110.556
220 -112.367
221 -111.933
222 -111.372
223 -112.244
224 -111.382
225 -112.88
226 -111.501
227 -111.699
228 -112.067
229 -111.908
230 -111.999
231 -113.497
232 -114.401
233 -114.614
234 -113.494
235 -114.311
236 -113.097
237 -111.915
238 -112.213
239 -114.374
240 -114.577
241 -112.667
242 -113.433
243 -114.566
244 -113.434
245 -114.274
246 -114.723
247 -111.242
248 -112.72
249 -112.998
250 -112.724
251 -112.266
252 -113.823
253 -113.679
254 -114.024
255 -112.343
256 -112.623
257 -111.821
258 -111.882
259 -111.029
260 -111.141
261 -112.746
262 -112.315
263 -112.335
264 -111.783
265 -111.421
266 -112.153
267 -111.87
268 -111.154
269 -111.39
270 -111.571
271 -112.513
272 -112.322
273 -113.538
274 -115.583
275 -114.498
276 -112.533
277 -112.915
278 -112.489
279 -113.066
280 -112.36
281 -114.42
282 -113.336
283 -114.247
284 -113.491
285 -114.956
286 -114.287
287 -114.602
288 -112.998
289 -114.283
290 -113.609
291 -114.023
292 -112.677
293 -112.295
294 -113.214
295 -113.96
296 -113.705
297 -111.155
298 -111.851
299 -112.035
300 -111.492
301 -112.654
302 -110.643
303 -111.447
304 -111.432
305 -112.192
306 -111.276
307 -113.669
308 -112.209
309 -112.265
310 -110.54
311 -111.647
312 -111.585
313 -111.613
314 -112.464
315 -113.259
316 -113.766
317 -114.618
318 -113.684
319 -113.003
320 -112.319
321 -109.75
322 -110.696
323 -110.028
324 -111.53
325 -111.714
326 -110.171
327 -111.108
328 -110.477
329 -110.684
330 -108.353
331 -107.681
332 -106.593
333 -107.146
334 -107.111
335 -106.17
336 -105.053
337 -103.845
338 -104.197
339 -103.238
340 -103.343
341 -102.351
342 -101.125
343 -101.753
344 -98.4517
345 -98.3038
346 -98.0167
347 -98.4847
348 -96.5479
349 -96.4545
350 -97.7964
351 -97.728
352 -98.7636
353 -98.2664
354 -97.1841
355 -96.3148
356 -97.3702
357 -96.8162
358 -97.4491
359 -97.5944
360 -98.4825
361 -97.3659
362 -97.7903
363 -98.7177
364 -99.1595
365 -98.9686
366 -98.9444
367 -98.5882
368 -100.267
369 -100.663
370 -100.453
371 -100.161
372 -101.413
373 -100.96
374 -104.093
375 -103.228
376 -103.247
377 -104.458
378 -104.8
379 -104.673
380 -105.062
381 -106.484
382 -105.042
383 -106.726
384 -106.321
385 -106.78
386 -105.776
387 -106.542
388 -106.702
389 -106.015
390 -107.441
391 -108.245
392 -106.611
393 -108.442
394 -110.013
395 -107.024
396 -107.612
397 -109.563
398 -106.799
399 -106.78
400 -107.436
401 -108.845
402 -107.694
403 -109.808
404 -108.785
405 -108.428
406 -109.446
407 -109.406
408 -108.276
409 -108.572
410 -108.552
411 -110.422
412 -107.973
413 -109.59
414 -107.172
415 -108.997
416 -108.685
417 -109.425
418 -110.894
419 -108.565
420 -109.395
421 -110.162
422 -108.884
423 -109.094
424 -110.152
425 -108.327
426 -110.874
427 -110.539
428 -109.782
429 -109.196
430 -108.674
431 -107.62
432 -109.703
433 -108.961
434 -109.895
435 -108.929
436 -109.787
437 -109.43
438 -110.179
439 -109.52
440 -109.221
441 -109.492
442 -110.067
443 -109.137
444 -109.688
445 -109.849
446 -108.826
447 -109.925
448 -109.506
449 -110.314
450 -106.928
451 -108.623
452 -108.126
453 -107.634
454 -106.103
455 -106.401
456 -105.506
457 -105.073
458 -104.943
459 -104.367
460 -104.147
461 -104.561
462 -103.412
463 -104.107
464 -101.901
465 -100.585
466 -99.9715
467 -98.7735
468 -100.351
469 -96.9861
470 -97.5587
471 -97.1972
472 -96.6837
473 -96.0988
474 -94.6343
475 -95.2838
476 -93.974
477 -93.2504
478 -92.6302
479 -91.4398
480 -89.1679
481 -90.6442
482 -90.5773
483 -90.2775
484 -88.2954
485 -89.4353
486 -87.4175
487 -88.2029
488 -88.3911
489 -88.2105
490 -88.5323
491 -87.7556
492 -88.0016
493 -86.6903
494 -88.2334
495 -89.8796
496 -89.9214
497 -88.5094
498 -88.7749
499 -89.3424
500 -91.6686
501 -91.5838
502 -92.4042
503 -94.8259
504 -91.8912
505 -93.7283
506 -93.5521
507 -95.1318
508 -96.0186
509 -96.4908
510 -97.3733
511 -98.459
512 -97.7028
513 -97.5644
514 -97.7031
515 -96.7987
516 -98.5065
517 -99.1211
518 -98.7116
519 -100.247
520 -100.422
521 -100.2
522 -100.002
523 -99.6145
524 -99.7311
525 -99.2555
526 -100.735
527 -100.683
528 -100.681
529 -102.117
530 -100.812
531 -102.488
532 -101.186
533 -101.996
534 -100.616
535 -100.936
536 -99.645
537 -99.592
538 -99.122
539 -101.071
540 -100.235
541 -99.5875
542 -98.027
543 -97.4203
544 -98.97
545 -100.444
546 -99.089
547 -100.948
548 -101.074
549 -101.231
550 -102.669
551 -102.207
552 -101.685
553 -102.281
554 -101.275
555 -102.125
556 -102.102
557 -104.226
558 -102.253
559 -101.558
560 -100.515
561 -102.744
562 -102.603
563 -101.811
564 -102.168
565 -101.099
566 -101.345
567 -101.401
568 -102.344
569 -103.656
570 -101.908
571 -101.44
572 -104.189
573 -104.291
574 -102.372
575 -104.19
576 -103.033
577 -101.98
578 -101.345
579 -101.281
580 -100.192
581 -100.063
582 -100.721
583 -100.7
584 -99.2009
585 -99.4655
586 -99.7019
587 -99.1014
588 -99.6018
589 -100.017
590 -100.562
591 -102.594
592 -100.927
593 -101.758
594 -103.182
595 -102.462
596 -101.853
597 -102.085
598 -102.639
599 -100.737
600 -102.279
601 -102.1
602 -101.618
603 -101.694
604 -102.41
605 -102.263
606 -102.577
607 -101.843
608 -101.874
609 -103.508
610 -101.308
611 -102.317
612 -101.217
613 -104.185
614 -102.102
615 -102.644
616 -103.57
617 -103.375
618 -103.463
619 -101.231
620 -101.353
621 -101.912
622 -101.364
623 -100.08
624 -100.902
625 -99.713
626 -100.442
627 -98.4635
628 -100.305
629 -100.731
630 -102.965
631 -101.319
632 -100.996
633 -101.184
634 -101.915
635 -100.07
636 -101.633
637 -101.79
638 -101.795
639 -101.883
640 -102.159
641 -101.538
642 -101.475
643 -102.176
644 -99.6304
645 -100.855
646 -103.972
647 -101.536
648 -102.127
649 -102.531
650 -101.847
651 -100.406
652 -100.577
653 -100.576
654 -100.905
655 -103.866
656 -102.638
657 -103.09
658 -102.854
659 -102.406
660 -102.77
661 -101.517
662 -101.03
663 -100.886
664 -99.4098
665 -99.1509
666 -101.096
667 -100.917
668 -100.804
669 -99.768
670 -98.4293
671 -99.0764
672 -98.779
673 -98.8413
674 -101.394
675 -100.761
676 -101.032
677 -101.919
678 -102.196
679 -100.825
680 -102.026
681 -102.596
682 -102.368
683 -102.774
684 -101.147
685 -100.036
686 -102.194
687 -101.626
688 -101.521
689 -101.94
690 -100.452
691 -100.989
692 -101.543
693 -101.398
694 -100.024
695 -101.528
696 -101.225
697 -101.934
698 -101.74
699 -103.232
700 -102.632
701 -102.195
702 -102.563
703 -101.234
704 -100.626
705 -99.5844
706 -99.4412
707 -98.9309
708 -98.4582
709 -99.3195
710 -99.9993
711 -98.5434
712 -100.657
713 -98.8473
714 -97.9836
715 -99.3194
716 -99.2846
717 -99.5083
718 -101.147
719 -102.571
720 -101.668
721 -102.513
722 -100.837
723 -101.176
724 -103.017
725 -102.451
726 -101.896
727 -101.488
728 -99.5097
729 -101.254
730 -101.598
731 -101.916
732 -101.712
733 -100.831
734 -100.486
735 -99.3469
736 -99.9182
737 -100.358
738 -101.549
739 -101.298
740 -100.861
741 -101.522
742 -101.789
743 -102.149
744 -101.287
745 -100.833
746 -99.5727
747 -99.6837
748 -99.3911
749 -99.5725
750 -97.9722
751 -100.121
752 -97.8753
753 -99.1745
754 -98.1302
755 -97.4927
756 -97.4786
757 -96.4039
758 -99.412
759 -100.056
760 -101
761 -101.413
762 -100.998
763 -100.436
764 -100.958
765 -99.7229
766 -101.83
767 -99.0516
768 -100.739
769 -99.6532
770 -98.8013
771 -99.1288
772 -100.876
773 -101.378
774 -100.838
775 -100.454
776 -98.3062
777 -100.566
778 -98.4855
779 -99.2092
780 -99.8137
781 -99.6156
782 -102.382
783 -101.103
784 -101.767
785 -100.712
786 -99.9258
787 -98.9315
788 -98.1376
789 -99.5139
790 -98.3179
791 -97.6683
792 -97.1429
793 -97.6414
794 -99.0061
795 -97.8555
796 -97.7059
797 -95.8472
798 -97.2152
799 -98.2171
800 -98.2523
801 -98.3713
802 -97.9438
803 -98.7235
804 -98.0423
805 -99.1064
806 -99.3899
807 -99.0528
808 -101.367
809 -99.9936
810 -98.771
811 -99.1372
812 -99.3803
813 -99.2362
814 -98.578
815 -98.3066
816 -99.5526
817 -99.6847
818 -100.645
819 -99.8436
820 -98.7887
821 -98.4007
822 -100.401
823 -98.4294
824 -99.5051
825 -101.29
826 -100.083
827 -99.4072
828 -100.047
829 -96.7805
830 -98.6958
831 -98.0622
832 -97.6473
833 -97.9612
834 -96.7114
835 -98.0127
836 -97.9339
837 -96.4759
838 -96.624
839 -97.42
840 -96.8476
841 -95.6378
842 -97.362
843 -98.0825
844 -97.8646
845 -98.937
846 -98.8413
847 -99.1855
848 -98.8045
849 -99.4075
850 -99.6939
851 -97.5259
852 -98.3711
853 -98.2915
854 -98.9318
855 -97.7803
856 -97.3491
857 -98.2547
858 -98.1275
859 -99.7043
860 -99.7431
861 -97.915
862 -97.0932
863 -97.3009
864 -98.6994
865 -98.9255
866 -99.272
867 -99.7631
868 -99.1189
869 -99.6692
870 -99.6748
871 -98.7226
872 -98.4838
873 -97.631
874 -98.3373
875 -97.7716
876 -98.6552
877 -99.8687
878 -97.5634
879 -98.283
880 -98.3244
881 -99.2332
882 -101.175
883 -101.564
884 -102.451
885 -101.466
886 -102.883
887 -104.139
888 -103.769
889 -104.301
890 -106.52
891 -105.865
892 -106.358
893 -108.998
894 -108.561
895 -108.656
896 -108.414
897 -110.035
898 -109.743
899 -109.46
900 -111.446
901 -111.491
902 -112.537
903 -114.109
904 -112.979
905 -112.609
906 -113.285
907 -112.977
908 -113.303
909 -112.055
910 -112.394
911 -113.361
912 -111.45
913 -112.276
914 -112.318
915 -112.228
916 -111.806
917 -110.293
918 -110.709
919 -110.577
920 -110.849
921 -109.904
922 -110.022
923 -109.522
924 -109.501
925 -109.165
926 -108.957
927 -109.405
928 -109.435
929 -107.37
930 -108.085
931 -108.383
932 -106.753
933 -105.479
934 -105.185
935 -103.925
936 -105.56
937 -104.02
938 -104.913
939 -103.341
940 -102.773
941 -102.94
942 -102.346
943 -102.594
944 -104.085
945 -104.48
946 -101.509
947 -102.228
948 -102.148
949 -102.102
950 -101.185
951 -101.12
952 -103.87
953 -100.899
954 -101.997
955 -100.753
956 -101.87
957 -101.194
958 -101.77
959 -100.465
960 -102.011
961 -100.693
962 -100.328
963 -100.703
964 -102.005
965 -100.839
966 -100.458
967 -100.33
968 -101.038
969 -100.247
970 -101.109
971 -100.121
972 -101.063
973 -98.9509
974 -100.271
975 -99.9318
976 -100.136
977 -100.316
978 -99.2891
979 -101.605
980 -100.177
981 -99.9668
982 -99.7431
983 -100.828
984 -99.5441
985 -99.0928
986 -101.67
987 -100.921
988 -99.3823
989 -99.1714
990 -99.2802
991 -100.82
992 -99.1796
993 -101.572
994 -100.85
995 -99.4956
996 -99.6779
997 -99.9626
998 -99.276
999 -99.1837
1000 -101.563
1001 -99.9394
1002 -101.295
1003 -100.543
1004 -100.804
1005 -101.978
1006 -100.395
1007 -100.452
1008 -102.466
1009 -101.603
1010 -101.32
1011 -102.852
1012 -104.494
1013 -104.532
1014 -105.832
1015 -107.282
1016 -106.551
1017 -107.126
1018 -105.26
1019 -108.004
1020 -108.329
1021 -108.935
1022 -110.185
1023 -111.21
1024 -110.47
1025 -111.161
1026 -111.009
1027 -111.848
1028 -112.366
1029 -113.116
1030 -114.964
1031 -115.922
1032 -116.088
1033 -117.049
1034 -117.05
1035 -119.004
1036 -119.541
1037 -119.436
1038 -119.895
1039 -120.049
1040 -121.465
1041 -121.01
1042 -120.29
1043 -121.285
1044 -121.258
1045 -122.061
1046 -120.706
1047 -121.76
1048 -121.746
1049 -119.913
1050 -120.737
1051 -118.505
1052 -119.417
1053 -121.046
1054 -118.546
1055 -118.439
1056 -117.604
1057 -118.602
1058 -118.498
1059 -119.122
1060 -116.126
1061 -115.14
1062 -115.848
1063 -115.718
1064 -116.285
1065 -114.304
1066 -115.828
1067 -114.217
1068 -113.895
1069 -114.747
1070 -112.477
1071 -111.353
1072 -111.083
1073 -111.16
1074 -110.991
1075 -110.773
1076 -110.399
1077 -110.571
1078 -111.563
1079 -111.162
1080 -110.551
1081 -109.321
1082 -109.355
1083 -109.384
1084 -108.025
1085 -109.079
1086 -107.277
1087 -109.104
1088 -109.103
1089 -110.122
1090 -110.247
1091 -111.523
1092 -109.765
1093 -111.43
1094 -109.98
1095 -110.679
1096 -109.944
1097 -110.469
1098 -110.142
1099 -110.622
1100 -109.676
1101 -110.856
1102 -111.018
1103 -111.117
1104 -109.346
1105 -110.828
1106 -109.148
1107 -111.056
1108 -109.564
1109 -108.205
1110 -110.889
1111 -110.233
1112 -109.42
1113 -108.963
1114 -107.498
1115 -108.665
1116 -105.962
1117 -107.541
1118 -107.22
1119 -109.576
1120 -108.925
1121 -108.516
1122 -109.562
1123 -109.428
1124 -107.962
1125 -109.728
1126 -106.4
1127 -107.269
1128 -108.197
1129 -107.091
1130 -109.53
1131 -109.169
1132 -109.264
1133 -111.521
1134 -110.726
1135 -109.047
1136 -110.595
1137 -109.646
1138 -110.317
1139 -110.656
1140 -108.411
1141 -111.348
1142 -110.83
1143 -110.854
1144 -111.343
1145 -110.616
1146 -110.476
1147 -108.531
1148 -108.836
1149 -109.036
1150 -110.917
1151 -109.629
1152 -112.127
1153 -111.631
1154 -110.006
1155 -108.05
1156 -109.276
1157 -108.048
1158 -107.908
1159 -108.259
1160 -108.809
1161 -107.574
1162 -108.797
1163 -109.65
1164 -109.711
1165 -109.697
1166 -109.904
1167 -109.224
1168 -110.364
1169 -107.132
1170 -108.39
1171 -110.493
1172 -110.178
1173 -111.535
1174 -111.487
1175 -111.755
1176 -111.085
1177 -110.454
1178 -111.085
1179 -110.129
1180 -111.078
1181 -110.142
1182 -109.86
1183 -112.162
1184 -111.126
1185 -111.456
1186 -111.16
1187 -111.415
1188 -111.442
1189 -110.365
1190 -110.714
1191 -108.464
1192 -111.37
1193 -110.893
1194 -111.362
1195 -109.845
1196 -110.022
1197 -110.567
1198 -109.936
1199 -108.563
1200 -109.744
1201 -109.688
1202 -109.581
1203 -107.432
1204 -109.724
1205 -110.486
1206 -110.252
1207 -110.07
1208 -108.748
1209 -109.585
1210 -109.288
1211 -110.933
1212 -108.836
1213 -107.87
1214 -111.345
1215 -111.38
1216 -111.707
1217 -111.229
1218 -111.119
1219 -112.515
1220 -111.318
1221 -110.223
1222 -111.755
1223 -111.346
1224 -110.538
1225 -111.867
1226 -112.14
1227 -113.304
1228 -112.206
1229 -112.856
1230 -111.318
1231 -112.878
1232 -110.674
1233 -110.746
1234 -111.38
1235 -111.885
1236 -111.477
1237 -109.987
1238 -110.979
1239 -109.464
1240 -110.824
1241 -109.938
1242 -109.828
1243 -108.604
1244 -108.393
1245 -108.073
1246 -109.915
1247 -109.545
1248 -111.78
1249 -109.709
1250 -109.125
1251 -110.647
1252 -109.992
1253 -108.775
1254 -110.02
1255 -110.508
1256 -110.626
1257 -112.903
1258 -111.559
1259 -111.757
1260 -112.194
1261 -111.012
1262 -111.758
1263 -111.658
1264 -111.351
1265 -109.7
1266 -112.429
1267 -111.516
1268 -111.393
1269 -113.88
1270 -112.982
1271 -111.293
1272 -111.226
1273 -111.731
1274 -112.053
1275 -111.523
1276 -110.957
1277 -111.048
1278 -113.221
1279 -110.364
1280 -111.496
1281 -112.039
1282 -111.975
1283 -110.391
1284 -109.516
1285 -110.634
1286 -111.078
1287 -110.239
1288 -110.176
1289 -111.451
1290 -112.901
1291 -111.056
1292 -110.55
1293 -111.176
1294 -110.908
1295 -109.21
1296 -111
1297 -110.084
1298 -111.751
1299 -111.868
1300 -112.214
1301 -111.274
1302 -113.094
1303 -113.272
1304 -111.133
1305 -111.491
1306 -111.865
1307 -111.152
1308 -112.31
1309 -110.587
1310 -114.772
1311 -113.495
1312 -112.477
1313 -112.531
1314 -113.576
1315 -113.038
1316 -111.707
1317 -110.857
1318 -111.677
1319 -111.641
1320 -112.934
1321 -112.972
1322 -111.57
1323 -111.226
1324 -111.337
1325 -109.898
1326 -110.275
1327 -108.815
1328 -109.914
1329 -110.207
1330 -111.558
1331 -111.317
1332 -111.593
1333 -111.185
1334 -112.078
1335 -111.936
1336 -110.616
1337 -110.778
1338 -109.736
1339 -111.563
1340 -110.926
1341 -111.387
1342 -113.093
1343 -112.467
1344 -112.722
1345 -111.498
1346 -111.798
1347 -111.209
1348 -109.709
1349 -111.506
1350 -111.728
1351 -110.74
1352 -113.73
1353 -113.587
1354 -112.713
1355 -113.069
1356 -111.44
1357 -111.529
1358 -112.213
1359 -111.932
1360 -110.761
1361 -111.314
1362 -112.064
1363 -113.337
1364 -113.703
1365 -112.509
1366 -110.849
1367 -110.464
1368 -112.271
1369 -110.922
1370 -109.76
1371 -110.601
1372 -109.707
1373 -110.575
1374 -110.459
1375 -111.081
1376 -111.876
1377 -111.313
1378 -110.24
1379 -110.343
1380 -110.015
1381 -111.225
1382 -111.217
1383 -112.268
1384 -113.157
1385 -111.906
1386 -112.559
1387 -113.27
1388 -111.664
1389 -112.179
1390 -110.758
1391 -110.949
1392 -112.006
1393 -112.782
1394 -113.323
1395 -113.273
1396 -110.924
1397 -114.09
1398 -113.754
1399 -113.709
1400 -113.601
1401 -111.268
1402 -112.817
1403 -111.78
1404 -112.299
1405 -112.357
1406 -111.341
1407 -111.484
1408 -110.795
1409 -111.118
1410 -110.274
1411 -111.068
1412 -110.049
1413 -110.299
1414 -110.337
1415 -110.647
1416 -110.023
1417 -109.526
1418 -110.517
1419 -110.81
1420 -109.738
1421 -110.523
1422 -111.526
1423 -110.185
1424 -111.601
1425 -110.271
1426 -112.143
1427 -112.821
1428 -111.319
1429 -111.504
1430 -111.522
1431 -110.545
1432 -111.216
1433 -110.27
1434 -111.945
1435 -109.996
1436 -110.225
1437 -111.079
1438 -107.869
1439 -109.218
1440 -110.042
1441 -110.171
1442 -108.603
1443 -106.919
1444 -104.153
1445 -105.447
1446 -103.204
1447 -104.501
1448 -105.349
1449 -103.785
1450 -103.911
1451 -101.845
1452 -101.661
1453 -99.4734
1454 -98.8126
1455 -99.072
1456 -98.2569
1457 -96.3261
1458 -95.6967
1459 -97.3155
1460 -96.1558
1461 -95.8916
1462 -97.482
1463 -95.4484
1464 -94.9571
1465 -95.2602
1466 -96.0088
1467 -95.6987
1468 -95.3038
1469 -95.2744
1470 -95.9282
1471 -96.3737
1472 -96.5815
1473 -97.8753
1474 -96.7549
1475 -98.5065
1476 -97.2188
1477 -98.7276
1478 -98.1046
1479 -98.8722
1480 -100.518
1481 -98.9674
1482 -100.303
1483 -102.091
1484 -101.192
1485 -101.947
1486 -101.792
1487 -102.377
1488 -104.178
1489 -103.262
1490 -103.757
1491 -103.742
1492 -104.518
1493 -105.391
1494 -104.789
1495 -103.867
1496 -105.35
1497 -104.609
1498 -104.887
1499 -105.069
1500 -105.724
1501 -106.177
1502 -106.556
1503 -106.182
1504 -106.894
1505 -106.853
1506 -106.25
1507 -105.77
1508 -106.778
1509 -106.5
1510 -107.311
1511 -107.115
1512 -106.807
1513 -107.632
1514 -107.531
1515 -106.99
1516 -106.316
1517 -107.186
1518 -108.968
1519 -108.151
1520 -108.78
1521 -107.685
1522 -108.499
1523 -108.39
1524 -108.059
1525 -109.136
1526 -107.775
1527 -107.754
1528 -107.52
1529 -107.617
1530 -108.63
1531 -108.329
1532 -109.195
1533 -109.109
1534 -107.022
1535 -109.51
1536 -109.028
1537 -108.467
1538 -108.396
1539 -108.307
1540 -107.47
1541 -109.469
1542 -109.83
1543 -108.461
1544 -108.648
1545 -108.513
1546 -109.451
1547 -109.424
1548 -109.251
1549 -108.295
1550 -108.789
1551 -107.642
1552 -108.373
1553 -109.435
1554 -109.064
1555 -108.151
1556 -109.647
1557 -107.674
1558 -107.965
1559 -106.319
1560 -106.653
1561 -106.724
1562 -107.646
1563 -107.395
1564 -107.744
1565 -106.27
1566 -105.34
1567 -104.309
1568 -105.368
1569 -104.443
1570 -101.433
1571 -102.48
1572 -101.68
1573 -102.196
1574 -100.707
1575 -101.246
1576 -101.009
1577 -98.9762
1578 -99.3822
1579 -98.2449
1580 -98.0105
1581 -96.7873
1582 -97.4913
1583 -97.6607
1584 -94.6651
1585 -93.5601
1586 -92.8406
1587 -94.4969
1588 -92.7334
1589 -93.3599
1590 -91.2865
1591 -90.5037
1592 -89.5664
1593 -88.3714
1594 -90.0208
1595 -89.4371
1596 -86.2993
1597 -87.2841
1598 -87.5988
1599 -86.9455
1600 -86.0998
1601 -88.0842
1602 -87.6752
1603 -88.8115
1604 -87.8057
1605 -87.3862
1606 -87.9038
1607 -88.3399
1608 -88.0523
1609 -89.2967
1610 -90.0675
1611 -89.445
1612 -90.1601
1613 -92.277
1614 -93.1358
1615 -91.4043
1616 -92.612
1617 -92.5091
1618 -93.8351
1619 -95.3939
1620 -93.7323
1621 -95.4901
1622 -96.1542
1623 -95.8504
1624 -97.2068
1625 -98.0608
1626 -98.0435
1627 -98.0136
1628 -99.1521
1629 -99.2311
1630 -98.8647
1631 -98.8906
1632 -98.3713
1633 -99.156
1634 -99.3414
1635 -99.542
1636 -99.5417
1637 -99.5844
1638 -100.307
1639 -101.98
1640 -101.55
1641 -101.47
1642 -102.155
1643 -101.638
1644 -100.651
1645 -101.604
1646 -99.5477
1647 -99.1602
1648 -100.631
1649 -99.7327
1650 -99.0827
1651 -99.1914
1652 -100.15
1653 -99.0168
1654 -99.3382
1655 -100.481
1656 -98.4238
1657 -100.407
1658 -99.1441
1659 -100.386
1660 -101.045
1661 -101.569
1662 -103.369
1663 -101.225
1664 -101.758
1665 -102.185
1666 -102.733
1667 -102.368
1668 -101.704
1669 -102.202
1670 -102.998
1671 -103.17
1672 -101.185
1673 -100.403
1674 -102.175
1675 -103.006
1676 -101.622
1677 -100.701
1678 -101.705
1679 -102.425
1680 -101.601
1681 -103.182
1682 -103.272
1683 -103.779
1684 -102.806
1685 -102.808
1686 -101.128
1687 -102.959
1688 -101.614
1689 -100.121
1690 -100.871
1691 -99.8601
1692 -98.8417
1693 -100.573
1694 -99.3114
1695 -99.7114
1696 -98.9461
1697 -99.7933
1698 -97.7033
1699 -100.069
1700 -100.77
1701 -99.0054
1702 -98.4945
1703 -101.35
1704 -100.777
1705 -101.267
1706 -102.354
1707 -102.268
1708 -103.152
1709 -102.239
1710 -101.809
1711 -102.342
1712 -101.464
1713 -101.272
1714 -100.836
1715 -101.348
1716 -102.831
1717 -101.69
1718 -102.714
1719 -101.657
1720 -102.151
1721 -102.382
1722 -102.072
1723 -102.422
1724 -102.609
1725 -102.754
1726 -101.03
1727 -101.389
1728 -100.607
1729 -101.809
1730 -102.344
1731 -102.496
1732 -100.679
1733 -100.149
1734 -99.9033
1735 -100.34
1736 -101.442
1737 -99.4536
1738 -99.4354
1739 -99.0176
1740 -98.9825
1741 -100.603
1742 -98.7692
1743 -99.5447
1744 -100.895
1745 -101.158
1746 -101.037
1747 -103.132
1748 -101.943
1749 -100.708
1750 -101.933
1751 -102.241
1752 -102.021
1753 -102.128
1754 -100.548
1755 -100.791
1756 -102.854
1757 -102.101
1758 -103.429
1759 -101.617
1760 -102.075
1761 -102.025
1762 -103.342
1763 -100.716
1764 -102.312
1765 -103.678
1766 -102.133
1767 -102.019
1768 -102.198
1769 -101.382
1770 -102.589
1771 -102.181
1772 -101.818
1773 -101.501
1774 -99.6342
1775 -100.124
1776 -99.4382
1777 -99.1264
1778 -99.6391
1779 -101.027
1780 -99.4749
1781 -102.112
1782 -98.1138
1783 -100.539
1784 -97.8326
1785 -100.583
1786 -101.1
1787 -100.529
1788 -100.679
1789 -101.68
1790 -101.439
1791 -101.162
1792 -101.962
1793 -101.402
1794 -100.49
1795 -102.532
1796 -100.164
1797 -100.449
1798 -101.34
1799 -101.599
1800 -102.387
1801 -102.303
1802 -101.779
1803 -100.633
1804 -101.122
1805 -101.015
1806 -100.485
1807 -101.748
1808 -102.099
1809 -102.258
1810 -103.459
1811 -103.016
1812 -103.13
1813 -101.393
1814 -100.92
1815 -99.798
1816 -100.129
1817 -98.7035
1818 -100.058
1819 -99.2305
1820 -97.7334
1821 -98.6919
1822 -98.1313
1823 -98.6166
1824 -99.0354
1825 -98.9109
1826 -98.4849
1827 -98.2436
1828 -99.5708
1829 -100.406
1830 -100.622
1831 -101.412
1832 -100.336
1833 -101.344
1834 -100.242
1835 -101.355
1836 -102.042
1837 -101.259
1838 -101.144
1839 -102.05
1840 -100.841
1841 -100.373
1842 -100.853
1843 -102.685
1844 -100.476
1845 -103.088
1846 -100.717
1847 -100.694
1848 -101.384
1849 -101.07
1850 -100.205
1851 -101.05
1852 -100.733
1853 -100.991
1854 -101.603
1855 -100.688
1856 -101.572
1857 -99.6276
1858 -99.8681
1859 -99.2234
1860 -99.7864
1861 -98.5704
1862 -100.516
1863 -98.9867
1864 -97.1326
1865 -97.9576
1866 -97.9686
1867 -97.4476
1868 -97.7334
1869 -100.636
1870 -99.5433
1871 -99.6261
1872 -100.671
1873 -100.333
1874 -99.3486
1875 -100.013
1876 -99.4288
1877 -99.7823
1878 -100.604
1879 -99.2866
1880 -100.965
1881 -100.799
1882 -100.856
1883 -99.6952
1884 -100.678
1885 -99.9044
1886 -100.55
1887 -100.048
1888 -101.051
1889 -99.4138
1890 -100.882
1891 -99.0236
1892 -98.0179
1893 -101.699
1894 -101.819
1895 -100.848
1896 -100.443
1897 -100.076
1898 -98.7383
1899 -98.8184
1900 -99.4102
1901 -99.2475
1902 -99.3492
1903 -98.3021
1904 -100.377
1905 -97.3503
1906 -98.3532
1907 -97.5871
1908 -96.8895
1909 -96.4538
1910 -95.9809
1911 -99.0298
1912 -98.6349
1913 -98.0375
1914 -98.7825
1915 -98.5676
1916 -99.9477
1917 -99.0596
1918 -101.77
1919 -98.4634
1920 -98.2472
1921 -97.7308
1922 -99.6219
1923 -100.891
1924 -99.036
1925 -100.258
1926 -99.9641
1927 -99.5869
1928 -98.8509
1929 -100.381
1930 -100.14
1931 -98.0965
1932 -98.6653
1933 -99.1175
1934 -100.755
1935 -99.2556
1936 -100.242
1937 -99.6686
1938 -100.167
1939 -99.2698
1940 -99.1806
1941 -99.7161
1942 -98.1973
1943 -97.1326
1944 -98.7047
1945 -98.046
1946 -97.4464
1947 -97.029
1948 -97.4266
1949 -98.8191
1950 -97.5948
1951 -97.7728
1952 -96.2453
1953 -97.8294
1954 -98.7923
1955 -99.368
1956 -98.2749
1957 -99.0166
1958 -98.3592
1959 -98.3995
1960 -97.8909
1961 -98.4716
1962 -99.7045
1963 -98.5035
1964 -98.6041
1965 -100.525
1966 -97.3025
1967 -98.228
1968 -97.4176
1969 -98.8119
1970 -98.4877
1971 -98.3735
1972 -98.7542
1973 -99.0894
1974 -98.8781
1975 -99.6562
1976 -97.2994
1977 -100.519
1978 -99.1085
1979 -99.4867
1980 -100.033
1981 -98.5761
1982 -99.4298
1983 -96.77
1984 -97.7275
1985 -96.3932
1986 -97.2477
1987 -99.4151
1988 -99.1768
1989 -97.2419
1990 -100.11
1991 -98.3053
1992 -100.092
1993 -100.275
1994 -100.831
1995 -100.91
1996 -104.469
1997 -102.624
1998 -102.688
1999 -103.435
2000 -105.645
2001 -106.032
2002 -106.349
2003 -105.637
2004 -107.355
2005 -108.829
2006 -107.194
2007 -108.935
2008 -109.208
2009 -109.637
2010 -109.569
2011 -109.824
2012 -112.726
2013 -113.374
2014 -113.742
2015 -113.698
2016 -113.659
2017 -112.418
2018 -111.426
2019 -112.123
2020 -113.357
2021 -111.508
2022 -111.925
2023 -111.776
2024 -113.174
2025 -112.109
2026 -112.636
2027 -110.87
2028 -110.984
2029 -111.436
2030 -111.312
2031 -111.04
2032 -110.246
2033 -109.688
2034 -110.016
2035 -109.052
2036 -108.994
2037 -109.176
2038 -108.501
2039 -108.251
2040 -106.862
2041 -108.953
2042 -107.393
2043 -106.124
2044 -104.585
2045 -104.491
2046 -104.865
2047 -103.832
2048 -103.798
2049 -104.472
2050 -104.636
2051 -104.04
2052 -105.582
2053 -103.189
2054 -103.72
2055 -102.651
2056 -102.54
2057 -102.098
2058 -102.993
2059 -102.789
2060 -101.574
2061 -102.568
2062 -101.288
2063 -101.173
2064 -103.222
2065 -102.144
2066 -101.784
2067 -102.598
2068 -101.301
2069 -101.656
2070 -101.796
2071 -101.923
2072 -99.7627
2073 -100.181
2074 -99.4493
2075 -100.453
2076 -101.223
2077 -100.681
2078 -101.881
2079 -99.8463
2080 -100.11
2081 -101.029
2082 -101.051
2083 -99.9148
2084 -100.616
2085 -100.361
2086 -99.5473
2087 -101.287
2088 -99.7842
2089 -100.378
2090 -99.6381
2091 -99.454
2092 -98.8181
2093 -100.145
2094 -99.8804
2095 -101.073
2096 -100.102
2097 -99.6772
2098 -101.595
2099 -98.9838
2100 -100.163
2101 -99.8401
2102 -98.8443
2103 -99.3638
2104 -100.335
2105 -100.007
2106 -99.6041
2107 -101.137
2108 -100.052
2109 -100.133
2110 -99.3551
2111 -100.397
2112 -99.9592
2113 -99.7356
2114 -99.2692
2115 -100.875
2116 -100.67
2117 -101.617
2118 -100.79
2119 -100.882
2120 -100.946
2121 -101.343
2122 -103.047
2123 -103.459
2124 -103.842
2125 -106.542
2126 -105.697
2127 -105.115
2128 -106.222
2129 -105.041
2130 -105.967
2131 -106.89
2132 -109.501
2133 -108.767
2134 -109.963
2135 -109.091
2136 -110.454
2137 -112.429
2138 -113.6
2139 -114.647
2140 -112.696
2141 -114.708
2142 -114.243
2143 -117.165
2144 -116.591
2145 -117.484
2146 -117.555
2147 -117.482
2148 -118.971
2149 -118.574
2150 -119.693
2151 -120.602
2152 -121.645
2153 -121.099
2154 -119.898
2155 -119.973
2156 -121.863
2157 -121.029
2158 -121.653
2159 -121.221
2160 -120.172
2161 -119.817
2162 -119.253
2163 -120.088
2164 -119.347
2165 -118.012
2166 -118.909
2167 -119.963
2168 -119.689
2169 -117.856
2170 -116.691
2171 -116.932
2172 -115.844
2173 -116.549
2174 -115.634
2175 -113.716
2176 -112.953
2177 -113.08
2178 -113.379
2179 -112.324
2180 -113.107
2181 -112.205
2182 -112.389
2183 -112.04
2184 -109.893
2185 -109.571
2186 -109.124
2187 -110.447
2188 -109.928
2189 -110.996
2190 -109.522
2191 -108.785
2192 -108.479
2193 -108.732
2194 -108.767
2195 -108.648
2196 -108.332
2197 -108.52
2198 -108.444
2199 -109.32
2200 -111.22
2201 -109.56
2202 -109.582
2203 -110.3
2204 -109.793
2205 -110.375
2206 -110.194
2207 -110.016
2208 -109.437
2209 -109.398
2210 -109.388
2211 -110.004
2212 -109.605
2213 -110.69
2214 -109.308
2215 -108.793
2216 -110.469
2217 -109.903
2218 -109.11
2219 -108.046
2220 -109.355
2221 -110.01
2222 -111.425
2223 -110.241
2224 -110.372
2225 -108.377
2226 -107.589
2227 -107.892
2228 -108.106
2229 -106.527
2230 -108.259
2231 -108.173
2232 -107.378
2233 -107.617
2234 -107.469
2235 -108.873
2236 -108.295
2237 -106.697
2238 -108.481
2239 -107.944
2240 -105.406
2241 -108.884
2242 -109.935
2243 -111.036
2244 -110.153
2245 -109.661
2246 -110.308
2247 -108.089
2248 -109.647
2249 -109.204
2250 -109.274
2251 -110.494
2252 -110.231
2253 -111.339
2254 -111.997
2255 -111.056
2256 -112.457
2257 -109.547
2258 -109.148
2259 -111.199
2260 -110.457
2261 -110.344
2262 -108.162
2263 -110.16
2264 -110.67
2265 -111.113
2266 -110.143
2267 -108.878
2268 -109.243
2269 -108.445
2270 -109.486
2271 -106.783
2272 -107.88
2273 -109.341
2274 -108.076
2275 -110.299
2276 -107.804
2277 -109.494
2278 -109.31
2279 -108.596
2280 -108.471
2281 -109.111
2282 -107.668
2283 -109.153
2284 -109.808
2285 -109.992
2286 -110.372
2287 -110.226
2288 -110.712
2289 -108.85
2290 -110.09
2291 -109.57
2292 -108.638
2293 -109.563
2294 -111.267
2295 -110.2
2296 -110.386
2297 -110.407
2298 -110.77
2299 -111.424
2300 -109.765
2301 -111.172
2302 -111.005
2303 -111.262
2304 -107.771
2305 -111.19
2306 -110.899
2307 -110.491
2308 -109.322
2309 -108.706
2310 -108.052
2311 -107.29
2312 -107.146
2313 -107.164
2314 -107.828
2315 -109.97
2316 -108.094
2317 -111.431
2318 -109.991
2319 -109.246
2320 -108.984
2321 -107.539
2322 -109.164
2323 -108.266
2324 -108.624
2325 -110.502
2326 -111.534
2327 -110.3
2328 -109.84
2329 -110.743
2330 -108.907
2331 -110.767
2332 -110.099
2333 -110.338
2334 -110.577
2335 -111.168
2336 -110.776
2337 -109.678
2338 -111.113
2339 -113.261
2340 -111.416
2341 -110.641
2342 -111.11
2343 -111.72
2344 -111.872
2345 -111.149
2346 -112.062
2347 -110.713
2348 -110.938
2349 -111.064
2350 -111.201
2351 -110.388
2352 -110.738
2353 -110.039
2354 -108.344
2355 -110.654
2356 -108.912
2357 -110.113
2358 -110.984
2359 -109.626
2360 -108.545
2361 -109.911
2362 -109.504
2363 -109.937
2364 -108.774
2365 -109.011
2366 -108.939
2367 -110.699
2368 -111.456
2369 -111.352
2370 -110.616
2371 -110.775
2372 -111.462
2373 -111.781
2374 -109.951
2375 -109.887
2376 -109.324
2377 -110.889
2378 -112.051
2379 -112.276
2380 -111.644
2381 -114.173
2382 -111.438
2383 -111.742
2384 -112.036
2385 -111.72
2386 -110.116
2387 -111.855
2388 -109.679
2389 -109.949
2390 -110.027
2391 -112.133
2392 -112.491
2393 -110.377
2394 -110.412
2395 -110.183
2396 -111.089
2397 -110.437
2398 -109.187
2399 -109.582
2400 -112.551
2401 -110.755
2402 -110.928
2403 -110.623
2404 -111.56
2405 -108.613
2406 -110.701
2407 -110.182
2408 -111.008
2409 -109.462
2410 -110.978
2411 -112.127
2412 -112.414
2413 -111.954
2414 -112.253
2415 -111.929
2416 -112.087
2417 -110.777
2418 -111.266
2419 -112.271
2420 -112.774
2421 -111.561
2422 -111.714
2423 -113.061
2424 -112.278
2425 -111.432
2426 -113.233
2427 -111.761
2428 -111.301
2429 -111.585
2430 -110.728
2431 -110.501
2432 -112.644
2433 -111.56
2434 -111.958
2435 -111.151
2436 -110.632
2437 -111.027
2438 -110.207
2439 -110.485
2440 -111.643
2441 -109.792
2442 -110.647
2443 -110.176
2444 -110.422
2445 -111.368
2446 -110.059
2447 -111.358
2448 -110.497
2449 -109.195
2450 -110.64
2451 -110.828
2452 -110.402
2453 -112.16
2454 -112.495
2455 -111.977
2456 -113.301
2457 -112.864
2458 -111.353
2459 -110.753
2460 -112.008
2461 -112.117
2462 -111.995
2463 -112.736
2464 -112.017
2465 -113.246
2466 -111.494
2467 -112.09
2468 -110.473
2469 -111.836
2470 -111.577
2471 -112.288
2472 -111.729
2473 -111.257
2474 -111.384
2475 -111.983
2476 -112.097
2477 -111.454
2478 -111.791
2479 -111.41
2480 -110.613
2481 -107.578
2482 -110.359
2483 -111.156
2484 -111.282
2485 -111.112
2486 -111.227
2487 -111.829
2488 -110.196
2489 -110.672
2490 -109.191
2491 -110.234
2492 -109.504
2493 -110.551
2494 -110.764
2495 -112.565
2496 -112.523
2497 -113.031
2498 -112.205
2499 -110.467
2500 -111.784
2501 -110.414
2502 -112.893
2503 -112.304
2504 -112.613
2505 -112.785
2506 -114.95
2507 -113.196
2508 -113.634
2509 -112.27
2510 -111.51
2511 -112.624
2512 -111.26
2513 -112.132
2514 -111.947
2515 -111.87
2516 -112.635
2517 -112.221
2518 -111.511
2519 -111.52
2520 -110.204
2521 -110.604
2522 -111.736
2523 -110.363
2524 -110.809
2525 -111.578
2526 -111.165
2527 -109.523
2528 -111.144
2529 -112.469
2530 -109.395
2531 -110.375
2532 -109.697
2533 -109.844
2534 -108.996
2535 -110.192
2536 -111.197
2537 -112.352
2538 -113.169
2539 -112.503
2540 -112.144
2541 -111.858
2542 -110.506
2543 -111.486
2544 -109.479
2545 -108.749
2546 -109.78
2547 -108.148
2548 -107.444
2549 -110.16
2550 -110.245
2551 -107.219
2552 -108.613
2553 -107.691
2554 -105.353
2555 -105.121
2556 -105.366
2557 -103.289
2558 -105.891
2559 -104.189
2560 -103.096
2561 -101.42
2562 -102.581
2563 -100.037
2564 -99.4291
2565 -99.8454
2566 -99.6003
2567 -95.9949
2568 -97.8192
2569 -97.2805
2570 -95.8583
2571 -96.5923
2572 -96.0548
2573 -95.5426
2574 -95.4736
2575 -96.2914
2576 -95.2247
2577 -94.6517
2578 -94.1238
2579 -94.7
2580 -97.4073
2581 -97.3404
2582 -95.9294
2583 -96.0001
2584 -98.3167
2585 -97.1477
2586 -97.2309
2587 -96.6776
2588 -98.1652
2589 -99.0791
2590 -96.547
2591 -99.204
2592 -100.958
2593 -98.6569
2594 -101.269
2595 -100.334
2596 -102.605
2597 -102.552
2598 -103.076
2599 -103.34
2600 -102.416
2601 -104.16
2602 -104.965
2603 -104.297
2604 -104.619
2605 -104.657
2606 -105.419
2607 -106.363
2608 -106.681
2609 -104.677
2610 -105.87
2611 -106.046
2612 -107.963
2613 -106.652
2614 -108.277
2615 -106.127
2616 -105.242
2617 -108.084
2618 -106.865
2619 -105.674
2620 -106.678
2621 -104.767
2622 -107.232
2623 -108.852
2624 -107.698
2625 -106.566
2626 -107.752
2627 -107.933
2628 -108.013
2629 -108.552
2630 -108.74
2631 -107.054
2632 -107.676
2633 -107.61
2634 -107.879
2635 -108.497
2636 -106.998
2637 -108.943
2638 -106.902
2639 -107.131
2640 -109.015
2641 -108.212
2642 -109.523
2643 -108.87
2644 -108.504
2645 -108.025
2646 -108.336
2647 -107.466
2648 -108.098
2649 -109.582
2650 -108.528
2651 -107.779
2652 -110.003
2653 -108.259
2654 -108.805
2655 -107.294
2656 -106.702
2657 -109.924
2658 -110.453
2659 -109.403
2660 -109.408
2661 -107.868
2662 -109.724
2663 -108.984
2664 -108.486
2665 -109.691
2666 -108.327
2667 -108.581
2668 -108.589
2669 -108.152
2670 -108.908
2671 -108.842
2672 -107.981
2673 -106.815
2674 -107.533
2675 -109.478
2676 -107.963
2677 -107.55
2678 -106.448
2679 -102.414
2680 -104.3
2681 -102.419
2682 -104.552
2683 -103.535
2684 -100.903
2685 -101.805
2686 -100.385
2687 -102.016
2688 -100.269
2689 -99.3539
2690 -98.8991
2691 -97.7183
2692 -97.6946
2693 -95.6599
2694 -97.6483
2695 -96.5301
2696 -93.934
2697 -94.0899
2698 -93.7208
2699 -93.581
2700 -92.3094
2701 -91.2332
2702 -90.1774
2703 -89.1516
2704 -89.333
2705 -88.6447
2706 -87.8999
2707 -88.3833
2708 -86.9049
2709 -88.6639
2710 -87.3934
2711 -87.5352
2712 -89.3737
2713 -87.7785
2714 -89.5904
2715 -86.692
2716 -85.7191
2717 -87.8391
2718 -87.1503
2719 -90.0537
2720 -88.1078
2721 -89.6601
2722 -90.7049
2723 -91.7027
2724 -92.4268
2725 -90.6002
2726 -91.7926
2727 -92.5545
2728 -92.8165
2729 -92.4146
2730 -92.8243
2731 -95.0283
2732 -96.0624
2733 -96.1433
2734 -96.3328
2735 -97.3916
2736 -98.3382
2737 -98.9016
2738 -97.6941
2739 -98.6885
2740 -98.912
2741 -99.9451
2742 -98.901
2743 -100.599
2744 -98.7935
2745 -101.707
2746 -98.7957
2747 -98.4947
2748 -99.1105
2749 -100.399
2750 -100.391
2751 -100.831
2752 -101.876
2753 -102.088
2754 -101.335
2755 -102.282
2756 -99.1647
2757 -100.674
2758 -100.942
2759 -99.4681
2760 -99.8521
2761 -99.6586
2762 -99.3459
2763 -98.6362
2764 -99.4014
2765 -99.2535
2766 -98.6772
2767 -98.6373
2768 -99.3781
2769 -99.324
2770 -100.824
2771 -100.374
2772 -99.6504
2773 -102.051
2774 -100.656
2775 -101.764
2776 -102.532
2777 -103.023
2778 -101.877
2779 -101.735
2780 -101.636
2781 -102.229
2782 -101.971
2783 -101.396
2784 -102.915
2785 -103.562
2786 -102.467
2787 -101.125
2788 -101.745
2789 -101.976
2790 -102.675
2791 -101.256
2792 -102.948
2793 -100.771
2794 -103.958
2795 -104.318
2796 -102.07
2797 -101.082
2798 -102.848
2799 -102.757
2800 -102.603
2801 -101.441
2802 -101.591
2803 -100.037
2804 -99.9898
2805 -100.411
2806 -99.7971
2807 -101.87
2808 -99.7476
2809 -99.1452
2810 -99.9109
2811 -98.232
2812 -99.7748
2813 -100.707
2814 -101.86
2815 -102.302
2816 -100.793
2817 -101.433
2818 -102.713
2819 -102.519
2820 -103.448
2821 -101.865
2822 -100.653
2823 -100.462
2824 -101.308
2825 -101.137
2826 -101.42
2827 -102.586
2828 -102.729
2829 -101.699
2830 -100.992
2831 -100.771
2832 -101.342
2833 -102.84
2834 -102.471
2835 -102.602
2836 -102.658
2837 -102.234
2838 -102.271
2839 -101.816
2840 -101.128
2841 -101.991
2842 -99.8817
2843 -100.476
2844 -102.121
2845 -99.4008
2846 -100.565
2847 -100.098
2848 -100.236
2849 -100.505
2850 -100.739
2851 -99.5824
2852 -99.2592
2853 -98.6177
2854 -101.452
2855 -101.671
2856 -100.663
2857 -99.7544
2858 -102.245
2859 -102.938
2860 -102.301
2861 -102.055
2862 -102.802
2863 -100.126
2864 -101.473
2865 -101.466
2866 -101.532
2867 -100.75
2868 -100.377
2869 -102.811
2870 -101.735
2871 -103.607
2872 -101.149
2873 -101.315
2874 -101.498
2875 -104.079
2876 -101.908
2877 -103.125
2878 -102.917
2879 -103.417
2880 -101.688
2881 -103.398
2882 -102.656
2883 -100.332
2884 -99.3127
2885 -99.7159
2886 -99.8498
2887 -99.3273
2888 -99.1401
2889 -100.042
2890 -98.2482
2891 -100.139
2892 -98.6769
2893 -99.7292
2894 -99.7486
2895 -99.5706
2896 -101.299
2897 -101.334
2898 -99.3594
2899 -102.489
2900 -101.063
2901 -100.634
2902 -101.264
2903 -101.158
2904 -101.706
2905 -101.161
2906 -100.264
2907 -101.494
2908 -101.919
2909 -99.9977
2910 -100.647
2911 -102.556
2912 -101.384
2913 -100.745
2914 -102.708
2915 -102.547
2916 -101.19
2917 -101.099
2918 -101.134
2919 -101.591
2920 -101.643
2921 -101.898
2922 -102.42
2923 -102.029
2924 -101.574
2925 -101.179
2926 -100.736
2927 -98.9111
2928 -98.9081
2929 -99.5435
2930 -99.102
2931 -99.6433
2932 -99.774
2933 -99.8665
2934 -98.8316
2935 -98.0854
2936 -98.8661
2937 -100.078
2938 -99.4
2939 -99.5884
2940 -99.6561
2941 -100.303
2942 -101.441
2943 -101.491
2944 -101.921
2945 -101.209
2946 -101.104
2947 -100.84
2948 -102.285
2949 -101.076
2950 -102.351
2951 -100.691
2952 -100.001
2953 -100.411
2954 -100.54
2955 -103.338
2956 -101.438
2957 -101.232
2958 -99.3897
2959 -99.4169
2960 -99.7626
2961 -99.8232
2962 -101.966
2963 -100.305
2964 -100.692
2965 -98.8408
2966 -100.681
2967 -99.643
2968 -100.188
2969 -101.861
2970 -98.7146
2971 -100.066
2972 -99.3293
2973 -98.824
2974 -98.8718
2975 -98.397
2976 -98.928
2977 -96.5346
2978 -96.5449
2979 -99.0735
2980 -99.3537
2981 -99.7136
2982 -100.263
2983 -100.732
2984 -100.658
2985 -101.625
2986 -100.599
2987 -101.337
2988 -100.355
2989 -99.8779
2990 -100.571
2991 -100.166
2992 -100.389
2993 -99.6699
2994 -99.7957
2995 -99.714
2996 -101.497
2997 -100.457
2998 -99.9763
2999 -99.8376
3000 -99.6574
3001 -97.4105
3002 -100.34
3003 -100.066
3004 -100.671
3005 -100.876
3006 -101.517
3007 -100.768
3008 -99.8876
3009 -99.5909
3010 -100.157
3011 -99.8976
3012 -97.4603
3013 -99.3426
3014 -99.3888
3015 -98.5718
3016 -98.3217
3017 -97.2586
3018 -96.5856
3019 -97.9693
3020 -98.1965
3021 -97.6663
3022 -98.0284
3023 -97.8311
3024 -99.7101
3025 -100.521
3026 -99.2337
3027 -100.534
3028 -100.23
3029 -99.8432
3030 -101.128
3031 -99.7899
3032 -99.6746
3033 -99.0229
3034 -100.288
3035 -99.7734
3036 -100.29
3037 -100.481
3038 -100.949
3039 -100.386
3040 -100.015
3041 -99.134
3042 -98.1203
3043 -98.7052
3044 -98.9616
3045 -97.8558
3046 -99.2889
3047 -99.9156
3048 -101.161
3049 -101.082
3050 -99.1932
3051 -98.0951
3052 -99.3556
3053 -97.7783
3054 -97.9324
3055 -98.0551
3056 -98.3695
3057 -98.1875
3058 -98.4304
3059 -98.3554
3060 -97.6753
3061 -95.4152
3062 -96.1027
3063 -97.4093
3064 -97.3005
3065 -97.2655
3066 -96.8581
3067 -97.1551
3068 -97.2855
3069 -99.0031
3070 -98.7975
3071 -98.7665
3072 -100.836
3073 -99.2686
3074 -99.8363
3075 -98.9965
3076 -99.3846
3077 -99.1785
3078 -97.9273
3079 -97.8342
3080 -98.2529
3081 -99.4377
3082 -98.5009
3083 -98.8137
3084 -97.1274
3085 -99.3095
3086 -97.203
3087 -99.2065
3088 -99.2916
3089 -99.5505
3090 -98.5424
3091 -99.1147
3092 -100.815
3093 -99.1246
3094 -97.6895
3095 -97.8874
3096 -97.199
3097 -97.7542
3098 -95.6831
3099 -99.3205
3100 -98.7342
3101 -98.0005
3102 -98.5669
3103 -98.1531
3104 -99.5608
3105 -100.256
3106 -99.0035
3107 -99.4048
3108 -102.679
3109 -102.304
3110 -102.678
3111 -105.539
3112 -106.526
3113 -105.081
3114 -106.406
3115 -107.211
3116 -106.322
3117 -108.852
3118 -107.857
3119 -109.595
3120 -109.652
3121 -109.564
3122 -110.884
3123 -111.348
3124 -109.828
3125 -112.851
3126 -114.521
3127 -112.218
3128 -110.915
3129 -112.693
3130 -111.87
3131 -112.203
3132 -112.1
3133 -112.442
3134 -113.092
3135 -112.379
3136 -112.162
3137 -112.701
3138 -111.197
3139 -112.246
3140 -113.219
3141 -110.687
3142 -110.868
3143 -109.292
3144 -109.849
3145 -108.81
3146 -107.918
3147 -109.668
3148 -107.93
3149 -107.943
3150 -108.113
3151 -108.478
3152 -107.183
3153 -107.21
3154 -106.768
3155 -105.475
3156 -105.07
3157 -105.547
3158 -104.644
3159 -103.705
3160 -104.828
3161 -104.709
3162 -103.641
3163 -103.279
3164 -103.609
3165 -103.239
3166 -103.787
3167 -102.328
3168 -103.141
3169 -101.96
3170 -102.329
3171 -101.799
3172 -102.548
3173 -101.193
3174 -100.906
3175 -100.577
3176 -101.236
3177 -101.598
3178 -101.835
3179 -102.183
3180 -100.99
3181 -100.009
3182 -101.264
3183 -101.685
3184 -99.9571
3185 -100.66
3186 -101.68
3187 -99.5726
3188 -102.174
3189 -101.341
3190 -99.1311
3191 -101.173
3192 -100.908
3193 -99.6914
3194 -101.36
3195 -99.4518
3196 -100.501
3197 -100.387
3198 -100.795
3199 -102.647
3200 -99.0609
3201 -101.577
3202 -98.6121
3203 -99.5867
3204 -99.823
3205 -99.6605
3206 -99.18
3207 -99.7143
3208 -99.8827
3209 -100.323
3210 -99.42
3211 -100.799
3212 -99.666
3213 -100.271
3214 -100.383
3215 -99.8401
3216 -100.929
3217 -99.9025
3218 -99.9509
3219 -100.603
3220 -98.3149
3221 -99.8298
3222 -100.476
3223 -100.018
3224 -99.8212
3225 -100.757
3226 -100.724
3227 -100.242
3228 -98.2758
3229 -99.2736
3230 -98.8905
3231 -100.671
3232 -100.015
3233 -100.752
3234 -100.451
3235 -100.291
3236 -100.337
3237 -100.031
3238 -101.369
3239 -99.4576
3240 -100.361
3241 -100.344
3242 -100.779
3243 -100.413
3244 -100.221
3245 -99.0802
3246 -99.4734
3247 -99.9976
3248 -100.397
3249 -99.303
3250 -99.0338
3251 -100.217
3252 -100.5
3253 -99.4082
3254 -100.03
3255 -99.43
3256 -99.6757
3257 -100.926
3258 -100.608
3259 -99.9288
3260 -99.5856
3261 -101.925
3262 -99.8487
3263 -98.7572
3264 -100.494
3265 -99.576
3266 -100.734
3267 -99.5884
3268 -99.8102
3269 -99.4187
3270 -99.6855
3271 -99.6325
3272 -99.9199
3273 -99.7878
3274 -99.0707
3275 -101.156
3276 -101.373
3277 -100.716
3278 -100.611
3279 -101.471
3280 -100.177
3281 -99.2347
3282 -100.864
3283 -99.9015
3284 -100.442
3285 -99.6486
3286 -99.8458
3287 -100.058
3288 -102.028
3289 -100.161
3290 -99.8508
3291 -99.9172
3292 -100.418
3293 -99.7503
3294 -99.8384
3295 -98.7653
3296 -100.987
3297 -100.585
3298 -97.067
3299 -100.604
3300 -100.998
3301 -100.04
3302 -100.526
3303 -98.8268
3304 -99.7898
3305 -98.5167
3306 -99.62
3307 -100.363
3308 -100.547
3309 -101.003
3310 -98.8275
3311 -99.2479
3312 -99.3786
3313 -99.5544
3314 -99.9984
3315 -99.6132
3316 -98.7049
3317 -101.997
3318 -100.366
3319 -98.9609
3320 -100.154
3321 -100.625
3322 -100.079
3323 -99.6315
3324 -99.6962
3325 -100.393
3326 -100.378
3327 -99.2162
3328 -99.4381
3329 -98.7168
3330 -100.373
3331 -100.835
3332 -99.9431
3333 -100.956
3334 -100.344
3335 -99.6484
3336 -101.55
3337 -100.73
3338 -99.6818
3339 -99.6022
3340 -100.087
3341 -98.3507
3342 -100.278
3343 -100.802
3344 -100.592
3345 -98.5335
3346 -101.296
3347 -100.169
3348 -99.0495
3349 -99.9294
3350 -99.0325
3351 -100.098
3352 -101.133
3353 -100.099
3354 -99.7516
3355 -99.2055
3356 -100.147
3357 -98.2575
3358 -99.5997
3359 -99.9315
3360 -101.549
3361 -99.7159
3362 -100.966
3363 -100.574
3364 -101.048
3365 -98.9009
3366 -98.8806
3367 -100.438
3368 -99.9502
3369 -100.145
3370 -100.393
3371 -100.768
3372 -99.9963
3373 -100.825
3374 -99.9295
3375 -99.7772
3376 -102.006
3377 -101.173
3378 -100.568
3379 -99.9677
3380 -100.571
3381 -100.029
3382 -100.001
3383 -99.7645
3384 -100.455
3385 -99.5057
3386 -100.365
3387 -99.2649
3388 -99.9782
3389 -99.3644
3390 -100.349
3391 -99.294
3392 -100.423
3393 -100.984
3394 -100.302
3395 -100.852
3396 -100.33
3397 -101.095
3398 -101.349
3399 -102.114
