0 -109.82
1 -109.83
2 -109.835
3 -109.833
4 -109.811
5 -109.82
6 -109.825
7 -109.83
8 -109.83
9 -109.81
10 -109.81
11 -109.824
12 -109.839
13 -109.842
14 -109.842
15 -109.81
16 -109.791
17 -109.692
18 -109.034
19 -108.533
20 -108.487
21 -108.541
22 -108.496
23 -108.183
24 -107.566
25 -106.751
26 -105.946
27 -105.269
28 -104.832
29 -104.547
30 -104.305
31 -104.015
32 -103.578
33 -103.01
34 -102.366
35 -101.726
36 -101.141
37 -100.605
38 -100.173
39 -99.7498
40 -99.3196
41 -98.8349
42 -98.3329
43 -97.8106
44 -97.2451
45 -96.6194
46 -95.981
47 -95.3219
48 -94.6559
49 -94.0499
50 -93.4908
51 -92.9351
52 -92.323
53 -91.7492
54 -91.2143
55 -90.6368
56 -90.1718
57 -89.687
58 -89.2188
59 -88.8059
60 -88.4321
61 -88.2025
62 -88.051
63 -88.0704
64 -88.1609
65 -88.2517
66 -88.3778
67 -88.5021
68 -88.5813
69 -88.687
70 -88.8152
71 -88.9691
72 -89.2718
73 -89.6449
74 -90.0393
75 -90.4718
76 -90.8895
77 -91.4211
78 -92.0404
79 -92.6398
80 -93.1759
81 -93.5695
82 -93.9816
83 -94.4563
84 -95.0359
85 -95.7266
86 -96.2799
87 -96.7357
88 -97.1454
89 -97.5446
90 -97.9642
91 -98.3536
92 -98.644
93 -98.822
94 -98.9858
95 -99.2527
96 -99.531
97 -99.8047
98 -100.038
99 -100.256
100 -100.394
101 -100.42
102 -100.378
103 -100.175
104 -100.127
105 -100.209
106 -100.457
107 -100.855
108 -101.347
109 -101.84
110 -102.169
111 -102.361
112 -102.382
113 -102.281
114 -101.971
115 -101.505
116 -101.057
117 -100.675
118 -100.508
119 -100.391
120 -100.202
121 -100.005
122 -99.7749
123 -99.5663
124 -99.4152
125 -99.32
126 -99.3755
127 -99.5219
128 -99.8333
129 -100.273
130 -100.781
131 -101.295
132 -101.613
133 -101.882
134 -102.11
135 -102.373
136 -102.625
137 -102.853
138 -103.065
139 -103.156
140 -103.073
141 -102.864
142 -102.604
143 -102.343
144 -102.122
145 -102.185
146 -102.362
147 -102.594
148 -102.775
149 -102.878
150 -102.92
151 -102.795
152 -102.578
153 -102.504
154 -102.445
155 -102.483
156 -102.68
157 -102.964
158 -103.298
159 -103.505
160 -103.686
161 -103.77
162 -103.687
163 -103.364
164 -102.871
165 -102.264
166 -101.827
167 -101.493
168 -101.207
169 -100.95
170 -100.718
171 -100.508
172 -100.253
173 -100.031
174 -99.9877
175 -100.038
176 -100.182
177 -100.519
178 -100.983
179 -101.544
180 -101.905
181 -102.103
182 -102.304
183 -102.554
184 -102.753
185 -102.939
186 -103.085
187 -103.168
188 -103.158
189 -103.094
190 -102.915
191 -102.668
192 -102.288
193 -102.132
194 -102.292
195 -102.621
196 -102.956
197 -103.079
198 -102.957
199 -102.75
200 -102.539
201 -102.317
202 -102.111
203 -102.04
204 -102.137
205 -102.461
206 -102.959
207 -103.41
208 -103.747
209 -103.82
210 -103.652
211 -103.214
212 -102.596
213 -101.965
214 -101.465
215 -101.159
216 -100.929
217 -100.696
218 -100.59
219 -100.486
220 -100.359
221 -100.081
222 -99.9944
223 -99.9494
224 -100.047
225 -100.236
226 -100.588
227 -101.01
228 -101.443
229 -101.857
230 -102.198
231 -102.548
232 -102.802
233 -102.931
234 -103.04
235 -103.063
236 -102.951
237 -102.817
238 -102.673
239 -102.471
240 -102.203
241 -102.062
242 -102.088
243 -102.329
244 -102.578
245 -102.704
246 -102.71
247 -102.643
248 -102.473
249 -102.348
250 -102.211
251 -102.13
252 -102.188
253 -102.463
254 -102.841
255 -103.24
256 -103.518
257 -103.65
258 -103.56
259 -103.306
260 -102.819
261 -102.247
262 -101.712
263 -101.285
264 -100.992
265 -100.704
266 -100.49
267 -100.305
268 -100.126
269 -99.879
270 -99.695
271 -99.6806
272 -99.7563
273 -100.011
274 -100.429
275 -100.936
276 -101.418
277 -101.71
278 -101.943
279 -102.135
280 -102.339
281 -102.504
282 -102.612
283 -102.705
284 -102.677
285 -102.607
286 -102.503
287 -102.314
288 -102.112
289 -101.866
290 -101.806
291 -101.934
292 -102.248
293 -102.362
294 -102.282
295 -102.137
296 -102.015
297 -101.928
298 -101.773
299 -101.695
300 -101.699
301 -101.891
302 -102.273
303 -102.615
304 -102.856
305 -102.981
306 -103.008
307 -102.856
308 -102.476
309 -101.861
310 -101.268
311 -100.794
312 -100.449
313 -100.188
314 -99.9711
315 -99.8366
316 -99.7318
317 -99.4757
318 -99.306
319 -99.2829
320 -99.3181
321 -99.4192
322 -99.7294
323 -100.2
324 -100.756
325 -101.196
326 -101.445
327 -101.629
328 -101.76
329 -101.963
330 -102.166
331 -102.308
332 -102.277
333 -102.18
334 -101.997
335 -101.873
336 -101.635
337 -101.326
338 -101.2
339 -101.319
340 -101.547
341 -101.792
342 -101.814
343 -101.783
344 -101.682
345 -101.472
346 -101.247
347 -101.108
348 -101.119
349 -101.315
350 -101.656
351 -101.971
352 -102.19
353 -102.349
354 -102.395
355 -102.308
356 -101.934
357 -101.337
358 -100.716
359 -100.256
360 -99.9489
361 -99.6726
362 -99.4816
363 -99.3829
364 -99.2996
365 -99.0871
366 -98.8242
367 -98.728
368 -98.7423
369 -98.8933
370 -99.1471
371 -99.5141
372 -99.9492
373 -100.349
374 -100.578
375 -100.762
376 -100.868
377 -101.009
378 -101.161
379 -101.325
380 -101.454
381 -101.431
382 -101.253
383 -101.076
384 -100.858
385 -100.646
386 -100.521
387 -100.6
388 -100.809
389 -101.037
390 -101.13
391 -101.163
392 -101.017
393 -100.795
394 -100.456
395 -100.256
396 -100.268
397 -100.47
398 -100.816
399 -101.193
400 -101.476
401 -101.622
402 -101.706
403 -101.571
404 -101.289
405 -100.761
406 -100.157
407 -99.6663
408 -99.3166
409 -98.9865
410 -98.7222
411 -98.5368
412 -98.3964
413 -98.235
414 -98.0779
415 -98.0091
416 -97.9797
417 -97.9633
418 -98.1451
419 -98.4717
420 -99.0281
421 -99.4601
422 -99.8279
423 -100.039
424 -100.285
425 -100.489
426 -100.581
427 -100.632
428 -100.717
429 -100.695
430 -100.538
431 -100.321
432 -100.202
433 -100.027
434 -99.8977
435 -99.8313
436 -100.006
437 -100.293
438 -100.542
439 -100.684
440 -100.594
441 -100.262
442 -99.9087
443 -99.7102
444 -99.7264
445 -99.8043
446 -99.9734
447 -100.27
448 -100.569
449 -100.786
450 -100.861
451 -100.811
452 -100.613
453 -100.141
454 -99.5564
455 -99.0598
456 -98.7578
457 -98.4383
458 -98.1704
459 -97.9662
460 -97.8372
461 -97.736
462 -97.523
463 -97.3791
464 -97.2788
465 -97.2702
466 -97.4899
467 -97.9094
468 -98.3824
469 -98.8922
470 -99.1736
471 -99.3731
472 -99.508
473 -99.6846
474 -99.8074
475 -99.8855
476 -99.8905
477 -99.8722
478 -99.747
479 -99.6595
480 -99.6407
481 -99.5056
482 -99.2652
483 -99.127
484 -99.2093
485 -99.4966
486 -99.7295
487 -99.76
488 -99.6723
489 -99.447
490 -99.229
491 -99.1218
492 -99.127
493 -99.1814
494 -99.3544
495 -99.6373
496 -99.9152
497 -100.088
498 -100.203
499 -100.224
500 -100.132
501 -99.8354
502 -99.4135
503 -99.0225
504 -98.755
505 -98.57
506 -98.5805
507 -98.7061
508 -98.9499
509 -99.1589
510 -99.3926
511 -99.5828
512 -99.8065
513 -100.063
514 -100.533
515 -101.161
516 -101.904
517 -102.684
518 -103.385
519 -104.014
520 -104.643
521 -105.305
522 -105.84
523 -106.42
524 -107.066
525 -107.597
526 -108.032
527 -108.285
528 -108.466
529 -108.686
530 -108.937
531 -109.287
532 -109.806
533 -110.487
534 -111.268
535 -112.122
536 -112.885
537 -113.48
538 -113.917
539 -114.049
540 -114.048
541 -113.912
542 -113.633
543 -113.384
544 -113.295
545 -113.369
546 -113.571
547 -113.732
548 -113.751
549 -113.597
550 -113.276
551 -112.888
552 -112.523
553 -112.269
554 -112.086
555 -112.086
556 -112.092
557 -112.049
558 -111.873
559 -111.567
560 -111.223
561 -110.766
562 -110.296
563 -109.927
564 -109.614
565 -109.434
566 -109.293
567 -109.046
568 -108.657
569 -108.154
570 -107.623
571 -107.136
572 -106.721
573 -106.378
574 -106.129
575 -105.918
576 -105.7
577 -105.464
578 -105.204
579 -104.92
580 -104.642
581 -104.388
582 -104.112
583 -103.857
584 -103.659
585 -103.57
586 -103.48
587 -103.361
588 -103.232
589 -103.092
590 -102.997
591 -102.893
592 -102.767
593 -102.612
594 -102.446
595 -102.297
596 -102.239
597 -102.173
598 -102.116
599 -102.054
600 -101.969
601 -101.886
602 -101.811
603 -101.772
604 -101.727
605 -101.691
606 -101.641
607 -101.569
608 -101.459
609 -101.345
610 -101.264
611 -101.206
612 -101.213
613 -101.263
614 -101.301
615 -101.326
616 -101.338
617 -101.285
618 -101.217
619 -101.182
620 -101.18
621 -101.164
622 -101.14
623 -101.099
624 -101.05
625 -101.022
626 -100.98
627 -100.923
628 -100.871
629 -100.87
630 -100.884
631 -100.907
632 -100.929
633 -100.906
634 -100.886
635 -100.859
636 -100.822
637 -100.808
638 -100.792
639 -100.78
640 -100.78
641 -100.8
642 -100.796
643 -100.784
644 -100.78
645 -100.782
646 -100.811
647 -100.824
648 -100.811
649 -100.798
650 -100.78
651 -100.78
652 -100.813
653 -100.866
654 -101.091
655 -101.783
656 -102.214
657 -102.207
658 -102.153
659 -102.251
660 -102.625
661 -103.284
662 -104.132
663 -104.95
664 -105.618
665 -106.088
666 -106.343
667 -106.552
668 -106.797
669 -107.17
670 -107.686
671 -108.264
672 -108.852
673 -109.433
674 -109.927
675 -110.366
676 -110.809
677 -111.316
678 -111.931
679 -112.557
680 -113.178
681 -113.778
682 -114.307
683 -114.852
684 -115.474
685 -116.164
686 -116.895
687 -117.615
688 -118.263
689 -118.788
690 -119.274
691 -119.748
692 -120.164
693 -120.661
694 -121.107
695 -121.486
696 -121.872
697 -122.108
698 -122.27
699 -122.28
700 -122.254
701 -122.207
702 -122.019
703 -121.917
704 -121.751
705 -121.554
706 -121.392
707 -121.191
708 -121.034
709 -120.835
710 -120.636
711 -120.428
712 -120.158
713 -119.892
714 -119.551
715 -119.181
716 -118.82
717 -118.415
718 -118.065
719 -117.727
720 -117.358
721 -116.915
722 -116.427
723 -115.929
724 -115.453
725 -115.048
726 -114.689
727 -114.281
728 -113.783
729 -113.28
730 -112.82
731 -112.355
732 -111.952
733 -111.603
734 -111.408
735 -111.312
736 -111.36
737 -111.344
738 -111.291
739 -111.127
740 -110.916
741 -110.603
742 -110.244
743 -109.881
744 -109.556
745 -109.228
746 -109.057
747 -109.108
748 -109.387
749 -109.839
750 -110.292
751 -110.617
752 -110.902
753 -111.053
754 -111.077
755 -111.08
756 -110.934
757 -110.888
758 -110.87
759 -110.968
760 -111.041
761 -111.163
762 -111.337
763 -111.459
764 -111.531
765 -111.428
766 -111.262
767 -110.988
768 -110.688
769 -110.501
770 -110.254
771 -110.021
772 -109.941
773 -109.98
774 -110.148
775 -110.38
776 -110.583
777 -110.641
778 -110.41
779 -110.03
780 -109.647
781 -109.277
782 -108.991
783 -108.846
784 -108.859
785 -108.994
786 -109.181
787 -109.396
788 -109.498
789 -109.414
790 -109.292
791 -109.062
792 -108.748
793 -108.493
794 -108.261
795 -108.193
796 -108.427
797 -108.915
798 -109.557
799 -110.139
800 -110.597
801 -110.831
802 -110.833
803 -110.747
804 -110.597
805 -110.53
806 -110.533
807 -110.645
808 -110.82
809 -111.039
810 -111.331
811 -111.468
812 -111.538
813 -111.579
814 -111.551
815 -111.514
816 -111.407
817 -111.214
818 -110.864
819 -110.583
820 -110.407
821 -110.33
822 -110.407
823 -110.537
824 -110.773
825 -111.024
826 -110.945
827 -110.624
828 -110.194
829 -109.759
830 -109.439
831 -109.172
832 -109.137
833 -109.214
834 -109.378
835 -109.61
836 -109.883
837 -109.978
838 -109.867
839 -109.659
840 -109.423
841 -109.166
842 -108.95
843 -108.863
844 -108.928
845 -109.258
846 -109.829
847 -110.512
848 -111.041
849 -111.386
850 -111.536
851 -111.443
852 -111.305
853 -111.165
854 -111.129
855 -111.108
856 -111.193
857 -111.373
858 -111.662
859 -111.853
860 -112.034
861 -112.142
862 -112.12
863 -112.041
864 -111.977
865 -111.861
866 -111.61
867 -111.29
868 -111.059
869 -110.949
870 -111.043
871 -111.256
872 -111.46
873 -111.597
874 -111.546
875 -111.324
876 -110.974
877 -110.508
878 -110.008
879 -109.64
880 -109.522
881 -109.627
882 -109.807
883 -110.092
884 -110.352
885 -110.511
886 -110.49
887 -110.342
888 -110.18
889 -109.943
890 -109.699
891 -109.499
892 -109.523
893 -109.827
894 -110.393
895 -111.111
896 -111.663
897 -112.017
898 -112.11
899 -112.06
900 -111.916
901 -111.782
902 -111.713
903 -111.671
904 -111.727
905 -111.896
906 -112.168
907 -112.438
908 -112.583
909 -112.644
910 -112.636
911 -112.584
912 -112.5
913 -112.331
914 -112.093
915 -111.814
916 -111.533
917 -111.411
918 -111.418
919 -111.588
920 -111.818
921 -112.09
922 -112.132
923 -111.847
924 -111.483
925 -111.101
926 -110.756
927 -110.445
928 -110.255
929 -110.198
930 -110.328
931 -110.535
932 -110.735
933 -110.846
934 -110.815
935 -110.69
936 -110.468
937 -110.247
938 -110.04
939 -109.849
940 -109.8
941 -110.006
942 -110.433
943 -111.047
944 -111.632
945 -112.167
946 -112.43
947 -112.452
948 -112.291
949 -112.189
950 -112.123
951 -112.047
952 -112.029
953 -112.131
954 -112.333
955 -112.556
956 -112.751
957 -112.97
958 -113.033
959 -112.971
960 -112.889
961 -112.713
962 -112.464
963 -112.098
964 -111.829
965 -111.683
966 -111.632
967 -111.779
968 -112.033
969 -112.379
970 -112.524
971 -112.326
972 -111.953
973 -111.48
974 -110.979
975 -110.618
976 -110.457
977 -110.53
978 -110.706
979 -110.932
980 -111.181
981 -111.376
982 -111.348
983 -111.224
984 -111.079
985 -110.86
986 -110.66
987 -110.469
988 -110.376
989 -110.527
990 -110.904
991 -111.505
992 -112.084
993 -112.578
994 -112.808
995 -112.845
996 -112.739
997 -112.62
998 -112.511
999 -112.419
1000 -112.41
1001 -112.54
1002 -112.731
1003 -113.01
1004 -113.228
1005 -113.374
1006 -113.347
1007 -113.269
1008 -113.167
1009 -113.013
1010 -112.789
1011 -112.402
1012 -112.05
1013 -111.929
1014 -111.851
1015 -111.943
1016 -112.08
1017 -112.298
1018 -112.439
1019 -112.398
1020 -112.167
1021 -111.822
1022 -111.433
1023 -111.063
1024 -110.799
1025 -110.707
1026 -110.832
1027 -111.092
1028 -111.278
1029 -111.37
1030 -111.372
1031 -111.251
1032 -111.148
1033 -110.884
1034 -110.621
1035 -110.373
1036 -110.205
1037 -110.347
1038 -110.652
1039 -111.221
1040 -111.825
1041 -112.332
1042 -112.705
1043 -112.856
1044 -112.794
1045 -112.721
1046 -112.585
1047 -112.444
1048 -112.352
1049 -112.423
1050 -112.593
1051 -112.905
1052 -113.133
1053 -113.327
1054 -113.423
1055 -113.38
1056 -113.333
1057 -113.276
1058 -113.138
1059 -112.886
1060 -112.546
1061 -112.272
1062 -112.088
1063 -112.183
1064 -112.397
1065 -112.554
1066 -112.637
1067 -112.549
1068 -112.312
1069 -111.997
1070 -111.585
1071 -111.173
1072 -110.84
1073 -110.751
1074 -110.882
1075 -111.191
1076 -111.46
1077 -111.642
1078 -111.706
1079 -111.702
1080 -111.52
1081 -111.32
1082 -111.045
1083 -110.851
1084 -110.567
1085 -110.563
1086 -110.842
1087 -111.403
1088 -112.028
1089 -112.593
1090 -112.975
1091 -113.137
1092 -113.069
1093 -112.942
1094 -112.785
1095 -112.658
1096 -112.591
1097 -112.669
1098 -112.738
1099 -112.924
1100 -113.201
1101 -113.463
1102 -113.572
1103 -113.531
1104 -113.369
1105 -113.255
1106 -113.077
1107 -112.843
1108 -112.552
1109 -112.276
1110 -112.2
1111 -112.283
1112 -112.445
1113 -112.623
1114 -112.806
1115 -112.758
1116 -112.494
1117 -112.149
1118 -111.769
1119 -111.407
1120 -111.083
1121 -110.877
1122 -110.872
1123 -111.058
1124 -111.263
1125 -111.465
1126 -111.556
1127 -111.527
1128 -111.357
1129 -111.184
1130 -110.917
1131 -110.738
1132 -110.536
1133 -110.49
1134 -110.743
1135 -111.169
1136 -111.761
1137 -112.328
1138 -112.693
1139 -112.671
1140 -112.421
1141 -112.122
1142 -111.812
1143 -111.492
1144 -111.123
1145 -110.817
1146 -110.665
1147 -110.665
1148 -110.707
1149 -110.701
1150 -110.5
1151 -110.205
1152 -109.825
1153 -109.318
1154 -108.763
1155 -108.143
1156 -107.454
1157 -106.687
1158 -105.99
1159 -105.493
1160 -105.167
1161 -104.922
1162 -104.648
1163 -104.399
1164 -104.08
1165 -103.632
1166 -102.969
1167 -102.237
1168 -101.341
1169 -100.454
1170 -99.5927
1171 -98.937
1172 -98.4398
1173 -98.1212
1174 -97.9219
1175 -97.7407
1176 -97.5198
1177 -97.3338
1178 -97.1076
1179 -96.925
1180 -96.7091
1181 -96.4714
1182 -96.2508
1183 -96.1146
1184 -96.1154
1185 -96.2634
1186 -96.5568
1187 -96.8324
1188 -97.0657
1189 -97.2142
1190 -97.2677
1191 -97.2803
1192 -97.391
1193 -97.5894
1194 -97.9279
1195 -98.262
1196 -98.6406
1197 -99.013
1198 -99.3652
1199 -99.6425
1200 -99.9967
1201 -100.349
1202 -100.747
1203 -101.17
1204 -101.629
1205 -102.013
1206 -102.356
1207 -102.667
1208 -103.006
1209 -103.374
1210 -103.78
1211 -104.18
1212 -104.534
1213 -104.837
1214 -105.089
1215 -105.325
1216 -105.521
1217 -105.676
1218 -105.786
1219 -105.838
1220 -105.975
1221 -106.163
1222 -106.406
1223 -106.636
1224 -106.8
1225 -106.933
1226 -107.045
1227 -107.206
1228 -107.357
1229 -107.491
1230 -107.59
1231 -107.664
1232 -107.683
1233 -107.724
1234 -107.762
1235 -107.829
1236 -107.906
1237 -107.987
1238 -108.066
1239 -108.19
1240 -108.297
1241 -108.412
1242 -108.493
1243 -108.552
1244 -108.579
1245 -108.554
1246 -108.524
1247 -108.51
1248 -108.541
1249 -108.618
1250 -108.71
1251 -108.78
1252 -108.869
1253 -108.907
1254 -108.935
1255 -108.947
1256 -108.96
1257 -108.97
1258 -108.975
1259 -108.987
1260 -109.018
1261 -109.05
1262 -109.054
1263 -109.06
1264 -109.06
1265 -109.073
1266 -109.094
1267 -109.106
1268 -109.128
1269 -109.14
1270 -109.151
1271 -109.182
1272 -109.199
1273 -109.2
1274 -109.207
1275 -109.214
1276 -109.218
1277 -109.222
1278 -109.24
1279 -109.234
1280 -109.23
1281 -109.22
1282 -109.223
1283 -109.23
1284 -109.23
1285 -109.24
1286 -109.245
1287 -109.265
1288 -109.262
1289 -109.25
1290 -109.215
1291 -108.935
1292 -108.207
1293 -107.884
1294 -107.945
1295 -107.991
1296 -107.874
1297 -107.478
1298 -106.782
1299 -105.961
1300 -105.181
1301 -104.555
1302 -104.13
1303 -103.839
1304 -103.579
1305 -103.249
1306 -102.82
1307 -102.271
1308 -101.661
1309 -101.061
1310 -100.507
1311 -99.9656
1312 -99.4682
1313 -98.9707
1314 -98.4942
1315 -97.9958
1316 -97.4552
1317 -96.8505
1318 -96.2495
1319 -95.6837
1320 -95.1365
1321 -94.5973
1322 -94.0417
1323 -93.4793
1324 -92.9072
1325 -92.3352
1326 -91.7434
1327 -91.2066
1328 -90.6639
1329 -90.0769
1330 -89.584
1331 -89.0698
1332 -88.597
1333 -88.2311
1334 -87.9765
1335 -87.8238
1336 -87.8271
1337 -87.8808
1338 -87.9369
1339 -87.9645
1340 -88.0215
1341 -88.0702
1342 -88.1639
1343 -88.4097
1344 -88.638
1345 -88.8429
1346 -89.0863
1347 -89.3492
1348 -89.7522
1349 -90.2433
1350 -90.779
1351 -91.3873
1352 -91.9399
1353 -92.528
1354 -93.0827
1355 -93.5894
1356 -94.0075
1357 -94.306
1358 -94.7503
1359 -95.2975
1360 -95.9257
1361 -96.5135
1362 -96.9789
1363 -97.3071
1364 -97.618
1365 -97.9289
1366 -98.2094
1367 -98.4004
1368 -98.6017
1369 -98.8678
1370 -99.1487
1371 -99.5324
1372 -99.7853
1373 -99.9564
1374 -99.9534
1375 -99.9015
1376 -99.9202
1377 -99.88
1378 -99.9482
1379 -100.11
1380 -100.393
1381 -100.815
1382 -101.332
1383 -101.705
1384 -101.87
1385 -101.976
1386 -102.056
1387 -101.946
1388 -101.594
1389 -101.116
1390 -100.723
1391 -100.433
1392 -100.264
1393 -100.136
1394 -99.9346
1395 -99.7647
1396 -99.5713
1397 -99.4251
1398 -99.309
1399 -99.252
1400 -99.2933
1401 -99.4128
1402 -99.6469
1403 -100.023
1404 -100.527
1405 -101.094
1406 -101.516
1407 -101.842
1408 -102.078
1409 -102.331
1410 -102.519
1411 -102.59
1412 -102.716
1413 -102.698
1414 -102.6
1415 -102.47
1416 -102.262
1417 -102.038
1418 -101.82
1419 -101.834
1420 -102.015
1421 -102.29
1422 -102.486
1423 -102.566
1424 -102.518
1425 -102.326
1426 -102.121
1427 -101.997
1428 -102.03
1429 -102.169
1430 -102.431
1431 -102.869
1432 -103.249
1433 -103.552
1434 -103.677
1435 -103.565
1436 -103.305
1437 -102.885
1438 -102.329
1439 -101.782
1440 -101.313
1441 -101.002
1442 -100.679
1443 -100.539
1444 -100.457
1445 -100.329
1446 -100.053
1447 -99.8762
1448 -99.7806
1449 -99.8091
1450 -99.9632
1451 -100.313
1452 -100.748
1453 -101.212
1454 -101.633
1455 -102.022
1456 -102.381
1457 -102.655
1458 -102.819
1459 -102.931
1460 -102.953
1461 -102.914
1462 -102.734
1463 -102.518
1464 -102.363
1465 -102.19
1466 -101.983
1467 -101.941
1468 -102.081
1469 -102.355
1470 -102.629
1471 -102.723
1472 -102.695
1473 -102.497
1474 -102.273
1475 -102.006
1476 -101.941
1477 -101.958
1478 -102.114
1479 -102.53
1480 -102.949
1481 -103.286
1482 -103.481
1483 -103.494
1484 -103.314
1485 -102.851
1486 -102.185
1487 -101.544
1488 -101.12
1489 -100.928
1490 -100.746
1491 -100.528
1492 -100.298
1493 -100.161
1494 -99.9896
1495 -99.8227
1496 -99.7387
1497 -99.7035
1498 -99.7474
1499 -99.969
1500 -100.395
1501 -100.924
1502 -101.418
1503 -101.804
1504 -102.158
1505 -102.394
1506 -102.565
1507 -102.635
1508 -102.68
1509 -102.674
1510 -102.595
1511 -102.524
1512 -102.301
1513 -102.135
1514 -101.964
1515 -101.893
1516 -101.97
1517 -102.159
1518 -102.394
1519 -102.553
1520 -102.642
1521 -102.589
1522 -102.4
1523 -102.149
1524 -101.948
1525 -101.91
1526 -102.006
1527 -102.314
1528 -102.717
1529 -103.099
1530 -103.376
1531 -103.41
1532 -103.271
1533 -102.898
1534 -102.331
1535 -101.706
1536 -101.199
1537 -100.85
1538 -100.657
1539 -100.504
1540 -100.354
1541 -100.182
1542 -99.9587
1543 -99.716
1544 -99.6376
1545 -99.6091
1546 -99.6264
1547 -99.8287
1548 -100.213
1549 -100.769
1550 -101.214
1551 -101.513
1552 -101.75
1553 -101.956
1554 -102.156
1555 -102.256
1556 -102.361
1557 -102.401
1558 -102.403
1559 -102.303
1560 -102.208
1561 -102.043
1562 -101.809
1563 -101.628
1564 -101.65
1565 -101.807
1566 -102.037
1567 -102.163
1568 -102.248
1569 -102.182
1570 -101.954
1571 -101.724
1572 -101.51
1573 -101.477
1574 -101.553
1575 -101.771
1576 -102.152
1577 -102.497
1578 -102.692
1579 -102.776
1580 -102.78
1581 -102.575
1582 -102.095
1583 -101.474
1584 -100.891
1585 -100.477
1586 -100.137
1587 -99.9189
1588 -99.7913
1589 -99.7275
1590 -99.6381
1591 -99.4018
1592 -99.2794
1593 -99.2783
1594 -99.247
1595 -99.327
1596 -99.589
1597 -100.084
1598 -100.632
1599 -101.035
1600 -101.343
1601 -101.531
1602 -101.765
1603 -101.919
1604 -102.029
1605 -102.079
1606 -102.008
1607 -101.897
1608 -101.725
1609 -101.536
1610 -101.278
1611 -101.079
1612 -101.095
1613 -101.296
1614 -101.509
1615 -101.708
1616 -101.823
1617 -101.822
1618 -101.59
1619 -101.247
1620 -100.95
1621 -100.915
1622 -100.973
1623 -101.327
1624 -101.725
1625 -102.037
1626 -102.22
1627 -102.33
1628 -102.251
1629 -101.957
1630 -101.419
1631 -100.834
1632 -100.231
1633 -99.8399
1634 -99.6047
1635 -99.4526
1636 -99.2856
1637 -99.096
1638 -98.9674
1639 -98.8038
1640 -98.7199
1641 -98.725
1642 -98.6903
1643 -98.7531
1644 -98.9752
1645 -99.3316
1646 -99.8069
1647 -100.141
1648 -100.488
1649 -100.77
1650 -101.028
1651 -101.139
1652 -101.21
1653 -101.23
1654 -101.193
1655 -101.036
1656 -100.912
1657 -100.762
1658 -100.586
1659 -100.447
1660 -100.449
1661 -100.53
1662 -100.698
1663 -100.952
1664 -101.057
1665 -101.04
1666 -100.886
1667 -100.609
1668 -100.318
1669 -100.173
1670 -100.241
1671 -100.507
1672 -100.861
1673 -101.181
1674 -101.503
1675 -101.668
1676 -101.57
1677 -101.345
1678 -100.943
1679 -100.397
1680 -99.8301
1681 -99.3771
1682 -99.0358
1683 -98.7739
1684 -98.5641
1685 -98.4026
1686 -98.3031
1687 -98.1463
1688 -98.0001
1689 -97.92
1690 -97.8857
1691 -97.9072
1692 -98.0984
1693 -98.505
1694 -99.0471
1695 -99.4802
1696 -99.8239
1697 -100.102
1698 -100.363
1699 -100.554
1700 -100.613
1701 -100.556
1702 -100.513
1703 -100.388
1704 -100.3
1705 -100.166
1706 -99.9867
1707 -99.7132
1708 -99.6757
1709 -99.8003
1710 -100.027
1711 -100.28
1712 -100.403
1713 -100.443
1714 -100.288
1715 -100.035
1716 -99.7667
1717 -99.6
1718 -99.5747
1719 -99.6025
1720 -99.8585
1721 -100.213
1722 -100.6
1723 -100.86
1724 -100.929
1725 -100.739
1726 -100.4
1727 -99.9054
1728 -99.3175
1729 -98.8416
1730 -98.5354
1731 -98.2753
1732 -98.0908
1733 -97.9855
1734 -97.8777
1735 -97.7134
1736 -97.4806
1737 -97.3265
1738 -97.2097
1739 -97.1849
1740 -97.3905
1741 -97.8149
1742 -98.3106
1743 -98.7051
1744 -99.0201
1745 -99.2934
1746 -99.4957
1747 -99.6957
1748 -99.8089
1749 -99.8188
1750 -99.7819
1751 -99.6745
1752 -99.5569
1753 -99.4661
1754 -99.3086
1755 -99.1116
1756 -98.9689
1757 -99.0109
1758 -99.1977
1759 -99.4639
1760 -99.6338
1761 -99.7091
1762 -99.6107
1763 -99.4303
1764 -99.2118
1765 -99.1026
1766 -99.102
1767 -99.1766
1768 -99.313
1769 -99.5275
1770 -99.7983
1771 -100.043
1772 -100.216
1773 -100.197
1774 -99.9744
1775 -99.6407
1776 -99.2176
1777 -98.8878
1778 -98.6916
1779 -98.571
1780 -98.6327
1781 -98.7368
1782 -98.9236
1783 -99.1079
1784 -99.2901
1785 -99.4559
1786 -99.7443
1787 -100.043
1788 -100.53
1789 -101.073
1790 -101.839
1791 -102.631
1792 -103.415
1793 -104.133
1794 -104.852
1795 -105.542
1796 -106.128
1797 -106.625
1798 -107.108
1799 -107.548
1800 -107.975
1801 -108.268
1802 -108.504
1803 -108.726
1804 -108.96
1805 -109.269
1806 -109.699
1807 -110.348
1808 -111.161
1809 -112.025
1810 -112.856
1811 -113.49
1812 -113.865
1813 -113.947
1814 -113.824
1815 -113.518
1816 -113.151
1817 -112.946
1818 -112.972
1819 -113.15
1820 -113.475
1821 -113.678
1822 -113.66
1823 -113.498
1824 -113.181
1825 -112.826
1826 -112.452
1827 -112.276
1828 -112.222
1829 -112.266
1830 -112.177
1831 -111.984
1832 -111.731
1833 -111.425
1834 -111.081
1835 -110.667
1836 -110.224
1837 -109.817
1838 -109.475
1839 -109.243
1840 -109.062
1841 -108.813
1842 -108.495
1843 -108.114
1844 -107.624
1845 -107.062
1846 -106.439
1847 -105.898
1848 -105.492
1849 -105.256
1850 -105.12
1851 -105.018
1852 -104.918
1853 -104.719
1854 -104.483
1855 -104.216
1856 -103.921
1857 -103.746
1858 -103.609
1859 -103.544
1860 -103.483
1861 -103.379
1862 -103.23
1863 -103.047
1864 -102.871
1865 -102.728
1866 -102.61
1867 -102.514
1868 -102.427
1869 -102.334
1870 -102.217
1871 -102.108
1872 -102.009
1873 -101.937
1874 -101.864
1875 -101.762
1876 -101.65
1877 -101.613
1878 -101.595
1879 -101.585
1880 -101.522
1881 -101.391
1882 -101.27
1883 -101.168
1884 -101.112
1885 -101.102
1886 -101.114
1887 -101.14
1888 -101.178
1889 -101.187
1890 -101.15
1891 -101.088
1892 -101.043
1893 -101.001
1894 -101.014
1895 -101.026
1896 -101.021
1897 -101.009
1898 -100.993
1899 -100.974
1900 -100.953
1901 -100.917
1902 -100.867
1903 -100.817
1904 -100.792
1905 -100.769
1906 -100.757
1907 -100.75
1908 -100.75
1909 -100.74
1910 -100.737
1911 -100.72
1912 -100.687
1913 -100.67
1914 -100.62
1915 -100.575
1916 -100.545
1917 -100.55
1918 -100.54
1919 -100.549
1920 -100.567
1921 -100.56
1922 -100.572
1923 -100.58
1924 -100.566
1925 -100.56
1926 -100.579
1927 -100.641
1928 -101.001
1929 -101.759
1930 -102.011
1931 -101.932
1932 -101.896
1933 -102.067
1934 -102.552
1935 -103.314
1936 -104.16
1937 -104.95
1938 -105.562
1939 -105.929
1940 -106.18
1941 -106.383
1942 -106.665
1943 -107.104
1944 -107.639
1945 -108.236
1946 -108.8
1947 -109.327
1948 -109.792
1949 -110.191
1950 -110.618
1951 -111.097
1952 -111.68
1953 -112.359
1954 -113.058
1955 -113.7
1956 -114.312
1957 -114.887
1958 -115.457
1959 -115.997
1960 -116.574
1961 -117.212
1962 -117.862
1963 -118.528
1964 -119.192
1965 -119.794
1966 -120.243
1967 -120.682
1968 -121.048
1969 -121.379
1970 -121.65
1971 -121.772
1972 -121.812
1973 -121.75
1974 -121.672
1975 -121.622
1976 -121.56
1977 -121.536
1978 -121.469
1979 -121.331
1980 -121.171
1981 -120.932
1982 -120.754
1983 -120.519
1984 -120.283
1985 -119.987
1986 -119.64
1987 -119.312
1988 -119.023
1989 -118.73
1990 -118.413
1991 -118.057
1992 -117.712
1993 -117.366
1994 -116.99
1995 -116.487
1996 -116
1997 -115.481
1998 -115.037
1999 -114.595
2000 -114.187
2001 -113.713
2002 -113.239
2003 -112.831
2004 -112.385
2005 -111.954
2006 -111.561
2007 -111.214
2008 -111.071
2009 -110.992
2010 -110.944
2011 -110.931
2012 -110.807
2013 -110.569
2014 -110.295
2015 -110.039
2016 -109.754
2017 -109.431
2018 -109.125
2019 -108.955
2020 -108.893
2021 -108.987
2022 -109.25
2023 -109.658
2024 -110.062
2025 -110.373
2026 -110.62
2027 -110.735
2028 -110.779
2029 -110.717
2030 -110.66
2031 -110.64
2032 -110.62
2033 -110.613
2034 -110.629
2035 -110.772
2036 -110.946
2037 -111.022
2038 -110.966
2039 -110.82
2040 -110.724
2041 -110.588
2042 -110.359
2043 -110.091
2044 -109.781
2045 -109.643
2046 -109.634
2047 -109.768
2048 -109.972
2049 -110.164
2050 -110.25
2051 -110.144
2052 -109.767
2053 -109.377
2054 -108.929
2055 -108.616
2056 -108.371
2057 -108.273
2058 -108.36
2059 -108.601
2060 -108.87
2061 -109.054
2062 -109.101
2063 -109.042
2064 -108.828
2065 -108.571
2066 -108.285
2067 -108.086
2068 -107.918
2069 -107.892
2070 -108.192
2071 -108.729
2072 -109.393
2073 -109.993
2074 -110.446
2075 -110.591
2076 -110.501
2077 -110.345
2078 -110.252
2079 -110.189
2080 -110.136
2081 -110.158
2082 -110.334
2083 -110.654
2084 -110.91
2085 -111.123
2086 -111.283
2087 -111.288
2088 -111.225
2089 -111.121
2090 -110.957
2091 -110.715
2092 -110.411
2093 -110.19
2094 -110.044
2095 -110.031
2096 -110.204
2097 -110.411
2098 -110.684
2099 -110.698
2100 -110.518
2101 -110.172
2102 -109.766
2103 -109.412
2104 -109.066
2105 -108.88
2106 -108.782
2107 -108.897
2108 -109.082
2109 -109.334
2110 -109.52
2111 -109.538
2112 -109.373
2113 -109.146
2114 -108.905
2115 -108.685
2116 -108.514
2117 -108.453
2118 -108.677
2119 -109.066
2120 -109.634
2121 -110.219
2122 -110.729
2123 -111.095
2124 -111.22
2125 -111.155
2126 -110.986
2127 -110.787
2128 -110.71
2129 -110.766
2130 -110.878
2131 -111.029
2132 -111.251
2133 -111.482
2134 -111.719
2135 -111.781
2136 -111.663
2137 -111.575
2138 -111.468
2139 -111.326
2140 -111.04
2141 -110.761
2142 -110.585
2143 -110.522
2144 -110.636
2145 -110.916
2146 -111.186
2147 -111.369
2148 -111.204
2149 -110.845
2150 -110.413
2151 -109.945
2152 -109.554
2153 -109.362
2154 -109.356
2155 -109.514
2156 -109.753
2157 -110.027
2158 -110.172
2159 -110.163
2160 -110.057
2161 -109.891
2162 -109.664
2163 -109.454
2164 -109.26
2165 -109.158
2166 -109.298
2167 -109.635
2168 -110.222
2169 -110.813
2170 -111.299
2171 -111.559
2172 -111.658
2173 -111.522
2174 -111.423
2175 -111.315
2176 -111.294
2177 -111.359
2178 -111.496
2179 -111.731
2180 -111.989
2181 -112.179
2182 -112.314
2183 -112.401
2184 -112.328
2185 -112.212
2186 -112.028
2187 -111.844
2188 -111.62
2189 -111.307
2190 -111.013
2191 -110.881
2192 -110.987
2193 -111.174
2194 -111.448
2195 -111.61
2196 -111.593
2197 -111.352
2198 -111.033
2199 -110.629
2200 -110.233
2201 -109.917
2202 -109.816
2203 -109.886
2204 -110.08
2205 -110.361
2206 -110.592
2207 -110.616
2208 -110.477
2209 -110.308
2210 -110.065
2211 -109.804
2212 -109.526
2213 -109.341
2214 -109.4
2215 -109.713
2216 -110.28
2217 -110.922
2218 -111.491
2219 -111.852
2220 -112.016
2221 -111.936
2222 -111.805
2223 -111.735
2224 -111.722
2225 -111.65
2226 -111.623
2227 -111.715
2228 -111.971
2229 -112.296
2230 -112.538
2231 -112.719
2232 -112.711
2233 -112.613
2234 -112.53
2235 -112.423
2236 -112.16
2237 -111.837
2238 -111.546
2239 -111.459
2240 -111.45
2241 -111.569
2242 -111.785
2243 -111.952
2244 -111.904
2245 -111.682
2246 -111.359
2247 -110.946
2248 -110.511
2249 -110.165
2250 -110.052
2251 -110.122
2252 -110.344
2253 -110.655
2254 -110.918
2255 -111.004
2256 -110.928
2257 -110.791
2258 -110.619
2259 -110.354
2260 -110.112
2261 -109.887
2262 -109.875
2263 -110.143
2264 -110.621
2265 -111.223
2266 -111.78
2267 -112.199
2268 -112.374
2269 -112.364
2270 -112.174
2271 -112.024
2272 -111.912
2273 -111.855
2274 -111.859
2275 -112.003
2276 -112.232
2277 -112.479
2278 -112.715
2279 -112.885
2280 -112.898
2281 -112.841
2282 -112.766
2283 -112.596
2284 -112.35
2285 -112.008
2286 -111.708
2287 -111.53
2288 -111.472
2289 -111.594
2290 -111.828
2291 -112.083
2292 -112.177
2293 -112.006
2294 -111.708
2295 -111.37
2296 -110.985
2297 -110.61
2298 -110.337
2299 -110.253
2300 -110.378
2301 -110.621
2302 -110.838
2303 -111.01
2304 -110.975
2305 -110.875
2306 -110.701
2307 -110.443
2308 -110.265
2309 -110.018
2310 -109.95
2311 -110.133
2312 -110.595
2313 -111.22
2314 -111.816
2315 -112.335
2316 -112.571
2317 -112.569
2318 -112.427
2319 -112.262
2320 -112.148
2321 -112.028
2322 -111.969
2323 -112.042
2324 -112.288
2325 -112.566
2326 -112.796
2327 -112.945
2328 -113.007
2329 -112.966
2330 -112.899
2331 -112.753
2332 -112.501
2333 -112.18
2334 -111.866
2335 -111.665
2336 -111.615
2337 -111.748
2338 -111.926
2339 -112.133
2340 -112.268
2341 -112.122
2342 -111.812
2343 -111.44
2344 -111.02
2345 -110.744
2346 -110.491
2347 -110.44
2348 -110.479
2349 -110.756
2350 -111.003
2351 -111.199
2352 -111.231
2353 -111.093
2354 -110.84
2355 -110.574
2356 -110.362
2357 -110.125
2358 -110.004
2359 -110.167
2360 -110.591
2361 -111.241
2362 -111.9
2363 -112.403
2364 -112.793
2365 -112.88
2366 -112.757
2367 -112.559
2368 -112.421
2369 -112.329
2370 -112.223
2371 -112.259
2372 -112.436
2373 -112.805
2374 -113.06
2375 -113.205
2376 -113.218
2377 -113.126
2378 -113.032
2379 -112.957
2380 -112.725
2381 -112.356
2382 -112.024
2383 -111.91
2384 -111.878
2385 -111.969
2386 -112.06
2387 -112.265
2388 -112.474
2389 -112.433
2390 -112.199
2391 -111.891
2392 -111.523
2393 -111.112
2394 -110.772
2395 -110.608
2396 -110.66
2397 -110.871
2398 -111.064
2399 -111.164
2400 -111.194
2401 -111.075
2402 -110.917
2403 -110.697
2404 -110.516
2405 -110.289
2406 -110.109
2407 -110.149
2408 -110.406
2409 -110.854
2410 -111.401
2411 -111.876
2412 -112.233
2413 -112.271
2414 -112.034
2415 -111.673
2416 -111.371
2417 -111.074
2418 -110.744
2419 -110.466
2420 -110.279
2421 -110.24
2422 -110.24
2423 -110.153
2424 -109.962
2425 -109.682
2426 -109.259
2427 -108.749
2428 -108.251
2429 -107.628
2430 -106.833
2431 -106.079
2432 -105.419
2433 -104.969
2434 -104.621
2435 -104.314
2436 -103.987
2437 -103.669
2438 -103.337
2439 -102.879
2440 -102.23
2441 -101.445
2442 -100.587
2443 -99.7643
2444 -99.0859
2445 -98.5242
2446 -98.0222
2447 -97.6407
2448 -97.403
2449 -97.2289
2450 -97.0713
2451 -96.9474
2452 -96.7142
2453 -96.4627
2454 -96.2644
2455 -96.1484
2456 -96.1043
2457 -96.0794
2458 -96.0931
2459 -96.0812
2460 -96.1807
2461 -96.3053
2462 -96.4819
2463 -96.6981
2464 -96.8873
2465 -97.072
2466 -97.2408
2467 -97.4535
2468 -97.7277
2469 -98.0318
2470 -98.3745
2471 -98.7602
2472 -99.1245
2473 -99.5104
2474 -99.9141
2475 -100.248
2476 -100.66
2477 -101.062
2478 -101.459
2479 -101.88
2480 -102.258
2481 -102.626
2482 -102.993
2483 -103.384
2484 -103.76
2485 -104.104
2486 -104.39
2487 -104.597
2488 -104.749
2489 -104.898
2490 -105.096
2491 -105.316
2492 -105.56
2493 -105.791
2494 -105.997
2495 -106.164
2496 -106.343
2497 -106.467
2498 -106.607
2499 -106.738
2500 -106.87
2501 -107.022
2502 -107.193
2503 -107.38
2504 -107.537
2505 -107.655
2506 -107.724
2507 -107.733
2508 -107.711
2509 -107.684
2510 -107.647
2511 -107.623
2512 -107.639
2513 -107.705
2514 -107.817
2515 -107.942
2516 -108.088
2517 -108.212
2518 -108.292
2519 -108.316
2520 -108.329
2521 -108.322
2522 -108.354
2523 -108.422
2524 -108.509
2525 -108.587
2526 -108.67
2527 -108.713
2528 -108.73
2529 -108.72
2530 -108.72
2531 -108.726
2532 -108.73
2533 -108.721
2534 -108.743
2535 -108.745
2536 -108.732
2537 -108.76
2538 -108.76
2539 -108.755
2540 -108.75
2541 -108.77
2542 -108.75
2543 -108.755
2544 -108.774
2545 -108.799
2546 -108.804
2547 -108.82
2548 -108.834
2549 -108.878
2550 -108.929
2551 -108.979
2552 -109.01
2553 -109.02
2554 -109.007
2555 -108.99
2556 -109.003
2557 -109.01
2558 -109.03
2559 -109.022
2560 -109.004
2561 -108.983
2562 -108.979
2563 -108.96
2564 -108.916
2565 -108.507
2566 -107.736
2567 -107.59
2568 -107.638
2569 -107.644
2570 -107.42
2571 -106.897
2572 -106.132
2573 -105.319
2574 -104.587
2575 -104.058
2576 -103.716
2577 -103.456
2578 -103.219
2579 -102.848
2580 -102.404
2581 -101.848
2582 -101.27
2583 -100.654
2584 -100.075
2585 -99.5707
2586 -99.0886
2587 -98.5855
2588 -98.0954
2589 -97.5662
2590 -96.9759
2591 -96.3899
2592 -95.8137
2593 -95.2541
2594 -94.6945
2595 -94.132
2596 -93.5514
2597 -93.0109
2598 -92.5098
2599 -91.9504
2600 -91.354
2601 -90.8435
2602 -90.3075
2603 -89.8073
2604 -89.372
2605 -88.9425
2606 -88.5939
2607 -88.253
2608 -87.9702
2609 -87.7878
2610 -87.73
2611 -87.7851
2612 -87.9229
2613 -88.0488
2614 -88.11
2615 -88.1102
2616 -88.1408
2617 -88.2857
2618 -88.4747
2619 -88.738
2620 -89.0987
2621 -89.4144
2622 -89.7955
2623 -90.2762
2624 -90.762
2625 -91.3228
2626 -91.9003
2627 -92.4536
2628 -92.9434
2629 -93.4323
2630 -93.9116
2631 -94.3875
2632 -94.9211
2633 -95.4606
2634 -95.9581
2635 -96.4733
2636 -96.9077
2637 -97.3328
2638 -97.6749
2639 -97.9254
2640 -98.0628
2641 -98.2085
2642 -98.4344
2643 -98.7997
2644 -99.1868
2645 -99.5744
2646 -99.8637
2647 -99.9906
2648 -99.9183
2649 -99.8661
2650 -99.7394
2651 -99.7115
2652 -99.7466
2653 -100.039
2654 -100.395
2655 -100.865
2656 -101.441
2657 -101.815
2658 -101.959
2659 -102.059
2660 -101.972
2661 -101.746
2662 -101.427
2663 -101.041
2664 -100.674
2665 -100.335
2666 -100.142
2667 -99.9774
2668 -99.8001
2669 -99.7326
2670 -99.5419
2671 -99.381
2672 -99.2678
2673 -99.2587
2674 -99.3217
2675 -99.4476
2676 -99.6941
2677 -100.154
2678 -100.622
2679 -101.131
2680 -101.564
2681 -101.936
2682 -102.158
2683 -102.401
2684 -102.579
2685 -102.733
2686 -102.764
2687 -102.669
2688 -102.492
2689 -102.374
2690 -102.214
2691 -102.081
2692 -101.966
2693 -102.032
2694 -102.2
2695 -102.476
2696 -102.64
2697 -102.67
2698 -102.568
2699 -102.295
2700 -102.043
2701 -101.845
2702 -101.982
2703 -102.191
2704 -102.495
2705 -102.928
2706 -103.28
2707 -103.556
2708 -103.583
2709 -103.395
2710 -103.016
2711 -102.523
2712 -102.044
2713 -101.652
2714 -101.394
2715 -101.077
2716 -100.835
2717 -100.649
2718 -100.525
2719 -100.337
2720 -100.083
2721 -99.8978
2722 -99.8216
2723 -99.8661
2724 -100.034
2725 -100.388
2726 -100.85
2727 -101.274
2728 -101.622
2729 -101.907
2730 -102.156
2731 -102.368
2732 -102.501
2733 -102.606
2734 -102.68
2735 -102.67
2736 -102.601
2737 -102.494
2738 -102.343
2739 -102.11
2740 -101.97
2741 -102.034
2742 -102.289
2743 -102.562
2744 -102.765
2745 -102.851
2746 -102.824
2747 -102.589
2748 -102.24
2749 -101.898
2750 -101.848
2751 -101.959
2752 -102.251
2753 -102.636
2754 -103.013
2755 -103.287
2756 -103.41
2757 -103.355
2758 -103.099
2759 -102.552
2760 -101.934
2761 -101.371
2762 -100.96
2763 -100.747
2764 -100.567
2765 -100.546
2766 -100.502
2767 -100.342
2768 -100.137
2769 -99.9822
2770 -99.9013
2771 -99.8413
2772 -99.931
2773 -100.132
2774 -100.54
2775 -100.987
2776 -101.53
2777 -101.939
2778 -102.245
2779 -102.522
2780 -102.658
2781 -102.69
2782 -102.697
2783 -102.634
2784 -102.496
2785 -102.334
2786 -102.159
2787 -102.018
2788 -101.858
2789 -101.874
2790 -102.072
2791 -102.356
2792 -102.578
2793 -102.645
2794 -102.676
2795 -102.55
2796 -102.311
2797 -102.01
2798 -101.9
2799 -102.001
2800 -102.222
2801 -102.558
2802 -102.891
2803 -103.128
2804 -103.337
2805 -103.263
2806 -103.048
2807 -102.597
2808 -101.994
2809 -101.418
2810 -101.031
2811 -100.775
2812 -100.56
2813 -100.445
2814 -100.276
2815 -100.099
2816 -99.8835
2817 -99.6865
2818 -99.64
2819 -99.6258
2820 -99.6677
2821 -99.8056
2822 -100.211
2823 -100.728
2824 -101.269
2825 -101.683
2826 -101.969
2827 -102.186
2828 -102.376
2829 -102.459
2830 -102.514
2831 -102.469
2832 -102.335
2833 -102.121
2834 -101.943
2835 -101.801
2836 -101.631
2837 -101.504
2838 -101.608
2839 -101.874
2840 -102.16
2841 -102.241
2842 -102.234
2843 -102.094
2844 -101.842
2845 -101.503
2846 -101.367
2847 -101.463
2848 -101.673
2849 -101.976
2850 -102.33
2851 -102.606
2852 -102.778
2853 -102.83
2854 -102.791
2855 -102.403
2856 -101.82
2857 -101.167
2858 -100.725
2859 -100.415
2860 -100.185
2861 -99.9609
2862 -99.8381
2863 -99.7526
2864 -99.5759
2865 -99.4116
2866 -99.34
2867 -99.3117
2868 -99.3024
2869 -99.4448
2870 -99.764
2871 -100.269
2872 -100.785
2873 -101.26
2874 -101.584
2875 -101.746
2876 -101.89
2877 -101.997
2878 -102.073
2879 -102.113
2880 -102.057
2881 -101.896
2882 -101.743
2883 -101.579
2884 -101.373
2885 -101.19
2886 -101.204
2887 -101.371
2888 -101.624
2889 -101.809
2890 -101.9
2891 -101.865
2892 -101.597
2893 -101.305
2894 -101.044
2895 -101.021
2896 -101.107
2897 -101.352
2898 -101.736
2899 -101.956
2900 -102.158
2901 -102.251
2902 -102.251
2903 -101.942
2904 -101.407
2905 -100.786
2906 -100.24
2907 -99.9059
2908 -99.6591
2909 -99.5164
2910 -99.436
2911 -99.344
2912 -99.1714
2913 -98.9907
2914 -98.8376
2915 -98.6942
2916 -98.657
2917 -98.7718
2918 -99.0949
2919 -99.5286
2920 -100.004
2921 -100.364
2922 -100.63
2923 -100.83
2924 -101.092
2925 -101.273
2926 -101.343
2927 -101.349
2928 -101.269
2929 -101.129
2930 -100.952
2931 -100.801
2932 -100.719
2933 -100.551
2934 -100.532
2935 -100.618
2936 -100.864
2937 -101.022
2938 -101.032
2939 -100.954
2940 -100.773
2941 -100.52
2942 -100.36
2943 -100.349
2944 -100.406
2945 -100.567
2946 -100.81
2947 -101.094
2948 -101.33
2949 -101.502
2950 -101.551
2951 -101.401
2952 -100.924
2953 -100.304
2954 -99.7251
2955 -99.3129
2956 -99.0339
2957 -98.8337
2958 -98.7228
2959 -98.5984
2960 -98.5005
2961 -98.2864
2962 -98.0799
2963 -97.9668
2964 -97.8723
2965 -97.9733
2966 -98.2214
2967 -98.6681
2968 -99.2034
2969 -99.6954
2970 -100.043
2971 -100.348
2972 -100.606
2973 -100.752
2974 -100.76
2975 -100.789
2976 -100.733
2977 -100.522
2978 -100.308
2979 -100.182
2980 -100.039
2981 -99.7525
2982 -99.6867
2983 -99.8424
2984 -100.182
2985 -100.449
2986 -100.58
2987 -100.572
2988 -100.383
2989 -100.057
2990 -99.7613
2991 -99.6905
2992 -99.7527
2993 -99.9035
2994 -100.209
2995 -100.544
2996 -100.859
2997 -101.019
2998 -100.969
2999 -100.746
3000 -100.311
3001 -99.7122
3002 -99.2571
3003 -98.8965
3004 -98.5467
3005 -98.2368
3006 -98.0556
3007 -97.9498
3008 -97.9099
3009 -97.7606
3010 -97.5017
3011 -97.3269
3012 -97.2409
3013 -97.3561
3014 -97.7326
3015 -98.1874
3016 -98.6413
3017 -99.0044
3018 -99.2563
3019 -99.4175
3020 -99.6218
3021 -99.7819
3022 -99.8832
3023 -99.8878
3024 -99.8245
3025 -99.6749
3026 -99.5722
3027 -99.3991
3028 -99.2314
3029 -98.9904
3030 -98.93
3031 -99.081
3032 -99.3417
3033 -99.6405
3034 -99.7851
3035 -99.8235
3036 -99.6812
3037 -99.3959
3038 -99.1816
3039 -99.05
3040 -99.0719
3041 -99.2403
3042 -99.5793
3043 -99.9012
3044 -100.138
3045 -100.264
3046 -100.339
3047 -100.225
3048 -99.9511
3049 -99.5733
3050 -99.1065
3051 -98.7292
3052 -98.59
3053 -98.5829
3054 -98.6949
3055 -99.0082
3056 -99.2757
3057 -99.5508
3058 -99.7312
3059 -99.8676
3060 -100.03
3061 -100.332
3062 -100.729
3063 -101.404
3064 -102.285
3065 -103.167
3066 -103.939
3067 -104.542
3068 -105.171
3069 -105.769
3070 -106.239
3071 -106.791
3072 -107.294
3073 -107.767
3074 -108.152
3075 -108.375
3076 -108.621
3077 -108.859
3078 -109.153
3079 -109.577
3080 -110.092
3081 -110.874
3082 -111.727
3083 -112.553
3084 -113.25
3085 -113.743
3086 -114.02
3087 -114.11
3088 -113.96
3089 -113.644
3090 -113.335
3091 -113.153
3092 -113.117
3093 -113.272
3094 -113.527
3095 -113.798
3096 -113.859
3097 -113.711
3098 -113.35
3099 -112.9
3100 -112.501
3101 -112.297
3102 -112.22
3103 -112.256
3104 -112.178
3105 -112.028
3106 -111.729
3107 -111.342
3108 -110.862
3109 -110.45
3110 -110.112
3111 -109.843
3112 -109.604
3113 -109.367
3114 -109.108
3115 -108.773
3116 -108.366
3117 -107.868
3118 -107.42
3119 -107.011
3120 -106.62
3121 -106.256
3122 -105.883
3123 -105.533
3124 -105.238
3125 -104.997
3126 -104.771
3127 -104.522
3128 -104.253
3129 -103.987
3130 -103.765
3131 -103.594
3132 -103.445
3133 -103.302
3134 -103.19
3135 -103.071
3136 -102.984
3137 -102.831
3138 -102.69
3139 -102.56
3140 -102.457
3141 -102.418
3142 -102.402
3143 -102.371
3144 -102.298
3145 -102.176
3146 -102.028
3147 -101.879
3148 -101.746
3149 -101.655
3150 -101.617
3151 -101.63
3152 -101.647
3153 -101.627
3154 -101.561
3155 -101.449
3156 -101.33
3157 -101.237
3158 -101.164
3159 -101.15
3160 -101.189
3161 -101.231
3162 -101.278
3163 -101.315
3164 -101.322
3165 -101.31
3166 -101.243
3167 -101.161
3168 -101.079
3169 -101.002
3170 -100.945
3171 -100.872
3172 -100.829
3173 -100.829
3174 -100.824
3175 -100.849
3176 -100.867
3177 -100.861
3178 -100.827
3179 -100.81
3180 -100.79
3181 -100.789
3182 -100.799
3183 -100.794
3184 -100.819
3185 -100.839
3186 -100.83
3187 -100.823
3188 -100.792
3189 -100.746
3190 -100.733
3191 -100.767
3192 -100.803
3193 -100.845
3194 -100.871
3195 -100.874
3196 -100.86
3197 -100.86
3198 -100.849
3199 -100.813
3200 -100.81
3201 -100.808
3202 -100.81
3203 -100.827
3204 -100.82
3205 -100.82
3206 -100.8
3207 -100.78
3208 -100.771
3209 -100.746
3210 -100.721
3211 -100.698
3212 -100.69
3213 -100.697
3214 -100.7
3215 -100.722
3216 -100.73
3217 -100.737
3218 -100.749
3219 -100.76
3220 -100.76
3221 -100.76
3222 -100.751
3223 -100.761
3224 -100.77
3225 -100.764
3226 -100.743
3227 -100.718
3228 -100.7
3229 -100.7
3230 -100.708
3231 -100.751
3232 -100.766
3233 -100.78
3234 -100.756
3235 -100.75
3236 -100.747
3237 -100.74
3238 -100.748
3239 -100.75
3240 -100.763
3241 -100.77
3242 -100.755
3243 -100.76
3244 -100.758
3245 -100.74
3246 -100.752
3247 -100.77
3248 -100.804
3249 -100.838
3250 -100.853
3251 -100.859
3252 -100.846
3253 -100.826
3254 -100.8
3255 -100.799
3256 -100.792
3257 -100.812
3258 -100.837
3259 -100.822
3260 -100.819
3261 -100.802
3262 -100.784
3263 -100.78
3264 -100.771
3265 -100.78
3266 -100.768
3267 -100.768
3268 -100.789
3269 -100.787
3270 -100.812
3271 -100.828
3272 -100.831
3273 -100.84
3274 -100.835
3275 -100.846
3276 -100.84
3277 -100.85
3278 -100.84
3279 -100.83
3280 -100.85
3281 -100.847
3282 -100.84
3283 -100.84
3284 -100.83
3285 -100.832
3286 -100.84
3287 -100.854
3288 -100.841
3289 -100.848
3290 -100.844
3291 -100.85
3292 -100.85
3293 -100.878
3294 -100.866
3295 -100.867
3296 -100.87
3297 -100.872
3298 -100.888
3299 -100.9
3300 -100.9
3301 -100.91
3302 -100.91
3303 -100.922
3304 -100.93
3305 -100.939
3306 -100.927
3307 -100.926
3308 -100.922
3309 -100.909
3310 -100.9
3311 -100.889
3312 -100.888
3313 -100.911
3314 -100.933
3315 -100.94
3316 -100.924
3317 -100.9
3318 -100.893
3319 -100.895
3320 -100.898
3321 -100.91
3322 -100.912
3323 -100.92
3324 -100.935
3325 -100.95
3326 -100.96
3327 -100.955
3328 -100.95
3329 -100.95
3330 -100.952
3331 -100.969
3332 -100.987
3333 -100.953
3334 -100.948
3335 -100.94
3336 -100.947
3337 -100.941
3338 -100.941
3339 -100.95
3340 -100.95
3341 -100.967
3342 -100.961
3343 -100.966
3344 -100.954
3345 -100.958
3346 -100.96
3347 -100.967
3348 -100.986
3349 -100.998
3350 -100.981
3351 -100.99
3352 -100.99
3353 -100.998
3354 -101
3355 -101.01
3356 -101.01
3357 -101.018
3358 -101.02
3359 -101.013
3360 -101.015
3361 -101.01
3362 -101
3363 -100.995
3364 -101.01
3365 -101.01
3366 -101
3367 -100.998
3368 -100.994
3369 -101.014
3370 -101.029
3371 -101.026
3372 -101.006
3373 -101
3374 -100.991
3375 -101.01
3376 -101.018
3377 -101.024
3378 -101.02
3379 -101.033
3380 -101.05
3381 -101.056
3382 -101.069
3383 -101.081
3384 -101.087
3385 -101.074
3386 -101.078
3387 -101.079
3388 -101.067
3389 -101.049
3390 -101.04
3391 -101.041
3392 -101.053
3393 -101.055
3394 -101.05
3395 -101.04
3396 -101.045
3397 -101.065
3398 -101.078
3399 -101.06
