0 -103.823
1 -102.513
2 -103.153
3 -101.46
4 -101.628
5 -103.098
6 -102.872
7 -102.724
8 -102.548
9 -101.254
10 -103.977
11 -103.434
12 -103.359
13 -102.663
14 -102.805
15 -102.981
16 -102.997
17 -102.152
18 -102.07
19 -102.327
20 -102.665
21 -102.722
22 -102.394
23 -102.143
24 -101.545
25 -102.711
26 -102.653
27 -102.666
28 -104.139
29 -103.595
30 -103.259
31 -105.281
32 -104.778
33 -104.758
34 -105.092
35 -105.883
36 -107.127
37 -107.35
38 -108.098
39 -108.687
40 -109.267
41 -109.41
42 -109.858
43 -111.054
44 -109.605
45 -111.154
46 -111.919
47 -112.245
48 -113.409
49 -114.026
50 -114.875
51 -116.075
52 -115.776
53 -116.01
54 -117.986
55 -117.907
56 -118.619
57 -119.363
58 -118.322
59 -118.672
60 -118.52
61 -122.125
62 -121.674
63 -121.563
64 -121.622
65 -121.122
66 -121.809
67 -121.432
68 -123.2
69 -122.104
70 -120.189
71 -121.852
72 -120.691
73 -121.221
74 -121.585
75 -119.856
76 -120.905
77 -118.932
78 -120.863
79 -119.866
80 -119.849
81 -117.145
82 -116.387
83 -117.48
84 -116.692
85 -115.146
86 -115.063
87 -114.834
88 -114.689
89 -114.63
90 -115.583
91 -114.044
92 -112.311
93 -114.331
94 -111.843
95 -111.902
96 -110.418
97 -111.749
98 -110.268
99 -111.115
100 -111.226
101 -112.394
102 -109.722
103 -109.226
104 -109.938
105 -110.513
106 -109.679
107 -110.064
108 -110.628
109 -108.511
110 -110.433
111 -111.259
112 -111.079
113 -111.025
114 -111.055
115 -111.589
116 -110.498
117 -112.057
118 -110.522
119 -112.167
120 -111.365
121 -110.362
122 -112.938
123 -112.327
124 -111.629
125 -112.845
126 -111.717
127 -112.203
128 -111.375
129 -113.01
130 -110.576
131 -110.487
132 -109.124
133 -110.964
134 -110.382
135 -110.577
136 -111.863
137 -110.65
138 -111.165
139 -110.12
140 -108.974
141 -109.961
142 -109.291
143 -109.965
144 -109.154
145 -109.53
146 -107.985
147 -108.379
148 -109.815
149 -110.215
150 -108.912
151 -109.358
152 -109.24
153 -109.599
154 -108.648
155 -109.249
156 -109.507
157 -110.646
158 -111.255
159 -110.12
160 -109.957
161 -110.887
162 -111.13
163 -110.655
164 -111.262
165 -111.907
166 -110.054
167 -111.469
168 -111.863
169 -111.028
170 -111.782
171 -112.269
172 -109.747
173 -114.065
174 -110.185
175 -109.606
176 -109.067
177 -110.479
178 -111.12
179 -108.037
180 -111.778
181 -111.473
182 -111.122
183 -110.191
184 -110.315
185 -108.94
186 -107.857
187 -107.399
188 -109.753
189 -109.393
190 -107.882
191 -110.212
192 -109.601
193 -110.616
194 -109.85
195 -109.344
196 -109.17
197 -109.023
198 -108.99
199 -109.258
200 -108.899
201 -108.494
202 -109.956
203 -110.052
204 -111.401
205 -110.999
206 -111.3
207 -110.225
208 -110.047
209 -111.236
210 -111.086
211 -111.535
212 -111.952
213 -110.389
214 -110.214
215 -110.342
216 -111.313
217 -111.784
218 -109.407
219 -111.521
220 -112.111
221 -109.862
222 -110.806
223 -110.374
224 -109.227
225 -110.202
226 -111.469
227 -110.96
228 -108.802
229 -110.118
230 -109.523
231 -107.944
232 -108.921
233 -108.736
234 -109.342
235 -109.445
236 -108.471
237 -107.45
238 -108.407
239 -109.466
240 -109.632
241 -109.323
242 -107.891
243 -108.138
244 -108.494
245 -109.978
246 -110.388
247 -110.477
248 -109.84
249 -110.187
250 -110.023
251 -110.765
252 -110.568
253 -109.205
254 -110.767
255 -109.837
256 -110.832
257 -111.151
258 -112.674
259 -111.094
260 -111.626
261 -112.733
262 -111.89
263 -110.558
264 -110.25
265 -110.544
266 -109.805
267 -109.123
268 -112.107
269 -110.459
270 -111.425
271 -110.433
272 -109.484
273 -110.184
274 -109.075
275 -109.024
276 -107.049
277 -108.604
278 -109.527
279 -109.866
280 -108.822
281 -110.147
282 -110.138
283 -108.888
284 -109.55
285 -108.704
286 -107.825
287 -109.956
288 -108.443
289 -108.988
290 -106.054
291 -111.236
292 -110.05
293 -111.402
294 -112.519
295 -110.303
296 -111.105
297 -109.921
298 -111.708
299 -111.696
300 -110.645
301 -111.137
302 -111.95
303 -111.064
304 -112.067
305 -112.486
306 -110.627
307 -111.457
308 -110.754
309 -110.786
310 -110.048
311 -111.008
312 -110.763
313 -111.823
314 -109.558
315 -111.408
316 -111.049
317 -110.902
318 -110.511
319 -111.013
320 -109.108
321 -107
322 -110.027
323 -108.604
324 -110.013
325 -109.58
326 -111.02
327 -108.777
328 -109.409
329 -108.68
330 -109.401
331 -109.179
332 -108.277
333 -110.977
334 -110.064
335 -109.447
336 -111.227
337 -108.942
338 -111.138
339 -111.776
340 -109.871
341 -110.998
342 -110.845
343 -110.599
344 -111.23
345 -110.248
346 -111.593
347 -111.993
348 -112.335
349 -113.188
350 -112.791
351 -111.383
352 -111.956
353 -111.423
354 -110.262
355 -111.011
356 -111.097
357 -111.265
358 -111.512
359 -110.909
360 -109.375
361 -110.305
362 -110.351
363 -109.367
364 -110.684
365 -110.057
366 -110.637
367 -109.557
368 -108.663
369 -109.334
370 -111.964
371 -110.744
372 -109.041
373 -109.524
374 -110.634
375 -109.189
376 -108.727
377 -108.236
378 -109.534
379 -110.287
380 -110.095
381 -111.017
382 -110.601
383 -112.069
384 -111.552
385 -112.113
386 -110.054
387 -111.167
388 -111.246
389 -111.102
390 -111.063
391 -112.318
392 -111.59
393 -113.404
394 -112.628
395 -111.908
396 -112.113
397 -112.811
398 -112.232
399 -111.341
400 -111.16
401 -110.172
402 -111.019
403 -110.727
404 -111.303
405 -112.943
406 -111.528
407 -110.704
408 -111.104
409 -110.784
410 -111.01
411 -109.208
412 -110.458
413 -107.949
414 -110.389
415 -109.191
416 -110.293
417 -110.834
418 -111.026
419 -110.817
420 -109.755
421 -109.354
422 -107.74
423 -108.551
424 -109.96
425 -110.51
426 -109.877
427 -111.38
428 -110.85
429 -109.823
430 -112.735
431 -111.382
432 -112.08
433 -112.466
434 -110.997
435 -112.651
436 -111.043
437 -112.187
438 -112.426
439 -111.606
440 -111.6
441 -111.908
442 -112.422
443 -113.563
444 -111.356
445 -109.452
446 -108.434
447 -111.285
448 -110.563
449 -110.023
450 -110.364
451 -112.646
452 -110.5
453 -109.023
454 -111.152
455 -110.63
456 -110.491
457 -109.437
458 -109.287
459 -108.852
460 -110.438
461 -110.429
462 -110.665
463 -111.239
464 -108.059
465 -107.793
466 -108.461
467 -109.247
468 -109.009
469 -109.787
470 -109.932
471 -111.293
472 -110.535
473 -110.818
474 -111.282
475 -110.71
476 -112.259
477 -110.776
478 -112.099
479 -109.681
480 -111.802
481 -111.71
482 -111.324
483 -111.072
484 -110.717
485 -109.635
486 -109.722
487 -109.759
488 -109.544
489 -109.303
490 -107.866
491 -107.025
492 -106.793
493 -106.315
494 -105.744
495 -105.625
496 -105.391
497 -104.031
498 -102.397
499 -101.992
500 -100.561
501 -100.832
502 -99.4467
503 -99.6559
504 -98.7193
505 -97.6987
506 -97.0288
507 -97.9445
508 -96.9569
509 -97.2913
510 -96.8507
511 -96.3314
512 -98.2301
513 -95.5715
514 -96.8689
515 -94.9716
516 -94.2216
517 -95.3538
518 -95.7642
519 -96.5192
520 -96.0061
521 -96.7728
522 -97.6164
523 -96.052
524 -96.54
525 -96.0907
526 -97.8455
527 -98.9518
528 -98.4183
529 -98.5878
530 -98.6612
531 -100.959
532 -101.751
533 -100.597
534 -101.092
535 -102.509
536 -104.244
537 -102.747
538 -103.457
539 -104.267
540 -102.061
541 -103.208
542 -104.614
543 -102.3
544 -103.566
545 -106.178
546 -105.345
547 -103.632
548 -105.198
549 -104.826
550 -105.568
551 -105.74
552 -106.252
553 -106.431
554 -105.769
555 -103.962
556 -106.758
557 -106.206
558 -106.399
559 -106.571
560 -105.196
561 -106.11
562 -106.13
563 -105.451
564 -107.117
565 -106.746
566 -105.516
567 -107.202
568 -107.176
569 -105.776
570 -107.22
571 -107.094
572 -106.509
573 -106.515
574 -106.566
575 -106.718
576 -107.477
577 -106.466
578 -107.405
579 -106.056
580 -106.886
581 -107.576
582 -107.293
583 -108.006
584 -106.803
585 -106.568
586 -107.532
587 -106.423
588 -107.188
589 -107.005
590 -107.614
591 -106.805
592 -106.768
593 -107.988
594 -105.909
595 -107.448
596 -107.129
597 -105.408
598 -105.37
599 -106.297
600 -106.92
601 -107.089
602 -107.328
603 -106.403
604 -107.756
605 -106.601
606 -106.624
607 -107.309
608 -105.738
609 -106.354
610 -105.141
611 -106.985
612 -103.628
613 -102.143
614 -102.442
615 -102.22
616 -101.343
617 -100.088
618 -99.6153
619 -99.0085
620 -99.2705
621 -97.3721
622 -98.5896
623 -98.3191
624 -96.7272
625 -94.9346
626 -94.3065
627 -95.5703
628 -94.0795
629 -93.1904
630 -90.9874
631 -90.53
632 -91.2163
633 -90.3022
634 -89.3426
635 -88.977
636 -89.7934
637 -88.3856
638 -89.8049
639 -87.1448
640 -86.8975
641 -85.6597
642 -87.0989
643 -86.8669
644 -87.8608
645 -86.6047
646 -86.2486
647 -87.9175
648 -88.8189
649 -87.7737
650 -89.4499
651 -89.0891
652 -88.6036
653 -89.828
654 -90.2708
655 -91.6807
656 -92.9021
657 -91.3199
658 -92.9122
659 -93.4941
660 -94.993
661 -94.4165
662 -96.0229
663 -96.9711
664 -97.9799
665 -96.1839
666 -97.6774
667 -98.1423
668 -96.1176
669 -97.2781
670 -97.3766
671 -97.7797
672 -98.9013
673 -97.7882
674 -98.4742
675 -98.1189
676 -98.8472
677 -98.667
678 -99.5741
679 -99.0316
680 -98.1914
681 -98.8756
682 -99.0237
683 -100.068
684 -99.7844
685 -101.341
686 -100.705
687 -98.5993
688 -100.221
689 -99.0631
690 -98.6029
691 -99.6969
692 -99.0551
693 -99.4123
694 -97.7224
695 -97.7801
696 -98.2069
697 -96.536
698 -96.4115
699 -98.5055
700 -97.7272
701 -99.4213
702 -97.5751
703 -98.0391
704 -96.9657
705 -100.681
706 -99.3229
707 -99.6802
708 -100.125
709 -101.811
710 -101.804
711 -100.522
712 -100.616
713 -99.9635
714 -102.253
715 -99.6372
716 -100.262
717 -99.4767
718 -100.31
719 -102.456
720 -100.392
721 -99.7929
722 -100.84
723 -100.402
724 -99.5966
725 -100.309
726 -99.4277
727 -99.7693
728 -101.788
729 -101.429
730 -100.404
731 -102.745
732 -101.538
733 -99.9545
734 -101.247
735 -99.9089
736 -99.0931
737 -98.3987
738 -97.7348
739 -97.9124
740 -97.8669
741 -97.3827
742 -98.3364
743 -97.5982
744 -97.9348
745 -97.8801
746 -97.4083
747 -98.8647
748 -98.4502
749 -99.202
750 -98.7474
751 -98.6067
752 -99.9677
753 -101.52
754 -101.299
755 -100.446
756 -100.782
757 -100.996
758 -100.348
759 -100.569
760 -99.6346
761 -98.8355
762 -99.7753
763 -101.403
764 -101.888
765 -99.2076
766 -100.488
767 -99.5871
768 -102.189
769 -100.475
770 -101.168
771 -98.4285
772 -100.131
773 -99.771
774 -101.149
775 -102.917
776 -101.464
777 -102.397
778 -99.7015
779 -99.6828
780 -99.1327
781 -98.9947
782 -99.2354
783 -99.2853
784 -99.2162
785 -97.0743
786 -98.7979
787 -97.231
788 -95.9951
789 -97.871
790 -96.2509
791 -98.4707
792 -98.9578
793 -99.0724
794 -99.3352
795 -100.532
796 -98.8491
797 -99.9354
798 -100.697
799 -100.652
800 -102.015
801 -100.302
802 -99.4385
803 -99.3617
804 -99.4804
805 -98.8914
806 -101.118
807 -101.081
808 -101.507
809 -101.043
810 -98.1935
811 -100.376
812 -100.053
813 -100.474
814 -99.5046
815 -100.327
816 -100.025
817 -99.4584
818 -101.119
819 -102.45
820 -101.365
821 -102.359
822 -101.44
823 -100.911
824 -100.509
825 -99.7261
826 -98.1831
827 -99.8381
828 -98.5928
829 -98.8231
830 -98.3161
831 -99.6189
832 -98.5059
833 -97.8842
834 -98.6756
835 -99.2569
836 -99.4731
837 -99.2211
838 -99.2373
839 -100.925
840 -99.8606
841 -100.279
842 -100.144
843 -99.52
844 -101.609
845 -100.067
846 -101.563
847 -100.638
848 -100.474
849 -100.927
850 -99.0231
851 -100.227
852 -100.21
853 -101.756
854 -101.015
855 -100.212
856 -99.255
857 -99.3755
858 -101.237
859 -98.6525
860 -98.6873
861 -99.1054
862 -101.455
863 -99.1675
864 -102.606
865 -101.405
866 -101.584
867 -99.391
868 -101.092
869 -98.9385
870 -99.3242
871 -99.1049
872 -99.5699
873 -97.2153
874 -99.3367
875 -98.0012
876 -98.3289
877 -96.8282
878 -97.5279
879 -96.8437
880 -97.2345
881 -97.4588
882 -98.5615
883 -99.3642
884 -100.952
885 -99.5203
886 -100.028
887 -99.8499
888 -101.225
889 -99.8659
890 -100.969
891 -99.9561
892 -99.4313
893 -99.8557
894 -99.2649
895 -99.1929
896 -99.1263
897 -99.5612
898 -99.8664
899 -99.7055
900 -100.389
901 -98.1375
902 -100.152
903 -100.643
904 -100.04
905 -99.3859
906 -99.8442
907 -101.327
908 -100.404
909 -100.197
910 -99.653
911 -99.5063
912 -100.895
913 -101.839
914 -99.8253
915 -100.846
916 -99.237
917 -98.9526
918 -98.8324
919 -98.6334
920 -98.3168
921 -97.3735
922 -96.134
923 -96.4027
924 -97.4477
925 -94.56
926 -99.2003
927 -99.374
928 -100.04
929 -100.413
930 -99.9304
931 -99.259
932 -100.597
933 -100.653
934 -100.329
935 -100.114
936 -99.6136
937 -98.9488
938 -99.8633
939 -100.257
940 -100.866
941 -99.6352
942 -101.176
943 -99.3222
944 -100.133
945 -100.563
946 -99.0007
947 -99.1366
948 -99.2383
949 -99.4375
950 -98.935
951 -99.7819
952 -101.479
953 -100.255
954 -99.9857
955 -101.051
956 -101.057
957 -100.978
958 -101.577
959 -98.6337
960 -98.2121
961 -99.0383
962 -97.954
963 -98.6896
964 -97.5214
965 -97.473
966 -98.2082
967 -96.5317
968 -95.8729
969 -98.2211
970 -95.3356
971 -98.2357
972 -98.3209
973 -97.8568
974 -99.645
975 -99.3231
976 -99.3494
977 -99.3111
978 -100.01
979 -100.409
980 -99.8691
981 -99.9465
982 -100.325
983 -99.7011
984 -100.828
985 -101.309
986 -100.798
987 -100.831
988 -100.08
989 -99.7492
990 -99.8785
991 -102.452
992 -100.953
993 -101.469
994 -98.6003
995 -100.1
996 -99.3274
997 -99.8449
998 -100.145
999 -101.835
1000 -100.277
1001 -101.251
1002 -99.8737
1003 -100.215
1004 -98.5575
1005 -97.9934
1006 -97.576
1007 -97.8802
1008 -98.4379
1009 -98.5695
1010 -97.1497
1011 -97.8867
1012 -97.6975
1013 -96.0318
1014 -96.4158
1015 -98.3846
1016 -97.8686
1017 -99.2127
1018 -98.9087
1019 -98.8741
1020 -100.22
1021 -99.3027
1022 -97.7761
1023 -99.549
1024 -99.2909
1025 -99.4288
1026 -99.4968
1027 -99.8426
1028 -99.3653
1029 -99.9238
1030 -99.1889
1031 -99.4259
1032 -99.7496
1033 -100.292
1034 -99.0686
1035 -99.8397
1036 -100.727
1037 -99.409
1038 -99.8569
1039 -98.6342
1040 -100.004
1041 -99.4794
1042 -100.688
1043 -101.872
1044 -101.52
1045 -102.706
1046 -100.326
1047 -100.824
1048 -100.813
1049 -98.0689
1050 -99.7008
1051 -98.0294
1052 -98.4081
1053 -98.2759
1054 -97.7061
1055 -98.8196
1056 -98.2234
1057 -98.1489
1058 -98.4961
1059 -97.5971
1060 -99.3138
1061 -100.897
1062 -101.636
1063 -101.182
1064 -102.068
1065 -104.633
1066 -104.016
1067 -102.876
1068 -106.981
1069 -105.995
1070 -107.486
1071 -105.784
1072 -107.714
1073 -106.819
1074 -107.727
1075 -107.676
1076 -106.941
1077 -109.569
1078 -110.215
1079 -111.539
1080 -112.17
1081 -113.369
1082 -113.477
1083 -112.963
1084 -112.93
1085 -112.533
1086 -111.238
1087 -113.013
1088 -113.6
1089 -113.745
1090 -114.815
1091 -113.038
1092 -111.697
1093 -113.122
1094 -113.466
1095 -111.53
1096 -109.976
1097 -110.944
1098 -112.92
1099 -111.567
1100 -111.346
1101 -110.346
1102 -109.909
1103 -111.222
1104 -109.465
1105 -109.243
1106 -109.287
1107 -108.279
1108 -109.094
1109 -107.272
1110 -105.71
1111 -107.407
1112 -106.512
1113 -105.342
1114 -105.201
1115 -105.475
1116 -105.543
1117 -104.479
1118 -105.587
1119 -104.053
1120 -103.647
1121 -104.64
1122 -103.501
1123 -105.015
1124 -105.056
1125 -105.41
1126 -102.952
1127 -103.817
1128 -102.916
1129 -102.99
1130 -102.155
1131 -102.053
1132 -102.777
1133 -103.64
1134 -103.872
1135 -103.141
1136 -102.588
1137 -101.636
1138 -103.252
1139 -101.529
1140 -101.774
1141 -102.844
1142 -103.413
1143 -100.8
1144 -102.854
1145 -101.385
1146 -101.158
1147 -101.571
1148 -101.78
1149 -101.634
1150 -101.561
1151 -102.14
1152 -102.061
1153 -102.516
1154 -102.07
1155 -101.791
1156 -101.448
1157 -101.397
1158 -101.843
1159 -102.45
1160 -102.936
1161 -102.014
1162 -101.79
1163 -101.277
1164 -101.157
1165 -102.519
1166 -101.989
1167 -101.577
1168 -103.007
1169 -101.153
1170 -101.718
1171 -100.304
1172 -101.546
1173 -102.096
1174 -102.439
1175 -100.938
1176 -101.237
1177 -101.006
1178 -100.168
1179 -101.196
1180 -101.921
1181 -102.673
1182 -103.004
1183 -102.749
1184 -103.778
1185 -104.804
1186 -105.809
1187 -106.855
1188 -107.764
1189 -107.704
1190 -106.656
1191 -106.992
1192 -108.083
1193 -108.225
1194 -107.567
1195 -108.839
1196 -110.198
1197 -111.128
1198 -112.048
1199 -112.772
1200 -114.597
1201 -112.669
1202 -113.837
1203 -114.968
1204 -115.299
1205 -115.142
1206 -117.301
1207 -116.925
1208 -119.106
1209 -118.24
1210 -119.699
1211 -120.048
1212 -120.454
1213 -120.247
1214 -121.672
1215 -121.908
1216 -119.303
1217 -122.081
1218 -121.742
1219 -120.609
1220 -121.371
1221 -120.62
1222 -119.069
1223 -119.656
1224 -120.859
1225 -118.512
1226 -119.143
1227 -117.986
1228 -119.476
1229 -118.342
1230 -117.699
1231 -116.404
1232 -116.021
1233 -114.661
1234 -113.826
1235 -115.483
1236 -116.758
1237 -113.971
1238 -114.407
1239 -112.644
1240 -111.641
1241 -111.8
1242 -112.554
1243 -110.827
1244 -111.613
1245 -110.509
1246 -110.412
1247 -109.287
1248 -109.521
1249 -111.858
1250 -110.206
1251 -111.026
1252 -111.042
1253 -109.192
1254 -108.871
1255 -108.815
1256 -108.496
1257 -108.404
1258 -107.937
1259 -106.804
1260 -108.603
1261 -107.874
1262 -109.788
1263 -110.397
1264 -110.39
1265 -112.353
1266 -111.905
1267 -108.916
1268 -110.892
1269 -110.406
1270 -109.884
1271 -109.971
1272 -109.751
1273 -110.675
1274 -110.05
1275 -110.526
1276 -110.137
1277 -110.148
1278 -109.877
1279 -108.635
1280 -108.92
1281 -109.287
1282 -110.131
1283 -107.783
1284 -108.666
1285 -109.172
1286 -109.338
1287 -109.56
1288 -109.126
1289 -107.995
1290 -109.333
1291 -108.239
1292 -108.291
1293 -109.325
1294 -106.007
1295 -107.166
1296 -109.512
1297 -107.979
1298 -107.135
1299 -107.749
1300 -109.058
1301 -107.134
1302 -107.74
1303 -107.311
1304 -107.777
1305 -106.659
1306 -107.043
1307 -108.171
1308 -109.176
1309 -110.289
1310 -109.716
1311 -110.637
1312 -109.584
1313 -108.799
1314 -109.977
1315 -109.548
1316 -109.104
1317 -109.351
1318 -109.072
1319 -110.02
1320 -109.283
1321 -110.047
1322 -110.482
1323 -109.995
1324 -108.5
1325 -110.971
1326 -109.605
1327 -108.666
1328 -107.75
1329 -109.654
1330 -109.348
1331 -109.716
1332 -109.2
1333 -108.009
1334 -108.078
1335 -107.468
1336 -109.08
1337 -107.728
1338 -108.804
1339 -107.658
1340 -107.903
1341 -107.907
1342 -107.775
1343 -108.169
1344 -108.316
1345 -108.651
1346 -107.323
1347 -107.672
1348 -105.699
1349 -107.635
1350 -106.623
1351 -108.999
1352 -109.705
1353 -107.644
1354 -110.297
1355 -109.796
1356 -110.39
1357 -108.816
1358 -108.418
1359 -109.653
1360 -109.449
1361 -109.515
1362 -108.721
1363 -108.885
1364 -110.608
1365 -108.563
1366 -109.823
1367 -111.498
1368 -109.223
1369 -109.846
1370 -109.379
1371 -108.482
1372 -109.72
1373 -109.284
1374 -110.371
1375 -110.375
1376 -109.852
1377 -110.67
1378 -109.038
1379 -110.053
1380 -108.304
1381 -105.739
1382 -109.114
1383 -107.207
1384 -107.014
1385 -107.564
1386 -109.105
1387 -107.827
1388 -107.464
1389 -108.351
1390 -105.727
1391 -107.648
1392 -107.514
1393 -107.237
1394 -107.401
1395 -106.494
1396 -109.617
1397 -109.065
1398 -109.632
1399 -108.844
1400 -109.56
1401 -108.745
1402 -110.318
1403 -110.045
1404 -110.095
1405 -107.869
1406 -109.243
1407 -111.187
1408 -110.093
1409 -110.951
1410 -110.572
1411 -109.774
1412 -110.326
1413 -110.552
1414 -110.552
1415 -110.1
1416 -108.466
1417 -108.71
1418 -108.64
1419 -110.28
1420 -109.939
1421 -110.129
1422 -109.237
1423 -106.799
1424 -110.6
1425 -108.947
1426 -107.087
1427 -108.216
1428 -108.687
1429 -107.277
1430 -107.141
1431 -108.657
1432 -106.73
1433 -107.054
1434 -107.563
1435 -107.316
1436 -107.145
1437 -107.279
1438 -107.219
1439 -106.488
1440 -107.334
1441 -108.732
1442 -109.293
1443 -110.026
1444 -108.516
1445 -108.626
1446 -110.114
1447 -109.824
1448 -108.357
1449 -109.538
1450 -109.209
1451 -110.693
1452 -110.155
1453 -110.113
1454 -109.556
1455 -110.088
1456 -109.979
1457 -110.794
1458 -109.27
1459 -110.194
1460 -109.815
1461 -109.925
1462 -109.357
1463 -109.21
1464 -109.098
1465 -110.062
1466 -109.734
1467 -109.865
1468 -108.935
1469 -109.975
1470 -108.34
1471 -108.988
1472 -107.258
1473 -108.213
1474 -108.511
1475 -108.108
1476 -110.176
1477 -108.425
1478 -107.131
1479 -108.479
1480 -107.774
1481 -107.798
1482 -106.908
1483 -106.59
1484 -107.53
1485 -109.476
1486 -110.3
1487 -109.661
1488 -110.764
1489 -108.335
1490 -108.28
1491 -110.367
1492 -110.302
1493 -108.531
1494 -110.93
1495 -110.728
1496 -110.045
1497 -110.983
1498 -111.515
1499 -110.515
1500 -110.482
1501 -110.75
1502 -110.714
1503 -109.06
1504 -108.361
1505 -109.986
1506 -109.094
1507 -109.694
1508 -108.71
1509 -108.819
1510 -109.57
1511 -108.853
1512 -110.118
1513 -109.514
1514 -109.529
1515 -107.881
1516 -108.515
1517 -107.665
1518 -108.563
1519 -107.683
1520 -107.926
1521 -110.837
1522 -109.006
1523 -108.491
1524 -110.274
1525 -108.074
1526 -106.468
1527 -107.831
1528 -108.383
1529 -106.387
1530 -109.039
1531 -109.295
1532 -107.628
1533 -109.523
1534 -109.159
1535 -109.54
1536 -110.888
1537 -111.198
1538 -108.105
1539 -110.126
1540 -111
1541 -110.16
1542 -109.956
1543 -110.742
1544 -110.705
1545 -112.618
1546 -110.699
1547 -111.016
1548 -109.834
1549 -109.921
1550 -109.789
1551 -108.386
1552 -109.523
1553 -109.608
1554 -108.272
1555 -109.686
1556 -109.188
1557 -109.773
1558 -108.082
1559 -108.523
1560 -108.255
1561 -107.655
1562 -108.674
1563 -109.236
1564 -108.814
1565 -109.188
1566 -108.307
1567 -109.485
1568 -108.964
1569 -107.114
1570 -108.058
1571 -109.047
1572 -107.546
1573 -107.556
1574 -107.848
1575 -107.293
1576 -108.082
1577 -110.414
1578 -110.247
1579 -110.078
1580 -109.213
1581 -109.187
1582 -109.456
1583 -108.797
1584 -110.061
1585 -109.234
1586 -108.451
1587 -111.376
1588 -109.889
1589 -111.262
1590 -111.353
1591 -110.49
1592 -110.645
1593 -110.226
1594 -109.512
1595 -109.49
1596 -108.728
1597 -109.36
1598 -109.511
1599 -109.33
1600 -108.159
1601 -109.292
1602 -108.987
1603 -109.24
1604 -107.376
1605 -109.268
1606 -108.492
1607 -107.533
1608 -110.483
1609 -107.86
1610 -106.333
1611 -108.89
1612 -107.62
1613 -109.61
1614 -107.885
1615 -108.856
1616 -109.591
1617 -107.736
1618 -107.699
1619 -107.904
1620 -108.321
1621 -109.333
1622 -110.266
1623 -110.435
1624 -109.758
1625 -109.228
1626 -109.759
1627 -110.29
1628 -109.804
1629 -109.438
1630 -108.214
1631 -107.652
1632 -110.41
1633 -108.815
1634 -110.184
1635 -109.467
1636 -108.722
1637 -109.43
1638 -108.347
1639 -106.564
1640 -105.254
1641 -104.403
1642 -105.175
1643 -104.791
1644 -104.917
1645 -105.541
1646 -103.992
1647 -102.724
1648 -101.782
1649 -100.426
1650 -99.7384
1651 -99.5726
1652 -99.5848
1653 -98.243
1654 -97.1853
1655 -96.7136
1656 -95.537
1657 -96.6044
1658 -95.7742
1659 -96.1008
1660 -94.5481
1661 -94.4663
1662 -94.2503
1663 -95.3958
1664 -95.828
1665 -94.2205
1666 -93.7254
1667 -94.6065
1668 -93.3092
1669 -95.0494
1670 -96.35
1671 -94.3919
1672 -94.6811
1673 -95.542
1674 -94.8221
1675 -96.9823
1676 -97.1281
1677 -98.977
1678 -97.4532
1679 -97.3165
1680 -98.5761
1681 -98.8424
1682 -100.621
1683 -100.459
1684 -100.402
1685 -100.45
1686 -101.58
1687 -102.283
1688 -100.177
1689 -101.865
1690 -102.749
1691 -102.307
1692 -101.768
1693 -102.52
1694 -102.829
1695 -103.262
1696 -105.287
1697 -104.291
1698 -102.803
1699 -104.061
1700 -106.601
1701 -103.687
1702 -104.762
1703 -103.949
1704 -103.003
1705 -104.319
1706 -106.632
1707 -105.4
1708 -105.884
1709 -104.768
1710 -105.353
1711 -105.679
1712 -105.307
1713 -106.154
1714 -105.495
1715 -106.944
1716 -105.536
1717 -104.401
1718 -105.321
1719 -105.962
1720 -105.672
1721 -104.56
1722 -106.456
1723 -105.207
1724 -105.839
1725 -107.146
1726 -106.099
1727 -106.371
1728 -106.449
1729 -105.797
1730 -106.442
1731 -107.435
1732 -105.329
1733 -106.906
1734 -106.506
1735 -107.31
1736 -106.984
1737 -105.431
1738 -107.297
1739 -105.957
1740 -106.712
1741 -105.794
1742 -105.419
1743 -106.121
1744 -106.725
1745 -106.106
1746 -105.827
1747 -105.889
1748 -108.237
1749 -105.839
1750 -105.069
1751 -106.966
1752 -106.279
1753 -105.637
1754 -106.907
1755 -103.944
1756 -105.837
1757 -104.494
1758 -103.879
1759 -104.942
1760 -104.247
1761 -101.643
1762 -101.276
1763 -102.613
1764 -102.962
1765 -100.579
1766 -100.636
1767 -100.678
1768 -100.525
1769 -98.8167
1770 -98.8428
1771 -97.3406
1772 -96.9918
1773 -97.4561
1774 -94.808
1775 -96.7109
1776 -94.9963
1777 -94.1594
1778 -94.0896
1779 -93.2303
1780 -91.5911
1781 -91.2371
1782 -88.5982
1783 -90.8253
1784 -88.8695
1785 -88.8801
1786 -88.6558
1787 -85.7576
1788 -87.7273
1789 -86.2852
1790 -86.7229
1791 -86.1993
1792 -86.7092
1793 -86.9154
1794 -85.8178
1795 -86.8315
1796 -87.4639
1797 -86.8027
1798 -86.5498
1799 -87.4692
1800 -88.038
1801 -87.3222
1802 -88.2779
1803 -88.7236
1804 -88.7263
1805 -90.3396
1806 -90.0983
1807 -93.4129
1808 -90.7844
1809 -92.6696
1810 -94.2646
1811 -94.3527
1812 -93.8181
1813 -94.8341
1814 -95.5249
1815 -96.1743
1816 -97.2159
1817 -95.9392
1818 -96.3665
1819 -96.223
1820 -97.7587
1821 -96.9021
1822 -97.9474
1823 -98.9941
1824 -98.5007
1825 -98.3987
1826 -98.3889
1827 -97.4083
1828 -100.055
1829 -99.1362
1830 -96.9859
1831 -98.6974
1832 -99.0516
1833 -99.3943
1834 -99.7903
1835 -100.09
1836 -99.5818
1837 -100.575
1838 -99.9158
1839 -99.0211
1840 -97.5711
1841 -99.5498
1842 -96.939
1843 -97.8213
1844 -97.3693
1845 -94.8576
1846 -98.8801
1847 -98.2054
1848 -97.2465
1849 -97.7291
1850 -97.3761
1851 -95.8929
1852 -97.586
1853 -97.6778
1854 -99.2385
1855 -98.1691
1856 -99.4978
1857 -98.1899
1858 -100.091
1859 -100.361
1860 -100.176
1861 -102.102
1862 -100.905
1863 -97.9568
1864 -99.5737
1865 -100.09
1866 -99.037
1867 -99.5566
1868 -100.724
1869 -98.8649
1870 -100.532
1871 -99.9325
1872 -99.9688
1873 -98.979
1874 -99.7896
1875 -99.0992
1876 -100.921
1877 -99.9713
1878 -99.9023
1879 -100.745
1880 -99.6133
1881 -99.5323
1882 -100.586
1883 -100.891
1884 -99.0281
1885 -99.1953
1886 -99.7537
1887 -99.9241
1888 -98.482
1889 -96.9115
1890 -99.5257
1891 -96.5632
1892 -97.0409
1893 -96.7341
1894 -98.0239
1895 -96.7667
1896 -96.0413
1897 -98.98
1898 -98.4402
1899 -99.8598
1900 -100.18
1901 -99.6017
1902 -100.189
1903 -98.9425
1904 -99.0075
1905 -99.2799
1906 -100.488
1907 -100.096
1908 -100.381
1909 -99.8533
1910 -98.8393
1911 -99.6615
1912 -99.3645
1913 -99.7286
1914 -99.8082
1915 -101.58
1916 -100.342
1917 -101.458
1918 -100.669
1919 -99.6722
1920 -100.198
1921 -98.9072
1922 -98.495
1923 -100.346
1924 -100.758
1925 -102.097
1926 -100.986
1927 -99.3447
1928 -100.901
1929 -99.4001
1930 -100.422
1931 -102.074
1932 -98.8122
1933 -97.4188
1934 -98.3871
1935 -99.3081
1936 -98.9293
1937 -97.4849
1938 -98.4872
1939 -97.4838
1940 -96.9931
1941 -97.8844
1942 -97.1491
1943 -98.5699
1944 -98.3451
1945 -98.4552
1946 -100.035
1947 -99.0251
1948 -99.8117
1949 -99.0897
1950 -100.316
1951 -101.692
1952 -99.4806
1953 -100.563
1954 -101.245
1955 -99.3303
1956 -100.068
1957 -100.634
1958 -101.478
1959 -99.4602
1960 -101.057
1961 -101.15
1962 -98.9681
1963 -100.289
1964 -98.9969
1965 -99.2811
1966 -100.595
1967 -99.4563
1968 -99.3537
1969 -100.221
1970 -100.693
1971 -101.018
1972 -101.216
1973 -98.0351
1974 -97.7876
1975 -99.4021
1976 -97.4784
1977 -96.0361
1978 -96.7623
1979 -95.0992
1980 -94.3182
1981 -95.1887
1982 -94.6406
1983 -95.0265
1984 -95.0054
1985 -94.9528
1986 -95.5773
1987 -97.308
1988 -96.9211
1989 -97.8698
1990 -98.504
1991 -97.4471
1992 -98.311
1993 -99.9374
1994 -97.5241
1995 -98.1968
1996 -96.9219
1997 -97.8874
1998 -98.21
1999 -98.0993
2000 -97.379
2001 -96.7162
2002 -97.672
2003 -97.6922
2004 -98.7377
2005 -97.8498
2006 -98.5332
2007 -98.9513
2008 -98.7711
2009 -98.8109
2010 -98.4111
2011 -99.8884
2012 -100.743
2013 -98.7919
2014 -99.497
2015 -98.2561
2016 -96.9415
2017 -96.8278
2018 -97.5944
2019 -97.3436
2020 -96.7023
2021 -97.2963
2022 -97.3708
2023 -96.705
2024 -96.9783
2025 -96.4874
2026 -95.0804
2027 -95.9643
2028 -96.2949
2029 -97.3734
2030 -97.9475
2031 -98.8623
2032 -97.9135
2033 -99.135
2034 -100.163
2035 -97.9126
2036 -97.389
2037 -98.4606
2038 -99.7233
2039 -97.6531
2040 -97.1789
2041 -98.6698
2042 -99.4439
2043 -98.3548
2044 -99.1865
2045 -97.7386
2046 -98.0576
2047 -99.9291
2048 -97.1381
2049 -99.9822
2050 -98.5695
2051 -99.7146
2052 -98.159
2053 -99.7349
2054 -98.2494
2055 -98.0589
2056 -96.5697
2057 -97.0388
2058 -96.792
2059 -97.7823
2060 -96.1004
2061 -95.3471
2062 -95.269
2063 -96.3393
2064 -94.5803
2065 -98.949
2066 -100.612
2067 -97.4972
2068 -101.536
2069 -98.4446
2070 -100.746
2071 -100.75
2072 -100.254
2073 -99.4494
2074 -99.587
2075 -99.8525
2076 -98.4782
2077 -98.7236
2078 -99.8199
2079 -98.849
2080 -99.1476
2081 -99.8291
2082 -97.6986
2083 -98.9794
2084 -99.8821
2085 -100.52
2086 -99.0676
2087 -99.5032
2088 -100.084
2089 -100.849
2090 -99.1433
2091 -99.5677
2092 -97.32
2093 -97.0711
2094 -97.5662
2095 -97.7573
2096 -96.5593
2097 -96.6381
2098 -97.5618
2099 -95.9395
2100 -98.2491
2101 -97.6385
2102 -97.6461
2103 -97.8667
2104 -98.9479
2105 -100.201
2106 -99.6421
2107 -99.6523
2108 -100.386
2109 -100.484
2110 -100.178
2111 -98.3135
2112 -98.8861
2113 -100.405
2114 -100.074
2115 -99.2413
2116 -99.7428
2117 -100.464
2118 -98.0962
2119 -97.6724
2120 -100.651
2121 -98.2151
2122 -99.9817
2123 -98.3189
2124 -98.4641
2125 -99.0865
2126 -99.959
2127 -99.0012
2128 -97.2691
2129 -98.3943
2130 -98.4484
2131 -95.8461
2132 -97.2857
2133 -96.3627
2134 -97.092
2135 -95.985
2136 -95.962
2137 -96.4114
2138 -96.9029
2139 -98.4874
2140 -99.4521
2141 -99.6122
2142 -100.19
2143 -100.179
2144 -99.9697
2145 -100.57
2146 -100.611
2147 -99.0623
2148 -99.172
2149 -97.3405
2150 -98.8294
2151 -98.7781
2152 -99.075
2153 -99.7223
2154 -99.5729
2155 -98.7006
2156 -98.6804
2157 -97.6218
2158 -100.028
2159 -101.17
2160 -100.12
2161 -102.179
2162 -102.445
2163 -99.5499
2164 -100.904
2165 -100.747
2166 -99.9255
2167 -99.7713
2168 -99.8283
2169 -100.475
2170 -101.232
2171 -103.396
2172 -100.118
2173 -101.287
2174 -102.596
2175 -105.115
2176 -104.637
2177 -106.773
2178 -108.649
2179 -107.769
2180 -109.358
2181 -109.177
2182 -109.371
2183 -110.38
2184 -110.42
2185 -110.054
2186 -110.928
2187 -111.173
2188 -112.717
2189 -111.486
2190 -112.455
2191 -115.558
2192 -114.95
2193 -115.488
2194 -114.948
2195 -113.567
2196 -115.342
2197 -114.279
2198 -113.825
2199 -113.435
2200 -114.617
2201 -112.862
2202 -112.876
2203 -113.575
2204 -113.361
2205 -112.822
2206 -111.325
2207 -112.817
2208 -112.636
2209 -112.515
2210 -112.003
2211 -110.278
2212 -110.968
2213 -110.019
2214 -109.789
2215 -111.008
2216 -108.63
2217 -109.85
2218 -108.943
2219 -107.35
2220 -107.184
2221 -107.733
2222 -107.247
2223 -105.588
2224 -103.809
2225 -105.352
2226 -105.653
2227 -102.938
2228 -105.178
2229 -104.606
2230 -103.636
2231 -103.701
2232 -103.893
2233 -105.411
2234 -105.059
2235 -103.72
2236 -104.23
2237 -103.143
2238 -103.255
2239 -102.387
2240 -102.489
2241 -102.512
2242 -102.522
2243 -101.506
2244 -102.05
2245 -102.553
2246 -100.63
2247 -102.962
2248 -104.028
2249 -102.786
2250 -103.103
2251 -101.308
2252 -101.689
2253 -102.791
2254 -103.286
2255 -101.323
2256 -101.602
2257 -101.097
2258 -102.798
2259 -103.561
2260 -100.318
2261 -101.249
2262 -101.679
2263 -103.06
2264 -101.553
2265 -100.248
2266 -99.8227
2267 -100.68
2268 -98.7632
2269 -101.267
2270 -101.19
2271 -101.708
2272 -99.5343
2273 -100.032
2274 -100.768
2275 -101.082
2276 -101.606
2277 -100.636
2278 -101.101
2279 -101.125
2280 -101.072
2281 -101.706
2282 -102.757
2283 -100.398
2284 -100.641
2285 -101.452
2286 -100.673
2287 -101.594
2288 -101.563
2289 -100.648
2290 -102.986
2291 -103.413
2292 -102.381
2293 -102.49
2294 -102.326
2295 -103.249
2296 -104.778
2297 -106.692
2298 -106.381
2299 -105.798
2300 -106.718
2301 -107.371
2302 -107.276
2303 -107.215
2304 -108.744
2305 -109.27
2306 -110.268
2307 -110.069
2308 -110.677
2309 -110.865
2310 -110.916
2311 -114.898
2312 -114.021
2313 -114.096
2314 -114.824
2315 -116.896
2316 -115.409
2317 -116.669
2318 -119.112
2319 -119.954
2320 -119.56
2321 -121.786
2322 -121.232
2323 -121.76
2324 -121.826
2325 -121.694
2326 -122.691
2327 -122.727
2328 -121.627
2329 -122.759
2330 -125.171
2331 -122.431
2332 -123.331
2333 -122.713
2334 -123.707
2335 -122.986
2336 -121.909
2337 -122.388
2338 -121.85
2339 -121.391
2340 -119.132
2341 -120.827
2342 -121.446
2343 -119.759
2344 -119.587
2345 -119.711
2346 -118.323
2347 -118.535
2348 -117.37
2349 -118.787
2350 -116.192
2351 -116.455
2352 -116.021
2353 -113.562
2354 -115.627
2355 -113.47
2356 -112.178
2357 -114.221
2358 -112.493
2359 -111.635
2360 -112.433
2361 -111.394
2362 -111.023
2363 -109.297
2364 -110.649
2365 -110.395
2366 -110.916
2367 -111.902
2368 -112.269
2369 -112.241
2370 -111.7
2371 -113.061
2372 -111.753
2373 -110.425
2374 -112.739
2375 -111.608
2376 -110.67
2377 -112.657
2378 -112.178
2379 -111.235
2380 -110.489
2381 -111.555
2382 -110.702
2383 -108.719
2384 -110.62
2385 -109.246
2386 -109.342
2387 -110.536
2388 -109.444
2389 -107.992
2390 -108.583
2391 -107.279
2392 -108.584
2393 -109.132
2394 -109.02
2395 -108.355
2396 -108.601
2397 -107.836
2398 -107.597
2399 -108.138
2400 -108.512
2401 -109.421
2402 -109.917
2403 -111.025
2404 -109.639
2405 -109.862
2406 -111.051
2407 -109.152
2408 -109.898
2409 -110.657
2410 -110.778
2411 -110.192
2412 -111.232
2413 -109.696
2414 -110.151
2415 -109.053
2416 -110.459
2417 -109.063
2418 -109.847
2419 -110.694
2420 -110.244
2421 -109.478
2422 -108.119
2423 -108.298
2424 -108.263
2425 -107.344
2426 -108.139
2427 -108.236
2428 -107.916
2429 -108.612
2430 -108.807
2431 -107.105
2432 -107.652
2433 -107.963
2434 -108.498
2435 -109.709
2436 -110.69
2437 -109.304
2438 -109.76
2439 -110.695
2440 -111.561
2441 -108.933
2442 -110.651
2443 -109.936
2444 -110.943
2445 -111.763
2446 -109.826
2447 -108.795
2448 -108.378
2449 -110.17
2450 -108.629
2451 -108.156
2452 -110.451
2453 -109.34
2454 -109.106
2455 -108.168
2456 -107.81
2457 -106.956
2458 -107.981
2459 -109.93
2460 -108.864
2461 -108.239
2462 -108.593
2463 -108.522
2464 -107.002
2465 -107.763
2466 -107.359
2467 -108.14
2468 -108.048
2469 -110.109
2470 -110.049
2471 -109.474
2472 -109.906
2473 -111.467
2474 -109.846
2475 -110.662
2476 -111.205
2477 -109.48
2478 -111.37
2479 -110.185
2480 -109.686
2481 -109.623
2482 -109.805
2483 -109.145
2484 -108.12
2485 -109.281
2486 -109.621
2487 -109.326
2488 -108.883
2489 -108.833
2490 -108.672
2491 -107.315
2492 -107.069
2493 -107.439
2494 -108.822
2495 -108.57
2496 -107.54
2497 -109.453
2498 -106.958
2499 -107.016
2500 -107.61
2501 -108.569
2502 -109.499
2503 -111.521
2504 -110.189
2505 -110.466
2506 -110.06
2507 -111.24
2508 -111.412
2509 -108.805
2510 -109.362
2511 -111.584
2512 -111.535
2513 -109.923
2514 -110.721
2515 -110.387
2516 -109.271
2517 -108.633
2518 -109.567
2519 -108.751
2520 -110.279
2521 -109.532
2522 -108.529
2523 -110.041
2524 -109.15
2525 -107.722
2526 -107.115
2527 -105.624
2528 -107.841
2529 -108.732
2530 -107.583
2531 -107.74
2532 -107.782
2533 -106.946
2534 -107.977
2535 -108.153
2536 -109.716
2537 -111.173
2538 -111.311
2539 -111.124
2540 -110.664
2541 -110.3
2542 -109.205
2543 -111.217
2544 -112.287
2545 -110.979
2546 -111.025
2547 -110.498
2548 -109.858
2549 -109.535
2550 -109.685
2551 -108.149
2552 -109.252
2553 -109.949
2554 -110.129
2555 -110.886
2556 -110.457
2557 -107.487
2558 -105.3
2559 -108.91
2560 -108.06
2561 -107.781
2562 -106.319
2563 -108.751
2564 -107.886
2565 -106.616
2566 -108.299
2567 -108.431
2568 -108.063
2569 -108.829
2570 -110.144
2571 -110.63
2572 -110.108
2573 -109.714
2574 -109.191
2575 -111.512
2576 -109.996
2577 -109.615
2578 -110.542
2579 -111.645
2580 -111.402
2581 -110.531
2582 -109.445
2583 -108.457
2584 -108.591
2585 -109.163
2586 -108.841
2587 -108.606
2588 -109.169
2589 -108.882
2590 -107.939
2591 -107.554
2592 -106.994
2593 -106.565
2594 -107.318
2595 -108.022
2596 -109.668
2597 -107.33
2598 -108.191
2599 -108.726
2600 -108.483
2601 -109.523
2602 -107.354
2603 -109.602
2604 -110.639
2605 -110.958
2606 -110.611
2607 -108.311
2608 -108.1
2609 -110.249
2610 -109.159
2611 -111.135
2612 -110.123
2613 -112.513
2614 -111.513
2615 -110.421
2616 -108.82
2617 -109.707
2618 -108.401
2619 -109.16
2620 -107.964
2621 -110.624
2622 -110.415
2623 -109.812
2624 -108.821
2625 -107.143
2626 -108.729
2627 -108.11
2628 -107.766
2629 -107.069
2630 -107.462
2631 -107.738
2632 -105.19
2633 -105.676
2634 -104.941
2635 -105.938
2636 -106.728
2637 -106.803
2638 -107.767
2639 -106.983
2640 -106.005
2641 -104.621
2642 -105.369
2643 -104.666
2644 -103.893
2645 -104.691
2646 -105.301
2647 -103.895
2648 -103.041
2649 -102.304
2650 -101.838
2651 -99.7281
2652 -97.9098
2653 -98.0766
2654 -97.5636
2655 -97.1206
2656 -97.2497
2657 -97.3622
2658 -94.6407
2659 -96.7755
2660 -95.6513
2661 -92.2252
2662 -92.2904
2663 -95.2979
2664 -92.3798
2665 -92.0886
2666 -92.541
2667 -92.4247
2668 -93.101
2669 -91.9389
2670 -91.1757
2671 -92.0201
2672 -91.9146
2673 -92.5482
2674 -92.6579
2675 -92.4654
2676 -92.8656
2677 -91.837
2678 -93.6691
2679 -94.2278
2680 -93.3929
2681 -94.7703
2682 -94.6961
2683 -94.3855
2684 -97.0274
2685 -96.2158
2686 -96.5662
2687 -96.6696
2688 -96.9869
2689 -97.8082
2690 -100.875
2691 -100.024
2692 -99.8706
2693 -100.455
2694 -100.615
2695 -100.148
2696 -100.11
2697 -100.365
2698 -101.907
2699 -102.043
2700 -101.63
2701 -103.563
2702 -102.183
2703 -102.309
2704 -102.65
2705 -102.807
2706 -104.006
2707 -103.769
2708 -104.694
2709 -105.122
2710 -102.129
2711 -103.868
2712 -105.136
2713 -104.687
2714 -104.957
2715 -106.079
2716 -103.855
2717 -103.061
2718 -104.903
2719 -105.594
2720 -105.424
2721 -106.366
2722 -106.242
2723 -103.741
2724 -103.806
2725 -104.828
2726 -105.366
2727 -103.692
2728 -105.762
2729 -104.148
2730 -105.884
2731 -104.278
2732 -106.195
2733 -104.767
2734 -105.393
2735 -105.166
2736 -105.601
2737 -104.818
2738 -104.883
2739 -103.591
2740 -105.988
2741 -106.575
2742 -105.801
2743 -105.984
2744 -106.291
2745 -105.529
2746 -106.166
2747 -106.772
2748 -106.397
2749 -106.085
2750 -105.357
2751 -106.672
2752 -105.054
2753 -104.457
2754 -106.157
2755 -105.579
2756 -104.699
2757 -104.304
2758 -105.011
2759 -104.869
2760 -105.586
2761 -105.021
2762 -105.306
2763 -104.419
2764 -104.287
2765 -105.146
2766 -102.379
2767 -104.091
2768 -100.713
2769 -101.919
2770 -101.902
2771 -101.281
2772 -99.528
2773 -97.7811
2774 -99.0783
2775 -99.0487
2776 -99.4994
2777 -97.0099
2778 -97.2652
2779 -94.6871
2780 -96.0481
2781 -93.8384
2782 -93.5093
2783 -94.6796
2784 -91.7702
2785 -92.7116
2786 -92.4578
2787 -90.8944
2788 -90.2184
2789 -89.2768
2790 -90.7945
2791 -88.7424
2792 -88.6593
2793 -86.8215
2794 -86.8438
2795 -87.1207
2796 -84.8798
2797 -83.8514
2798 -84.4308
2799 -83.7156
2800 -82.2599
2801 -83.52
2802 -84.0835
2803 -83.6429
2804 -82.7616
2805 -82.9958
2806 -82.7938
2807 -83.5429
2808 -83.7909
2809 -83.5884
2810 -84.2379
2811 -85.4385
2812 -85.5563
2813 -86.5147
2814 -87.2308
2815 -87.9991
2816 -88.2418
2817 -89.4066
2818 -88.945
2819 -89.8923
2820 -89.8724
2821 -92.7107
2822 -92.2731
2823 -93.3912
2824 -93.5252
2825 -93.1994
2826 -93.0348
2827 -93.6594
2828 -93.5437
2829 -93.6857
2830 -93.6808
2831 -94.1747
2832 -93.6491
2833 -95.2905
2834 -94.3719
2835 -96.5271
2836 -96.886
2837 -96.6366
2838 -99.8043
2839 -98.206
2840 -97.2597
2841 -96.3629
2842 -94.8779
2843 -95.2483
2844 -95.269
2845 -94.4285
2846 -96.9238
2847 -94.6294
2848 -94.8125
2849 -95.2972
2850 -98.3987
2851 -97.183
2852 -97.3767
2853 -96.3829
2854 -98.7471
2855 -98.2181
2856 -99.206
2857 -99.2997
2858 -99.6274
2859 -99.5484
2860 -97.7406
2861 -98.387
2862 -98.3031
2863 -99.3085
2864 -97.3054
2865 -99.4803
2866 -97.6884
2867 -97.8216
2868 -97.8914
2869 -98.952
2870 -99.6892
2871 -100.949
2872 -99.3904
2873 -100.025
2874 -98.7132
2875 -97.3991
2876 -97.5609
2877 -96.6346
2878 -95.507
2879 -96.5511
2880 -95.399
2881 -95.7015
2882 -96.9728
2883 -96.7899
2884 -96.5478
2885 -98.0895
2886 -99.3265
2887 -99.2242
2888 -101.288
2889 -100.777
2890 -100.236
2891 -99.6575
2892 -98.1132
2893 -100.585
2894 -99.4599
2895 -99.3433
2896 -99.2004
2897 -100.537
2898 -98.7126
2899 -99.9555
2900 -99.3965
2901 -98.2044
2902 -99.5702
2903 -98.8721
2904 -99.5891
2905 -102.774
2906 -100.727
2907 -100.092
2908 -100.084
2909 -98.8471
2910 -99.9993
2911 -98.3263
2912 -95.7273
2913 -96.2461
2914 -96.5723
2915 -94.4003
2916 -97.1005
2917 -97.1682
2918 -96.1992
2919 -97.7548
2920 -99.2522
2921 -99.7492
2922 -99.6785
2923 -99.8348
2924 -99.9408
2925 -100.977
2926 -98.1872
2927 -99.0099
2928 -99.099
2929 -98.7931
2930 -100.234
2931 -99.7519
2932 -99.1642
2933 -99.6121
2934 -99.2469
2935 -99.5972
2936 -99.9619
2937 -98.4416
2938 -99.1052
2939 -98.5618
2940 -99.3348
2941 -100.896
2942 -100.049
2943 -97.8697
2944 -98.2612
2945 -97.3944
2946 -95.8287
2947 -96.8195
2948 -96.395
2949 -97.184
2950 -96.6814
2951 -97.9243
2952 -99.0207
2953 -98.734
2954 -99.2118
2955 -100.864
2956 -100.941
2957 -100.009
2958 -100.552
2959 -99.0423
2960 -98.6134
2961 -97.7071
2962 -98.6148
2963 -98.2819
2964 -100.134
2965 -97.8968
2966 -98.9312
2967 -100.729
2968 -99.4309
2969 -100.7
2970 -99.9037
2971 -98.2711
2972 -100.036
2973 -101.087
2974 -100.499
2975 -100.343
2976 -100.506
2977 -97.3965
2978 -95.6744
2979 -97.0886
2980 -95.4389
2981 -96.1847
2982 -95.0457
2983 -96.7518
2984 -96.3628
2985 -96.669
2986 -98.1086
2987 -98.1598
2988 -97.6666
2989 -99.6055
2990 -100.518
2991 -100.091
2992 -100.022
2993 -99.3966
2994 -98.9707
2995 -97.9431
2996 -99.7442
2997 -100.033
2998 -97.5614
2999 -99.8078
3000 -98.6547
3001 -100.581
3002 -98.1487
3003 -98.1961
3004 -98.3165
3005 -98.2998
3006 -101.032
3007 -99.633
3008 -98.7679
3009 -99.6552
3010 -97.8641
3011 -96.6646
3012 -95.5818
3013 -97.4742
3014 -98.4025
3015 -94.8992
3016 -97.8326
3017 -97.1328
3018 -96.6699
3019 -98.0464
3020 -97.8632
3021 -99.0633
3022 -99.8092
3023 -101.518
3024 -100.466
3025 -99.0135
3026 -100.304
3027 -100.711
3028 -99.463
3029 -97.709
3030 -99.7729
3031 -100.2
3032 -98.5337
3033 -98.3494
3034 -98.771
3035 -98.5104
3036 -98.9776
3037 -98.3609
3038 -98.2921
3039 -98.6416
3040 -100.299
3041 -101.028
3042 -99.5059
3043 -98.0336
3044 -99.4527
3045 -98.8986
3046 -96.6892
3047 -98.6033
3048 -96.2084
3049 -96.333
3050 -97.6924
3051 -96.7853
3052 -95.6138
3053 -97.1915
3054 -98.8306
3055 -99.0357
3056 -98.4292
3057 -99.222
3058 -99.4139
3059 -100.148
3060 -99.124
3061 -98.8877
3062 -98.7369
3063 -99.4055
3064 -100.16
3065 -99.3565
3066 -98.2339
3067 -98.3624
3068 -98.5852
3069 -98.7899
3070 -98.7653
3071 -98.4202
3072 -100.016
3073 -100.25
3074 -99.6348
3075 -99.4639
3076 -99.5553
3077 -98.8765
3078 -97.7841
3079 -97.1382
3080 -95.6907
3081 -97.4879
3082 -98.0449
3083 -96.7774
3084 -98.2974
3085 -96.8516
3086 -98.4119
3087 -98.306
3088 -98.2317
3089 -100.408
3090 -100.291
3091 -101.149
3092 -100.295
3093 -99.3554
3094 -99.8556
3095 -98.7056
3096 -97.8131
3097 -98.9743
3098 -98.8274
3099 -100.568
3100 -99.1587
3101 -101.65
3102 -99.4695
3103 -99.5371
3104 -99.9291
3105 -100.537
3106 -100.172
3107 -101.711
3108 -102.842
3109 -103.845
3110 -102.779
3111 -103.575
3112 -101.25
3113 -100.66
3114 -101.457
3115 -102.607
3116 -103.945
3117 -104.858
3118 -102.979
3119 -104.027
3120 -106.287
3121 -107.658
3122 -107.914
3123 -108.067
3124 -108.395
3125 -111.584
3126 -109.991
3127 -111.01
3128 -111.982
3129 -111.243
3130 -113.17
3131 -111.531
3132 -111.091
3133 -114.135
3134 -111.117
3135 -114.586
3136 -116.305
3137 -115.118
3138 -116.053
3139 -114.157
3140 -113.405
3141 -115.393
3142 -113.917
3143 -114.187
3144 -114.167
3145 -115.229
3146 -113.277
3147 -114.01
3148 -112.655
3149 -113.074
3150 -113.613
3151 -114.055
3152 -113.204
3153 -112.919
3154 -111.396
3155 -111.913
3156 -112.509
3157 -110.517
3158 -111.353
3159 -109.483
3160 -108.054
3161 -109.981
3162 -106.898
3163 -108.647
3164 -106.561
3165 -106.302
3166 -106.045
3167 -106.107
3168 -105.901
3169 -106.686
3170 -105.419
3171 -105.045
3172 -103.441
3173 -106.534
3174 -105.81
3175 -104.181
3176 -105.595
3177 -104.136
3178 -103.638
3179 -102.528
3180 -104.159
3181 -104.037
3182 -103.343
3183 -101.991
3184 -103.483
3185 -103.29
3186 -102.664
3187 -102.569
3188 -102.965
3189 -102.832
3190 -101.852
3191 -103.772
3192 -101.832
3193 -102.433
3194 -102.603
3195 -101.686
3196 -102.042
3197 -102.302
3198 -101.345
3199 -101.764
3200 -101.167
3201 -102.504
3202 -102.286
3203 -103.094
3204 -102.486
3205 -102.086
3206 -102.314
3207 -102.531
3208 -101.624
3209 -102.047
3210 -103.25
3211 -100.62
3212 -102.061
3213 -102.235
3214 -100.763
3215 -101.447
3216 -100.91
3217 -101.265
3218 -103.818
3219 -101.278
3220 -103.998
3221 -99.9502
3222 -101.289
3223 -101.397
3224 -101.917
3225 -101.457
3226 -102.843
3227 -101.355
3228 -101.973
3229 -101.483
3230 -101.819
3231 -100.737
3232 -102.35
3233 -102.035
3234 -100.433
3235 -101.421
3236 -102.675
3237 -100.878
3238 -101.836
3239 -101.316
3240 -101.817
3241 -102.476
3242 -101.43
3243 -101.042
3244 -100.966
3245 -101.755
3246 -101.433
3247 -101.742
3248 -101.521
3249 -101.945
3250 -101.281
3251 -100.903
3252 -101.732
3253 -102.311
3254 -101.159
3255 -101.185
3256 -100.605
3257 -100.897
3258 -100.296
3259 -102.223
3260 -101.278
3261 -102.687
3262 -102.355
3263 -103.01
3264 -100.893
3265 -102.026
3266 -102.241
3267 -100.983
3268 -101.145
3269 -101.761
3270 -102.15
3271 -102.437
3272 -101.552
3273 -102.921
3274 -100.832
3275 -102.371
3276 -101.389
3277 -101.222
3278 -102.699
3279 -101.985
3280 -100.577
3281 -101.271
3282 -100.728
3283 -101.684
3284 -101.784
3285 -100.679
3286 -99.7065
3287 -101.111
3288 -101.815
3289 -102.821
3290 -101.631
3291 -102.482
3292 -103.222
3293 -101.125
3294 -102.534
3295 -101.722
3296 -102.07
3297 -101.585
3298 -99.763
3299 -102.313
3300 -99.9641
3301 -102.409
3302 -100.837
3303 -101.592
3304 -101.858
3305 -101.85
3306 -102.096
3307 -101.427
3308 -103.307
3309 -101.66
3310 -101.314
3311 -102.058
3312 -101.748
3313 -103.731
3314 -101.276
3315 -101.633
3316 -101.136
3317 -102.335
3318 -101.872
3319 -101.871
3320 -102.118
3321 -102.435
3322 -102.377
3323 -102.643
3324 -101.938
3325 -101.004
3326 -103.218
3327 -103.214
3328 -101.88
3329 -102.181
3330 -102.023
3331 -101.76
3332 -101.107
3333 -100.54
3334 -101.597
3335 -101.122
3336 -101.363
3337 -99.8975
3338 -102.015
3339 -102.413
3340 -100.869
3341 -101.923
3342 -101.912
3343 -101.147
3344 -101.726
3345 -100.949
3346 -101.18
3347 -101.309
3348 -101.804
3349 -100.314
3350 -100.079
3351 -100.819
3352 -102.476
3353 -100.281
3354 -102.192
3355 -101.215
3356 -100.528
3357 -101.36
3358 -100.007
3359 -102.2
3360 -101.668
3361 -101.023
3362 -100.985
3363 -101.138
3364 -100.929
3365 -100.81
3366 -101.653
3367 -101.281
3368 -101.859
3369 -101.029
3370 -103.271
3371 -102.999
3372 -101.727
3373 -102.038
3374 -102.15
3375 -102.049
3376 -102.069
3377 -101.802
3378 -103.259
3379 -101.562
3380 -101.713
3381 -102.108
3382 -101.994
3383 -101.635
3384 -101.296
3385 -102.069
3386 -101.31
3387 -101.94
3388 -99.9967
3389 -100.611
3390 -101.017
3391 -103.711
3392 -101.565
3393 -103.868
3394 -100.051
3395 -102.974
3396 -100.625
3397 -102.724
3398 -101.078
3399 -100.97
