0 -190.671
1 -189.32
2 -189.371
3 -190.717
4 -190.273
5 -189.865
6 -190.641
7 -189.783
8 -188.103
9 -188.909
10 -189.028
11 -190.217
12 -191.292
13 -188.937
14 -189.847
15 -189.419
16 -188.368
17 -189.11
18 -189.129
19 -189.632
20 -190.228
21 -189.066
22 -189.014
23 -190.374
24 -189.586
25 -189.309
26 -190.1
27 -189.596
28 -191.308
29 -190.175
30 -191.885
31 -190.702
32 -191.125
33 -191.789
34 -192.164
35 -191.862
36 -192.581
37 -192.661
38 -194.065
39 -193.921
40 -195.667
41 -195.592
42 -196.444
43 -195.839
44 -196.772
45 -197.292
46 -197.217
47 -196.825
48 -199.86
49 -200.106
50 -199.27
51 -199.945
52 -201.451
53 -201.817
54 -200.952
55 -202.187
56 -202.861
57 -203.106
58 -202.922
59 -204.02
60 -204.694
61 -204.527
62 -205.188
63 -206.346
64 -205.526
65 -206.095
66 -206.949
67 -206.485
68 -206.149
69 -207.202
70 -208.104
71 -208.872
72 -206.832
73 -208.886
74 -207.909
75 -206.937
76 -207.97
77 -207.509
78 -207.924
79 -206.73
80 -205.459
81 -205.721
82 -204.546
83 -202.865
84 -204.867
85 -204.221
86 -203.556
87 -202.835
88 -202.502
89 -202.218
90 -202.111
91 -202.631
92 -201.151
93 -201.328
94 -199.03
95 -199.025
96 -200.037
97 -199.465
98 -197.019
99 -197.51
100 -198.311
101 -196.872
102 -197.75
103 -196.174
104 -195.468
105 -196.422
106 -194.808
107 -195.715
108 -196.253
109 -194.763
110 -193.458
111 -194.341
112 -195.654
113 -196.397
114 -195.197
115 -195.479
116 -195.433
117 -194.557
118 -194.458
119 -192.939
120 -192.833
121 -195.104
122 -194.267
123 -193.69
124 -192.793
125 -193.669
126 -192.264
127 -193.433
128 -192.08
129 -193.451
130 -193.266
131 -191.525
132 -192.228
133 -192.701
134 -193.578
135 -193.534
136 -193.564
137 -193.768
138 -191.463
139 -190.664
140 -191.001
141 -190.897
142 -189.347
143 -190.899
144 -192.194
145 -191.842
146 -191.188
147 -191.199
148 -191.082
149 -192.783
150 -191.341
151 -192.11
152 -191.792
153 -192.71
154 -193.051
155 -192.373
156 -193.327
157 -192.602
158 -191.345
159 -191.147
160 -190.846
161 -190.349
162 -191.238
163 -192.855
164 -193.077
165 -192.936
166 -191.385
167 -190.864
168 -190.003
169 -191.579
170 -190.133
171 -191.206
172 -190.967
173 -190.482
174 -192.211
175 -191.519
176 -191.027
177 -191.885
178 -190.432
179 -191.838
180 -190.134
181 -189.499
182 -188.938
183 -190.277
184 -191.018
185 -190.405
186 -190.375
187 -191.066
188 -189.332
189 -190.517
190 -190.027
191 -190.803
192 -190.556
193 -191.363
194 -190.143
195 -193.307
196 -190.764
197 -190.833
198 -190.137
199 -190.773
200 -189.517
201 -189.635
202 -189.89
203 -191.947
204 -191.447
205 -191.778
206 -192.176
207 -190.553
208 -190.49
209 -188.936
210 -189.971
211 -188.998
212 -189.985
213 -190.745
214 -189.819
215 -188.858
216 -188.04
217 -188.879
218 -188.681
219 -188.534
220 -189.031
221 -188.824
222 -188.144
223 -189.928
224 -188.541
225 -189.879
226 -187.275
227 -189.039
228 -187.902
229 -189.667
230 -189.853
231 -188.442
232 -189.517
233 -189.561
234 -190.775
235 -190.526
236 -188.05
237 -189.344
238 -188.424
239 -189.429
240 -189.236
241 -189.315
242 -188.814
243 -190.608
244 -190.368
245 -189.642
246 -190.268
247 -189.097
248 -188.699
249 -187.464
250 -187.714
251 -187.664
252 -190.37
253 -190.393
254 -189.574
255 -189.239
256 -188.453
257 -186.796
258 -187.12
259 -185.461
260 -187.69
261 -187.304
262 -188.928
263 -189.2
264 -188.983
265 -188.921
266 -189.731
267 -189.038
268 -188.059
269 -187.725
270 -188.2
271 -188.582
272 -188.534
273 -189.285
274 -188.786
275 -188.05
276 -187.497
277 -187.518
278 -186.982
279 -189.471
280 -187.929
281 -186.944
282 -189.366
283 -188.266
284 -190.282
285 -188.333
286 -186.728
287 -186.805
288 -185.755
289 -187.535
290 -188.879
291 -188.326
292 -189.212
293 -188.096
294 -186.841
295 -186.773
296 -186.598
297 -187.865
298 -186.897
299 -184.99
300 -186.406
301 -188.07
302 -188.513
303 -188.587
304 -187.426
305 -187.243
306 -187.562
307 -185.504
308 -186.17
309 -187.1
310 -187.112
311 -188.534
312 -188.303
313 -188.273
314 -188.938
315 -187.321
316 -185.182
317 -187.725
318 -185.918
319 -188.427
320 -189.919
321 -187.675
322 -188.112
323 -186.883
324 -187.106
325 -185.087
326 -186.877
327 -186.33
328 -186.299
329 -188.068
330 -186.98
331 -187.637
332 -187.583
333 -188.46
334 -185.895
335 -185.253
336 -184.56
337 -184.32
338 -184.874
339 -185.636
340 -187.8
341 -187.016
342 -186.586
343 -186.053
344 -186.2
345 -186.201
346 -185.943
347 -187.326
348 -186.266
349 -186.813
350 -188.009
351 -187.545
352 -186.293
353 -188.298
354 -185.77
355 -186.236
356 -185.622
357 -185.478
358 -185.697
359 -186.105
360 -186.799
361 -185.773
362 -188.393
363 -185.391
364 -183.019
365 -184.373
366 -184.294
367 -185.412
368 -185.957
369 -186.189
370 -186.475
371 -185.323
372 -185.81
373 -184.127
374 -184.051
375 -183.072
376 -185.534
377 -184.037
378 -184.662
379 -185.075
380 -185.203
381 -184.681
382 -187.138
383 -185.194
384 -183.453
385 -184.612
386 -184.351
387 -185.798
388 -185.607
389 -184.885
390 -186.373
391 -185.282
392 -185.229
393 -184.762
394 -184.587
395 -185.515
396 -185.783
397 -184.202
398 -184.948
399 -185.38
400 -185.826
401 -185.229
402 -185.264
403 -184.039
404 -183.367
405 -184.195
406 -183.969
407 -185.122
408 -185.521
409 -185.277
410 -184.337
411 -185.429
412 -184.664
413 -182.607
414 -181.522
415 -182.925
416 -184.068
417 -182.953
418 -184.068
419 -184.812
420 -185.004
421 -183.898
422 -185.069
423 -183.282
424 -182.259
425 -182.331
426 -182.196
427 -182.859
428 -185.205
429 -183.938
430 -182.129
431 -181.837
432 -181.443
433 -180.422
434 -180.434
435 -179.516
436 -178.012
437 -180.126
438 -180.27
439 -180.38
440 -179.568
441 -178.286
442 -177.236
443 -176.671
444 -174.06
445 -174.764
446 -174.019
447 -175.756
448 -173.72
449 -174.476
450 -175.038
451 -171.631
452 -170.426
453 -169.882
454 -168.938
455 -169.819
456 -167.162
457 -168.424
458 -167.111
459 -166.982
460 -168.63
461 -168.393
462 -167.423
463 -168.167
464 -167.217
465 -167.596
466 -167.998
467 -167.137
468 -167.9
469 -166.079
470 -168.086
471 -169.086
472 -170.028
473 -170.086
474 -170.6
475 -170.05
476 -172.282
477 -170.607
478 -171.676
479 -173.43
480 -171.565
481 -172.403
482 -173.938
483 -173.955
484 -174.051
485 -173.109
486 -175.453
487 -175.483
488 -175.69
489 -176.94
490 -176.808
491 -176.546
492 -176.338
493 -177.422
494 -177.721
495 -178.786
496 -178.53
497 -177.555
498 -180.415
499 -178.36
500 -180.069
501 -178.877
502 -179.35
503 -179.377
504 -179.833
505 -179.274
506 -180.13
507 -179.744
508 -179.165
509 -179.855
510 -179.749
511 -180.731
512 -180.561
513 -180.812
514 -181.258
515 -180.838
516 -180.156
517 -179.344
518 -181.358
519 -181.652
520 -181.891
521 -182.524
522 -182.196
523 -181.276
524 -180.195
525 -181.22
526 -181.255
527 -182.389
528 -180.172
529 -183.036
530 -182.66
531 -182.483
532 -181.505
533 -180.734
534 -181.132
535 -182.339
536 -181.58
537 -181.837
538 -181.777
539 -182.706
540 -181.172
541 -181.333
542 -181.748
543 -182.973
544 -182.732
545 -180.603
546 -181.26
547 -183.65
548 -180.642
549 -181.438
550 -179.951
551 -181.096
552 -182.126
553 -181.29
554 -181.791
555 -181.325
556 -182.826
557 -182.435
558 -180.255
559 -182.885
560 -182.381
561 -180.806
562 -181.866
563 -180.844
564 -179.673
565 -180.15
566 -181.147
567 -179.516
568 -181.135
569 -177.811
570 -176.927
571 -176.692
572 -175.866
573 -176.903
574 -176.498
575 -176.612
576 -176.445
577 -174.888
578 -175.001
579 -174.36
580 -173.593
581 -171.631
582 -171.674
583 -171.301
584 -170.046
585 -170.182
586 -170.481
587 -169.351
588 -169.387
589 -168.654
590 -169.765
591 -167.789
592 -165.478
593 -165.539
594 -164.827
595 -164.17
596 -163.708
597 -164.076
598 -162.415
599 -162.21
600 -163.281
601 -162.312
602 -160.048
603 -161.979
604 -159.919
605 -160.766
606 -160.464
607 -160.526
608 -160.197
609 -160.362
610 -161.024
611 -162.059
612 -162.051
613 -164.684
614 -161.332
615 -162.517
616 -163.866
617 -163.575
618 -164.289
619 -164.427
620 -165.184
621 -165.536
622 -166.887
623 -167.51
624 -166.61
625 -166.479
626 -168.404
627 -168.18
628 -170.204
629 -170.359
630 -170.848
631 -168.939
632 -171.461
633 -171.407
634 -171.749
635 -172.844
636 -172.213
637 -172.245
638 -171.344
639 -172.89
640 -173.835
641 -174.745
642 -175.009
643 -175.407
644 -175.271
645 -175.188
646 -175.765
647 -175.316
648 -175.454
649 -175.483
650 -174.021
651 -173.428
652 -172.934
653 -173.025
654 -174.161
655 -175.233
656 -175.048
657 -173.833
658 -175.901
659 -173.764
660 -175.816
661 -175.527
662 -176.283
663 -174.419
664 -176.675
665 -176.034
666 -176.713
667 -175.482
668 -176.717
669 -176.432
670 -176.498
671 -176.392
672 -176.484
673 -176.708
674 -176.757
675 -177.327
676 -179.442
677 -177.771
678 -176.685
679 -176.866
680 -177.339
681 -175.377
682 -176.894
683 -178.263
684 -177.661
685 -179.026
686 -179.132
687 -178.432
688 -178.202
689 -176.339
690 -176.97
691 -175.837
692 -177.438
693 -175.722
694 -177.263
695 -177.021
696 -175.701
697 -176.25
698 -177.214
699 -176.015
700 -177.786
701 -177.255
702 -175.965
703 -177.049
704 -178.332
705 -178.013
706 -179.873
707 -179.108
708 -178.111
709 -176.605
710 -176.937
711 -177.047
712 -176.085
713 -177.368
714 -178.399
715 -178.124
716 -176.872
717 -177.938
718 -179.327
719 -180.328
720 -180.421
721 -177.34
722 -178.744
723 -178.463
724 -180.192
725 -179.636
726 -179.65
727 -178.383
728 -178.397
729 -177.64
730 -175.896
731 -176.594
732 -177.581
733 -176.176
734 -178.045
735 -176.312
736 -177.866
737 -177.855
738 -176.541
739 -177.799
740 -177.408
741 -177.55
742 -178.451
743 -179.5
744 -178.432
745 -179.277
746 -180.623
747 -178.187
748 -178.386
749 -179.26
750 -179.058
751 -177.136
752 -179.735
753 -179.677
754 -179.83
755 -178.895
756 -179.155
757 -178.163
758 -178.787
759 -180.087
760 -178.873
761 -180.083
762 -180.657
763 -181.367
764 -180.054
765 -180.017
766 -180.19
767 -179.497
768 -178.05
769 -178.811
770 -179.301
771 -180.677
772 -179.17
773 -178.417
774 -177.277
775 -179.336
776 -178.97
777 -178.76
778 -178.407
779 -176.673
780 -179.102
781 -179.168
782 -181.275
783 -180.352
784 -180.567
785 -179.437
786 -180.183
787 -180.884
788 -180.511
789 -179.993
790 -180.06
791 -180.228
792 -180.6
793 -182.171
794 -178.779
795 -180.408
796 -182.249
797 -179.391
798 -181.612
799 -182.38
800 -180.761
801 -180.443
802 -181.682
803 -181.106
804 -181.974
805 -181.134
806 -181.41
807 -179.869
808 -179.105
809 -179.4
810 -180.199
811 -179.886
812 -179.704
813 -179.416
814 -179.067
815 -178.83
816 -179.42
817 -178.901
818 -179.186
819 -179.04
820 -180.771
821 -182.649
822 -180.896
823 -180.662
824 -181.008
825 -181.456
826 -179.949
827 -179.113
828 -180.176
829 -181.204
830 -182.711
831 -181.494
832 -181.736
833 -182.587
834 -180.329
835 -182.127
836 -182.579
837 -180.112
838 -181.744
839 -182.051
840 -180.958
841 -181.146
842 -181.506
843 -182.298
844 -181.87
845 -180.232
846 -180.891
847 -179.623
848 -179.77
849 -180.125
850 -180.572
851 -178.885
852 -180.949
853 -180.576
854 -179.78
855 -181.196
856 -180.056
857 -180.881
858 -181.131
859 -180.68
860 -182.038
861 -182.29
862 -182.621
863 -181.647
864 -182.641
865 -180.317
866 -181.614
867 -181.253
868 -182.551
869 -183.038
870 -182.728
871 -182.379
872 -182.582
873 -180.888
874 -182.068
875 -182.574
876 -182.148
877 -182.087
878 -183.644
879 -182.515
880 -182.981
881 -183.108
882 -184.074
883 -183.696
884 -180.764
885 -180.966
886 -182.316
887 -181.964
888 -182.042
889 -181.315
890 -182.478
891 -180.635
892 -182.91
893 -181.397
894 -180.356
895 -180.522
896 -181.881
897 -182.306
898 -183.348
899 -184.365
900 -181.75
901 -183.183
902 -182.392
903 -182.922
904 -181.459
905 -183.364
906 -182.337
907 -181.1
908 -182.462
909 -182.288
910 -184.395
911 -182.834
912 -183.503
913 -181.807
914 -183.527
915 -182.462
916 -184.981
917 -185.28
918 -183.831
919 -183.506
920 -184.512
921 -183.965
922 -184.06
923 -183.599
924 -183.047
925 -183.178
926 -183.428
927 -182.41
928 -183.053
929 -181.975
930 -182.507
931 -181.61
932 -183.222
933 -182.259
934 -182.198
935 -182.333
936 -183.597
937 -183.502
938 -184.303
939 -184.161
940 -184.621
941 -182.861
942 -183.587
943 -182.992
944 -182.955
945 -184.912
946 -184.281
947 -184.364
948 -182.337
949 -183.373
950 -183.918
951 -184.926
952 -183.068
953 -184.138
954 -183.704
955 -183.483
956 -185.79
957 -188.722
958 -185.443
959 -187.235
960 -185.83
961 -187.891
962 -185.931
963 -187.723
964 -187.233
965 -188.028
966 -186.679
967 -188.301
968 -189.309
969 -189.438
970 -189.216
971 -189.933
972 -189.911
973 -189.153
974 -191.768
975 -191.432
976 -191.871
977 -193.332
978 -194.354
979 -194.342
980 -196.014
981 -195.409
982 -195.675
983 -197.488
984 -196.601
985 -196.624
986 -198.638
987 -197.316
988 -199.408
989 -200.729
990 -197.74
991 -199.491
992 -201.132
993 -199.174
994 -199.366
995 -201.615
996 -201.233
997 -200.408
998 -200.654
999 -199.593
1000 -198.929
1001 -200.683
1002 -199.51
1003 -199.248
1004 -198.122
1005 -199.568
1006 -199.09
1007 -199.04
1008 -199.253
1009 -198.133
1010 -197.326
1011 -197.241
1012 -198.507
1013 -197.69
1014 -195.806
1015 -198.058
1016 -194.641
1017 -193.268
1018 -194.734
1019 -194.958
1020 -193.843
1021 -192.52
1022 -192.899
1023 -194.279
1024 -191.862
1025 -190.255
1026 -189.467
1027 -189.992
1028 -191.648
1029 -190.949
1030 -190.157
1031 -190.704
1032 -189.282
1033 -190.006
1034 -190.824
1035 -188.415
1036 -190.331
1037 -190.511
1038 -188.265
1039 -190.844
1040 -190.113
1041 -189.733
1042 -189.567
1043 -189.402
1044 -188.89
1045 -190.218
1046 -191.225
1047 -188.838
1048 -188.846
1049 -188.187
1050 -188.052
1051 -187.868
1052 -188.6
1053 -188.395
1054 -188.571
1055 -189.049
1056 -188.199
1057 -187.652
1058 -188.445
1059 -187.782
1060 -187.474
1061 -187.137
1062 -187.675
1063 -187.065
1064 -188.128
1065 -187.146
1066 -187.009
1067 -187.085
1068 -188.148
1069 -189.005
1070 -186.633
1071 -187.835
1072 -187.795
1073 -186.565
1074 -187.898
1075 -187.256
1076 -187.648
1077 -188.188
1078 -188.93
1079 -188.459
1080 -188.382
1081 -188.41
1082 -188.107
1083 -187.967
1084 -188.601
1085 -188.688
1086 -187.917
1087 -186.777
1088 -187.938
1089 -187.435
1090 -186.715
1091 -188.138
1092 -187.874
1093 -185.953
1094 -187.003
1095 -188.229
1096 -188.656
1097 -188.669
1098 -188.256
1099 -189.692
1100 -187.993
1101 -191.067
1102 -190.455
1103 -192.746
1104 -193.2
1105 -192.392
1106 -191.416
1107 -193.359
1108 -194.409
1109 -194.141
1110 -195.728
1111 -195.272
1112 -195.481
1113 -196.943
1114 -197.518
1115 -197.251
1116 -198.152
1117 -198.541
1118 -198.96
1119 -199.532
1120 -199.339
1121 -200.006
1122 -202.109
1123 -203.824
1124 -201.459
1125 -203.692
1126 -202.971
1127 -205.003
1128 -202.506
1129 -203.811
1130 -205.469
1131 -206.6
1132 -207.522
1133 -206.56
1134 -206.042
1135 -206.859
1136 -207.748
1137 -206.901
1138 -208.139
1139 -205.698
1140 -206.076
1141 -205.753
1142 -206.438
1143 -204.469
1144 -204.076
1145 -204.436
1146 -203.563
1147 -202.637
1148 -201.894
1149 -202.733
1150 -201.053
1151 -201.617
1152 -201.37
1153 -200.501
1154 -200.523
1155 -199.96
1156 -200.572
1157 -198.48
1158 -198.706
1159 -198.868
1160 -198.468
1161 -195.933
1162 -196.53
1163 -196.273
1164 -194.138
1165 -195.461
1166 -194.117
1167 -194.221
1168 -195.301
1169 -196.125
1170 -195.198
1171 -194.176
1172 -194.827
1173 -193.614
1174 -193.159
1175 -193.806
1176 -193.596
1177 -194.67
1178 -193.711
1179 -195.282
1180 -194.571
1181 -193.227
1182 -192.773
1183 -192.374
1184 -192.435
1185 -192.6
1186 -192.272
1187 -191.98
1188 -191.36
1189 -192.778
1190 -192.092
1191 -194.128
1192 -192.312
1193 -190.949
1194 -191.204
1195 -190.852
1196 -190.519
1197 -190.133
1198 -189.374
1199 -192.138
1200 -192.298
1201 -192.032
1202 -190.888
1203 -191.599
1204 -189.91
1205 -189.58
1206 -189.971
1207 -190.592
1208 -191.069
1209 -190.321
1210 -190.507
1211 -190.229
1212 -189.962
1213 -190.85
1214 -190.555
1215 -189.493
1216 -190.075
1217 -190.994
1218 -190.091
1219 -191.487
1220 -191.626
1221 -191.642
1222 -190.878
1223 -189.417
1224 -190.303
1225 -189.016
1226 -192.471
1227 -189.861
1228 -191.344
1229 -190.625
1230 -190.45
1231 -190.549
1232 -190.461
1233 -189.449
1234 -188.67
1235 -187.855
1236 -188.883
1237 -189.175
1238 -190.233
1239 -190.884
1240 -189.983
1241 -190.916
1242 -189.359
1243 -190.573
1244 -189.9
1245 -188.116
1246 -189.703
1247 -188.6
1248 -189.516
1249 -188.655
1250 -190.162
1251 -188.927
1252 -190.556
1253 -189.006
1254 -188.096
1255 -189.776
1256 -188.992
1257 -190.379
1258 -190.139
1259 -188.926
1260 -189.994
1261 -188.638
1262 -187.367
1263 -188.074
1264 -186.909
1265 -189.238
1266 -189.551
1267 -189.644
1268 -189.868
1269 -190.606
1270 -190.574
1271 -188.42
1272 -187.889
1273 -188.861
1274 -189.28
1275 -187.91
1276 -187.509
1277 -188.515
1278 -188.43
1279 -189.433
1280 -189.542
1281 -189.253
1282 -187.148
1283 -187.018
1284 -187.658
1285 -187.813
1286 -186.978
1287 -187.416
1288 -188.221
1289 -189.413
1290 -187.686
1291 -187.044
1292 -188.222
1293 -186.43
1294 -185.917
1295 -187.25
1296 -186.323
1297 -189.279
1298 -188.847
1299 -187.978
1300 -186.655
1301 -187.524
1302 -187.128
1303 -185.856
1304 -186.731
1305 -189.526
1306 -187.831
1307 -187.941
1308 -189.711
1309 -188.435
1310 -188.467
1311 -188.854
1312 -187.635
1313 -186.714
1314 -187.741
1315 -186.928
1316 -188.106
1317 -188.119
1318 -188.014
1319 -187.71
1320 -186.966
1321 -187.849
1322 -185.689
1323 -185.803
1324 -186.279
1325 -185.127
1326 -185.064
1327 -184.93
1328 -186.928
1329 -188.216
1330 -186.105
1331 -185.45
1332 -185.955
1333 -187.356
1334 -186.003
1335 -187.966
1336 -188.186
1337 -187.849
1338 -187.958
1339 -187.902
1340 -187.294
1341 -187.423
1342 -186.826
1343 -187.143
1344 -187.269
1345 -186.895
1346 -186.798
1347 -188.338
1348 -187.3
1349 -187.844
1350 -185.775
1351 -186.687
1352 -186.012
1353 -185.681
1354 -186.197
1355 -186.341
1356 -187.609
1357 -187.753
1358 -186.556
1359 -185.129
1360 -185.335
1361 -184.992
1362 -184.519
1363 -185.015
1364 -185.292
1365 -184.878
1366 -186.995
1367 -186.972
1368 -187.152
1369 -185.829
1370 -186.184
1371 -184.851
1372 -186.612
1373 -184.729
1374 -186.519
1375 -186.497
1376 -187.867
1377 -188.398
1378 -184.677
1379 -187.463
1380 -185.705
1381 -186.058
1382 -185.342
1383 -184.649
1384 -186.982
1385 -186.985
1386 -184.667
1387 -185.437
1388 -186.841
1389 -187.847
1390 -184.504
1391 -185.366
1392 -185.54
1393 -183.798
1394 -185.853
1395 -185.75
1396 -186.054
1397 -186.963
1398 -185.566
1399 -185.568
1400 -183.224
1401 -183.63
1402 -181.845
1403 -185.032
1404 -185.513
1405 -184.544
1406 -184.646
1407 -185.455
1408 -185.207
1409 -186.337
1410 -184.389
1411 -184.38
1412 -184.509
1413 -184.416
1414 -185.122
1415 -185.813
1416 -184.913
1417 -184.138
1418 -185.467
1419 -184.005
1420 -183.674
1421 -185.499
1422 -185.207
1423 -183.697
1424 -184.264
1425 -186.428
1426 -186.243
1427 -184.926
1428 -182.701
1429 -184.24
1430 -182.737
1431 -183.751
1432 -184.56
1433 -183.213
1434 -184.923
1435 -184.005
1436 -185.058
1437 -185.334
1438 -183.896
1439 -182.715
1440 -184.754
1441 -182.235
1442 -182.116
1443 -184.085
1444 -184.03
1445 -182.818
1446 -183.555
1447 -183.638
1448 -183.207
1449 -183.755
1450 -183.926
1451 -183.795
1452 -184.395
1453 -184.794
1454 -185.148
1455 -184.973
1456 -185.232
1457 -184.992
1458 -183.553
1459 -182.9
1460 -183.305
1461 -182.96
1462 -185.981
1463 -184.231
1464 -184.075
1465 -184.256
1466 -183.88
1467 -182.895
1468 -181.813
1469 -184.216
1470 -183.301
1471 -182.508
1472 -184.612
1473 -184.119
1474 -183.918
1475 -182.064
1476 -182.336
1477 -182.867
1478 -181.617
1479 -181.157
1480 -181.567
1481 -182.134
1482 -182.808
1483 -181.35
1484 -183.471
1485 -183.191
1486 -181.432
1487 -182.551
1488 -181.613
1489 -180.682
1490 -182.877
1491 -182.517
1492 -181.334
1493 -184.622
1494 -180.931
1495 -182.072
1496 -180.857
1497 -180.82
1498 -178.233
1499 -179.09
1500 -178.494
1501 -178.671
1502 -177.63
1503 -178.873
1504 -177.911
1505 -176.308
1506 -174.788
1507 -175.223
1508 -174.904
1509 -174.003
1510 -174.42
1511 -173.104
1512 -172.854
1513 -172.678
1514 -170.852
1515 -171.695
1516 -170.509
1517 -168.796
1518 -168.993
1519 -168.778
1520 -167.854
1521 -167.528
1522 -167.702
1523 -166.51
1524 -166.753
1525 -167.28
1526 -168.241
1527 -167.182
1528 -168.134
1529 -167.64
1530 -167.599
1531 -168.589
1532 -167.835
1533 -167.677
1534 -167.461
1535 -168.22
1536 -168.956
1537 -170.662
1538 -170.926
1539 -169.483
1540 -169.981
1541 -170.983
1542 -171.311
1543 -171.819
1544 -172.717
1545 -173.987
1546 -172.918
1547 -172.787
1548 -173.205
1549 -174.176
1550 -174.234
1551 -175.345
1552 -174.956
1553 -175.787
1554 -175.777
1555 -175.403
1556 -178.825
1557 -178.02
1558 -176.682
1559 -176.311
1560 -176.964
1561 -177.52
1562 -177.639
1563 -176.962
1564 -178.069
1565 -179.465
1566 -179.573
1567 -178.602
1568 -178.807
1569 -179.915
1570 -177.601
1571 -178.398
1572 -180.52
1573 -178.822
1574 -181.245
1575 -180.763
1576 -180.32
1577 -179.615
1578 -181.07
1579 -179.955
1580 -182.204
1581 -181.21
1582 -179.704
1583 -179.427
1584 -180.522
1585 -180.952
1586 -181.335
1587 -180.759
1588 -181.882
1589 -181.128
1590 -181.721
1591 -181.365
1592 -180.605
1593 -181.19
1594 -180.397
1595 -183.063
1596 -181.347
1597 -182.286
1598 -180.688
1599 -180.537
1600 -181.715
1601 -181.467
1602 -180.723
1603 -181.668
1604 -180.779
1605 -180.068
1606 -182.528
1607 -182.883
1608 -182.963
1609 -181.572
1610 -180.581
1611 -181.789
1612 -182.703
1613 -182.104
1614 -181.515
1615 -181.239
1616 -179.8
1617 -181.733
1618 -181.626
1619 -181.022
1620 -182.398
1621 -182.458
1622 -180.3
1623 -181.305
1624 -181.322
1625 -182.295
1626 -181.217
1627 -180.798
1628 -180.118
1629 -179.298
1630 -179.356
1631 -178.883
1632 -179.365
1633 -180.055
1634 -177.953
1635 -179.122
1636 -177.746
1637 -175.231
1638 -176.767
1639 -174.834
1640 -175.203
1641 -173.359
1642 -174.609
1643 -172.777
1644 -173.075
1645 -170.035
1646 -171.82
1647 -170.677
1648 -172.393
1649 -170.917
1650 -169.89
1651 -169.011
1652 -169.242
1653 -168.211
1654 -167.079
1655 -166.19
1656 -166.089
1657 -165.443
1658 -163.037
1659 -164.089
1660 -164.336
1661 -164.254
1662 -163.546
1663 -162.985
1664 -161.54
1665 -161.099
1666 -160.446
1667 -159.552
1668 -158.284
1669 -160.82
1670 -159.905
1671 -161.912
1672 -159.546
1673 -161.242
1674 -161.197
1675 -160.753
1676 -161.875
1677 -161.055
1678 -161.854
1679 -161.891
1680 -162.799
1681 -164.263
1682 -164.289
1683 -163.154
1684 -165.051
1685 -165.946
1686 -166.478
1687 -167.638
1688 -165.276
1689 -167.771
1690 -167.203
1691 -169.118
1692 -167.864
1693 -170.62
1694 -169.457
1695 -170.452
1696 -170.206
1697 -170.655
1698 -170.216
1699 -172.749
1700 -170.671
1701 -173.922
1702 -171.46
1703 -173.326
1704 -172.9
1705 -173.828
1706 -174.517
1707 -172.97
1708 -176.28
1709 -174.764
1710 -174.788
1711 -174.862
1712 -174.716
1713 -174.356
1714 -173.284
1715 -175.298
1716 -173.278
1717 -174.307
1718 -174.395
1719 -173.401
1720 -174.036
1721 -174.586
1722 -172.975
1723 -172.768
1724 -170.677
1725 -173.872
1726 -176.578
1727 -174.177
1728 -175.975
1729 -176.129
1730 -176.712
1731 -175.835
1732 -177.062
1733 -176.95
1734 -175.829
1735 -176.098
1736 -176.981
1737 -177.541
1738 -176.205
1739 -176.877
1740 -177.204
1741 -178.271
1742 -176.395
1743 -176.88
1744 -178.366
1745 -177.451
1746 -178.837
1747 -178.027
1748 -177.594
1749 -177.494
1750 -178.065
1751 -179.768
1752 -177.078
1753 -176.861
1754 -177.123
1755 -177.1
1756 -176.223
1757 -177.896
1758 -176.516
1759 -176.75
1760 -174.894
1761 -176.089
1762 -174.114
1763 -174.615
1764 -176.501
1765 -176.743
1766 -177.254
1767 -178.453
1768 -177
1769 -178.026
1770 -176.597
1771 -178.563
1772 -178.66
1773 -177.122
1774 -177.07
1775 -177.117
1776 -177.327
1777 -178.585
1778 -176.876
1779 -177.638
1780 -177.982
1781 -177.722
1782 -177.381
1783 -178.794
1784 -177.354
1785 -178.802
1786 -177.349
1787 -177.522
1788 -179.34
1789 -179.46
1790 -178.576
1791 -180.521
1792 -177.701
1793 -177.276
1794 -176.869
1795 -177.716
1796 -176.188
1797 -177.855
1798 -177.631
1799 -176.484
1800 -178.45
1801 -176.975
1802 -177.195
1803 -176.615
1804 -177.235
1805 -177.714
1806 -179.591
1807 -177.991
1808 -177.768
1809 -179.13
1810 -178.83
1811 -180.547
1812 -177.957
1813 -179.713
1814 -177.754
1815 -178.853
1816 -178.184
1817 -179.651
1818 -179.905
1819 -180.334
1820 -180.12
1821 -178.853
1822 -178.325
1823 -179.569
1824 -178.539
1825 -180.521
1826 -181.402
1827 -180.775
1828 -178.959
1829 -180.499
1830 -179.513
1831 -179.491
1832 -179.219
1833 -177.584
1834 -177.623
1835 -178.565
1836 -177.881
1837 -179.213
1838 -178.382
1839 -176.261
1840 -177.193
1841 -177.674
1842 -178.622
1843 -178.921
1844 -178.688
1845 -179.553
1846 -180.07
1847 -180.1
1848 -180.042
1849 -180.107
1850 -180.209
1851 -179.147
1852 -179.601
1853 -180.266
1854 -180.079
1855 -179.322
1856 -180.489
1857 -179.7
1858 -180.421
1859 -178.668
1860 -179.798
1861 -181.203
1862 -181.539
1863 -180.015
1864 -182.007
1865 -179.716
1866 -181.154
1867 -181.166
1868 -181.347
1869 -181.578
1870 -180.285
1871 -180.779
1872 -180.877
1873 -179.559
1874 -179.881
1875 -179.851
1876 -179.869
1877 -179.799
1878 -179.309
1879 -178.987
1880 -179.803
1881 -178.732
1882 -179.622
1883 -178.7
1884 -180.391
1885 -180.655
1886 -181.498
1887 -182.457
1888 -180.664
1889 -180.156
1890 -181.435
1891 -180.764
1892 -180.22
1893 -179.497
1894 -180.59
1895 -181.463
1896 -181.736
1897 -180.89
1898 -180.847
1899 -179.248
1900 -182.42
1901 -180.044
1902 -181.422
1903 -181.57
1904 -182.907
1905 -181.781
1906 -181.822
1907 -181.227
1908 -181.698
1909 -181.708
1910 -181.158
1911 -179.91
1912 -181.174
1913 -180.824
1914 -179.768
1915 -179.943
1916 -180.244
1917 -180.319
1918 -180.605
1919 -178.924
1920 -180.439
1921 -179.778
1922 -181.779
1923 -181.003
1924 -181.405
1925 -182.569
1926 -182.136
1927 -180.942
1928 -181.638
1929 -181.507
1930 -182.525
1931 -181.243
1932 -180.722
1933 -183.379
1934 -182.864
1935 -182.084
1936 -182.256
1937 -181.958
1938 -182.732
1939 -182.138
1940 -182.413
1941 -181.687
1942 -182.929
1943 -182.404
1944 -184.868
1945 -182.73
1946 -182.856
1947 -182.265
1948 -182.499
1949 -181.761
1950 -181.34
1951 -183.027
1952 -182.261
1953 -180.375
1954 -180.674
1955 -181.288
1956 -181.658
1957 -180.618
1958 -181.073
1959 -181.404
1960 -182.352
1961 -180.948
1962 -181.866
1963 -181.289
1964 -181.573
1965 -182.27
1966 -182.371
1967 -182.989
1968 -181.39
1969 -183.977
1970 -183.167
1971 -182.99
1972 -185.263
1973 -182.787
1974 -183.531
1975 -183.588
1976 -183.269
1977 -181.473
1978 -183.082
1979 -182.89
1980 -183.321
1981 -184.556
1982 -185.439
1983 -183.9
1984 -184.509
1985 -182.865
1986 -185.178
1987 -182.914
1988 -182.814
1989 -182.948
1990 -181.942
1991 -184.207
1992 -181.917
1993 -182.199
1994 -181.844
1995 -183.745
1996 -183.483
1997 -183.096
1998 -182.556
1999 -182.127
2000 -182.14
2001 -183.263
2002 -183.547
2003 -184.918
2004 -184.643
2005 -184.43
2006 -183.761
2007 -183.107
2008 -182.7
2009 -183.114
2010 -184.009
2011 -183.801
2012 -183.096
2013 -183.633
2014 -183.918
2015 -183.408
2016 -184.584
2017 -182.734
2018 -185.135
2019 -184.54
2020 -186.976
2021 -186.694
2022 -188.048
2023 -186.106
2024 -187.637
2025 -186.02
2026 -185.536
2027 -188.229
2028 -186.548
2029 -186.737
2030 -189.926
2031 -188.286
2032 -190.446
2033 -189.404
2034 -189.316
2035 -190.075
2036 -189.355
2037 -190.391
2038 -189.923
2039 -191.82
2040 -193.305
2041 -193.156
2042 -193.98
2043 -195.14
2044 -196.41
2045 -194.513
2046 -195.801
2047 -195.85
2048 -196.411
2049 -195.894
2050 -197.645
2051 -198.67
2052 -198.764
2053 -199.965
2054 -200.112
2055 -202.089
2056 -201.294
2057 -199.988
2058 -201.125
2059 -200.79
2060 -201.541
2061 -199.712
2062 -200.525
2063 -200.631
2064 -199.97
2065 -199.971
2066 -200.715
2067 -199.647
2068 -198.96
2069 -199.096
2070 -199.717
2071 -198.636
2072 -199.231
2073 -199.337
2074 -198.417
2075 -196.648
2076 -197.57
2077 -196.187
2078 -196.57
2079 -196.826
2080 -194.886
2081 -195.131
2082 -194.821
2083 -193.535
2084 -193.917
2085 -193.112
2086 -193.073
2087 -192.907
2088 -192.706
2089 -191.075
2090 -190.689
2091 -190.559
2092 -190.909
2093 -191.64
2094 -189.893
2095 -189.289
2096 -190.369
2097 -191.254
2098 -190.426
2099 -188.058
2100 -191.246
2101 -191.024
2102 -190.54
2103 -189.662
2104 -189.115
2105 -190.267
2106 -190.099
2107 -188.268
2108 -188.481
2109 -188.816
2110 -190.093
2111 -188.883
2112 -189.242
2113 -188.458
2114 -189.273
2115 -190.026
2116 -188.289
2117 -188.503
2118 -188.486
2119 -187.867
2120 -188.047
2121 -188.592
2122 -188.845
2123 -188.287
2124 -187.836
2125 -188.279
2126 -187.938
2127 -187.241
2128 -188.283
2129 -187.906
2130 -187.343
2131 -189.159
2132 -187.061
2133 -187.776
2134 -188.293
2135 -188.046
2136 -187.077
2137 -187.567
2138 -190.051
2139 -188.157
2140 -187.672
2141 -189.271
2142 -188.296
2143 -187.286
2144 -187.59
2145 -187.237
2146 -187.585
2147 -188.565
2148 -187.963
2149 -186.665
2150 -187.478
2151 -187.968
2152 -186.184
2153 -186.151
2154 -189.178
2155 -188.328
2156 -186.837
2157 -186.99
2158 -187.656
2159 -187.466
2160 -190.213
2161 -188.691
2162 -190.157
2163 -191.309
2164 -188.725
2165 -189.854
2166 -190.041
2167 -192.02
2168 -192.605
2169 -192.509
2170 -191.869
2171 -194.312
2172 -193.987
2173 -194.135
2174 -194.529
2175 -195.011
2176 -196.575
2177 -195.602
2178 -196.643
2179 -197.747
2180 -197.675
2181 -197.693
2182 -197.861
2183 -198.297
2184 -199.843
2185 -200.807
2186 -200.105
2187 -201.684
2188 -201.272
2189 -203.551
2190 -204.754
2191 -205.699
2192 -205.88
2193 -204.97
2194 -203.785
2195 -207.011
2196 -207.056
2197 -206.709
2198 -204.25
2199 -206.658
2200 -207.027
2201 -205.974
2202 -206.51
2203 -205.275
2204 -204.529
2205 -206.271
2206 -204.849
2207 -205.227
2208 -205.214
2209 -203.569
2210 -204.68
2211 -201.224
2212 -202.008
2213 -201.56
2214 -201.753
2215 -199.439
2216 -202.379
2217 -200.466
2218 -200.833
2219 -200.525
2220 -199.878
2221 -199.992
2222 -198.899
2223 -197.788
2224 -197.516
2225 -196.5
2226 -195.839
2227 -195.768
2228 -196.223
2229 -195.256
2230 -194.964
2231 -195.467
2232 -195.832
2233 -196.347
2234 -194.864
2235 -193.481
2236 -193.022
2237 -192.838
2238 -192.682
2239 -194.256
2240 -192.292
2241 -192.472
2242 -193.616
2243 -193.483
2244 -194.08
2245 -192.735
2246 -192.921
2247 -191.78
2248 -191.897
2249 -191.47
2250 -192.413
2251 -192.253
2252 -192.315
2253 -193.434
2254 -192.084
2255 -192.574
2256 -192.785
2257 -191.989
2258 -191.771
2259 -190.324
2260 -190.293
2261 -191.887
2262 -191.459
2263 -191.803
2264 -192.389
2265 -192.421
2266 -191.994
2267 -189.941
2268 -190.947
2269 -189.596
2270 -190.512
2271 -190.485
2272 -188.542
2273 -189.479
2274 -191.832
2275 -191.52
2276 -190.743
2277 -189.129
2278 -189.353
2279 -190.125
2280 -190.469
2281 -190.285
2282 -190.857
2283 -191.423
2284 -191.021
2285 -191.016
2286 -190.322
2287 -189.694
2288 -190.704
2289 -189.216
2290 -189.545
2291 -190.107
2292 -190.695
2293 -191.318
2294 -190.452
2295 -190.58
2296 -189.974
2297 -188.966
2298 -189.691
2299 -189.138
2300 -188.115
2301 -190.127
2302 -189.578
2303 -188.124
2304 -190.109
2305 -190.631
2306 -190.481
2307 -189.442
2308 -190.114
2309 -188.303
2310 -188.82
2311 -188.945
2312 -188.803
2313 -189.343
2314 -189.246
2315 -189.336
2316 -188.536
2317 -187.383
2318 -186.985
2319 -186.653
2320 -189.762
2321 -188.349
2322 -188.532
2323 -189.009
2324 -190.519
2325 -189.291
2326 -189.997
2327 -188.269
2328 -186.776
2329 -188.063
2330 -188.473
2331 -189.065
2332 -189.299
2333 -190.293
2334 -190.654
2335 -188.876
2336 -188.744
2337 -188.826
2338 -187.446
2339 -186.908
2340 -187.971
2341 -188.285
2342 -189.338
2343 -189.415
2344 -188.116
2345 -188
2346 -186.813
2347 -186.985
2348 -186.483
2349 -186.412
2350 -187.776
2351 -188.298
2352 -188.059
2353 -188.122
2354 -187.08
2355 -188.208
2356 -187.876
2357 -187.4
2358 -186.664
2359 -187.485
2360 -187.788
2361 -188.121
2362 -188.527
2363 -188.646
2364 -188.346
2365 -187.407
2366 -187.35
2367 -187.68
2368 -187.448
2369 -187.348
2370 -188.27
2371 -188.926
2372 -188.107
2373 -188.68
2374 -187.092
2375 -188.986
2376 -186.413
2377 -186.53
2378 -187.027
2379 -187.391
2380 -187.074
2381 -186.898
2382 -188.33
2383 -188.312
2384 -188.363
2385 -186.259
2386 -186.629
2387 -185.479
2388 -186.86
2389 -185.434
2390 -187.584
2391 -187.524
2392 -187.001
2393 -186.325
2394 -187.277
2395 -186.146
2396 -186.038
2397 -184.989
2398 -186.452
2399 -185.948
2400 -187.275
2401 -187.032
2402 -186.586
2403 -187.581
2404 -188.332
2405 -186.148
2406 -186.231
2407 -188.472
2408 -186.879
2409 -189.697
2410 -187.826
2411 -189.057
2412 -187.401
2413 -186.463
2414 -187.588
2415 -186.379
2416 -186.508
2417 -183.841
2418 -185.541
2419 -187.536
2420 -187.726
2421 -187.45
2422 -186.272
2423 -185.54
2424 -185.417
2425 -184.657
2426 -186.233
2427 -183.607
2428 -183.846
2429 -184.674
2430 -185.822
2431 -184.764
2432 -187.062
2433 -186.584
2434 -186.642
2435 -185.547
2436 -185.987
2437 -184.639
2438 -185.509
2439 -186.398
2440 -185.641
2441 -186.842
2442 -186.475
2443 -186.893
2444 -185.255
2445 -187.366
2446 -186.106
2447 -184.074
2448 -185.9
2449 -185.998
2450 -187.056
2451 -186.521
2452 -186.364
2453 -185.34
2454 -184.077
2455 -183.834
2456 -184.099
2457 -185.223
2458 -184.342
2459 -186.122
2460 -185.809
2461 -186.169
2462 -185.023
2463 -185.309
2464 -183.556
2465 -183.228
2466 -183.148
2467 -183.423
2468 -184.548
2469 -185.48
2470 -185.142
2471 -183.458
2472 -183.434
2473 -184.428
2474 -183.666
2475 -183.888
2476 -184.673
2477 -184.984
2478 -186.205
2479 -184.964
2480 -185.266
2481 -183.969
2482 -184.636
2483 -182.887
2484 -183.166
2485 -182.195
2486 -185.242
2487 -184.851
2488 -185.092
2489 -184.452
2490 -184.203
2491 -185.624
2492 -183.906
2493 -182.863
2494 -183.544
2495 -182.43
2496 -183.539
2497 -184.771
2498 -183.006
2499 -184.539
2500 -184.592
2501 -183.041
2502 -184.024
2503 -183.367
2504 -183.771
2505 -182.194
2506 -181.396
2507 -182.923
2508 -184.272
2509 -185.116
2510 -184.197
2511 -183.156
2512 -184.179
2513 -182.95
2514 -182.378
2515 -183.3
2516 -183.945
2517 -185.229
2518 -185.653
2519 -184.819
2520 -182.728
2521 -185.192
2522 -181.84
2523 -183.473
2524 -183.18
2525 -183.618
2526 -183.259
2527 -184.007
2528 -183.789
2529 -184.183
2530 -182.83
2531 -184.638
2532 -184.54
2533 -182.71
2534 -183.134
2535 -182.899
2536 -182.041
2537 -182.338
2538 -183.169
2539 -182.306
2540 -183.389
2541 -183.024
2542 -182.542
2543 -181.298
2544 -181.893
2545 -180.956
2546 -182.107
2547 -181.311
2548 -183.308
2549 -182.007
2550 -183.606
2551 -180.657
2552 -181.008
2553 -180.501
2554 -182.654
2555 -181.985
2556 -180.728
2557 -182.26
2558 -181.145
2559 -180.252
2560 -181.055
2561 -179.922
2562 -178.735
2563 -178.502
2564 -178.052
2565 -176.784
2566 -178.535
2567 -179.216
2568 -178.805
2569 -176.254
2570 -175.104
2571 -175.459
2572 -173.993
2573 -174.052
2574 -173.03
2575 -171.76
2576 -172.37
2577 -171.97
2578 -170.749
2579 -170.362
2580 -171.117
2581 -168.995
2582 -168.185
2583 -166.596
2584 -167.08
2585 -165.914
2586 -166.078
2587 -167.983
2588 -165.998
2589 -167.599
2590 -167.868
2591 -165.596
2592 -167.101
2593 -167.691
2594 -166.96
2595 -167.588
2596 -166.684
2597 -168.25
2598 -166.976
2599 -168.168
2600 -169.386
2601 -169.523
2602 -168.77
2603 -169.696
2604 -169.789
2605 -168.458
2606 -171.862
2607 -172.15
2608 -172.072
2609 -171.848
2610 -172.046
2611 -172.978
2612 -173.988
2613 -173.731
2614 -173.571
2615 -175.777
2616 -174.768
2617 -176.055
2618 -175.912
2619 -177.488
2620 -175.844
2621 -176.967
2622 -177.126
2623 -177.278
2624 -178.184
2625 -177.942
2626 -178.121
2627 -177.474
2628 -180.908
2629 -179.489
2630 -178.996
2631 -178.07
2632 -178.647
2633 -178.892
2634 -179.1
2635 -179.587
2636 -180.712
2637 -179.546
2638 -180.071
2639 -179.842
2640 -178.009
2641 -180.413
2642 -179.944
2643 -180.387
2644 -180.919
2645 -179.39
2646 -181.401
2647 -179.905
2648 -180.136
2649 -181.25
2650 -181.324
2651 -180.52
2652 -180.147
2653 -180.328
2654 -180.219
2655 -180.233
2656 -180.473
2657 -180.184
2658 -180.67
2659 -179.947
2660 -179.95
2661 -181.47
2662 -180.641
2663 -180.89
2664 -181.195
2665 -181.74
2666 -180.845
2667 -181.008
2668 -180.956
2669 -180.749
2670 -181.774
2671 -181.899
2672 -181.688
2673 -181.254
2674 -181.125
2675 -181.865
2676 -181.1
2677 -181.167
2678 -180.401
2679 -181.875
2680 -181.514
2681 -180.946
2682 -180.036
2683 -181.039
2684 -180.464
2685 -179.825
2686 -181.974
2687 -181.118
2688 -179.892
2689 -182.116
2690 -183.259
2691 -181.004
2692 -180.978
2693 -180.477
2694 -179.748
2695 -178.753
2696 -178.774
2697 -179.788
2698 -176.751
2699 -176.762
2700 -176.132
2701 -177.049
2702 -175.339
2703 -175.443
2704 -176.562
2705 -175.654
2706 -173.822
2707 -171.101
2708 -174.042
2709 -171.726
2710 -170.769
2711 -173.098
2712 -171.955
2713 -170.338
2714 -170.225
2715 -171.912
2716 -169.187
2717 -169.002
2718 -167.262
2719 -166.485
2720 -165.825
2721 -166.264
2722 -164.688
2723 -165.082
2724 -164.365
2725 -162.927
2726 -162.81
2727 -161.234
2728 -162.408
2729 -161.425
2730 -161.113
2731 -163.366
2732 -161.248
2733 -160.151
2734 -161.252
2735 -160.593
2736 -160.242
2737 -161.081
2738 -161.887
2739 -163.025
2740 -161.592
2741 -162.43
2742 -162.695
2743 -162.452
2744 -163.252
2745 -164.577
2746 -164.072
2747 -165.007
2748 -165.786
2749 -165.339
2750 -165.908
2751 -166.626
2752 -167.641
2753 -167.679
2754 -167.319
2755 -167.91
2756 -169.245
2757 -169.712
2758 -168.842
2759 -169.763
2760 -170.26
2761 -171.248
2762 -170.697
2763 -170.287
2764 -171.99
2765 -170.455
2766 -171.997
2767 -172.239
2768 -172.316
2769 -173.918
2770 -174.359
2771 -174.692
2772 -176.069
2773 -175.768
2774 -176.612
2775 -175.515
2776 -175.315
2777 -175.116
2778 -172.939
2779 -175.03
2780 -175.032
2781 -172.758
2782 -172.687
2783 -174.419
2784 -174.829
2785 -175.266
2786 -173.172
2787 -175.216
2788 -173.377
2789 -173.579
2790 -174.252
2791 -174.758
2792 -176.102
2793 -175.658
2794 -176.282
2795 -177.686
2796 -175.907
2797 -174.827
2798 -175.222
2799 -175.204
2800 -176.843
2801 -175.751
2802 -175.352
2803 -174.52
2804 -176.948
2805 -177.467
2806 -178.225
2807 -175.493
2808 -177.366
2809 -176.445
2810 -178.385
2811 -178.707
2812 -176.789
2813 -178.301
2814 -177.931
2815 -177.579
2816 -179.537
2817 -176.664
2818 -175.372
2819 -175.297
2820 -175.894
2821 -176.448
2822 -175.486
2823 -176.943
2824 -175.746
2825 -176.644
2826 -175.472
2827 -175.183
2828 -178.42
2829 -174.549
2830 -176.191
2831 -177.429
2832 -176.832
2833 -178.362
2834 -178.999
2835 -178.068
2836 -178.242
2837 -177.011
2838 -178.167
2839 -178.475
2840 -177.089
2841 -178.084
2842 -178.243
2843 -177.449
2844 -179.253
2845 -177.675
2846 -177.708
2847 -177.768
2848 -179.504
2849 -180.006
2850 -179.626
2851 -178.457
2852 -179.27
2853 -178.299
2854 -178.761
2855 -179.129
2856 -178.315
2857 -178.338
2858 -177.802
2859 -176.375
2860 -177.956
2861 -177.296
2862 -178.519
2863 -176.853
2864 -176.554
2865 -176.794
2866 -177.026
2867 -177.161
2868 -176.534
2869 -177.51
2870 -178.304
2871 -177.966
2872 -178.968
2873 -179.98
2874 -178.51
2875 -178.268
2876 -179.21
2877 -177.893
2878 -178.712
2879 -177.979
2880 -177.995
2881 -178.387
2882 -178.399
2883 -178.878
2884 -178.828
2885 -178.975
2886 -178.126
2887 -178.49
2888 -180.133
2889 -180.433
2890 -180.419
2891 -180.355
2892 -181.06
2893 -179.922
2894 -178.654
2895 -180.003
2896 -179.948
2897 -178.191
2898 -178.123
2899 -177.889
2900 -178.196
2901 -177.694
2902 -178.224
2903 -179.299
2904 -177.939
2905 -178.539
2906 -178.593
2907 -178.963
2908 -179.304
2909 -179.321
2910 -180.63
2911 -180.814
2912 -180.179
2913 -180.357
2914 -180.023
2915 -178.995
2916 -180.629
2917 -180.576
2918 -179.775
2919 -180.24
2920 -180.541
2921 -180.584
2922 -181.974
2923 -178.469
2924 -179.252
2925 -178.708
2926 -180.874
2927 -180.732
2928 -180.856
2929 -181.579
2930 -180.857
2931 -181.581
2932 -180.261
2933 -181.329
2934 -180.034
2935 -180.925
2936 -180.306
2937 -179.245
2938 -180.191
2939 -180.294
2940 -178.472
2941 -178.726
2942 -178.501
2943 -178.843
2944 -179.149
2945 -178.615
2946 -179.993
2947 -179.516
2948 -180.558
2949 -182.347
2950 -180.215
2951 -181.725
2952 -181.009
2953 -181.063
2954 -182.135
2955 -181.607
2956 -180.31
2957 -179.986
2958 -181.941
2959 -181.995
2960 -180.121
2961 -181.568
2962 -180.647
2963 -181.14
2964 -181.34
2965 -179.841
2966 -180.467
2967 -182
2968 -182.681
2969 -182.126
2970 -182.838
2971 -181.647
2972 -182.285
2973 -181.973
2974 -180.552
2975 -181.394
2976 -179.65
2977 -181.643
2978 -180.581
2979 -182.5
2980 -181.163
2981 -181.446
2982 -179.826
2983 -179.914
2984 -180.205
2985 -178.714
2986 -179.147
2987 -181.604
2988 -181.365
2989 -182.561
2990 -180.923
2991 -182.647
2992 -182.102
2993 -182.012
2994 -180.896
2995 -181.323
2996 -182.405
2997 -181.232
2998 -182.026
2999 -182.911
3000 -181.669
3001 -181.869
3002 -181.962
3003 -182.605
3004 -183.154
3005 -183.545
3006 -183.103
3007 -182.151
3008 -183.507
3009 -184.557
3010 -182.239
3011 -182.191
3012 -182.438
3013 -183.144
3014 -182.877
3015 -182.28
3016 -182.4
3017 -182.621
3018 -180.96
3019 -181.749
3020 -182.224
3021 -182.979
3022 -180.744
3023 -180.794
3024 -181.863
3025 -181.954
3026 -181.793
3027 -183.159
3028 -182.929
3029 -183.964
3030 -183.024
3031 -183.912
3032 -181.686
3033 -183.438
3034 -182.9
3035 -182.559
3036 -183.312
3037 -183.403
3038 -183.836
3039 -183.211
3040 -185.933
3041 -183.562
3042 -183.742
3043 -183.553
3044 -184.169
3045 -183.542
3046 -184.655
3047 -185.245
3048 -183.884
3049 -184.322
3050 -182.781
3051 -184.349
3052 -184.146
3053 -183.397
3054 -182.462
3055 -181.632
3056 -182.321
3057 -182.217
3058 -183.524
3059 -182.325
3060 -181.809
3061 -183.169
3062 -182.189
3063 -182.026
3064 -184.676
3065 -185.535
3066 -184.353
3067 -184.451
3068 -186.22
3069 -183.601
3070 -184.402
3071 -183.708
3072 -183.649
3073 -183.875
3074 -183.33
3075 -185.141
3076 -183.276
3077 -183.506
3078 -184.563
3079 -184.55
3080 -184.497
3081 -185.442
3082 -185.175
3083 -185.001
3084 -184.61
3085 -185.5
3086 -187.032
3087 -187.151
3088 -187.851
3089 -186.825
3090 -184.967
3091 -187.793
3092 -187.805
3093 -185.621
3094 -188.082
3095 -188.048
3096 -188.221
3097 -188.281
3098 -187.289
3099 -189.617
3100 -190.362
3101 -189.772
3102 -192.198
3103 -192.293
3104 -191.03
3105 -195.009
3106 -195.401
3107 -195.187
3108 -195.209
3109 -194.928
3110 -195.785
3111 -198.06
3112 -197.094
3113 -198.305
3114 -198.246
3115 -198.451
3116 -199.198
3117 -198.599
3118 -200.5
3119 -199.936
3120 -201.413
3121 -199.231
3122 -199.505
3123 -201.516
3124 -200.474
3125 -198.791
3126 -198.919
3127 -199.759
3128 -201.392
3129 -200.309
3130 -198.839
3131 -199.12
3132 -199.258
3133 -200.618
3134 -199.3
3135 -199.27
3136 -198.216
3137 -198.28
3138 -197.84
3139 -197.599
3140 -197.283
3141 -196.317
3142 -196.604
3143 -196.728
3144 -195.812
3145 -195.262
3146 -195.231
3147 -195.008
3148 -193.91
3149 -193.322
3150 -191.561
3151 -192.489
3152 -191.981
3153 -190.827
3154 -192.772
3155 -192.67
3156 -191.178
3157 -190.469
3158 -191.074
3159 -191.067
3160 -191.29
3161 -189.965
3162 -189.464
3163 -190.54
3164 -189.515
3165 -190.518
3166 -189.384
3167 -189.554
3168 -188.209
3169 -189.506
3170 -188.359
3171 -188.184
3172 -189.766
3173 -187.416
3174 -189.587
3175 -190.028
3176 -188.421
3177 -190.022
3178 -188.055
3179 -188.914
3180 -189.281
3181 -187.798
3182 -188.181
3183 -188.372
3184 -188.652
3185 -189.251
3186 -187.576
3187 -189.2
3188 -187.814
3189 -187.237
3190 -187.168
3191 -188.92
3192 -187.492
3193 -188.097
3194 -188.44
3195 -187.228
3196 -188.433
3197 -188.454
3198 -187.822
3199 -188.546
3200 -188.675
3201 -188.17
3202 -188.379
3203 -187.494
3204 -188.584
3205 -187.661
3206 -187.869
3207 -188.998
3208 -188.824
3209 -189.181
3210 -188.441
3211 -189.215
3212 -188.414
3213 -187.428
3214 -187.164
3215 -188.44
3216 -188.071
3217 -187.064
3218 -186.149
3219 -186.898
3220 -185.992
3221 -189.733
3222 -188.085
3223 -188.286
3224 -189.035
3225 -187.767
3226 -188.051
3227 -188.966
3228 -188.192
3229 -186.775
3230 -187.016
3231 -189.677
3232 -188.075
3233 -187.858
3234 -189.485
3235 -187.9
3236 -187.597
3237 -188.668
3238 -187.44
3239 -187.897
3240 -188.367
3241 -187.352
3242 -186.667
3243 -187.41
3244 -186.861
3245 -188.747
3246 -188.76
3247 -188.936
3248 -187.599
3249 -188.49
3250 -188.061
3251 -187.821
3252 -189.098
3253 -187.857
3254 -187.41
3255 -188.567
3256 -187.069
3257 -188.685
3258 -187.699
3259 -188.323
3260 -188.6
3261 -188.117
3262 -186.667
3263 -187.758
3264 -188.023
3265 -187.004
3266 -186.653
3267 -189.093
3268 -188.506
3269 -188.412
3270 -189.5
3271 -188.344
3272 -188.453
3273 -188.654
3274 -188.446
3275 -187.116
3276 -189.948
3277 -187.715
3278 -187.102
3279 -187.55
3280 -187.251
3281 -188.936
3282 -187.211
3283 -187.159
3284 -188.014
3285 -187.738
3286 -187.747
3287 -188.656
3288 -188.261
3289 -189.524
3290 -187.959
3291 -187.631
3292 -187.662
3293 -189.033
3294 -188.58
3295 -188.437
3296 -189.25
3297 -186.425
3298 -189.09
3299 -187.71
3300 -187.748
3301 -188.446
3302 -186.265
3303 -186.581
3304 -189.047
3305 -188.029
3306 -188.989
3307 -187.774
3308 -189.01
3309 -188.686
3310 -187.635
3311 -188.687
3312 -188.807
3313 -188.803
3314 -188.31
3315 -188.459
3316 -188.802
3317 -188.644
3318 -189.205
3319 -189.047
3320 -189.443
3321 -187.493
3322 -187.958
3323 -188.257
3324 -187.274
3325 -187.16
3326 -188.577
3327 -187.787
3328 -187.725
3329 -188.716
3330 -188.011
3331 -187.605
3332 -188.111
3333 -187.093
3334 -188.698
3335 -187.258
3336 -187.716
3337 -187.417
3338 -187.462
3339 -187.122
3340 -188.307
3341 -189.349
3342 -187.504
3343 -188.432
3344 -189.371
3345 -187.734
3346 -188.853
3347 -187.436
3348 -187.223
3349 -188.713
3350 -188.273
3351 -187.708
3352 -187.517
3353 -188.358
3354 -188.794
3355 -187.577
3356 -187.943
3357 -187.483
3358 -187.309
3359 -187.521
3360 -189.254
3361 -191.378
3362 -187.639
3363 -187.948
3364 -189.21
3365 -187.738
3366 -188.299
3367 -188.917
3368 -187.795
3369 -187.831
3370 -187.546
3371 -187.806
3372 -188.76
3373 -188.362
3374 -187.881
3375 -188.207
3376 -188.541
3377 -189.021
3378 -189.21
3379 -187.721
3380 -188.392
3381 -187.128
3382 -188.912
3383 -189.09
3384 -187.963
3385 -188.84
3386 -188.297
3387 -188.496
3388 -188.352
3389 -188.058
3390 -187.493
3391 -187.953
3392 -188.837
3393 -187.839
3394 -188.508
3395 -186.667
3396 -188.827
3397 -186.955
3398 -189.335
3399 -188.077
