0 -110.846
1 -109.604
2 -110.581
3 -108.972
4 -111.298
5 -109.148
6 -110.379
7 -109.71
8 -107.58
9 -111.979
10 -109.723
11 -110.997
12 -108.578
13 -110.422
14 -112.355
15 -110.497
16 -110.45
17 -111.605
18 -111.745
19 -111.766
20 -113.85
21 -114.024
22 -114.456
23 -113.002
24 -115.132
25 -114.98
26 -117.25
27 -117.176
28 -116.217
29 -118.474
30 -118.782
31 -119.962
32 -118.096
33 -122.177
34 -119.501
35 -122.518
36 -123.921
37 -123.032
38 -124.218
39 -124.31
40 -125.517
41 -125.254
42 -127.634
43 -126.792
44 -127.799
45 -129.678
46 -129.97
47 -130.657
48 -129.998
49 -130.564
50 -130.723
51 -131.175
52 -132.182
53 -130.465
54 -130.225
55 -129.959
56 -130.238
57 -130.693
58 -130.977
59 -130.885
60 -129.898
61 -128.604
62 -128.668
63 -127.517
64 -128.002
65 -128.062
66 -127.261
67 -128.638
68 -126.867
69 -126.205
70 -126.723
71 -124.196
72 -126.388
73 -124.252
74 -123.941
75 -123.195
76 -121.831
77 -122.251
78 -120.767
79 -120.489
80 -120.608
81 -121.014
82 -120.359
83 -120.366
84 -118.507
85 -120.102
86 -119.664
87 -120.244
88 -119.796
89 -118.819
90 -118.68
91 -117.982
92 -117.173
93 -118.471
94 -116.624
95 -118.592
96 -118.372
97 -119.552
98 -119.037
99 -121.016
100 -119.275
101 -119.547
102 -120.233
103 -120.312
104 -119.599
105 -119.839
106 -120.065
107 -121.446
108 -120.091
109 -121.138
110 -119.451
111 -118.733
112 -118.213
113 -119.164
114 -118.417
115 -117.96
116 -118.592
117 -118.818
118 -119.008
119 -119.911
120 -119.67
121 -117.663
122 -116.641
123 -116.806
124 -117.906
125 -118.289
126 -119.135
127 -117.61
128 -118.159
129 -116.667
130 -117.604
131 -117.687
132 -118.214
133 -117.782
134 -115.858
135 -118.432
136 -117.178
137 -118.556
138 -118.263
139 -118.099
140 -117.541
141 -121.152
142 -121.082
143 -118.898
144 -118.922
145 -119.068
146 -119.219
147 -119.944
148 -120.118
149 -120.247
150 -121.136
151 -119.401
152 -117.913
153 -119.834
154 -119.061
155 -117.427
156 -119.123
157 -119.003
158 -120.73
159 -118.605
160 -119.601
161 -118.2
162 -117.387
163 -118.686
164 -116.957
165 -118.309
166 -117.746
167 -117.869
168 -119.228
169 -118.461
170 -119.831
171 -116.906
172 -118.137
173 -116.49
174 -117.817
175 -117.311
176 -120.148
177 -118.766
178 -119.716
179 -118.762
180 -120.358
181 -120.478
182 -119.093
183 -119.998
184 -122.111
185 -119.561
186 -120.952
187 -120.7
188 -120.717
189 -120.284
190 -121.502
191 -117.638
192 -119.744
193 -118.712
194 -119.202
195 -118.546
196 -119.914
197 -119.444
198 -119.655
199 -121.935
200 -120.406
201 -119.649
202 -118.974
203 -118.492
204 -118.06
205 -117.829
206 -116.418
207 -117.809
208 -120.495
209 -119.511
210 -119.913
211 -118.972
212 -118.661
213 -117.801
214 -117.509
215 -117.472
216 -118.013
217 -119.356
218 -116.985
219 -120.316
220 -119.548
221 -119.96
222 -121.244
223 -119.174
224 -119.709
225 -117.939
226 -119.31
227 -119.787
228 -119.822
229 -121.846
230 -121.347
231 -121.789
232 -120.293
233 -118.308
234 -119.669
235 -120.404
236 -119.231
237 -121.233
238 -120.89
239 -120.208
240 -120.988
241 -122.193
242 -119.706
243 -118.753
244 -118.578
245 -117.393
246 -117.308
247 -116.684
248 -119.47
249 -119.044
250 -119.219
251 -118.515
252 -118.62
253 -119.196
254 -116.829
255 -118.1
256 -117.085
257 -118.778
258 -118.577
259 -121.253
260 -120.107
261 -119.629
262 -120.099
263 -121.706
264 -120.316
265 -120.464
266 -121.342
267 -120.752
268 -121.31
269 -120.062
270 -121.427
271 -121.043
272 -119.522
273 -121.496
274 -120.321
275 -120.383
276 -119.91
277 -119.551
278 -119.898
279 -119.274
280 -119.53
281 -121.829
282 -120.98
283 -120.826
284 -119.336
285 -118.599
286 -117.628
287 -118.777
288 -119.578
289 -118.535
290 -120.202
291 -118.831
292 -120.043
293 -119.374
294 -119.714
295 -117.023
296 -117.207
297 -118.439
298 -119.301
299 -120.044
300 -120.931
301 -120.64
302 -120.655
303 -119.777
304 -121.477
305 -120.715
306 -119.554
307 -121.154
308 -120.472
309 -120.957
310 -121.725
311 -122.051
312 -121.033
313 -120.792
314 -120
315 -120.896
316 -120.792
317 -119.961
318 -120.309
319 -118.981
320 -118.724
321 -122.371
322 -120.387
323 -120.466
324 -118.684
325 -119.897
326 -119.175
327 -119.699
328 -119.395
329 -118.785
330 -120.635
331 -119.664
332 -118.648
333 -118.723
334 -120.078
335 -119.32
336 -118.431
337 -118.598
338 -118.589
339 -118.969
340 -120.808
341 -120.951
342 -120.473
343 -121.763
344 -122.138
345 -120.677
346 -121.052
347 -120.872
348 -120.073
349 -121.13
350 -121.26
351 -119.848
352 -120.691
353 -120.208
354 -121.922
355 -118.76
356 -119.936
357 -119.906
358 -118.767
359 -120.449
360 -119.067
361 -120.878
362 -120.371
363 -121.223
364 -119.523
365 -119.647
366 -119.995
367 -117.744
368 -118.572
369 -119.606
370 -119.72
371 -120.397
372 -119.746
373 -120.264
374 -119.776
375 -118.778
376 -118.473
377 -118.862
378 -117.769
379 -119.971
380 -120.202
381 -120.663
382 -121.41
383 -121.527
384 -120.166
385 -121.034
386 -119.737
387 -120.397
388 -120.364
389 -121.099
390 -121.284
391 -120.4
392 -121.664
393 -120.943
394 -121.131
395 -120.406
396 -120.716
397 -120.565
398 -119.557
399 -119.085
400 -120.339
401 -121.009
402 -120.195
403 -120.988
404 -121.048
405 -119.893
406 -119.662
407 -120.275
408 -118.022
409 -120.206
410 -118.695
411 -120.546
412 -119.855
413 -118.544
414 -118.709
415 -118.583
416 -118.292
417 -118.876
418 -118.088
419 -119.343
420 -119.357
421 -119.602
422 -119.483
423 -119.955
424 -120.405
425 -118.66
426 -119.263
427 -118.015
428 -117.393
429 -118.958
430 -118.154
431 -117.913
432 -118.343
433 -118.169
434 -117.209
435 -116.418
436 -115.95
437 -114.548
438 -113.501
439 -112.927
440 -112.62
441 -111.937
442 -112.393
443 -111.315
444 -111.417
445 -110.353
446 -109.816
447 -109.891
448 -108.34
449 -106.072
450 -106.204
451 -105.076
452 -106.395
453 -105.226
454 -106.9
455 -103.345
456 -104.894
457 -103.946
458 -103.599
459 -103.745
460 -101.547
461 -103.761
462 -103.534
463 -103.956
464 -102.788
465 -104.265
466 -105.933
467 -104.723
468 -103.987
469 -106.572
470 -105.6
471 -105.831
472 -106.326
473 -107.003
474 -106.868
475 -107.82
476 -108.323
477 -107.69
478 -108.208
479 -109.029
480 -109.759
481 -110.663
482 -111.464
483 -111.965
484 -110.155
485 -110.505
486 -112.835
487 -114.082
488 -112.802
489 -112.778
490 -113.954
491 -113.857
492 -113.712
493 -112.905
494 -113.593
495 -113.921
496 -114.476
497 -114.502
498 -113.696
499 -114.69
500 -112.69
501 -113.407
502 -115.542
503 -114.654
504 -113.811
505 -115.67
506 -115.077
507 -115.591
508 -115.331
509 -115.787
510 -113.895
511 -115.188
512 -115.931
513 -115.901
514 -115.746
515 -117.536
516 -116.001
517 -117.107
518 -115.572
519 -116.033
520 -116.916
521 -116.303
522 -116.381
523 -116.72
524 -117.486
525 -115.701
526 -117.316
527 -118.001
528 -116.859
529 -114.601
530 -116.384
531 -114.445
532 -115.762
533 -115.203
534 -115.951
535 -114.741
536 -117.151
537 -114.409
538 -115.404
539 -115.931
540 -116.032
541 -116.255
542 -116.123
543 -115.5
544 -115.679
545 -114.971
546 -115.779
547 -115.98
548 -116.63
549 -116.59
550 -114.138
551 -116.906
552 -116.43
553 -115.263
554 -116.709
555 -115.281
556 -114.52
557 -112.669
558 -112.161
559 -112.093
560 -111.8
561 -110.555
562 -109.563
563 -111.043
564 -109.374
565 -109.233
566 -106.216
567 -107.576
568 -107.675
569 -106.435
570 -106.381
571 -105.963
572 -105.358
573 -105.756
574 -102.727
575 -100.997
576 -102.038
577 -101.87
578 -100.664
579 -99.3681
580 -99.3137
581 -100.097
582 -98.3503
583 -96.2719
584 -96.0432
585 -96.3862
586 -95.1549
587 -94.574
588 -96.6431
589 -95.0648
590 -95.0896
591 -95.8214
592 -95.2441
593 -95.3372
594 -93.456
595 -96.5426
596 -95.3052
597 -96.2846
598 -95.7059
599 -96.4433
600 -97.5807
601 -99.4998
602 -99.0063
603 -99.2345
604 -101.115
605 -100.696
606 -99.6249
607 -101.687
608 -102.456
609 -103.438
610 -103.489
611 -104.43
612 -104.06
613 -107.443
614 -105.162
615 -106.788
616 -106.641
617 -108.03
618 -106.843
619 -107.556
620 -106.751
621 -110.03
622 -108.417
623 -107.565
624 -106.222
625 -107.731
626 -108.479
627 -107.681
628 -109.442
629 -108.075
630 -109.538
631 -109.738
632 -108.824
633 -108.666
634 -107.071
635 -106.41
636 -107.627
637 -108.196
638 -107.519
639 -106.381
640 -107.888
641 -106.796
642 -105.263
643 -105.241
644 -105.802
645 -106.992
646 -106.865
647 -108.805
648 -110.603
649 -109.602
650 -109.578
651 -110.675
652 -110.656
653 -109.088
654 -108.82
655 -111.437
656 -108.86
657 -107.726
658 -109.219
659 -109.449
660 -108.543
661 -107.942
662 -110.028
663 -110.153
664 -110.142
665 -110.045
666 -109.078
667 -110.43
668 -108.429
669 -111.115
670 -110.215
671 -110.247
672 -109.584
673 -110.427
674 -112.159
675 -109.91
676 -109.942
677 -108.077
678 -108.889
679 -108.453
680 -108.237
681 -106.815
682 -107.965
683 -107.383
684 -107.018
685 -107.13
686 -109.143
687 -107.808
688 -110.218
689 -110.157
690 -108.557
691 -110.675
692 -112.067
693 -111.051
694 -110
695 -108.815
696 -109.99
697 -108.633
698 -109.362
699 -110.375
700 -108.802
701 -110.961
702 -110.606
703 -110.523
704 -110.542
705 -108.878
706 -110.032
707 -109.262
708 -109.445
709 -109.023
710 -110.009
711 -109.82
712 -113.183
713 -111.25
714 -110.237
715 -109.519
716 -111.604
717 -109.23
718 -107.993
719 -108.564
720 -107.314
721 -108.14
722 -105.907
723 -108
724 -106.882
725 -107.517
726 -107.533
727 -106.94
728 -109.432
729 -109.158
730 -109.776
731 -110.025
732 -109.161
733 -110.275
734 -108.535
735 -109.878
736 -111.345
737 -110.357
738 -109.278
739 -110.594
740 -109.042
741 -110.812
742 -110.666
743 -111.501
744 -110.26
745 -109.896
746 -110.353
747 -110.561
748 -111.1
749 -110.068
750 -110.029
751 -111.532
752 -111.244
753 -111.704
754 -111.076
755 -110.021
756 -108.504
757 -109.874
758 -109.224
759 -106.576
760 -108.689
761 -107.587
762 -107.152
763 -107.195
764 -107.63
765 -107.662
766 -108.618
767 -108.103
768 -108.269
769 -108.824
770 -111.15
771 -109.53
772 -108.791
773 -109.517
774 -110.898
775 -108.387
776 -111.647
777 -111.256
778 -111.829
779 -109.044
780 -110.029
781 -109.202
782 -107.96
783 -110.407
784 -109.711
785 -109.62
786 -110.096
787 -109.636
788 -110.046
789 -110.291
790 -109.353
791 -107.251
792 -109.062
793 -110.258
794 -110.294
795 -109.371
796 -109.778
797 -108.744
798 -108.654
799 -108.88
800 -107.122
801 -107.059
802 -107.653
803 -107.323
804 -108.085
805 -107.27
806 -106.473
807 -107.375
808 -108.21
809 -107.385
810 -108.911
811 -109.942
812 -109.447
813 -108.997
814 -107.456
815 -109.956
816 -110.622
817 -108.679
818 -108.872
819 -109.439
820 -110.225
821 -107.766
822 -107.815
823 -109.892
824 -109.239
825 -110.623
826 -109.083
827 -108.767
828 -107.811
829 -108.519
830 -109.215
831 -108.587
832 -109.643
833 -108.121
834 -110.216
835 -112.613
836 -109.523
837 -110.551
838 -107.52
839 -108.088
840 -107.271
841 -106.575
842 -107.489
843 -107.071
844 -106.046
845 -106.271
846 -105.332
847 -105.064
848 -106.435
849 -106.646
850 -108.862
851 -109.241
852 -110.3
853 -109.971
854 -109.817
855 -110.721
856 -111.639
857 -109.894
858 -109.88
859 -109.508
860 -107.214
861 -109.333
862 -107.828
863 -109.548
864 -109.007
865 -109.897
866 -108.006
867 -108.859
868 -107.889
869 -109.56
870 -109.551
871 -109.477
872 -110.102
873 -108.401
874 -111.179
875 -108.723
876 -109.77
877 -109.847
878 -107.822
879 -107.684
880 -108.388
881 -106.956
882 -106.82
883 -104.804
884 -106.272
885 -104.965
886 -105.857
887 -106.56
888 -104.815
889 -107.749
890 -106.965
891 -108.103
892 -109.655
893 -108.927
894 -107.583
895 -109.034
896 -109.25
897 -109.364
898 -108.031
899 -108.156
900 -108.118
901 -108.874
902 -108.796
903 -107.171
904 -107.716
905 -106.5
906 -107.516
907 -108.989
908 -108.197
909 -107.189
910 -107.158
911 -107.16
912 -107.135
913 -108.755
914 -109.495
915 -105.894
916 -109.394
917 -106.609
918 -107.635
919 -108.808
920 -108.033
921 -107.462
922 -106.577
923 -104.163
924 -107.84
925 -105.526
926 -104.957
927 -105.369
928 -105.052
929 -106.319
930 -105.922
931 -105.288
932 -107.21
933 -107.399
934 -106.7
935 -107.981
936 -108.798
937 -107.888
938 -106.77
939 -107.893
940 -109.294
941 -108.53
942 -107.025
943 -108.562
944 -106.558
945 -106.459
946 -107.572
947 -108.808
948 -108.362
949 -106.926
950 -107.759
951 -107.064
952 -107.453
953 -106.513
954 -107.305
955 -107.049
956 -109.36
957 -107.763
958 -107.979
959 -107.744
960 -106.835
961 -107.952
962 -107.525
963 -106.293
964 -106.703
965 -106.688
966 -107.648
967 -106.955
968 -107.627
969 -109.574
970 -109.655
971 -109.495
972 -110.402
973 -112.074
974 -112.903
975 -113.414
976 -114.015
977 -114.152
978 -116.761
979 -117.163
980 -117.617
981 -116.147
982 -117.163
983 -116.392
984 -117.014
985 -118.801
986 -118.968
987 -119.824
988 -120.692
989 -121.476
990 -122.902
991 -123.66
992 -122.787
993 -121.694
994 -121.656
995 -120.553
996 -121.073
997 -121.627
998 -122.512
999 -121.907
1000 -120.144
1001 -121.52
1002 -122.153
1003 -120.931
1004 -121.404
1005 -120.799
1006 -119.88
1007 -119.617
1008 -119.362
1009 -119.298
1010 -119.063
1011 -118.316
1012 -117.976
1013 -118.375
1014 -118.282
1015 -116.137
1016 -115.942
1017 -116.468
1018 -115.449
1019 -114.395
1020 -113.799
1021 -114.73
1022 -112.99
1023 -114.533
1024 -113.757
1025 -112.972
1026 -113.492
1027 -112.126
1028 -114.338
1029 -111.461
1030 -112.159
1031 -112.692
1032 -111.951
1033 -113.082
1034 -111.432
1035 -111.825
1036 -111.689
1037 -109.715
1038 -109.849
1039 -110.687
1040 -110.475
1041 -110.822
1042 -111.23
1043 -113.464
1044 -109.759
1045 -110.339
1046 -108.277
1047 -108.955
1048 -110.461
1049 -109.016
1050 -110.58
1051 -108.556
1052 -109.884
1053 -109.87
1054 -110.983
1055 -109.913
1056 -109.877
1057 -108.882
1058 -110.113
1059 -108.916
1060 -109.407
1061 -110.176
1062 -109.256
1063 -109.741
1064 -110.083
1065 -109.989
1066 -110.393
1067 -109.174
1068 -110.918
1069 -110.229
1070 -109.341
1071 -109.755
1072 -108.515
1073 -110.671
1074 -109.679
1075 -110.05
1076 -109.805
1077 -110.441
1078 -110.098
1079 -109.913
1080 -108.768
1081 -109.272
1082 -109.153
1083 -108.693
1084 -109.5
1085 -106.99
1086 -110.236
1087 -107.252
1088 -110.778
1089 -110.092
1090 -111.104
1091 -109.82
1092 -110.6
1093 -112.515
1094 -112.261
1095 -112.579
1096 -113.228
1097 -113.591
1098 -114.447
1099 -116.022
1100 -117.118
1101 -116.483
1102 -116.211
1103 -117.142
1104 -118.363
1105 -118.641
1106 -118.754
1107 -121.205
1108 -121.28
1109 -120.517
1110 -122.229
1111 -121.738
1112 -125.094
1113 -124.112
1114 -123.956
1115 -125.522
1116 -126.195
1117 -126.31
1118 -127.959
1119 -128.432
1120 -128.552
1121 -131.662
1122 -129.282
1123 -129.014
1124 -129.404
1125 -130.407
1126 -129.127
1127 -129.549
1128 -129.608
1129 -131.855
1130 -129.104
1131 -130.472
1132 -129.769
1133 -128.548
1134 -128.131
1135 -128.869
1136 -128.929
1137 -126.909
1138 -127.279
1139 -127.716
1140 -126.055
1141 -126.039
1142 -126.551
1143 -124.825
1144 -123.727
1145 -124.607
1146 -124.289
1147 -123.865
1148 -122.647
1149 -122.925
1150 -121.353
1151 -120.768
1152 -120.59
1153 -118.967
1154 -120.33
1155 -119.257
1156 -119.859
1157 -118.979
1158 -120.141
1159 -118.102
1160 -119.213
1161 -118.647
1162 -117.917
1163 -116.789
1164 -117.494
1165 -117.058
1166 -117.214
1167 -118.17
1168 -117.964
1169 -119.51
1170 -118.638
1171 -119.394
1172 -119.319
1173 -120.017
1174 -120.121
1175 -120.256
1176 -119.072
1177 -117.76
1178 -119.302
1179 -118.46
1180 -119.308
1181 -119.561
1182 -118.302
1183 -119.38
1184 -117.7
1185 -118.858
1186 -117.163
1187 -116.84
1188 -118.364
1189 -118.504
1190 -118.61
1191 -117.856
1192 -118.18
1193 -117.721
1194 -116.862
1195 -115.632
1196 -118.017
1197 -116.736
1198 -115.417
1199 -116.591
1200 -115.957
1201 -118.687
1202 -115.976
1203 -117.155
1204 -117.19
1205 -116.121
1206 -115.569
1207 -116.041
1208 -117.121
1209 -117.995
1210 -117.278
1211 -118.973
1212 -117.525
1213 -117.722
1214 -118.236
1215 -119.234
1216 -118.527
1217 -116.073
1218 -119.755
1219 -119.196
1220 -119.77
1221 -119.032
1222 -120.631
1223 -117.657
1224 -119.123
1225 -119.771
1226 -118.201
1227 -118.717
1228 -115.719
1229 -118.632
1230 -119.322
1231 -119.324
1232 -118.888
1233 -118.022
1234 -117.67
1235 -117.489
1236 -118.142
1237 -117.887
1238 -118.513
1239 -117.973
1240 -118.187
1241 -118.575
1242 -116.836
1243 -117.969
1244 -117.725
1245 -116.26
1246 -116.339
1247 -116.145
1248 -116.4
1249 -117.636
1250 -117.842
1251 -120.459
1252 -119.819
1253 -119.774
1254 -117.345
1255 -119.166
1256 -119.404
1257 -119.559
1258 -118.326
1259 -118.972
1260 -118.451
1261 -120.338
1262 -120.558
1263 -119.614
1264 -120.214
1265 -119.936
1266 -118.645
1267 -118.96
1268 -119.481
1269 -117.62
1270 -118.527
1271 -118.553
1272 -118.628
1273 -117.57
1274 -118.559
1275 -117.804
1276 -118.146
1277 -116.724
1278 -117.09
1279 -116.327
1280 -116.882
1281 -119.042
1282 -121.114
1283 -117.623
1284 -117.282
1285 -116.369
1286 -115.785
1287 -117.23
1288 -116.844
1289 -116.982
1290 -118.563
1291 -119.917
1292 -119.881
1293 -120.923
1294 -119.858
1295 -119.085
1296 -119.543
1297 -119.272
1298 -118.824
1299 -120.38
1300 -119.241
1301 -119.818
1302 -120.818
1303 -120.406
1304 -120.154
1305 -120.314
1306 -119.783
1307 -119.884
1308 -118.832
1309 -121.31
1310 -117.889
1311 -117.91
1312 -119.987
1313 -119.365
1314 -119.233
1315 -119.141
1316 -115.665
1317 -116.137
1318 -117.316
1319 -116.514
1320 -117.433
1321 -117.698
1322 -116.266
1323 -118.444
1324 -116.517
1325 -118.013
1326 -116.264
1327 -117.047
1328 -117.98
1329 -119.21
1330 -118.217
1331 -117.667
1332 -118.94
1333 -120.002
1334 -120.576
1335 -120.512
1336 -119.651
1337 -120.269
1338 -119.118
1339 -118.985
1340 -119.728
1341 -120.924
1342 -120.215
1343 -119.523
1344 -120.427
1345 -122.312
1346 -119.123
1347 -120.366
1348 -118.689
1349 -118.65
1350 -118.603
1351 -118.706
1352 -118.625
1353 -119.115
1354 -118.423
1355 -117.185
1356 -119.077
1357 -117.272
1358 -117.468
1359 -117.687
1360 -118.271
1361 -117.432
1362 -118.945
1363 -119.494
1364 -118.789
1365 -118.718
1366 -118.542
1367 -118.356
1368 -118.018
1369 -117.123
1370 -114.614
1371 -118.689
1372 -118.324
1373 -120.885
1374 -119.139
1375 -119.496
1376 -119.945
1377 -118.728
1378 -118.149
1379 -119.79
1380 -119.511
1381 -120.176
1382 -120.017
1383 -120.783
1384 -119.531
1385 -120.622
1386 -119.7
1387 -120.813
1388 -118.868
1389 -118.747
1390 -119.875
1391 -117.948
1392 -120.086
1393 -118.977
1394 -118.624
1395 -119.659
1396 -119.042
1397 -118.043
1398 -118.205
1399 -117.768
1400 -117.931
1401 -118.419
1402 -118.814
1403 -118.548
1404 -119.73
1405 -118.003
1406 -119.445
1407 -118.5
1408 -116.581
1409 -117.638
1410 -117.896
1411 -117.642
1412 -117.591
1413 -119.03
1414 -119.709
1415 -120.349
1416 -120.001
1417 -118.845
1418 -120.32
1419 -119.191
1420 -118.807
1421 -119.326
1422 -119.908
1423 -119.466
1424 -120.239
1425 -119.649
1426 -119.843
1427 -118.818
1428 -119.64
1429 -119.198
1430 -118.472
1431 -119.147
1432 -120.248
1433 -119.332
1434 -117.857
1435 -120.586
1436 -118.473
1437 -118.235
1438 -118.204
1439 -116.527
1440 -117.309
1441 -116.948
1442 -118.12
1443 -118.085
1444 -119.048
1445 -116.755
1446 -117.608
1447 -117.18
1448 -117.533
1449 -116.738
1450 -117.802
1451 -116.676
1452 -118.285
1453 -118.419
1454 -119.417
1455 -119.86
1456 -121.835
1457 -118.553
1458 -118.466
1459 -119.335
1460 -120.807
1461 -119.114
1462 -121.068
1463 -119.954
1464 -121.505
1465 -119.948
1466 -120.85
1467 -121.461
1468 -121.013
1469 -118.963
1470 -119.352
1471 -118.878
1472 -118.628
1473 -119.757
1474 -119.335
1475 -119.851
1476 -119.498
1477 -120.769
1478 -119.879
1479 -116.946
1480 -117.677
1481 -117.075
1482 -118.131
1483 -118.82
1484 -118.604
1485 -117.714
1486 -118.857
1487 -117.914
1488 -117.933
1489 -117.054
1490 -116.667
1491 -118.074
1492 -116.638
1493 -117.954
1494 -118.942
1495 -118.751
1496 -119.482
1497 -119.015
1498 -119.134
1499 -117.664
1500 -117.812
1501 -117.834
1502 -117.54
1503 -116.831
1504 -117.992
1505 -116.807
1506 -115.875
1507 -117.701
1508 -116.201
1509 -115.085
1510 -114.209
1511 -112.979
1512 -112.841
1513 -112.51
1514 -112.516
1515 -111.238
1516 -111.413
1517 -110.812
1518 -109.779
1519 -110.845
1520 -107.634
1521 -105.336
1522 -105.615
1523 -105.336
1524 -104.336
1525 -105.472
1526 -103.445
1527 -102.613
1528 -104.469
1529 -104.476
1530 -103.943
1531 -102.733
1532 -103.032
1533 -102.976
1534 -101.681
1535 -102.013
1536 -102.285
1537 -104.243
1538 -103.563
1539 -103.875
1540 -105.5
1541 -105.381
1542 -103.623
1543 -104.337
1544 -105.619
1545 -105.76
1546 -106.039
1547 -107.902
1548 -106.896
1549 -107.335
1550 -108.443
1551 -108.828
1552 -110.124
1553 -110.34
1554 -110.981
1555 -110.24
1556 -110.011
1557 -111.908
1558 -111.308
1559 -111.667
1560 -112.704
1561 -112.509
1562 -112.784
1563 -113.55
1564 -113.315
1565 -114.268
1566 -113.151
1567 -113.133
1568 -112.697
1569 -112.764
1570 -114.318
1571 -114.44
1572 -113.971
1573 -113.635
1574 -113.909
1575 -114.363
1576 -115.012
1577 -114.625
1578 -115.585
1579 -114.581
1580 -114.4
1581 -115.285
1582 -115.303
1583 -115.788
1584 -116.966
1585 -116.024
1586 -114.684
1587 -115.582
1588 -116.79
1589 -116.435
1590 -115.8
1591 -115.362
1592 -116.914
1593 -115.651
1594 -114.307
1595 -115.888
1596 -115.569
1597 -116.928
1598 -117.065
1599 -116.023
1600 -116.74
1601 -114.583
1602 -114.905
1603 -116.042
1604 -117.414
1605 -117.218
1606 -115.764
1607 -116.654
1608 -116.9
1609 -116.797
1610 -117.048
1611 -117.13
1612 -115.848
1613 -115.848
1614 -116.524
1615 -116.605
1616 -117.056
1617 -116.312
1618 -114.429
1619 -116.612
1620 -116.797
1621 -116.172
1622 -116.398
1623 -114.753
1624 -115.346
1625 -114.862
1626 -114.571
1627 -115.472
1628 -113.893
1629 -113.559
1630 -112.789
1631 -112.806
1632 -111.225
1633 -111.719
1634 -110.853
1635 -110.599
1636 -109.359
1637 -109.725
1638 -109.319
1639 -108.692
1640 -107.244
1641 -107.516
1642 -106.068
1643 -104.936
1644 -103.553
1645 -104.146
1646 -103.962
1647 -102.726
1648 -101.73
1649 -102.604
1650 -100.811
1651 -99.4703
1652 -99.8775
1653 -99.34
1654 -97.5038
1655 -97.9432
1656 -96.1094
1657 -95.9166
1658 -95.5571
1659 -95.8
1660 -96.6694
1661 -95.104
1662 -94.3385
1663 -93.7644
1664 -96.0175
1665 -95.1209
1666 -94.779
1667 -95.6013
1668 -96.4706
1669 -94.712
1670 -95.5607
1671 -97.4799
1672 -97.1454
1673 -97.3767
1674 -97.8762
1675 -97.737
1676 -99.4651
1677 -100.665
1678 -101.155
1679 -100.032
1680 -100.643
1681 -104.49
1682 -102.493
1683 -102.488
1684 -103.8
1685 -105.431
1686 -104.926
1687 -105.681
1688 -105.559
1689 -105.672
1690 -105.038
1691 -104.143
1692 -106.014
1693 -106.362
1694 -108.047
1695 -106.787
1696 -106.806
1697 -106.403
1698 -106.393
1699 -108.556
1700 -108.206
1701 -109.368
1702 -107.404
1703 -109.51
1704 -107.562
1705 -108.427
1706 -108.266
1707 -107.588
1708 -107.063
1709 -106.896
1710 -107.254
1711 -107.509
1712 -105.709
1713 -105.46
1714 -106.627
1715 -106.969
1716 -105.983
1717 -105.424
1718 -108.771
1719 -107.616
1720 -107.254
1721 -108.792
1722 -108.444
1723 -108.839
1724 -111.082
1725 -108.899
1726 -108.808
1727 -109.465
1728 -110.305
1729 -109.239
1730 -108.97
1731 -106.561
1732 -109.254
1733 -110.637
1734 -109.289
1735 -111.351
1736 -110.132
1737 -109.919
1738 -109.427
1739 -109.513
1740 -109.298
1741 -109.05
1742 -109.291
1743 -111.078
1744 -112.048
1745 -112.633
1746 -110.279
1747 -109.385
1748 -108.125
1749 -108.602
1750 -107.703
1751 -107.187
1752 -108.71
1753 -107.878
1754 -106.771
1755 -106.505
1756 -109.307
1757 -107.721
1758 -109.136
1759 -108.697
1760 -110.027
1761 -107.871
1762 -110.083
1763 -110.037
1764 -109.901
1765 -110.771
1766 -111.337
1767 -110.135
1768 -108.421
1769 -110.197
1770 -108.788
1771 -109.496
1772 -108.905
1773 -109.416
1774 -108.856
1775 -108.822
1776 -110.103
1777 -110.724
1778 -109.332
1779 -108.676
1780 -110.059
1781 -109.516
1782 -109.611
1783 -110.219
1784 -109.181
1785 -110.449
1786 -111.544
1787 -109.554
1788 -109.341
1789 -110.193
1790 -108.186
1791 -106.907
1792 -107.775
1793 -108.333
1794 -107.804
1795 -107.719
1796 -109.073
1797 -107.617
1798 -108.068
1799 -108.178
1800 -107.008
1801 -107.527
1802 -107.77
1803 -108.726
1804 -109.145
1805 -110.154
1806 -108.815
1807 -111.221
1808 -110.519
1809 -110.443
1810 -108.898
1811 -109.732
1812 -108.925
1813 -107.858
1814 -108.74
1815 -111.093
1816 -111.134
1817 -110.889
1818 -109.053
1819 -109.988
1820 -109.692
1821 -108.38
1822 -109.396
1823 -110.592
1824 -110.533
1825 -110.98
1826 -110.806
1827 -110.852
1828 -109.826
1829 -107.89
1830 -110.274
1831 -107.775
1832 -108.662
1833 -108.05
1834 -107.984
1835 -107.449
1836 -106.459
1837 -106.909
1838 -105.012
1839 -107.457
1840 -106.446
1841 -107.593
1842 -108.078
1843 -108.832
1844 -110.024
1845 -108.085
1846 -110.021
1847 -109.787
1848 -111.021
1849 -110.539
1850 -111.837
1851 -108.357
1852 -108.851
1853 -108.402
1854 -109.909
1855 -108.45
1856 -109.094
1857 -110.336
1858 -109.395
1859 -108.446
1860 -109.284
1861 -109.898
1862 -110.025
1863 -109.625
1864 -109.131
1865 -110.969
1866 -110.206
1867 -111.737
1868 -109.898
1869 -108.889
1870 -109.404
1871 -107.046
1872 -108.178
1873 -108.169
1874 -107.883
1875 -107.062
1876 -106.445
1877 -107.383
1878 -105.265
1879 -106.068
1880 -107.591
1881 -107.821
1882 -109.697
1883 -107.078
1884 -109.318
1885 -109.148
1886 -109.207
1887 -109.118
1888 -108.751
1889 -110.693
1890 -109.62
1891 -110.006
1892 -108.814
1893 -109.415
1894 -109.145
1895 -108.827
1896 -108.129
1897 -110.028
1898 -110.346
1899 -109.949
1900 -108.117
1901 -109.298
1902 -109.442
1903 -110.446
1904 -110.35
1905 -109.145
1906 -110.142
1907 -110.157
1908 -110.055
1909 -108.926
1910 -108.562
1911 -109.439
1912 -109.162
1913 -108.279
1914 -108.483
1915 -106.818
1916 -106.978
1917 -107.203
1918 -105.352
1919 -106.35
1920 -106.463
1921 -107.058
1922 -108.49
1923 -107.731
1924 -107.316
1925 -109.065
1926 -110.072
1927 -107.746
1928 -109.611
1929 -109.293
1930 -109.35
1931 -109.61
1932 -108.764
1933 -109.499
1934 -109.479
1935 -108.645
1936 -108.229
1937 -110.462
1938 -109.398
1939 -107.454
1940 -109.766
1941 -108.694
1942 -109.349
1943 -108.353
1944 -109.263
1945 -109.769
1946 -109.044
1947 -109.429
1948 -109.282
1949 -110.067
1950 -109.079
1951 -108.338
1952 -107.612
1953 -107.692
1954 -106.794
1955 -106.55
1956 -107.361
1957 -106.985
1958 -106.592
1959 -107.064
1960 -106.308
1961 -107.423
1962 -106.489
1963 -106.666
1964 -107.187
1965 -107.579
1966 -107.652
1967 -109.119
1968 -108.114
1969 -109.626
1970 -109.098
1971 -108.561
1972 -109.599
1973 -107.903
1974 -106.349
1975 -108.51
1976 -107.834
1977 -108.18
1978 -108.548
1979 -108.214
1980 -108.147
1981 -109.111
1982 -108.139
1983 -106.521
1984 -107.337
1985 -107.401
1986 -110.181
1987 -109.375
1988 -110.151
1989 -107.264
1990 -109.205
1991 -108.573
1992 -108.092
1993 -106.818
1994 -105.325
1995 -105.784
1996 -107.021
1997 -105.547
1998 -105.303
1999 -105.75
2000 -104.485
2001 -104.853
2002 -105.264
2003 -105.137
2004 -106.082
2005 -105.79
2006 -107.33
2007 -108.099
2008 -107.462
2009 -108.045
2010 -108.52
2011 -108.61
2012 -107.143
2013 -106.503
2014 -107.854
2015 -106.899
2016 -107.771
2017 -106.881
2018 -107.229
2019 -108.331
2020 -107.911
2021 -107.087
2022 -108.826
2023 -107.963
2024 -106.969
2025 -108.339
2026 -108.034
2027 -106.945
2028 -108.684
2029 -105.996
2030 -107.91
2031 -108.979
2032 -108.434
2033 -108.053
2034 -106.437
2035 -106.6
2036 -107.341
2037 -107.406
2038 -107.05
2039 -107.995
2040 -108.641
2041 -108.988
2042 -108.426
2043 -110.163
2044 -108.676
2045 -110.587
2046 -113.884
2047 -113.788
2048 -113.176
2049 -114.374
2050 -114.001
2051 -117.23
2052 -116.645
2053 -117.896
2054 -116.956
2055 -117.83
2056 -119.047
2057 -119.218
2058 -118.105
2059 -119.154
2060 -121.32
2061 -120.76
2062 -120.912
2063 -122.096
2064 -121.899
2065 -123.042
2066 -122.387
2067 -122.336
2068 -121.357
2069 -120.007
2070 -123.176
2071 -123.54
2072 -123.121
2073 -122.01
2074 -121.892
2075 -121.527
2076 -120.647
2077 -121.594
2078 -120.224
2079 -120.331
2080 -120.389
2081 -120.502
2082 -120.495
2083 -119.175
2084 -118.298
2085 -117.616
2086 -117.375
2087 -117.11
2088 -115.677
2089 -115.621
2090 -114.272
2091 -115.22
2092 -114.691
2093 -115.012
2094 -112.839
2095 -114.764
2096 -111.522
2097 -112.433
2098 -113.281
2099 -112.307
2100 -111.399
2101 -111.044
2102 -110.779
2103 -112.181
2104 -111.937
2105 -110.841
2106 -112.093
2107 -112.041
2108 -110.688
2109 -111.588
2110 -111.199
2111 -111.025
2112 -109.619
2113 -112.098
2114 -110.473
2115 -111.051
2116 -109.629
2117 -108.839
2118 -110.521
2119 -108.98
2120 -109.652
2121 -109.413
2122 -109.518
2123 -109.262
2124 -109.466
2125 -107.95
2126 -108.64
2127 -108.664
2128 -109.951
2129 -109.641
2130 -108.536
2131 -110.042
2132 -111.184
2133 -109.069
2134 -109.546
2135 -109
2136 -109.63
2137 -108.017
2138 -108.974
2139 -108.206
2140 -107.897
2141 -108.158
2142 -107.944
2143 -109.399
2144 -108.902
2145 -109.923
2146 -110.761
2147 -108.506
2148 -109.994
2149 -109.819
2150 -110.362
2151 -109.582
2152 -110.221
2153 -107.821
2154 -109.352
2155 -108.61
2156 -108.537
2157 -109.798
2158 -108.91
2159 -108.18
2160 -109.806
2161 -111.28
2162 -111.308
2163 -112.01
2164 -111.126
2165 -111.263
2166 -112.108
2167 -112.767
2168 -114.338
2169 -114.92
2170 -114.465
2171 -115.035
2172 -115.812
2173 -115.416
2174 -114.889
2175 -116.88
2176 -118.144
2177 -118.354
2178 -118.954
2179 -117.934
2180 -119.919
2181 -120.122
2182 -123.447
2183 -120.687
2184 -124.112
2185 -123.076
2186 -123.494
2187 -124.642
2188 -125.296
2189 -127.515
2190 -127.018
2191 -127.073
2192 -127.768
2193 -128.437
2194 -128.121
2195 -130.19
2196 -130.148
2197 -130.113
2198 -130.271
2199 -130.994
2200 -129.603
2201 -129.319
2202 -130.447
2203 -128.888
2204 -129.746
2205 -128.609
2206 -128.161
2207 -128.578
2208 -127.124
2209 -127.739
2210 -126.847
2211 -126.047
2212 -125.894
2213 -125.155
2214 -124.335
2215 -125.825
2216 -124.68
2217 -123.28
2218 -123.764
2219 -123.038
2220 -121.644
2221 -121.78
2222 -120.643
2223 -119.4
2224 -120.635
2225 -119.402
2226 -120.602
2227 -117.838
2228 -120.292
2229 -118.795
2230 -119.22
2231 -118.838
2232 -120.311
2233 -118.614
2234 -118.309
2235 -118.608
2236 -117.427
2237 -115.939
2238 -117.143
2239 -116.636
2240 -117.214
2241 -118.394
2242 -118.121
2243 -117.006
2244 -118.164
2245 -118.913
2246 -119.411
2247 -117.514
2248 -117.312
2249 -117.762
2250 -119.234
2251 -116.903
2252 -118.425
2253 -119.156
2254 -118.656
2255 -117.674
2256 -117.937
2257 -117.246
2258 -117.271
2259 -117.424
2260 -118.068
2261 -116.342
2262 -118.815
2263 -117.942
2264 -116.054
2265 -117.057
2266 -116.76
2267 -117.125
2268 -115.221
2269 -116.799
2270 -116.496
2271 -116.388
2272 -117.52
2273 -117.687
2274 -115.393
2275 -115.543
2276 -117.268
2277 -115.91
2278 -114.964
2279 -114.546
2280 -116.522
2281 -116.266
2282 -117.469
2283 -117.869
2284 -118.404
2285 -117.896
2286 -118.054
2287 -117.418
2288 -117.197
2289 -118.27
2290 -118.203
2291 -119.962
2292 -118.33
2293 -119.229
2294 -119.679
2295 -118.635
2296 -118.77
2297 -117.878
2298 -118.576
2299 -118.098
2300 -117.03
2301 -115.905
2302 -117.637
2303 -116.788
2304 -119.001
2305 -117.769
2306 -117.338
2307 -116.313
2308 -116.702
2309 -115.686
2310 -115.914
2311 -115.759
2312 -117.21
2313 -117.828
2314 -116.421
2315 -117.173
2316 -116.763
2317 -117.004
2318 -115.752
2319 -114.668
2320 -116.104
2321 -116.938
2322 -119.011
2323 -118.809
2324 -119.865
2325 -118.343
2326 -118.438
2327 -119.491
2328 -118.038
2329 -119.163
2330 -117.57
2331 -117.974
2332 -118.05
2333 -119.319
2334 -119.767
2335 -120.938
2336 -119.422
2337 -119.102
2338 -119.416
2339 -118.601
2340 -118.437
2341 -119.081
2342 -117.291
2343 -118.225
2344 -119.923
2345 -117.521
2346 -118.469
2347 -119.495
2348 -117.123
2349 -116.927
2350 -117.374
2351 -117.847
2352 -117.025
2353 -117.638
2354 -118.64
2355 -116.307
2356 -117.282
2357 -117.636
2358 -116.162
2359 -116.466
2360 -118.117
2361 -115.947
2362 -116.99
2363 -118.034
2364 -116.819
2365 -117.217
2366 -118.111
2367 -119.907
2368 -118.004
2369 -118.098
2370 -118.06
2371 -118.557
2372 -119.708
2373 -120.07
2374 -118.971
2375 -119.369
2376 -118.573
2377 -119.407
2378 -118.437
2379 -118.297
2380 -117.886
2381 -119.349
2382 -117.382
2383 -119.303
2384 -118.418
2385 -117.891
2386 -118.827
2387 -119.976
2388 -118.641
2389 -117.349
2390 -119.097
2391 -116.373
2392 -116.561
2393 -117.549
2394 -117.403
2395 -117.808
2396 -119.585
2397 -117.703
2398 -118.386
2399 -117.263
2400 -117.716
2401 -117.725
2402 -116.106
2403 -118.583
2404 -117.157
2405 -118.606
2406 -120.106
2407 -119.111
2408 -119.693
2409 -119.035
2410 -118.804
2411 -118.025
2412 -119.204
2413 -119.841
2414 -119.777
2415 -121.36
2416 -118.964
2417 -119.775
2418 -120.504
2419 -120.439
2420 -119.253
2421 -119.123
2422 -119.491
2423 -118.212
2424 -118.045
2425 -118.802
2426 -119.631
2427 -118.622
2428 -117.869
2429 -118.24
2430 -116.979
2431 -116.12
2432 -117.956
2433 -117.874
2434 -118.131
2435 -118.439
2436 -120.082
2437 -118.487
2438 -118.453
2439 -118.405
2440 -117.374
2441 -117.571
2442 -116.918
2443 -117.567
2444 -116.983
2445 -119.081
2446 -118.602
2447 -118.322
2448 -119.938
2449 -118.635
2450 -117.517
2451 -118.505
2452 -117.616
2453 -119.353
2454 -120.855
2455 -119.067
2456 -119.74
2457 -118.855
2458 -119.773
2459 -120.213
2460 -118.216
2461 -118.761
2462 -119.19
2463 -118.731
2464 -118.193
2465 -120.179
2466 -118.208
2467 -120.674
2468 -118.391
2469 -118.276
2470 -117.755
2471 -117.868
2472 -116.244
2473 -118.282
2474 -116.474
2475 -117.717
2476 -119.273
2477 -118.707
2478 -117.462
2479 -118.98
2480 -118.605
2481 -118.144
2482 -118.082
2483 -117.56
2484 -117.351
2485 -118.905
2486 -119.591
2487 -119.148
2488 -120.275
2489 -120.583
2490 -119.062
2491 -119.445
2492 -119.051
2493 -118.946
2494 -118.455
2495 -118.39
2496 -117.999
2497 -121.131
2498 -119.189
2499 -119.814
2500 -117.611
2501 -119.443
2502 -120.012
2503 -117.962
2504 -118
2505 -119.906
2506 -119.268
2507 -117.586
2508 -119.071
2509 -118.86
2510 -118.372
2511 -118.313
2512 -118.111
2513 -117.245
2514 -115.971
2515 -116.212
2516 -117.141
2517 -117.112
2518 -116.025
2519 -118.451
2520 -117.231
2521 -118.427
2522 -117.035
2523 -117.004
2524 -117.682
2525 -119.173
2526 -119.902
2527 -119.692
2528 -119.507
2529 -119.32
2530 -118.589
2531 -120.139
2532 -119.555
2533 -118.206
2534 -118.543
2535 -119.601
2536 -119.962
2537 -120.143
2538 -120.727
2539 -117.946
2540 -120.16
2541 -120.817
2542 -119.824
2543 -119.151
2544 -118.684
2545 -118.595
2546 -119.223
2547 -119.906
2548 -118.877
2549 -120.86
2550 -117.883
2551 -116.521
2552 -118.183
2553 -117.49
2554 -117.624
2555 -117.469
2556 -118.493
2557 -117.97
2558 -117.311
2559 -118
2560 -116.589
2561 -117.309
2562 -115.881
2563 -117.216
2564 -117.036
2565 -117.594
2566 -117.95
2567 -119.379
2568 -119.563
2569 -119.096
2570 -118.32
2571 -116.82
2572 -117.308
2573 -117.873
2574 -116.468
2575 -118.649
2576 -117.712
2577 -115.284
2578 -116.007
2579 -116.156
2580 -115.279
2581 -114.322
2582 -114.861
2583 -112.124
2584 -112.194
2585 -111.285
2586 -111.158
2587 -111.214
2588 -111.323
2589 -111.476
2590 -110.81
2591 -108.409
2592 -106.252
2593 -106.889
2594 -105.936
2595 -105.046
2596 -105.852
2597 -103.216
2598 -103.583
2599 -103.803
2600 -103.201
2601 -103.733
2602 -103.72
2603 -102.517
2604 -103.737
2605 -101.699
2606 -103.814
2607 -101.815
2608 -102.507
2609 -103.89
2610 -104.026
2611 -103.028
2612 -104.08
2613 -103.753
2614 -103.542
2615 -103.826
2616 -104.484
2617 -104.753
2618 -106.17
2619 -107.411
2620 -107.031
2621 -107.326
2622 -106.253
2623 -108.335
2624 -108.233
2625 -109.556
2626 -108.69
2627 -107.815
2628 -110.398
2629 -109.291
2630 -109.5
2631 -110.809
2632 -111.664
2633 -113.12
2634 -111.588
2635 -113.643
2636 -113.519
2637 -111.718
2638 -113.286
2639 -112.684
2640 -112.392
2641 -114.112
2642 -113.362
2643 -113.773
2644 -113.408
2645 -114.082
2646 -112.143
2647 -112.73
2648 -114.588
2649 -114.897
2650 -114.051
2651 -115.034
2652 -115.433
2653 -115.289
2654 -113.613
2655 -114.712
2656 -114.592
2657 -115.108
2658 -113.752
2659 -114.933
2660 -114.373
2661 -115.019
2662 -116.2
2663 -115.091
2664 -115.514
2665 -112.567
2666 -116.088
2667 -116.83
2668 -115.986
2669 -114.733
2670 -114.972
2671 -114.323
2672 -114.659
2673 -116.254
2674 -115.238
2675 -115.533
2676 -115.375
2677 -116.387
2678 -115.971
2679 -115.848
2680 -114.859
2681 -114.498
2682 -113.938
2683 -116.502
2684 -114.712
2685 -115.784
2686 -115.046
2687 -115.51
2688 -115.459
2689 -114.986
2690 -114.264
2691 -114.679
2692 -113.323
2693 -116.21
2694 -114.518
2695 -115.473
2696 -116.419
2697 -114.302
2698 -115.101
2699 -114.654
2700 -112.508
2701 -113.014
2702 -114.158
2703 -113.045
2704 -109.678
2705 -111.277
2706 -110.222
2707 -110.11
2708 -108.897
2709 -107.731
2710 -108.475
2711 -109.411
2712 -107.213
2713 -106.023
2714 -105.15
2715 -104.09
2716 -105.445
2717 -105.593
2718 -104.372
2719 -104.09
2720 -100.803
2721 -101.119
2722 -101.651
2723 -100.046
2724 -99.3964
2725 -98.418
2726 -99.3489
2727 -97.9107
2728 -97.4676
2729 -95.9969
2730 -94.8998
2731 -96.4351
2732 -94.8805
2733 -95.0751
2734 -95.2425
2735 -95.1914
2736 -94.8204
2737 -95.0881
2738 -93.9262
2739 -94.4643
2740 -94.2837
2741 -95.0141
2742 -94.5954
2743 -95.3149
2744 -96.2197
2745 -96.5241
2746 -96.9968
2747 -97.9015
2748 -98.37
2749 -98.8988
2750 -99.622
2751 -102.258
2752 -101.174
2753 -103.229
2754 -102.425
2755 -102.94
2756 -103.159
2757 -102.634
2758 -103.94
2759 -103.597
2760 -104.857
2761 -104.081
2762 -105.176
2763 -106.248
2764 -106.582
2765 -108.031
2766 -105.684
2767 -107.635
2768 -106.93
2769 -106.76
2770 -106.734
2771 -106.651
2772 -107.363
2773 -107.767
2774 -108.839
2775 -110.822
2776 -109.256
2777 -109.387
2778 -109.258
2779 -109.014
2780 -109.933
2781 -107.681
2782 -106.822
2783 -106.408
2784 -106.517
2785 -105.921
2786 -106.505
2787 -106.992
2788 -108.219
2789 -105.64
2790 -105.278
2791 -107.87
2792 -107.974
2793 -108.549
2794 -108.33
2795 -109.627
2796 -108.852
2797 -110.41
2798 -109.739
2799 -109.258
2800 -110.594
2801 -109.308
2802 -110.432
2803 -109.122
2804 -108.521
2805 -107.938
2806 -109.333
2807 -106.627
2808 -109.27
2809 -109.479
2810 -109.037
2811 -109.217
2812 -108.036
2813 -109.842
2814 -110.674
2815 -109.792
2816 -111.316
2817 -109.746
2818 -110.468
2819 -110.256
2820 -109.185
2821 -109.665
2822 -107.768
2823 -108.387
2824 -106.739
2825 -108.638
2826 -107.157
2827 -108.634
2828 -108.33
2829 -107.486
2830 -107.043
2831 -107.225
2832 -108.512
2833 -109.112
2834 -109.09
2835 -109.128
2836 -109.704
2837 -109.333
2838 -109.127
2839 -107.95
2840 -108.034
2841 -109.597
2842 -109.817
2843 -109.491
2844 -108.364
2845 -109.789
2846 -110.474
2847 -109.247
2848 -109.99
2849 -110.917
2850 -109.534
2851 -107.969
2852 -109.139
2853 -110.169
2854 -109.515
2855 -108.091
2856 -109.37
2857 -111.342
2858 -110.825
2859 -110.496
2860 -110.357
2861 -109.41
2862 -109.741
2863 -108.798
2864 -106.121
2865 -107.498
2866 -109.371
2867 -108.612
2868 -109.12
2869 -108.079
2870 -106.882
2871 -107.385
2872 -106.517
2873 -106.776
2874 -107.566
2875 -110.389
2876 -109.365
2877 -108.877
2878 -109.651
2879 -108.617
2880 -109.412
2881 -109.74
2882 -109.759
2883 -109.477
2884 -109.173
2885 -108.433
2886 -109.064
2887 -110.151
2888 -110.331
2889 -109.641
2890 -110.189
2891 -110.412
2892 -109
2893 -109.476
2894 -110.607
2895 -109.409
2896 -108.626
2897 -110.609
2898 -108.342
2899 -111.079
2900 -109.063
2901 -110.628
2902 -108.418
2903 -108.478
2904 -108.465
2905 -107.36
2906 -109.287
2907 -107.582
2908 -108.894
2909 -107.42
2910 -107.406
2911 -106.715
2912 -109.067
2913 -107.778
2914 -107.001
2915 -108.315
2916 -110.267
2917 -109.293
2918 -110.497
2919 -110.399
2920 -109.146
2921 -110.14
2922 -110.082
2923 -109.922
2924 -109.391
2925 -110.764
2926 -108.475
2927 -110.434
2928 -108.683
2929 -112.037
2930 -109.336
2931 -109.67
2932 -108.582
2933 -108.01
2934 -108.49
2935 -109.703
2936 -109.346
2937 -110.949
2938 -110.268
2939 -109.223
2940 -110.968
2941 -110.333
2942 -110.192
2943 -109.086
2944 -109.487
2945 -107.319
2946 -107.062
2947 -107.868
2948 -105.711
2949 -108.568
2950 -108.909
2951 -106.511
2952 -109.087
2953 -108.37
2954 -107.676
2955 -107.172
2956 -108.132
2957 -110.218
2958 -109.337
2959 -108.689
2960 -109.416
2961 -109.987
2962 -109.204
2963 -109.533
2964 -109.171
2965 -108.209
2966 -109.7
2967 -108.942
2968 -109.638
2969 -108.394
2970 -109.165
2971 -110.743
2972 -108.016
2973 -108.47
2974 -109.045
2975 -109.098
2976 -109.298
2977 -109.373
2978 -109.554
2979 -110.476
2980 -111.097
2981 -111.171
2982 -109.138
2983 -109.258
2984 -106.827
2985 -106.759
2986 -107.375
2987 -107.531
2988 -106.87
2989 -107.593
2990 -107.791
2991 -107.277
2992 -105.544
2993 -106.483
2994 -106.782
2995 -108.193
2996 -107.335
2997 -107.12
2998 -109.13
2999 -108.181
3000 -109.505
3001 -108.782
3002 -109.859
3003 -108.014
3004 -109.399
3005 -108.936
3006 -106.829
3007 -106.912
3008 -108.925
3009 -109.061
3010 -109.405
3011 -109.282
3012 -109.534
3013 -109.359
3014 -108.734
3015 -109.015
3016 -108.665
3017 -110.573
3018 -108.668
3019 -111.038
3020 -109.488
3021 -108.637
3022 -109.315
3023 -108.682
3024 -109.048
3025 -107.296
3026 -106.995
3027 -106.186
3028 -105.648
3029 -106.421
3030 -107.18
3031 -106.552
3032 -105.379
3033 -106.669
3034 -107.338
3035 -106.489
3036 -107.167
3037 -106.94
3038 -107.693
3039 -107.841
3040 -109.417
3041 -107.962
3042 -108.566
3043 -109.372
3044 -108.735
3045 -107.743
3046 -107.063
3047 -109.277
3048 -109.632
3049 -108.305
3050 -108.655
3051 -109.438
3052 -109.02
3053 -107.816
3054 -108.341
3055 -107.477
3056 -107.712
3057 -106.958
3058 -108.253
3059 -108.72
3060 -108.38
3061 -106.352
3062 -108.528
3063 -108.951
3064 -107.994
3065 -108.006
3066 -107.207
3067 -105.916
3068 -106.37
3069 -106.556
3070 -106.799
3071 -106.514
3072 -105.875
3073 -105.513
3074 -105.791
3075 -105.984
3076 -105.421
3077 -107.504
3078 -107.571
3079 -106.536
3080 -106.785
3081 -108.81
3082 -109.243
3083 -108.768
3084 -108.683
3085 -107.184
3086 -107.337
3087 -108.453
3088 -107.244
3089 -106.688
3090 -108.491
3091 -107.218
3092 -108.663
3093 -107.898
3094 -107.534
3095 -107.877
3096 -107.909
3097 -107.774
3098 -107.971
3099 -109.018
3100 -108.566
3101 -110.173
3102 -109.113
3103 -108.521
3104 -108.436
3105 -108.147
3106 -107.34
3107 -106.1
3108 -107.276
3109 -107.089
3110 -107.99
3111 -108.488
3112 -107.481
3113 -108.715
3114 -107.591
3115 -109.59
3116 -109.747
3117 -108.836
3118 -111.13
3119 -112.16
3120 -113.38
3121 -113.967
3122 -115.544
3123 -115.35
3124 -116.293
3125 -116.443
3126 -115.434
3127 -117.428
3128 -117.411
3129 -118.956
3130 -118.995
3131 -120.157
3132 -119.121
3133 -120.591
3134 -121
3135 -121.75
3136 -122.679
3137 -122.862
3138 -121.68
3139 -120.999
3140 -121.892
3141 -122.068
3142 -122.034
3143 -123.364
3144 -122.038
3145 -122.28
3146 -120.554
3147 -119.98
3148 -121.412
3149 -121.311
3150 -121.576
3151 -121.857
3152 -119.34
3153 -120.403
3154 -120.381
3155 -118.788
3156 -118.892
3157 -118.01
3158 -118.665
3159 -117.483
3160 -118.27
3161 -117.329
3162 -115.806
3163 -115.313
3164 -115.99
3165 -113.587
3166 -114.049
3167 -114
3168 -113.583
3169 -114.112
3170 -112.554
3171 -112.584
3172 -113.052
3173 -110.592
3174 -111.865
3175 -111.886
3176 -110.581
3177 -111.82
3178 -112.757
3179 -111.657
3180 -110.819
3181 -109.61
3182 -109.656
3183 -110.405
3184 -110.757
3185 -109.528
3186 -109.672
3187 -111.311
3188 -111.467
3189 -111.13
3190 -110.019
3191 -109.748
3192 -110.14
3193 -110.111
3194 -109.708
3195 -109.896
3196 -107.925
3197 -110.804
3198 -109.355
3199 -109.898
3200 -108.689
3201 -108.507
3202 -109.953
3203 -109.815
3204 -110.233
3205 -111.132
3206 -111.187
3207 -112.145
3208 -110.488
3209 -109.349
3210 -110.953
3211 -109.602
3212 -110.104
3213 -110.142
3214 -109.939
3215 -109.002
3216 -109.302
3217 -108.968
3218 -110.193
3219 -109.196
3220 -110.216
3221 -107.35
3222 -109.164
3223 -109.691
3224 -109.507
3225 -108.958
3226 -109.251
3227 -109.531
3228 -108.464
3229 -109.252
3230 -109.689
3231 -109.365
3232 -109.493
3233 -108.657
3234 -110.8
3235 -110.373
3236 -108.758
3237 -108.074
3238 -109.866
3239 -107.692
3240 -109.41
3241 -109.513
3242 -109.965
3243 -107.729
3244 -108.503
3245 -111.084
3246 -110.265
3247 -108.709
3248 -109.718
3249 -109.788
3250 -109.266
3251 -110.314
3252 -107.947
3253 -109.075
3254 -109.608
3255 -109.426
3256 -110.125
3257 -109.366
3258 -108.856
3259 -110.607
3260 -108.948
3261 -110.448
3262 -108.343
3263 -109.168
3264 -109.313
3265 -108.341
3266 -109.375
3267 -108.902
3268 -109.101
3269 -108.133
3270 -108.461
3271 -108.564
3272 -109.615
3273 -107.611
3274 -108.749
3275 -108.666
3276 -110.15
3277 -109.2
3278 -108.548
3279 -107.408
3280 -108.892
3281 -108.722
3282 -108.778
3283 -111.406
3284 -109.541
3285 -108.154
3286 -109.017
3287 -109.823
3288 -108.253
3289 -109.875
3290 -108.031
3291 -109.668
3292 -107.569
3293 -109.363
3294 -107.547
3295 -108.35
3296 -108.678
3297 -109.627
3298 -108.558
3299 -109.401
3300 -110.129
3301 -110.174
3302 -109.509
3303 -108.903
3304 -108.907
3305 -108.731
3306 -109.145
3307 -109.608
3308 -109.772
3309 -109.723
3310 -109.148
3311 -109.465
3312 -110.455
3313 -107.813
3314 -110.023
3315 -110.608
3316 -109.749
3317 -107.894
3318 -108.717
3319 -110.593
3320 -109.794
3321 -110.111
3322 -108.261
3323 -109.168
3324 -108.488
3325 -110.107
3326 -108.78
3327 -110.053
3328 -109.491
3329 -109.863
3330 -109.022
3331 -108.323
3332 -110.041
3333 -110.233
3334 -108.302
3335 -108.558
3336 -109.89
3337 -108.405
3338 -111.04
3339 -109.37
3340 -109.475
3341 -109.931
3342 -107.123
3343 -108.313
3344 -108.919
3345 -107.587
3346 -109.017
3347 -108.922
3348 -108.426
3349 -109.172
3350 -110.114
3351 -110.268
3352 -109.046
3353 -110.153
3354 -110.419
3355 -108.638
3356 -108.737
3357 -109.544
3358 -110.177
3359 -111.027
3360 -109.238
3361 -109.713
3362 -110.655
3363 -110.396
3364 -109.498
3365 -109.897
3366 -109.455
3367 -111.44
3368 -108.477
3369 -109.542
3370 -108.667
3371 -109.484
3372 -109.012
3373 -108.719
3374 -110.84
3375 -109.272
3376 -111.44
3377 -109.37
3378 -109.659
3379 -108.907
3380 -109.098
3381 -109.594
3382 -110.034
3383 -111.15
3384 -109.166
3385 -109.198
3386 -110.087
3387 -109.305
3388 -109.451
3389 -108.895
3390 -110.668
3391 -109.431
3392 -109.419
3393 -109.488
3394 -110.496
3395 -108.408
3396 -110.072
3397 -110.599
3398 -109.541
3399 -111.312
