0 -105.5
1 -105.66
2 -105.78
3 -105.97
4 -106.24
5 -106.58
6 -106.98
7 -107.47
8 -107.93
9 -108.41
10 -108.82
11 -109.21
12 -109.54
13 -109.88
14 -110.29
15 -110.71
16 -111.18
17 -111.69
18 -112.23
19 -112.74
20 -113.25
21 -113.73
22 -114.21
23 -114.73
24 -115.21
25 -115.72
26 -116.22
27 -116.76
28 -117.25
29 -117.69
30 -118.12
31 -118.58
32 -118.96
33 -119.29
34 -119.67
35 -120.03
36 -120.32
37 -120.7
38 -120.99
39 -121.15
40 -121.24
41 -121.23
42 -121.18
43 -121.05
44 -120.96
45 -120.87
46 -120.82
47 -120.79
48 -120.78
49 -120.68
50 -120.56
51 -120.35
52 -120.06
53 -119.85
54 -119.61
55 -119.44
56 -119.35
57 -119.29
58 -119.1
59 -118.88
60 -118.56
61 -118.22
62 -117.95
63 -117.68
64 -117.44
65 -117.2
66 -116.92
67 -116.55
68 -116.2
69 -115.81
70 -115.46
71 -115.1
72 -114.74
73 -114.35
74 -113.97
75 -113.64
76 -113.3
77 -112.99
78 -112.65
79 -112.3
80 -111.96
81 -111.54
82 -111.11
83 -110.75
84 -110.48
85 -110.36
86 -110.35
87 -110.3
88 -110.3
89 -110.3
90 -110.22
91 -110.2
92 -110.08
93 -109.83
94 -109.59
95 -109.34
96 -109.07
97 -108.82
98 -108.59
99 -108.4
100 -108.33
101 -108.49
102 -108.71
103 -109.1
104 -109.48
105 -109.79
106 -110.03
107 -110.24
108 -110.27
109 -110.23
110 -110.13
111 -109.95
112 -109.87
113 -109.87
114 -109.85
115 -109.89
116 -109.97
117 -110.01
118 -110.19
119 -110.25
120 -110.38
121 -110.39
122 -110.39
123 -110.29
124 -110.24
125 -110.14
126 -110.05
127 -109.88
128 -109.8
129 -109.6
130 -109.46
131 -109.41
132 -109.4
133 -109.39
134 -109.5
135 -109.52
136 -109.64
137 -109.8
138 -109.88
139 -109.62
140 -109.3
141 -108.93
142 -108.58
143 -108.23
144 -108.01
145 -107.75
146 -107.64
147 -107.7
148 -107.85
149 -107.97
150 -108.14
151 -108.41
152 -108.52
153 -108.5
154 -108.44
155 -108.3
156 -108.18
157 -107.96
158 -107.77
159 -107.58
160 -107.49
161 -107.64
162 -107.87
163 -108.21
164 -108.69
165 -109.22
166 -109.7
167 -110
168 -110.17
169 -110.12
170 -110.01
171 -109.85
172 -109.65
173 -109.57
174 -109.52
175 -109.51
176 -109.62
177 -109.81
178 -109.99
179 -110.26
180 -110.5
181 -110.59
182 -110.73
183 -110.83
184 -110.83
185 -110.8
186 -110.74
187 -110.59
188 -110.45
189 -110.3
190 -110.09
191 -109.8
192 -109.65
193 -109.63
194 -109.69
195 -109.85
196 -110.02
197 -110.23
198 -110.34
199 -110.2
200 -109.9
201 -109.56
202 -109.23
203 -108.93
204 -108.64
205 -108.38
206 -108.33
207 -108.38
208 -108.42
209 -108.58
210 -108.72
211 -108.85
212 -109.02
213 -109.07
214 -109.04
215 -108.95
216 -108.81
217 -108.67
218 -108.55
219 -108.36
220 -108.22
221 -108.26
222 -108.45
223 -108.8
224 -109.31
225 -109.91
226 -110.49
227 -110.82
228 -110.98
229 -110.92
230 -110.7
231 -110.45
232 -110.23
233 -110.1
234 -110.02
235 -110.03
236 -110.07
237 -110.22
238 -110.47
239 -110.78
240 -111.05
241 -111.21
242 -111.39
243 -111.46
244 -111.47
245 -111.44
246 -111.39
247 -111.23
248 -111.15
249 -110.97
250 -110.79
251 -110.6
252 -110.47
253 -110.46
254 -110.45
255 -110.61
256 -110.82
257 -110.99
258 -111.09
259 -110.85
260 -110.57
261 -110.19
262 -109.81
263 -109.53
264 -109.23
265 -108.96
266 -108.8
267 -108.79
268 -108.82
269 -109
270 -109.24
271 -109.42
272 -109.59
273 -109.61
274 -109.61
275 -109.54
276 -109.46
277 -109.27
278 -109.13
279 -108.92
280 -108.84
281 -108.91
282 -109.12
283 -109.45
284 -109.96
285 -110.53
286 -111.05
287 -111.37
288 -111.51
289 -111.44
290 -111.24
291 -111.05
292 -110.8
293 -110.68
294 -110.64
295 -110.64
296 -110.76
297 -110.95
298 -111.19
299 -111.43
300 -111.67
301 -111.86
302 -111.97
303 -111.98
304 -111.96
305 -111.92
306 -111.88
307 -111.76
308 -111.67
309 -111.44
310 -111.21
311 -110.97
312 -110.89
313 -110.82
314 -110.94
315 -111.08
316 -111.25
317 -111.48
318 -111.51
319 -111.36
320 -111.05
321 -110.74
322 -110.38
323 -110.06
324 -109.76
325 -109.47
326 -109.37
327 -109.37
328 -109.49
329 -109.7
330 -109.87
331 -110.08
332 -110.25
333 -110.33
334 -110.3
335 -110.15
336 -110.05
337 -109.86
338 -109.71
339 -109.51
340 -109.34
341 -109.4
342 -109.58
343 -109.92
344 -110.41
345 -110.97
346 -111.53
347 -111.84
348 -111.97
349 -111.85
350 -111.62
351 -111.37
352 -111.13
353 -111.02
354 -110.95
355 -110.9
356 -110.99
357 -111.13
358 -111.4
359 -111.73
360 -112.02
361 -112.18
362 -112.34
363 -112.4
364 -112.32
365 -112.2
366 -112.06
367 -111.86
368 -111.7
369 -111.58
370 -111.4
371 -111.29
372 -111.25
373 -111.22
374 -111.29
375 -111.42
376 -111.6
377 -111.76
378 -111.8
379 -111.56
380 -111.15
381 -110.79
382 -110.46
383 -110.21
384 -110.04
385 -109.79
386 -109.73
387 -109.73
388 -109.89
389 -110.05
390 -110.26
391 -110.44
392 -110.58
393 -110.58
394 -110.48
395 -110.39
396 -110.25
397 -110.12
398 -110.03
399 -109.85
400 -109.72
401 -109.77
402 -109.98
403 -110.33
404 -110.77
405 -111.29
406 -111.75
407 -112.02
408 -112.14
409 -112.12
410 -112.01
411 -111.86
412 -111.73
413 -111.63
414 -111.54
415 -111.41
416 -111.46
417 -111.55
418 -111.73
419 -111.98
420 -112.18
421 -112.36
422 -112.49
423 -112.58
424 -112.68
425 -112.64
426 -112.58
427 -112.42
428 -112.24
429 -112.05
430 -111.81
431 -111.61
432 -111.51
433 -111.45
434 -111.47
435 -111.6
436 -111.72
437 -111.98
438 -112.09
439 -111.87
440 -111.56
441 -111.23
442 -110.86
443 -110.62
444 -110.42
445 -110.14
446 -110.03
447 -110.05
448 -110.19
449 -110.4
450 -110.59
451 -110.8
452 -110.93
453 -110.89
454 -110.75
455 -110.64
456 -110.46
457 -110.32
458 -110.15
459 -110.01
460 -109.97
461 -110.01
462 -110.18
463 -110.47
464 -110.94
465 -111.47
466 -111.98
467 -112.23
468 -112.4
469 -112.32
470 -112.18
471 -111.98
472 -111.79
473 -111.64
474 -111.52
475 -111.45
476 -111.53
477 -111.63
478 -111.86
479 -112.16
480 -112.42
481 -112.57
482 -112.68
483 -112.76
484 -112.81
485 -112.83
486 -112.78
487 -112.66
488 -112.48
489 -112.25
490 -111.95
491 -111.74
492 -111.64
493 -111.58
494 -111.64
495 -111.74
496 -111.83
497 -111.95
498 -111.99
499 -111.84
500 -111.55
501 -111.27
502 -111.03
503 -110.84
504 -110.67
505 -110.44
506 -110.37
507 -110.41
508 -110.46
509 -110.58
510 -110.76
511 -110.86
512 -111
513 -111.09
514 -110.99
515 -110.9
516 -110.74
517 -110.53
518 -110.32
519 -110.05
520 -109.87
521 -109.95
522 -110.21
523 -110.59
524 -111.08
525 -111.66
526 -112.19
527 -112.53
528 -112.67
529 -112.64
530 -112.47
531 -112.24
532 -112.07
533 -111.96
534 -111.9
535 -111.91
536 -111.96
537 -112.02
538 -112.18
539 -112.42
540 -112.68
541 -112.8
542 -112.91
543 -112.97
544 -112.93
545 -112.92
546 -112.84
547 -112.78
548 -112.6
549 -112.38
550 -112.05
551 -111.86
552 -111.79
553 -111.79
554 -111.91
555 -111.96
556 -112.05
557 -112.1
558 -112.12
559 -111.97
560 -111.79
561 -111.6
562 -111.35
563 -111.21
564 -110.95
565 -110.66
566 -110.49
567 -110.41
568 -110.48
569 -110.58
570 -110.7
571 -110.81
572 -110.93
573 -110.96
574 -110.92
575 -110.87
576 -110.79
577 -110.68
578 -110.49
579 -110.27
580 -110.05
581 -110.02
582 -110.21
583 -110.5
584 -110.98
585 -111.52
586 -112.02
587 -112.29
588 -112.38
589 -112.29
590 -112.08
591 -111.69
592 -111.27
593 -110.93
594 -110.67
595 -110.46
596 -110.28
597 -110.16
598 -110.09
599 -110.16
600 -110.18
601 -110.15
602 -110.06
603 -109.83
604 -109.56
605 -109.23
606 -108.86
607 -108.44
608 -108
609 -107.5
610 -106.87
611 -106.2
612 -105.66
613 -105.18
614 -104.97
615 -104.79
616 -104.55
617 -104.25
618 -103.89
619 -103.53
620 -103.14
621 -102.71
622 -102.16
623 -101.65
624 -101.03
625 -100.48
626 -99.87
627 -99.34
628 -98.9
629 -98.37
630 -97.89
631 -97.57
632 -97.32
633 -97.06
634 -96.87
635 -96.8
636 -96.72
637 -96.65
638 -96.63
639 -96.52
640 -96.36
641 -96.15
642 -95.93
643 -95.75
644 -95.63
645 -95.68
646 -95.85
647 -96.09
648 -96.37
649 -96.6
650 -96.79
651 -96.86
652 -96.88
653 -96.85
654 -96.84
655 -96.91
656 -97.09
657 -97.41
658 -97.82
659 -98.27
660 -98.71
661 -99.14
662 -99.42
663 -99.6
664 -99.76
665 -99.91
666 -100.08
667 -100.34
668 -100.68
669 -101.09
670 -101.45
671 -101.8
672 -102.12
673 -102.4
674 -102.7
675 -102.95
676 -103.21
677 -103.47
678 -103.69
679 -103.93
680 -104.19
681 -104.48
682 -104.78
683 -105.08
684 -105.31
685 -105.46
686 -105.59
687 -105.64
688 -105.73
689 -105.87
690 -106.01
691 -106.18
692 -106.32
693 -106.42
694 -106.5
695 -106.58
696 -106.7
697 -106.82
698 -106.93
699 -107
700 -107.05
701 -107.09
702 -107.16
703 -107.23
704 -107.31
705 -107.39
706 -107.45
707 -107.51
708 -107.56
709 -107.61
710 -107.69
711 -107.74
712 -107.77
713 -107.81
714 -107.85
715 -107.88
716 -107.91
717 -107.95
718 -108
719 -108.06
720 -108.07
721 -108.12
722 -108.17
723 -108.23
724 -108.28
725 -108.34
726 -108.36
727 -108.37
728 -108.37
729 -108.36
730 -108.35
731 -108.38
732 -108.41
733 -108.42
734 -108.44
735 -108.44
736 -108.45
737 -108.44
738 -108.44
739 -108.47
740 -108.46
741 -108.46
742 -108.44
743 -108.46
744 -108.47
745 -108.48
746 -108.51
747 -108.53
748 -108.53
749 -108.53
750 -108.52
751 -108.54
752 -108.56
753 -108.58
754 -108.59
755 -108.62
756 -108.64
757 -108.65
758 -108.67
759 -108.7
760 -108.73
761 -108.77
762 -108.78
763 -108.8
764 -108.81
765 -108.83
766 -108.86
767 -108.86
768 -108.86
769 -108.86
770 -108.87
771 -108.85
772 -108.87
773 -108.89
774 -108.89
775 -108.88
776 -108.86
777 -108.8
778 -108.32
779 -107.65
780 -107.46
781 -107.51
782 -107.58
783 -107.56
784 -107.4
785 -107.03
786 -106.48
787 -105.81
788 -105.16
789 -104.53
790 -104.01
791 -103.62
792 -103.35
793 -103.1
794 -102.88
795 -102.58
796 -102.25
797 -101.83
798 -101.38
799 -100.93
800 -100.48
801 -100.06
802 -99.67
803 -99.33
804 -99.02
805 -98.67
806 -98.25
807 -97.83
808 -97.41
809 -96.94
810 -96.51
811 -96.09
812 -95.69
813 -95.25
814 -94.8
815 -94.32
816 -93.77
817 -93.24
818 -92.71
819 -92.17
820 -91.64
821 -91.12
822 -90.71
823 -90.41
824 -90.06
825 -89.73
826 -89.4
827 -88.94
828 -88.5
829 -88.09
830 -87.7
831 -87.5
832 -87.36
833 -87.2
834 -87.21
835 -87.25
836 -87.39
837 -87.48
838 -87.66
839 -87.78
840 -87.88
841 -87.92
842 -87.98
843 -88.01
844 -88.09
845 -88.22
846 -88.52
847 -88.83
848 -89.18
849 -89.64
850 -90.07
851 -90.46
852 -90.94
853 -91.4
854 -91.85
855 -92.29
856 -92.57
857 -92.9
858 -93.22
859 -93.6
860 -93.98
861 -94.47
862 -94.93
863 -95.35
864 -95.69
865 -96.09
866 -96.44
867 -96.83
868 -97.12
869 -97.34
870 -97.48
871 -97.66
872 -97.88
873 -98.11
874 -98.33
875 -98.54
876 -98.8
877 -99.01
878 -99.21
879 -99.34
880 -99.45
881 -99.45
882 -99.49
883 -99.52
884 -99.46
885 -99.45
886 -99.52
887 -99.72
888 -99.98
889 -100.29
890 -100.56
891 -100.85
892 -101.13
893 -101.26
894 -101.38
895 -101.47
896 -101.41
897 -101.27
898 -101.07
899 -100.7
900 -100.36
901 -100.07
902 -99.83
903 -99.63
904 -99.55
905 -99.39
906 -99.28
907 -99.22
908 -99.19
909 -99.06
910 -98.98
911 -98.89
912 -98.86
913 -98.93
914 -98.97
915 -99.07
916 -99.28
917 -99.62
918 -100.01
919 -100.41
920 -100.81
921 -101.02
922 -101.25
923 -101.44
924 -101.67
925 -101.84
926 -101.85
927 -101.92
928 -101.93
929 -101.94
930 -101.95
931 -101.9
932 -101.78
933 -101.64
934 -101.52
935 -101.37
936 -101.35
937 -101.41
938 -101.54
939 -101.68
940 -101.83
941 -101.85
942 -101.92
943 -101.93
944 -101.75
945 -101.49
946 -101.24
947 -101.14
948 -101.24
949 -101.45
950 -101.7
951 -102.07
952 -102.46
953 -102.68
954 -102.88
955 -102.91
956 -102.86
957 -102.75
958 -102.46
959 -102.03
960 -101.55
961 -101.14
962 -100.87
963 -100.66
964 -100.53
965 -100.32
966 -100.18
967 -100.11
968 -100
969 -99.85
970 -99.67
971 -99.56
972 -99.51
973 -99.5
974 -99.53
975 -99.54
976 -99.72
977 -99.98
978 -100.32
979 -100.64
980 -100.96
981 -101.19
982 -101.48
983 -101.72
984 -101.91
985 -102.1
986 -102.2
987 -102.25
988 -102.23
989 -102.13
990 -102.05
991 -101.99
992 -101.85
993 -101.79
994 -101.61
995 -101.47
996 -101.43
997 -101.53
998 -101.67
999 -101.92
1000 -102.03
1001 -102.05
1002 -102.05
1003 -101.95
1004 -101.82
1005 -101.6
1006 -101.43
1007 -101.27
1008 -101.31
1009 -101.44
1010 -101.62
1011 -101.89
1012 -102.24
1013 -102.45
1014 -102.62
1015 -102.73
1016 -102.73
1017 -102.55
1018 -102.19
1019 -101.76
1020 -101.28
1021 -100.91
1022 -100.66
1023 -100.45
1024 -100.27
1025 -100.14
1026 -100.05
1027 -100
1028 -99.94
1029 -99.81
1030 -99.7
1031 -99.47
1032 -99.34
1033 -99.27
1034 -99.24
1035 -99.34
1036 -99.51
1037 -99.73
1038 -100.12
1039 -100.51
1040 -100.88
1041 -101.08
1042 -101.23
1043 -101.38
1044 -101.58
1045 -101.8
1046 -101.94
1047 -102.04
1048 -102.08
1049 -102.03
1050 -101.92
1051 -101.83
1052 -101.72
1053 -101.68
1054 -101.56
1055 -101.35
1056 -101.25
1057 -101.2
1058 -101.41
1059 -101.59
1060 -101.75
1061 -101.79
1062 -101.81
1063 -101.82
1064 -101.71
1065 -101.44
1066 -101.24
1067 -101.17
1068 -101.22
1069 -101.35
1070 -101.49
1071 -101.76
1072 -102.08
1073 -102.29
1074 -102.41
1075 -102.49
1076 -102.43
1077 -102.31
1078 -102.03
1079 -101.62
1080 -101.11
1081 -100.65
1082 -100.39
1083 -100.17
1084 -100.02
1085 -99.83
1086 -99.81
1087 -99.72
1088 -99.65
1089 -99.63
1090 -99.47
1091 -99.37
1092 -99.26
1093 -99.18
1094 -99.08
1095 -99.04
1096 -99.21
1097 -99.49
1098 -99.89
1099 -100.36
1100 -100.72
1101 -100.97
1102 -101.13
1103 -101.22
1104 -101.36
1105 -101.49
1106 -101.61
1107 -101.68
1108 -101.75
1109 -101.7
1110 -101.58
1111 -101.48
1112 -101.33
1113 -101.27
1114 -101.13
1115 -101
1116 -100.88
1117 -100.91
1118 -101.09
1119 -101.35
1120 -101.46
1121 -101.45
1122 -101.45
1123 -101.4
1124 -101.21
1125 -101.01
1126 -100.88
1127 -100.85
1128 -100.89
1129 -100.93
1130 -101.05
1131 -101.18
1132 -101.34
1133 -101.43
1134 -101.49
1135 -101.58
1136 -101.6
1137 -101.56
1138 -101.38
1139 -101.11
1140 -100.76
1141 -100.39
1142 -100.08
1143 -99.87
1144 -99.65
1145 -99.51
1146 -99.4
1147 -99.4
1148 -99.39
1149 -99.35
1150 -99.25
1151 -99
1152 -98.91
1153 -98.76
1154 -98.62
1155 -98.6
1156 -98.75
1157 -98.97
1158 -99.43
1159 -99.89
1160 -100.24
1161 -100.44
1162 -100.58
1163 -100.74
1164 -100.87
1165 -100.94
1166 -101.01
1167 -101.1
1168 -101.18
1169 -101.16
1170 -101.12
1171 -101.08
1172 -100.98
1173 -100.86
1174 -100.68
1175 -100.47
1176 -100.33
1177 -100.41
1178 -100.59
1179 -100.78
1180 -100.9
1181 -100.95
1182 -101
1183 -100.95
1184 -100.81
1185 -100.58
1186 -100.32
1187 -100.17
1188 -100.17
1189 -100.17
1190 -100.24
1191 -100.52
1192 -100.78
1193 -101
1194 -101.14
1195 -101.29
1196 -101.32
1197 -101.24
1198 -100.95
1199 -100.51
1200 -100.04
1201 -99.58
1202 -99.34
1203 -99.04
1204 -98.83
1205 -98.71
1206 -98.56
1207 -98.52
1208 -98.55
1209 -98.46
1210 -98.38
1211 -98.3
1212 -98.18
1213 -98.05
1214 -97.96
1215 -97.96
1216 -98.09
1217 -98.35
1218 -98.66
1219 -99.07
1220 -99.45
1221 -99.71
1222 -99.92
1223 -100.02
1224 -100.15
1225 -100.26
1226 -100.32
1227 -100.39
1228 -100.34
1229 -100.25
1230 -100.17
1231 -100.1
1232 -100.06
1233 -100.04
1234 -99.93
1235 -99.78
1236 -99.7
1237 -99.76
1238 -99.9
1239 -100.1
1240 -100.26
1241 -100.26
1242 -100.28
1243 -100.26
1244 -100.13
1245 -99.83
1246 -99.58
1247 -99.44
1248 -99.43
1249 -99.48
1250 -99.63
1251 -99.83
1252 -100.1
1253 -100.32
1254 -100.54
1255 -100.72
1256 -100.77
1257 -100.64
1258 -100.29
1259 -99.86
1260 -99.35
1261 -98.93
1262 -98.68
1263 -98.43
1264 -98.26
1265 -97.97
1266 -97.89
1267 -97.78
1268 -97.78
1269 -97.76
1270 -97.63
1271 -97.54
1272 -97.44
1273 -97.35
1274 -97.26
1275 -97.21
1276 -97.24
1277 -97.42
1278 -97.8
1279 -98.23
1280 -98.66
1281 -98.97
1282 -99.26
1283 -99.49
1284 -99.7
1285 -99.87
1286 -99.91
1287 -99.9
1288 -99.84
1289 -99.66
1290 -99.54
1291 -99.47
1292 -99.4
1293 -99.37
1294 -99.2
1295 -99.05
1296 -98.92
1297 -98.96
1298 -99.07
1299 -99.29
1300 -99.45
1301 -99.49
1302 -99.51
1303 -99.53
1304 -99.38
1305 -99.14
1306 -98.99
1307 -98.95
1308 -98.96
1309 -98.99
1310 -99.05
1311 -99.21
1312 -99.4
1313 -99.5
1314 -99.66
1315 -99.8
1316 -99.86
1317 -99.8
1318 -99.55
1319 -99.15
1320 -98.7
1321 -98.3
1322 -98.01
1323 -97.78
1324 -97.57
1325 -97.41
1326 -97.25
1327 -97.16
1328 -97.19
1329 -97.21
1330 -97.18
1331 -96.99
1332 -96.85
1333 -96.71
1334 -96.56
1335 -96.5
1336 -96.59
1337 -96.81
1338 -97.17
1339 -97.57
1340 -97.9
1341 -98.18
1342 -98.36
1343 -98.48
1344 -98.62
1345 -98.69
1346 -98.75
1347 -98.89
1348 -98.87
1349 -98.8
1350 -98.67
1351 -98.56
1352 -98.56
1353 -98.6
1354 -98.55
1355 -98.41
1356 -98.25
1357 -98.21
1358 -98.29
1359 -98.49
1360 -98.65
1361 -98.77
1362 -98.82
1363 -98.74
1364 -98.58
1365 -98.32
1366 -98.21
1367 -98.32
1368 -98.45
1369 -98.59
1370 -98.67
1371 -98.73
1372 -98.76
1373 -98.72
1374 -98.75
1375 -98.82
1376 -98.86
1377 -98.83
1378 -98.7
1379 -98.42
1380 -98.15
1381 -97.94
1382 -97.85
1383 -97.86
1384 -97.87
1385 -97.82
1386 -97.9
1387 -98.09
1388 -98.35
1389 -98.61
1390 -98.88
1391 -99.04
1392 -99.18
1393 -99.28
1394 -99.43
1395 -99.62
1396 -99.96
1397 -100.48
1398 -101.07
1399 -101.67
1400 -102.28
1401 -102.79
1402 -103.23
1403 -103.71
1404 -104.28
1405 -104.75
1406 -105.23
1407 -105.64
1408 -106.08
1409 -106.49
1410 -106.87
1411 -107.2
1412 -107.42
1413 -107.65
1414 -107.81
1415 -108.01
1416 -108.22
1417 -108.54
1418 -108.99
1419 -109.54
1420 -110.14
1421 -110.85
1422 -111.48
1423 -112.08
1424 -112.58
1425 -112.96
1426 -113.11
1427 -113.11
1428 -112.99
1429 -112.8
1430 -112.61
1431 -112.43
1432 -112.36
1433 -112.35
1434 -112.42
1435 -112.5
1436 -112.53
1437 -112.52
1438 -112.36
1439 -112.23
1440 -112.06
1441 -111.93
1442 -111.76
1443 -111.6
1444 -111.47
1445 -111.36
1446 -111.22
1447 -111.17
1448 -111.04
1449 -110.9
1450 -110.67
1451 -110.38
1452 -110.14
1453 -109.91
1454 -109.7
1455 -109.54
1456 -109.29
1457 -109.04
1458 -108.73
1459 -108.36
1460 -108.02
1461 -107.72
1462 -107.35
1463 -107.05
1464 -106.78
1465 -106.51
1466 -106.26
1467 -105.98
1468 -105.62
1469 -105.26
1470 -104.96
1471 -104.68
1472 -104.42
1473 -104.27
1474 -104.07
1475 -103.85
1476 -103.67
1477 -103.46
1478 -103.26
1479 -103.08
1480 -102.86
1481 -102.69
1482 -102.51
1483 -102.42
1484 -102.38
1485 -102.37
1486 -102.35
1487 -102.27
1488 -102.18
1489 -102.04
1490 -101.87
1491 -101.73
1492 -101.59
1493 -101.45
1494 -101.38
1495 -101.34
1496 -101.35
1497 -101.38
1498 -101.39
1499 -101.33
1500 -101.27
1501 -101.21
1502 -101.12
1503 -101.04
1504 -100.96
1505 -100.86
1506 -100.77
1507 -100.67
1508 -100.63
1509 -100.58
1510 -100.57
1511 -100.51
1512 -100.46
1513 -100.42
1514 -100.37
1515 -100.34
1516 -100.31
1517 -100.3
1518 -100.28
1519 -100.25
1520 -100.23
1521 -100.22
1522 -100.25
1523 -100.24
1524 -100.23
1525 -100.23
1526 -100.2
1527 -100.17
1528 -100.15
1529 -100.11
1530 -100.06
1531 -100.03
1532 -100
1533 -99.99
1534 -100
1535 -100
1536 -100.01
1537 -100
1538 -100
1539 -99.97
1540 -99.96
1541 -99.93
1542 -99.89
1543 -99.86
1544 -99.85
1545 -99.85
1546 -99.86
1547 -99.9
1548 -99.9
1549 -99.89
1550 -99.88
1551 -99.88
1552 -99.85
1553 -99.85
1554 -99.83
1555 -99.82
1556 -99.79
1557 -99.81
1558 -99.81
1559 -99.82
1560 -99.81
1561 -99.77
1562 -99.76
1563 -99.74
1564 -99.74
1565 -99.73
1566 -99.73
1567 -99.75
1568 -99.79
1569 -99.86
1570 -100.35
1571 -101.05
1572 -101.23
1573 -101.19
1574 -101.13
1575 -101.13
1576 -101.28
1577 -101.64
1578 -102.23
1579 -102.9
1580 -103.59
1581 -104.21
1582 -104.7
1583 -105.06
1584 -105.33
1585 -105.5
1586 -105.65
1587 -105.85
1588 -106.18
1589 -106.56
1590 -107.02
1591 -107.49
1592 -107.95
1593 -108.41
1594 -108.82
1595 -109.2
1596 -109.55
1597 -109.92
1598 -110.31
1599 -110.73
1600 -111.16
1601 -111.62
1602 -112.1
1603 -112.54
1604 -112.98
1605 -113.42
1606 -113.93
1607 -114.51
1608 -115.11
1609 -115.72
1610 -116.32
1611 -116.9
1612 -117.39
1613 -117.81
1614 -118.17
1615 -118.56
1616 -118.88
1617 -119.17
1618 -119.54
1619 -119.94
1620 -120.31
1621 -120.69
1622 -120.94
1623 -121.01
1624 -121.03
1625 -120.93
1626 -120.9
1627 -120.84
1628 -120.77
1629 -120.68
1630 -120.68
1631 -120.72
1632 -120.68
1633 -120.52
1634 -120.39
1635 -120.11
1636 -119.8
1637 -119.56
1638 -119.32
1639 -119.11
1640 -118.96
1641 -118.87
1642 -118.71
1643 -118.62
1644 -118.47
1645 -118.24
1646 -118.04
1647 -117.75
1648 -117.39
1649 -117.07
1650 -116.75
1651 -116.4
1652 -116.06
1653 -115.63
1654 -115.22
1655 -114.84
1656 -114.5
1657 -114.29
1658 -114.08
1659 -113.79
1660 -113.37
1661 -112.9
1662 -112.34
1663 -111.87
1664 -111.49
1665 -111.12
1666 -110.79
1667 -110.5
1668 -110.32
1669 -110.22
1670 -110.19
1671 -110.19
1672 -110.19
1673 -110.12
1674 -110.06
1675 -109.92
1676 -109.71
1677 -109.43
1678 -109.22
1679 -109.04
1680 -108.82
1681 -108.64
1682 -108.48
1683 -108.34
1684 -108.31
1685 -108.46
1686 -108.64
1687 -109
1688 -109.42
1689 -109.71
1690 -109.91
1691 -110.04
1692 -109.94
1693 -109.84
1694 -109.74
1695 -109.63
1696 -109.55
1697 -109.59
1698 -109.53
1699 -109.52
1700 -109.61
1701 -109.67
1702 -109.85
1703 -110.04
1704 -110.12
1705 -110.17
1706 -110.19
1707 -110.15
1708 -110.14
1709 -110.03
1710 -109.92
1711 -109.75
1712 -109.63
1713 -109.41
1714 -109.25
1715 -109.12
1716 -109.08
1717 -109.06
1718 -109.15
1719 -109.24
1720 -109.45
1721 -109.54
1722 -109.52
1723 -109.3
1724 -108.98
1725 -108.63
1726 -108.26
1727 -107.92
1728 -107.62
1729 -107.33
1730 -107.28
1731 -107.41
1732 -107.59
1733 -107.79
1734 -107.98
1735 -108.17
1736 -108.3
1737 -108.34
1738 -108.25
1739 -108.13
1740 -107.95
1741 -107.73
1742 -107.63
1743 -107.42
1744 -107.33
1745 -107.41
1746 -107.67
1747 -108.09
1748 -108.57
1749 -109.1
1750 -109.55
1751 -109.85
1752 -109.93
1753 -109.83
1754 -109.65
1755 -109.46
1756 -109.26
1757 -109.16
1758 -109.11
1759 -109.17
1760 -109.35
1761 -109.56
1762 -109.73
1763 -109.99
1764 -110.21
1765 -110.32
1766 -110.45
1767 -110.41
1768 -110.36
1769 -110.32
1770 -110.22
1771 -110.13
1772 -110.07
1773 -109.93
1774 -109.78
1775 -109.65
1776 -109.54
1777 -109.5
1778 -109.56
1779 -109.64
1780 -109.77
1781 -109.89
1782 -109.89
1783 -109.74
1784 -109.47
1785 -109.2
1786 -108.92
1787 -108.73
1788 -108.56
1789 -108.28
1790 -108.19
1791 -108.19
1792 -108.25
1793 -108.45
1794 -108.61
1795 -108.73
1796 -108.9
1797 -108.92
1798 -108.88
1799 -108.82
1800 -108.68
1801 -108.48
1802 -108.26
1803 -108.03
1804 -107.91
1805 -107.88
1806 -108.13
1807 -108.48
1808 -108.95
1809 -109.46
1810 -109.95
1811 -110.3
1812 -110.52
1813 -110.52
1814 -110.36
1815 -110.19
1816 -110.06
1817 -109.9
1818 -109.87
1819 -109.8
1820 -109.88
1821 -110.02
1822 -110.22
1823 -110.48
1824 -110.7
1825 -110.92
1826 -111.09
1827 -111.13
1828 -111.16
1829 -111.09
1830 -111.04
1831 -110.95
1832 -110.88
1833 -110.76
1834 -110.55
1835 -110.37
1836 -110.17
1837 -110.06
1838 -110.15
1839 -110.26
1840 -110.36
1841 -110.37
1842 -110.22
1843 -109.93
1844 -109.78
1845 -109.65
1846 -109.55
1847 -109.52
1848 -109.37
1849 -109.2
1850 -109.05
1851 -109.01
1852 -108.99
1853 -108.99
1854 -109
1855 -109.07
1856 -109.23
1857 -109.24
1858 -109.27
1859 -109.21
1860 -109.13
1861 -109.03
1862 -108.83
1863 -108.65
1864 -108.49
1865 -108.48
1866 -108.66
1867 -108.97
1868 -109.5
1869 -110.1
1870 -110.65
1871 -111.02
1872 -111.15
1873 -111.12
1874 -111
1875 -110.84
1876 -110.63
1877 -110.46
1878 -110.36
1879 -110.35
1880 -110.44
1881 -110.59
1882 -110.78
1883 -111.07
1884 -111.37
1885 -111.58
1886 -111.73
1887 -111.8
1888 -111.77
1889 -111.69
1890 -111.55
1891 -111.45
1892 -111.34
1893 -111.1
1894 -110.83
1895 -110.55
1896 -110.45
1897 -110.47
1898 -110.64
1899 -110.84
1900 -111.04
1901 -111.23
1902 -111.22
1903 -111.06
1904 -110.71
1905 -110.34
1906 -109.94
1907 -109.64
1908 -109.41
1909 -109.17
1910 -109.14
1911 -109.23
1912 -109.32
1913 -109.44
1914 -109.59
1915 -109.74
1916 -109.85
1917 -109.86
1918 -109.78
1919 -109.71
1920 -109.65
1921 -109.54
1922 -109.43
1923 -109.23
1924 -109.05
1925 -109.01
1926 -109.16
1927 -109.57
1928 -110.07
1929 -110.62
1930 -111.12
1931 -111.38
1932 -111.51
1933 -111.46
1934 -111.28
1935 -111.08
1936 -110.85
1937 -110.72
1938 -110.65
1939 -110.64
1940 -110.76
1941 -110.83
1942 -111.05
1943 -111.32
1944 -111.59
1945 -111.7
1946 -111.95
1947 -112.05
1948 -112.02
1949 -111.92
1950 -111.75
1951 -111.56
1952 -111.42
1953 -111.27
1954 -111.04
1955 -110.86
1956 -110.81
1957 -110.82
1958 -110.89
1959 -111.04
1960 -111.13
1961 -111.14
1962 -111.04
1963 -110.75
1964 -110.5
1965 -110.37
1966 -110.3
1967 -110.29
1968 -110.16
1969 -109.98
1970 -109.87
1971 -109.78
1972 -109.8
1973 -109.81
1974 -109.84
1975 -109.92
1976 -110.05
1977 -110.07
1978 -110.08
1979 -110.03
1980 -109.94
1981 -109.84
1982 -109.7
1983 -109.56
1984 -109.39
1985 -109.33
1986 -109.46
1987 -109.75
1988 -110.27
1989 -110.81
1990 -111.3
1991 -111.61
1992 -111.71
1993 -111.7
1994 -111.57
1995 -111.41
1996 -111.31
1997 -111.22
1998 -111.22
1999 -111.21
2000 -111.27
2001 -111.38
2002 -111.46
2003 -111.64
2004 -111.88
2005 -112.02
2006 -112.21
2007 -112.32
2008 -112.29
2009 -112.27
2010 -112.17
2011 -111.98
2012 -111.79
2013 -111.57
2014 -111.29
2015 -111.1
2016 -111.03
2017 -111.06
2018 -111.21
2019 -111.38
2020 -111.57
2021 -111.73
2022 -111.73
2023 -111.51
2024 -111.15
2025 -110.76
2026 -110.38
2027 -110.13
2028 -109.97
2029 -109.72
2030 -109.61
2031 -109.64
2032 -109.76
2033 -109.91
2034 -110.12
2035 -110.26
2036 -110.38
2037 -110.37
2038 -110.28
2039 -110.19
2040 -110.12
2041 -109.93
2042 -109.8
2043 -109.6
2044 -109.39
2045 -109.43
2046 -109.65
2047 -109.97
2048 -110.53
2049 -111.07
2050 -111.57
2051 -111.88
2052 -111.99
2053 -111.89
2054 -111.74
2055 -111.58
2056 -111.4
2057 -111.28
2058 -111.21
2059 -111.19
2060 -111.31
2061 -111.46
2062 -111.59
2063 -111.84
2064 -112.03
2065 -112.17
2066 -112.32
2067 -112.42
2068 -112.41
2069 -112.4
2070 -112.39
2071 -112.32
2072 -112.15
2073 -111.9
2074 -111.57
2075 -111.32
2076 -111.18
2077 -111.15
2078 -111.21
2079 -111.37
2080 -111.42
2081 -111.42
2082 -111.3
2083 -111.08
2084 -110.88
2085 -110.77
2086 -110.68
2087 -110.63
2088 -110.51
2089 -110.29
2090 -110.2
2091 -110.14
2092 -110.13
2093 -110.21
2094 -110.23
2095 -110.35
2096 -110.47
2097 -110.56
2098 -110.54
2099 -110.4
2100 -110.31
2101 -110.14
2102 -109.97
2103 -109.81
2104 -109.58
2105 -109.57
2106 -109.78
2107 -110.11
2108 -110.68
2109 -111.3
2110 -111.84
2111 -112.2
2112 -112.37
2113 -112.32
2114 -112.09
2115 -111.89
2116 -111.67
2117 -111.61
2118 -111.58
2119 -111.66
2120 -111.71
2121 -111.76
2122 -111.87
2123 -112.04
2124 -112.23
2125 -112.42
2126 -112.53
2127 -112.57
2128 -112.51
2129 -112.42
2130 -112.38
2131 -112.28
2132 -112.19
2133 -112.02
2134 -111.69
2135 -111.5
2136 -111.41
2137 -111.42
2138 -111.61
2139 -111.71
2140 -111.82
2141 -111.92
2142 -111.88
2143 -111.62
2144 -111.37
2145 -111.1
2146 -110.88
2147 -110.73
2148 -110.53
2149 -110.33
2150 -110.22
2151 -110.26
2152 -110.36
2153 -110.47
2154 -110.58
2155 -110.61
2156 -110.69
2157 -110.66
2158 -110.52
2159 -110.42
2160 -110.29
2161 -110.11
2162 -109.96
2163 -109.74
2164 -109.59
2165 -109.58
2166 -109.79
2167 -110.1
2168 -110.59
2169 -111.16
2170 -111.64
2171 -111.94
2172 -111.98
2173 -111.89
2174 -111.65
2175 -111.41
2176 -111.15
2177 -110.83
2178 -110.49
2179 -110.23
2180 -110
2181 -109.85
2182 -109.79
2183 -109.84
2184 -109.83
2185 -109.72
2186 -109.61
2187 -109.43
2188 -109.22
2189 -108.87
2190 -108.44
2191 -108.02
2192 -107.6
2193 -107.14
2194 -106.5
2195 -105.93
2196 -105.32
2197 -104.9
2198 -104.62
2199 -104.4
2200 -104.25
2201 -104.05
2202 -103.78
2203 -103.41
2204 -102.91
2205 -102.3
2206 -101.6
2207 -100.94
2208 -100.26
2209 -99.61
2210 -99.08
2211 -98.55
2212 -98.14
2213 -97.78
2214 -97.5
2215 -97.34
2216 -97.15
2217 -96.88
2218 -96.6
2219 -96.38
2220 -96.22
2221 -96.18
2222 -96.22
2223 -96.25
2224 -96.24
2225 -96.09
2226 -95.93
2227 -95.69
2228 -95.54
2229 -95.5
2230 -95.56
2231 -95.74
2232 -95.91
2233 -96.05
2234 -96.18
2235 -96.28
2236 -96.39
2237 -96.49
2238 -96.67
2239 -96.86
2240 -97.1
2241 -97.39
2242 -97.69
2243 -98
2244 -98.31
2245 -98.58
2246 -98.84
2247 -99.01
2248 -99.21
2249 -99.47
2250 -99.72
2251 -100.09
2252 -100.53
2253 -101
2254 -101.42
2255 -101.76
2256 -101.98
2257 -102.18
2258 -102.4
2259 -102.66
2260 -103
2261 -103.36
2262 -103.76
2263 -104.1
2264 -104.36
2265 -104.57
2266 -104.73
2267 -104.85
2268 -104.9
2269 -105
2270 -105.1
2271 -105.17
2272 -105.28
2273 -105.41
2274 -105.56
2275 -105.75
2276 -105.9
2277 -106
2278 -106.07
2279 -106.14
2280 -106.25
2281 -106.36
2282 -106.5
2283 -106.67
2284 -106.77
2285 -106.87
2286 -106.92
2287 -106.95
2288 -106.97
2289 -106.99
2290 -107
2291 -107.02
2292 -107.08
2293 -107.17
2294 -107.26
2295 -107.35
2296 -107.44
2297 -107.49
2298 -107.55
2299 -107.59
2300 -107.6
2301 -107.63
2302 -107.67
2303 -107.71
2304 -107.76
2305 -107.8
2306 -107.84
2307 -107.86
2308 -107.9
2309 -107.97
2310 -107.99
2311 -108.06
2312 -108.09
2313 -108.15
2314 -108.18
2315 -108.19
2316 -108.2
2317 -108.19
2318 -108.18
2319 -108.18
2320 -108.18
2321 -108.19
2322 -108.22
2323 -108.26
2324 -108.29
2325 -108.32
2326 -108.33
2327 -108.33
2328 -108.31
2329 -108.3
2330 -108.3
2331 -108.29
2332 -108.31
2333 -108.3
2334 -108.32
2335 -108.34
2336 -108.35
2337 -108.4
2338 -108.43
2339 -108.45
2340 -108.46
2341 -108.45
2342 -108.45
2343 -108.45
2344 -108.46
2345 -108.5
2346 -108.5
2347 -108.49
2348 -108.5
2349 -108.49
2350 -108.47
2351 -108.47
2352 -108.47
2353 -108.46
2354 -108.46
2355 -108.46
2356 -108.47
2357 -108.47
2358 -108.5
2359 -108.5
2360 -108.47
2361 -108.42
2362 -107.93
2363 -107.26
2364 -107.06
2365 -107.12
2366 -107.16
2367 -107.11
2368 -106.92
2369 -106.55
2370 -105.98
2371 -105.34
2372 -104.69
2373 -104.09
2374 -103.62
2375 -103.3
2376 -103.1
2377 -102.9
2378 -102.73
2379 -102.48
2380 -102.15
2381 -101.74
2382 -101.23
2383 -100.72
2384 -100.18
2385 -99.73
2386 -99.27
2387 -98.85
2388 -98.49
2389 -98.12
2390 -97.76
2391 -97.4
2392 -97.04
2393 -96.66
2394 -96.25
2395 -95.83
2396 -95.4
2397 -94.94
2398 -94.53
2399 -94.12
2400 -93.66
2401 -93.2
2402 -92.76
2403 -92.32
2404 -91.85
2405 -91.3
2406 -90.79
2407 -90.32
2408 -89.84
2409 -89.4
2410 -89.07
2411 -88.69
2412 -88.31
2413 -88
2414 -87.65
2415 -87.45
2416 -87.35
2417 -87.26
2418 -87.34
2419 -87.41
2420 -87.49
2421 -87.52
2422 -87.57
2423 -87.64
2424 -87.71
2425 -87.74
2426 -87.92
2427 -88.05
2428 -88.2
2429 -88.4
2430 -88.64
2431 -88.97
2432 -89.28
2433 -89.72
2434 -90.13
2435 -90.5
2436 -90.93
2437 -91.32
2438 -91.73
2439 -92.15
2440 -92.58
2441 -92.99
2442 -93.31
2443 -93.66
2444 -93.95
2445 -94.33
2446 -94.82
2447 -95.26
2448 -95.7
2449 -96.13
2450 -96.46
2451 -96.79
2452 -97.07
2453 -97.33
2454 -97.56
2455 -97.71
2456 -97.91
2457 -98.05
2458 -98.21
2459 -98.42
2460 -98.61
2461 -98.89
2462 -99.11
2463 -99.28
2464 -99.36
2465 -99.3
2466 -99.27
2467 -99.3
2468 -99.25
2469 -99.34
2470 -99.51
2471 -99.72
2472 -99.97
2473 -100.25
2474 -100.58
2475 -100.85
2476 -101.15
2477 -101.26
2478 -101.25
2479 -101.34
2480 -101.29
2481 -101.13
2482 -100.95
2483 -100.54
2484 -100.21
2485 -99.98
2486 -99.75
2487 -99.67
2488 -99.59
2489 -99.41
2490 -99.31
2491 -99.26
2492 -99.16
2493 -99.08
2494 -99
2495 -98.94
2496 -98.93
2497 -98.85
2498 -98.92
2499 -99.09
2500 -99.34
2501 -99.72
2502 -100.15
2503 -100.58
2504 -100.9
2505 -101.08
2506 -101.29
2507 -101.42
2508 -101.6
2509 -101.81
2510 -101.85
2511 -101.97
2512 -102.04
2513 -102.06
2514 -102
2515 -101.88
2516 -101.75
2517 -101.69
2518 -101.59
2519 -101.37
2520 -101.26
2521 -101.27
2522 -101.45
2523 -101.7
2524 -101.86
2525 -101.98
2526 -101.99
2527 -101.95
2528 -101.74
2529 -101.48
2530 -101.33
2531 -101.33
2532 -101.49
2533 -101.67
2534 -101.81
2535 -102.04
2536 -102.38
2537 -102.56
2538 -102.7
2539 -102.79
2540 -102.8
2541 -102.7
2542 -102.42
2543 -102.04
2544 -101.58
2545 -101.19
2546 -100.93
2547 -100.7
2548 -100.53
2549 -100.36
2550 -100.19
2551 -100.14
2552 -100.01
2553 -99.89
2554 -99.79
2555 -99.72
2556 -99.62
2557 -99.55
2558 -99.44
2559 -99.41
2560 -99.55
2561 -99.87
2562 -100.34
2563 -100.76
2564 -101.11
2565 -101.4
2566 -101.57
2567 -101.7
2568 -101.84
2569 -101.88
2570 -101.92
2571 -101.99
2572 -102.07
2573 -102.1
2574 -102.03
2575 -101.93
2576 -101.81
2577 -101.73
2578 -101.66
2579 -101.53
2580 -101.42
2581 -101.37
2582 -101.51
2583 -101.74
2584 -101.98
2585 -102.13
2586 -102.28
2587 -102.25
2588 -101.98
2589 -101.68
2590 -101.4
2591 -101.26
2592 -101.28
2593 -101.33
2594 -101.49
2595 -101.76
2596 -102.1
2597 -102.31
2598 -102.49
2599 -102.64
2600 -102.68
2601 -102.59
2602 -102.28
2603 -101.87
2604 -101.41
2605 -100.99
2606 -100.76
2607 -100.55
2608 -100.42
2609 -100.29
2610 -100.16
2611 -100.14
2612 -99.99
2613 -99.93
2614 -99.84
2615 -99.66
2616 -99.54
2617 -99.38
2618 -99.34
2619 -99.32
2620 -99.48
2621 -99.75
2622 -100.19
2623 -100.64
2624 -101
2625 -101.17
2626 -101.29
2627 -101.43
2628 -101.63
2629 -101.74
2630 -101.8
2631 -101.91
2632 -101.96
2633 -101.98
2634 -101.91
2635 -101.84
2636 -101.7
2637 -101.64
2638 -101.56
2639 -101.41
2640 -101.3
2641 -101.37
2642 -101.53
2643 -101.73
2644 -101.95
2645 -102.01
2646 -102.1
2647 -102.07
2648 -101.88
2649 -101.63
2650 -101.42
2651 -101.26
2652 -101.3
2653 -101.41
2654 -101.6
2655 -101.88
2656 -102.15
2657 -102.34
2658 -102.47
2659 -102.58
2660 -102.58
2661 -102.48
2662 -102.19
2663 -101.73
2664 -101.2
2665 -100.77
2666 -100.49
2667 -100.31
2668 -100.19
2669 -100.08
2670 -100.02
2671 -99.95
2672 -99.83
2673 -99.76
2674 -99.58
2675 -99.46
2676 -99.41
2677 -99.34
2678 -99.24
2679 -99.25
2680 -99.33
2681 -99.62
2682 -100.01
2683 -100.46
2684 -100.72
2685 -100.89
2686 -101.06
2687 -101.2
2688 -101.33
2689 -101.51
2690 -101.6
2691 -101.71
2692 -101.84
2693 -101.82
2694 -101.75
2695 -101.62
2696 -101.49
2697 -101.44
2698 -101.26
2699 -101.05
2700 -100.99
2701 -101
2702 -101.17
2703 -101.41
2704 -101.54
2705 -101.64
2706 -101.69
2707 -101.62
2708 -101.46
2709 -101.19
2710 -101.06
2711 -101.03
2712 -101.14
2713 -101.22
2714 -101.35
2715 -101.47
2716 -101.52
2717 -101.59
2718 -101.56
2719 -101.62
2720 -101.6
2721 -101.56
2722 -101.41
2723 -101.11
2724 -100.78
2725 -100.43
2726 -100.11
2727 -99.97
2728 -99.78
2729 -99.63
2730 -99.56
2731 -99.58
2732 -99.59
2733 -99.63
2734 -99.53
2735 -99.4
2736 -99.24
2737 -99.08
2738 -98.93
2739 -98.78
2740 -98.87
2741 -99.02
2742 -99.42
2743 -99.82
2744 -100.16
2745 -100.38
2746 -100.62
2747 -100.75
2748 -100.92
2749 -101.05
2750 -101.1
2751 -101.22
2752 -101.22
2753 -101.26
2754 -101.18
2755 -101.16
2756 -101.12
2757 -101.04
2758 -100.92
2759 -100.82
2760 -100.69
2761 -100.71
2762 -100.78
2763 -100.98
2764 -101.16
2765 -101.26
2766 -101.38
2767 -101.26
2768 -101.06
2769 -100.76
2770 -100.62
2771 -100.57
2772 -100.58
2773 -100.62
2774 -100.72
2775 -100.79
2776 -100.83
2777 -100.79
2778 -100.84
2779 -100.89
2780 -100.94
2781 -100.92
2782 -100.77
2783 -100.49
2784 -100.16
2785 -99.84
2786 -99.46
2787 -99.25
2788 -99.07
2789 -98.86
2790 -98.77
2791 -98.76
2792 -98.82
2793 -98.89
2794 -98.83
2795 -98.73
2796 -98.63
2797 -98.51
2798 -98.34
2799 -98.3
2800 -98.37
2801 -98.61
2802 -98.94
2803 -99.29
2804 -99.6
2805 -99.84
2806 -100.05
2807 -100.23
2808 -100.34
2809 -100.46
2810 -100.47
2811 -100.54
2812 -100.54
2813 -100.5
2814 -100.39
2815 -100.3
2816 -100.28
2817 -100.26
2818 -100.23
2819 -100.12
2820 -100.03
2821 -100.09
2822 -100.16
2823 -100.42
2824 -100.61
2825 -100.62
2826 -100.67
2827 -100.58
2828 -100.4
2829 -100.12
2830 -99.92
2831 -99.92
2832 -99.9
2833 -99.95
2834 -100.03
2835 -100.07
2836 -100.13
2837 -100.14
2838 -100.21
2839 -100.33
2840 -100.33
2841 -100.25
2842 -100.08
2843 -99.83
2844 -99.5
2845 -99.19
2846 -98.87
2847 -98.7
2848 -98.55
2849 -98.32
2850 -98.18
2851 -98.16
2852 -98.15
2853 -98.21
2854 -98.21
2855 -98.08
2856 -98.01
2857 -97.92
2858 -97.74
2859 -97.6
2860 -97.62
2861 -97.79
2862 -98.16
2863 -98.54
2864 -98.89
2865 -99.12
2866 -99.29
2867 -99.46
2868 -99.64
2869 -99.71
2870 -99.82
2871 -99.95
2872 -99.9
2873 -99.83
2874 -99.76
2875 -99.74
2876 -99.7
2877 -99.64
2878 -99.54
2879 -99.38
2880 -99.34
2881 -99.42
2882 -99.49
2883 -99.68
2884 -99.85
2885 -99.97
2886 -100.03
2887 -99.94
2888 -99.72
2889 -99.39
2890 -99.2
2891 -99.12
2892 -99.13
2893 -99.21
2894 -99.3
2895 -99.41
2896 -99.43
2897 -99.44
2898 -99.55
2899 -99.62
2900 -99.65
2901 -99.62
2902 -99.46
2903 -99.21
2904 -98.85
2905 -98.5
2906 -98.19
2907 -98
2908 -97.85
2909 -97.68
2910 -97.61
2911 -97.63
2912 -97.69
2913 -97.7
2914 -97.59
2915 -97.51
2916 -97.44
2917 -97.3
2918 -97.15
2919 -96.99
2920 -97.06
2921 -97.24
2922 -97.54
2923 -97.92
2924 -98.22
2925 -98.43
2926 -98.58
2927 -98.62
2928 -98.7
2929 -98.78
2930 -98.9
2931 -99.05
2932 -99.05
2933 -99.04
2934 -98.96
2935 -98.93
2936 -98.91
2937 -98.84
2938 -98.84
2939 -98.78
2940 -98.72
2941 -98.73
2942 -98.79
2943 -98.99
2944 -99.15
2945 -99.23
2946 -99.26
2947 -99.16
2948 -98.91
2949 -98.58
2950 -98.35
2951 -98.37
2952 -98.53
2953 -98.7
2954 -98.85
2955 -98.84
2956 -98.78
2957 -98.79
2958 -98.84
2959 -98.92
2960 -98.96
2961 -98.97
2962 -98.88
2963 -98.66
2964 -98.47
2965 -98.25
2966 -98.09
2967 -98.11
2968 -98.1
2969 -98.09
2970 -98.24
2971 -98.51
2972 -98.74
2973 -98.96
2974 -99.21
2975 -99.36
2976 -99.51
2977 -99.67
2978 -99.8
2979 -99.9
2980 -100.16
2981 -100.6
2982 -101.21
2983 -101.82
2984 -102.51
2985 -103.1
2986 -103.68
2987 -104.2
2988 -104.72
2989 -105.14
2990 -105.59
2991 -106.01
2992 -106.43
2993 -106.78
2994 -107.15
2995 -107.41
2996 -107.63
2997 -107.86
2998 -108.03
2999 -108.19
3000 -108.38
3001 -108.62
3002 -109.04
3003 -109.62
3004 -110.38
3005 -111.12
3006 -111.83
3007 -112.41
3008 -112.85
3009 -113.13
3010 -113.23
3011 -113.17
3012 -113.07
3013 -112.87
3014 -112.58
3015 -112.37
3016 -112.32
3017 -112.29
3018 -112.4
3019 -112.6
3020 -112.76
3021 -112.86
3022 -112.87
3023 -112.79
3024 -112.58
3025 -112.38
3026 -112.15
3027 -111.92
3028 -111.75
3029 -111.58
3030 -111.46
3031 -111.37
3032 -111.27
3033 -111.2
3034 -111.08
3035 -110.91
3036 -110.68
3037 -110.35
3038 -110
3039 -109.72
3040 -109.44
3041 -109.16
3042 -108.91
3043 -108.6
3044 -108.31
3045 -108
3046 -107.72
3047 -107.42
3048 -107.11
3049 -106.81
3050 -106.47
3051 -106.13
3052 -105.79
3053 -105.45
3054 -105.15
3055 -104.85
3056 -104.58
3057 -104.36
3058 -104.17
3059 -104.01
3060 -103.86
3061 -103.72
3062 -103.6
3063 -103.43
3064 -103.24
3065 -103.07
3066 -102.9
3067 -102.75
3068 -102.63
3069 -102.53
3070 -102.47
3071 -102.43
3072 -102.44
3073 -102.43
3074 -102.34
3075 -102.24
3076 -102.13
3077 -102.02
3078 -101.92
3079 -101.83
3080 -101.76
3081 -101.66
3082 -101.58
3083 -101.53
3084 -101.5
3085 -101.46
3086 -101.43
3087 -101.35
3088 -101.28
3089 -101.23
3090 -101.13
3091 -101.07
3092 -101.02
3093 -100.97
3094 -100.97
3095 -100.94
3096 -100.94
3097 -100.91
3098 -100.89
3099 -100.85
3100 -100.78
3101 -100.75
3102 -100.72
3103 -100.71
3104 -100.67
3105 -100.62
3106 -100.57
3107 -100.52
3108 -100.52
3109 -100.47
3110 -100.44
3111 -100.41
3112 -100.38
3113 -100.36
3114 -100.33
3115 -100.33
3116 -100.32
3117 -100.3
3118 -100.32
3119 -100.33
3120 -100.34
3121 -100.36
3122 -100.36
3123 -100.34
3124 -100.32
3125 -100.3
3126 -100.28
3127 -100.28
3128 -100.27
3129 -100.23
3130 -100.2
3131 -100.17
3132 -100.18
3133 -100.14
3134 -100.15
3135 -100.12
3136 -100.1
3137 -100.08
3138 -100.07
3139 -100.05
3140 -100.05
3141 -100.07
3142 -100.09
3143 -100.09
3144 -100.11
3145 -100.15
3146 -100.17
3147 -100.17
3148 -100.14
3149 -100.12
3150 -100.09
3151 -100.04
3152 -100.02
3153 -100
3154 -100.03
3155 -100.04
3156 -100.05
3157 -100.06
3158 -100.04
3159 -100.06
3160 -100.03
3161 -100.01
3162 -100.02
3163 -100.01
3164 -100.02
3165 -100.03
3166 -100.03
3167 -100.03
3168 -100.03
3169 -100.03
3170 -100.01
3171 -99.99
3172 -99.98
3173 -99.96
3174 -99.94
3175 -99.94
3176 -99.93
3177 -99.96
3178 -99.97
3179 -99.97
3180 -100
3181 -100
3182 -100
3183 -100
3184 -100.02
3185 -100
3186 -100.03
3187 -100.02
3188 -100.01
3189 -100
3190 -99.99
3191 -100
3192 -99.99
3193 -99.98
3194 -99.99
3195 -100
3196 -100.02
3197 -100.03
3198 -100.03
3199 -100.03
3200 -100.03
3201 -100.03
3202 -100.02
3203 -100.02
3204 -100.02
3205 -100.03
3206 -100.02
3207 -100.02
3208 -100.03
3209 -100.02
3210 -100.04
3211 -100.01
3212 -100.01
3213 -100.03
3214 -99.99
3215 -100.02
3216 -100.03
3217 -100.04
3218 -100.05
3219 -100.07
3220 -100.09
3221 -100.09
3222 -100.09
3223 -100.06
3224 -100.06
3225 -100.05
3226 -100.04
3227 -100.03
3228 -100.04
3229 -100.05
3230 -100.04
3231 -100.04
3232 -100.03
3233 -100.04
3234 -100.04
3235 -100.04
3236 -100.04
3237 -100.08
3238 -100.06
3239 -100.08
3240 -100.07
3241 -100.06
3242 -100.07
3243 -100.06
3244 -100.05
3245 -100.05
3246 -100.05
3247 -100.05
3248 -100.06
3249 -100.06
3250 -100.04
3251 -100.05
3252 -100.05
3253 -100.06
3254 -100.07
3255 -100.07
3256 -100.09
3257 -100.1
3258 -100.12
3259 -100.13
3260 -100.13
3261 -100.13
3262 -100.12
3263 -100.11
3264 -100.09
3265 -100.09
3266 -100.09
3267 -100.09
3268 -100.11
3269 -100.12
3270 -100.11
3271 -100.12
3272 -100.11
3273 -100.12
3274 -100.12
3275 -100.13
3276 -100.12
3277 -100.14
3278 -100.16
3279 -100.16
3280 -100.16
3281 -100.17
3282 -100.16
3283 -100.15
3284 -100.13
3285 -100.12
3286 -100.11
3287 -100.13
3288 -100.13
3289 -100.13
3290 -100.15
3291 -100.15
3292 -100.17
3293 -100.17
3294 -100.18
3295 -100.19
3296 -100.18
3297 -100.18
3298 -100.17
3299 -100.16
3300 -100.15
3301 -100.15
3302 -100.15
3303 -100.15
3304 -100.16
3305 -100.17
3306 -100.17
3307 -100.16
3308 -100.18
3309 -100.16
3310 -100.16
3311 -100.18
3312 -100.19
3313 -100.18
3314 -100.19
3315 -100.19
3316 -100.19
3317 -100.19
3318 -100.18
3319 -100.18
3320 -100.2
3321 -100.2
3322 -100.18
3323 -100.19
3324 -100.18
3325 -100.18
3326 -100.17
3327 -100.17
3328 -100.19
3329 -100.21
3330 -100.22
3331 -100.22
3332 -100.23
3333 -100.22
3334 -100.22
3335 -100.23
3336 -100.22
3337 -100.21
3338 -100.19
3339 -100.21
3340 -100.22
3341 -100.21
3342 -100.23
3343 -100.23
3344 -100.23
3345 -100.24
3346 -100.24
3347 -100.21
3348 -100.24
3349 -100.24
3350 -100.24
3351 -100.26
3352 -100.25
3353 -100.25
3354 -100.26
3355 -100.24
3356 -100.25
3357 -100.23
3358 -100.22
3359 -100.23
3360 -100.24
3361 -100.24
3362 -100.25
3363 -100.24
3364 -100.24
3365 -100.26
3366 -100.25
3367 -100.26
3368 -100.27
3369 -100.28
3370 -100.29
3371 -100.29
3372 -100.29
3373 -100.29
3374 -100.28
3375 -100.27
3376 -100.24
3377 -100.25
3378 -100.24
3379 -100.26
3380 -100.27
3381 -100.28
3382 -100.29
3383 -100.3
3384 -100.29
3385 -100.29
3386 -100.27
3387 -100.28
3388 -100.3
3389 -100.3
3390 -100.31
3391 -100.31
3392 -100.31
3393 -100.3
3394 -100.3
3395 -100.3
3396 -100.29
3397 -100.29
3398 -100.29
3399 -100.28
