0 -104.577
1 -106.939
2 -106.049
3 -105.748
4 -106.305
5 -105.602
6 -107.057
7 -106.313
8 -107.145
9 -106.138
10 -107.588
11 -107.489
12 -106.713
13 -108.683
14 -105.982
15 -107.285
16 -106.094
17 -107.069
18 -107.79
19 -107.809
20 -107.001
21 -104.957
22 -107.539
23 -106.044
24 -108.48
25 -106.952
26 -106.082
27 -105.602
28 -106.983
29 -108.563
30 -107.197
31 -108.539
32 -108.096
33 -109.26
34 -108.985
35 -111.612
36 -109.667
37 -112.875
38 -109.994
39 -111.86
40 -112.42
41 -114.176
42 -113.808
43 -113.64
44 -115.793
45 -114.585
46 -115.644
47 -114.901
48 -117.141
49 -117.82
50 -118.526
51 -118.485
52 -119.743
53 -121.611
54 -121.265
55 -121.987
56 -122.989
57 -122.802
58 -124.862
59 -125.035
60 -124.797
61 -125.512
62 -125.459
63 -125.294
64 -124.828
65 -125.174
66 -126.413
67 -126.067
68 -125.798
69 -124.919
70 -125.871
71 -125.752
72 -126.742
73 -125.14
74 -125.648
75 -125.272
76 -124.959
77 -123.698
78 -123.476
79 -123.65
80 -122.21
81 -121.79
82 -121.075
83 -121.051
84 -120.153
85 -119.2
86 -121.545
87 -119.363
88 -117.843
89 -118.483
90 -118.272
91 -120.276
92 -117.456
93 -117.363
94 -117.017
95 -115.581
96 -115.137
97 -115.1
98 -115.968
99 -115.907
100 -115.503
101 -115.51
102 -114.483
103 -113.918
104 -114.894
105 -113.605
106 -115.745
107 -114.689
108 -113.744
109 -112.066
110 -114
111 -113.965
112 -114.419
113 -116.318
114 -116.581
115 -115.28
116 -115.488
117 -113.602
118 -115.885
119 -116.49
120 -116.42
121 -115.5
122 -115.959
123 -115.592
124 -116.812
125 -116.827
126 -115.604
127 -115.599
128 -115.841
129 -115.15
130 -114.775
131 -115.507
132 -115.368
133 -115.903
134 -114.184
135 -115.637
136 -114.574
137 -114.787
138 -113.96
139 -114.149
140 -115.769
141 -114.139
142 -114.297
143 -112.993
144 -112.44
145 -112.326
146 -113.519
147 -113.231
148 -111.315
149 -113.029
150 -115.621
151 -112.594
152 -114.839
153 -113.573
154 -113.794
155 -112.805
156 -114.359
157 -113.446
158 -115.179
159 -114.478
160 -113.955
161 -115.158
162 -116.197
163 -114.895
164 -116.372
165 -115.391
166 -115.344
167 -115.872
168 -115.648
169 -114.404
170 -114.178
171 -114.352
172 -115.897
173 -114.893
174 -113.795
175 -113.579
176 -113.672
177 -115.451
178 -116.021
179 -115.146
180 -114.361
181 -114.473
182 -115.207
183 -115.814
184 -113.173
185 -114.079
186 -112.538
187 -112.362
188 -112.8
189 -112.646
190 -114.548
191 -114.288
192 -113.237
193 -113.255
194 -112.852
195 -111.862
196 -112.242
197 -112.865
198 -110.468
199 -111.861
200 -112.849
201 -114.605
202 -115.313
203 -115.225
204 -116.59
205 -116.048
206 -113.972
207 -113.669
208 -115.081
209 -114.995
210 -114.378
211 -115.232
212 -117.445
213 -116.628
214 -112.873
215 -116.177
216 -113.983
217 -115.967
218 -114.102
219 -114.373
220 -115.98
221 -115.116
222 -113.445
223 -114.33
224 -114.703
225 -114.36
226 -115.631
227 -115.062
228 -114.836
229 -113.955
230 -112.519
231 -112.576
232 -113.592
233 -113.149
234 -114.72
235 -112.46
236 -113.531
237 -112.259
238 -113.827
239 -113.578
240 -111.468
241 -112.679
242 -111.697
243 -114.724
244 -113.367
245 -113.435
246 -113.53
247 -114.832
248 -114.196
249 -113.364
250 -113.725
251 -113.73
252 -114.285
253 -113.342
254 -114.839
255 -112.606
256 -115.095
257 -115.039
258 -115.83
259 -114.407
260 -115.651
261 -115.226
262 -114.311
263 -114.225
264 -115.174
265 -114.292
266 -114.203
267 -114.819
268 -115.221
269 -115.12
270 -115.697
271 -116.028
272 -115.464
273 -113.769
274 -114.816
275 -113.699
276 -112.638
277 -111.11
278 -112.177
279 -113.305
280 -113.41
281 -115.093
282 -114.015
283 -114.866
284 -112.532
285 -112.485
286 -113.098
287 -113.357
288 -112.538
289 -112.92
290 -112.398
291 -114.026
292 -114.647
293 -114.291
294 -114.681
295 -114.631
296 -114.275
297 -115.421
298 -115.891
299 -113.803
300 -116.146
301 -115.687
302 -115.036
303 -115.751
304 -114.724
305 -115.343
306 -115.971
307 -115.129
308 -114.394
309 -115.086
310 -114.436
311 -114.985
312 -113.795
313 -113.674
314 -112.835
315 -115.014
316 -114.084
317 -115.424
318 -114.962
319 -113.062
320 -112.521
321 -114.019
322 -112.727
323 -112.981
324 -113.556
325 -112.693
326 -113.916
327 -114.123
328 -113.443
329 -114.267
330 -113.348
331 -113.26
332 -113.428
333 -113.965
334 -114.58
335 -113.428
336 -115.44
337 -114.254
338 -114.511
339 -115.504
340 -115.341
341 -113.997
342 -115.785
343 -113.779
344 -116.156
345 -114.874
346 -114.998
347 -115.84
348 -115.115
349 -117.699
350 -116.084
351 -115.918
352 -115.867
353 -115.27
354 -115.717
355 -113.933
356 -115.521
357 -114.53
358 -115.455
359 -117.833
360 -116.31
361 -116.479
362 -114.945
363 -114.69
364 -114.791
365 -113.536
366 -114.166
367 -113.055
368 -113.059
369 -113.658
370 -114.399
371 -114.595
372 -113.521
373 -113.142
374 -114.097
375 -113.267
376 -113.706
377 -113.306
378 -112.604
379 -114.434
380 -114.946
381 -115.268
382 -115.13
383 -116.877
384 -115.323
385 -115.081
386 -114.354
387 -114.558
388 -114.501
389 -117.158
390 -115.036
391 -116.726
392 -114.803
393 -114.91
394 -116.77
395 -114.839
396 -116.336
397 -117.185
398 -116.596
399 -116.207
400 -115.44
401 -113.85
402 -114.059
403 -116.864
404 -114.725
405 -115.237
406 -116.035
407 -116.831
408 -113.931
409 -113.85
410 -113.011
411 -114.864
412 -114.297
413 -113.291
414 -113.849
415 -115.296
416 -113.332
417 -112.825
418 -115.633
419 -114.279
420 -113.548
421 -112.126
422 -114.733
423 -114.223
424 -112.663
425 -114.013
426 -114.869
427 -115.257
428 -115.752
429 -115.448
430 -114.276
431 -116.608
432 -115.284
433 -115.697
434 -114.329
435 -114.647
436 -114.467
437 -115.41
438 -115.453
439 -115.976
440 -116.169
441 -116.985
442 -117.639
443 -114.809
444 -113.785
445 -112.438
446 -115.075
447 -115.094
448 -115.369
449 -116.497
450 -113.757
451 -115.676
452 -116.155
453 -114.477
454 -114.049
455 -113.437
456 -115.002
457 -112.059
458 -113.758
459 -112.747
460 -113.267
461 -114.364
462 -113.898
463 -115.097
464 -113.067
465 -112.009
466 -113.312
467 -114.512
468 -113.812
469 -112.728
470 -113.459
471 -114.271
472 -115.263
473 -115.089
474 -115.385
475 -115.187
476 -114.838
477 -115.294
478 -114.418
479 -117.259
480 -114.683
481 -114.419
482 -115.714
483 -113.708
484 -113.988
485 -115.425
486 -114.382
487 -112.844
488 -111.887
489 -112.919
490 -111.729
491 -110.283
492 -110.077
493 -108.998
494 -108.473
495 -110.065
496 -108.989
497 -106.7
498 -106.362
499 -105.104
500 -104.97
501 -104.768
502 -103.589
503 -102.595
504 -103.676
505 -101.571
506 -101.711
507 -101.039
508 -99.818
509 -101.291
510 -99.3258
511 -100.718
512 -99.1575
513 -98.6388
514 -100.526
515 -101.191
516 -100.472
517 -100.01
518 -100.432
519 -100.501
520 -100.901
521 -100.871
522 -101.504
523 -102.65
524 -101.082
525 -101.945
526 -102.108
527 -101.984
528 -103.738
529 -103.177
530 -103.225
531 -103.545
532 -106.134
533 -105.959
534 -105.859
535 -105.623
536 -107.518
537 -107.357
538 -107.112
539 -105.895
540 -108.146
541 -107.868
542 -107.843
543 -107.376
544 -107.822
545 -108.782
546 -110.538
547 -108.117
548 -108.244
549 -110.897
550 -109.245
551 -108.598
552 -109.316
553 -108.915
554 -108.735
555 -109.355
556 -110.089
557 -109.815
558 -110.001
559 -111.189
560 -110.852
561 -108.143
562 -111.364
563 -110.152
564 -110.204
565 -110.012
566 -110.834
567 -110.937
568 -110.229
569 -110.62
570 -110.989
571 -109.603
572 -109.283
573 -111.79
574 -111.464
575 -110.292
576 -110.93
577 -109.943
578 -112.439
579 -110.87
580 -111.3
581 -110.378
582 -112.268
583 -110.75
584 -110.833
585 -110.242
586 -111.764
587 -111.9
588 -109.642
589 -111.395
590 -112.462
591 -112.753
592 -109.817
593 -112.452
594 -109.962
595 -111.598
596 -110.736
597 -110.574
598 -109.268
599 -109.034
600 -111.148
601 -111.812
602 -110.362
603 -112.433
604 -111.96
605 -110.137
606 -110.677
607 -109.824
608 -109.029
609 -107.634
610 -107.784
611 -107.498
612 -107.044
613 -105.616
614 -104.578
615 -105.893
616 -105.769
617 -105.394
618 -103.597
619 -103.889
620 -102.561
621 -104.349
622 -100.614
623 -100.931
624 -99.709
625 -98.6187
626 -99.6537
627 -100.601
628 -96.66
629 -95.3419
630 -96.1204
631 -97.066
632 -95.1736
633 -94.5117
634 -93.7917
635 -93.2316
636 -93.2741
637 -92.8052
638 -91.3493
639 -91.2004
640 -89.8787
641 -90.2629
642 -90.0281
643 -91.7434
644 -92.955
645 -91.2493
646 -90.2694
647 -91.868
648 -90.9275
649 -93.2623
650 -91.4944
651 -93.5295
652 -94.8443
653 -94.949
654 -93.7682
655 -94.7917
656 -96.5497
657 -96.583
658 -97.5956
659 -98.8314
660 -97.9275
661 -100.509
662 -98.6187
663 -99.5212
664 -100.825
665 -100.263
666 -99.5126
667 -101.974
668 -100.763
669 -100.703
670 -102.484
671 -103.136
672 -103.512
673 -102.369
674 -103.671
675 -103.76
676 -102.163
677 -103.94
678 -103.654
679 -102.707
680 -102.644
681 -103.965
682 -104.113
683 -104.665
684 -103.598
685 -104.866
686 -104.972
687 -104.425
688 -104.64
689 -103.648
690 -103.486
691 -104.845
692 -102.318
693 -101.401
694 -101.212
695 -101.229
696 -102.198
697 -99.0397
698 -102.643
699 -101.593
700 -101.731
701 -100.103
702 -101.777
703 -102.504
704 -103.057
705 -102.942
706 -105.279
707 -102.877
708 -103.517
709 -104.998
710 -105.111
711 -103.929
712 -104.661
713 -103.94
714 -103.929
715 -103.983
716 -104.333
717 -105.967
718 -104.133
719 -105.276
720 -103.937
721 -102.642
722 -105.43
723 -104.859
724 -104.576
725 -104.364
726 -103.138
727 -104.411
728 -104.138
729 -106.651
730 -107.322
731 -105.526
732 -106.01
733 -103.739
734 -103.506
735 -104.431
736 -104.07
737 -102.014
738 -102.862
739 -102.117
740 -102.085
741 -101.379
742 -101.888
743 -100.724
744 -102.254
745 -102.337
746 -103.329
747 -102.035
748 -103.398
749 -103.465
750 -103.605
751 -104.786
752 -104.812
753 -104.214
754 -104.043
755 -105.985
756 -105.333
757 -105.633
758 -105.157
759 -103.777
760 -103.647
761 -104.053
762 -104.21
763 -103.624
764 -104.182
765 -104.341
766 -105.129
767 -104.22
768 -104.017
769 -105.265
770 -103.394
771 -104.897
772 -104.739
773 -104.494
774 -105.039
775 -103.802
776 -106.166
777 -105.241
778 -104.911
779 -102.654
780 -103.27
781 -103.291
782 -104.314
783 -102.956
784 -102.45
785 -102.142
786 -100.953
787 -102.497
788 -101.569
789 -102.401
790 -103.323
791 -101.221
792 -102.593
793 -103.581
794 -104.251
795 -104.592
796 -103.719
797 -103.728
798 -103.726
799 -105.626
800 -104.339
801 -106.65
802 -104.096
803 -104.003
804 -105.958
805 -105.103
806 -103.337
807 -103.828
808 -105.598
809 -104.656
810 -103.398
811 -104.412
812 -103.753
813 -104.13
814 -104.232
815 -103.648
816 -104.262
817 -104.744
818 -102.542
819 -105.586
820 -105.197
821 -104.452
822 -105.547
823 -104.635
824 -104.221
825 -105.507
826 -104.266
827 -103.121
828 -102.187
829 -102.357
830 -102.243
831 -100.77
832 -102.461
833 -103.012
834 -102.884
835 -101.049
836 -103.073
837 -101.847
838 -101.401
839 -105.408
840 -103.832
841 -103.899
842 -103.691
843 -104.756
844 -103.344
845 -103.822
846 -103.975
847 -104.19
848 -104.135
849 -103.015
850 -104.09
851 -104.857
852 -103.397
853 -105.643
854 -104.567
855 -104.631
856 -102.868
857 -103.504
858 -103.523
859 -103.102
860 -102.25
861 -103.43
862 -103.522
863 -105.559
864 -105.499
865 -104.819
866 -104.283
867 -104.86
868 -104.686
869 -104.112
870 -102.767
871 -103.319
872 -102.941
873 -102.053
874 -103.948
875 -103.038
876 -102.126
877 -101.151
878 -100.371
879 -101.514
880 -102.422
881 -102.45
882 -103.316
883 -103.738
884 -102.114
885 -103.645
886 -104.891
887 -103.107
888 -104.341
889 -104.694
890 -103.862
891 -104.02
892 -102.996
893 -104.892
894 -104.449
895 -101.81
896 -102.287
897 -103.965
898 -103.876
899 -103.869
900 -104.114
901 -103.221
902 -103.807
903 -105.347
904 -104.056
905 -103.496
906 -103.4
907 -104.192
908 -104.271
909 -105.506
910 -105.19
911 -106.052
912 -105.05
913 -105.769
914 -102.916
915 -102.58
916 -103.26
917 -103.356
918 -102.958
919 -101.209
920 -103.013
921 -101.076
922 -101.635
923 -102.182
924 -100.342
925 -100.453
926 -101.544
927 -103.478
928 -103.627
929 -103.829
930 -101.991
931 -103.725
932 -104.052
933 -104.699
934 -104.599
935 -104.921
936 -103.814
937 -103.06
938 -103.992
939 -104.43
940 -101.426
941 -103.411
942 -104.159
943 -104.012
944 -104.874
945 -106.239
946 -103.418
947 -104.161
948 -102.837
949 -102.853
950 -102.784
951 -103.706
952 -104.476
953 -103.48
954 -104.265
955 -105.53
956 -104.829
957 -103.607
958 -102.566
959 -103.352
960 -102.758
961 -103.346
962 -101.528
963 -101.628
964 -101.939
965 -100.514
966 -101.76
967 -101.67
968 -100.675
969 -100.11
970 -101.862
971 -101.311
972 -103.166
973 -101.932
974 -102.221
975 -104.922
976 -104.007
977 -103.423
978 -104.22
979 -105.729
980 -104.845
981 -105.523
982 -104.839
983 -103.405
984 -103.598
985 -102.762
986 -102.548
987 -100.522
988 -104.531
989 -104.303
990 -103.232
991 -103.02
992 -101.406
993 -103.635
994 -104.424
995 -104.481
996 -104.177
997 -103.228
998 -104.346
999 -104.82
1000 -104.376
1001 -103.783
1002 -104.376
1003 -104.199
1004 -103.131
1005 -100.333
1006 -103.468
1007 -102.866
1008 -100.855
1009 -102.084
1010 -101.491
1011 -101.199
1012 -101.088
1013 -100.863
1014 -99.2803
1015 -102.873
1016 -103.251
1017 -102.38
1018 -101.665
1019 -104.014
1020 -104.991
1021 -104.652
1022 -102.68
1023 -104.353
1024 -103.689
1025 -103.283
1026 -104.078
1027 -103.613
1028 -105.597
1029 -104.289
1030 -101.941
1031 -102.904
1032 -103.98
1033 -103.34
1034 -104.858
1035 -103.812
1036 -103.585
1037 -103.942
1038 -103.687
1039 -103.932
1040 -103.689
1041 -104.297
1042 -104.556
1043 -104.356
1044 -105.114
1045 -105.006
1046 -105.945
1047 -104.344
1048 -103.03
1049 -102.834
1050 -102.436
1051 -101.502
1052 -100.715
1053 -103.22
1054 -101.649
1055 -102.338
1056 -103.554
1057 -101.762
1058 -102.964
1059 -103.77
1060 -102.798
1061 -104.455
1062 -105.643
1063 -105.538
1064 -107.517
1065 -108.027
1066 -107.462
1067 -108.079
1068 -110.007
1069 -109.946
1070 -111.37
1071 -109.726
1072 -109.527
1073 -111.007
1074 -111.478
1075 -110.844
1076 -112.396
1077 -113.77
1078 -114.846
1079 -115.467
1080 -115.193
1081 -117.286
1082 -116.364
1083 -116.133
1084 -115.403
1085 -116.774
1086 -115.886
1087 -117.262
1088 -116.646
1089 -117.57
1090 -116.47
1091 -116.878
1092 -116.304
1093 -116.254
1094 -114.445
1095 -115.547
1096 -117.007
1097 -115.35
1098 -116.248
1099 -115.012
1100 -113.048
1101 -113.761
1102 -113.72
1103 -115.014
1104 -113.255
1105 -114.494
1106 -114.202
1107 -112.709
1108 -112.239
1109 -111.682
1110 -110.384
1111 -111.192
1112 -110.353
1113 -110.013
1114 -109.221
1115 -108.144
1116 -109.35
1117 -108.399
1118 -109.243
1119 -109.746
1120 -108.223
1121 -106.832
1122 -109.406
1123 -108.016
1124 -109.366
1125 -108.754
1126 -106.885
1127 -106.188
1128 -107.13
1129 -108.46
1130 -106.556
1131 -106.723
1132 -107.043
1133 -106.781
1134 -106.719
1135 -105.66
1136 -106.177
1137 -106.533
1138 -107.358
1139 -105.303
1140 -107.007
1141 -107.231
1142 -106.258
1143 -105.674
1144 -106.306
1145 -107.024
1146 -105.227
1147 -106.671
1148 -106.611
1149 -104.891
1150 -105.372
1151 -106.024
1152 -105.323
1153 -106.829
1154 -105.444
1155 -106.935
1156 -105.487
1157 -104.207
1158 -104.951
1159 -105.735
1160 -105.912
1161 -106.129
1162 -106.299
1163 -106.108
1164 -106.214
1165 -105.555
1166 -107.883
1167 -106.291
1168 -107.797
1169 -105.851
1170 -105.478
1171 -106.771
1172 -107.923
1173 -106.062
1174 -105.112
1175 -105.018
1176 -104.645
1177 -105.451
1178 -106.62
1179 -106.027
1180 -107.531
1181 -107.919
1182 -106.207
1183 -106.98
1184 -106.214
1185 -106.915
1186 -110.233
1187 -111.204
1188 -110.562
1189 -110.505
1190 -111.656
1191 -110.85
1192 -111.902
1193 -109.943
1194 -112.398
1195 -113.361
1196 -115.136
1197 -114.712
1198 -114.461
1199 -117.535
1200 -116.477
1201 -116.797
1202 -117.771
1203 -118.269
1204 -119.322
1205 -121.631
1206 -121.082
1207 -122.205
1208 -123.544
1209 -122.162
1210 -122.128
1211 -122.185
1212 -124.013
1213 -125.83
1214 -124.296
1215 -123.921
1216 -123.336
1217 -124.586
1218 -124.776
1219 -124.23
1220 -124.737
1221 -124.79
1222 -124.018
1223 -122.623
1224 -123.809
1225 -123.478
1226 -121.881
1227 -123.185
1228 -121.322
1229 -121.343
1230 -121.849
1231 -120.911
1232 -120.036
1233 -119.461
1234 -117.75
1235 -118.441
1236 -119.05
1237 -118.537
1238 -118.81
1239 -117.378
1240 -117.109
1241 -117.074
1242 -114.85
1243 -116.047
1244 -115.081
1245 -114.184
1246 -113.683
1247 -114.436
1248 -113.64
1249 -114.38
1250 -113.023
1251 -113.677
1252 -113.152
1253 -112.788
1254 -114.12
1255 -112.244
1256 -111.898
1257 -112.815
1258 -110.977
1259 -111.787
1260 -112.756
1261 -114.533
1262 -113.123
1263 -114.309
1264 -114.188
1265 -114.716
1266 -113.441
1267 -113.685
1268 -115.312
1269 -113.922
1270 -115.75
1271 -113.719
1272 -114.751
1273 -114.442
1274 -115.787
1275 -116.823
1276 -113.89
1277 -114.333
1278 -114.389
1279 -115.842
1280 -113.953
1281 -112.214
1282 -112.867
1283 -112.77
1284 -112.541
1285 -112.991
1286 -113.922
1287 -112.39
1288 -112.692
1289 -113.614
1290 -112.62
1291 -113.422
1292 -111.212
1293 -110.9
1294 -111.303
1295 -112.309
1296 -113.948
1297 -114.353
1298 -113.635
1299 -111.727
1300 -110.57
1301 -110.48
1302 -112.448
1303 -112.334
1304 -110.245
1305 -111.454
1306 -111.57
1307 -112.866
1308 -112.858
1309 -113.073
1310 -112.985
1311 -113.191
1312 -112.94
1313 -113.314
1314 -113.006
1315 -113.634
1316 -112.453
1317 -113.992
1318 -115.414
1319 -115.047
1320 -113.128
1321 -113.71
1322 -114.072
1323 -113.967
1324 -113.003
1325 -112.939
1326 -113.603
1327 -111.686
1328 -112.681
1329 -114.384
1330 -113.288
1331 -114.148
1332 -113.725
1333 -111.4
1334 -112.647
1335 -112.684
1336 -111.396
1337 -112.058
1338 -111.563
1339 -112.224
1340 -111.508
1341 -112.344
1342 -113.758
1343 -113.076
1344 -111.879
1345 -109.843
1346 -112.167
1347 -112.096
1348 -111.792
1349 -112.695
1350 -110.572
1351 -111.621
1352 -112.737
1353 -114.586
1354 -113.73
1355 -112.254
1356 -112.505
1357 -112.288
1358 -112.003
1359 -112.623
1360 -114.049
1361 -113.945
1362 -114.467
1363 -113.965
1364 -112.903
1365 -115.032
1366 -113.926
1367 -114.094
1368 -114.966
1369 -112.932
1370 -112.269
1371 -114.219
1372 -113.738
1373 -113.456
1374 -113.395
1375 -113.441
1376 -114.17
1377 -114.208
1378 -114.396
1379 -111.195
1380 -112.724
1381 -111.34
1382 -111.574
1383 -112.75
1384 -111.008
1385 -111.144
1386 -110.969
1387 -111.822
1388 -112.522
1389 -111.025
1390 -111.83
1391 -111.563
1392 -111.83
1393 -112.402
1394 -111.217
1395 -111.196
1396 -113.683
1397 -111.943
1398 -112.065
1399 -113.474
1400 -113.529
1401 -112.039
1402 -112.353
1403 -113.084
1404 -113.502
1405 -114.308
1406 -113.164
1407 -113.592
1408 -114.076
1409 -114.578
1410 -112.853
1411 -113.112
1412 -114.423
1413 -114.173
1414 -113.158
1415 -113.957
1416 -113.603
1417 -112.535
1418 -114.133
1419 -113.851
1420 -114.112
1421 -114.102
1422 -112.808
1423 -112.648
1424 -113.049
1425 -112.259
1426 -111.607
1427 -112.236
1428 -110.958
1429 -111.3
1430 -111.807
1431 -112.401
1432 -112.361
1433 -111.577
1434 -111.428
1435 -110.079
1436 -111.58
1437 -109.375
1438 -110.808
1439 -112.284
1440 -111.062
1441 -111.217
1442 -112.522
1443 -113.77
1444 -111.8
1445 -112.777
1446 -112.147
1447 -112.475
1448 -114.093
1449 -114.736
1450 -112.862
1451 -114.117
1452 -114.196
1453 -113.433
1454 -112.825
1455 -114.275
1456 -115.421
1457 -113.434
1458 -112.392
1459 -114.415
1460 -113.779
1461 -113.576
1462 -112.995
1463 -114.304
1464 -113.519
1465 -113.662
1466 -111.587
1467 -112.01
1468 -111.857
1469 -110.525
1470 -112.682
1471 -112.291
1472 -113.482
1473 -112.047
1474 -112.827
1475 -112.092
1476 -111.799
1477 -111.364
1478 -112.621
1479 -111.112
1480 -111.351
1481 -111.186
1482 -110.055
1483 -111.754
1484 -111.564
1485 -111.077
1486 -112.008
1487 -113.138
1488 -112.668
1489 -114.498
1490 -114.286
1491 -113.121
1492 -114.123
1493 -110.911
1494 -114.878
1495 -114.238
1496 -113.547
1497 -115.993
1498 -114.869
1499 -116.346
1500 -114.787
1501 -114.309
1502 -114.835
1503 -113.753
1504 -115.198
1505 -114.431
1506 -114.678
1507 -113.118
1508 -113.592
1509 -114.646
1510 -114.063
1511 -114.005
1512 -113.053
1513 -113.178
1514 -113.447
1515 -111.934
1516 -112.234
1517 -111.494
1518 -112.147
1519 -111.11
1520 -112.762
1521 -111.994
1522 -113.156
1523 -112.278
1524 -111.982
1525 -112.611
1526 -111.84
1527 -111.558
1528 -111.844
1529 -112.821
1530 -112.118
1531 -111.604
1532 -111.628
1533 -115.226
1534 -115.935
1535 -114.523
1536 -114.787
1537 -113.007
1538 -112.92
1539 -113.827
1540 -114.791
1541 -114.173
1542 -115.572
1543 -114.815
1544 -115.364
1545 -114.055
1546 -114.289
1547 -114.773
1548 -114.973
1549 -112.561
1550 -113.277
1551 -113.017
1552 -112.652
1553 -114.366
1554 -113.928
1555 -113.07
1556 -115.012
1557 -112.481
1558 -113.061
1559 -113.274
1560 -111.997
1561 -111.666
1562 -111.892
1563 -112.347
1564 -111.36
1565 -112.973
1566 -112.797
1567 -111.987
1568 -112.535
1569 -111.954
1570 -111.332
1571 -110.613
1572 -112.697
1573 -112.718
1574 -111.445
1575 -110.953
1576 -113.062
1577 -112.424
1578 -114.337
1579 -113.2
1580 -114.289
1581 -114.393
1582 -113.422
1583 -114.75
1584 -114.231
1585 -112.085
1586 -114.436
1587 -114.433
1588 -113.87
1589 -115.398
1590 -113.65
1591 -114.132
1592 -117.153
1593 -113.531
1594 -114.901
1595 -114.03
1596 -114.173
1597 -113.075
1598 -112.137
1599 -112.584
1600 -113.414
1601 -114.409
1602 -113.206
1603 -112.971
1604 -112.168
1605 -111.726
1606 -113.311
1607 -112.402
1608 -111.443
1609 -111.518
1610 -111.944
1611 -111.031
1612 -112.03
1613 -111.869
1614 -110.978
1615 -113.733
1616 -111.639
1617 -111.145
1618 -112.209
1619 -111.61
1620 -112.633
1621 -111.9
1622 -112.471
1623 -114.565
1624 -113.081
1625 -113.455
1626 -113.592
1627 -113.519
1628 -113.242
1629 -114.259
1630 -113.549
1631 -112.459
1632 -113.739
1633 -114.288
1634 -113.769
1635 -113.322
1636 -114.041
1637 -111.865
1638 -111.072
1639 -111.822
1640 -110.106
1641 -108.289
1642 -109.026
1643 -108.878
1644 -107.823
1645 -106.873
1646 -108.9
1647 -104.536
1648 -106.03
1649 -106.498
1650 -104.06
1651 -102.368
1652 -102.582
1653 -101.043
1654 -101.151
1655 -101.634
1656 -99.4723
1657 -100.275
1658 -100.85
1659 -98.7268
1660 -97.3728
1661 -97.3914
1662 -97.0496
1663 -96.9346
1664 -97.7935
1665 -97.6284
1666 -99.1464
1667 -97.0363
1668 -96.3176
1669 -97.6094
1670 -98.8807
1671 -100.103
1672 -100.578
1673 -101.069
1674 -99.7031
1675 -100.581
1676 -102.712
1677 -100.834
1678 -100.638
1679 -101.409
1680 -101.739
1681 -102.961
1682 -103.576
1683 -103.799
1684 -104.617
1685 -104.384
1686 -105.811
1687 -105.664
1688 -105.86
1689 -105.445
1690 -107.546
1691 -107.082
1692 -106.219
1693 -107.098
1694 -106.799
1695 -106.571
1696 -108.717
1697 -108.259
1698 -107.799
1699 -108.684
1700 -107.808
1701 -110.192
1702 -111.492
1703 -109.095
1704 -109.688
1705 -107.416
1706 -108.955
1707 -108.965
1708 -109.578
1709 -111.402
1710 -109
1711 -107.208
1712 -109.71
1713 -110.308
1714 -108.836
1715 -110.096
1716 -108.915
1717 -108.341
1718 -110.015
1719 -109.643
1720 -109.149
1721 -109.631
1722 -108.048
1723 -109.483
1724 -109.791
1725 -110.151
1726 -110.914
1727 -110.336
1728 -109.839
1729 -109.646
1730 -110.256
1731 -109.671
1732 -110.604
1733 -108.644
1734 -110.056
1735 -109.383
1736 -109.699
1737 -110.854
1738 -108.853
1739 -108.732
1740 -109.013
1741 -111.348
1742 -109.947
1743 -110.96
1744 -111.182
1745 -109.371
1746 -110.336
1747 -110.242
1748 -109.156
1749 -110.066
1750 -110.285
1751 -109.983
1752 -108.985
1753 -110.634
1754 -111.543
1755 -109.327
1756 -109.635
1757 -108.881
1758 -110.28
1759 -108.115
1760 -107.328
1761 -107.538
1762 -105.707
1763 -105.629
1764 -104.707
1765 -106.677
1766 -106.792
1767 -104.187
1768 -103.199
1769 -101.432
1770 -100.618
1771 -100.46
1772 -100.436
1773 -99.9748
1774 -101.92
1775 -97.7117
1776 -99.3954
1777 -97.7252
1778 -97.6168
1779 -96.6497
1780 -97.3018
1781 -94.3451
1782 -94.9341
1783 -94.3775
1784 -94.4264
1785 -92.381
1786 -93.383
1787 -91.288
1788 -91.2986
1789 -91.6695
1790 -89.8467
1791 -89.2955
1792 -89.8508
1793 -89.7961
1794 -91.6734
1795 -90.5835
1796 -90.6463
1797 -91.3343
1798 -91.5726
1799 -91.7184
1800 -92.4396
1801 -91.8987
1802 -93.5945
1803 -94.3632
1804 -94.1881
1805 -93.7174
1806 -94.5598
1807 -95.1871
1808 -97.4932
1809 -96.1616
1810 -97.68
1811 -98.8293
1812 -99.6097
1813 -99.1104
1814 -99.073
1815 -99.9891
1816 -99.6769
1817 -100.416
1818 -101.056
1819 -101.341
1820 -102.367
1821 -102.463
1822 -100.97
1823 -101.623
1824 -101.676
1825 -102.749
1826 -102.976
1827 -103.036
1828 -101.586
1829 -101.973
1830 -102.494
1831 -101.677
1832 -103.258
1833 -102.786
1834 -104.904
1835 -105.221
1836 -104.603
1837 -104.286
1838 -102.968
1839 -103.679
1840 -104.082
1841 -102.402
1842 -102.865
1843 -102.153
1844 -100.433
1845 -101.608
1846 -100.824
1847 -100.685
1848 -100.985
1849 -101.063
1850 -99.9242
1851 -99.9819
1852 -101.835
1853 -100.576
1854 -102.179
1855 -102.061
1856 -102.364
1857 -103.174
1858 -104.361
1859 -103.796
1860 -104.755
1861 -104.394
1862 -105.133
1863 -104.099
1864 -104.202
1865 -103.137
1866 -102.858
1867 -104.574
1868 -103.361
1869 -104.835
1870 -104.261
1871 -103.873
1872 -105.077
1873 -103.282
1874 -103.469
1875 -105.258
1876 -103.752
1877 -102.727
1878 -104.068
1879 -104.607
1880 -103.657
1881 -105.812
1882 -104.719
1883 -103.726
1884 -106.279
1885 -104.955
1886 -104.64
1887 -102.341
1888 -101.087
1889 -102.479
1890 -101.467
1891 -101.324
1892 -100.372
1893 -102.323
1894 -101.308
1895 -102.376
1896 -102.135
1897 -101.97
1898 -102.922
1899 -102.268
1900 -103.791
1901 -104.755
1902 -103.869
1903 -104.028
1904 -105.705
1905 -104.812
1906 -104.154
1907 -103.898
1908 -102.812
1909 -103.939
1910 -102.091
1911 -103.854
1912 -103.644
1913 -103.976
1914 -103.006
1915 -104.709
1916 -104.571
1917 -104.944
1918 -105.043
1919 -104.462
1920 -103.995
1921 -102.347
1922 -104.59
1923 -104.139
1924 -104.698
1925 -105.169
1926 -104.367
1927 -103.477
1928 -104.276
1929 -104.009
1930 -103.308
1931 -102.087
1932 -103.259
1933 -100.259
1934 -102.094
1935 -102.186
1936 -102.987
1937 -100.964
1938 -101.189
1939 -101.514
1940 -101.406
1941 -102.631
1942 -101.757
1943 -101.931
1944 -102.041
1945 -102.815
1946 -103.394
1947 -102.808
1948 -104.34
1949 -105.611
1950 -103.859
1951 -103.922
1952 -103.856
1953 -103.27
1954 -104.421
1955 -103.091
1956 -103.131
1957 -102.809
1958 -103.583
1959 -104.64
1960 -103.217
1961 -103.408
1962 -104.49
1963 -103.374
1964 -103.801
1965 -104.184
1966 -102.248
1967 -104.068
1968 -104.964
1969 -104.288
1970 -105.271
1971 -104.126
1972 -104.034
1973 -102.727
1974 -102.251
1975 -101.971
1976 -100.938
1977 -100.377
1978 -99.6441
1979 -99.7315
1980 -99.7085
1981 -98.253
1982 -97.8256
1983 -98.82
1984 -99.1639
1985 -98.8885
1986 -98.85
1987 -99.6121
1988 -100.959
1989 -102.07
1990 -100.862
1991 -103.357
1992 -101.277
1993 -101.777
1994 -103.412
1995 -102.633
1996 -101.633
1997 -101.302
1998 -100.852
1999 -101.376
2000 -100.302
2001 -100.539
2002 -100.589
2003 -100.948
2004 -101.553
2005 -101.024
2006 -102.117
2007 -100.748
2008 -102.417
2009 -101.427
2010 -104.243
2011 -103.098
2012 -103.94
2013 -104.72
2014 -103.586
2015 -103.215
2016 -102.617
2017 -101.344
2018 -101.937
2019 -101.953
2020 -100.666
2021 -101.395
2022 -101.803
2023 -99.5412
2024 -99.9703
2025 -100.36
2026 -99.7552
2027 -101.947
2028 -101.447
2029 -101.176
2030 -101.891
2031 -102.105
2032 -101.854
2033 -102.763
2034 -102.373
2035 -101.579
2036 -102.188
2037 -101.563
2038 -102.079
2039 -103.156
2040 -100.73
2041 -102.867
2042 -103.904
2043 -103.481
2044 -102.958
2045 -102.722
2046 -101.912
2047 -103.941
2048 -101.686
2049 -102.278
2050 -103.907
2051 -103.539
2052 -104.893
2053 -102.666
2054 -103.388
2055 -101.103
2056 -102.028
2057 -100.004
2058 -100.87
2059 -99.5616
2060 -100.691
2061 -100.847
2062 -101.103
2063 -100.335
2064 -100.992
2065 -100.308
2066 -102.452
2067 -103.253
2068 -102.005
2069 -103.644
2070 -103.868
2071 -104.279
2072 -103.808
2073 -102.646
2074 -101.832
2075 -102.692
2076 -102.191
2077 -102.397
2078 -102.403
2079 -102.818
2080 -104.723
2081 -101.147
2082 -102.633
2083 -103.057
2084 -102.875
2085 -103.592
2086 -105.304
2087 -103.264
2088 -103.996
2089 -103.465
2090 -103.503
2091 -103.419
2092 -101.83
2093 -101.136
2094 -100.077
2095 -101.15
2096 -101.803
2097 -101.69
2098 -100.446
2099 -100.348
2100 -100.778
2101 -101.762
2102 -101.454
2103 -102.2
2104 -102.976
2105 -102.838
2106 -102.642
2107 -103.983
2108 -104.996
2109 -102.227
2110 -102.409
2111 -102.653
2112 -102.739
2113 -102.864
2114 -104.557
2115 -103.516
2116 -103.821
2117 -103.676
2118 -101.847
2119 -103.622
2120 -102.152
2121 -104.413
2122 -103.879
2123 -102.646
2124 -102.75
2125 -104.971
2126 -104.564
2127 -102.701
2128 -102.739
2129 -100.359
2130 -101.28
2131 -101.525
2132 -101.14
2133 -101.215
2134 -99.8455
2135 -101.393
2136 -101.359
2137 -102.052
2138 -101.986
2139 -102.785
2140 -102.961
2141 -102.383
2142 -103.622
2143 -104.003
2144 -105.191
2145 -105.015
2146 -102.046
2147 -102.081
2148 -102.508
2149 -103.954
2150 -103.94
2151 -102.818
2152 -103.778
2153 -104.148
2154 -102.869
2155 -103.828
2156 -102.705
2157 -103.492
2158 -103.325
2159 -105.221
2160 -104.938
2161 -106.215
2162 -107.109
2163 -105.158
2164 -105.749
2165 -102.476
2166 -104.387
2167 -104.565
2168 -103.351
2169 -103.453
2170 -104.944
2171 -104.827
2172 -107.134
2173 -105.323
2174 -107.355
2175 -108.31
2176 -109.217
2177 -109.317
2178 -110.469
2179 -111.965
2180 -113.679
2181 -113.504
2182 -112.899
2183 -113.606
2184 -115.045
2185 -115.163
2186 -115.217
2187 -113.626
2188 -116.579
2189 -116.334
2190 -117.404
2191 -118.034
2192 -118.358
2193 -118.059
2194 -117.168
2195 -118.854
2196 -117.097
2197 -117.216
2198 -116.679
2199 -117.577
2200 -118.772
2201 -117.222
2202 -116.479
2203 -116.48
2204 -115.914
2205 -116.369
2206 -116.364
2207 -116.525
2208 -114.784
2209 -117.033
2210 -114.888
2211 -116.127
2212 -113.452
2213 -114.264
2214 -113.244
2215 -114.414
2216 -113.928
2217 -112.699
2218 -112.903
2219 -111.641
2220 -110.997
2221 -111.339
2222 -110.789
2223 -108.427
2224 -110.247
2225 -108.398
2226 -110.541
2227 -108.555
2228 -108.801
2229 -110.405
2230 -108.687
2231 -107.181
2232 -107.976
2233 -106.26
2234 -106.174
2235 -107.473
2236 -107.155
2237 -106.329
2238 -106.129
2239 -106.544
2240 -106.639
2241 -107.844
2242 -106.994
2243 -106.144
2244 -106.506
2245 -105.615
2246 -105.993
2247 -107.019
2248 -105.036
2249 -106.69
2250 -106.854
2251 -106.159
2252 -106.939
2253 -105.223
2254 -105.687
2255 -105.913
2256 -105.621
2257 -106.725
2258 -105.471
2259 -105.29
2260 -106.449
2261 -107.573
2262 -106.197
2263 -104.882
2264 -105.419
2265 -105.399
2266 -106.446
2267 -103.783
2268 -106.872
2269 -106.342
2270 -106.033
2271 -106.013
2272 -105.889
2273 -105.118
2274 -106.301
2275 -104.932
2276 -104.596
2277 -104.401
2278 -105.756
2279 -106.252
2280 -105.701
2281 -104.697
2282 -105.239
2283 -106.579
2284 -105.321
2285 -105.653
2286 -105.73
2287 -105.988
2288 -106.461
2289 -106.887
2290 -107.718
2291 -106.75
2292 -106.849
2293 -107.092
2294 -108.347
2295 -106.397
2296 -108.938
2297 -110.516
2298 -110.143
2299 -110.443
2300 -110.457
2301 -111.12
2302 -111.449
2303 -113.261
2304 -113.422
2305 -112.354
2306 -113.609
2307 -114.723
2308 -113.704
2309 -115.078
2310 -116.587
2311 -118.628
2312 -117.698
2313 -117.543
2314 -119.356
2315 -121.038
2316 -119.545
2317 -120.189
2318 -121.638
2319 -122.271
2320 -122.811
2321 -123.753
2322 -123.571
2323 -125.211
2324 -126.033
2325 -126.659
2326 -127.373
2327 -127.175
2328 -126.543
2329 -127.353
2330 -126.397
2331 -127.578
2332 -126.857
2333 -126.235
2334 -127.38
2335 -126.696
2336 -126.475
2337 -125.352
2338 -126.167
2339 -125.839
2340 -124.894
2341 -125.64
2342 -124.441
2343 -124.542
2344 -123.886
2345 -123.783
2346 -123.519
2347 -122.344
2348 -121.839
2349 -121.887
2350 -121.07
2351 -120.12
2352 -119.457
2353 -119.217
2354 -118.909
2355 -119.056
2356 -116.775
2357 -119.102
2358 -117.88
2359 -117.179
2360 -116.606
2361 -115.419
2362 -114.974
2363 -115.808
2364 -115.644
2365 -114.468
2366 -114.817
2367 -117.311
2368 -116.146
2369 -116.731
2370 -116.601
2371 -116.283
2372 -115.871
2373 -116.594
2374 -115.422
2375 -117.286
2376 -116.034
2377 -117.847
2378 -114.924
2379 -114.639
2380 -115.006
2381 -113.532
2382 -113.237
2383 -114.559
2384 -113.744
2385 -115.383
2386 -114.365
2387 -114.363
2388 -112.179
2389 -113.518
2390 -111.129
2391 -110.833
2392 -112.691
2393 -112.616
2394 -113.101
2395 -113.004
2396 -113.359
2397 -112.618
2398 -112.475
2399 -113.26
2400 -112.241
2401 -112.703
2402 -113.836
2403 -115.183
2404 -115.898
2405 -114.504
2406 -113.129
2407 -114.319
2408 -113.13
2409 -114.306
2410 -114.925
2411 -114.971
2412 -113.748
2413 -114.45
2414 -114.592
2415 -114.039
2416 -114.088
2417 -113.869
2418 -113.904
2419 -112.756
2420 -113.532
2421 -111.178
2422 -113.347
2423 -112.81
2424 -112.707
2425 -111.017
2426 -112.711
2427 -113.283
2428 -111.913
2429 -114.124
2430 -112.622
2431 -111.417
2432 -111.255
2433 -114.083
2434 -114.414
2435 -113.894
2436 -113.94
2437 -114.482
2438 -114.586
2439 -113.816
2440 -115.164
2441 -112.633
2442 -113.168
2443 -114.563
2444 -114.629
2445 -115.508
2446 -113.941
2447 -112.907
2448 -115.015
2449 -114.666
2450 -113.481
2451 -114.226
2452 -113.182
2453 -113.753
2454 -114.217
2455 -111.837
2456 -112.158
2457 -113
2458 -111.577
2459 -112.836
2460 -112.986
2461 -113.752
2462 -111.885
2463 -111.543
2464 -111.885
2465 -111.218
2466 -111.257
2467 -112.843
2468 -111.991
2469 -114.074
2470 -113.978
2471 -114.594
2472 -116.942
2473 -114.514
2474 -112.581
2475 -113.43
2476 -113.751
2477 -114.822
2478 -113.644
2479 -115.43
2480 -115.893
2481 -114.559
2482 -113.411
2483 -112.965
2484 -113.354
2485 -112.608
2486 -113.22
2487 -114.295
2488 -113.236
2489 -112.51
2490 -113.601
2491 -111.251
2492 -110.712
2493 -110.379
2494 -111.907
2495 -112.613
2496 -111.799
2497 -111.555
2498 -109.752
2499 -111.468
2500 -110.638
2501 -111.257
2502 -113.181
2503 -114.86
2504 -114.882
2505 -115.091
2506 -113.151
2507 -114.619
2508 -112.691
2509 -113.804
2510 -114.965
2511 -115.855
2512 -113.764
2513 -116.179
2514 -114.04
2515 -114.542
2516 -112.532
2517 -113.526
2518 -113.351
2519 -112.89
2520 -113.94
2521 -115.658
2522 -114.417
2523 -113.41
2524 -111.101
2525 -112.036
2526 -112.114
2527 -113.222
2528 -113.076
2529 -114.274
2530 -112.261
2531 -112.156
2532 -111.068
2533 -111.128
2534 -113.314
2535 -113.431
2536 -113.748
2537 -114.165
2538 -115.605
2539 -114.732
2540 -113.025
2541 -113.828
2542 -114.556
2543 -114.662
2544 -116.171
2545 -114.293
2546 -114.938
2547 -114.879
2548 -116.521
2549 -112.707
2550 -114.465
2551 -113.337
2552 -114.395
2553 -114.048
2554 -112.84
2555 -113.577
2556 -114.641
2557 -111.839
2558 -111.944
2559 -111.975
2560 -112.828
2561 -111.836
2562 -112.371
2563 -113.121
2564 -112.365
2565 -111.658
2566 -111.693
2567 -111.052
2568 -113.401
2569 -112.466
2570 -113.14
2571 -115.013
2572 -114.521
2573 -114.142
2574 -113.753
2575 -113.981
2576 -113.748
2577 -113.482
2578 -114.431
2579 -116.214
2580 -114.343
2581 -113.761
2582 -114.273
2583 -113.704
2584 -113.069
2585 -112.249
2586 -113.088
2587 -112.784
2588 -113.772
2589 -113.037
2590 -113.584
2591 -112.321
2592 -111.21
2593 -113.657
2594 -111.316
2595 -111.935
2596 -113.652
2597 -112.043
2598 -113.008
2599 -111.91
2600 -111.735
2601 -111.937
2602 -111.383
2603 -115.755
2604 -114.807
2605 -114.62
2606 -114.392
2607 -113.716
2608 -114.317
2609 -114.352
2610 -113.464
2611 -113.726
2612 -114.883
2613 -113.039
2614 -115.725
2615 -114.27
2616 -114.419
2617 -113.664
2618 -112.147
2619 -113.316
2620 -114.56
2621 -112.901
2622 -113.555
2623 -113.028
2624 -112.826
2625 -112.287
2626 -111.813
2627 -111.907
2628 -112.011
2629 -110.613
2630 -111.436
2631 -110.715
2632 -109.066
2633 -109.388
2634 -110.701
2635 -108.709
2636 -110.139
2637 -111.273
2638 -109.872
2639 -111.646
2640 -111.517
2641 -110.599
2642 -107.434
2643 -109.066
2644 -107.57
2645 -108.154
2646 -106.678
2647 -106.783
2648 -106.516
2649 -106.81
2650 -104.181
2651 -104.545
2652 -102.474
2653 -101.523
2654 -101.687
2655 -101.169
2656 -101.531
2657 -101.495
2658 -100.178
2659 -100.031
2660 -97.8959
2661 -96.7946
2662 -96.7164
2663 -93.9621
2664 -96.6886
2665 -96.2273
2666 -96.2369
2667 -96.2923
2668 -96.0139
2669 -95.2468
2670 -95.3213
2671 -96.7153
2672 -95.2858
2673 -95.7992
2674 -97.2861
2675 -97.9854
2676 -96.7638
2677 -98.0763
2678 -98.6404
2679 -98.1219
2680 -97.9659
2681 -98.8616
2682 -99.8421
2683 -99.9734
2684 -98.3746
2685 -99.4204
2686 -99.9858
2687 -100.423
2688 -101.919
2689 -102.546
2690 -103.058
2691 -102.85
2692 -103.482
2693 -103.668
2694 -104.88
2695 -104.977
2696 -106.726
2697 -104.493
2698 -105.859
2699 -106.45
2700 -106.612
2701 -106.053
2702 -105.896
2703 -106.26
2704 -106.303
2705 -107.959
2706 -106.421
2707 -107.971
2708 -106.912
2709 -107.843
2710 -108.347
2711 -108.1
2712 -108.606
2713 -109.001
2714 -109.523
2715 -108.463
2716 -108.423
2717 -108.519
2718 -109.718
2719 -108.657
2720 -108.556
2721 -109.571
2722 -108.461
2723 -108.979
2724 -109.693
2725 -109.232
2726 -107.155
2727 -108.463
2728 -109.18
2729 -108.574
2730 -109.044
2731 -110.109
2732 -109.382
2733 -109.128
2734 -109.442
2735 -108.596
2736 -111.264
2737 -109.309
2738 -109.406
2739 -109.357
2740 -109.55
2741 -109.155
2742 -110.052
2743 -109.879
2744 -109.514
2745 -109.557
2746 -109.889
2747 -110.943
2748 -109.487
2749 -108.95
2750 -108.129
2751 -111.732
2752 -108.488
2753 -109.322
2754 -110.655
2755 -110.668
2756 -110.475
2757 -109.311
2758 -109.622
2759 -109.932
2760 -110.671
2761 -109.391
2762 -109.27
2763 -107.773
2764 -108.322
2765 -108.468
2766 -106.999
2767 -105.931
2768 -107.242
2769 -106.404
2770 -105.827
2771 -103.993
2772 -102.545
2773 -104.209
2774 -103.745
2775 -101.288
2776 -103.814
2777 -100.171
2778 -100.16
2779 -99.056
2780 -99.2772
2781 -99.1789
2782 -98.9273
2783 -98.021
2784 -98.1327
2785 -97.5682
2786 -95.8354
2787 -94.1951
2788 -94.424
2789 -93.2231
2790 -94.7141
2791 -93.2308
2792 -91.0325
2793 -91.1376
2794 -91.2686
2795 -88.509
2796 -88.8243
2797 -89.6131
2798 -87.5841
2799 -88.216
2800 -88.7531
2801 -87.9676
2802 -88.4117
2803 -87.6877
2804 -87.9291
2805 -87.0607
2806 -86.6927
2807 -87.2303
2808 -87.5948
2809 -88.7986
2810 -87.7959
2811 -88.6768
2812 -89.1335
2813 -90.3193
2814 -91.0735
2815 -90.8858
2816 -91.2562
2817 -93.9307
2818 -94.8918
2819 -93.7704
2820 -94.3425
2821 -94.5104
2822 -95.0279
2823 -94.7149
2824 -95.7117
2825 -96.2302
2826 -96.9902
2827 -96.8375
2828 -98.3212
2829 -99.5289
2830 -97.162
2831 -98.3777
2832 -97.7788
2833 -98.5115
2834 -98.8057
2835 -101.088
2836 -102.513
2837 -101.658
2838 -101.694
2839 -101.882
2840 -100.699
2841 -100.797
2842 -99.2908
2843 -99.1795
2844 -99.8458
2845 -98.74
2846 -98.5749
2847 -98.7169
2848 -100.656
2849 -99.982
2850 -101.872
2851 -101.606
2852 -102.295
2853 -101.769
2854 -103.498
2855 -102.604
2856 -101.898
2857 -102.863
2858 -104.087
2859 -103.504
2860 -103.298
2861 -100.878
2862 -102.048
2863 -102.031
2864 -102.091
2865 -103.388
2866 -102.881
2867 -103.428
2868 -103.064
2869 -101.89
2870 -103.825
2871 -104.053
2872 -102.971
2873 -103.953
2874 -104.192
2875 -103.073
2876 -102.058
2877 -100.927
2878 -101.518
2879 -101.799
2880 -99.4378
2881 -100.956
2882 -100.187
2883 -100.401
2884 -100.966
2885 -102.688
2886 -102.412
2887 -104.892
2888 -104.243
2889 -104.578
2890 -104.394
2891 -103.548
2892 -104.434
2893 -103.115
2894 -103.54
2895 -103.134
2896 -103.033
2897 -103.626
2898 -103.663
2899 -103.499
2900 -102.363
2901 -103.31
2902 -101.878
2903 -101.652
2904 -103.97
2905 -104.289
2906 -103.866
2907 -103.794
2908 -105.084
2909 -103.767
2910 -101.135
2911 -101.984
2912 -101.517
2913 -101.698
2914 -100.057
2915 -101.07
2916 -100.514
2917 -100.46
2918 -102.414
2919 -101.748
2920 -103.096
2921 -103.573
2922 -102.008
2923 -103.694
2924 -103.929
2925 -103.899
2926 -103.642
2927 -103.862
2928 -101.94
2929 -104.131
2930 -102.88
2931 -104.091
2932 -103.65
2933 -103.888
2934 -102.87
2935 -102.281
2936 -102.478
2937 -105.298
2938 -103.833
2939 -104.312
2940 -105.489
2941 -102.483
2942 -102.974
2943 -103.889
2944 -101.114
2945 -101.526
2946 -101.619
2947 -101.604
2948 -100.837
2949 -99.8756
2950 -99.5346
2951 -99.7966
2952 -101.506
2953 -102.294
2954 -103.972
2955 -103.559
2956 -103.632
2957 -104.382
2958 -103.879
2959 -103.87
2960 -103.775
2961 -102.033
2962 -103.208
2963 -100.341
2964 -102.105
2965 -104.079
2966 -104.135
2967 -103.574
2968 -103.367
2969 -101.578
2970 -103.648
2971 -104.322
2972 -104.217
2973 -104.797
2974 -104.09
2975 -103.713
2976 -102.394
2977 -101.586
2978 -101.586
2979 -102.234
2980 -100.838
2981 -100.06
2982 -99.8916
2983 -100.318
2984 -100.024
2985 -102.852
2986 -103.434
2987 -103.66
2988 -104.508
2989 -104.637
2990 -103.952
2991 -103.907
2992 -104.045
2993 -103.838
2994 -101.862
2995 -101.673
2996 -102.65
2997 -103.171
2998 -102.97
2999 -103.719
3000 -103.967
3001 -103.71
3002 -102.903
3003 -102.182
3004 -104.548
3005 -103.101
3006 -104.338
3007 -104.009
3008 -103.495
3009 -102.766
3010 -102.339
3011 -102.068
3012 -101.917
3013 -102.294
3014 -100.655
3015 -102.145
3016 -99.2533
3017 -100.079
3018 -100.49
3019 -102.185
3020 -101.993
3021 -103.978
3022 -103.487
3023 -103.408
3024 -103.475
3025 -104.827
3026 -103.781
3027 -103.678
3028 -102.728
3029 -102.593
3030 -104.467
3031 -102.367
3032 -102.315
3033 -103.276
3034 -103.564
3035 -102.833
3036 -102.914
3037 -103.223
3038 -104.118
3039 -104.48
3040 -103.385
3041 -103.688
3042 -103.071
3043 -102.943
3044 -101.533
3045 -101.766
3046 -102.05
3047 -100.423
3048 -100.136
3049 -101.017
3050 -101.633
3051 -100.465
3052 -101.357
3053 -101.99
3054 -103.46
3055 -101.219
3056 -104.693
3057 -104.43
3058 -104.913
3059 -104.729
3060 -102.479
3061 -104.181
3062 -102.631
3063 -102.551
3064 -103.887
3065 -102.225
3066 -103.27
3067 -103.105
3068 -104.323
3069 -103.342
3070 -103.083
3071 -103.954
3072 -102.649
3073 -104.128
3074 -104.595
3075 -102.894
3076 -103.683
3077 -103.298
3078 -102.617
3079 -100.871
3080 -101.043
3081 -100.352
3082 -100.574
3083 -100.04
3084 -100.139
3085 -99.4286
3086 -101.205
3087 -101.815
3088 -103.862
3089 -101.957
3090 -103.1
3091 -105.181
3092 -103.951
3093 -103.921
3094 -103.3
3095 -102.525
3096 -101.407
3097 -104.028
3098 -103.624
3099 -102.726
3100 -103.911
3101 -105.173
3102 -103.292
3103 -103.139
3104 -103.193
3105 -104.172
3106 -106.196
3107 -105.709
3108 -106.083
3109 -106.04
3110 -106.202
3111 -105.046
3112 -105.039
3113 -107.672
3114 -107.136
3115 -106.55
3116 -107.703
3117 -106.921
3118 -109.29
3119 -110.525
3120 -110.808
3121 -110.076
3122 -111.795
3123 -112.511
3124 -113.376
3125 -114.022
3126 -114.704
3127 -115.554
3128 -116.336
3129 -116.201
3130 -115.496
3131 -115.838
3132 -116.035
3133 -115.414
3134 -117.317
3135 -117.63
3136 -118.292
3137 -119.353
3138 -119.349
3139 -118.71
3140 -119.351
3141 -118.906
3142 -117.469
3143 -118.536
3144 -115.937
3145 -117.489
3146 -116.837
3147 -118.586
3148 -117.781
3149 -117.912
3150 -116.207
3151 -117.365
3152 -118.2
3153 -115.982
3154 -116.297
3155 -115.413
3156 -115.388
3157 -115.448
3158 -114.698
3159 -114.752
3160 -114.564
3161 -112.604
3162 -113.552
3163 -111.851
3164 -111.813
3165 -109.98
3166 -110.726
3167 -111.322
3168 -108.981
3169 -108.383
3170 -110.602
3171 -110.83
3172 -108.306
3173 -107.562
3174 -109.354
3175 -109.603
3176 -109.225
3177 -107.134
3178 -107.941
3179 -108.499
3180 -107.534
3181 -107.211
3182 -107.308
3183 -106.321
3184 -105.632
3185 -106.428
3186 -107.1
3187 -106.46
3188 -106.79
3189 -107.81
3190 -106.777
3191 -106.731
3192 -106.397
3193 -104.786
3194 -106.765
3195 -106.317
3196 -106.058
3197 -106.003
3198 -107.344
3199 -105.814
3200 -106.469
3201 -106.144
3202 -105.634
3203 -106.041
3204 -105.165
3205 -105.495
3206 -105.26
3207 -106.489
3208 -106.436
3209 -105.537
3210 -106.854
3211 -105.561
3212 -106.71
3213 -105.475
3214 -105.442
3215 -104.769
3216 -107.251
3217 -105.583
3218 -104.105
3219 -105.857
3220 -105.843
3221 -106.205
3222 -106.727
3223 -104.679
3224 -103.516
3225 -104.684
3226 -105.879
3227 -104.957
3228 -102.594
3229 -105.017
3230 -103.542
3231 -105.724
3232 -105.791
3233 -105.691
3234 -105.247
3235 -104.151
3236 -104.288
3237 -106.995
3238 -106.749
3239 -105.922
3240 -104.638
3241 -105.26
3242 -105.827
3243 -105.093
3244 -105.466
3245 -105.163
3246 -104.009
3247 -106.057
3248 -105.903
3249 -106.226
3250 -104.572
3251 -105.211
3252 -105.298
3253 -105.123
3254 -105.442
3255 -105.633
3256 -105.711
3257 -106.748
3258 -104.185
3259 -104.776
3260 -105.733
3261 -106.156
3262 -105.512
3263 -106.136
3264 -105.441
3265 -105.303
3266 -106.331
3267 -105.906
3268 -105.986
3269 -105.595
3270 -106.866
3271 -106.161
3272 -105.901
3273 -105.469
3274 -105.209
3275 -105.524
3276 -105.124
3277 -105.646
3278 -104.36
3279 -106.002
3280 -104.577
3281 -104.937
3282 -104.962
3283 -105.63
3284 -106.709
3285 -104.489
3286 -105.004
3287 -104.369
3288 -105.397
3289 -105.805
3290 -105.476
3291 -106.006
3292 -106.624
3293 -105.632
3294 -105.465
3295 -106.649
3296 -106.785
3297 -106.029
3298 -104.048
3299 -105.768
3300 -106.025
3301 -104.723
3302 -105.918
3303 -106.047
3304 -105.026
3305 -105.643
3306 -104.842
3307 -105.055
3308 -105.934
3309 -105.588
3310 -105.587
3311 -105.692
3312 -104.62
3313 -106.524
3314 -105.81
3315 -105.505
3316 -105.04
3317 -104.704
3318 -104.857
3319 -107.201
3320 -105.716
3321 -105.098
3322 -105.561
3323 -105.295
3324 -107.059
3325 -108.148
3326 -106.211
3327 -105.598
3328 -107.22
3329 -105.575
3330 -106.42
3331 -105.141
3332 -105.409
3333 -104.625
3334 -105.463
3335 -104.983
3336 -105.135
3337 -105.352
3338 -105.957
3339 -105.046
3340 -107.083
3341 -105.195
3342 -105.914
3343 -105.213
3344 -106.057
3345 -105.454
3346 -106.65
3347 -105.373
3348 -105.355
3349 -107.011
3350 -105.011
3351 -106.08
3352 -105.925
3353 -105.978
3354 -105.196
3355 -106.307
3356 -103.731
3357 -106.327
3358 -105.387
3359 -106.082
3360 -105.335
3361 -106.743
3362 -105.568
3363 -105.263
3364 -106.25
3365 -105.536
3366 -106.21
3367 -105.528
3368 -103.845
3369 -106.205
3370 -105.89
3371 -106.215
3372 -106.326
3373 -106.717
3374 -104.516
3375 -106.637
3376 -105.939
3377 -106.144
3378 -106.811
3379 -104.798
3380 -105.93
3381 -105.774
3382 -105.623
3383 -107.6
3384 -106.216
3385 -106.86
3386 -106.213
3387 -104.308
3388 -103.774
3389 -105.251
3390 -105.08
3391 -104.905
3392 -105.814
3393 -105.523
3394 -105.099
3395 -106.337
3396 -106.812
3397 -105.679
3398 -106.647
3399 -104.355
