0 -121.624
1 -120.822
2 -121.637
3 -122.062
4 -120.39
5 -119.867
6 -121.397
7 -121.177
8 -122.515
9 -122.622
10 -121.969
11 -122.922
12 -120.705
13 -121.496
14 -120.831
15 -121.679
16 -120.533
17 -120.022
18 -121.034
19 -122.733
20 -122.015
21 -121.768
22 -121.434
23 -121.906
24 -121.104
25 -121.205
26 -121.25
27 -120.804
28 -120.676
29 -119.48
30 -120.702
31 -122.274
32 -122.307
33 -122.118
34 -123.574
35 -123.468
36 -124.338
37 -124.857
38 -125.742
39 -125.922
40 -125.322
41 -127.574
42 -127.277
43 -128.748
44 -129.28
45 -130.096
46 -130.397
47 -131.036
48 -130.298
49 -130.951
50 -132.215
51 -133.571
52 -132.557
53 -133.021
54 -133.196
55 -134.456
56 -136.735
57 -135.114
58 -136.569
59 -137.95
60 -139.147
61 -138.629
62 -139.324
63 -137.586
64 -138.912
65 -139.251
66 -138.841
67 -138.816
68 -140.129
69 -139.254
70 -141.487
71 -141.71
72 -141.932
73 -141.744
74 -139.585
75 -140.936
76 -140.609
77 -141.339
78 -141.479
79 -140.323
80 -138.802
81 -139.031
82 -138.747
83 -136.63
84 -137.706
85 -138.617
86 -137.423
87 -135.575
88 -134.947
89 -135.907
90 -135.721
91 -133.896
92 -132.918
93 -133.461
94 -132.572
95 -133.656
96 -133.401
97 -130.087
98 -131.15
99 -131.906
100 -129.152
101 -132.087
102 -130.379
103 -131.08
104 -129.365
105 -129.947
106 -129.633
107 -129.053
108 -129.004
109 -130.498
110 -128.306
111 -128.382
112 -129.31
113 -129.306
114 -131.4
115 -130.327
116 -129.787
117 -130.325
118 -130.091
119 -131.232
120 -131.723
121 -128.953
122 -130.394
123 -131.513
124 -130.139
125 -130.722
126 -130.482
127 -130.556
128 -131.71
129 -130.413
130 -130.311
131 -129.809
132 -129.637
133 -128.559
134 -129.457
135 -129.185
136 -129.892
137 -128.348
138 -129.445
139 -128.319
140 -129.566
141 -129.605
142 -128.349
143 -127.914
144 -127.428
145 -128.031
146 -127.652
147 -128.241
148 -127.247
149 -126.775
150 -128.915
151 -128.032
152 -126.493
153 -127.014
154 -127.235
155 -127.255
156 -127.949
157 -128.152
158 -130.426
159 -130.09
160 -129.831
161 -129.968
162 -129.622
163 -129.365
164 -131.417
165 -130.7
166 -130.269
167 -130.789
168 -130.402
169 -128.802
170 -129.898
171 -131.191
172 -129.393
173 -129.749
174 -130.669
175 -129.732
176 -128.673
177 -128.75
178 -130.271
179 -128.709
180 -128.339
181 -129.283
182 -128.431
183 -128.324
184 -128.533
185 -127.851
186 -127.203
187 -127.805
188 -127.682
189 -127.227
190 -127.318
191 -129.48
192 -128.212
193 -128.286
194 -128.417
195 -127.42
196 -127.261
197 -126.984
198 -129.332
199 -130.214
200 -128.754
201 -129.001
202 -129.827
203 -129.912
204 -128.989
205 -127.944
206 -129.062
207 -128.349
208 -129.393
209 -130.918
210 -130.639
211 -128.619
212 -131.515
213 -130.032
214 -129.103
215 -129.171
216 -130.159
217 -128.054
218 -129.321
219 -129.241
220 -129.485
221 -129.96
222 -130.222
223 -131.015
224 -128.697
225 -130.048
226 -126.095
227 -127.195
228 -127.842
229 -129.05
230 -127.985
231 -128.044
232 -126.882
233 -128.128
234 -127.371
235 -127.963
236 -127.343
237 -126.31
238 -127.549
239 -128.824
240 -129.042
241 -128.832
242 -130.016
243 -130.277
244 -129.628
245 -130.243
246 -129.642
247 -129.707
248 -129.765
249 -128.91
250 -129.375
251 -129.638
252 -129.955
253 -130.832
254 -131.654
255 -130.042
256 -130.693
257 -129.792
258 -129.585
259 -129.788
260 -127.795
261 -129.451
262 -128.946
263 -129.471
264 -129.962
265 -130.005
266 -130.06
267 -127.785
268 -126.722
269 -126.508
270 -129.059
271 -128.296
272 -127.012
273 -128.43
274 -129.36
275 -128.662
276 -126.731
277 -128.971
278 -127.288
279 -128.151
280 -126.817
281 -127.768
282 -129.808
283 -129.55
284 -131.395
285 -129.985
286 -130.524
287 -129.34
288 -129.266
289 -129.688
290 -130.912
291 -129.503
292 -129.629
293 -131.43
294 -131.314
295 -130.84
296 -129.084
297 -130.434
298 -129.265
299 -130.941
300 -129.108
301 -128.969
302 -128.198
303 -127.91
304 -130.571
305 -130.211
306 -128.393
307 -128.462
308 -130.501
309 -127.282
310 -127.154
311 -126.887
312 -126.131
313 -126.716
314 -126.269
315 -126.936
316 -124.463
317 -125.516
318 -125.586
319 -124.1
320 -125.587
321 -123.843
322 -122.397
323 -123.183
324 -123.048
325 -123.54
326 -123.655
327 -121.199
328 -121.175
329 -120.957
330 -121.468
331 -120.186
332 -117.506
333 -118.773
334 -118.887
335 -118.088
336 -118.401
337 -118.148
338 -115.843
339 -116.546
340 -117.275
341 -116.083
342 -115.992
343 -116.281
344 -116.18
345 -115.336
346 -114.352
347 -114.108
348 -115.192
349 -115.86
350 -115.238
351 -115.123
352 -114.937
353 -115.896
354 -116.317
355 -114.647
356 -116.859
357 -116.32
358 -117.614
359 -116.383
360 -118.106
361 -117.301
362 -117.295
363 -118.144
364 -118.476
365 -118.068
366 -120.462
367 -119.824
368 -120.684
369 -119.726
370 -119.293
371 -119.859
372 -120.329
373 -121.215
374 -121.725
375 -121.967
376 -122.102
377 -120.946
378 -121.637
379 -122.551
380 -123.111
381 -122.954
382 -122.538
383 -124.627
384 -123.803
385 -123.148
386 -122.816
387 -123.027
388 -122.876
389 -123.997
390 -122.549
391 -122.515
392 -124.309
393 -122.69
394 -123.92
395 -123.85
396 -125.007
397 -125.141
398 -123.317
399 -123.775
400 -125.531
401 -125.57
402 -123.936
403 -123.179
404 -125.105
405 -124.405
406 -123.153
407 -123.516
408 -124.676
409 -124.058
410 -124.963
411 -125.282
412 -124.457
413 -125.643
414 -126.078
415 -124.049
416 -124.148
417 -126.269
418 -126.08
419 -124.839
420 -123.697
421 -125.118
422 -124.569
423 -125.411
424 -125.105
425 -125.428
426 -124.448
427 -125.906
428 -124.822
429 -124.63
430 -125.411
431 -126.001
432 -124.909
433 -124.22
434 -125.944
435 -125.488
436 -125.9
437 -125.983
438 -126.015
439 -125.286
440 -124.599
441 -125.305
442 -123.908
443 -122.716
444 -124.542
445 -124.922
446 -123.82
447 -122.915
448 -122.977
449 -119.106
450 -118.723
451 -119.773
452 -119.482
453 -119.249
454 -117.889
455 -117.985
456 -116.161
457 -116.807
458 -116.321
459 -114.966
460 -114.156
461 -115.14
462 -113.504
463 -115.514
464 -113.253
465 -114.068
466 -113.163
467 -112.4
468 -111.421
469 -108.707
470 -111.176
471 -110.242
472 -107.107
473 -109.722
474 -109.232
475 -107.23
476 -106.011
477 -104.994
478 -105.96
479 -106.708
480 -105.252
481 -105.958
482 -105.347
483 -105.055
484 -106.196
485 -105.269
486 -105.445
487 -106.121
488 -108.371
489 -106.298
490 -107.752
491 -107.632
492 -106.77
493 -106.488
494 -109.139
495 -109.726
496 -109.961
497 -110.072
498 -109.845
499 -110.304
500 -111.963
501 -112.378
502 -112.634
503 -112.831
504 -113.711
505 -113.734
506 -114.073
507 -113.386
508 -112.791
509 -113.33
510 -112.084
511 -112.851
512 -114.875
513 -114.664
514 -112.936
515 -114.86
516 -114.202
517 -113.925
518 -114.626
519 -113.037
520 -114.924
521 -116.841
522 -115.263
523 -116.158
524 -116.175
525 -116.655
526 -117.446
527 -116.792
528 -117.06
529 -115.916
530 -118.028
531 -117.494
532 -117.264
533 -115.094
534 -118.032
535 -117.702
536 -116.659
537 -118.427
538 -119.42
539 -117.765
540 -116.726
541 -117.231
542 -118.672
543 -117.501
544 -117.23
545 -116.429
546 -116.646
547 -118.704
548 -118.39
549 -118.723
550 -117.274
551 -116.707
552 -116.32
553 -116.55
554 -115.656
555 -115.585
556 -115.23
557 -118.804
558 -114.403
559 -115.988
560 -114.454
561 -114.866
562 -117.095
563 -115.911
564 -116.543
565 -116.823
566 -117
567 -118.756
568 -118.634
569 -118.597
570 -119.086
571 -116.857
572 -117.535
573 -116.74
574 -118.312
575 -117.442
576 -116.796
577 -117.179
578 -116.522
579 -119.006
580 -119.579
581 -117.521
582 -117.821
583 -115.949
584 -117.45
585 -118.42
586 -116.798
587 -118.312
588 -118.975
589 -118.243
590 -118.387
591 -120.343
592 -117.074
593 -117.717
594 -116.803
595 -117.423
596 -115.845
597 -116.036
598 -115.566
599 -116.469
600 -113.706
601 -114.767
602 -115.714
603 -113.898
604 -117.384
605 -113.876
606 -115.616
607 -117.527
608 -117.052
609 -118.728
610 -118.072
611 -118.18
612 -119.143
613 -117.826
614 -118.216
615 -118.231
616 -119.293
617 -115.645
618 -115.616
619 -117.278
620 -118.272
621 -116.977
622 -117.935
623 -116.443
624 -117.713
625 -118.056
626 -118.271
627 -117.458
628 -118.539
629 -118.229
630 -117.708
631 -117.925
632 -117.161
633 -118.563
634 -116.954
635 -117.042
636 -117.493
637 -117.053
638 -115.407
639 -115.742
640 -114.145
641 -114.805
642 -114.692
643 -114.923
644 -115.421
645 -114.811
646 -115.368
647 -115.84
648 -114.524
649 -115.664
650 -116.868
651 -116.959
652 -116.793
653 -117.377
654 -119.036
655 -118.707
656 -118.413
657 -116.582
658 -116.603
659 -117.546
660 -117.15
661 -116.689
662 -116.654
663 -118.11
664 -116.676
665 -118.35
666 -118.2
667 -117.68
668 -116.878
669 -117.585
670 -116.343
671 -117.165
672 -117.651
673 -118.503
674 -118.857
675 -118.331
676 -118.771
677 -116.674
678 -116.774
679 -115.445
680 -115.043
681 -115.5
682 -117.205
683 -116.614
684 -115.735
685 -115.667
686 -115.285
687 -115.359
688 -114.08
689 -115.921
690 -115.742
691 -115.999
692 -114.794
693 -117.586
694 -116.359
695 -118.778
696 -118.842
697 -115.863
698 -118.475
699 -117.914
700 -116.832
701 -116.26
702 -115.778
703 -116.262
704 -116.256
705 -118.291
706 -117.258
707 -116.658
708 -115.971
709 -117.185
710 -116.377
711 -116.761
712 -117.449
713 -118.112
714 -118.593
715 -118.415
716 -118.828
717 -117.97
718 -119.386
719 -117.636
720 -117.592
721 -117.607
722 -115.546
723 -114.954
724 -115.664
725 -115.251
726 -114.854
727 -115.58
728 -113.527
729 -114.482
730 -115.397
731 -114.782
732 -115.427
733 -117.715
734 -116.757
735 -116.354
736 -117.325
737 -118.154
738 -118.222
739 -117.448
740 -117.756
741 -118.187
742 -117.035
743 -116.992
744 -116.734
745 -117.9
746 -116.496
747 -116.88
748 -116.455
749 -118.568
750 -118.531
751 -117.963
752 -119.338
753 -117.328
754 -117.29
755 -117.804
756 -117.472
757 -117.358
758 -118.008
759 -119.195
760 -118.623
761 -117.201
762 -115.936
763 -116.187
764 -115.443
765 -114.446
766 -117.128
767 -115.458
768 -114.775
769 -114.686
770 -114.358
771 -115.824
772 -114.545
773 -115.234
774 -115.349
775 -115.455
776 -116.114
777 -117.217
778 -117.412
779 -117.585
780 -117.998
781 -118.469
782 -117.217
783 -118.27
784 -118.796
785 -116.93
786 -115.02
787 -117.5
788 -116.836
789 -117.723
790 -117.276
791 -117.4
792 -116.752
793 -116.155
794 -114.747
795 -117.168
796 -118.077
797 -115.843
798 -117.083
799 -116.73
800 -116.693
801 -118.114
802 -117.974
803 -116.116
804 -115.972
805 -115.037
806 -115.275
807 -115.715
808 -113.549
809 -115.107
810 -114.65
811 -115.037
812 -115.515
813 -112.885
814 -113.589
815 -113.474
816 -114.74
817 -115.493
818 -116.712
819 -116.364
820 -116.86
821 -116.157
822 -115.27
823 -118.111
824 -118.4
825 -117.043
826 -116.792
827 -115.985
828 -117.013
829 -114.662
830 -114.408
831 -116.953
832 -114.349
833 -117.326
834 -116.306
835 -116.1
836 -116.043
837 -116.182
838 -116.43
839 -117.349
840 -117.338
841 -117.021
842 -116.724
843 -117.776
844 -116.897
845 -118.038
846 -115.728
847 -116.412
848 -115.162
849 -116.785
850 -114.749
851 -114.908
852 -114.542
853 -113.313
854 -114.031
855 -113.192
856 -115.341
857 -115.289
858 -114.19
859 -116.602
860 -116.963
861 -114.62
862 -116.454
863 -117.46
864 -117.103
865 -117.998
866 -117.252
867 -118.51
868 -118.126
869 -117.227
870 -117.314
871 -116.279
872 -117.821
873 -118.42
874 -119.77
875 -120.473
876 -120.866
877 -120.697
878 -119.769
879 -120.536
880 -121.12
881 -120.791
882 -122.957
883 -123.075
884 -122.216
885 -123.898
886 -123.735
887 -126.086
888 -127.336
889 -126.365
890 -125.177
891 -126.346
892 -125.836
893 -126.201
894 -128.173
895 -128.801
896 -126.91
897 -128.613
898 -129.21
899 -128.209
900 -129.026
901 -129.688
902 -128.293
903 -128.673
904 -128.214
905 -127.764
906 -127.948
907 -127.229
908 -128.628
909 -128.408
910 -127.063
911 -128.023
912 -127.306
913 -128.109
914 -126.878
915 -126.716
916 -127.047
917 -127.503
918 -126.348
919 -127.244
920 -125.499
921 -124.263
922 -125.312
923 -125.018
924 -123.944
925 -123.913
926 -123.463
927 -124.36
928 -124.349
929 -122.211
930 -121.014
931 -121.075
932 -121.502
933 -120.764
934 -118.863
935 -120.675
936 -119.903
937 -121.136
938 -118.119
939 -119.687
940 -119.538
941 -119.806
942 -118.65
943 -119.429
944 -119.722
945 -119.132
946 -117.219
947 -118.795
948 -118.991
949 -118.156
950 -119.206
951 -119.668
952 -118.711
953 -116.741
954 -119.08
955 -119.373
956 -117.459
957 -117.465
958 -116.283
959 -118.86
960 -118
961 -118.711
962 -119.035
963 -119.095
964 -118.229
965 -117.73
966 -117.49
967 -119.421
968 -118.526
969 -119.731
970 -117.889
971 -118.385
972 -118.156
973 -118.485
974 -118.999
975 -117.705
976 -117.492
977 -120.038
978 -117.22
979 -119.162
980 -118.17
981 -117.09
982 -117.381
983 -119.124
984 -118.84
985 -118.529
986 -118.788
987 -118.79
988 -118.87
989 -117.077
990 -118.401
991 -118.062
992 -118.525
993 -118.478
994 -117.829
995 -117.491
996 -118.331
997 -116.082
998 -117.635
999 -118.885
1000 -119.63
1001 -119.414
1002 -119.238
1003 -119.418
1004 -120.552
1005 -122.414
1006 -121.221
1007 -123.402
1008 -122.961
1009 -121.958
1010 -123.456
1011 -123.382
1012 -124.605
1013 -124.716
1014 -125.683
1015 -126.396
1016 -127.068
1017 -127.789
1018 -127.34
1019 -127.569
1020 -129.343
1021 -128.8
1022 -129.345
1023 -130.527
1024 -130.458
1025 -132.002
1026 -131.88
1027 -131.955
1028 -133.376
1029 -134.237
1030 -134.903
1031 -134.758
1032 -134.07
1033 -135.494
1034 -138.724
1035 -137.783
1036 -136.005
1037 -137.126
1038 -137.005
1039 -136.65
1040 -136.296
1041 -137.163
1042 -137.259
1043 -136.291
1044 -136.771
1045 -136.42
1046 -134.998
1047 -133.946
1048 -136.821
1049 -135.461
1050 -134.388
1051 -135.644
1052 -133.9
1053 -135.623
1054 -134.403
1055 -134.713
1056 -133.204
1057 -133.162
1058 -131.968
1059 -132.909
1060 -133.688
1061 -131.561
1062 -130.656
1063 -131.136
1064 -130.826
1065 -131.27
1066 -130.05
1067 -131.013
1068 -129.815
1069 -131.733
1070 -129.597
1071 -128.771
1072 -128.478
1073 -129.563
1074 -129.648
1075 -129.248
1076 -129.78
1077 -128.17
1078 -125.563
1079 -127.463
1080 -127.369
1081 -129.066
1082 -127.577
1083 -127.759
1084 -127.321
1085 -126.845
1086 -128.12
1087 -126.258
1088 -123.587
1089 -126.087
1090 -126.734
1091 -126.501
1092 -126.947
1093 -126.846
1094 -125.624
1095 -123.264
1096 -125.387
1097 -126.123
1098 -124.921
1099 -125.452
1100 -125.067
1101 -126.741
1102 -127.343
1103 -126.396
1104 -128.64
1105 -126.241
1106 -125.938
1107 -126.693
1108 -127.552
1109 -128.505
1110 -126.552
1111 -127.914
1112 -126.433
1113 -127.381
1114 -127.41
1115 -127.41
1116 -127.317
1117 -128.663
1118 -128.272
1119 -125.318
1120 -126.745
1121 -126.33
1122 -125.316
1123 -126.895
1124 -126.5
1125 -125.543
1126 -126.674
1127 -125.707
1128 -126.166
1129 -124.904
1130 -125.531
1131 -125.051
1132 -125.159
1133 -126.842
1134 -124.613
1135 -124.658
1136 -126.136
1137 -125.325
1138 -127.024
1139 -126.407
1140 -124.622
1141 -125.218
1142 -124.348
1143 -128.129
1144 -126.468
1145 -126.678
1146 -126.44
1147 -127.034
1148 -127.97
1149 -126.807
1150 -127.045
1151 -127.766
1152 -126.256
1153 -127.067
1154 -128.328
1155 -126.631
1156 -127.336
1157 -128.537
1158 -128.197
1159 -129.021
1160 -127.703
1161 -126.776
1162 -127.753
1163 -126.283
1164 -128.674
1165 -127.803
1166 -127.779
1167 -127.291
1168 -127.524
1169 -126.483
1170 -124.728
1171 -126.076
1172 -125.531
1173 -125.508
1174 -125.724
1175 -125.844
1176 -126.093
1177 -127.192
1178 -126.147
1179 -125.902
1180 -125.549
1181 -125.891
1182 -123.673
1183 -124.734
1184 -124.755
1185 -126.005
1186 -127.909
1187 -127.58
1188 -128.104
1189 -126.624
1190 -126.7
1191 -127.505
1192 -126.819
1193 -126.671
1194 -127.611
1195 -128.047
1196 -127.208
1197 -125.982
1198 -128.538
1199 -126.914
1200 -128.718
1201 -129.076
1202 -127.502
1203 -127.578
1204 -127.817
1205 -125.828
1206 -126.859
1207 -127.585
1208 -128.005
1209 -127.203
1210 -126.765
1211 -128.498
1212 -125.44
1213 -126.109
1214 -125.721
1215 -126.109
1216 -125.861
1217 -126.545
1218 -125.564
1219 -128.043
1220 -125.787
1221 -126.45
1222 -126.067
1223 -125.998
1224 -125.605
1225 -125.904
1226 -126.006
1227 -126.185
1228 -127.344
1229 -127.303
1230 -128.519
1231 -127.743
1232 -128.174
1233 -127.036
1234 -127.723
1235 -126.924
1236 -127.122
1237 -128.214
1238 -127.373
1239 -127.409
1240 -129.547
1241 -129.649
1242 -126.264
1243 -128.021
1244 -129.497
1245 -127.521
1246 -127.58
1247 -126.05
1248 -125.81
1249 -127.541
1250 -127.497
1251 -128.084
1252 -127.913
1253 -127.403
1254 -127.834
1255 -126.844
1256 -127.181
1257 -126.625
1258 -126.041
1259 -125.572
1260 -125.671
1261 -126.432
1262 -125.886
1263 -127.037
1264 -125.884
1265 -126.578
1266 -126.185
1267 -124.104
1268 -123.801
1269 -126.101
1270 -125.553
1271 -127.466
1272 -128.218
1273 -127.072
1274 -127.614
1275 -126.966
1276 -127.883
1277 -127.777
1278 -128.836
1279 -127.949
1280 -129.139
1281 -128.852
1282 -127.38
1283 -128.835
1284 -128.813
1285 -129.325
1286 -128.357
1287 -127.557
1288 -126.219
1289 -126.125
1290 -126.224
1291 -127.728
1292 -127.033
1293 -127.873
1294 -129.286
1295 -126.403
1296 -125.988
1297 -125.677
1298 -126.866
1299 -123.903
1300 -125.404
1301 -125.561
1302 -126.019
1303 -125.144
1304 -125.74
1305 -126.016
1306 -126.106
1307 -125.609
1308 -124.412
1309 -125.618
1310 -126.64
1311 -124.862
1312 -126.83
1313 -128.255
1314 -128.085
1315 -129.425
1316 -128.436
1317 -127.552
1318 -128.782
1319 -126.46
1320 -127.881
1321 -126.671
1322 -127.713
1323 -126.493
1324 -127.727
1325 -129.53
1326 -128.846
1327 -127.152
1328 -127.36
1329 -126.703
1330 -127.054
1331 -128.348
1332 -127.326
1333 -127.705
1334 -126.342
1335 -127.108
1336 -127.846
1337 -124.544
1338 -127.887
1339 -127.128
1340 -127.904
1341 -125.547
1342 -125.128
1343 -125.33
1344 -127.122
1345 -126.629
1346 -126.205
1347 -126.535
1348 -126.248
1349 -127.368
1350 -126.446
1351 -123.769
1352 -124.144
1353 -123.773
1354 -125.563
1355 -126.342
1356 -128.817
1357 -128.059
1358 -127.306
1359 -127.951
1360 -126.584
1361 -129.979
1362 -128.624
1363 -127.27
1364 -129.374
1365 -130.364
1366 -127.968
1367 -128.3
1368 -127.651
1369 -127.538
1370 -128.875
1371 -129.461
1372 -127.76
1373 -127.355
1374 -126.73
1375 -128.326
1376 -127.283
1377 -129.213
1378 -127.651
1379 -128.831
1380 -126.667
1381 -126.715
1382 -125.86
1383 -125.987
1384 -126.586
1385 -125.421
1386 -125.136
1387 -126.471
1388 -125.896
1389 -126.074
1390 -126.08
1391 -126.783
1392 -125.458
1393 -126.924
1394 -124.778
1395 -125.501
1396 -126.636
1397 -127.832
1398 -127.501
1399 -128.269
1400 -128.292
1401 -127.632
1402 -126.6
1403 -129.056
1404 -126.409
1405 -127.914
1406 -129.267
1407 -128.029
1408 -128.753
1409 -128.812
1410 -128.239
1411 -129.13
1412 -129.494
1413 -126.4
1414 -127.389
1415 -128.23
1416 -127.928
1417 -127.275
1418 -128.751
1419 -128.962
1420 -129.015
1421 -127.576
1422 -127.058
1423 -126.365
1424 -125.896
1425 -124.854
1426 -126.022
1427 -124.287
1428 -123.708
1429 -124.601
1430 -124.683
1431 -123.813
1432 -122.932
1433 -121.371
1434 -122.45
1435 -120.668
1436 -121.412
1437 -120.09
1438 -120.781
1439 -120.718
1440 -121.298
1441 -120.844
1442 -120.623
1443 -120.12
1444 -118.545
1445 -118.787
1446 -120.626
1447 -117.526
1448 -116.944
1449 -116.311
1450 -115.928
1451 -115.436
1452 -114.97
1453 -114.827
1454 -116.147
1455 -116.7
1456 -117.016
1457 -115.864
1458 -114.822
1459 -114.887
1460 -113.979
1461 -113.221
1462 -114.993
1463 -113.159
1464 -113.898
1465 -112.068
1466 -115.102
1467 -115.615
1468 -114.51
1469 -114.08
1470 -114.171
1471 -115.611
1472 -114.781
1473 -114.959
1474 -115.117
1475 -115.965
1476 -117.865
1477 -118.426
1478 -117.142
1479 -118.243
1480 -117.859
1481 -116.973
1482 -118.042
1483 -119.402
1484 -120.087
1485 -120.306
1486 -121.646
1487 -120.759
1488 -120.862
1489 -120.458
1490 -120.515
1491 -121.155
1492 -122.388
1493 -122.912
1494 -120.549
1495 -120.673
1496 -121.841
1497 -122.04
1498 -124.879
1499 -121.818
1500 -122.758
1501 -122.884
1502 -121.625
1503 -121.588
1504 -122.909
1505 -121.684
1506 -122.479
1507 -121.968
1508 -123.692
1509 -123.057
1510 -123.437
1511 -123.251
1512 -122.855
1513 -124.76
1514 -124.615
1515 -121.799
1516 -123.663
1517 -123.786
1518 -123.64
1519 -123.227
1520 -123.853
1521 -122.043
1522 -124.739
1523 -123.501
1524 -121.789
1525 -123.83
1526 -122.652
1527 -123.572
1528 -123.206
1529 -123.672
1530 -124.391
1531 -123.087
1532 -123.501
1533 -122.73
1534 -122.274
1535 -124.516
1536 -126.171
1537 -124.285
1538 -123.92
1539 -123.486
1540 -124.969
1541 -123.461
1542 -124.322
1543 -124.637
1544 -123.046
1545 -124.612
1546 -123.866
1547 -122.823
1548 -122.428
1549 -123.692
1550 -124.397
1551 -124.79
1552 -123.469
1553 -124.421
1554 -124.458
1555 -124.868
1556 -123.738
1557 -122.087
1558 -121.627
1559 -122.412
1560 -122.299
1561 -121.241
1562 -120.602
1563 -119.752
1564 -118.979
1565 -119.351
1566 -119.403
1567 -119.196
1568 -118.198
1569 -119.474
1570 -116.881
1571 -114.502
1572 -116.219
1573 -114.786
1574 -116.846
1575 -114.295
1576 -113.481
1577 -113.027
1578 -112.579
1579 -112.952
1580 -112.275
1581 -112.417
1582 -110.799
1583 -111.049
1584 -109.054
1585 -108.485
1586 -108.652
1587 -107.964
1588 -105.885
1589 -106.618
1590 -105.523
1591 -105.953
1592 -106.002
1593 -105.642
1594 -106.641
1595 -105.752
1596 -106.334
1597 -106.574
1598 -105.086
1599 -105.228
1600 -104.625
1601 -106.389
1602 -107.378
1603 -106.225
1604 -106.828
1605 -108.175
1606 -108.199
1607 -109.398
1608 -108.664
1609 -109.277
1610 -109.342
1611 -108.941
1612 -110.967
1613 -112.325
1614 -112.052
1615 -111.516
1616 -112.885
1617 -111.987
1618 -113.289
1619 -113.851
1620 -113.145
1621 -113.418
1622 -112.172
1623 -112.068
1624 -112.199
1625 -112.967
1626 -113.182
1627 -113.022
1628 -113.621
1629 -113.741
1630 -113.662
1631 -113.863
1632 -114.711
1633 -114.569
1634 -114.682
1635 -115.21
1636 -116.065
1637 -115.897
1638 -114.653
1639 -116.487
1640 -116.197
1641 -117.05
1642 -116.394
1643 -115.787
1644 -116.726
1645 -117.217
1646 -116.173
1647 -115.43
1648 -116.845
1649 -116.922
1650 -116.625
1651 -116.54
1652 -116.184
1653 -117.159
1654 -117.393
1655 -117.615
1656 -118.272
1657 -117.139
1658 -117.76
1659 -117.951
1660 -117.039
1661 -118.008
1662 -118.896
1663 -118.865
1664 -116.313
1665 -117.856
1666 -116.211
1667 -115.103
1668 -116.717
1669 -116.567
1670 -116.009
1671 -113.98
1672 -115.664
1673 -115.131
1674 -115.518
1675 -115.674
1676 -116.271
1677 -115.396
1678 -116.221
1679 -116.964
1680 -118.143
1681 -119.021
1682 -118.919
1683 -115.662
1684 -117.229
1685 -118.214
1686 -117.633
1687 -117.495
1688 -117.372
1689 -117.875
1690 -119.082
1691 -118.018
1692 -116.875
1693 -118.203
1694 -117.279
1695 -118.045
1696 -118.143
1697 -118.108
1698 -117.191
1699 -117.734
1700 -116.688
1701 -116.796
1702 -117.393
1703 -118.687
1704 -117.124
1705 -116.773
1706 -118.331
1707 -116.391
1708 -116.139
1709 -117.486
1710 -114.724
1711 -115.518
1712 -115.961
1713 -115.595
1714 -113.12
1715 -115.845
1716 -114.514
1717 -114.444
1718 -115.142
1719 -115.335
1720 -115.887
1721 -118.159
1722 -117.661
1723 -116.714
1724 -115.662
1725 -119.032
1726 -116.98
1727 -118.535
1728 -117.404
1729 -117.782
1730 -116.803
1731 -116.462
1732 -117.271
1733 -115.601
1734 -117.22
1735 -118.181
1736 -116.303
1737 -117.442
1738 -118.124
1739 -117.151
1740 -117.204
1741 -117.338
1742 -117.277
1743 -117.936
1744 -116.253
1745 -118.867
1746 -117.522
1747 -118.154
1748 -117.583
1749 -118.24
1750 -116.465
1751 -116.188
1752 -115.993
1753 -117.284
1754 -114.846
1755 -116.464
1756 -114.37
1757 -115.206
1758 -115.502
1759 -114.028
1760 -115.853
1761 -117.091
1762 -116.619
1763 -117.425
1764 -116.673
1765 -117.191
1766 -118.45
1767 -117.704
1768 -116.366
1769 -119.275
1770 -118.258
1771 -116.347
1772 -117.367
1773 -116.975
1774 -116.417
1775 -117.626
1776 -117.522
1777 -117.482
1778 -117.414
1779 -117.35
1780 -118.127
1781 -116.078
1782 -117.596
1783 -117.012
1784 -116.798
1785 -118.314
1786 -117.398
1787 -117.59
1788 -117.769
1789 -117.828
1790 -118.301
1791 -118.172
1792 -114.315
1793 -116.054
1794 -115.89
1795 -115.502
1796 -116.812
1797 -115.897
1798 -115.04
1799 -114.299
1800 -115.667
1801 -114.967
1802 -115.002
1803 -114.671
1804 -117.342
1805 -117.988
1806 -117.505
1807 -117.361
1808 -117.755
1809 -118.645
1810 -118.474
1811 -117.454
1812 -117.353
1813 -118.394
1814 -115.255
1815 -116.348
1816 -117.122
1817 -116.624
1818 -117.002
1819 -117.441
1820 -118.265
1821 -116.923
1822 -116.734
1823 -117.37
1824 -117.032
1825 -117.23
1826 -117.173
1827 -116.577
1828 -117.299
1829 -118.242
1830 -119.576
1831 -117.156
1832 -118.417
1833 -117.585
1834 -117.179
1835 -115.837
1836 -116.058
1837 -114.628
1838 -115.383
1839 -113.88
1840 -113.761
1841 -114.746
1842 -113.999
1843 -114.608
1844 -115.126
1845 -114.706
1846 -117.043
1847 -115.232
1848 -115.742
1849 -116.836
1850 -116.223
1851 -117.296
1852 -117.184
1853 -117.222
1854 -116.351
1855 -118.111
1856 -117.857
1857 -117.262
1858 -116.342
1859 -115.743
1860 -115.573
1861 -117.241
1862 -117.86
1863 -118.683
1864 -117.741
1865 -117.057
1866 -116.977
1867 -117.536
1868 -116.409
1869 -117.858
1870 -117.198
1871 -118.585
1872 -117.475
1873 -117.54
1874 -117.929
1875 -117.048
1876 -115.029
1877 -116.767
1878 -116.665
1879 -115.781
1880 -116.27
1881 -114.199
1882 -115.66
1883 -114.803
1884 -115.86
1885 -115.935
1886 -114.813
1887 -114.941
1888 -116.275
1889 -116.349
1890 -116.223
1891 -116.333
1892 -117.467
1893 -117.594
1894 -118.03
1895 -117.457
1896 -117.835
1897 -118.458
1898 -116.874
1899 -116.381
1900 -115.891
1901 -115.5
1902 -116.157
1903 -116.727
1904 -116.637
1905 -116.698
1906 -116.394
1907 -116.264
1908 -115.783
1909 -115.509
1910 -116.55
1911 -116.289
1912 -116.611
1913 -117.87
1914 -116.961
1915 -117.802
1916 -117.659
1917 -116.619
1918 -117.104
1919 -116.244
1920 -115.41
1921 -114.907
1922 -115.127
1923 -114.447
1924 -116.227
1925 -113.705
1926 -114.086
1927 -114.992
1928 -114.168
1929 -113.289
1930 -114.474
1931 -115.872
1932 -116.645
1933 -114.898
1934 -117.274
1935 -117.029
1936 -117.872
1937 -117.783
1938 -116.691
1939 -118.047
1940 -117.432
1941 -116.243
1942 -116.648
1943 -117.151
1944 -116.346
1945 -117.367
1946 -116.234
1947 -115.603
1948 -115.605
1949 -116.527
1950 -115.611
1951 -116.689
1952 -116.495
1953 -116.043
1954 -117.98
1955 -117.523
1956 -118.334
1957 -117.113
1958 -116.966
1959 -117.288
1960 -118.025
1961 -114.948
1962 -114.608
1963 -113.523
1964 -114.325
1965 -115.096
1966 -114.682
1967 -114.677
1968 -114.184
1969 -113.13
1970 -112.829
1971 -114.221
1972 -114.464
1973 -114.321
1974 -115.535
1975 -116.336
1976 -116.594
1977 -119.346
1978 -116.807
1979 -118.162
1980 -116.421
1981 -117.035
1982 -118.898
1983 -118.269
1984 -118.826
1985 -118.132
1986 -119.161
1987 -119.017
1988 -119.445
1989 -119.707
1990 -120.46
1991 -120.006
1992 -120.85
1993 -120.986
1994 -120.118
1995 -121.503
1996 -121.712
1997 -123.005
1998 -124.031
1999 -124.821
2000 -124.011
2001 -125.474
2002 -127.065
2003 -126.73
2004 -125.462
2005 -127.491
2006 -125.567
2007 -126.201
2008 -126.607
2009 -127.564
2010 -127.292
2011 -128.455
2012 -128.764
2013 -127.001
2014 -128.14
2015 -127.659
2016 -128.208
2017 -129.181
2018 -128.544
2019 -128.436
2020 -129.317
2021 -128.657
2022 -126.925
2023 -127.657
2024 -127.935
2025 -127.282
2026 -128.15
2027 -125.938
2028 -126.275
2029 -126.88
2030 -126.667
2031 -127.434
2032 -125.438
2033 -125.097
2034 -125.588
2035 -124.935
2036 -125.057
2037 -125.549
2038 -124.968
2039 -124.536
2040 -124.178
2041 -121.629
2042 -122.878
2043 -122.856
2044 -121.641
2045 -121.451
2046 -120.927
2047 -121.889
2048 -120.731
2049 -121.838
2050 -121.036
2051 -120.077
2052 -120.343
2053 -118.962
2054 -119.431
2055 -119.667
2056 -119.954
2057 -118.057
2058 -119.493
2059 -120.258
2060 -120.19
2061 -119.507
2062 -118.519
2063 -118.468
2064 -117.5
2065 -119.515
2066 -119.545
2067 -119.812
2068 -117.278
2069 -117.361
2070 -118.87
2071 -117.39
2072 -117.985
2073 -118.864
2074 -118.448
2075 -118.705
2076 -119.13
2077 -119.453
2078 -118.863
2079 -119.177
2080 -118.74
2081 -118.475
2082 -119.093
2083 -118.746
2084 -118.542
2085 -118.083
2086 -118.704
2087 -118.743
2088 -119.064
2089 -117.899
2090 -117.508
2091 -119.442
2092 -119.003
2093 -116.928
2094 -118.896
2095 -117.229
2096 -117.969
2097 -118.468
2098 -117.354
2099 -118.15
2100 -119.022
2101 -117.805
2102 -117.942
2103 -117.785
2104 -118.893
2105 -116.863
2106 -118.085
2107 -119.034
2108 -118.425
2109 -118.63
2110 -116.253
2111 -117.779
2112 -118.115
2113 -118.655
2114 -120.345
2115 -119.241
2116 -119.473
2117 -120.193
2118 -119.725
2119 -120.769
2120 -120.83
2121 -122.568
2122 -122.299
2123 -123.088
2124 -124.447
2125 -123.535
2126 -123.99
2127 -125.654
2128 -125.97
2129 -127.128
2130 -127.988
2131 -126.025
2132 -127.24
2133 -129.249
2134 -127.493
2135 -129.541
2136 -127.842
2137 -130.946
2138 -129.635
2139 -131.633
2140 -131.468
2141 -132.771
2142 -133.118
2143 -134.548
2144 -135.479
2145 -134.484
2146 -136.068
2147 -135.948
2148 -137.157
2149 -135.536
2150 -135.41
2151 -136.386
2152 -138.037
2153 -135.712
2154 -137.045
2155 -136.883
2156 -137.602
2157 -134.669
2158 -136.819
2159 -135.947
2160 -135.912
2161 -134.294
2162 -134.624
2163 -133.867
2164 -134.186
2165 -135.801
2166 -134.655
2167 -132.816
2168 -132.393
2169 -132.986
2170 -131.362
2171 -134.165
2172 -131.842
2173 -131.705
2174 -131.688
2175 -131.108
2176 -129.233
2177 -130.679
2178 -129.731
2179 -128.994
2180 -128.932
2181 -130.078
2182 -129.238
2183 -129.39
2184 -130.956
2185 -131.016
2186 -129.827
2187 -128.755
2188 -129.812
2189 -128.365
2190 -127.315
2191 -126.797
2192 -128.27
2193 -128.169
2194 -128.654
2195 -128.637
2196 -127.728
2197 -126.944
2198 -127.82
2199 -125.618
2200 -126.455
2201 -125.472
2202 -126.31
2203 -125.226
2204 -126.244
2205 -126.932
2206 -126.43
2207 -124.309
2208 -126.086
2209 -125.395
2210 -125.447
2211 -125.644
2212 -126.588
2213 -125.277
2214 -126.417
2215 -126.596
2216 -126.585
2217 -127.703
2218 -125.896
2219 -126.129
2220 -126.08
2221 -125.801
2222 -127.115
2223 -127.916
2224 -126.652
2225 -127.104
2226 -126.614
2227 -127.622
2228 -127.382
2229 -126.521
2230 -127.829
2231 -127.601
2232 -127.089
2233 -126.283
2234 -126.054
2235 -126.002
2236 -127.216
2237 -127.156
2238 -126.461
2239 -125.783
2240 -125.706
2241 -126.373
2242 -125.676
2243 -124.667
2244 -126.242
2245 -127.489
2246 -125.427
2247 -125.057
2248 -125.701
2249 -124.454
2250 -124.773
2251 -125.251
2252 -124.701
2253 -124.124
2254 -126.664
2255 -125.616
2256 -124.689
2257 -125.862
2258 -127.594
2259 -127.296
2260 -128.544
2261 -126.367
2262 -126.759
2263 -128.189
2264 -127.191
2265 -126.341
2266 -127.365
2267 -126.676
2268 -126.554
2269 -126.73
2270 -126.751
2271 -127.949
2272 -127.523
2273 -126.221
2274 -127.605
2275 -126.926
2276 -126.591
2277 -128.29
2278 -127.085
2279 -127.315
2280 -128.52
2281 -126.611
2282 -126.082
2283 -127.341
2284 -125.915
2285 -125.456
2286 -125.007
2287 -125.647
2288 -124.558
2289 -124.553
2290 -126.048
2291 -127.386
2292 -127.387
2293 -125.019
2294 -124.254
2295 -125.99
2296 -124.024
2297 -126.097
2298 -125.239
2299 -127.063
2300 -126.791
2301 -126.319
2302 -126.869
2303 -127.471
2304 -126.621
2305 -128.032
2306 -125.92
2307 -126.723
2308 -127.54
2309 -127.364
2310 -128.132
2311 -126.842
2312 -127.337
2313 -127.545
2314 -128.005
2315 -127.156
2316 -129.163
2317 -127.162
2318 -127.858
2319 -126.798
2320 -125.945
2321 -126.623
2322 -126.439
2323 -127.45
2324 -126.024
2325 -127.305
2326 -126.627
2327 -125.65
2328 -124.05
2329 -124.921
2330 -125.404
2331 -126.454
2332 -125.375
2333 -126.136
2334 -125.742
2335 -125.515
2336 -126.516
2337 -123.399
2338 -125.015
2339 -125.122
2340 -124.8
2341 -124.965
2342 -128.432
2343 -126.631
2344 -127.923
2345 -126.222
2346 -126.598
2347 -129.048
2348 -127.717
2349 -127.825
2350 -127.459
2351 -128.715
2352 -127.52
2353 -128.372
2354 -128.563
2355 -128.808
2356 -128.844
2357 -127.91
2358 -128.305
2359 -128.309
2360 -126.074
2361 -125.822
2362 -126.371
2363 -127.106
2364 -126.448
2365 -127.373
2366 -128.643
2367 -126.255
2368 -125.611
2369 -125.538
2370 -126.599
2371 -126.445
2372 -126.835
2373 -124.631
2374 -126.085
2375 -126.695
2376 -126.378
2377 -126.456
2378 -124.523
2379 -124.744
2380 -126.122
2381 -124.151
2382 -125.666
2383 -126.332
2384 -125.808
2385 -127.388
2386 -128.655
2387 -127.226
2388 -127.91
2389 -127.887
2390 -127.574
2391 -125.969
2392 -126.867
2393 -126.394
2394 -127.137
2395 -127.054
2396 -127.616
2397 -128.081
2398 -128.403
2399 -128.157
2400 -127.254
2401 -127.724
2402 -125.021
2403 -127.027
2404 -127.666
2405 -128.656
2406 -128.249
2407 -127.105
2408 -127.233
2409 -126.342
2410 -125.775
2411 -125.152
2412 -126.231
2413 -127.171
2414 -126.719
2415 -126.07
2416 -125.358
2417 -126.05
2418 -126.092
2419 -125.035
2420 -125.856
2421 -125.013
2422 -123.594
2423 -124.913
2424 -124.655
2425 -124.999
2426 -126.563
2427 -125.182
2428 -128.164
2429 -127.671
2430 -126.53
2431 -127.558
2432 -129.01
2433 -127.228
2434 -127.274
2435 -126.43
2436 -126.99
2437 -126.845
2438 -128.369
2439 -128.557
2440 -127.619
2441 -128.012
2442 -128.063
2443 -128.933
2444 -126.753
2445 -127.195
2446 -127.801
2447 -125.855
2448 -127.919
2449 -127.749
2450 -126.109
2451 -127.535
2452 -125.853
2453 -125.396
2454 -125.769
2455 -125.842
2456 -125.195
2457 -126.595
2458 -125.923
2459 -126.47
2460 -124.775
2461 -126.411
2462 -124.936
2463 -126.026
2464 -126.49
2465 -124.353
2466 -125.235
2467 -125.268
2468 -126.294
2469 -127.159
2470 -128.735
2471 -128.193
2472 -125.571
2473 -126.855
2474 -127.81
2475 -127.011
2476 -127.113
2477 -127.311
2478 -128.77
2479 -127.212
2480 -127.514
2481 -128.786
2482 -128.368
2483 -128.083
2484 -128.389
2485 -128.247
2486 -127.601
2487 -127.768
2488 -126.957
2489 -127.78
2490 -126.649
2491 -126.141
2492 -127.596
2493 -125.985
2494 -126.317
2495 -126.826
2496 -127.852
2497 -125.188
2498 -125.963
2499 -125.611
2500 -127.026
2501 -126.124
2502 -126.462
2503 -126.142
2504 -124.841
2505 -125.384
2506 -125.386
2507 -125.435
2508 -125.068
2509 -125.124
2510 -125.156
2511 -126.521
2512 -129.028
2513 -128.719
2514 -127.175
2515 -131.004
2516 -128.011
2517 -127.052
2518 -126.357
2519 -126.504
2520 -129.403
2521 -128.524
2522 -129.341
2523 -128.301
2524 -127.861
2525 -128.846
2526 -127.033
2527 -128.641
2528 -127.014
2529 -127.438
2530 -127.772
2531 -128.046
2532 -126.899
2533 -127.599
2534 -127.9
2535 -127.586
2536 -127.221
2537 -126.149
2538 -125.634
2539 -125.213
2540 -124.871
2541 -123.5
2542 -124.505
2543 -125.327
2544 -122.838
2545 -123.197
2546 -123.199
2547 -121.888
2548 -120.39
2549 -119.805
2550 -121.231
2551 -120.784
2552 -121.398
2553 -119.389
2554 -120.68
2555 -119.964
2556 -120.149
2557 -121.179
2558 -120.868
2559 -119.572
2560 -118.142
2561 -117.601
2562 -118.293
2563 -118.672
2564 -116.253
2565 -115.517
2566 -115.316
2567 -115.663
2568 -114.357
2569 -115.427
2570 -116.64
2571 -114.058
2572 -113.696
2573 -113.409
2574 -112.714
2575 -113.43
2576 -114.559
2577 -113.785
2578 -113.688
2579 -114.934
2580 -113.014
2581 -114.438
2582 -112.815
2583 -113.999
2584 -113.121
2585 -114.475
2586 -114.648
2587 -114.158
2588 -114.831
2589 -115.017
2590 -117.007
2591 -116.969
2592 -117.866
2593 -117.474
2594 -117.86
2595 -116.713
2596 -118.389
2597 -120.189
2598 -120.132
2599 -119.893
2600 -118.812
2601 -120.021
2602 -120.189
2603 -121.88
2604 -119.732
2605 -122.488
2606 -120.221
2607 -122.278
2608 -121.32
2609 -121.969
2610 -122.087
2611 -122.511
2612 -122.008
2613 -121.457
2614 -122.692
2615 -123.371
2616 -122.606
2617 -121.49
2618 -123.477
2619 -123.395
2620 -123.662
2621 -122.63
2622 -123.816
2623 -122.06
2624 -123.485
2625 -121.976
2626 -122.966
2627 -123.173
2628 -122.006
2629 -124.357
2630 -122.81
2631 -121.473
2632 -122.842
2633 -122.773
2634 -122.685
2635 -122.582
2636 -122.615
2637 -124.017
2638 -123.621
2639 -124.525
2640 -123.699
2641 -123.383
2642 -123.826
2643 -124.427
2644 -121.985
2645 -122.413
2646 -123.836
2647 -123.032
2648 -123.159
2649 -124.538
2650 -122.46
2651 -124.013
2652 -123.789
2653 -122.938
2654 -123.729
2655 -123.3
2656 -122.753
2657 -124.642
2658 -124.238
2659 -123.177
2660 -123.204
2661 -122.491
2662 -123.145
2663 -124.333
2664 -125.316
2665 -124.383
2666 -124.296
2667 -121.957
2668 -122.549
2669 -124.251
2670 -123.197
2671 -121.617
2672 -121.241
2673 -121.604
2674 -123.144
2675 -122.01
2676 -121.161
2677 -119.703
2678 -119.152
2679 -119.678
2680 -119.773
2681 -117.955
2682 -117.745
2683 -118.018
2684 -115.908
2685 -117.059
2686 -116.567
2687 -114.876
2688 -115.045
2689 -113.882
2690 -113.749
2691 -114.051
2692 -112.044
2693 -112.292
2694 -111.238
2695 -112.066
2696 -110.348
2697 -110.84
2698 -108.962
2699 -110.159
2700 -109.73
2701 -108.397
2702 -107.628
2703 -107.092
2704 -106.983
2705 -106.726
2706 -105.826
2707 -107.849
2708 -105.335
2709 -105.282
2710 -105.789
2711 -106.31
2712 -106.008
2713 -105.513
2714 -106.298
2715 -107.028
2716 -106.29
2717 -107.174
2718 -107.394
2719 -106.529
2720 -107.614
2721 -110.255
2722 -107.718
2723 -109.341
2724 -107.719
2725 -109.127
2726 -111.291
2727 -109.986
2728 -111.983
2729 -111.168
2730 -113.449
2731 -112.756
2732 -111.78
2733 -111.121
2734 -113.354
2735 -111.747
2736 -112.862
2737 -112.693
2738 -115.593
2739 -114.034
2740 -112.436
2741 -114.546
2742 -114.168
2743 -112.565
2744 -113.25
2745 -115.074
2746 -112.738
2747 -114.198
2748 -113.383
2749 -113.997
2750 -115.044
2751 -115.884
2752 -116.202
2753 -115.99
2754 -115.985
2755 -115.65
2756 -117.114
2757 -116.837
2758 -117.327
2759 -117.363
2760 -116.414
2761 -117.057
2762 -117.466
2763 -116.986
2764 -117.168
2765 -116.845
2766 -117.14
2767 -118.03
2768 -116.996
2769 -117.243
2770 -116.997
2771 -115.988
2772 -118.538
2773 -118.077
2774 -117.649
2775 -117.657
2776 -117.867
2777 -118.014
2778 -119.841
2779 -117.244
2780 -117.103
2781 -116.725
2782 -115.698
2783 -116.011
2784 -115.839
2785 -115.839
2786 -116.387
2787 -114.683
2788 -115.907
2789 -115.436
2790 -117.902
2791 -115.651
2792 -115.618
2793 -115.974
2794 -116.663
2795 -118.014
2796 -117.478
2797 -117.358
2798 -118.305
2799 -118.217
2800 -117.464
2801 -117.984
2802 -116.671
2803 -117.237
2804 -116.533
2805 -117.173
2806 -118.342
2807 -117.959
2808 -117.887
2809 -117.433
2810 -117.447
2811 -117.801
2812 -117.95
2813 -116.347
2814 -116.255
2815 -117.257
2816 -118.074
2817 -117.303
2818 -118.528
2819 -117.618
2820 -116.668
2821 -117.805
2822 -116.598
2823 -117.003
2824 -116.072
2825 -115.068
2826 -115.26
2827 -117.533
2828 -114.735
2829 -115.861
2830 -115.704
2831 -113.909
2832 -114.789
2833 -115.496
2834 -114.741
2835 -116.005
2836 -116.71
2837 -116.089
2838 -118.122
2839 -116.978
2840 -118.825
2841 -117.725
2842 -117.127
2843 -118.061
2844 -117.446
2845 -116.337
2846 -117.135
2847 -116.725
2848 -116.835
2849 -117.3
2850 -118.487
2851 -117.633
2852 -117.402
2853 -117.579
2854 -117.521
2855 -116.873
2856 -117.816
2857 -118.278
2858 -119.841
2859 -118.021
2860 -119.819
2861 -117.273
2862 -118.359
2863 -117.967
2864 -117.229
2865 -116.954
2866 -114.993
2867 -116.389
2868 -113.095
2869 -115.04
2870 -114.993
2871 -115.135
2872 -113.847
2873 -115.128
2874 -114.424
2875 -114.875
2876 -116.233
2877 -116.743
2878 -117.324
2879 -117.145
2880 -115.478
2881 -118.265
2882 -117.315
2883 -118.754
2884 -117.64
2885 -118.811
2886 -116.242
2887 -117.12
2888 -117.156
2889 -115.455
2890 -117.045
2891 -116.572
2892 -118.288
2893 -117.199
2894 -115.743
2895 -116.871
2896 -116.862
2897 -118.864
2898 -118.341
2899 -119.491
2900 -117.709
2901 -120.127
2902 -118.001
2903 -117.356
2904 -117.682
2905 -116.542
2906 -118.046
2907 -116.697
2908 -115.289
2909 -116.015
2910 -115.376
2911 -115.606
2912 -114.537
2913 -114.534
2914 -115.371
2915 -114.4
2916 -115.71
2917 -115.091
2918 -116.467
2919 -117.047
2920 -116.442
2921 -117.124
2922 -117.998
2923 -117.349
2924 -117.488
2925 -117.889
2926 -117.495
2927 -118.404
2928 -116.618
2929 -117.128
2930 -117.439
2931 -116.328
2932 -116.347
2933 -118.021
2934 -117.841
2935 -116.437
2936 -118.073
2937 -116.584
2938 -117.413
2939 -116.304
2940 -117.107
2941 -119.285
2942 -118.638
2943 -117.57
2944 -117.334
2945 -119.134
2946 -116.999
2947 -118.388
2948 -118.449
2949 -114.945
2950 -115.741
2951 -113.296
2952 -115.031
2953 -114.194
2954 -115.812
2955 -114.366
2956 -116.445
2957 -113.936
2958 -113.79
2959 -114.791
2960 -114.111
2961 -115.072
2962 -116.053
2963 -116.342
2964 -116.773
2965 -117.024
2966 -117.959
2967 -118.402
2968 -117.364
2969 -115.85
2970 -116.752
2971 -117.785
2972 -116.146
2973 -117.201
2974 -115.716
2975 -118.546
2976 -117.545
2977 -118.031
2978 -117.215
2979 -118.405
2980 -117.566
2981 -116.8
2982 -115.888
2983 -117.162
2984 -118.11
2985 -118.982
2986 -118.514
2987 -118.221
2988 -117.93
2989 -115.876
2990 -116.669
2991 -116.629
2992 -115.655
2993 -115.525
2994 -116.696
2995 -115.254
2996 -114.639
2997 -113.845
2998 -114.862
2999 -114.572
3000 -115.83
3001 -112.871
3002 -115.43
3003 -114.368
3004 -116.441
3005 -116.633
3006 -117.733
3007 -118.454
3008 -117.688
3009 -117.045
3010 -117.431
3011 -117.164
3012 -117.821
3013 -117.043
3014 -116.171
3015 -118.027
3016 -115.987
3017 -115.991
3018 -117.041
3019 -117.976
3020 -117.564
3021 -117.531
3022 -115.594
3023 -117.335
3024 -116.396
3025 -116.121
3026 -117.981
3027 -117.739
3028 -117.242
3029 -117.591
3030 -116.793
3031 -116.309
3032 -115.074
3033 -116.828
3034 -116.3
3035 -115.191
3036 -116.7
3037 -114.531
3038 -114.617
3039 -114.041
3040 -113.889
3041 -114.005
3042 -114.382
3043 -115.114
3044 -115.882
3045 -115.24
3046 -113.835
3047 -115.938
3048 -116.892
3049 -116.84
3050 -117.164
3051 -117.216
3052 -116.713
3053 -115.567
3054 -118.123
3055 -116.275
3056 -116.581
3057 -117.046
3058 -116.338
3059 -117.019
3060 -116.278
3061 -115.793
3062 -117.648
3063 -116.041
3064 -116.754
3065 -115.976
3066 -117.387
3067 -116.44
3068 -117.205
3069 -117.148
3070 -117.598
3071 -116.926
3072 -116.321
3073 -117.188
3074 -116.026
3075 -116.502
3076 -115.418
3077 -116.267
3078 -115.486
3079 -114.465
3080 -114.773
3081 -113.857
3082 -114.509
3083 -112.901
3084 -114.567
3085 -114.831
3086 -112.96
3087 -115.542
3088 -116.035
3089 -115.727
3090 -116.034
3091 -116.053
3092 -118.28
3093 -117.05
3094 -117.1
3095 -118.761
3096 -118.133
3097 -116.185
3098 -116.878
3099 -117.544
3100 -118.38
3101 -118.647
3102 -119.521
3103 -120.659
3104 -119.662
3105 -121.212
3106 -120.008
3107 -121.508
3108 -121.642
3109 -123.045
3110 -122.249
3111 -122.965
3112 -124.201
3113 -124.529
3114 -124.362
3115 -125.311
3116 -126.825
3117 -126.154
3118 -126.219
3119 -126.812
3120 -127.337
3121 -125.613
3122 -126.928
3123 -127.173
3124 -129.747
3125 -128.721
3126 -129.545
3127 -130.224
3128 -130.488
3129 -128.769
3130 -130.406
3131 -128.771
3132 -129.235
3133 -128.931
3134 -129.771
3135 -128.565
3136 -130.064
3137 -129.536
3138 -127.689
3139 -126.838
3140 -126.819
3141 -127.591
3142 -127.253
3143 -126.496
3144 -126.507
3145 -126.32
3146 -125.82
3147 -125.593
3148 -127.001
3149 -124.383
3150 -124.946
3151 -124.847
3152 -124.212
3153 -123.714
3154 -123.392
3155 -122.971
3156 -122.588
3157 -120.837
3158 -121.657
3159 -122.249
3160 -123.02
3161 -121.978
3162 -120.968
3163 -120.745
3164 -121.286
3165 -119.694
3166 -120.124
3167 -120.285
3168 -119.212
3169 -118.22
3170 -120.192
3171 -120.215
3172 -119.644
3173 -120.201
3174 -118.841
3175 -119.119
3176 -117.736
3177 -119.525
3178 -118.512
3179 -119
3180 -118.678
3181 -120.861
3182 -119.506
3183 -118.934
3184 -118.176
3185 -118.405
3186 -119.889
3187 -117.733
3188 -118.501
3189 -118.973
3190 -119.833
3191 -118.627
3192 -117.173
3193 -119.079
3194 -118.131
3195 -118.313
3196 -119.188
3197 -119.096
3198 -119.065
3199 -118.1
3200 -117.294
3201 -119.795
3202 -116.568
3203 -117.642
3204 -117.375
3205 -118.196
3206 -118.557
3207 -118.436
3208 -119.25
3209 -120.409
3210 -117.797
3211 -117.163
3212 -118.207
3213 -116.189
3214 -116.553
3215 -118.977
3216 -117.685
3217 -119.404
3218 -119.476
3219 -118.667
3220 -116.991
3221 -118.445
3222 -116.98
3223 -117.619
3224 -117.406
3225 -118.238
3226 -118.79
3227 -117.816
3228 -117.355
3229 -117.559
3230 -117.112
3231 -119.26
3232 -117.962
3233 -118.068
3234 -117.881
3235 -118.281
3236 -116.839
3237 -117.647
3238 -118.562
3239 -117.214
3240 -117.805
3241 -118.484
3242 -119.319
3243 -117.932
3244 -117.879
3245 -118.533
3246 -118.955
3247 -118.134
3248 -117.658
3249 -118.212
3250 -118.21
3251 -118.265
3252 -117.306
3253 -117.947
3254 -118.778
3255 -117.937
3256 -118.364
3257 -118.609
3258 -117.902
3259 -117.128
3260 -119.188
3261 -117.362
3262 -117.156
3263 -118.299
3264 -117.104
3265 -116.898
3266 -118.472
3267 -117.754
3268 -118.21
3269 -117.348
3270 -118.5
3271 -117.763
3272 -119.073
3273 -116.794
3274 -119.261
3275 -118.682
3276 -118.26
3277 -118.088
3278 -117.516
3279 -118.669
3280 -118.49
3281 -117.395
3282 -118.395
3283 -117.738
3284 -117.376
3285 -119.246
3286 -116.868
3287 -119.281
3288 -118.829
3289 -117.551
3290 -117.922
3291 -118.037
3292 -118.87
3293 -117.393
3294 -117.438
3295 -117.43
3296 -118.255
3297 -119.036
3298 -118.602
3299 -117.135
3300 -117.945
3301 -116.675
3302 -117.67
3303 -118.178
3304 -118.59
3305 -118.59
3306 -118.13
3307 -118.177
3308 -118.907
3309 -117.578
3310 -117.88
3311 -119.106
3312 -117.985
3313 -118.239
3314 -118.554
3315 -118.821
3316 -116.148
3317 -118.788
3318 -118.701
3319 -117.895
3320 -117.771
3321 -118.528
3322 -117.853
3323 -118.579
3324 -118.222
3325 -119.194
3326 -118.495
3327 -118.532
3328 -119.057
3329 -117.92
3330 -117.696
3331 -117.486
3332 -117.542
3333 -116.971
3334 -116.778
3335 -116.138
3336 -118.416
3337 -117.69
3338 -117.506
3339 -118.563
3340 -119.399
3341 -117.768
3342 -116.718
3343 -118.812
3344 -118.614
3345 -119.132
3346 -118.715
3347 -118.775
3348 -116.961
3349 -119.226
3350 -118.822
3351 -118.87
3352 -119.741
3353 -118.014
3354 -118.972
3355 -119.051
3356 -120.299
3357 -117.481
3358 -117.327
3359 -116.773
3360 -119.247
3361 -117.898
3362 -116.45
3363 -116.899
3364 -117.715
3365 -117.286
3366 -117.757
3367 -118.367
3368 -117.874
3369 -118.462
3370 -117.225
3371 -117.827
3372 -118.877
3373 -118.528
3374 -119.238
3375 -118.719
3376 -119.823
3377 -118.205
3378 -117.88
3379 -118.086
3380 -118.765
3381 -119.759
3382 -120.427
3383 -119.73
3384 -119.034
3385 -118.733
3386 -118.599
3387 -119.989
3388 -118.363
3389 -117.746
3390 -119.5
3391 -117.778
3392 -119.798
3393 -118.824
3394 -118.147
3395 -119
3396 -117.745
3397 -118.169
3398 -118.034
3399 -118.445
