0 -116.882
1 -118.292
2 -117.957
3 -117.642
4 -119.191
5 -116.761
6 -117.024
7 -117.505
8 -115.583
9 -116.77
10 -118.714
11 -116.086
12 -116.965
13 -117.709
14 -116.761
15 -117.771
16 -117.773
17 -117.272
18 -117.049
19 -117.447
20 -117.82
21 -117.241
22 -117.424
23 -117.259
24 -118.422
25 -117.476
26 -116.544
27 -115.97
28 -118.447
29 -119.16
30 -118.017
31 -120.167
32 -118.871
33 -120.467
34 -120.858
35 -120.72
36 -122.256
37 -121.292
38 -122.164
39 -123.964
40 -124.786
41 -123.889
42 -125.447
43 -123.893
44 -125.584
45 -125.966
46 -126.805
47 -126.359
48 -128.797
49 -129.578
50 -131.718
51 -128.803
52 -129.896
53 -129.916
54 -131.464
55 -131.5
56 -134.29
57 -134.01
58 -135.091
59 -135.408
60 -137.507
61 -136.648
62 -137.96
63 -136.81
64 -137.667
65 -138.728
66 -138.109
67 -139.227
68 -137.232
69 -137.765
70 -138.384
71 -137.758
72 -138.832
73 -137.65
74 -136.696
75 -136.774
76 -135.665
77 -135.544
78 -134.601
79 -136.367
80 -133.703
81 -135.3
82 -134.734
83 -133.66
84 -135.446
85 -133.272
86 -131.542
87 -131.582
88 -131.05
89 -130.015
90 -130.024
91 -129.663
92 -128.333
93 -128.167
94 -127.557
95 -128.586
96 -128.188
97 -128.199
98 -127.919
99 -128.144
100 -127.61
101 -126.608
102 -125.601
103 -124.392
104 -125.159
105 -125.959
106 -125.958
107 -125.498
108 -126.57
109 -126.36
110 -127.336
111 -126.645
112 -126.888
113 -127.33
114 -128.104
115 -127.845
116 -125.029
117 -127.163
118 -127.487
119 -127.089
120 -129.163
121 -126.956
122 -126.89
123 -127.557
124 -128.078
125 -126.355
126 -125.349
127 -126.709
128 -126.316
129 -125.796
130 -125.737
131 -126.175
132 -126.745
133 -125.728
134 -126.114
135 -124.11
136 -124.376
137 -123.698
138 -124.199
139 -126.055
140 -124.726
141 -123.786
142 -124.805
143 -125.837
144 -125.634
145 -124.538
146 -123.257
147 -123.187
148 -124.523
149 -124.578
150 -125.441
151 -124.715
152 -126.131
153 -126.788
154 -127.162
155 -125.574
156 -124.325
157 -125.087
158 -125.279
159 -126.808
160 -126.763
161 -126.636
162 -126.429
163 -127.234
164 -124.34
165 -126.094
166 -125.515
167 -125.81
168 -124.515
169 -124.696
170 -125.754
171 -125.465
172 -127.173
173 -124.861
174 -125.12
175 -125.826
176 -126.041
177 -124.052
178 -124.464
179 -125.683
180 -124.517
181 -125.202
182 -125.383
183 -124.264
184 -124.736
185 -123.741
186 -124.782
187 -122.467
188 -122.805
189 -123.152
190 -123.913
191 -124.679
192 -125.954
193 -126.316
194 -126.473
195 -126.476
196 -124.838
197 -124.413
198 -126.208
199 -125.099
200 -124.968
201 -126.17
202 -126.499
203 -126.137
204 -127.341
205 -125.909
206 -126.851
207 -126.323
208 -124.732
209 -123.596
210 -125.917
211 -127.397
212 -124.624
213 -126.101
214 -125.961
215 -124.611
216 -124.635
217 -125.284
218 -123.248
219 -122.471
220 -124.423
221 -124.817
222 -124.199
223 -124.366
224 -124.517
225 -124.722
226 -123.328
227 -123.365
228 -124.26
229 -123.671
230 -124.098
231 -124.78
232 -124.925
233 -125.905
234 -127.224
235 -124.491
236 -124.566
237 -125.703
238 -124.17
239 -126.678
240 -124.844
241 -126.984
242 -128.469
243 -126.392
244 -127.364
245 -126.326
246 -125.39
247 -127.465
248 -125.898
249 -124.09
250 -125.33
251 -126.736
252 -125.496
253 -126.752
254 -125.696
255 -126.713
256 -124.532
257 -125.175
258 -123.773
259 -122.451
260 -124.136
261 -123.334
262 -124.441
263 -126.428
264 -124.15
265 -124.208
266 -122.978
267 -123.039
268 -124.244
269 -123.158
270 -123.83
271 -125.609
272 -124.559
273 -123.957
274 -126.154
275 -125.904
276 -126.405
277 -126.911
278 -125.626
279 -124.999
280 -126.488
281 -126.051
282 -126.683
283 -127.288
284 -126.643
285 -127.118
286 -124.992
287 -126.465
288 -127.168
289 -126.063
290 -125.024
291 -125.958
292 -124.015
293 -125.204
294 -125.85
295 -126.254
296 -125.193
297 -124.244
298 -125.954
299 -122.84
300 -122.504
301 -124.055
302 -125.067
303 -123.983
304 -124.931
305 -124.003
306 -123.353
307 -124.046
308 -123.764
309 -122.325
310 -124.791
311 -124.234
312 -126.308
313 -124.577
314 -126.255
315 -125.4
316 -127.215
317 -125.93
318 -125.371
319 -127.403
320 -126.127
321 -126.558
322 -127.08
323 -126.182
324 -127.687
325 -126.405
326 -127.854
327 -126.576
328 -125.2
329 -125.896
330 -125.352
331 -124.862
332 -125.086
333 -126.561
334 -126.581
335 -125.833
336 -124.929
337 -125.877
338 -125.062
339 -124.422
340 -121.83
341 -123.346
342 -124.823
343 -124.151
344 -125.131
345 -124.361
346 -123.575
347 -123.134
348 -122.884
349 -123.492
350 -123.491
351 -124.342
352 -123.937
353 -125.596
354 -124.486
355 -125.596
356 -126.058
357 -126.245
358 -126.421
359 -125.116
360 -125.957
361 -126.518
362 -126.874
363 -125.447
364 -126.346
365 -127.578
366 -126.158
367 -126.453
368 -124.995
369 -126.2
370 -123.813
371 -126.638
372 -125.123
373 -126.557
374 -125.603
375 -126.646
376 -124.827
377 -124.316
378 -124.753
379 -125.101
380 -123.199
381 -124.565
382 -123.454
383 -123.2
384 -124.597
385 -123.517
386 -124.304
387 -123.247
388 -122.007
389 -123.095
390 -122.471
391 -122.85
392 -124.109
393 -126.153
394 -124.451
395 -125.558
396 -126.545
397 -127.312
398 -124.439
399 -125.487
400 -125.739
401 -126.686
402 -127.246
403 -126.107
404 -128.149
405 -126.056
406 -125.624
407 -127.153
408 -126.789
409 -124.906
410 -125.421
411 -123.853
412 -126.483
413 -126.531
414 -126.335
415 -127.178
416 -126.254
417 -124.153
418 -125.05
419 -122.976
420 -122.511
421 -124.308
422 -123.142
423 -124.242
424 -124.902
425 -122.844
426 -124.399
427 -124.163
428 -123.448
429 -122.845
430 -123.983
431 -124.015
432 -124.049
433 -124.382
434 -124.726
435 -127.148
436 -124.688
437 -123.273
438 -124.164
439 -124.558
440 -124.326
441 -124.958
442 -123.909
443 -124.108
444 -124.88
445 -122.596
446 -124.625
447 -123.161
448 -122.028
449 -121.047
450 -120.881
451 -119.358
452 -118.825
453 -117.089
454 -118.688
455 -117.313
456 -116.071
457 -117.048
458 -116.049
459 -115.785
460 -113.345
461 -113.196
462 -112.101
463 -111.363
464 -111.304
465 -111.2
466 -110.103
467 -109.605
468 -109.015
469 -108.68
470 -110.179
471 -108.228
472 -109.361
473 -109.042
474 -108.654
475 -109.465
476 -108.487
477 -108.853
478 -110.157
479 -109.37
480 -109.416
481 -110.026
482 -108.919
483 -111.256
484 -111.81
485 -113.832
486 -112.753
487 -112.771
488 -113.411
489 -115.149
490 -114.717
491 -113.029
492 -116.113
493 -115.747
494 -114.745
495 -115.785
496 -116.178
497 -115.817
498 -117.346
499 -116.642
500 -117.835
501 -117.874
502 -117.311
503 -119.013
504 -117.891
505 -119.138
506 -118.206
507 -118.785
508 -120.196
509 -118.803
510 -119.591
511 -119.851
512 -119.033
513 -120.237
514 -119.905
515 -119.863
516 -119.577
517 -121.775
518 -120.19
519 -119.716
520 -121.621
521 -120.868
522 -119.709
523 -118.836
524 -122.048
525 -120.015
526 -121.773
527 -120.982
528 -118.762
529 -121.412
530 -121.818
531 -120.891
532 -121.959
533 -121.249
534 -120.927
535 -120.176
536 -122.285
537 -119.486
538 -121.678
539 -122.171
540 -122.664
541 -121.474
542 -120.899
543 -122.063
544 -121.647
545 -122.148
546 -119.701
547 -122.035
548 -121.252
549 -121.223
550 -121.674
551 -119.529
552 -120.996
553 -121.255
554 -121.826
555 -121.951
556 -123.018
557 -123.177
558 -122.042
559 -121.562
560 -121.816
561 -121.402
562 -122.105
563 -120.072
564 -120.679
565 -120.39
566 -120.735
567 -119.795
568 -119.175
569 -118.353
570 -117.571
571 -116.365
572 -115.627
573 -116.789
574 -114.858
575 -115.947
576 -117.298
577 -113.75
578 -114.021
579 -112.737
580 -113.058
581 -110.329
582 -110.907
583 -111.514
584 -109.565
585 -110.886
586 -107.154
587 -107.173
588 -106.818
589 -106.764
590 -105.097
591 -105.94
592 -103.016
593 -102.091
594 -102.083
595 -102.209
596 -100.08
597 -101.928
598 -100.308
599 -98.6972
600 -99.2757
601 -99.7833
602 -99.8403
603 -100.567
604 -100.625
605 -99.5671
606 -100.248
607 -99.3326
608 -102.009
609 -102.478
610 -102.996
611 -103.692
612 -102.029
613 -103.181
614 -104.396
615 -102.778
616 -104.564
617 -106.921
618 -106.438
619 -107.02
620 -108.939
621 -109.232
622 -108.14
623 -108.079
624 -110.463
625 -110.479
626 -110.904
627 -110.305
628 -110.945
629 -112.109
630 -111.803
631 -110.918
632 -112.209
633 -112.967
634 -111.375
635 -111.466
636 -110.958
637 -111.457
638 -112.706
639 -112.806
640 -113.633
641 -115.02
642 -116.173
643 -115.304
644 -115.802
645 -113.522
646 -111.754
647 -113.715
648 -112.968
649 -112.734
650 -112.074
651 -112.199
652 -110.836
653 -111.552
654 -111.58
655 -110.835
656 -111.285
657 -112.193
658 -111.25
659 -113.151
660 -114.618
661 -114.482
662 -116.567
663 -114.854
664 -115.898
665 -115.21
666 -114.916
667 -114.259
668 -114.617
669 -113.479
670 -113.386
671 -113.923
672 -116.06
673 -116.119
674 -114.63
675 -115.809
676 -113.813
677 -114.792
678 -114.249
679 -115.467
680 -114.206
681 -115.107
682 -115.772
683 -116.043
684 -115.78
685 -116.456
686 -114.729
687 -115.701
688 -114.467
689 -113.568
690 -113.223
691 -112.884
692 -112.123
693 -112.583
694 -111.348
695 -112.019
696 -114.07
697 -112.894
698 -113.991
699 -114.411
700 -115.53
701 -116.4
702 -114.851
703 -115.426
704 -115.573
705 -116.125
706 -115.133
707 -114.366
708 -115.886
709 -114.679
710 -114.243
711 -114.952
712 -114.953
713 -114.882
714 -115.119
715 -114.856
716 -115.421
717 -113.695
718 -115.211
719 -114.161
720 -115.436
721 -115.014
722 -116.354
723 -118.113
724 -115.47
725 -115.887
726 -115.005
727 -115.711
728 -115.1
729 -116.254
730 -113.559
731 -113.166
732 -113.255
733 -112.652
734 -112.17
735 -113.141
736 -111.134
737 -113.057
738 -114.372
739 -113.48
740 -113.743
741 -115.389
742 -114.068
743 -116.681
744 -116.141
745 -115.965
746 -115.928
747 -114.689
748 -113.638
749 -115.56
750 -115.72
751 -114.362
752 -115.388
753 -115.525
754 -116.478
755 -116.211
756 -116.12
757 -114.293
758 -113.006
759 -114.648
760 -114.57
761 -115.097
762 -114.557
763 -115.814
764 -116.261
765 -115.915
766 -116.746
767 -114.842
768 -114.017
769 -113.39
770 -112.133
771 -113.888
772 -113.246
773 -111.887
774 -112.748
775 -112.09
776 -112.617
777 -111.805
778 -113.951
779 -112.793
780 -114.198
781 -114.58
782 -114.43
783 -115.806
784 -114.394
785 -114.188
786 -114.231
787 -114.483
788 -114.134
789 -114.952
790 -113.877
791 -113.604
792 -114.767
793 -114.804
794 -114.582
795 -115.798
796 -113.07
797 -114.506
798 -114.091
799 -114.681
800 -114.609
801 -115.117
802 -114.262
803 -115.475
804 -115.43
805 -116.415
806 -114.854
807 -115.5
808 -115.147
809 -113.545
810 -114.499
811 -114.67
812 -111.703
813 -113.344
814 -111.352
815 -113.241
816 -110.88
817 -112.505
818 -112.403
819 -112.44
820 -115.354
821 -113.726
822 -113.97
823 -114.554
824 -114.127
825 -116.604
826 -115.088
827 -115.241
828 -114.213
829 -113.691
830 -114.954
831 -113.128
832 -114.622
833 -113.863
834 -115.365
835 -115.817
836 -116.074
837 -115.479
838 -114.851
839 -114.023
840 -114.207
841 -113.965
842 -115.425
843 -116.377
844 -114.614
845 -114.294
846 -115.587
847 -114.188
848 -114.754
849 -112.803
850 -113.803
851 -112.466
852 -112.364
853 -113.63
854 -112.958
855 -111.248
856 -112.899
857 -112.014
858 -113.915
859 -112.633
860 -113.397
861 -112.167
862 -115.087
863 -113.834
864 -116.079
865 -115.791
866 -115.464
867 -114.699
868 -113.591
869 -114.445
870 -115.884
871 -114.044
872 -113.581
873 -113.854
874 -114.77
875 -116.168
876 -115.846
877 -114.146
878 -114.038
879 -113.198
880 -114.286
881 -114.4
882 -113.473
883 -114.278
884 -114.78
885 -114.97
886 -114.835
887 -114.415
888 -114.049
889 -114.202
890 -114.415
891 -112.441
892 -112.866
893 -112.975
894 -112.129
895 -111.901
896 -110.891
897 -111.677
898 -111.295
899 -112.258
900 -113.753
901 -112.138
902 -112.953
903 -114.346
904 -113.515
905 -114.46
906 -114.304
907 -114.311
908 -113.461
909 -115.34
910 -114.221
911 -115.139
912 -113.562
913 -113.898
914 -114.788
915 -114.961
916 -113.784
917 -114.73
918 -114.732
919 -113.543
920 -115.086
921 -112.26
922 -114.739
923 -115.121
924 -114.562
925 -114.991
926 -116.375
927 -116.774
928 -113.734
929 -113.55
930 -112.1
931 -113.108
932 -113.149
933 -111.496
934 -113.208
935 -112.095
936 -114.034
937 -113.081
938 -111.981
939 -111.668
940 -111.44
941 -112.961
942 -113.472
943 -115.188
944 -114.329
945 -115.265
946 -115.313
947 -114.64
948 -115.061
949 -114.432
950 -114.778
951 -114.878
952 -114.104
953 -113.195
954 -113.653
955 -116.061
956 -115.447
957 -114.224
958 -113.842
959 -112.525
960 -114.59
961 -113.854
962 -114.11
963 -114.541
964 -114.547
965 -116.277
966 -115.936
967 -116.287
968 -115.096
969 -114.854
970 -114.721
971 -113.779
972 -115.333
973 -114.438
974 -113.522
975 -114.272
976 -114.927
977 -114.482
978 -115.018
979 -114.225
980 -116.515
981 -116.097
982 -120.035
983 -118.903
984 -119.424
985 -120.789
986 -120.765
987 -121.509
988 -122.011
989 -123.349
990 -123.717
991 -123.92
992 -124.266
993 -123.227
994 -124.23
995 -126.479
996 -127.214
997 -127.215
998 -127.798
999 -128.675
1000 -128.598
1001 -127.903
1002 -128.558
1003 -129.958
1004 -127.314
1005 -129.127
1006 -129.225
1007 -128.461
1008 -128.124
1009 -129.607
1010 -128.062
1011 -129.416
1012 -126.894
1013 -128.842
1014 -128.73
1015 -127.309
1016 -129.225
1017 -126.981
1018 -126.024
1019 -125.642
1020 -125.736
1021 -125.117
1022 -126.149
1023 -126.462
1024 -124.328
1025 -123.83
1026 -122.502
1027 -122.086
1028 -121.625
1029 -122.761
1030 -121.501
1031 -121.085
1032 -119.989
1033 -120.457
1034 -120.162
1035 -119.014
1036 -120.958
1037 -120.713
1038 -120.118
1039 -120.099
1040 -119.57
1041 -120.055
1042 -119.254
1043 -118.973
1044 -120.568
1045 -117.947
1046 -118.393
1047 -118.275
1048 -119.818
1049 -118.577
1050 -118.268
1051 -118.559
1052 -117.585
1053 -117.888
1054 -118.954
1055 -116.852
1056 -116.348
1057 -117.912
1058 -118.314
1059 -117.815
1060 -118.465
1061 -117.481
1062 -117.284
1063 -117.213
1064 -116.028
1065 -117.656
1066 -118.042
1067 -116.287
1068 -117.209
1069 -116.7
1070 -118.079
1071 -116.627
1072 -115.899
1073 -118.501
1074 -116.917
1075 -116.485
1076 -117.064
1077 -118.838
1078 -116.16
1079 -117.508
1080 -118.711
1081 -117.337
1082 -116.501
1083 -116.517
1084 -117.639
1085 -116.746
1086 -116.361
1087 -117.612
1088 -116.72
1089 -118.029
1090 -116.292
1091 -116.72
1092 -118.432
1093 -117.052
1094 -117.174
1095 -117.887
1096 -117.787
1097 -118.387
1098 -118.901
1099 -118.908
1100 -117.886
1101 -119.07
1102 -119.644
1103 -120.226
1104 -119.856
1105 -123.105
1106 -121.759
1107 -123.401
1108 -122.401
1109 -122.17
1110 -123.95
1111 -124.253
1112 -124.602
1113 -123.71
1114 -125.099
1115 -125.462
1116 -126.955
1117 -126.452
1118 -129.285
1119 -128.69
1120 -130.843
1121 -131.263
1122 -130.121
1123 -131.765
1124 -132.564
1125 -134.201
1126 -135.036
1127 -135.643
1128 -134.555
1129 -137.05
1130 -136.885
1131 -134.992
1132 -137.189
1133 -136.629
1134 -136.92
1135 -139.277
1136 -138.032
1137 -137.405
1138 -136.988
1139 -137.862
1140 -136.373
1141 -137.75
1142 -136.676
1143 -135.356
1144 -134.038
1145 -135.607
1146 -134.662
1147 -133.472
1148 -135.452
1149 -132.832
1150 -133.835
1151 -132.766
1152 -130.709
1153 -130.866
1154 -131.536
1155 -131.001
1156 -129.41
1157 -128.733
1158 -129.222
1159 -129.264
1160 -129.516
1161 -127.067
1162 -125.466
1163 -127.374
1164 -126.549
1165 -126.768
1166 -125.173
1167 -126.485
1168 -127.011
1169 -126.172
1170 -125.502
1171 -124.358
1172 -124.193
1173 -123.122
1174 -123.177
1175 -123.447
1176 -124.967
1177 -124.985
1178 -125.683
1179 -126.621
1180 -126.071
1181 -123.595
1182 -125.444
1183 -125.88
1184 -124.78
1185 -126.341
1186 -125.655
1187 -125.406
1188 -126.01
1189 -126.952
1190 -127.224
1191 -125.77
1192 -126.642
1193 -122.918
1194 -125.548
1195 -123.694
1196 -125.231
1197 -124.802
1198 -125.736
1199 -124.277
1200 -126.364
1201 -124.906
1202 -124.584
1203 -123.222
1204 -123.297
1205 -122.981
1206 -123.555
1207 -123.47
1208 -123.946
1209 -124.379
1210 -124.419
1211 -123.78
1212 -123.199
1213 -122.127
1214 -122.638
1215 -123.485
1216 -121.897
1217 -123.877
1218 -124.393
1219 -124.267
1220 -125.496
1221 -124.765
1222 -123.764
1223 -123.384
1224 -121.693
1225 -124.163
1226 -125.499
1227 -124.835
1228 -124.867
1229 -125.615
1230 -126.273
1231 -125.395
1232 -126.176
1233 -124.446
1234 -125.985
1235 -124.341
1236 -124.806
1237 -123.803
1238 -123.369
1239 -125.127
1240 -124.689
1241 -124.069
1242 -124.456
1243 -123.652
1244 -123.721
1245 -122.778
1246 -123.037
1247 -122.975
1248 -122.655
1249 -123.921
1250 -122.607
1251 -125.48
1252 -124.279
1253 -122.588
1254 -123.023
1255 -124.265
1256 -122.808
1257 -122.883
1258 -122.847
1259 -124.584
1260 -124.58
1261 -124.869
1262 -124.758
1263 -126.334
1264 -125.463
1265 -124.481
1266 -124.242
1267 -125.762
1268 -124.406
1269 -125.4
1270 -124.229
1271 -125.497
1272 -124.709
1273 -124.69
1274 -127.454
1275 -124.722
1276 -124.339
1277 -124.031
1278 -123.089
1279 -124.504
1280 -123.964
1281 -124.704
1282 -124.225
1283 -123.656
1284 -123.695
1285 -123.5
1286 -122.613
1287 -122.206
1288 -123.539
1289 -124.752
1290 -123.54
1291 -122.889
1292 -124.61
1293 -123.177
1294 -122.652
1295 -121.389
1296 -122.443
1297 -121.247
1298 -123.314
1299 -124.247
1300 -124.574
1301 -125.663
1302 -125.3
1303 -124.411
1304 -124.604
1305 -125.534
1306 -125.493
1307 -123.892
1308 -125.428
1309 -124.813
1310 -125.717
1311 -125.609
1312 -126.026
1313 -124.63
1314 -124.811
1315 -126.583
1316 -125.054
1317 -123.356
1318 -123.96
1319 -123.831
1320 -125.147
1321 -124.256
1322 -125.497
1323 -125.684
1324 -124.032
1325 -123.36
1326 -124.358
1327 -122.666
1328 -122.547
1329 -122.062
1330 -124.035
1331 -123.694
1332 -122.062
1333 -122.291
1334 -121.922
1335 -122.275
1336 -122.453
1337 -122.222
1338 -123.03
1339 -124.521
1340 -125.318
1341 -124.131
1342 -125.931
1343 -124.643
1344 -126.079
1345 -124.337
1346 -125.698
1347 -125.937
1348 -126.449
1349 -127.119
1350 -124.876
1351 -124.735
1352 -125.087
1353 -126.479
1354 -125.978
1355 -123.699
1356 -124.712
1357 -122.472
1358 -123.775
1359 -124.649
1360 -124.125
1361 -124.779
1362 -124.719
1363 -123.999
1364 -123.4
1365 -123.694
1366 -124.299
1367 -123.797
1368 -123.172
1369 -123.848
1370 -123.5
1371 -124.226
1372 -122.992
1373 -123.91
1374 -124.079
1375 -122.83
1376 -122.581
1377 -121.997
1378 -123.823
1379 -123.459
1380 -124.008
1381 -124.03
1382 -124.896
1383 -124.242
1384 -123.736
1385 -124.231
1386 -124.153
1387 -124.184
1388 -126.521
1389 -124.382
1390 -125.234
1391 -125.327
1392 -126.494
1393 -125.704
1394 -124.946
1395 -126.112
1396 -124.907
1397 -124.467
1398 -125.76
1399 -123.949
1400 -124.246
1401 -125.136
1402 -124.996
1403 -124.478
1404 -125.415
1405 -124.458
1406 -124.855
1407 -122.894
1408 -123.019
1409 -124.07
1410 -123.94
1411 -123.271
1412 -123.677
1413 -123.019
1414 -123.246
1415 -121.75
1416 -122.705
1417 -122.593
1418 -122.581
1419 -122.501
1420 -124.323
1421 -124.69
1422 -125.289
1423 -123.789
1424 -125.062
1425 -125.496
1426 -124.735
1427 -124.716
1428 -125.091
1429 -125.599
1430 -124.38
1431 -125.262
1432 -127.393
1433 -126.153
1434 -126.031
1435 -124.75
1436 -124.916
1437 -124.078
1438 -124.124
1439 -123.625
1440 -124.062
1441 -123.431
1442 -124.604
1443 -124.181
1444 -123.502
1445 -123.43
1446 -124.424
1447 -123.834
1448 -123.199
1449 -123.582
1450 -122.296
1451 -123.372
1452 -123.45
1453 -123.711
1454 -123.773
1455 -123.503
1456 -122.784
1457 -122.618
1458 -123.349
1459 -122.418
1460 -124.039
1461 -124.197
1462 -124.287
1463 -124.834
1464 -124.609
1465 -124.853
1466 -125.359
1467 -125.512
1468 -126.834
1469 -124.902
1470 -124.539
1471 -126.472
1472 -125.102
1473 -125.613
1474 -124.774
1475 -126.141
1476 -124.295
1477 -124.169
1478 -124.222
1479 -123.254
1480 -124.067
1481 -123.173
1482 -124.212
1483 -123.444
1484 -124.9
1485 -125.007
1486 -123.893
1487 -122.603
1488 -123.353
1489 -120.3
1490 -123.753
1491 -122.057
1492 -123.58
1493 -122.088
1494 -123.331
1495 -123.113
1496 -122.493
1497 -122.734
1498 -122.09
1499 -122.962
1500 -123.83
1501 -123.388
1502 -125.573
1503 -123.881
1504 -124.936
1505 -123.53
1506 -124.152
1507 -123.505
1508 -124.09
1509 -123.248
1510 -124.064
1511 -122.92
1512 -123.664
1513 -123.513
1514 -122.421
1515 -121.272
1516 -120.146
1517 -120.588
1518 -119.741
1519 -118.04
1520 -116.16
1521 -117.455
1522 -118.58
1523 -118.092
1524 -116.307
1525 -115.23
1526 -115.205
1527 -113.546
1528 -112.872
1529 -110.672
1530 -111.549
1531 -109.864
1532 -110.781
1533 -109.853
1534 -109.276
1535 -109.293
1536 -108.903
1537 -107.377
1538 -109.105
1539 -105.91
1540 -107.335
1541 -108.057
1542 -107.623
1543 -108.518
1544 -109.594
1545 -108.142
1546 -109.114
1547 -108.815
1548 -110.945
1549 -109.033
1550 -109.368
1551 -111.245
1552 -110.338
1553 -111.772
1554 -111.642
1555 -110.783
1556 -111.784
1557 -112.896
1558 -111.613
1559 -113.376
1560 -113.954
1561 -113.205
1562 -114.81
1563 -114.701
1564 -114.698
1565 -116.138
1566 -116.018
1567 -116.748
1568 -117.077
1569 -119.027
1570 -117.609
1571 -118.404
1572 -119.739
1573 -117.609
1574 -118.652
1575 -119.097
1576 -119.851
1577 -119.435
1578 -120.201
1579 -118.192
1580 -117.936
1581 -119.16
1582 -118.229
1583 -119.581
1584 -118.865
1585 -119.909
1586 -121.372
1587 -120.087
1588 -119.946
1589 -117.764
1590 -119.975
1591 -118.809
1592 -119.625
1593 -119.956
1594 -121.101
1595 -119.546
1596 -120.577
1597 -119.781
1598 -120.234
1599 -118.602
1600 -120.885
1601 -120.596
1602 -119.31
1603 -118.735
1604 -120.998
1605 -120.529
1606 -120.704
1607 -120.199
1608 -120.201
1609 -120.124
1610 -120.419
1611 -121.907
1612 -121.764
1613 -122.46
1614 -121.915
1615 -120.854
1616 -121.021
1617 -120.905
1618 -121.542
1619 -119.91
1620 -121.264
1621 -120.691
1622 -121.513
1623 -121.42
1624 -119.643
1625 -121.327
1626 -121.796
1627 -122.199
1628 -120.777
1629 -120.553
1630 -121.882
1631 -120.629
1632 -119.132
1633 -119.612
1634 -119.431
1635 -119.474
1636 -118.654
1637 -118.643
1638 -117.144
1639 -117.53
1640 -116.134
1641 -115.498
1642 -114.599
1643 -113.4
1644 -113.741
1645 -114.231
1646 -111.838
1647 -111.023
1648 -110.057
1649 -111.58
1650 -110.886
1651 -111.592
1652 -109.079
1653 -106.37
1654 -107.463
1655 -107.512
1656 -105.391
1657 -107.012
1658 -105.336
1659 -104
1660 -102.634
1661 -101.067
1662 -101.64
1663 -102.787
1664 -102.429
1665 -100.363
1666 -100.928
1667 -99.7662
1668 -100.57
1669 -100.876
1670 -100.844
1671 -100.231
1672 -99.1536
1673 -99.2408
1674 -99.7614
1675 -100.608
1676 -100.116
1677 -100.093
1678 -102.22
1679 -101.592
1680 -102.748
1681 -102.546
1682 -105.816
1683 -104.625
1684 -103.14
1685 -105.404
1686 -105.703
1687 -106.259
1688 -107.402
1689 -108.353
1690 -108.84
1691 -109.539
1692 -109.048
1693 -109.747
1694 -110.637
1695 -109.961
1696 -109.719
1697 -111.075
1698 -110.075
1699 -110.249
1700 -110.641
1701 -111.311
1702 -112.325
1703 -113.121
1704 -112.652
1705 -114.225
1706 -113.059
1707 -112.521
1708 -113.658
1709 -114.264
1710 -114.819
1711 -113.805
1712 -113.064
1713 -112.3
1714 -112.56
1715 -111.959
1716 -112.572
1717 -109.944
1718 -111.503
1719 -111.699
1720 -110.607
1721 -111.987
1722 -110.773
1723 -111.598
1724 -110.093
1725 -111.237
1726 -111.964
1727 -111.903
1728 -113.48
1729 -113.545
1730 -113.23
1731 -113.831
1732 -114.887
1733 -114.166
1734 -113.88
1735 -115.153
1736 -114.17
1737 -112.792
1738 -113.877
1739 -113.281
1740 -115.452
1741 -114.678
1742 -115.837
1743 -115.286
1744 -114.245
1745 -114.165
1746 -113.985
1747 -114.876
1748 -112.885
1749 -115.242
1750 -115.584
1751 -115.766
1752 -115.345
1753 -115.066
1754 -114.749
1755 -114.965
1756 -114.203
1757 -112.898
1758 -114.243
1759 -111.998
1760 -111.877
1761 -111.557
1762 -111.418
1763 -110.651
1764 -111.478
1765 -112.726
1766 -113.323
1767 -113.058
1768 -114.627
1769 -114.652
1770 -114.45
1771 -114.28
1772 -114.363
1773 -114.787
1774 -113.909
1775 -114.131
1776 -113.871
1777 -114.326
1778 -113.837
1779 -115.199
1780 -114.794
1781 -114.757
1782 -116.087
1783 -115.314
1784 -114.469
1785 -114.044
1786 -114.299
1787 -113.834
1788 -114.84
1789 -114.532
1790 -114.599
1791 -114.635
1792 -114.277
1793 -114.492
1794 -113.688
1795 -113.856
1796 -112.091
1797 -112.478
1798 -112.13
1799 -112.206
1800 -111.444
1801 -112.504
1802 -112.625
1803 -111.759
1804 -113.252
1805 -112.143
1806 -112.795
1807 -112.939
1808 -113.416
1809 -113.985
1810 -113.366
1811 -113.785
1812 -114.489
1813 -116.134
1814 -115.673
1815 -116.17
1816 -114.975
1817 -115.264
1818 -113.897
1819 -113.097
1820 -113.255
1821 -114.823
1822 -115.72
1823 -115.565
1824 -115.746
1825 -113.623
1826 -114.989
1827 -114.63
1828 -114.352
1829 -113.265
1830 -114.386
1831 -116.135
1832 -115.887
1833 -114.837
1834 -115.539
1835 -114.444
1836 -114.476
1837 -112.712
1838 -112.836
1839 -113.752
1840 -110.555
1841 -112.125
1842 -112.839
1843 -110.443
1844 -112.32
1845 -112.393
1846 -111.67
1847 -114.034
1848 -114.17
1849 -114.466
1850 -115.372
1851 -114.543
1852 -113.69
1853 -114.501
1854 -113.679
1855 -114.196
1856 -115.383
1857 -114.138
1858 -114.804
1859 -114.043
1860 -112.394
1861 -114.051
1862 -115.947
1863 -114.608
1864 -114.973
1865 -114.267
1866 -115.525
1867 -114.541
1868 -113.295
1869 -113.679
1870 -115.222
1871 -116.398
1872 -115.641
1873 -114.206
1874 -115.887
1875 -115.116
1876 -113.663
1877 -114.665
1878 -113.344
1879 -114.252
1880 -112.54
1881 -111.371
1882 -112.014
1883 -110.17
1884 -112.87
1885 -112.034
1886 -110.507
1887 -113.985
1888 -112.735
1889 -114.117
1890 -113.003
1891 -114.334
1892 -114.122
1893 -115.478
1894 -115.308
1895 -113.361
1896 -114.938
1897 -115.782
1898 -114.548
1899 -114.993
1900 -114.149
1901 -113.62
1902 -113.395
1903 -114.723
1904 -115.519
1905 -114.274
1906 -115.558
1907 -114.756
1908 -113.276
1909 -114.005
1910 -112.842
1911 -114.454
1912 -114.295
1913 -114.021
1914 -115.158
1915 -115.589
1916 -111.574
1917 -113.514
1918 -113.475
1919 -112.495
1920 -111.227
1921 -112.767
1922 -112.679
1923 -110.973
1924 -113.069
1925 -111.748
1926 -110.979
1927 -111.862
1928 -112.099
1929 -112.843
1930 -113.882
1931 -115.523
1932 -114.855
1933 -114.862
1934 -114.697
1935 -114.142
1936 -115.096
1937 -114.055
1938 -114.492
1939 -114.941
1940 -112.837
1941 -113.439
1942 -114.862
1943 -114.489
1944 -115.526
1945 -115.272
1946 -113.437
1947 -116.132
1948 -113.547
1949 -115.165
1950 -114.937
1951 -114.91
1952 -115.716
1953 -115.043
1954 -115.842
1955 -115.607
1956 -113.471
1957 -113.848
1958 -112.134
1959 -113.126
1960 -111.858
1961 -111.846
1962 -112.282
1963 -113.107
1964 -112.723
1965 -110.761
1966 -112.66
1967 -111.074
1968 -113.642
1969 -113.265
1970 -113.974
1971 -115.369
1972 -113.22
1973 -114.597
1974 -114.12
1975 -115.756
1976 -114.203
1977 -113.341
1978 -113.206
1979 -115.492
1980 -116.15
1981 -113.424
1982 -113.312
1983 -114.7
1984 -114.484
1985 -114.453
1986 -114.222
1987 -114.758
1988 -113.359
1989 -112.261
1990 -113.408
1991 -115.039
1992 -115.453
1993 -114.795
1994 -115.178
1995 -113.996
1996 -113.581
1997 -112.589
1998 -113.87
1999 -114.598
2000 -114.217
2001 -112.091
2002 -112.655
2003 -110.61
2004 -111.844
2005 -111.889
2006 -112.406
2007 -112.451
2008 -112.516
2009 -111.767
2010 -114.04
2011 -116.588
2012 -113.134
2013 -114.383
2014 -115.599
2015 -116.091
2016 -115.402
2017 -114.004
2018 -115.816
2019 -115.624
2020 -111.523
2021 -114.131
2022 -113.81
2023 -114.62
2024 -115.147
2025 -114.825
2026 -115.177
2027 -114.534
2028 -114.439
2029 -114.265
2030 -112.148
2031 -113.451
2032 -116.532
2033 -114.947
2034 -116.985
2035 -114.898
2036 -115.374
2037 -115.272
2038 -114.538
2039 -114.169
2040 -113.716
2041 -114.346
2042 -113.401
2043 -114.56
2044 -113.217
2045 -113.348
2046 -115.26
2047 -115.847
2048 -116.416
2049 -116.127
2050 -117.202
2051 -117.309
2052 -119.73
2053 -119.225
2054 -120.521
2055 -121.929
2056 -123.376
2057 -123.034
2058 -123.391
2059 -123.709
2060 -122.642
2061 -123.715
2062 -124.646
2063 -122.282
2064 -126.1
2065 -125.545
2066 -127.588
2067 -127.277
2068 -126.698
2069 -128.227
2070 -128.783
2071 -128.796
2072 -129.035
2073 -128.59
2074 -129.906
2075 -129.441
2076 -128.723
2077 -127.265
2078 -127.964
2079 -128.058
2080 -129.851
2081 -126.815
2082 -127.936
2083 -126.639
2084 -127.346
2085 -127.526
2086 -125.892
2087 -125.329
2088 -126.462
2089 -126.107
2090 -126.696
2091 -124.854
2092 -126.062
2093 -123.809
2094 -123.664
2095 -123.436
2096 -120.871
2097 -121.947
2098 -123.729
2099 -119.944
2100 -121.622
2101 -119.018
2102 -120.825
2103 -119.364
2104 -117.842
2105 -118.215
2106 -119.112
2107 -118.369
2108 -119.044
2109 -118.57
2110 -118.157
2111 -118.462
2112 -118.333
2113 -118.306
2114 -118.693
2115 -118.459
2116 -118.074
2117 -118.843
2118 -117.682
2119 -117.362
2120 -118.755
2121 -119.945
2122 -118.378
2123 -118.558
2124 -117.802
2125 -116.962
2126 -116.469
2127 -117.322
2128 -118.333
2129 -118.973
2130 -116.944
2131 -117.655
2132 -116.908
2133 -116.217
2134 -116.645
2135 -118.048
2136 -116.823
2137 -118.207
2138 -115.593
2139 -116.41
2140 -117.491
2141 -117.186
2142 -116.797
2143 -116.775
2144 -117.381
2145 -117.664
2146 -118.043
2147 -116.633
2148 -118.163
2149 -117.3
2150 -115.946
2151 -116.204
2152 -115.706
2153 -116.263
2154 -115.744
2155 -117.202
2156 -114.422
2157 -115.636
2158 -115.568
2159 -115.46
2160 -115.386
2161 -116.479
2162 -116.303
2163 -116.872
2164 -116.771
2165 -115.339
2166 -118.207
2167 -118.278
2168 -116.512
2169 -118.375
2170 -118.31
2171 -118.985
2172 -120.652
2173 -120.528
2174 -121.519
2175 -121.932
2176 -121.022
2177 -122.522
2178 -122.527
2179 -124.517
2180 -124.314
2181 -124.284
2182 -125.168
2183 -126.08
2184 -126.034
2185 -126.28
2186 -126.891
2187 -128.424
2188 -128.764
2189 -129.613
2190 -130.616
2191 -129.433
2192 -131.075
2193 -133.176
2194 -132.665
2195 -132.777
2196 -135.322
2197 -136.128
2198 -134.509
2199 -135.837
2200 -136.092
2201 -136.517
2202 -138.467
2203 -137.121
2204 -136.595
2205 -136.566
2206 -136.522
2207 -135.755
2208 -137.058
2209 -136.278
2210 -135.592
2211 -134.356
2212 -134.4
2213 -134.811
2214 -135.022
2215 -134.356
2216 -134.092
2217 -133.078
2218 -133.04
2219 -132.318
2220 -131.233
2221 -130.234
2222 -130.732
2223 -129.922
2224 -129.85
2225 -130.096
2226 -128.64
2227 -128.963
2228 -126.499
2229 -126.756
2230 -126.753
2231 -125.902
2232 -126.038
2233 -124.742
2234 -125.364
2235 -124.83
2236 -126.297
2237 -125.298
2238 -124.532
2239 -123.208
2240 -123.421
2241 -123.754
2242 -124.098
2243 -124.503
2244 -123.692
2245 -123.075
2246 -124.759
2247 -125.321
2248 -126.069
2249 -124.194
2250 -124.612
2251 -125.78
2252 -126.039
2253 -124.021
2254 -125.326
2255 -124.542
2256 -125.84
2257 -125.091
2258 -125.338
2259 -124.938
2260 -126.045
2261 -123.833
2262 -123.593
2263 -123.619
2264 -122.871
2265 -124.614
2266 -125.108
2267 -124.024
2268 -122.813
2269 -124.288
2270 -124.64
2271 -123.676
2272 -122.17
2273 -122.926
2274 -123.955
2275 -122.495
2276 -121.071
2277 -122.75
2278 -122.477
2279 -123.556
2280 -122.064
2281 -121.993
2282 -122.315
2283 -120.948
2284 -123.538
2285 -121.843
2286 -123.374
2287 -123.616
2288 -125.137
2289 -124.643
2290 -123.825
2291 -125.142
2292 -123.464
2293 -123.175
2294 -122.133
2295 -125.347
2296 -124.053
2297 -124.572
2298 -125.543
2299 -126.47
2300 -124.046
2301 -125.086
2302 -122.958
2303 -123.266
2304 -123.872
2305 -124.043
2306 -124.039
2307 -123.678
2308 -124.461
2309 -124.959
2310 -124.369
2311 -124.285
2312 -121.838
2313 -122.996
2314 -122.479
2315 -121.371
2316 -123.288
2317 -122.014
2318 -123.675
2319 -122.669
2320 -122.588
2321 -122.12
2322 -121.705
2323 -121.814
2324 -120.464
2325 -122.562
2326 -122.696
2327 -125
2328 -125.609
2329 -124.406
2330 -123.493
2331 -124.498
2332 -124.483
2333 -125.162
2334 -125.341
2335 -124.341
2336 -124.09
2337 -126.032
2338 -126.573
2339 -123.946
2340 -125.522
2341 -125.026
2342 -123.252
2343 -122.508
2344 -124.778
2345 -123.651
2346 -123.604
2347 -122.392
2348 -123.424
2349 -123.594
2350 -123.323
2351 -122.606
2352 -123.515
2353 -121.943
2354 -122.585
2355 -122.265
2356 -121.899
2357 -122.336
2358 -122.745
2359 -121.908
2360 -121.82
2361 -121.288
2362 -121.9
2363 -121.703
2364 -120.833
2365 -121.095
2366 -122.712
2367 -122.508
2368 -122.945
2369 -124.141
2370 -123.861
2371 -125.505
2372 -123.482
2373 -123.563
2374 -124.83
2375 -122.907
2376 -124.654
2377 -125.108
2378 -125.791
2379 -124.152
2380 -123.712
2381 -126.387
2382 -124.357
2383 -125.333
2384 -124.495
2385 -125.314
2386 -122.71
2387 -124.312
2388 -123.595
2389 -123.101
2390 -122.598
2391 -123.634
2392 -123.209
2393 -123.339
2394 -123.475
2395 -122.837
2396 -123.399
2397 -122.665
2398 -123.253
2399 -122.378
2400 -124.123
2401 -121.322
2402 -121.313
2403 -122.591
2404 -121.626
2405 -121.693
2406 -121.227
2407 -123.267
2408 -123.143
2409 -123.854
2410 -124.79
2411 -123.848
2412 -124.496
2413 -124.513
2414 -123.725
2415 -123.646
2416 -123.732
2417 -124.703
2418 -123.949
2419 -125.857
2420 -125.491
2421 -125.708
2422 -125.329
2423 -125.668
2424 -124.644
2425 -123.401
2426 -122.153
2427 -123.812
2428 -123.503
2429 -123.206
2430 -124.472
2431 -124.229
2432 -121.653
2433 -121.821
2434 -121.85
2435 -122.054
2436 -122.674
2437 -123.14
2438 -122.711
2439 -123.048
2440 -121.723
2441 -121.792
2442 -121.167
2443 -122.654
2444 -121.415
2445 -122.03
2446 -123.245
2447 -122.98
2448 -123.189
2449 -124.058
2450 -125.352
2451 -124.775
2452 -124.07
2453 -124.473
2454 -124.252
2455 -123.908
2456 -125.658
2457 -125.297
2458 -125.279
2459 -125.564
2460 -124.802
2461 -124.709
2462 -124.003
2463 -123.877
2464 -124.71
2465 -123.678
2466 -124.689
2467 -124.144
2468 -124.739
2469 -123.207
2470 -124.832
2471 -124.478
2472 -123.963
2473 -122.866
2474 -123.226
2475 -123.444
2476 -121.008
2477 -120.968
2478 -123.038
2479 -122.353
2480 -123.161
2481 -123.177
2482 -121.897
2483 -120.803
2484 -123.191
2485 -120.74
2486 -120.2
2487 -122.047
2488 -123.303
2489 -123.246
2490 -123.225
2491 -122.968
2492 -125.509
2493 -125.05
2494 -124.907
2495 -124.282
2496 -123.722
2497 -124.854
2498 -125.719
2499 -123.765
2500 -125.696
2501 -123.845
2502 -124.147
2503 -124.459
2504 -124.336
2505 -124.095
2506 -123.359
2507 -123.391
2508 -123.432
2509 -123.954
2510 -124.897
2511 -123.471
2512 -123.688
2513 -124.04
2514 -123.758
2515 -122.816
2516 -122.756
2517 -120.44
2518 -121.91
2519 -123.857
2520 -122.607
2521 -123.073
2522 -121.401
2523 -121.638
2524 -124.181
2525 -122.053
2526 -122.442
2527 -123.162
2528 -122.79
2529 -123.451
2530 -124.183
2531 -124.624
2532 -123.706
2533 -124.405
2534 -124.113
2535 -123.391
2536 -123.463
2537 -123.51
2538 -124.194
2539 -125.151
2540 -125.374
2541 -123.585
2542 -124.769
2543 -125.023
2544 -124.023
2545 -123.563
2546 -124.542
2547 -122.706
2548 -123.212
2549 -124.504
2550 -123.862
2551 -124.411
2552 -123.367
2553 -123.146
2554 -123.911
2555 -123.396
2556 -121.701
2557 -122.827
2558 -121.955
2559 -122.585
2560 -123.499
2561 -122.561
2562 -123.439
2563 -122.955
2564 -121.805
2565 -122.007
2566 -122.48
2567 -121.177
2568 -123.962
2569 -122.226
2570 -123.852
2571 -123.325
2572 -124.764
2573 -124.809
2574 -124.012
2575 -123.7
2576 -122.602
2577 -121.529
2578 -122.443
2579 -121.718
2580 -122.427
2581 -121.982
2582 -121.602
2583 -122.364
2584 -121.821
2585 -117.633
2586 -118.85
2587 -117.366
2588 -116.436
2589 -116.694
2590 -117.325
2591 -116.301
2592 -116.607
2593 -115.392
2594 -114.922
2595 -114.503
2596 -113.072
2597 -111.119
2598 -112.664
2599 -111.791
2600 -109.107
2601 -109.746
2602 -108.569
2603 -108.815
2604 -108.499
2605 -109.357
2606 -108.101
2607 -106.24
2608 -107.621
2609 -107.675
2610 -107.291
2611 -106.96
2612 -107.334
2613 -108.236
2614 -109.061
2615 -109.13
2616 -108.445
2617 -109.437
2618 -111.054
2619 -110.178
2620 -109.925
2621 -110.557
2622 -111.31
2623 -110.792
2624 -111.104
2625 -112.836
2626 -112.456
2627 -112.901
2628 -113.299
2629 -113.125
2630 -114.685
2631 -115.212
2632 -115.58
2633 -116.509
2634 -116.313
2635 -115.21
2636 -116.792
2637 -117.658
2638 -117.68
2639 -116.797
2640 -118.091
2641 -117.673
2642 -117.016
2643 -118.829
2644 -117.717
2645 -118.915
2646 -119.298
2647 -119.02
2648 -118.257
2649 -118.278
2650 -120.221
2651 -116.973
2652 -119.819
2653 -119.348
2654 -118.193
2655 -119.582
2656 -119.49
2657 -119.894
2658 -119.691
2659 -119.616
2660 -119.682
2661 -119.198
2662 -120.118
2663 -121.524
2664 -119.777
2665 -120.172
2666 -120.634
2667 -121.084
2668 -118.974
2669 -121.387
2670 -120.188
2671 -119.539
2672 -119.709
2673 -119.662
2674 -119.566
2675 -118.926
2676 -120.753
2677 -119.091
2678 -120.749
2679 -119.637
2680 -121.822
2681 -120.249
2682 -119.765
2683 -120.417
2684 -121.171
2685 -121.536
2686 -120.539
2687 -119.289
2688 -119.729
2689 -120.441
2690 -119.727
2691 -120.785
2692 -119.938
2693 -119.455
2694 -119.629
2695 -120.867
2696 -121.661
2697 -120.728
2698 -120.793
2699 -119.513
2700 -119.852
2701 -118.435
2702 -117.632
2703 -118.321
2704 -118.388
2705 -117.695
2706 -116.871
2707 -116.255
2708 -115.39
2709 -114.097
2710 -116.892
2711 -114.879
2712 -113.172
2713 -114.947
2714 -111.938
2715 -112.459
2716 -111.11
2717 -111.056
2718 -111.894
2719 -108.936
2720 -108.291
2721 -108.072
2722 -107.018
2723 -106.704
2724 -104.647
2725 -104.999
2726 -104.871
2727 -103.171
2728 -102.215
2729 -102.681
2730 -102.698
2731 -102.702
2732 -101.189
2733 -102.175
2734 -101.192
2735 -99.7107
2736 -99.0394
2737 -99.6522
2738 -100.506
2739 -100.291
2740 -98.8691
2741 -99.5806
2742 -98.8698
2743 -98.8965
2744 -100.248
2745 -100.649
2746 -99.5396
2747 -101.775
2748 -102.199
2749 -101.395
2750 -104.268
2751 -103.31
2752 -104.43
2753 -104.533
2754 -104.761
2755 -104.871
2756 -107.052
2757 -108.982
2758 -108.822
2759 -109.235
2760 -109.851
2761 -108.846
2762 -108.875
2763 -109.498
2764 -110.818
2765 -110.86
2766 -110.714
2767 -110.26
2768 -113.208
2769 -112.365
2770 -113.13
2771 -113.269
2772 -112.025
2773 -110.912
2774 -111.413
2775 -112.784
2776 -114.084
2777 -113.955
2778 -115.016
2779 -113.789
2780 -114.426
2781 -112.871
2782 -112.541
2783 -112.882
2784 -111.538
2785 -112.056
2786 -110.18
2787 -112.461
2788 -110.242
2789 -111.47
2790 -110.197
2791 -110.134
2792 -110.665
2793 -111.791
2794 -111.374
2795 -113.713
2796 -113.237
2797 -114.534
2798 -114.268
2799 -113.698
2800 -113.291
2801 -113.641
2802 -114.72
2803 -116.792
2804 -115.383
2805 -114.739
2806 -114.201
2807 -113.448
2808 -113.922
2809 -115.178
2810 -114.524
2811 -114.256
2812 -113.666
2813 -113.745
2814 -113.86
2815 -114.578
2816 -114.089
2817 -115.789
2818 -115.3
2819 -114.903
2820 -115.92
2821 -114.312
2822 -114.345
2823 -114.162
2824 -113.246
2825 -114.069
2826 -113.072
2827 -112.227
2828 -110.677
2829 -112.026
2830 -112.601
2831 -112.186
2832 -111.881
2833 -111.449
2834 -111.432
2835 -114.046
2836 -114.141
2837 -114.209
2838 -114.493
2839 -115.326
2840 -115.938
2841 -114.758
2842 -115.407
2843 -114.96
2844 -115.74
2845 -114.707
2846 -114.297
2847 -114.599
2848 -112.805
2849 -113.289
2850 -114.213
2851 -114.653
2852 -114.798
2853 -113.985
2854 -114.384
2855 -113.955
2856 -115.12
2857 -114.656
2858 -115.65
2859 -115.579
2860 -116.835
2861 -116.553
2862 -115.275
2863 -115.099
2864 -115.206
2865 -111.929
2866 -112.867
2867 -113.621
2868 -112.52
2869 -111.556
2870 -112.084
2871 -111.041
2872 -113.041
2873 -111.772
2874 -112.172
2875 -112.888
2876 -113.689
2877 -114.24
2878 -113.817
2879 -115.411
2880 -114.841
2881 -114.746
2882 -114.692
2883 -114.494
2884 -114.736
2885 -114.53
2886 -115.056
2887 -114.458
2888 -113.52
2889 -113.791
2890 -114.851
2891 -115.023
2892 -115.991
2893 -114.718
2894 -114.91
2895 -113.826
2896 -115.05
2897 -115.439
2898 -115.979
2899 -115.345
2900 -115.633
2901 -116.005
2902 -113.274
2903 -114.28
2904 -113.196
2905 -113.432
2906 -115.094
2907 -112.397
2908 -113.537
2909 -111.621
2910 -113.114
2911 -112.631
2912 -109.423
2913 -112.838
2914 -113.018
2915 -112.377
2916 -113.162
2917 -112.835
2918 -113.268
2919 -115.162
2920 -114.046
2921 -115.918
2922 -114.225
2923 -115.201
2924 -114.784
2925 -114.081
2926 -114.82
2927 -113.786
2928 -112.88
2929 -113.779
2930 -113.616
2931 -114.856
2932 -115.31
2933 -114.645
2934 -114.87
2935 -115.011
2936 -113.887
2937 -114.886
2938 -115.318
2939 -115.745
2940 -116.839
2941 -116.696
2942 -115.112
2943 -114.849
2944 -114.239
2945 -113.732
2946 -112.433
2947 -113.413
2948 -112.303
2949 -112.228
2950 -112.335
2951 -111.795
2952 -111.225
2953 -111.771
2954 -113.961
2955 -114.017
2956 -113.378
2957 -112.33
2958 -113.552
2959 -114.34
2960 -115.384
2961 -113.664
2962 -113.261
2963 -114.801
2964 -114.514
2965 -114.845
2966 -114.327
2967 -115.364
2968 -114.439
2969 -113.987
2970 -116.533
2971 -114.983
2972 -113.938
2973 -115.459
2974 -115.191
2975 -113.938
2976 -113.015
2977 -111.818
2978 -114.165
2979 -113.505
2980 -114.797
2981 -115.759
2982 -116.155
2983 -115.045
2984 -114.909
2985 -114.041
2986 -112.628
2987 -112.535
2988 -112.274
2989 -111.024
2990 -113.006
2991 -111.008
2992 -113.007
2993 -111.474
2994 -112.19
2995 -112.192
2996 -112.411
2997 -112.065
2998 -112.757
2999 -114.12
3000 -113.712
3001 -115.083
3002 -112.638
3003 -113.911
3004 -114.256
3005 -115.017
3006 -115.264
3007 -114.444
3008 -113.198
3009 -114.846
3010 -114.649
3011 -114.944
3012 -114.745
3013 -114.793
3014 -113.826
3015 -114.174
3016 -114.478
3017 -114.034
3018 -114.089
3019 -115.312
3020 -115.323
3021 -115.473
3022 -114.906
3023 -115.574
3024 -114.169
3025 -114.559
3026 -114.722
3027 -113.924
3028 -112.368
3029 -113.571
3030 -113.308
3031 -112.832
3032 -111.567
3033 -112.12
3034 -112.763
3035 -111.387
3036 -113.137
3037 -113.198
3038 -112.786
3039 -112.999
3040 -114.142
3041 -116.565
3042 -114.334
3043 -115.834
3044 -114.453
3045 -112.622
3046 -113.901
3047 -112.662
3048 -113.942
3049 -113.592
3050 -113.39
3051 -114.251
3052 -115.203
3053 -115.062
3054 -114.172
3055 -114.468
3056 -113.578
3057 -113.668
3058 -114.75
3059 -114.697
3060 -114.806
3061 -117.068
3062 -115.815
3063 -115.697
3064 -115.202
3065 -115.956
3066 -113.785
3067 -113.425
3068 -112.779
3069 -113.681
3070 -113.118
3071 -113.351
3072 -111.994
3073 -112.447
3074 -110.425
3075 -111.753
3076 -113.827
3077 -113.085
3078 -115.247
3079 -114.241
3080 -114.361
3081 -114.984
3082 -115.566
3083 -115.321
3084 -114.319
3085 -115.686
3086 -114.398
3087 -115.038
3088 -115.306
3089 -114.242
3090 -113.512
3091 -114.907
3092 -115.309
3093 -115.529
3094 -114.642
3095 -113.282
3096 -113.963
3097 -114.875
3098 -114.964
3099 -114.74
3100 -114.608
3101 -115.364
3102 -116.649
3103 -117.052
3104 -115.919
3105 -116.458
3106 -114.818
3107 -113.507
3108 -114.061
3109 -113.86
3110 -115.001
3111 -111.988
3112 -114.329
3113 -116.828
3114 -114.956
3115 -115.944
3116 -116.307
3117 -115.179
3118 -117.716
3119 -117.742
3120 -118.858
3121 -119.429
3122 -121.202
3123 -122.602
3124 -121.428
3125 -123.485
3126 -121.657
3127 -122.781
3128 -124.746
3129 -124.204
3130 -125.267
3131 -124.824
3132 -124.966
3133 -126.827
3134 -127.896
3135 -128.166
3136 -130.153
3137 -128.848
3138 -127.803
3139 -129.087
3140 -128.371
3141 -128.407
3142 -128.34
3143 -129.531
3144 -128.321
3145 -129.262
3146 -126.79
3147 -128.452
3148 -128.942
3149 -127.877
3150 -126.46
3151 -128.26
3152 -127.637
3153 -126.683
3154 -127.266
3155 -126.658
3156 -125.976
3157 -126.492
3158 -125.416
3159 -127.408
3160 -125.102
3161 -123.439
3162 -123.499
3163 -122.625
3164 -122.331
3165 -121.828
3166 -122.806
3167 -123.336
3168 -120.641
3169 -121.772
3170 -119.761
3171 -121.158
3172 -120.352
3173 -119.142
3174 -121.097
3175 -120.333
3176 -119.887
3177 -119.93
3178 -118.145
3179 -120.328
3180 -117.854
3181 -118.611
3182 -119.024
3183 -118.051
3184 -117.951
3185 -118.038
3186 -117.078
3187 -116.74
3188 -117.233
3189 -116.657
3190 -118.227
3191 -116.713
3192 -116.673
3193 -116.523
3194 -116.418
3195 -116.779
3196 -115.722
3197 -117.454
3198 -116.242
3199 -117.594
3200 -116.807
3201 -116.777
3202 -116.517
3203 -118.325
3204 -118.344
3205 -116.723
3206 -116.489
3207 -117.328
3208 -116.589
3209 -116.894
3210 -117.178
3211 -118.363
3212 -117.482
3213 -116.553
3214 -117.139
3215 -115.62
3216 -116.99
3217 -118.025
3218 -117.115
3219 -117.67
3220 -115.726
3221 -116.53
3222 -115.826
3223 -115.908
3224 -116.656
3225 -115.49
3226 -115.659
3227 -117.419
3228 -115.153
3229 -115.753
3230 -115.608
3231 -116.371
3232 -116.65
3233 -116.41
3234 -116.648
3235 -117.76
3236 -115.422
3237 -117.948
3238 -116.888
3239 -116.64
3240 -116.778
3241 -116.293
3242 -114.812
3243 -116.404
3244 -116
3245 -117.223
3246 -116.906
3247 -117.896
3248 -117.178
3249 -117.605
3250 -116.57
3251 -116.264
3252 -117.28
3253 -116.059
3254 -116.679
3255 -116.658
3256 -116.943
3257 -115.697
3258 -117.373
3259 -117.447
3260 -116.695
3261 -115.797
3262 -115.915
3263 -117.127
3264 -116.252
3265 -117.102
3266 -115.794
3267 -116.577
3268 -116.891
3269 -117.061
3270 -115.827
3271 -114.423
3272 -114.96
3273 -116.783
3274 -117.671
3275 -116.083
3276 -116.35
3277 -116.702
3278 -115.664
3279 -116.838
3280 -117.762
3281 -117.706
3282 -117.128
3283 -115.361
3284 -117.438
3285 -116.984
3286 -117.183
3287 -115.613
3288 -117.113
3289 -116.973
3290 -116.512
3291 -116.72
3292 -115.287
3293 -116.423
3294 -115.022
3295 -116.31
3296 -116.825
3297 -115.885
3298 -115.906
3299 -116.54
3300 -115.461
3301 -116.353
3302 -116.304
3303 -116.892
3304 -117.254
3305 -116.221
3306 -117.699
3307 -116.395
3308 -117.492
3309 -117.087
3310 -116.142
3311 -116.638
3312 -115.932
3313 -117.438
3314 -118.203
3315 -116.998
3316 -117.483
3317 -117.445
3318 -115.155
3319 -117.47
3320 -117.533
3321 -116.611
3322 -116.151
3323 -116.009
3324 -117.027
3325 -117.207
3326 -118.86
3327 -117.272
3328 -116.198
3329 -117.086
3330 -115.28
3331 -116.262
3332 -115.841
3333 -118.218
3334 -117.572
3335 -116.529
3336 -116.904
3337 -116.709
3338 -117.889
3339 -115.923
3340 -117.152
3341 -118.079
3342 -116.519
3343 -116.711
3344 -116.244
3345 -116.963
3346 -116.21
3347 -116.757
3348 -116.845
3349 -116.246
3350 -116.771
3351 -116.136
3352 -116.594
3353 -117.449
3354 -117.812
3355 -116.042
3356 -115.487
3357 -114.561
3358 -115.328
3359 -114.991
3360 -118.314
3361 -116.371
3362 -117.389
3363 -116.633
3364 -116.176
3365 -116.814
3366 -115.65
3367 -117.032
3368 -116.432
3369 -116.75
3370 -117.753
3371 -117.215
3372 -116.051
3373 -117.801
3374 -118.017
3375 -116.627
3376 -117.759
3377 -117.918
3378 -117.009
3379 -116.923
3380 -115.084
3381 -116.697
3382 -115.969
3383 -117.354
3384 -117.649
3385 -117.337
3386 -117.463
3387 -117.358
3388 -117.709
3389 -116.67
3390 -117.537
3391 -117.411
3392 -117.907
3393 -116.029
3394 -117.364
3395 -115.621
3396 -116.433
3397 -117.243
3398 -116.282
3399 -116.187
