0 -124.454
1 -122.149
2 -121.379
3 -121.641
4 -122.034
5 -122.726
6 -122.34
7 -121.561
8 -120.081
9 -121.964
10 -122.25
11 -121.504
12 -121.306
13 -122.04
14 -121.937
15 -122.832
16 -121.457
17 -123.647
18 -121.076
19 -121.626
20 -121.821
21 -123.642
22 -121.713
23 -122.509
24 -121.722
25 -120.62
26 -121.725
27 -121.616
28 -122.665
29 -121.041
30 -122.957
31 -122.894
32 -123.122
33 -124.266
34 -124.388
35 -124.743
36 -126.827
37 -126.582
38 -126.796
39 -126.401
40 -127.607
41 -127.269
42 -126.461
43 -129.237
44 -130.651
45 -129.729
46 -131.118
47 -131.138
48 -132.958
49 -134.712
50 -133.585
51 -133.752
52 -136.222
53 -136.439
54 -134.99
55 -135.926
56 -138.292
57 -137.804
58 -139.766
59 -140.138
60 -141.366
61 -139.53
62 -140.3
63 -140.461
64 -141.949
65 -140.986
66 -141.917
67 -142.235
68 -141.916
69 -141.622
70 -142.917
71 -142.565
72 -143.678
73 -142.006
74 -140.926
75 -142.123
76 -142.226
77 -141.14
78 -140.218
79 -139.801
80 -139.799
81 -139.913
82 -137.304
83 -138.665
84 -136.216
85 -137.92
86 -136.532
87 -135.734
88 -135.276
89 -134.992
90 -133.839
91 -133.631
92 -134.746
93 -132.071
94 -130.804
95 -131.761
96 -129.645
97 -129.879
98 -131.023
99 -130.019
100 -131.026
101 -130.881
102 -130.069
103 -129.348
104 -131.042
105 -128.844
106 -128.919
107 -129.388
108 -130.824
109 -130.593
110 -131.012
111 -131.949
112 -132.043
113 -130.045
114 -130.629
115 -130.939
116 -130.583
117 -132.406
118 -131.812
119 -132.077
120 -132.991
121 -131.63
122 -132.056
123 -131.636
124 -129.006
125 -129.841
126 -128.356
127 -128.846
128 -129.158
129 -129.928
130 -131.815
131 -130.957
132 -129.491
133 -131.984
134 -129.197
135 -128.478
136 -128.353
137 -128.172
138 -129.73
139 -130.131
140 -129.071
141 -127.448
142 -129.559
143 -128.433
144 -128.633
145 -127.412
146 -128.157
147 -129.725
148 -128.576
149 -127.248
150 -129.117
151 -131.793
152 -130.443
153 -129.56
154 -129.899
155 -129.772
156 -129.552
157 -130.071
158 -129.562
159 -128.036
160 -130.175
161 -130.121
162 -130.097
163 -130.863
164 -131.584
165 -129.448
166 -129.477
167 -129.654
168 -130.189
169 -129.364
170 -128.331
171 -130.218
172 -129.484
173 -129.615
174 -129.277
175 -127.822
176 -127.283
177 -127.801
178 -128.739
179 -127.889
180 -128.975
181 -127.975
182 -130.122
183 -128.113
184 -128.909
185 -127.981
186 -128.342
187 -128.411
188 -127.461
189 -128.216
190 -126.671
191 -129.836
192 -129.758
193 -129.326
194 -130.185
195 -129.13
196 -130.007
197 -129.697
198 -129.574
199 -130.243
200 -129.982
201 -129.082
202 -131.313
203 -128.614
204 -128.738
205 -129.282
206 -129.966
207 -129.659
208 -129.72
209 -129.763
210 -129.388
211 -130.092
212 -129.684
213 -129.114
214 -129.72
215 -129.004
216 -128.228
217 -127.026
218 -125.21
219 -126.89
220 -129.12
221 -127.874
222 -128.556
223 -129.161
224 -129.356
225 -126.569
226 -127.346
227 -127.771
228 -128.671
229 -128.338
230 -127.368
231 -128.609
232 -129.445
233 -128.881
234 -131.275
235 -129.917
236 -129.332
237 -130.437
238 -129.831
239 -129.425
240 -129.878
241 -131.034
242 -130.408
243 -131.455
244 -131.333
245 -129.837
246 -131.521
247 -129.597
248 -129.032
249 -130.514
250 -129.66
251 -129.807
252 -129.052
253 -130.422
254 -129.22
255 -129.41
256 -128.776
257 -128.457
258 -127.918
259 -128.693
260 -129.009
261 -128.65
262 -129.335
263 -127.61
264 -128.39
265 -129.212
266 -128.366
267 -125.687
268 -125.078
269 -126.68
270 -127.168
271 -130.722
272 -129.659
273 -129.564
274 -128.845
275 -129.693
276 -129.426
277 -129.314
278 -129.97
279 -130.195
280 -129.781
281 -129.522
282 -131.514
283 -131.006
284 -130.804
285 -130.168
286 -130.382
287 -129.9
288 -131.349
289 -128.779
290 -128.022
291 -129.191
292 -130.04
293 -130.026
294 -129.282
295 -128.98
296 -128.213
297 -127.695
298 -128.862
299 -128.306
300 -127.809
301 -128.182
302 -127.302
303 -128.391
304 -127
305 -127.3
306 -128.074
307 -126.618
308 -125.925
309 -129.534
310 -128.209
311 -128.147
312 -130.048
313 -129.202
314 -128.96
315 -129.17
316 -130.485
317 -130.181
318 -129.291
319 -127.675
320 -129.889
321 -131.028
322 -130.039
323 -131.561
324 -129.221
325 -130.259
326 -129.711
327 -130.436
328 -129.416
329 -129.039
330 -128.866
331 -129.335
332 -129.45
333 -127.842
334 -130.494
335 -129.837
336 -129.636
337 -128.642
338 -128.647
339 -128.196
340 -126.884
341 -128.145
342 -128.663
343 -128.519
344 -129.853
345 -129.473
346 -127.539
347 -128.723
348 -127.323
349 -128.357
350 -128.269
351 -128.831
352 -131.382
353 -130.93
354 -130.494
355 -129.237
356 -129.6
357 -130.411
358 -128.654
359 -129.453
360 -129.144
361 -129.738
362 -130.839
363 -130.66
364 -131.192
365 -131.914
366 -131.797
367 -128.318
368 -130.38
369 -129.68
370 -129.341
371 -129.435
372 -129.398
373 -129.066
374 -128.819
375 -131.359
376 -129.863
377 -127.523
378 -127.743
379 -127.695
380 -129.674
381 -128.383
382 -128.537
383 -128.036
384 -129.228
385 -128.611
386 -128.119
387 -127.287
388 -127.501
389 -125.562
390 -127.735
391 -128.658
392 -128.498
393 -126.966
394 -128.533
395 -129.161
396 -131.72
397 -130.206
398 -129.939
399 -131.395
400 -129.147
401 -130.275
402 -131.306
403 -129.85
404 -129.172
405 -130.251
406 -132.246
407 -130.65
408 -131.062
409 -128.568
410 -129.442
411 -129.885
412 -129.366
413 -130.62
414 -130.314
415 -130.144
416 -128.616
417 -130.178
418 -129.861
419 -129.519
420 -126.241
421 -126.623
422 -127.987
423 -128.869
424 -129.32
425 -126.706
426 -128.434
427 -128.183
428 -127.086
429 -126.914
430 -126.624
431 -126.955
432 -126.778
433 -129.924
434 -128.932
435 -127.757
436 -130.217
437 -127.363
438 -129.407
439 -128.257
440 -128.471
441 -128.836
442 -127.181
443 -127.656
444 -127.856
445 -126.493
446 -128.4
447 -125.752
448 -126.136
449 -123.651
450 -125.349
451 -125.21
452 -123.485
453 -121.483
454 -120.904
455 -122.474
456 -122.077
457 -121.55
458 -121.439
459 -118.03
460 -117.814
461 -117.664
462 -116.736
463 -116.111
464 -115.728
465 -114.313
466 -114.322
467 -114.435
468 -115.832
469 -113.623
470 -113.65
471 -113.928
472 -113.289
473 -113.664
474 -113.016
475 -112.604
476 -113.545
477 -114.347
478 -114.032
479 -114.148
480 -115.04
481 -114.653
482 -115.874
483 -117.321
484 -114.778
485 -115.632
486 -115.166
487 -117.066
488 -117.251
489 -116.932
490 -119.154
491 -117.988
492 -119.291
493 -118.556
494 -119.711
495 -120.542
496 -120.957
497 -121.922
498 -121.728
499 -121.278
500 -123.178
501 -122.852
502 -123.05
503 -122.391
504 -123.683
505 -123.166
506 -124
507 -123.011
508 -122.997
509 -122.898
510 -122.827
511 -123.697
512 -122.569
513 -124.128
514 -125.643
515 -124.914
516 -123.573
517 -123.735
518 -122.605
519 -123.702
520 -124.802
521 -124.649
522 -124.35
523 -123.719
524 -123.897
525 -125.188
526 -125.941
527 -124.674
528 -123.208
529 -125.589
530 -124.69
531 -124.84
532 -123.289
533 -124.668
534 -123.778
535 -124.288
536 -125.554
537 -126.391
538 -126.091
539 -125.027
540 -126.6
541 -124.597
542 -124.995
543 -125.495
544 -124.175
545 -125.006
546 -124.535
547 -126.752
548 -127.349
549 -124.584
550 -125.091
551 -125.601
552 -124.937
553 -123.463
554 -124.824
555 -125.987
556 -125.473
557 -126.697
558 -125.943
559 -123.729
560 -123.957
561 -124.875
562 -125.284
563 -124.697
564 -123.975
565 -123.602
566 -125.148
567 -123.88
568 -124.382
569 -120.794
570 -122.32
571 -121.302
572 -120.859
573 -120.731
574 -120.73
575 -118.396
576 -117.606
577 -117.709
578 -117.128
579 -117.092
580 -117.24
581 -115.299
582 -114.567
583 -114.292
584 -112.67
585 -113.444
586 -111.684
587 -110.447
588 -112.218
589 -111.171
590 -110.048
591 -109.729
592 -108.862
593 -106.925
594 -106.444
595 -106.715
596 -106.178
597 -105.076
598 -103.794
599 -104.135
600 -103.606
601 -103.284
602 -103.397
603 -103.993
604 -105.399
605 -104.292
606 -103.282
607 -104.803
608 -104.846
609 -105.614
610 -105.847
611 -105.495
612 -109.013
613 -107.886
614 -107.01
615 -108.466
616 -109.858
617 -109.173
618 -109.004
619 -110.87
620 -112.899
621 -113.367
622 -112.769
623 -112.814
624 -114.071
625 -115.165
626 -114.552
627 -114.954
628 -114.333
629 -116
630 -116.212
631 -117.359
632 -115.632
633 -115.113
634 -115.301
635 -115.15
636 -116.854
637 -116.999
638 -117.086
639 -116.674
640 -118.426
641 -116.759
642 -119.065
643 -117.232
644 -118.446
645 -117.71
646 -117.198
647 -116.018
648 -116.217
649 -115.747
650 -116.736
651 -114.961
652 -115.525
653 -116.116
654 -115.75
655 -116.593
656 -115.979
657 -117.269
658 -117.093
659 -116.942
660 -118.205
661 -117.134
662 -119.089
663 -120.238
664 -119.729
665 -117.669
666 -117.911
667 -118.315
668 -117.631
669 -118.54
670 -118.133
671 -117.945
672 -117.679
673 -119.16
674 -118.111
675 -118.259
676 -117.921
677 -120.045
678 -117.745
679 -117.964
680 -119.622
681 -118.35
682 -119.254
683 -119.722
684 -118.736
685 -119.774
686 -118.493
687 -119.107
688 -119.01
689 -117.607
690 -116.399
691 -116.832
692 -116.491
693 -117.383
694 -115.732
695 -115.069
696 -117.435
697 -116.559
698 -117.437
699 -117.131
700 -120.955
701 -118.844
702 -118.785
703 -119.37
704 -119.857
705 -120.541
706 -119.047
707 -118.217
708 -119.192
709 -119.204
710 -118.478
711 -119.025
712 -119.453
713 -119.627
714 -120.592
715 -119.53
716 -120.329
717 -118.84
718 -119.795
719 -117.139
720 -117.117
721 -119.57
722 -119.111
723 -119.713
724 -120.357
725 -117.455
726 -118.647
727 -119.07
728 -116.481
729 -118.444
730 -117.639
731 -117.555
732 -117.525
733 -117.517
734 -116.814
735 -115.83
736 -115.991
737 -115.015
738 -116.842
739 -117.076
740 -118.097
741 -118.198
742 -118.265
743 -120.69
744 -119.156
745 -119.978
746 -119.984
747 -119.027
748 -120.077
749 -118.505
750 -118.682
751 -118.536
752 -118.988
753 -119.527
754 -120.348
755 -119.832
756 -120.434
757 -119.357
758 -116.65
759 -118.058
760 -117.863
761 -119.26
762 -118.939
763 -119.869
764 -118.575
765 -120.086
766 -119.78
767 -119.409
768 -118.179
769 -118.432
770 -118.111
771 -115.592
772 -117.64
773 -116.016
774 -116.861
775 -117.065
776 -115.29
777 -116.124
778 -115.733
779 -117.995
780 -118.745
781 -118.556
782 -118.504
783 -119.189
784 -120.184
785 -121.341
786 -118.608
787 -119.501
788 -118.649
789 -118.47
790 -119.118
791 -119.582
792 -118.681
793 -118.912
794 -118.746
795 -119.648
796 -119.47
797 -118.552
798 -117.979
799 -119.576
800 -118.635
801 -118.561
802 -117.947
803 -119.742
804 -119.907
805 -120.352
806 -118.775
807 -119.8
808 -118.613
809 -118.417
810 -116.292
811 -117.778
812 -116.342
813 -117.755
814 -117.222
815 -115.731
816 -116.38
817 -117.161
818 -116.067
819 -117.23
820 -116.047
821 -117.983
822 -117.581
823 -119.094
824 -119.549
825 -117.509
826 -117.669
827 -120.193
828 -118.679
829 -119.646
830 -118.455
831 -117.677
832 -119.041
833 -117.863
834 -118.762
835 -119.711
836 -119.434
837 -118.381
838 -117.449
839 -117.566
840 -118.778
841 -119.085
842 -118.657
843 -120.504
844 -119.292
845 -119.257
846 -120.868
847 -119.758
848 -117.448
849 -118.114
850 -118.179
851 -117.665
852 -116.029
853 -116.144
854 -117.605
855 -117.232
856 -116.595
857 -115.25
858 -116.531
859 -117.216
860 -119.293
861 -117.574
862 -117.451
863 -118.915
864 -117.198
865 -118.243
866 -118.428
867 -118.527
868 -118.529
869 -118.004
870 -117.724
871 -118.849
872 -117.341
873 -118.398
874 -118.535
875 -118.706
876 -119.124
877 -118.863
878 -118.425
879 -117.854
880 -117.407
881 -118.304
882 -118.815
883 -118.024
884 -118.237
885 -119.153
886 -120.019
887 -119.997
888 -119.556
889 -117.226
890 -117.664
891 -116.391
892 -116.454
893 -117.176
894 -116.133
895 -115.771
896 -114.924
897 -116.306
898 -116.035
899 -116.456
900 -117.32
901 -116.341
902 -118.455
903 -119.569
904 -118.786
905 -118.318
906 -118.525
907 -118.995
908 -119.188
909 -119.228
910 -118.759
911 -117.468
912 -118.104
913 -117.738
914 -117.648
915 -117.762
916 -118.154
917 -117.813
918 -119.393
919 -118.601
920 -119.207
921 -118.972
922 -118.217
923 -119.721
924 -119.839
925 -119.34
926 -119.968
927 -119.957
928 -118.732
929 -117.112
930 -117.503
931 -116.659
932 -117.22
933 -116.776
934 -115.992
935 -116.594
936 -116.518
937 -114.79
938 -116.264
939 -117.109
940 -116.219
941 -116.566
942 -117.845
943 -117.067
944 -118.829
945 -118.581
946 -118.495
947 -120.089
948 -120.021
949 -119.644
950 -118.281
951 -117.356
952 -118.861
953 -118.602
954 -118.177
955 -120.292
956 -119.122
957 -116.707
958 -118.117
959 -118.926
960 -118.545
961 -120.353
962 -118.41
963 -118.21
964 -118.82
965 -119.701
966 -119.24
967 -120.639
968 -117.881
969 -119.29
970 -118.647
971 -117.449
972 -118.89
973 -117.328
974 -118.713
975 -117.777
976 -118.752
977 -118.729
978 -119.013
979 -120.122
980 -118.89
981 -121.077
982 -122.577
983 -122.178
984 -123.309
985 -124.332
986 -125.229
987 -126.495
988 -126.883
989 -127.275
990 -129.341
991 -128.283
992 -128.42
993 -126.765
994 -130.064
995 -130.206
996 -131.595
997 -130.529
998 -133.16
999 -132.245
1000 -132.862
1001 -133.711
1002 -133.092
1003 -132.613
1004 -133.578
1005 -132.458
1006 -133.551
1007 -133.626
1008 -132.755
1009 -132.362
1010 -131.708
1011 -133.171
1012 -133.344
1013 -130.144
1014 -130.103
1015 -131.374
1016 -132.974
1017 -131.779
1018 -130.343
1019 -129.647
1020 -129.226
1021 -130.644
1022 -128.796
1023 -128.942
1024 -128.541
1025 -126.995
1026 -127.713
1027 -126.492
1028 -126.395
1029 -125.414
1030 -125.762
1031 -125.226
1032 -126.404
1033 -125.226
1034 -123.027
1035 -124.125
1036 -124.361
1037 -123.488
1038 -123.596
1039 -123.678
1040 -122.035
1041 -122.17
1042 -123.234
1043 -123.473
1044 -122.512
1045 -122.517
1046 -122.564
1047 -122.831
1048 -121.506
1049 -122.335
1050 -120.992
1051 -121.576
1052 -122.218
1053 -121.165
1054 -121.5
1055 -122.031
1056 -120.638
1057 -122.893
1058 -121.96
1059 -121.828
1060 -122.293
1061 -121.747
1062 -120.353
1063 -120.387
1064 -122.058
1065 -122.524
1066 -120.351
1067 -120.791
1068 -121.565
1069 -123.098
1070 -120.757
1071 -121.439
1072 -121.326
1073 -119.272
1074 -120.314
1075 -120.879
1076 -122.468
1077 -121.55
1078 -120.934
1079 -120.204
1080 -121.396
1081 -120.796
1082 -121.375
1083 -122.708
1084 -122.215
1085 -121.621
1086 -121.554
1087 -120.001
1088 -119.826
1089 -120.558
1090 -121.209
1091 -121.44
1092 -118.985
1093 -120.264
1094 -120.265
1095 -120.008
1096 -121.051
1097 -121.945
1098 -121.741
1099 -121.606
1100 -123.144
1101 -121.295
1102 -123.588
1103 -123.553
1104 -124.442
1105 -124.89
1106 -126.092
1107 -125.851
1108 -127.594
1109 -127.025
1110 -126.261
1111 -127.097
1112 -127.826
1113 -128.209
1114 -129.694
1115 -130.505
1116 -130.88
1117 -130.919
1118 -132.601
1119 -134.787
1120 -133.909
1121 -134.496
1122 -135.614
1123 -135.716
1124 -136.174
1125 -136.745
1126 -138.55
1127 -139.216
1128 -139.358
1129 -139.299
1130 -141.16
1131 -139.654
1132 -140.993
1133 -139.494
1134 -141.445
1135 -138.859
1136 -141.274
1137 -140.556
1138 -141.158
1139 -139.608
1140 -141.081
1141 -140.975
1142 -139.855
1143 -139.603
1144 -139.245
1145 -139.135
1146 -137.673
1147 -137.856
1148 -136.127
1149 -139.104
1150 -136.614
1151 -136.128
1152 -134.499
1153 -134.988
1154 -134.225
1155 -135.543
1156 -133.704
1157 -134.33
1158 -133.195
1159 -132.367
1160 -131.237
1161 -131.716
1162 -130.417
1163 -129.401
1164 -132.25
1165 -130.782
1166 -131.181
1167 -129.845
1168 -130.315
1169 -128.748
1170 -129.366
1171 -129.767
1172 -129.127
1173 -126.917
1174 -127.063
1175 -127.65
1176 -129.422
1177 -129.842
1178 -128.732
1179 -131.024
1180 -130.602
1181 -129.861
1182 -130.671
1183 -130.945
1184 -129.828
1185 -129.914
1186 -128.928
1187 -129.531
1188 -130.297
1189 -127.105
1190 -129.613
1191 -130.364
1192 -129.937
1193 -131.622
1194 -129.139
1195 -128.498
1196 -128.404
1197 -130.425
1198 -128.619
1199 -128.664
1200 -128.672
1201 -129.14
1202 -126.951
1203 -127.918
1204 -127.563
1205 -127.512
1206 -127.763
1207 -127.1
1208 -126.607
1209 -127.375
1210 -128.118
1211 -127.68
1212 -128.311
1213 -127.229
1214 -126.832
1215 -125.891
1216 -127.318
1217 -126.269
1218 -128.472
1219 -128.378
1220 -128.392
1221 -128.902
1222 -129.648
1223 -128.566
1224 -128.921
1225 -128.444
1226 -128.461
1227 -129.291
1228 -128.951
1229 -128.904
1230 -130.456
1231 -128.165
1232 -128.898
1233 -128.727
1234 -127.442
1235 -127.842
1236 -128.592
1237 -128.172
1238 -128.134
1239 -128.169
1240 -127.466
1241 -128.47
1242 -127.647
1243 -128.857
1244 -127.425
1245 -127.895
1246 -127.843
1247 -128.025
1248 -128.586
1249 -125.019
1250 -127.415
1251 -127.697
1252 -128.999
1253 -125.402
1254 -126.216
1255 -127.177
1256 -125.745
1257 -126.306
1258 -128.013
1259 -128.349
1260 -128.959
1261 -127.844
1262 -128.056
1263 -130.914
1264 -128.114
1265 -129.643
1266 -128.265
1267 -129.724
1268 -129.038
1269 -129.571
1270 -129.86
1271 -130.586
1272 -128.71
1273 -128.507
1274 -127.516
1275 -128.456
1276 -127.478
1277 -128.131
1278 -128.391
1279 -127.911
1280 -127.945
1281 -127.49
1282 -128.005
1283 -128.645
1284 -128.249
1285 -126.857
1286 -126.552
1287 -126.362
1288 -127.55
1289 -127.629
1290 -127.028
1291 -126.848
1292 -127.374
1293 -126.9
1294 -126.036
1295 -125.901
1296 -124.536
1297 -125.512
1298 -126.827
1299 -128.141
1300 -128.686
1301 -128.009
1302 -129.84
1303 -129.714
1304 -129.115
1305 -127.591
1306 -128.617
1307 -128.826
1308 -129.003
1309 -130.364
1310 -130.132
1311 -130.55
1312 -130.868
1313 -128.157
1314 -129.014
1315 -130.013
1316 -127.977
1317 -127.801
1318 -128.35
1319 -127.98
1320 -128.996
1321 -129.044
1322 -127.935
1323 -127.488
1324 -128.184
1325 -126.977
1326 -128.429
1327 -127.582
1328 -126.833
1329 -127.278
1330 -127.616
1331 -126.635
1332 -126.532
1333 -127.032
1334 -126.771
1335 -127.069
1336 -127.177
1337 -126.64
1338 -125.98
1339 -127.164
1340 -129.465
1341 -128.844
1342 -129.905
1343 -128.672
1344 -128.044
1345 -128.394
1346 -130.474
1347 -129.575
1348 -130.658
1349 -130.227
1350 -128.975
1351 -129.28
1352 -129.718
1353 -128.54
1354 -128.29
1355 -128.195
1356 -128.411
1357 -129.011
1358 -127.357
1359 -129.903
1360 -128.447
1361 -128.664
1362 -128.577
1363 -129.874
1364 -129.917
1365 -127.59
1366 -126.486
1367 -127.378
1368 -126.856
1369 -128.427
1370 -127.502
1371 -127.922
1372 -128.087
1373 -126.953
1374 -126.56
1375 -127.744
1376 -125.384
1377 -127.727
1378 -126.973
1379 -127.729
1380 -128.246
1381 -128.031
1382 -129.291
1383 -130.094
1384 -128.914
1385 -129.92
1386 -129.082
1387 -127.779
1388 -129.007
1389 -129.927
1390 -131.366
1391 -129.522
1392 -129.395
1393 -130.138
1394 -128.083
1395 -129.487
1396 -128.698
1397 -129.724
1398 -127.597
1399 -129.826
1400 -127.787
1401 -129.623
1402 -128.133
1403 -128.697
1404 -128.867
1405 -128.569
1406 -127.489
1407 -126.271
1408 -128.219
1409 -127.474
1410 -127.584
1411 -128.504
1412 -127.654
1413 -126.248
1414 -127.232
1415 -125.882
1416 -125.328
1417 -125.98
1418 -126.347
1419 -126.657
1420 -127.344
1421 -127.357
1422 -129.255
1423 -129.998
1424 -128.431
1425 -128.884
1426 -129.165
1427 -130.565
1428 -128.786
1429 -129.948
1430 -130.321
1431 -128.704
1432 -129.968
1433 -130.232
1434 -128.242
1435 -129.247
1436 -129.212
1437 -127.629
1438 -129.506
1439 -128.335
1440 -127.286
1441 -128.014
1442 -128.447
1443 -128.267
1444 -129.207
1445 -128.514
1446 -127.802
1447 -128.209
1448 -126.687
1449 -126.422
1450 -127.373
1451 -126.124
1452 -129.198
1453 -127.654
1454 -126.475
1455 -127
1456 -126.471
1457 -127.128
1458 -128.679
1459 -127.094
1460 -126.477
1461 -127.157
1462 -128.987
1463 -128.424
1464 -129.26
1465 -128.983
1466 -128.925
1467 -128.191
1468 -127.546
1469 -128.798
1470 -129.973
1471 -128.769
1472 -129.579
1473 -130.233
1474 -130.982
1475 -128.878
1476 -130.522
1477 -130.42
1478 -128.294
1479 -127.701
1480 -128.862
1481 -127.364
1482 -127.413
1483 -128.99
1484 -129.115
1485 -127.389
1486 -129.222
1487 -128.381
1488 -127.061
1489 -127.877
1490 -126.509
1491 -125.942
1492 -126.442
1493 -126.628
1494 -126.83
1495 -126.358
1496 -125.072
1497 -125.338
1498 -125.891
1499 -125.532
1500 -125.686
1501 -126.799
1502 -126.281
1503 -128.019
1504 -129.793
1505 -127.316
1506 -126.457
1507 -127.625
1508 -126.266
1509 -126.377
1510 -127.049
1511 -126.71
1512 -126.872
1513 -124.934
1514 -126.056
1515 -126.398
1516 -124.101
1517 -124.317
1518 -124.012
1519 -123.619
1520 -121.972
1521 -120.792
1522 -123.003
1523 -120.837
1524 -119.312
1525 -120.619
1526 -118.623
1527 -118.403
1528 -117.387
1529 -115.17
1530 -115.715
1531 -113.978
1532 -113.883
1533 -114.272
1534 -113.37
1535 -115.066
1536 -112.333
1537 -112.163
1538 -111.253
1539 -110.244
1540 -111.145
1541 -112.271
1542 -112.274
1543 -113.629
1544 -112.019
1545 -111.903
1546 -111.996
1547 -114.106
1548 -113.613
1549 -113.383
1550 -113.599
1551 -115.641
1552 -115.088
1553 -116.539
1554 -115.273
1555 -114.966
1556 -117.36
1557 -116.51
1558 -116.228
1559 -116.194
1560 -117.738
1561 -117.785
1562 -118.205
1563 -119.2
1564 -120.098
1565 -120.33
1566 -119.301
1567 -120.682
1568 -119.86
1569 -119.77
1570 -121.439
1571 -121.486
1572 -121.035
1573 -121.895
1574 -123.918
1575 -122.372
1576 -121.931
1577 -123.438
1578 -125.22
1579 -122.647
1580 -123.968
1581 -123.046
1582 -124.204
1583 -124.076
1584 -124.429
1585 -123.983
1586 -124.563
1587 -125.702
1588 -123.2
1589 -124.427
1590 -124.704
1591 -122.866
1592 -124.482
1593 -124.761
1594 -125.027
1595 -125.046
1596 -125.203
1597 -126.611
1598 -124.494
1599 -125.754
1600 -124.696
1601 -125.2
1602 -124.397
1603 -124.39
1604 -123.528
1605 -124.248
1606 -125.03
1607 -125.548
1608 -126.073
1609 -122.116
1610 -122.944
1611 -123.961
1612 -125.531
1613 -124.578
1614 -124.989
1615 -125.15
1616 -124.947
1617 -126.151
1618 -125.401
1619 -125.886
1620 -126.599
1621 -124.905
1622 -124.233
1623 -123.888
1624 -124.605
1625 -125.328
1626 -126.002
1627 -125.336
1628 -125.401
1629 -124.924
1630 -125.785
1631 -125.086
1632 -122.898
1633 -122.564
1634 -122.324
1635 -121.834
1636 -122.734
1637 -121.798
1638 -121.748
1639 -120.715
1640 -120.1
1641 -119.977
1642 -118.63
1643 -119.727
1644 -117.848
1645 -116.749
1646 -118.112
1647 -113.859
1648 -114.827
1649 -114.782
1650 -113.279
1651 -113.829
1652 -113.67
1653 -112.072
1654 -111.925
1655 -111.61
1656 -108.727
1657 -109.843
1658 -109.388
1659 -108.68
1660 -107.618
1661 -107.038
1662 -105.785
1663 -105.669
1664 -105.738
1665 -106.028
1666 -103.815
1667 -103.397
1668 -102.408
1669 -101.216
1670 -103.786
1671 -102.829
1672 -103.757
1673 -103.08
1674 -104.254
1675 -103.927
1676 -103.667
1677 -103.543
1678 -105.586
1679 -104.47
1680 -107.529
1681 -107.19
1682 -108.923
1683 -106.984
1684 -108.301
1685 -108.615
1686 -110.847
1687 -110.613
1688 -112.289
1689 -110.529
1690 -113.831
1691 -112.178
1692 -114.02
1693 -114.716
1694 -114.256
1695 -115.828
1696 -114.08
1697 -114.129
1698 -115.715
1699 -114.585
1700 -115.592
1701 -114.607
1702 -116.895
1703 -116.983
1704 -116.298
1705 -115.246
1706 -117.001
1707 -116.293
1708 -117.014
1709 -117.83
1710 -118.086
1711 -118.001
1712 -118.193
1713 -117.852
1714 -116.099
1715 -116.07
1716 -116.546
1717 -115.565
1718 -113.446
1719 -115.391
1720 -114.646
1721 -113.317
1722 -114.935
1723 -114.741
1724 -113.769
1725 -113.818
1726 -116.3
1727 -118.073
1728 -115.792
1729 -118.406
1730 -118.138
1731 -117.171
1732 -118.533
1733 -118.877
1734 -117.353
1735 -119.085
1736 -118.589
1737 -119.51
1738 -119.192
1739 -116.781
1740 -116.497
1741 -118.092
1742 -118.608
1743 -119.407
1744 -117.435
1745 -117.832
1746 -116.995
1747 -119.241
1748 -120.356
1749 -119.614
1750 -120.193
1751 -120.597
1752 -119.89
1753 -118.138
1754 -117.746
1755 -117.777
1756 -117.448
1757 -116.823
1758 -116.717
1759 -117.071
1760 -116.674
1761 -116.446
1762 -115.273
1763 -115.37
1764 -115.004
1765 -115.702
1766 -115.477
1767 -115.84
1768 -117.443
1769 -119.196
1770 -117.711
1771 -118.128
1772 -118.091
1773 -120.016
1774 -120.252
1775 -119.147
1776 -119.003
1777 -116.471
1778 -119.335
1779 -117.462
1780 -118.543
1781 -117.848
1782 -118.54
1783 -119.242
1784 -118.598
1785 -117.527
1786 -117.672
1787 -119.196
1788 -118.803
1789 -118.159
1790 -119.348
1791 -118.553
1792 -119.771
1793 -119.585
1794 -119.317
1795 -118.611
1796 -117.886
1797 -117.293
1798 -115.573
1799 -115.761
1800 -115.687
1801 -116.187
1802 -114.879
1803 -115.435
1804 -114.686
1805 -116.61
1806 -114.515
1807 -116.721
1808 -116.386
1809 -117.482
1810 -118.062
1811 -118.71
1812 -119.155
1813 -120.009
1814 -119.361
1815 -118.871
1816 -118.139
1817 -118.25
1818 -118.194
1819 -118.135
1820 -116.267
1821 -119.694
1822 -117.158
1823 -120.271
1824 -118.918
1825 -119.9
1826 -118.316
1827 -120.424
1828 -117.89
1829 -118.905
1830 -118.96
1831 -118.009
1832 -119.266
1833 -119.39
1834 -118.973
1835 -116.312
1836 -117.903
1837 -118.727
1838 -117.987
1839 -116.52
1840 -117.579
1841 -116.063
1842 -116.567
1843 -116.416
1844 -114.629
1845 -116.062
1846 -116.559
1847 -116.307
1848 -116.932
1849 -117.922
1850 -118.035
1851 -118.303
1852 -117.115
1853 -118.639
1854 -118.077
1855 -119.165
1856 -117.264
1857 -117.724
1858 -119.142
1859 -119.718
1860 -118.189
1861 -117.269
1862 -116.365
1863 -119.335
1864 -119.573
1865 -119.047
1866 -118.285
1867 -117.381
1868 -117.473
1869 -118.641
1870 -118.322
1871 -120.184
1872 -120.736
1873 -118.383
1874 -119.65
1875 -120.131
1876 -119.583
1877 -118.991
1878 -116.847
1879 -117.234
1880 -116.943
1881 -116.506
1882 -115.861
1883 -115.424
1884 -114.71
1885 -116.141
1886 -116.109
1887 -116.07
1888 -116.914
1889 -118.976
1890 -119.611
1891 -118.243
1892 -118.23
1893 -118.664
1894 -118.311
1895 -118.681
1896 -118.123
1897 -118.51
1898 -118.984
1899 -117.696
1900 -118.727
1901 -117.521
1902 -119.59
1903 -119.033
1904 -118.017
1905 -118.294
1906 -117.57
1907 -117.856
1908 -119.585
1909 -118.163
1910 -117.459
1911 -118.492
1912 -118.337
1913 -118.246
1914 -118.438
1915 -119.69
1916 -116.862
1917 -117.058
1918 -118.439
1919 -116.344
1920 -115.467
1921 -116.804
1922 -114.934
1923 -115.51
1924 -115.678
1925 -115.952
1926 -116.39
1927 -116.134
1928 -118.139
1929 -118.204
1930 -117.698
1931 -117.523
1932 -119.578
1933 -118.035
1934 -118.822
1935 -118.426
1936 -116.88
1937 -118.064
1938 -118.748
1939 -118.281
1940 -118.53
1941 -119.46
1942 -118.794
1943 -117.414
1944 -118.793
1945 -118.917
1946 -117.496
1947 -117.07
1948 -117.318
1949 -118.389
1950 -118.82
1951 -119.779
1952 -118.786
1953 -119.524
1954 -119.154
1955 -119.776
1956 -119.134
1957 -118.05
1958 -117.639
1959 -117.626
1960 -115.898
1961 -116.699
1962 -115.861
1963 -116.47
1964 -117.908
1965 -114.589
1966 -114.789
1967 -116.065
1968 -117.223
1969 -116.821
1970 -118.637
1971 -118.094
1972 -118.284
1973 -117.021
1974 -118.761
1975 -119.025
1976 -118.215
1977 -118.763
1978 -119.443
1979 -118.025
1980 -118.995
1981 -117.859
1982 -119.311
1983 -118.553
1984 -117.914
1985 -117.642
1986 -119.359
1987 -116.722
1988 -118.081
1989 -119.979
1990 -117.65
1991 -117.651
1992 -118.718
1993 -118.78
1994 -120.499
1995 -119.087
1996 -118.822
1997 -118.159
1998 -117.573
1999 -117.947
2000 -117.526
2001 -116.646
2002 -116.194
2003 -115.591
2004 -116.668
2005 -117.201
2006 -116.424
2007 -116.677
2008 -116.149
2009 -116.705
2010 -117.303
2011 -117.49
2012 -118.329
2013 -118.248
2014 -119.31
2015 -118.817
2016 -118.002
2017 -118.086
2018 -118.663
2019 -117.547
2020 -117.819
2021 -118.1
2022 -119.161
2023 -119.616
2024 -118.081
2025 -118.355
2026 -119.856
2027 -118.082
2028 -117.621
2029 -117.71
2030 -119.556
2031 -118.798
2032 -118.478
2033 -119.539
2034 -119.256
2035 -119.807
2036 -118.748
2037 -118.702
2038 -118.1
2039 -119.401
2040 -119.26
2041 -116.942
2042 -118.407
2043 -120.302
2044 -117.716
2045 -117.709
2046 -118.987
2047 -119.19
2048 -118.825
2049 -121.345
2050 -121.475
2051 -122.731
2052 -122.834
2053 -123.147
2054 -123.831
2055 -126.688
2056 -126.574
2057 -127.641
2058 -127.286
2059 -127.767
2060 -128.696
2061 -128.663
2062 -128.979
2063 -130.096
2064 -130.799
2065 -128.403
2066 -131.894
2067 -132.513
2068 -131.941
2069 -131.709
2070 -132.526
2071 -133.886
2072 -134.489
2073 -132.491
2074 -132.097
2075 -133.437
2076 -132.276
2077 -133.035
2078 -132.403
2079 -132.686
2080 -132.358
2081 -131.658
2082 -131.535
2083 -130.751
2084 -131.068
2085 -130.197
2086 -130.942
2087 -130.269
2088 -130.292
2089 -129.164
2090 -129.543
2091 -127.54
2092 -127.282
2093 -127.498
2094 -126.755
2095 -127.185
2096 -126.156
2097 -126.204
2098 -127.666
2099 -125.532
2100 -124.347
2101 -124.332
2102 -123.933
2103 -125.275
2104 -124.557
2105 -124.862
2106 -124.997
2107 -122.849
2108 -123.317
2109 -121.666
2110 -121.728
2111 -120.795
2112 -123.482
2113 -122.858
2114 -121.972
2115 -122.305
2116 -123.015
2117 -120.41
2118 -121.843
2119 -121.657
2120 -121.529
2121 -121.119
2122 -122.173
2123 -123.354
2124 -119.937
2125 -122.014
2126 -121.124
2127 -121.375
2128 -121.998
2129 -121.178
2130 -121.69
2131 -120.566
2132 -120.246
2133 -121.955
2134 -120.86
2135 -122.873
2136 -120.544
2137 -121.958
2138 -121.618
2139 -120.934
2140 -120.59
2141 -121.261
2142 -121.416
2143 -121.228
2144 -120.111
2145 -120.862
2146 -120.225
2147 -120.043
2148 -121.646
2149 -120.024
2150 -120.627
2151 -119.623
2152 -118.313
2153 -121.284
2154 -118.867
2155 -119.143
2156 -118.898
2157 -120.778
2158 -119.949
2159 -120.165
2160 -119.981
2161 -121.848
2162 -120.016
2163 -120.823
2164 -120.654
2165 -120.285
2166 -121.577
2167 -121.988
2168 -122.697
2169 -122.639
2170 -122.693
2171 -123.6
2172 -123.322
2173 -124.18
2174 -125.118
2175 -124.882
2176 -126.469
2177 -125.155
2178 -128.396
2179 -126.154
2180 -128.192
2181 -128.086
2182 -130.668
2183 -130.58
2184 -131.222
2185 -130.821
2186 -131.292
2187 -132.872
2188 -132.819
2189 -131.255
2190 -133.489
2191 -135.145
2192 -135.438
2193 -135.169
2194 -136.582
2195 -137.82
2196 -138.268
2197 -139.542
2198 -139.488
2199 -139.451
2200 -139.362
2201 -140.42
2202 -140.675
2203 -140.857
2204 -140.839
2205 -142.05
2206 -139.931
2207 -140.471
2208 -139.919
2209 -140.182
2210 -139.232
2211 -138.207
2212 -138.794
2213 -137.866
2214 -137.14
2215 -138.027
2216 -139.251
2217 -138.032
2218 -138.277
2219 -136.664
2220 -134.117
2221 -136.189
2222 -132.79
2223 -134.949
2224 -135.57
2225 -132.864
2226 -133.145
2227 -131.007
2228 -130.448
2229 -130.83
2230 -130.01
2231 -128.96
2232 -129.733
2233 -129.002
2234 -129.666
2235 -129.039
2236 -129.417
2237 -129.84
2238 -129.025
2239 -127.926
2240 -127.692
2241 -128.383
2242 -127.882
2243 -129.245
2244 -127.844
2245 -127.719
2246 -128.473
2247 -130.637
2248 -129.007
2249 -127.973
2250 -127.726
2251 -129.859
2252 -130.17
2253 -128.377
2254 -129.035
2255 -129.384
2256 -129.52
2257 -128.229
2258 -129.314
2259 -129.528
2260 -129.55
2261 -129.372
2262 -128.261
2263 -127.585
2264 -127.424
2265 -126.92
2266 -128.715
2267 -128.932
2268 -127.619
2269 -128.279
2270 -127.932
2271 -127.621
2272 -126.527
2273 -126.165
2274 -126.896
2275 -126.067
2276 -126.146
2277 -126.971
2278 -126.425
2279 -127.526
2280 -126.255
2281 -124.565
2282 -126.785
2283 -124.943
2284 -126.915
2285 -127.136
2286 -126.86
2287 -127.062
2288 -127.975
2289 -130.299
2290 -128.413
2291 -129.331
2292 -128.824
2293 -129.491
2294 -129.457
2295 -128.887
2296 -129.631
2297 -130.975
2298 -128.777
2299 -127.277
2300 -127.714
2301 -128.703
2302 -128.013
2303 -126.804
2304 -127.869
2305 -127.494
2306 -128.515
2307 -128.574
2308 -128.625
2309 -128.229
2310 -127.546
2311 -126.51
2312 -127.835
2313 -127.287
2314 -126.634
2315 -125.914
2316 -127.633
2317 -127.381
2318 -124.862
2319 -127.161
2320 -126.552
2321 -126.749
2322 -124.681
2323 -125.395
2324 -124.541
2325 -126.496
2326 -126.33
2327 -126.095
2328 -127.825
2329 -128.531
2330 -128.796
2331 -128.114
2332 -128.088
2333 -128.245
2334 -128.258
2335 -127.955
2336 -129.356
2337 -129.215
2338 -128.504
2339 -128.762
2340 -128.563
2341 -127.457
2342 -127.775
2343 -129.145
2344 -127.196
2345 -127.723
2346 -127.599
2347 -126.637
2348 -129.098
2349 -128.28
2350 -127.793
2351 -126.617
2352 -127.662
2353 -128.279
2354 -126.265
2355 -127.116
2356 -127.335
2357 -125.91
2358 -126.897
2359 -126.508
2360 -125.936
2361 -127.645
2362 -126.488
2363 -126.292
2364 -126.399
2365 -125.787
2366 -127.819
2367 -127.99
2368 -126.925
2369 -126.697
2370 -128.572
2371 -129.096
2372 -128.338
2373 -127.773
2374 -127.564
2375 -128.46
2376 -128.318
2377 -127.782
2378 -129.992
2379 -128.722
2380 -129.618
2381 -128.063
2382 -129.165
2383 -128.183
2384 -127.92
2385 -128.695
2386 -128.029
2387 -128.63
2388 -128.265
2389 -129.822
2390 -129.198
2391 -127.607
2392 -127.502
2393 -126.866
2394 -126.434
2395 -126.183
2396 -126.035
2397 -126.969
2398 -127.691
2399 -126.178
2400 -127.555
2401 -128.51
2402 -127.143
2403 -124.68
2404 -124.589
2405 -125.391
2406 -127.059
2407 -125.281
2408 -127.219
2409 -126.925
2410 -128.718
2411 -130.019
2412 -128.512
2413 -127.855
2414 -127.954
2415 -129.415
2416 -127.256
2417 -128.156
2418 -130.13
2419 -130.47
2420 -130.084
2421 -129.234
2422 -128.113
2423 -129.182
2424 -127.581
2425 -127.412
2426 -128.153
2427 -127.425
2428 -127.547
2429 -128.011
2430 -128.322
2431 -127.228
2432 -127.348
2433 -127.338
2434 -125.643
2435 -126.709
2436 -125.388
2437 -126.23
2438 -126.144
2439 -126.068
2440 -126.267
2441 -126.727
2442 -125.815
2443 -125.81
2444 -124.131
2445 -126.593
2446 -125.937
2447 -126.139
2448 -127.322
2449 -128.164
2450 -130.398
2451 -127.873
2452 -129.125
2453 -129.312
2454 -130.188
2455 -128.031
2456 -128.564
2457 -129.101
2458 -129.279
2459 -128.549
2460 -128.927
2461 -129.753
2462 -128.009
2463 -127.579
2464 -126.839
2465 -127.467
2466 -126.936
2467 -128.204
2468 -127.844
2469 -129.963
2470 -128.828
2471 -130.472
2472 -127.444
2473 -127.943
2474 -126.818
2475 -126.534
2476 -125.938
2477 -125.023
2478 -125.462
2479 -126.859
2480 -126.907
2481 -126.439
2482 -126.827
2483 -126.325
2484 -126.144
2485 -126.467
2486 -126.399
2487 -126.661
2488 -126.975
2489 -126.809
2490 -128.106
2491 -128.316
2492 -128.548
2493 -127.203
2494 -128.312
2495 -127.338
2496 -127.821
2497 -127.917
2498 -129.335
2499 -129.427
2500 -128.75
2501 -128.047
2502 -128.709
2503 -127.227
2504 -128.897
2505 -127.766
2506 -127.952
2507 -129.672
2508 -128.693
2509 -128.013
2510 -127.586
2511 -127.763
2512 -128.292
2513 -127.976
2514 -126.426
2515 -125.488
2516 -126.384
2517 -126.542
2518 -126.527
2519 -126.357
2520 -126.725
2521 -126.45
2522 -126.239
2523 -127.664
2524 -125.527
2525 -126.86
2526 -126.166
2527 -128.63
2528 -127.104
2529 -129.257
2530 -126.763
2531 -126.614
2532 -129.177
2533 -129.829
2534 -129.223
2535 -127.985
2536 -127.249
2537 -128.146
2538 -128.806
2539 -128.546
2540 -129.878
2541 -130.06
2542 -130.938
2543 -129.36
2544 -128.491
2545 -128.26
2546 -129.655
2547 -127.187
2548 -126.188
2549 -128.228
2550 -128.942
2551 -128.285
2552 -127.706
2553 -127.128
2554 -127.901
2555 -126.334
2556 -125.946
2557 -127.449
2558 -125.105
2559 -126.447
2560 -126.781
2561 -127.22
2562 -127.658
2563 -127.669
2564 -125.831
2565 -126.29
2566 -125.054
2567 -124.266
2568 -125.253
2569 -125.752
2570 -125.487
2571 -128.4
2572 -128.905
2573 -128.536
2574 -126.826
2575 -127.772
2576 -127.138
2577 -127.335
2578 -126.393
2579 -128.702
2580 -126.562
2581 -125.899
2582 -126.007
2583 -124.726
2584 -123.931
2585 -122.477
2586 -122.275
2587 -122.759
2588 -121.238
2589 -120.99
2590 -120.441
2591 -120.052
2592 -119.848
2593 -119.437
2594 -118.247
2595 -117.366
2596 -117.916
2597 -114.287
2598 -115.028
2599 -114.051
2600 -113.662
2601 -113.807
2602 -114.963
2603 -113.55
2604 -113.063
2605 -112.013
2606 -112.093
2607 -111.612
2608 -110.279
2609 -109.772
2610 -113.704
2611 -111.322
2612 -112.827
2613 -110.786
2614 -113.342
2615 -112.433
2616 -112.155
2617 -111.803
2618 -112.586
2619 -113.664
2620 -114.243
2621 -116.648
2622 -114.032
2623 -114.011
2624 -115.714
2625 -116.986
2626 -116.558
2627 -117.903
2628 -116.157
2629 -117.239
2630 -117.986
2631 -118.84
2632 -118.717
2633 -122.436
2634 -119.248
2635 -120.375
2636 -120.621
2637 -122.613
2638 -123.403
2639 -121.013
2640 -121.222
2641 -122.764
2642 -120.837
2643 -122.515
2644 -121.712
2645 -121.761
2646 -122.91
2647 -124.081
2648 -121.38
2649 -123.558
2650 -122.325
2651 -124.058
2652 -123.25
2653 -123.039
2654 -122.137
2655 -122.422
2656 -123.087
2657 -122.096
2658 -121.633
2659 -122.335
2660 -123.596
2661 -124.011
2662 -122.928
2663 -123.241
2664 -123.872
2665 -124.281
2666 -123.905
2667 -123.81
2668 -122.382
2669 -124.725
2670 -124.054
2671 -122.104
2672 -123.737
2673 -122.65
2674 -122.763
2675 -123.769
2676 -124.085
2677 -125.394
2678 -124.427
2679 -123.466
2680 -124.456
2681 -124.557
2682 -124.75
2683 -124.156
2684 -124.097
2685 -124.544
2686 -125.181
2687 -124.21
2688 -123.775
2689 -125.667
2690 -124.218
2691 -124.012
2692 -124.208
2693 -123.705
2694 -124.44
2695 -125.367
2696 -125.413
2697 -125.465
2698 -124.772
2699 -123.277
2700 -122.933
2701 -121.564
2702 -123.704
2703 -121.96
2704 -121.396
2705 -123.383
2706 -121.953
2707 -119.38
2708 -119.491
2709 -119.715
2710 -119.445
2711 -117.86
2712 -119.011
2713 -117.34
2714 -117.216
2715 -114.731
2716 -115.976
2717 -115.202
2718 -114.125
2719 -114.428
2720 -112.926
2721 -112.843
2722 -112.029
2723 -111.835
2724 -108.958
2725 -110.165
2726 -107.719
2727 -108.017
2728 -109.003
2729 -107.326
2730 -105.384
2731 -105.294
2732 -106.959
2733 -103.982
2734 -104.423
2735 -104.629
2736 -104.215
2737 -102.628
2738 -102.654
2739 -102.889
2740 -104.271
2741 -103.104
2742 -102.855
2743 -103.79
2744 -103.771
2745 -105.054
2746 -104.744
2747 -105.845
2748 -105.952
2749 -106.623
2750 -107.603
2751 -108.035
2752 -108.69
2753 -110.93
2754 -109.652
2755 -110.472
2756 -111.26
2757 -112.959
2758 -112.204
2759 -113.75
2760 -113.577
2761 -113.441
2762 -113.434
2763 -112.523
2764 -115.044
2765 -115.222
2766 -114.194
2767 -116.186
2768 -114.833
2769 -115.767
2770 -116.678
2771 -115.291
2772 -115.47
2773 -115.59
2774 -114.921
2775 -117.05
2776 -117.207
2777 -118.022
2778 -117.035
2779 -116.549
2780 -118.238
2781 -116.132
2782 -116.451
2783 -117.026
2784 -114.569
2785 -117.057
2786 -114.702
2787 -114.675
2788 -113.831
2789 -115.315
2790 -113.204
2791 -114.447
2792 -114.125
2793 -116.006
2794 -116.94
2795 -114.769
2796 -116.017
2797 -117.192
2798 -118.438
2799 -117.549
2800 -118.349
2801 -117.918
2802 -117.775
2803 -117.493
2804 -118.13
2805 -116.877
2806 -117.883
2807 -117.791
2808 -117.505
2809 -117.461
2810 -118.624
2811 -118.647
2812 -118.685
2813 -118.569
2814 -117.432
2815 -119.7
2816 -117.769
2817 -116.929
2818 -118.605
2819 -120.659
2820 -119.205
2821 -119.024
2822 -117.384
2823 -119.376
2824 -118.345
2825 -116.269
2826 -116.921
2827 -115.748
2828 -116.955
2829 -115.48
2830 -114.794
2831 -116.806
2832 -114.163
2833 -116.496
2834 -114.2
2835 -116.663
2836 -117.703
2837 -117.861
2838 -117.78
2839 -119.558
2840 -119.918
2841 -118.749
2842 -119.68
2843 -118.553
2844 -119.229
2845 -117.471
2846 -118.029
2847 -118.593
2848 -119.57
2849 -117.494
2850 -118.747
2851 -119.435
2852 -118.479
2853 -117.834
2854 -117.499
2855 -118.324
2856 -117.708
2857 -118.279
2858 -119.092
2859 -119.68
2860 -120.279
2861 -119.219
2862 -118.527
2863 -117.995
2864 -117.038
2865 -116.584
2866 -116.047
2867 -117.177
2868 -114.647
2869 -113.933
2870 -116.107
2871 -116.426
2872 -115.836
2873 -116.786
2874 -116.088
2875 -117.806
2876 -116.664
2877 -116.323
2878 -119.063
2879 -118.863
2880 -118.763
2881 -120.151
2882 -119.191
2883 -119.987
2884 -119.043
2885 -120.039
2886 -118.388
2887 -118.608
2888 -118.43
2889 -118.078
2890 -120.099
2891 -118.468
2892 -118.759
2893 -118.401
2894 -118.417
2895 -119.992
2896 -120.311
2897 -119.175
2898 -117.302
2899 -119.373
2900 -119.866
2901 -121.086
2902 -118.858
2903 -118.322
2904 -118.757
2905 -117.295
2906 -117.834
2907 -116.671
2908 -115.909
2909 -115.846
2910 -116.4
2911 -116.662
2912 -114.889
2913 -116.839
2914 -115.238
2915 -114.847
2916 -118.028
2917 -117.434
2918 -118.23
2919 -119.83
2920 -117.269
2921 -118.591
2922 -118.672
2923 -120.271
2924 -120.579
2925 -118.069
2926 -118.532
2927 -118.189
2928 -117.731
2929 -117.196
2930 -118.138
2931 -118.023
2932 -119.549
2933 -116.794
2934 -118.273
2935 -120.073
2936 -117.956
2937 -118.99
2938 -119.216
2939 -118.843
2940 -118.762
2941 -119.42
2942 -120.553
2943 -118.478
2944 -119.264
2945 -117.402
2946 -119.212
2947 -117.945
2948 -115.103
2949 -117.098
2950 -116.457
2951 -115.53
2952 -116.937
2953 -116.892
2954 -116.059
2955 -117.45
2956 -115.71
2957 -117.914
2958 -116.967
2959 -118.366
2960 -119.078
2961 -118.165
2962 -117.871
2963 -119.211
2964 -118.359
2965 -118.715
2966 -118.424
2967 -118.712
2968 -117.504
2969 -117.945
2970 -118.665
2971 -120.077
2972 -119.917
2973 -117.654
2974 -118.428
2975 -117.585
2976 -117.326
2977 -119.678
2978 -118.046
2979 -119.521
2980 -118.948
2981 -118.23
2982 -119.35
2983 -120.052
2984 -117.197
2985 -117.709
2986 -116.734
2987 -117.376
2988 -116.18
2989 -115.787
2990 -116.53
2991 -115.327
2992 -116.947
2993 -115.158
2994 -115.173
2995 -114.66
2996 -116.59
2997 -117.547
2998 -116.49
2999 -118.413
3000 -117.963
3001 -117.514
3002 -118.539
3003 -118.797
3004 -118.407
3005 -118.557
3006 -118.693
3007 -118.18
3008 -117.225
3009 -116.733
3010 -117.476
3011 -117.364
3012 -118.588
3013 -118.956
3014 -119.246
3015 -118.213
3016 -117.593
3017 -116.848
3018 -118.882
3019 -118.553
3020 -120.502
3021 -118.985
3022 -119.093
3023 -118.283
3024 -118.796
3025 -118.561
3026 -118.505
3027 -116.759
3028 -115.989
3029 -114.939
3030 -115.087
3031 -116.388
3032 -115.067
3033 -117.885
3034 -115.638
3035 -116.312
3036 -117.208
3037 -116.412
3038 -117.607
3039 -117.393
3040 -117.466
3041 -118.942
3042 -117.905
3043 -118.246
3044 -118.779
3045 -120.289
3046 -118.755
3047 -117.96
3048 -117.908
3049 -117.968
3050 -117.942
3051 -118.572
3052 -118.524
3053 -118.999
3054 -118.389
3055 -118.643
3056 -117.78
3057 -116.567
3058 -117.94
3059 -118.744
3060 -118.246
3061 -117.847
3062 -118.691
3063 -119.308
3064 -119.454
3065 -119.924
3066 -117.48
3067 -115.765
3068 -117.95
3069 -117.185
3070 -116.333
3071 -114.953
3072 -116.051
3073 -116.568
3074 -113.672
3075 -115.756
3076 -114.383
3077 -116.381
3078 -117.47
3079 -117.826
3080 -117.232
3081 -117.528
3082 -117.681
3083 -118.854
3084 -119.375
3085 -119.075
3086 -119.93
3087 -118.178
3088 -118.002
3089 -118.007
3090 -118.218
3091 -119.626
3092 -119.124
3093 -118.594
3094 -118.408
3095 -117.491
3096 -118.848
3097 -117.516
3098 -118.565
3099 -116.637
3100 -118.924
3101 -118.112
3102 -118.553
3103 -118.287
3104 -119.525
3105 -120.203
3106 -119.739
3107 -118.571
3108 -119.308
3109 -117.115
3110 -117.516
3111 -117.667
3112 -118.28
3113 -119.032
3114 -120.076
3115 -120.496
3116 -119.963
3117 -120.443
3118 -121.804
3119 -122.983
3120 -122.402
3121 -124.448
3122 -124.247
3123 -125.627
3124 -126.63
3125 -127.068
3126 -127.341
3127 -127.354
3128 -128.179
3129 -127.965
3130 -129.238
3131 -130.074
3132 -129.289
3133 -129.712
3134 -131.447
3135 -132.177
3136 -133.424
3137 -133.27
3138 -132.958
3139 -131.867
3140 -129.779
3141 -132.044
3142 -132.303
3143 -132.584
3144 -133.018
3145 -132.928
3146 -133.15
3147 -130.887
3148 -132.788
3149 -131.117
3150 -132.389
3151 -131.898
3152 -132.248
3153 -131.369
3154 -131.113
3155 -131.471
3156 -128.521
3157 -130.124
3158 -130.371
3159 -131.944
3160 -129.033
3161 -128.036
3162 -128.474
3163 -126.709
3164 -127.525
3165 -125.165
3166 -124.627
3167 -125.367
3168 -125.888
3169 -125.116
3170 -124.659
3171 -123.875
3172 -124.187
3173 -123.738
3174 -123.344
3175 -122.278
3176 -122.889
3177 -123.881
3178 -121.618
3179 -121.167
3180 -121.966
3181 -120.646
3182 -121.914
3183 -122.052
3184 -123.173
3185 -121.774
3186 -121.774
3187 -122.089
3188 -121.781
3189 -122.511
3190 -118.992
3191 -120.195
3192 -122.161
3193 -121.157
3194 -119.591
3195 -120.382
3196 -122.304
3197 -121.1
3198 -119.568
3199 -121.516
3200 -121.001
3201 -121.186
3202 -120.921
3203 -120.457
3204 -120.833
3205 -120.627
3206 -120.179
3207 -119.216
3208 -121.112
3209 -121.073
3210 -121.065
3211 -119.31
3212 -120.432
3213 -121.271
3214 -119.901
3215 -120.351
3216 -119.324
3217 -119.571
3218 -121.364
3219 -121.071
3220 -121.618
3221 -121.841
3222 -121.176
3223 -120.848
3224 -120.513
3225 -121.281
3226 -120.471
3227 -120.786
3228 -120.546
3229 -121.08
3230 -120.561
3231 -120.01
3232 -121.062
3233 -122.484
3234 -122.428
3235 -122.159
3236 -121.309
3237 -121.375
3238 -120.256
3239 -120.648
3240 -119.553
3241 -119.796
3242 -121.679
3243 -120.55
3244 -121.53
3245 -121.124
3246 -121.541
3247 -121.088
3248 -120.659
3249 -119.995
3250 -121.301
3251 -120.385
3252 -121.476
3253 -119.888
3254 -121.517
3255 -120.374
3256 -121.693
3257 -121.584
3258 -119.793
3259 -121.121
3260 -119.769
3261 -121.645
3262 -120.005
3263 -119.677
3264 -119.094
3265 -120.88
3266 -122.208
3267 -119.436
3268 -119.769
3269 -119.451
3270 -120.449
3271 -120.73
3272 -121.961
3273 -119.234
3274 -119.267
3275 -120.448
3276 -121.507
3277 -119.747
3278 -120.994
3279 -119.666
3280 -120.238
3281 -122.806
3282 -121.228
3283 -120.98
3284 -120.619
3285 -121.473
3286 -120.418
3287 -119.768
3288 -119.944
3289 -121.176
3290 -121.935
3291 -121.804
3292 -121.428
3293 -121.162
3294 -121.459
3295 -119.994
3296 -121.085
3297 -119.87
3298 -121.715
3299 -120.538
3300 -120.569
3301 -121.551
3302 -120.721
3303 -120.477
3304 -121.273
3305 -120.601
3306 -120.322
3307 -121.659
3308 -121.127
3309 -120.059
3310 -119.936
3311 -120.023
3312 -122.012
3313 -121.211
3314 -121.387
3315 -120.502
3316 -119.543
3317 -121.27
3318 -121.144
3319 -120.438
3320 -120.937
3321 -119.924
3322 -120.189
3323 -121.269
3324 -121.152
3325 -121.087
3326 -121.69
3327 -119.359
3328 -120.796
3329 -120.139
3330 -120.69
3331 -122.237
3332 -120.415
3333 -118.397
3334 -121.738
3335 -117.893
3336 -121.227
3337 -121.909
3338 -120.981
3339 -121.39
3340 -120.922
3341 -120.024
3342 -121.989
3343 -119.76
3344 -120.869
3345 -119.92
3346 -121.629
3347 -121.942
3348 -120.486
3349 -119.556
3350 -121.258
3351 -121.763
3352 -120.815
3353 -121.234
3354 -120.287
3355 -119.219
3356 -120.384
3357 -122.198
3358 -119.916
3359 -120.832
3360 -121.334
3361 -120.403
3362 -121.858
3363 -121.098
3364 -120.327
3365 -121.876
3366 -121.002
3367 -122.165
3368 -122.013
3369 -121.619
3370 -120.872
3371 -120.209
3372 -120.86
3373 -120.363
3374 -119.64
3375 -120.343
3376 -121.58
3377 -120.38
3378 -122.585
3379 -121.72
3380 -121.457
3381 -118.981
3382 -121.862
3383 -121.106
3384 -120.039
3385 -120.322
3386 -121.351
3387 -120.538
3388 -120.353
3389 -120.91
3390 -121.331
3391 -121.56
3392 -121.897
3393 -121.355
3394 -120.381
3395 -121.543
3396 -119.977
3397 -119.726
3398 -122.153
3399 -121.364
