0 -102.18
1 -101.31
2 -100.384
3 -99.5551
4 -98.8384
5 -98.2781
6 -97.7366
7 -97.4216
8 -97.1777
9 -96.909
10 -96.6723
11 -96.4428
12 -96.333
13 -96.1365
14 -95.9358
15 -95.6675
16 -95.549
17 -95.5002
18 -95.6004
19 -95.7837
20 -95.9646
21 -96.0633
22 -96.1223
23 -96.2747
24 -96.5825
25 -97.1346
26 -97.7082
27 -98.1671
28 -98.4534
29 -98.6763
30 -98.915
31 -99.2896
32 -99.762
33 -100.307
34 -100.852
35 -101.282
36 -101.654
37 -101.962
38 -102.369
39 -102.863
40 -103.428
41 -103.956
42 -104.32
43 -104.567
44 -104.76
45 -105
46 -105.222
47 -105.412
48 -105.56
49 -105.703
50 -105.862
51 -105.984
52 -106.107
53 -106.213
54 -106.369
55 -106.55
56 -106.698
57 -106.744
58 -106.75
59 -106.807
60 -106.939
61 -107.134
62 -107.295
63 -107.384
64 -107.405
65 -107.42
66 -107.401
67 -107.415
68 -107.484
69 -107.638
70 -107.82
71 -107.966
72 -108.006
73 -108
74 -108.02
75 -108.043
76 -108.076
77 -108.124
78 -108.181
79 -108.267
80 -108.323
81 -108.345
82 -108.31
83 -108.281
84 -108.295
85 -108.309
86 -108.32
87 -108.327
88 -108.342
89 -108.371
90 -108.408
91 -108.423
92 -108.422
93 -108.42
94 -108.432
95 -108.47
96 -108.478
97 -108.49
98 -108.512
99 -108.526
100 -108.55
101 -108.535
102 -108.513
103 -108.497
104 -108.49
105 -108.51
106 -108.515
107 -108.502
108 -108.513
109 -108.52
110 -108.501
111 -108.504
112 -108.51
113 -108.548
114 -108.576
115 -108.59
116 -108.578
117 -108.54
118 -108.553
119 -108.587
120 -108.598
121 -108.603
122 -108.601
123 -108.61
124 -108.601
125 -108.59
126 -108.59
127 -108.601
128 -108.626
129 -108.64
130 -108.64
131 -108.625
132 -108.6
133 -108.6
134 -108.6
135 -108.604
136 -108.594
137 -108.598
138 -108.596
139 -108.6
140 -108.59
141 -108.59
142 -108.583
143 -108.583
144 -108.59
145 -108.59
146 -108.572
147 -108.57
148 -108.585
149 -108.6
150 -108.6
151 -108.6
152 -108.596
153 -108.574
154 -108.578
155 -108.576
156 -108.59
157 -108.594
158 -108.583
159 -108.58
160 -108.573
161 -108.55
162 -108.55
163 -108.559
164 -108.563
165 -108.577
166 -108.571
167 -108.575
168 -108.561
169 -108.574
170 -108.58
171 -108.58
172 -108.586
173 -108.58
174 -108.59
175 -108.574
176 -108.568
177 -108.566
178 -108.569
179 -108.555
180 -108.551
181 -108.533
182 -108.533
183 -108.52
184 -108.525
185 -108.53
186 -108.543
187 -108.53
188 -108.538
189 -108.53
190 -108.53
191 -108.532
192 -108.52
193 -108.538
194 -108.53
195 -108.52
196 -108.516
197 -108.493
198 -108.49
199 -108.49
200 -108.5
201 -108.5
202 -108.5
203 -108.504
204 -108.483
205 -108.481
206 -108.49
207 -108.48
208 -108.494
209 -108.492
210 -108.482
211 -108.49
212 -108.49
213 -108.48
214 -108.463
215 -108.48
216 -108.474
217 -108.48
218 -108.475
219 -108.47
220 -108.47
221 -108.463
222 -108.469
223 -108.465
224 -108.47
225 -108.47
226 -108.478
227 -108.478
228 -108.464
229 -108.46
230 -108.464
231 -108.462
232 -108.442
233 -108.444
234 -108.43
235 -108.436
236 -108.447
237 -108.443
238 -108.423
239 -108.42
240 -108.425
241 -108.43
242 -108.44
243 -108.447
244 -108.45
245 -108.439
246 -108.43
247 -108.423
248 -108.402
249 -108.41
250 -108.41
251 -108.42
252 -108.41
253 -108.41
254 -108.398
255 -108.39
256 -108.401
257 -108.405
258 -108.409
259 -108.406
260 -108.413
261 -108.409
262 -108.4
263 -108.381
264 -108.393
265 -108.4
266 -108.392
267 -108.388
268 -108.37
269 -108.374
270 -108.38
271 -108.386
272 -108.364
273 -108.361
274 -108.38
275 -108.38
276 -108.373
277 -108.38
278 -108.372
279 -108.385
280 -108.389
281 -108.37
282 -108.37
283 -108.351
284 -108.366
285 -108.351
286 -108.356
287 -108.358
288 -108.35
289 -108.35
290 -108.35
291 -108.346
292 -108.332
293 -108.34
294 -108.34
295 -108.349
296 -108.35
297 -108.342
298 -108.357
299 -108.343
300 -108.321
301 -108.335
302 -108.331
303 -108.336
304 -108.33
305 -108.328
306 -108.314
307 -108.31
308 -108.31
309 -108.318
310 -108.32
311 -108.314
312 -108.31
313 -108.315
314 -108.32
315 -108.324
316 -108.31
317 -108.318
318 -108.305
319 -108.31
320 -108.307
321 -108.313
322 -108.31
323 -108.31
324 -108.31
325 -108.308
326 -108.298
327 -108.282
328 -108.29
329 -108.28
330 -108.289
331 -108.3
332 -108.3
333 -108.287
334 -108.279
335 -108.27
336 -108.279
337 -108.287
338 -108.28
339 -108.277
340 -108.265
341 -108.26
342 -108.26
343 -108.268
344 -108.258
345 -108.25
346 -108.26
347 -108.258
348 -108.27
349 -108.27
350 -108.27
351 -108.269
352 -108.26
353 -108.26
354 -108.257
355 -108.257
356 -108.259
357 -108.245
358 -108.259
359 -108.253
360 -108.233
361 -108.23
362 -108.224
363 -108.23
364 -108.228
365 -108.24
366 -108.232
367 -108.24
368 -108.22
369 -108.23
370 -108.23
371 -108.23
372 -108.237
373 -108.23
374 -108.225
375 -108.22
376 -108.22
377 -108.213
378 -108.2
379 -108.2
380 -108.2
381 -108.194
382 -108.208
383 -108.21
384 -108.21
385 -108.21
386 -108.204
387 -108.193
388 -108.195
389 -108.197
390 -108.209
391 -108.205
392 -108.201
393 -108.201
394 -108.18
395 -108.182
396 -108.19
397 -108.199
398 -108.183
399 -108.182
400 -108.182
401 -108.19
402 -108.2
403 -108.196
404 -108.182
405 -108.188
406 -108.174
407 -108.161
408 -108.176
409 -108.17
410 -108.173
411 -108.18
412 -108.18
413 -108.175
414 -108.161
415 -108.146
416 -108.16
417 -108.149
418 -108.146
419 -108.15
420 -108.15
421 -108.15
422 -108.14
423 -108.152
424 -108.15
425 -108.154
426 -108.16
427 -108.158
428 -108.15
429 -108.14
430 -108.14
431 -108.131
432 -108.12
433 -108.127
434 -108.129
435 -108.125
436 -108.13
437 -108.13
438 -108.13
439 -108.128
440 -108.126
441 -108.13
442 -108.15
443 -108.142
444 -108.122
445 -108.136
446 -108.12
447 -108.13
448 -108.121
449 -108.114
450 -108.093
451 -108.109
452 -108.1
453 -108.109
454 -108.107
455 -108.115
456 -108.11
457 -108.11
458 -108.11
459 -108.12
460 -108.112
461 -108.106
462 -108.096
463 -108.092
464 -107.482
465 -107.119
466 -107.233
467 -107.423
468 -107.503
469 -107.318
470 -106.933
471 -106.494
472 -106.121
473 -105.811
474 -105.476
475 -105.095
476 -104.614
477 -104.078
478 -103.51
479 -102.978
480 -102.46
481 -101.955
482 -101.522
483 -101.049
484 -100.517
485 -99.9254
486 -99.2577
487 -98.6263
488 -98.0142
489 -97.4221
490 -96.8287
491 -96.2543
492 -95.6804
493 -95.1729
494 -94.6295
495 -94.0701
496 -93.4128
497 -92.7119
498 -91.9935
499 -91.1718
500 -90.4004
501 -89.7482
502 -89.181
503 -88.7033
504 -88.1589
505 -87.6588
506 -87.2159
507 -87.0028
508 -86.9494
509 -87.0431
510 -87.2049
511 -87.3611
512 -87.5246
513 -87.6363
514 -87.7549
515 -87.8709
516 -88.1535
517 -88.4998
518 -88.8925
519 -89.3718
520 -89.8638
521 -90.4765
522 -91.1864
523 -91.8211
524 -92.2872
525 -92.7103
526 -93.1774
527 -93.7914
528 -94.4755
529 -95.0894
530 -95.6023
531 -96.1335
532 -96.7195
533 -97.1127
534 -97.3694
535 -97.5272
536 -97.6879
537 -98.0221
538 -98.3808
539 -98.6914
540 -98.8137
541 -98.891
542 -98.9244
543 -98.9129
544 -98.792
545 -98.8308
546 -99.0908
547 -99.4591
548 -99.9639
549 -100.511
550 -101.032
551 -101.371
552 -101.402
553 -101.226
554 -100.836
555 -100.309
556 -99.8557
557 -99.6379
558 -99.4176
559 -99.1425
560 -98.9585
561 -98.7117
562 -98.3732
563 -98.1413
564 -98.2406
565 -98.4538
566 -98.7396
567 -99.1557
568 -99.6516
569 -100.112
570 -100.521
571 -100.876
572 -101.202
573 -101.485
574 -101.662
575 -101.74
576 -101.706
577 -101.63
578 -101.449
579 -101.264
580 -101.007
581 -100.999
582 -101.225
583 -101.399
584 -101.402
585 -101.369
586 -101.134
587 -100.827
588 -100.63
589 -100.745
590 -101.026
591 -101.593
592 -102.137
593 -102.44
594 -102.514
595 -102.44
596 -102.315
597 -101.942
598 -101.362
599 -100.924
600 -100.578
601 -100.166
602 -99.8247
603 -99.5384
604 -99.3253
605 -99.0429
606 -98.9515
607 -99.0061
608 -99.0553
609 -99.1731
610 -99.5642
611 -100.092
612 -100.602
613 -100.973
614 -101.239
615 -101.513
616 -101.726
617 -101.881
618 -101.875
619 -101.829
620 -101.727
621 -101.571
622 -101.336
623 -101.179
624 -101.202
625 -101.407
626 -101.564
627 -101.54
628 -101.367
629 -101.065
630 -100.775
631 -100.603
632 -100.625
633 -100.935
634 -101.537
635 -102.052
636 -102.251
637 -102.241
638 -102.097
639 -101.771
640 -101.307
641 -100.816
642 -100.423
643 -100.167
644 -99.7655
645 -99.5267
646 -99.3098
647 -99.1592
648 -98.9287
649 -98.812
650 -98.7954
651 -98.9326
652 -99.1376
653 -99.6403
654 -100.148
655 -100.582
656 -100.819
657 -101.053
658 -101.277
659 -101.442
660 -101.621
661 -101.607
662 -101.501
663 -101.328
664 -101.168
665 -100.934
666 -100.863
667 -100.987
668 -101.184
669 -101.316
670 -101.349
671 -101.211
672 -100.91
673 -100.807
674 -100.969
675 -101.115
676 -101.339
677 -101.585
678 -101.665
679 -101.7
680 -101.648
681 -101.581
682 -101.323
683 -100.927
684 -100.461
685 -100.104
686 -99.6412
687 -99.2899
688 -99.1463
689 -99.1865
690 -99.1407
691 -99.0702
692 -98.9794
693 -98.8833
694 -98.9014
695 -99.2329
696 -99.77
697 -100.254
698 -100.579
699 -100.769
700 -100.915
701 -101.042
702 -101.17
703 -101.25
704 -101.269
705 -101.202
706 -101.107
707 -100.95
708 -100.781
709 -100.72
710 -100.917
711 -101.171
712 -101.282
713 -101.165
714 -100.775
715 -100.259
716 -100.007
717 -100.082
718 -100.394
719 -100.921
720 -101.37
721 -101.682
722 -101.691
723 -101.564
724 -101.175
725 -100.614
726 -100.084
727 -99.7805
728 -99.5783
729 -99.3277
730 -99.0777
731 -98.8988
732 -98.7549
733 -98.5716
734 -98.4153
735 -98.2849
736 -98.2624
737 -98.5637
738 -99.081
739 -99.6708
740 -100.108
741 -100.369
742 -100.546
743 -100.743
744 -100.858
745 -100.953
746 -100.928
747 -100.897
748 -100.86
749 -100.71
750 -100.482
751 -100.254
752 -100.352
753 -100.596
754 -100.763
755 -100.755
756 -100.562
757 -100.168
758 -99.7896
759 -99.7102
760 -99.7666
761 -100.117
762 -100.63
763 -101.033
764 -101.159
765 -101.131
766 -100.939
767 -100.443
768 -99.7986
769 -99.2812
770 -98.9375
771 -98.7326
772 -98.5376
773 -98.455
774 -98.3805
775 -98.2328
776 -98.0581
777 -97.8718
778 -97.7518
779 -97.7813
780 -98.1282
781 -98.7103
782 -99.26
783 -99.6426
784 -99.7583
785 -99.8676
786 -100.003
787 -100.16
788 -100.258
789 -100.245
790 -100.2
791 -100.098
792 -99.9917
793 -99.7749
794 -99.6404
795 -99.658
796 -99.7576
797 -99.811
798 -99.7689
799 -99.4989
800 -99.0404
801 -98.808
802 -98.8951
803 -99.2927
804 -99.7713
805 -100.128
806 -100.349
807 -100.448
808 -100.366
809 -100.07
810 -99.5256
811 -98.9699
812 -98.4661
813 -98.1699
814 -97.8199
815 -97.6463
816 -97.5361
817 -97.426
818 -97.2565
819 -97.1148
820 -97.0044
821 -96.8925
822 -97.1019
823 -97.6471
824 -98.2736
825 -98.7021
826 -98.9704
827 -99.1265
828 -99.2406
829 -99.284
830 -99.3622
831 -99.4305
832 -99.4214
833 -99.3387
834 -99.26
835 -99.0498
836 -98.7936
837 -98.771
838 -99.0226
839 -99.2939
840 -99.4025
841 -99.2619
842 -98.8892
843 -98.5543
844 -98.6468
845 -98.776
846 -98.9332
847 -99.0759
848 -99.2219
849 -99.2579
850 -99.2556
851 -99.2011
852 -98.9921
853 -98.5932
854 -98.1468
855 -97.8453
856 -97.4707
857 -97.2257
858 -97.0514
859 -97.0545
860 -96.9926
861 -96.8796
862 -96.7556
863 -96.5487
864 -96.5239
865 -96.7127
866 -97.1583
867 -97.6321
868 -97.9584
869 -98.1711
870 -98.3343
871 -98.3906
872 -98.4417
873 -98.4842
874 -98.5122
875 -98.4977
876 -98.48
877 -98.4053
878 -98.1784
879 -98.0498
880 -98.1631
881 -98.326
882 -98.429
883 -98.3964
884 -98.1767
885 -97.7653
886 -97.6651
887 -97.9176
888 -98.1817
889 -98.3301
890 -98.3562
891 -98.3592
892 -98.3772
893 -98.485
894 -98.4653
895 -98.2586
896 -98.011
897 -97.8358
898 -97.6726
899 -97.4944
900 -97.5697
901 -97.8424
902 -98.1821
903 -98.6153
904 -98.9621
905 -99.1213
906 -99.2169
907 -99.6033
908 -100.357
909 -101.291
910 -102.108
911 -102.797
912 -103.531
913 -104.257
914 -104.824
915 -105.357
916 -105.897
917 -106.47
918 -106.915
919 -107.273
920 -107.535
921 -107.858
922 -108.391
923 -109.075
924 -109.878
925 -110.747
926 -111.591
927 -112.191
928 -112.481
929 -112.414
930 -112.183
931 -111.901
932 -111.72
933 -111.775
934 -111.869
935 -111.974
936 -111.996
937 -111.936
938 -111.736
939 -111.431
940 -111.104
941 -110.896
942 -110.763
943 -110.677
944 -110.504
945 -110.278
946 -109.962
947 -109.631
948 -109.239
949 -108.849
950 -108.478
951 -108.074
952 -107.736
953 -107.375
954 -106.98
955 -106.528
956 -105.988
957 -105.443
958 -104.917
959 -104.5
960 -104.12
961 -103.796
962 -103.513
963 -103.279
964 -103.038
965 -102.8
966 -102.542
967 -102.328
968 -102.128
969 -101.93
970 -101.761
971 -101.624
972 -101.505
973 -101.37
974 -101.243
975 -101.095
976 -100.965
977 -100.852
978 -100.704
979 -100.534
980 -100.353
981 -100.259
982 -100.211
983 -100.249
984 -100.26
985 -100.277
986 -100.237
987 -100.148
988 -100.096
989 -100.007
990 -99.8851
991 -99.7867
992 -99.6721
993 -99.6146
994 -99.591
995 -99.5973
996 -99.6023
997 -99.6218
998 -99.6181
999 -99.6098
1000 -99.5617
1001 -99.5087
1002 -99.4382
1003 -99.3871
1004 -99.36
1005 -99.3693
1006 -99.38
1007 -99.3986
1008 -99.42
1009 -99.4189
1010 -99.3944
1011 -99.38
1012 -99.3732
1013 -99.3525
1014 -99.3616
1015 -99.3586
1016 -99.35
1017 -99.34
1018 -99.332
1019 -99.3179
1020 -99.3038
1021 -99.2997
1022 -99.2856
1023 -99.28
1024 -99.2747
1025 -99.26
1026 -99.2466
1027 -99.21
1028 -99.2009
1029 -99.2068
1030 -99.2
1031 -99.1986
1032 -99.179
1033 -99.1796
1034 -99.18
1035 -99.1644
1036 -99.1719
1037 -99.168
1038 -99.16
1039 -99.16
1040 -99.1517
1041 -99.1324
1042 -99.127
1043 -99.1194
1044 -99.1053
1045 -99.0912
1046 -99.0929
1047 -99.093
1048 -99.0989
1049 -99.0847
1050 -99.1081
1051 -99.1165
1052 -99.1176
1053 -99.1233
1054 -99.1342
1055 -99.1399
1056 -99.134
1057 -99.1481
1058 -99.1422
1059 -99.1437
1060 -99.1204
1061 -99.13
1062 -99.1214
1063 -99.1181
1064 -99.1468
1065 -99.1409
1066 -99.145
1067 -99.14
1068 -99.14
1069 -99.14
1070 -99.1414
1071 -99.1555
1072 -99.1504
1073 -99.1738
1074 -99.1643
1075 -99.152
1076 -99.1539
1077 -99.1403
1078 -99.1685
1079 -99.18
1080 -99.1775
1081 -99.1766
1082 -99.16
1083 -99.1552
1084 -99.1322
1085 -99.133
1086 -99.14
1087 -99.1424
1088 -99.1653
1089 -99.17
1090 -99.1735
1091 -99.1724
1092 -99.16
1093 -99.1658
1094 -99.1601
1095 -99.1681
1096 -99.1963
1097 -99.18
1098 -99.1736
1099 -99.17
1100 -99.1654
1101 -99.1513
1102 -99.1828
1103 -99.19
1104 -99.191
1105 -99.2
1106 -99.2
1107 -99.2
1108 -99.2148
1109 -99.22
1110 -99.22
1111 -99.2297
1112 -99.22
1113 -99.22
1114 -99.218
1115 -99.21
1116 -99.22
1117 -99.2243
1118 -99.23
1119 -99.2425
1120 -99.2367
1121 -99.23
1122 -99.2349
1123 -99.24
1124 -99.2461
1125 -99.26
1126 -99.26
1127 -99.2546
1128 -99.2595
1129 -99.2436
1130 -99.2577
1131 -99.2618
1132 -99.2641
1133 -99.26
1134 -99.25
1135 -99.25
1136 -99.24
1137 -99.2464
1138 -99.25
1139 -99.25
1140 -99.25
1141 -99.26
1142 -99.2669
1143 -99.26
1144 -99.26
1145 -99.2692
1146 -99.2834
1147 -99.2975
1148 -99.29
1149 -99.29
1150 -99.29
1151 -99.29
1152 -99.29
1153 -99.2979
1154 -99.29
1155 -99.2897
1156 -99.2844
1157 -99.2815
1158 -99.2874
1159 -99.2867
1160 -99.3192
1161 -99.3149
1162 -99.329
1163 -99.3169
1164 -99.3028
1165 -99.32
1166 -99.3309
1167 -99.3305
1168 -99.3336
1169 -99.3245
1170 -99.3319
1171 -99.334
1172 -99.3199
1173 -99.3183
1174 -99.3217
1175 -99.32
1176 -99.333
1177 -99.33
1178 -99.3347
1179 -99.3312
1180 -99.34
1181 -99.34
1182 -99.3589
1183 -99.35
1184 -99.35
1185 -99.3466
1186 -99.34
1187 -99.3416
1188 -99.35
1189 -99.3598
1190 -99.3561
1191 -99.358
1192 -99.3621
1193 -99.37
1194 -99.3796
1195 -99.37
1196 -99.37
1197 -99.3653
1198 -99.38
1199 -99.37
1200 -99.37
1201 -99.37
1202 -99.3664
1203 -99.3873
1204 -99.3814
1205 -99.39
1206 -99.39
1207 -99.3763
1208 -99.3778
1209 -99.38
1210 -99.374
1211 -99.3801
1212 -99.3942
1213 -99.3917
1214 -99.4024
1215 -99.41
1216 -99.41
1217 -99.4005
1218 -99.4077
1219 -99.41
1220 -99.4171
1221 -99.4212
1222 -99.43
1223 -99.4206
1224 -99.413
1225 -99.4227
1226 -99.42
1227 -99.4084
1228 -99.4198
1229 -99.424
1230 -99.43
1231 -99.4144
1232 -99.4363
1233 -99.4304
1234 -99.4445
1235 -99.45
1236 -99.4573
1237 -99.4568
1238 -99.4591
1239 -99.45
1240 -99.45
1241 -99.4465
1242 -99.4526
1243 -99.4415
1244 -99.45
1245 -99.4403
1246 -99.4538
1247 -99.4679
1248 -99.468
1249 -99.46
1250 -99.4794
1251 -99.4543
1252 -99.46
1253 -99.47
1254 -99.47
1255 -99.48
1256 -99.4848
1257 -99.49
1258 -99.487
1259 -99.48
1260 -99.47
1261 -99.47
1262 -99.4794
1263 -99.4865
1264 -99.4953
1265 -99.5048
1266 -99.4917
1267 -99.4801
1268 -99.4959
1269 -99.49
1270 -99.48
1271 -99.4927
1272 -99.51
1273 -99.51
1274 -99.5187
1275 -99.5172
1276 -99.51
1277 -99.509
1278 -99.5102
1279 -99.5108
1280 -99.5067
1281 -99.5074
1282 -99.51
1283 -99.5212
1284 -99.53
1285 -99.52
1286 -99.5279
1287 -99.53
1288 -99.53
1289 -99.55
1290 -99.5456
1291 -99.5485
1292 -99.5474
1293 -99.54
1294 -99.5408
1295 -99.5451
1296 -99.531
1297 -99.5338
1298 -99.5272
1299 -99.5313
1300 -99.5508
1301 -99.56
1302 -99.5636
1303 -99.5623
1304 -99.5518
1305 -99.5659
1306 -99.57
1307 -99.5759
1308 -99.5618
1309 -99.57
1310 -99.57
1311 -99.56
1312 -99.5554
1313 -99.55
1314 -99.5528
1315 -99.5739
1316 -99.5889
1317 -99.58
1318 -99.58
1319 -99.5734
1320 -99.5725
1321 -99.5816
1322 -99.5843
1323 -99.5898
1324 -99.57
1325 -99.57
1326 -99.58
1327 -99.5738
1328 -99.59
1329 -99.5944
1330 -99.6
1331 -99.5974
1332 -99.5967
1333 -99.6083
1334 -99.5999
1335 -99.601
1336 -99.6069
1337 -99.6072
1338 -99.6087
1339 -99.6055
1340 -99.61
1341 -99.6127
1342 -99.6078
1343 -99.6219
1344 -99.624
1345 -99.63
1346 -99.63
1347 -99.63
1348 -99.63
1349 -99.6365
1350 -99.64
1351 -99.64
1352 -99.6312
1353 -99.6171
1354 -99.617
1355 -99.6111
1356 -99.6252
1357 -99.6393
1358 -99.6434
1359 -99.65
1360 -99.6584
1361 -99.65
1362 -99.65
1363 -99.65
1364 -99.6419
1365 -99.6478
1366 -99.6525
1367 -99.67
1368 -99.661
1369 -99.6414
1370 -99.6327
1371 -99.64
1372 -99.6609
1373 -99.665
1374 -99.6782
1375 -99.6668
1376 -99.6673
1377 -99.6686
1378 -99.6655
1379 -99.67
1380 -99.67
1381 -99.6778
1382 -99.7654
1383 -100.412
1384 -100.689
1385 -100.556
1386 -100.361
1387 -100.327
1388 -100.567
1389 -101.001
1390 -101.443
1391 -101.813
1392 -102.087
1393 -102.383
1394 -102.758
1395 -103.241
1396 -103.805
1397 -104.383
1398 -104.939
1399 -105.426
1400 -105.868
1401 -106.268
1402 -106.721
1403 -107.214
1404 -107.759
1405 -108.348
1406 -108.979
1407 -109.609
1408 -110.266
1409 -110.899
1410 -111.528
1411 -112.131
1412 -112.753
1413 -113.466
1414 -114.26
1415 -115.057
1416 -115.874
1417 -116.639
1418 -117.315
1419 -118.027
1420 -118.666
1421 -119.172
1422 -119.579
1423 -119.856
1424 -120.226
1425 -120.466
1426 -120.678
1427 -120.723
1428 -120.656
1429 -120.513
1430 -120.313
1431 -120.084
1432 -119.851
1433 -119.688
1434 -119.434
1435 -119.18
1436 -118.872
1437 -118.561
1438 -118.295
1439 -118.036
1440 -117.731
1441 -117.366
1442 -117.009
1443 -116.707
1444 -116.349
1445 -115.833
1446 -115.349
1447 -114.899
1448 -114.472
1449 -113.93
1450 -113.299
1451 -112.756
1452 -112.276
1453 -111.764
1454 -111.205
1455 -110.704
1456 -110.309
1457 -110.005
1458 -109.891
1459 -109.868
1460 -109.884
1461 -109.805
1462 -109.635
1463 -109.335
1464 -108.98
1465 -108.578
1466 -108.196
1467 -107.858
1468 -107.696
1469 -107.823
1470 -108.189
1471 -108.676
1472 -109.057
1473 -109.327
1474 -109.419
1475 -109.345
1476 -109.308
1477 -109.338
1478 -109.485
1479 -109.61
1480 -109.676
1481 -109.719
1482 -109.849
1483 -109.891
1484 -109.805
1485 -109.683
1486 -109.57
1487 -109.358
1488 -109.111
1489 -108.9
1490 -108.694
1491 -108.679
1492 -108.918
1493 -109.185
1494 -109.32
1495 -109.2
1496 -108.786
1497 -108.319
1498 -107.844
1499 -107.512
1500 -107.283
1501 -107.302
1502 -107.425
1503 -107.639
1504 -107.733
1505 -107.871
1506 -107.874
1507 -107.741
1508 -107.525
1509 -107.326
1510 -107.079
1511 -106.91
1512 -107.036
1513 -107.475
1514 -108.065
1515 -108.649
1516 -109.156
1517 -109.268
1518 -109.189
1519 -109.091
1520 -109
1521 -109.012
1522 -109.161
1523 -109.393
1524 -109.708
1525 -109.999
1526 -110.161
1527 -110.182
1528 -110.152
1529 -110.017
1530 -109.772
1531 -109.541
1532 -109.294
1533 -109.102
1534 -109.077
1535 -109.277
1536 -109.53
1537 -109.647
1538 -109.551
1539 -109.221
1540 -108.758
1541 -108.338
1542 -108.028
1543 -107.803
1544 -107.871
1545 -108.099
1546 -108.33
1547 -108.507
1548 -108.667
1549 -108.579
1550 -108.419
1551 -108.196
1552 -107.937
1553 -107.683
1554 -107.554
1555 -107.78
1556 -108.361
1557 -109.047
1558 -109.638
1559 -110.002
1560 -110.04
1561 -109.911
1562 -109.723
1563 -109.616
1564 -109.662
1565 -109.888
1566 -110.17
1567 -110.474
1568 -110.692
1569 -110.805
1570 -110.756
1571 -110.677
1572 -110.584
1573 -110.378
1574 -110.072
1575 -109.946
1576 -109.91
1577 -109.97
1578 -110.218
1579 -110.428
1580 -110.331
1581 -109.966
1582 -109.459
1583 -108.978
1584 -108.687
1585 -108.514
1586 -108.451
1587 -108.599
1588 -108.85
1589 -109.068
1590 -109.198
1591 -109.23
1592 -109.057
1593 -108.796
1594 -108.564
1595 -108.298
1596 -108.101
1597 -108.208
1598 -108.58
1599 -109.172
1600 -109.879
1601 -110.365
1602 -110.535
1603 -110.484
1604 -110.456
1605 -110.3
1606 -110.273
1607 -110.36
1608 -110.505
1609 -110.725
1610 -111.021
1611 -111.262
1612 -111.445
1613 -111.46
1614 -111.319
1615 -111.05
1616 -110.735
1617 -110.428
1618 -110.246
1619 -110.175
1620 -110.327
1621 -110.565
1622 -110.708
1623 -110.626
1624 -110.261
1625 -109.814
1626 -109.443
1627 -109.273
1628 -109.089
1629 -109.058
1630 -109.168
1631 -109.323
1632 -109.486
1633 -109.596
1634 -109.552
1635 -109.364
1636 -109.099
1637 -108.944
1638 -108.708
1639 -108.527
1640 -108.697
1641 -109.236
1642 -109.912
1643 -110.503
1644 -110.809
1645 -110.762
1646 -110.699
1647 -110.623
1648 -110.565
1649 -110.54
1650 -110.642
1651 -110.823
1652 -111.081
1653 -111.365
1654 -111.594
1655 -111.659
1656 -111.671
1657 -111.525
1658 -111.177
1659 -110.902
1660 -110.635
1661 -110.515
1662 -110.485
1663 -110.724
1664 -110.904
1665 -110.94
1666 -110.705
1667 -110.258
1668 -109.83
1669 -109.563
1670 -109.391
1671 -109.284
1672 -109.363
1673 -109.607
1674 -109.793
1675 -109.928
1676 -109.991
1677 -109.85
1678 -109.585
1679 -109.306
1680 -109.085
1681 -108.928
1682 -109.021
1683 -109.319
1684 -109.858
1685 -110.418
1686 -110.887
1687 -111.043
1688 -111.084
1689 -111.011
1690 -110.864
1691 -110.78
1692 -110.818
1693 -110.987
1694 -111.206
1695 -111.428
1696 -111.61
1697 -111.75
1698 -111.785
1699 -111.691
1700 -111.493
1701 -111.198
1702 -110.935
1703 -110.747
1704 -110.676
1705 -110.726
1706 -110.912
1707 -111.066
1708 -110.962
1709 -110.596
1710 -110.167
1711 -109.84
1712 -109.643
1713 -109.437
1714 -109.388
1715 -109.531
1716 -109.728
1717 -109.898
1718 -110.081
1719 -110.025
1720 -109.878
1721 -109.658
1722 -109.462
1723 -109.204
1724 -109.11
1725 -109.264
1726 -109.714
1727 -110.324
1728 -110.993
1729 -111.359
1730 -111.398
1731 -111.286
1732 -111.221
1733 -111.095
1734 -110.928
1735 -110.951
1736 -111.186
1737 -111.574
1738 -111.872
1739 -112.034
1740 -112.048
1741 -112.025
1742 -112.001
1743 -111.752
1744 -111.427
1745 -111.094
1746 -110.923
1747 -110.791
1748 -110.911
1749 -111.082
1750 -111.155
1751 -110.994
1752 -110.654
1753 -110.174
1754 -109.853
1755 -109.681
1756 -109.58
1757 -109.635
1758 -109.867
1759 -110.052
1760 -110.177
1761 -110.188
1762 -110.1
1763 -109.889
1764 -109.596
1765 -109.364
1766 -109.179
1767 -109.155
1768 -109.526
1769 -110.121
1770 -110.785
1771 -111.344
1772 -111.627
1773 -111.517
1774 -111.383
1775 -111.261
1776 -111.184
1777 -111.165
1778 -111.299
1779 -111.556
1780 -111.951
1781 -112.184
1782 -112.181
1783 -112.03
1784 -111.971
1785 -111.83
1786 -111.58
1787 -111.244
1788 -111.062
1789 -110.999
1790 -111.133
1791 -111.385
1792 -111.484
1793 -111.413
1794 -111.123
1795 -110.799
1796 -110.444
1797 -110.207
1798 -109.953
1799 -109.913
1800 -110.045
1801 -110.226
1802 -110.316
1803 -110.359
1804 -110.33
1805 -110.154
1806 -109.922
1807 -109.724
1808 -109.536
1809 -109.433
1810 -109.603
1811 -110.025
1812 -110.652
1813 -111.194
1814 -111.509
1815 -111.379
1816 -110.982
1817 -110.573
1818 -110.255
1819 -109.992
1820 -109.805
1821 -109.689
1822 -109.546
1823 -109.47
1824 -109.28
1825 -109.018
1826 -108.616
1827 -108.124
1828 -107.558
1829 -106.837
1830 -106.004
1831 -105.167
1832 -104.553
1833 -104.291
1834 -104.079
1835 -103.767
1836 -103.255
1837 -102.573
1838 -101.707
1839 -100.756
1840 -99.832
1841 -99.0202
1842 -98.3767
1843 -97.8043
1844 -97.2683
1845 -96.9191
1846 -96.6323
1847 -96.3438
1848 -96.0773
1849 -95.89
1850 -95.7852
1851 -95.6493
1852 -95.4259
1853 -95.2052
1854 -95.0391
1855 -95.036
1856 -95.2233
1857 -95.4711
1858 -95.6716
1859 -95.7877
1860 -95.9472
1861 -96.1195
1862 -96.39
1863 -96.7929
1864 -97.2648
1865 -97.7683
1866 -98.2369
1867 -98.5667
1868 -98.7848
1869 -99.0637
1870 -99.4265
1871 -99.9645
1872 -100.56
1873 -101.16
1874 -101.629
1875 -102.078
1876 -102.473
1877 -102.83
1878 -103.155
1879 -103.484
1880 -103.839
1881 -104.168
1882 -104.52
1883 -104.794
1884 -105.014
1885 -105.176
1886 -105.384
1887 -105.511
1888 -105.638
1889 -105.77
1890 -105.891
1891 -105.998
1892 -106.141
1893 -106.311
1894 -106.419
1895 -106.502
1896 -106.59
1897 -106.683
1898 -106.797
1899 -106.924
1900 -107.027
1901 -107.112
1902 -107.15
1903 -107.18
1904 -107.207
1905 -107.255
1906 -107.37
1907 -107.47
1908 -107.532
1909 -107.565
1910 -107.579
1911 -107.573
1912 -107.559
1913 -107.551
1914 -107.587
1915 -107.667
1916 -107.785
1917 -107.876
1918 -107.922
1919 -107.918
1920 -107.89
1921 -107.89
1922 -107.936
1923 -107.971
1924 -108.01
1925 -108.042
1926 -108.094
1927 -108.119
1928 -108.12
1929 -108.127
1930 -108.132
1931 -108.17
1932 -108.218
1933 -108.25
1934 -108.243
1935 -108.23
1936 -108.224
1937 -108.239
1938 -108.252
1939 -108.27
1940 -108.284
1941 -108.306
1942 -108.309
1943 -108.281
1944 -108.27
1945 -108.275
1946 -108.303
1947 -108.309
1948 -108.305
1949 -108.301
1950 -108.29
1951 -108.312
1952 -108.329
1953 -108.331
1954 -108.34
1955 -108.354
1956 -108.368
1957 -108.376
1958 -108.36
1959 -108.35
1960 -108.344
1961 -108.366
1962 -108.362
1963 -108.37
1964 -108.359
1965 -108.355
1966 -108.36
1967 -108.381
1968 -108.367
1969 -108.35
1970 -108.35
1971 -108.341
1972 -108.36
1973 -108.333
1974 -108.338
1975 -108.341
1976 -108.34
1977 -108.346
1978 -108.324
1979 -108.308
1980 -108.306
1981 -108.321
1982 -108.331
1983 -108.329
1984 -108.327
1985 -108.313
1986 -108.329
1987 -108.32
1988 -108.311
1989 -108.31
1990 -108.303
1991 -108.293
1992 -108.305
1993 -108.29
1994 -108.29
1995 -108.29
1996 -108.31
1997 -108.328
1998 -108.32
1999 -108.31
2000 -108.31
2001 -108.292
2002 -108.3
2003 -108.301
2004 -108.305
2005 -108.3
2006 -108.3
2007 -108.286
2008 -108.29
2009 -108.29
2010 -108.309
2011 -108.307
2012 -108.312
2013 -108.308
2014 -108.294
2015 -108.27
2016 -108.288
2017 -108.284
2018 -108.288
2019 -108.28
2020 -108.28
2021 -108.276
2022 -108.27
2023 -108.257
2024 -108.25
2025 -108.243
2026 -108.27
2027 -108.27
2028 -108.267
2029 -108.245
2030 -108.24
2031 -108.24
2032 -108.23
2033 -108.223
2034 -108.226
2035 -108.232
2036 -108.24
2037 -108.24
2038 -108.236
2039 -108.23
2040 -108.23
2041 -108.23
2042 -108.23
2043 -108.22
2044 -108.21
2045 -108.206
2046 -108.213
2047 -108.22
2048 -108.215
2049 -108.201
2050 -108.194
2051 -108.2
2052 -108.22
2053 -108.22
2054 -108.21
2055 -108.216
2056 -108.21
2057 -108.192
2058 -108.2
2059 -108.19
2060 -108.205
2061 -108.193
2062 -108.207
2063 -108.193
2064 -108.199
2065 -108.195
2066 -108.182
2067 -108.187
2068 -108.173
2069 -108.179
2070 -108.176
2071 -108.17
2072 -108.176
2073 -108.178
2074 -108.162
2075 -108.164
2076 -108.15
2077 -108.15
2078 -108.15
2079 -108.157
2080 -108.15
2081 -108.16
2082 -108.16
2083 -108.16
2084 -108.147
2085 -108.14
2086 -108.131
2087 -108.14
2088 -108.149
2089 -108.13
2090 -108.13
2091 -108.138
2092 -108.124
2093 -108.13
2094 -108.12
2095 -108.112
2096 -108.13
2097 -108.136
2098 -108.131
2099 -108.135
2100 -108.13
2101 -108.124
2102 -108.11
2103 -108.101
2104 -108.115
2105 -108.111
2106 -108.107
2107 -108.115
2108 -108.11
2109 -108.104
2110 -108.1
2111 -108.104
2112 -108.102
2113 -108.108
2114 -108.094
2115 -108.08
2116 -108.079
2117 -108.09
2118 -108.09
2119 -108.09
2120 -108.089
2121 -108.085
2122 -108.072
2123 -108.087
2124 -108.08
2125 -108.079
2126 -108.07
2127 -108.06
2128 -108.07
2129 -108.062
2130 -108.078
2131 -108.058
2132 -108.06
2133 -108.046
2134 -108.04
2135 -108.052
2136 -108.054
2137 -108.069
2138 -108.06
2139 -108.06
2140 -108.067
2141 -108.053
2142 -108.041
2143 -108.05
2144 -108.05
2145 -108.047
2146 -108.04
2147 -108.047
2148 -108.03
2149 -108.02
2150 -108.044
2151 -108.042
2152 -108.042
2153 -108.056
2154 -108.04
2155 -108.04
2156 -108.031
2157 -108.03
2158 -108.03
2159 -108.012
2160 -108.03
2161 -108.012
2162 -108.003
2163 -108.01
2164 -108.019
2165 -108.01
2166 -108.01
2167 -108.014
2168 -108.012
2169 -108.012
2170 -108.008
2171 -107.99
2172 -108
2173 -108.008
2174 -108
2175 -107.993
2176 -107.999
2177 -107.995
2178 -107.991
2179 -107.993
2180 -107.993
2181 -108
2182 -108
2183 -108
2184 -107.98
2185 -107.988
2186 -107.98
2187 -107.986
2188 -107.99
2189 -107.99
2190 -107.982
2191 -107.97
2192 -107.964
2193 -107.979
2194 -107.96
2195 -107.977
2196 -107.973
2197 -107.98
2198 -107.968
2199 -107.95
2200 -107.95
2201 -107.96
2202 -107.967
2203 -107.97
2204 -107.964
2205 -107.95
2206 -107.94
2207 -107.94
2208 -107.95
2209 -107.95
2210 -107.95
2211 -107.941
2212 -107.947
2213 -107.938
2214 -107.93
2215 -107.931
2216 -107.935
2217 -107.939
2218 -107.93
2219 -107.93
2220 -107.938
2221 -107.925
2222 -107.921
2223 -107.93
2224 -107.922
2225 -107.93
2226 -107.924
2227 -107.93
2228 -107.912
2229 -107.908
2230 -107.91
2231 -107.916
2232 -107.92
2233 -107.905
2234 -107.9
2235 -107.9
2236 -107.9
2237 -107.901
2238 -107.91
2239 -107.91
2240 -107.907
2241 -107.9
2242 -107.901
2243 -107.899
2244 -107.9
2245 -107.896
2246 -107.898
2247 -107.882
2248 -107.89
2249 -107.88
2250 -107.876
2251 -107.878
2252 -107.877
2253 -107.883
2254 -107.899
2255 -107.885
2256 -107.88
2257 -107.863
2258 -107.856
2259 -107.86
2260 -107.871
2261 -107.88
2262 -107.88
2263 -107.888
2264 -107.876
2265 -107.86
2266 -107.86
2267 -107.86
2268 -107.868
2269 -107.86
2270 -107.86
2271 -107.851
2272 -107.856
2273 -107.849
2274 -107.843
2275 -107.857
2276 -107.86
2277 -107.855
2278 -107.85
2279 -107.85
2280 -107.843
2281 -107.842
2282 -107.85
2283 -107.84
2284 -107.846
2285 -107.84
2286 -107.83
2287 -107.83
2288 -107.83
2289 -107.824
2290 -107.83
2291 -107.83
2292 -107.837
2293 -107.83
2294 -107.83
2295 -107.83
2296 -107.83
2297 -107.823
2298 -107.839
2299 -107.83
2300 -107.82
2301 -107.674
2302 -107.002
2303 -106.845
2304 -106.999
2305 -107.2
2306 -107.237
2307 -107.008
2308 -106.604
2309 -106.159
2310 -105.788
2311 -105.496
2312 -105.188
2313 -104.82
2314 -104.355
2315 -103.813
2316 -103.211
2317 -102.61
2318 -102.06
2319 -101.504
2320 -101.032
2321 -100.535
2322 -100.007
2323 -99.4607
2324 -98.8784
2325 -98.3242
2326 -97.76
2327 -97.1762
2328 -96.6173
2329 -96.0304
2330 -95.4707
2331 -94.8857
2332 -94.3133
2333 -93.701
2334 -93.0613
2335 -92.3971
2336 -91.7201
2337 -91.0217
2338 -90.3526
2339 -89.6795
2340 -89.0917
2341 -88.4963
2342 -87.9545
2343 -87.5454
2344 -87.2584
2345 -87.0793
2346 -87.06
2347 -87.1492
2348 -87.2792
2349 -87.4484
2350 -87.627
2351 -87.7077
2352 -87.747
2353 -87.8106
2354 -88.0168
2355 -88.3939
2356 -88.9156
2357 -89.5334
2358 -90.1433
2359 -90.7056
2360 -91.2232
2361 -91.7958
2362 -92.3199
2363 -92.8436
2364 -93.3705
2365 -94.0182
2366 -94.6999
2367 -95.3227
2368 -95.8132
2369 -96.3327
2370 -96.7918
2371 -97.1706
2372 -97.4708
2373 -97.7163
2374 -97.9382
2375 -98.205
2376 -98.5379
2377 -98.849
2378 -99.0553
2379 -99.0612
2380 -99.03
2381 -98.9601
2382 -98.9261
2383 -99.1048
2384 -99.463
2385 -99.8518
2386 -100.347
2387 -100.921
2388 -101.245
2389 -101.305
2390 -101.202
2391 -101.105
2392 -100.85
2393 -100.53
2394 -100.149
2395 -99.8624
2396 -99.558
2397 -99.2218
2398 -98.9503
2399 -98.7047
2400 -98.5304
2401 -98.4303
2402 -98.558
2403 -98.7531
2404 -99.0593
2405 -99.4976
2406 -100.015
2407 -100.471
2408 -100.81
2409 -101.093
2410 -101.341
2411 -101.517
2412 -101.654
2413 -101.78
2414 -101.746
2415 -101.676
2416 -101.555
2417 -101.413
2418 -101.177
2419 -101.18
2420 -101.401
2421 -101.606
2422 -101.66
2423 -101.622
2424 -101.306
2425 -100.942
2426 -100.837
2427 -101.034
2428 -101.332
2429 -101.793
2430 -102.31
2431 -102.562
2432 -102.653
2433 -102.643
2434 -102.364
2435 -101.838
2436 -101.35
2437 -101.027
2438 -100.682
2439 -100.27
2440 -99.9152
2441 -99.6648
2442 -99.4051
2443 -99.2128
2444 -99.1295
2445 -99.1154
2446 -99.18
2447 -99.3499
2448 -99.7365
2449 -100.25
2450 -100.755
2451 -101.151
2452 -101.484
2453 -101.742
2454 -101.889
2455 -101.957
2456 -101.941
2457 -101.793
2458 -101.624
2459 -101.553
2460 -101.403
2461 -101.282
2462 -101.374
2463 -101.566
2464 -101.697
2465 -101.703
2466 -101.498
2467 -101.112
2468 -100.853
2469 -100.848
2470 -100.995
2471 -101.303
2472 -101.825
2473 -102.305
2474 -102.481
2475 -102.477
2476 -102.224
2477 -101.783
2478 -101.327
2479 -100.844
2480 -100.466
2481 -100.197
2482 -99.9001
2483 -99.684
2484 -99.543
2485 -99.3667
2486 -99.1525
2487 -99.089
2488 -99.0678
2489 -99.2031
2490 -99.4939
2491 -100.04
2492 -100.469
2493 -100.801
2494 -101.046
2495 -101.258
2496 -101.39
2497 -101.525
2498 -101.664
2499 -101.711
2500 -101.655
2501 -101.511
2502 -101.388
2503 -101.112
2504 -100.987
2505 -101.168
2506 -101.435
2507 -101.611
2508 -101.552
2509 -101.324
2510 -100.966
2511 -100.913
2512 -101.046
2513 -101.235
2514 -101.451
2515 -101.633
2516 -101.772
2517 -101.76
2518 -101.746
2519 -101.665
2520 -101.379
2521 -100.96
2522 -100.546
2523 -100.207
2524 -99.8105
2525 -99.5154
2526 -99.3746
2527 -99.3876
2528 -99.3224
2529 -99.1955
2530 -99.1011
2531 -98.9796
2532 -99.1309
2533 -99.5507
2534 -100.077
2535 -100.456
2536 -100.762
2537 -100.892
2538 -101.027
2539 -101.206
2540 -101.375
2541 -101.421
2542 -101.383
2543 -101.349
2544 -101.327
2545 -101.099
2546 -100.881
2547 -100.879
2548 -101.117
2549 -101.429
2550 -101.529
2551 -101.297
2552 -100.861
2553 -100.532
2554 -100.516
2555 -100.589
2556 -100.756
2557 -101.159
2558 -101.532
2559 -101.77
2560 -101.797
2561 -101.692
2562 -101.31
2563 -100.82
2564 -100.336
2565 -99.9843
2566 -99.6264
2567 -99.283
2568 -99.1049
2569 -99.0051
2570 -98.8911
2571 -98.7329
2572 -98.6824
2573 -98.5603
2574 -98.5463
2575 -98.7664
2576 -99.2914
2577 -99.8237
2578 -100.212
2579 -100.532
2580 -100.788
2581 -100.985
2582 -101.071
2583 -101.118
2584 -101.064
2585 -100.938
2586 -100.807
2587 -100.678
2588 -100.473
2589 -100.391
2590 -100.478
2591 -100.742
2592 -100.89
2593 -100.879
2594 -100.6
2595 -100.133
2596 -99.8769
2597 -99.9278
2598 -100.051
2599 -100.401
2600 -100.864
2601 -101.248
2602 -101.378
2603 -101.237
2604 -100.954
2605 -100.495
2606 -99.9028
2607 -99.3865
2608 -99.103
2609 -98.8578
2610 -98.6299
2611 -98.4866
2612 -98.3895
2613 -98.1879
2614 -98.0093
2615 -97.9089
2616 -97.8723
2617 -98.0556
2618 -98.4924
2619 -98.9529
2620 -99.3846
2621 -99.7164
2622 -100.011
2623 -100.173
2624 -100.305
2625 -100.35
2626 -100.355
2627 -100.366
2628 -100.233
2629 -100.141
2630 -100.005
2631 -99.8158
2632 -99.8054
2633 -99.9933
2634 -100.11
2635 -100.093
2636 -99.932
2637 -99.5776
2638 -99.1919
2639 -99.1227
2640 -99.3541
2641 -99.6945
2642 -100.224
2643 -100.581
2644 -100.725
2645 -100.652
2646 -100.467
2647 -100.068
2648 -99.552
2649 -99.0433
2650 -98.6682
2651 -98.368
2652 -98.0928
2653 -97.892
2654 -97.7607
2655 -97.6414
2656 -97.4738
2657 -97.3469
2658 -97.2394
2659 -97.261
2660 -97.5429
2661 -98.0444
2662 -98.542
2663 -98.9043
2664 -99.1383
2665 -99.3433
2666 -99.5183
2667 -99.5888
2668 -99.6396
2669 -99.6478
2670 -99.6739
2671 -99.596
2672 -99.4032
2673 -99.1542
2674 -99.0235
2675 -99.1432
2676 -99.4051
2677 -99.534
2678 -99.5555
2679 -99.3797
2680 -98.9765
2681 -98.8061
2682 -98.9499
2683 -99.1614
2684 -99.2632
2685 -99.3575
2686 -99.4563
2687 -99.4343
2688 -99.398
2689 -99.3234
2690 -99.0952
2691 -98.6678
2692 -98.2557
2693 -97.9857
2694 -97.5993
2695 -97.3225
2696 -97.2009
2697 -97.1889
2698 -97.1201
2699 -96.979
2700 -96.7696
2701 -96.5935
2702 -96.5606
2703 -96.937
2704 -97.4794
2705 -97.941
2706 -98.1599
2707 -98.3391
2708 -98.5305
2709 -98.6932
2710 -98.7445
2711 -98.76
2712 -98.7009
2713 -98.6972
2714 -98.6613
2715 -98.5803
2716 -98.3539
2717 -98.2816
2718 -98.4864
2719 -98.681
2720 -98.7369
2721 -98.5696
2722 -98.2038
2723 -97.8561
2724 -97.9258
2725 -98.2118
2726 -98.3828
2727 -98.5541
2728 -98.6467
2729 -98.67
2730 -98.6743
2731 -98.6884
2732 -98.6347
2733 -98.4604
2734 -98.2196
2735 -98.0706
2736 -97.9784
2737 -97.85
2738 -97.9359
2739 -98.109
2740 -98.4549
2741 -98.7978
2742 -99.0522
2743 -99.2175
2744 -99.4388
2745 -100.028
2746 -100.839
2747 -101.679
2748 -102.42
2749 -103.145
2750 -103.902
2751 -104.573
2752 -105.193
2753 -105.779
2754 -106.307
2755 -106.774
2756 -107.126
2757 -107.484
2758 -107.841
2759 -108.237
2760 -108.828
2761 -109.527
2762 -110.334
2763 -111.146
2764 -111.899
2765 -112.479
2766 -112.684
2767 -112.574
2768 -112.232
2769 -111.813
2770 -111.616
2771 -111.661
2772 -111.897
2773 -112.197
2774 -112.424
2775 -112.406
2776 -112.098
2777 -111.78
2778 -111.446
2779 -111.214
2780 -111.093
2781 -110.985
2782 -110.813
2783 -110.582
2784 -110.209
2785 -109.738
2786 -109.254
2787 -108.875
2788 -108.526
2789 -108.184
2790 -107.867
2791 -107.534
2792 -107.118
2793 -106.637
2794 -106.059
2795 -105.437
2796 -104.918
2797 -104.49
2798 -104.165
2799 -103.95
2800 -103.792
2801 -103.631
2802 -103.442
2803 -103.198
2804 -102.853
2805 -102.544
2806 -102.316
2807 -102.137
2808 -102.038
2809 -101.959
2810 -101.846
2811 -101.672
2812 -101.487
2813 -101.28
2814 -101.083
2815 -100.938
2816 -100.868
2817 -100.814
2818 -100.736
2819 -100.623
2820 -100.52
2821 -100.423
2822 -100.388
2823 -100.374
2824 -100.319
2825 -100.216
2826 -100.12
2827 -100.038
2828 -99.9673
2829 -99.9294
2830 -99.92
2831 -99.92
2832 -99.9171
2833 -99.8959
2834 -99.8665
2835 -99.819
2836 -99.7906
2837 -99.7431
2838 -99.7073
2839 -99.6499
2840 -99.5827
2841 -99.5206
2842 -99.482
2843 -99.4538
2844 -99.4322
2845 -99.4337
2846 -99.4396
2847 -99.4255
2848 -99.4286
2849 -99.44
2850 -99.4332
2851 -99.4091
2852 -99.395
2853 -99.3991
2854 -99.3832
2855 -99.3827
2856 -99.3686
2857 -99.3711
2858 -99.3703
2859 -99.3762
2860 -99.37
2861 -99.392
2862 -99.4061
2863 -99.4
2864 -99.4
2865 -99.4
2866 -99.3875
2867 -99.38
2868 -99.36
2869 -99.3648
2870 -99.3611
2871 -99.373
2872 -99.38
2873 -99.3688
2874 -99.3494
2875 -99.3494
2876 -99.3435
2877 -99.35
2878 -99.3583
2879 -99.35
2880 -99.34
2881 -99.32
2882 -99.32
2883 -99.3377
2884 -99.33
2885 -99.33
2886 -99.3346
2887 -99.34
2888 -99.3344
2889 -99.32
2890 -99.331
2891 -99.3451
2892 -99.3592
2893 -99.3466
2894 -99.36
2895 -99.3615
2896 -99.3644
2897 -99.3697
2898 -99.38
2899 -99.3879
2900 -99.39
2901 -99.3961
2902 -99.38
2903 -99.38
2904 -99.38
2905 -99.3826
2906 -99.39
2907 -99.3915
2908 -99.41
2909 -99.3921
2910 -99.4
2911 -99.3928
2912 -99.4
2913 -99.4054
2914 -99.41
2915 -99.4136
2916 -99.42
2917 -99.4282
2918 -99.4259
2919 -99.42
2920 -99.4159
2921 -99.4182
2922 -99.4077
2923 -99.4
2924 -99.3995
2925 -99.3946
2926 -99.3913
2927 -99.4057
2928 -99.4339
2929 -99.4389
2930 -99.4248
2931 -99.4107
2932 -99.4166
2933 -99.4175
2934 -99.4316
2935 -99.44
2936 -99.4498
2937 -99.4561
2938 -99.442
2939 -99.43
2940 -99.4362
2941 -99.45
2942 -99.4544
2943 -99.4685
2944 -99.4874
2945 -99.48
2946 -99.48
2947 -99.4751
2948 -99.479
2949 -99.4831
2950 -99.49
2951 -99.49
2952 -99.4954
2953 -99.5
2954 -99.4963
2955 -99.49
2956 -99.5
2957 -99.5119
2958 -99.5299
2959 -99.5158
2960 -99.5266
2961 -99.5052
2962 -99.503
2963 -99.52
2964 -99.5294
2965 -99.54
2966 -99.5242
2967 -99.517
2968 -99.5178
2969 -99.5104
2970 -99.5293
2971 -99.5234
2972 -99.53
2973 -99.5267
2974 -99.5215
2975 -99.53
2976 -99.53
2977 -99.538
2978 -99.55
2979 -99.5563
2980 -99.5593
2981 -99.5445
2982 -99.5414
2983 -99.53
2984 -99.5232
2985 -99.5409
2986 -99.56
2987 -99.5882
2988 -99.5768
2989 -99.57
2990 -99.56
2991 -99.5545
2992 -99.5596
2993 -99.5674
2994 -99.5878
2995 -99.59
2996 -99.596
2997 -99.59
2998 -99.5815
2999 -99.57
3000 -99.5749
3001 -99.5965
3002 -99.5907
3003 -99.6048
3004 -99.6011
3005 -99.603
3006 -99.6029
3007 -99.6012
3008 -99.5994
3009 -99.5994
3010 -99.6135
3011 -99.6048
3012 -99.62
3013 -99.62
3014 -99.62
3015 -99.628
3016 -99.6319
3017 -99.6222
3018 -99.63
3019 -99.61
3020 -99.6145
3021 -99.6373
3022 -99.65
3023 -99.65
3024 -99.6591
3025 -99.6399
3026 -99.63
3027 -99.63
3028 -99.6226
3029 -99.65
3030 -99.6611
3031 -99.67
3032 -99.66
3033 -99.6679
3034 -99.648
3035 -99.6461
3036 -99.65
3037 -99.6586
3038 -99.67
3039 -99.6825
3040 -99.6834
3041 -99.6793
3042 -99.6604
3043 -99.6678
3044 -99.6661
3045 -99.6871
3046 -99.6888
3047 -99.68
3048 -99.6894
3049 -99.6871
3050 -99.6847
3051 -99.6982
3052 -99.7017
3053 -99.6901
3054 -99.6959
3055 -99.6982
3056 -99.7023
3057 -99.7164
3058 -99.72
3059 -99.7154
3060 -99.7187
3061 -99.73
3062 -99.7162
3063 -99.71
3064 -99.71
3065 -99.71
3066 -99.7133
3067 -99.7274
3068 -99.7285
3069 -99.7256
3070 -99.73
3071 -99.7462
3072 -99.74
3073 -99.73
3074 -99.7362
3075 -99.7408
3076 -99.7656
3077 -99.76
3078 -99.7574
3079 -99.7433
3080 -99.75
3081 -99.7549
3082 -99.76
3083 -99.7562
3084 -99.7628
3085 -99.7774
3086 -99.7654
3087 -99.7605
3088 -99.77
3089 -99.77
3090 -99.79
3091 -99.7841
3092 -99.78
3093 -99.79
3094 -99.7735
3095 -99.7977
3096 -99.79
3097 -99.7995
3098 -99.79
3099 -99.7988
3100 -99.79
3101 -99.797
3102 -99.8011
3103 -99.81
3104 -99.8007
3105 -99.8066
3106 -99.8
3107 -99.8016
3108 -99.81
3109 -99.8198
3110 -99.81
3111 -99.81
3112 -99.82
3113 -99.82
3114 -99.8197
3115 -99.81
3116 -99.81
3117 -99.8153
3118 -99.83
3119 -99.8392
3120 -99.8349
3121 -99.84
3122 -99.83
3123 -99.8227
3124 -99.8386
3125 -99.8464
3126 -99.8696
3127 -99.8663
3128 -99.86
3129 -99.85
3130 -99.85
3131 -99.85
3132 -99.85
3133 -99.8583
3134 -99.8724
3135 -99.8865
3136 -99.87
3137 -99.8606
3138 -99.8676
3139 -99.86
3140 -99.86
3141 -99.88
3142 -99.8748
3143 -99.87
3144 -99.8834
3145 -99.89
3146 -99.88
3147 -99.8742
3148 -99.8799
3149 -99.8779
3150 -99.8819
3151 -99.9
3152 -99.8937
3153 -99.89
3154 -99.8945
3155 -99.9
3156 -99.9027
3157 -99.9032
3158 -99.9009
3159 -99.9
3160 -99.9082
3161 -99.91
3162 -99.91
3163 -99.9
3164 -99.9055
3165 -99.9196
3166 -99.9063
3167 -99.9
3168 -99.92
3169 -99.92
3170 -99.94
3171 -99.94
3172 -99.9316
3173 -99.9351
3174 -99.92
3175 -99.92
3176 -99.92
3177 -99.9289
3178 -99.943
3179 -99.95
3180 -99.9512
3181 -99.96
3182 -99.9412
3183 -99.94
3184 -99.94
3185 -99.9417
3186 -99.9558
3187 -99.96
3188 -99.956
3189 -99.9581
3190 -99.96
3191 -99.96
3192 -99.96
3193 -99.9645
3194 -99.97
3195 -99.9772
3196 -99.97
3197 -99.9881
3198 -99.97
3199 -99.9883
3200 -99.9867
3201 -99.9874
3202 -99.98
3203 -99.9744
3204 -99.9894
3205 -99.9862
3206 -99.98
3207 -99.99
3208 -99.99
3209 -99.9804
3210 -99.9957
3211 -99.99
3212 -99.9975
3213 -100.003
3214 -100.011
3215 -100.015
3216 -100.01
3217 -99.993
3218 -99.9857
3219 -99.9925
3220 -100.005
3221 -100.028
3222 -100.017
3223 -100.03
3224 -100.018
3225 -100.016
3226 -100.02
3227 -100.02
3228 -100.02
3229 -100.032
3230 -100.04
3231 -100.021
3232 -100.035
3233 -100.03
3234 -100.04
3235 -100.033
3236 -100.041
3237 -100.045
3238 -100.049
3239 -100.05
3240 -100.043
3241 -100.042
3242 -100.056
3243 -100.04
3244 -100.056
3245 -100.042
3246 -100.036
3247 -100.066
3248 -100.07
3249 -100.064
3250 -100.062
3251 -100.077
3252 -100.063
3253 -100.052
3254 -100.06
3255 -100.059
3256 -100.073
3257 -100.087
3258 -100.081
3259 -100.085
3260 -100.061
3261 -100.06
3262 -100.068
3263 -100.072
3264 -100.074
3265 -100.08
3266 -100.084
3267 -100.082
3268 -100.072
3269 -100.086
3270 -100.081
3271 -100.095
3272 -100.081
3273 -100.1
3274 -100.107
3275 -100.09
3276 -100.1
3277 -100.091
3278 -100.09
3279 -100.09
3280 -100.11
3281 -100.116
3282 -100.12
3283 -100.114
3284 -100.112
3285 -100.1
3286 -100.112
3287 -100.11
3288 -100.11
3289 -100.119
3290 -100.115
3291 -100.107
3292 -100.12
3293 -100.12
3294 -100.129
3295 -100.133
3296 -100.133
3297 -100.139
3298 -100.13
3299 -100.13
3300 -100.14
3301 -100.14
3302 -100.132
3303 -100.134
3304 -100.13
3305 -100.14
3306 -100.132
3307 -100.13
3308 -100.13
3309 -100.14
3310 -100.135
3311 -100.148
3312 -100.15
3313 -100.143
3314 -100.15
3315 -100.145
3316 -100.159
3317 -100.16
3318 -100.16
3319 -100.148
3320 -100.14
3321 -100.14
3322 -100.138
3323 -100.166
3324 -100.174
3325 -100.177
3326 -100.17
3327 -100.165
3328 -100.169
3329 -100.16
3330 -100.16
3331 -100.162
3332 -100.175
3333 -100.17
3334 -100.167
3335 -100.167
3336 -100.161
3337 -100.164
3338 -100.179
3339 -100.184
3340 -100.182
3341 -100.188
3342 -100.18
3343 -100.18
3344 -100.179
3345 -100.19
3346 -100.2
3347 -100.193
3348 -100.18
3349 -100.185
3350 -100.19
3351 -100.197
3352 -100.204
3353 -100.201
3354 -100.205
3355 -100.2
3356 -100.196
3357 -100.19
3358 -100.198
3359 -100.19
3360 -100.2
3361 -100.204
3362 -100.21
3363 -100.202
3364 -100.204
3365 -100.19
3366 -100.2
3367 -100.2
3368 -100.213
3369 -100.213
3370 -100.201
3371 -100.205
3372 -100.2
3373 -100.217
3374 -100.225
3375 -100.229
3376 -100.214
3377 -100.22
3378 -100.214
3379 -100.22
3380 -100.22
3381 -100.226
3382 -100.22
3383 -100.234
3384 -100.24
3385 -100.23
3386 -100.223
3387 -100.23
3388 -100.24
3389 -100.241
3390 -100.233
3391 -100.233
3392 -100.23
3393 -100.23
3394 -100.23
3395 -100.237
3396 -100.242
3397 -100.25
3398 -100.256
3399 -100.26
