0 -104.273
1 -103.025
2 -105.421
3 -104.04
4 -104.803
5 -103.964
6 -103.259
7 -102.716
8 -104.899
9 -102.924
10 -103.081
11 -103.248
12 -103.16
13 -101.959
14 -103.578
15 -103.111
16 -103.816
17 -103.91
18 -104.145
19 -104.606
20 -102.361
21 -104.807
22 -103.501
23 -104.723
24 -102.476
25 -102.423
26 -103.631
27 -104.271
28 -103.802
29 -106.319
30 -104.807
31 -106.646
32 -105.438
33 -105.653
34 -107.692
35 -106.95
36 -106.072
37 -109.956
38 -109.404
39 -108.597
40 -110.201
41 -109.778
42 -110.513
43 -111.244
44 -111.055
45 -110.53
46 -111.264
47 -113.205
48 -114.61
49 -113.837
50 -115.267
51 -114.555
52 -115.411
53 -114.363
54 -116.208
55 -119.531
56 -118.58
57 -118.932
58 -119.408
59 -120.751
60 -120.625
61 -119.359
62 -122.102
63 -120.218
64 -120.835
65 -122.383
66 -122.453
67 -122.125
68 -124.22
69 -122.93
70 -121.566
71 -121.431
72 -121.534
73 -121.416
74 -120.778
75 -120.175
76 -119.035
77 -119.806
78 -118.412
79 -117.953
80 -118.303
81 -116.808
82 -115.163
83 -117.546
84 -117.431
85 -116.163
86 -115.651
87 -114.853
88 -115.565
89 -115.342
90 -115.58
91 -114.176
92 -112.866
93 -114.029
94 -111.857
95 -110.746
96 -111.716
97 -113.195
98 -109.822
99 -112.621
100 -110.554
101 -111.328
102 -110.109
103 -110.991
104 -111.256
105 -112.434
106 -110.41
107 -111.866
108 -109.286
109 -110.978
110 -111.697
111 -110.599
112 -109.365
113 -109.808
114 -112.244
115 -112.826
116 -111.903
117 -112.316
118 -111.493
119 -111.62
120 -112.861
121 -112.283
122 -111.757
123 -112.525
124 -111.817
125 -112.513
126 -110.855
127 -112.648
128 -111.134
129 -111.016
130 -110.031
131 -112.089
132 -112.833
133 -110.654
134 -111.868
135 -112.274
136 -111.707
137 -111.697
138 -112.283
139 -113
140 -112.24
141 -111.758
142 -111.363
143 -110.523
144 -110.833
145 -109.037
146 -109.95
147 -109.82
148 -109.253
149 -109.539
150 -109.587
151 -109.767
152 -107.821
153 -109.945
154 -108.046
155 -110.064
156 -110.638
157 -111.109
158 -108.861
159 -109.671
160 -107.556
161 -109.142
162 -110.251
163 -109.429
164 -110.97
165 -112.7
166 -110.959
167 -112.857
168 -109.863
169 -111.672
170 -110.79
171 -112.467
172 -110.587
173 -110.227
174 -111.469
175 -112.28
176 -110.831
177 -111.09
178 -111.831
179 -110.241
180 -110.769
181 -112.22
182 -112.095
183 -111.721
184 -110.808
185 -112.835
186 -110.405
187 -109.654
188 -112.078
189 -113.847
190 -111.146
191 -112.049
192 -111.494
193 -111.486
194 -109.995
195 -110.405
196 -108.084
197 -110.029
198 -109.08
199 -110.452
200 -110.622
201 -108.653
202 -110.209
203 -106.365
204 -107.821
205 -110.02
206 -108.983
207 -108.725
208 -109.678
209 -107.696
210 -109.839
211 -113.058
212 -110.746
213 -110.468
214 -111.756
215 -111.387
216 -110.89
217 -111.374
218 -109.54
219 -112.03
220 -108.243
221 -111.597
222 -109.896
223 -110.687
224 -111.855
225 -111.644
226 -112.622
227 -111.642
228 -112.64
229 -111.921
230 -109.984
231 -111.756
232 -110.516
233 -110.392
234 -112.471
235 -113.304
236 -112.107
237 -112.309
238 -111.836
239 -111.126
240 -110.855
241 -110.838
242 -110.732
243 -111.031
244 -111.319
245 -110.513
246 -110.21
247 -109.001
248 -108.343
249 -109.964
250 -109.184
251 -110.674
252 -108.709
253 -108.965
254 -109.733
255 -108.746
256 -109.086
257 -110.992
258 -107.889
259 -109.891
260 -109.736
261 -110.56
262 -111.317
263 -111.658
264 -112.555
265 -110.598
266 -111.93
267 -111.441
268 -113.684
269 -113.115
270 -112.062
271 -112.679
272 -112.222
273 -111.235
274 -112.39
275 -111.559
276 -112.003
277 -110.686
278 -111.368
279 -111.981
280 -111.177
281 -112.524
282 -111.091
283 -112.779
284 -113.196
285 -113.064
286 -113.985
287 -113.389
288 -110.187
289 -110.834
290 -110.527
291 -111.371
292 -112.313
293 -112.492
294 -110.956
295 -111.701
296 -110.296
297 -111.391
298 -110.19
299 -110.3
300 -110.195
301 -110.931
302 -110.193
303 -110.576
304 -111.987
305 -111.326
306 -110.153
307 -111.014
308 -111.458
309 -112.161
310 -112.453
311 -112.037
312 -111.968
313 -110.821
314 -110.895
315 -111.258
316 -110.991
317 -112.963
318 -112.755
319 -111.769
320 -112.068
321 -112.842
322 -112.035
323 -113.263
324 -113.202
325 -113.305
326 -112.078
327 -111.35
328 -112.344
329 -112.548
330 -111.691
331 -110.825
332 -112.285
333 -111.818
334 -112.901
335 -112.576
336 -110.999
337 -112.407
338 -113.153
339 -112.513
340 -111.236
341 -109.725
342 -110.864
343 -110.527
344 -110.829
345 -110.997
346 -109.214
347 -110.586
348 -110.667
349 -110.613
350 -111.089
351 -110.662
352 -110.774
353 -110.411
354 -109.891
355 -109.683
356 -110.615
357 -111.576
358 -112.145
359 -111.984
360 -112.266
361 -113.094
362 -113.056
363 -112.242
364 -112.685
365 -111.726
366 -113.485
367 -114.141
368 -113.203
369 -111.91
370 -110.857
371 -113.09
372 -112.249
373 -113.954
374 -114.385
375 -114.427
376 -114.988
377 -112.191
378 -113.116
379 -112.541
380 -114.243
381 -113.982
382 -113.279
383 -113.274
384 -113.372
385 -112.286
386 -112.591
387 -111.038
388 -110.359
389 -112.139
390 -113.074
391 -111.771
392 -110.373
393 -111.267
394 -108.557
395 -111.096
396 -110.238
397 -111.571
398 -110.007
399 -110.033
400 -109.625
401 -111.59
402 -110.913
403 -110.628
404 -110.798
405 -109.577
406 -111.293
407 -112.837
408 -113.005
409 -111.811
410 -110.816
411 -113.266
412 -112.035
413 -111.838
414 -113.125
415 -112.975
416 -112.841
417 -113.538
418 -113.667
419 -113.636
420 -112.415
421 -114.038
422 -113.164
423 -113.491
424 -111.963
425 -113.057
426 -113.148
427 -113.128
428 -112.062
429 -112.046
430 -113.707
431 -112.909
432 -113.537
433 -113.192
434 -112.599
435 -111.751
436 -108.834
437 -112.244
438 -111.416
439 -111.678
440 -111.403
441 -110.829
442 -109.378
443 -110.553
444 -109.878
445 -109.571
446 -109.828
447 -110.089
448 -110.524
449 -110.233
450 -110.776
451 -109.747
452 -110.067
453 -111.582
454 -110.882
455 -112.955
456 -112.245
457 -113.961
458 -110.47
459 -112.735
460 -111.685
461 -110.914
462 -113.372
463 -112.952
464 -111.005
465 -112.869
466 -115.034
467 -113.948
468 -114.187
469 -112.203
470 -111.842
471 -114.068
472 -113.793
473 -113.956
474 -111.694
475 -113.345
476 -112.152
477 -112.131
478 -112.834
479 -114.142
480 -113.782
481 -113.08
482 -113.351
483 -111.11
484 -111.441
485 -110.549
486 -112.347
487 -112.263
488 -110.864
489 -111.921
490 -111.86
491 -110.829
492 -110.978
493 -110.232
494 -110.312
495 -109.347
496 -110.374
497 -108.119
498 -110.411
499 -111.328
500 -110.026
501 -112.393
502 -112.985
503 -111.853
504 -114.068
505 -113.063
506 -111.952
507 -113.237
508 -111.116
509 -111.297
510 -112.53
511 -113.437
512 -114.159
513 -113.426
514 -112.695
515 -113.028
516 -114.291
517 -113.462
518 -113.637
519 -112.896
520 -112.947
521 -114.289
522 -112.035
523 -110.668
524 -109.923
525 -111.218
526 -111.316
527 -109.075
528 -110.703
529 -111.121
530 -108.842
531 -108.794
532 -107.358
533 -105.815
534 -105.81
535 -104.377
536 -102.91
537 -103.789
538 -101.989
539 -102.748
540 -103.329
541 -101.018
542 -100.919
543 -99.1705
544 -100.72
545 -101.128
546 -100.65
547 -98.5482
548 -98.8987
549 -99.4641
550 -97.6009
551 -99.0836
552 -97.5385
553 -96.7736
554 -97.2091
555 -95.917
556 -97.9073
557 -97.2273
558 -96.1375
559 -95.2423
560 -96.9755
561 -96.4191
562 -96.3017
563 -96.0182
564 -94.4944
565 -95.2438
566 -94.9868
567 -95.6456
568 -95.2945
569 -94.2312
570 -92.8297
571 -92.9594
572 -91.2264
573 -90.6145
574 -91.2415
575 -90.8768
576 -90.4167
577 -90.7218
578 -89.1085
579 -89.0888
580 -89.235
581 -90.3008
582 -90.7366
583 -91.0425
584 -89.8153
585 -90.1523
586 -89.6459
587 -89.9573
588 -90.5169
589 -90.221
590 -90.2845
591 -90.7951
592 -90.6466
593 -90.4344
594 -92.7675
595 -93.2891
596 -91.7499
597 -94.0122
598 -94.7873
599 -95.7794
600 -97.0073
601 -94.0523
602 -96.1938
603 -97.3023
604 -97.7751
605 -97.7282
606 -99.8279
607 -99.681
608 -99.0347
609 -98.6468
610 -99.609
611 -101.162
612 -100.773
613 -100.807
614 -102.122
615 -100.665
616 -100.935
617 -101.004
618 -102.208
619 -101.116
620 -102.638
621 -102.129
622 -102.372
623 -101.91
624 -101.563
625 -102.98
626 -104.39
627 -104.941
628 -103.156
629 -102.755
630 -103.266
631 -105.098
632 -103.307
633 -104.702
634 -104.473
635 -103.238
636 -102.719
637 -102.26
638 -103.988
639 -101.972
640 -101.962
641 -103.047
642 -99.9159
643 -100.831
644 -100.799
645 -100.785
646 -101.094
647 -99.4584
648 -99.8874
649 -100.258
650 -101.411
651 -101.329
652 -101.073
653 -101.737
654 -101.448
655 -102.702
656 -102.5
657 -104.073
658 -102.343
659 -102.372
660 -101.85
661 -103.224
662 -104.963
663 -104.128
664 -103.953
665 -103.373
666 -103.333
667 -104.89
668 -104.034
669 -105.037
670 -103.343
671 -103.605
672 -102.485
673 -103.114
674 -103.793
675 -104.386
676 -103.734
677 -104.072
678 -103.608
679 -103.848
680 -104.059
681 -103.904
682 -105.398
683 -104.719
684 -103.556
685 -102.855
686 -101.767
687 -101.632
688 -102.239
689 -102.574
690 -102.442
691 -101.583
692 -101.72
693 -101.096
694 -101.069
695 -99.7699
696 -100.553
697 -101.039
698 -100.641
699 -101.848
700 -101.332
701 -101.347
702 -99.996
703 -102.739
704 -103.245
705 -103.243
706 -104.147
707 -102.965
708 -102.479
709 -102.638
710 -102.324
711 -102.191
712 -103.621
713 -103.364
714 -104.065
715 -101.372
716 -103.164
717 -105.022
718 -104.31
719 -102.356
720 -103.699
721 -103.243
722 -101.507
723 -101.854
724 -103.513
725 -102.949
726 -103.153
727 -103.37
728 -104.147
729 -103.002
730 -102.436
731 -103.737
732 -102.884
733 -101.968
734 -102.578
735 -100.72
736 -102.329
737 -101.01
738 -102.517
739 -102.279
740 -101.529
741 -100.529
742 -101.277
743 -100.318
744 -100.944
745 -99.7829
746 -98.5099
747 -100.665
748 -101.226
749 -101.362
750 -102.407
751 -102.379
752 -101.862
753 -103.135
754 -102.787
755 -102.294
756 -103.673
757 -104.435
758 -103.553
759 -104.049
760 -102.807
761 -103.58
762 -103.786
763 -105.316
764 -103.726
765 -103.768
766 -103.669
767 -103.648
768 -103.789
769 -103.449
770 -103.579
771 -103.586
772 -102.609
773 -103.048
774 -103.315
775 -103.708
776 -103.531
777 -104.029
778 -103.137
779 -101.705
780 -104.656
781 -103.533
782 -103.532
783 -103.566
784 -101.176
785 -102.945
786 -101.528
787 -102.642
788 -101.611
789 -102.038
790 -99.4616
791 -100.715
792 -99.9226
793 -100.196
794 -100.263
795 -100.666
796 -102.15
797 -102.646
798 -101.537
799 -102.688
800 -101.186
801 -102.428
802 -102.885
803 -102.993
804 -103.688
805 -105.195
806 -101.842
807 -101.013
808 -102.552
809 -102.441
810 -102.843
811 -102.165
812 -102.649
813 -102.991
814 -102.95
815 -102.379
816 -102.675
817 -101.58
818 -104.041
819 -101.998
820 -102.226
821 -102.082
822 -102.85
823 -101.359
824 -103.205
825 -103.251
826 -104.483
827 -104.843
828 -102.013
829 -102.813
830 -103.994
831 -102.806
832 -102.249
833 -101.023
834 -101.605
835 -101.153
836 -101.095
837 -100.304
838 -100.45
839 -100.871
840 -98.3646
841 -100.472
842 -98.1238
843 -99.7521
844 -100.292
845 -99.7946
846 -100.966
847 -101.089
848 -101.886
849 -101.811
850 -102.826
851 -102.259
852 -105.307
853 -102.4
854 -102.666
855 -102.073
856 -101.87
857 -102.885
858 -102.345
859 -103.795
860 -102.372
861 -103.139
862 -103.213
863 -103.562
864 -104.085
865 -102.143
866 -102.595
867 -101.43
868 -102.354
869 -102.85
870 -102.687
871 -101.879
872 -103.932
873 -103.754
874 -103.768
875 -103.558
876 -102.304
877 -103.017
878 -104.214
879 -102.89
880 -103.538
881 -102.223
882 -102.77
883 -102.438
884 -100.97
885 -100.745
886 -100.695
887 -100.584
888 -100.606
889 -98.2153
890 -100.533
891 -100.333
892 -100.985
893 -101.35
894 -100.814
895 -100.305
896 -101.432
897 -100.977
898 -100.066
899 -102.205
900 -103.89
901 -101.88
902 -101.869
903 -102.302
904 -103.395
905 -103.082
906 -101.612
907 -102.471
908 -102.562
909 -103.684
910 -103.098
911 -102.763
912 -103.055
913 -101.276
914 -100.622
915 -101.459
916 -101.869
917 -102.955
918 -102.378
919 -103.616
920 -102.492
921 -102.073
922 -102.405
923 -102.616
924 -102.763
925 -102.629
926 -103.393
927 -102.597
928 -101.618
929 -103.041
930 -101.226
931 -102.395
932 -101.094
933 -102.905
934 -102.252
935 -100.136
936 -100.668
937 -99.2274
938 -99.4205
939 -100.639
940 -99.5893
941 -100.808
942 -101.016
943 -100.295
944 -99.9283
945 -100.287
946 -101.099
947 -102.511
948 -101.757
949 -102.731
950 -103.256
951 -103.183
952 -102.464
953 -103.621
954 -103.257
955 -101.667
956 -104.171
957 -102.261
958 -101.975
959 -101.967
960 -101.781
961 -101.852
962 -100.905
963 -100.716
964 -100.345
965 -101.065
966 -101.556
967 -101.686
968 -102.981
969 -102.615
970 -102.427
971 -102.293
972 -101.597
973 -101.581
974 -99.5287
975 -101.698
976 -102.136
977 -102.776
978 -101.483
979 -101.223
980 -100.633
981 -100.901
982 -101.933
983 -100.912
984 -100.287
985 -98.3467
986 -98.7891
987 -99.099
988 -99.3223
989 -99.8968
990 -98.6639
991 -99.6794
992 -102.413
993 -100.007
994 -101.075
995 -100.561
996 -102.162
997 -102.781
998 -103.438
999 -102.52
1000 -103.298
1001 -101.927
1002 -102.145
1003 -101.844
1004 -101.402
1005 -100.789
1006 -101.924
1007 -103.641
1008 -100.772
1009 -102.632
1010 -101.366
1011 -102.454
1012 -103.611
1013 -102.045
1014 -102.927
1015 -102.228
1016 -103.753
1017 -102.124
1018 -100.746
1019 -103.053
1020 -102.017
1021 -101.614
1022 -101.652
1023 -101.836
1024 -101.269
1025 -102.221
1026 -102.58
1027 -101.029
1028 -101.312
1029 -101.741
1030 -99.8513
1031 -99.5955
1032 -100.178
1033 -99.888
1034 -100.696
1035 -99.4777
1036 -98.1412
1037 -101.263
1038 -101.282
1039 -101.324
1040 -101.251
1041 -100.52
1042 -101.979
1043 -103.969
1044 -105.681
1045 -103.317
1046 -105.269
1047 -106.499
1048 -105.396
1049 -106.031
1050 -106.581
1051 -106.904
1052 -107.149
1053 -108.434
1054 -109.377
1055 -109.95
1056 -109.189
1057 -109.942
1058 -112.21
1059 -111.375
1060 -111.041
1061 -111.55
1062 -112.36
1063 -112.389
1064 -112.537
1065 -113.077
1066 -113.696
1067 -115.142
1068 -114.962
1069 -114.99
1070 -115.299
1071 -114.488
1072 -115.727
1073 -115.679
1074 -116.459
1075 -117.838
1076 -117.626
1077 -115.982
1078 -116.611
1079 -117.975
1080 -118.81
1081 -118.564
1082 -117.799
1083 -120.302
1084 -118.112
1085 -118.527
1086 -118.725
1087 -120.809
1088 -119.526
1089 -120.259
1090 -121.16
1091 -120.845
1092 -122.042
1093 -123.451
1094 -122.954
1095 -123.701
1096 -121.933
1097 -121.223
1098 -121.677
1099 -122.863
1100 -122.543
1101 -123.631
1102 -122.386
1103 -120.049
1104 -121.73
1105 -121.272
1106 -122.806
1107 -119.884
1108 -120.64
1109 -121.274
1110 -120.791
1111 -118.701
1112 -118.037
1113 -118.17
1114 -117.411
1115 -117.666
1116 -116.537
1117 -117.048
1118 -115.822
1119 -116.932
1120 -115.545
1121 -114.409
1122 -114.123
1123 -114.447
1124 -113.718
1125 -113.548
1126 -111.142
1127 -113.306
1128 -112.105
1129 -110.545
1130 -110.746
1131 -111.729
1132 -111.472
1133 -113.005
1134 -111.045
1135 -111.299
1136 -109.299
1137 -110.197
1138 -108.564
1139 -109.57
1140 -109.051
1141 -109.671
1142 -111.09
1143 -109.027
1144 -107.948
1145 -108.443
1146 -109.714
1147 -108.59
1148 -108.176
1149 -110.688
1150 -109.872
1151 -110.799
1152 -111.049
1153 -111.341
1154 -109.671
1155 -110.35
1156 -109.534
1157 -109.418
1158 -108.853
1159 -111.936
1160 -109.979
1161 -110.228
1162 -111.125
1163 -110.758
1164 -112.088
1165 -110.061
1166 -110.323
1167 -110.908
1168 -110.012
1169 -110.003
1170 -109.045
1171 -110.717
1172 -110.463
1173 -110.972
1174 -110.035
1175 -111.097
1176 -110.127
1177 -108.492
1178 -109.551
1179 -109.946
1180 -108.057
1181 -108.369
1182 -109.562
1183 -107.728
1184 -109.058
1185 -106.737
1186 -108.262
1187 -107.834
1188 -107.333
1189 -108.083
1190 -107.385
1191 -107.953
1192 -108.576
1193 -107.525
1194 -107.839
1195 -107.378
1196 -108.478
1197 -110.462
1198 -109.169
1199 -109.965
1200 -110.512
1201 -109.227
1202 -110.187
1203 -107.654
1204 -109.868
1205 -109.935
1206 -108.539
1207 -109.757
1208 -110.692
1209 -110.661
1210 -110.798
1211 -110.283
1212 -110.39
1213 -109.63
1214 -111.049
1215 -109.445
1216 -110.415
1217 -109.996
1218 -108.603
1219 -111.637
1220 -110.904
1221 -109.739
1222 -109.068
1223 -111.393
1224 -110.862
1225 -110.697
1226 -110.404
1227 -108.11
1228 -109.604
1229 -108.529
1230 -109.329
1231 -108.293
1232 -107.971
1233 -108.462
1234 -110.743
1235 -108.521
1236 -108.821
1237 -108.531
1238 -109.234
1239 -107.718
1240 -107.531
1241 -109.019
1242 -108.034
1243 -109.163
1244 -107.237
1245 -107.446
1246 -109.44
1247 -108.266
1248 -107.733
1249 -110.466
1250 -109.881
1251 -109.008
1252 -109.718
1253 -110.009
1254 -110.439
1255 -109.959
1256 -109.463
1257 -109.49
1258 -110.117
1259 -109.914
1260 -111.125
1261 -110.158
1262 -111.681
1263 -110.904
1264 -111.314
1265 -110.033
1266 -110.064
1267 -110.761
1268 -109.272
1269 -110.085
1270 -110.74
1271 -109.802
1272 -109.64
1273 -109.723
1274 -109.278
1275 -110.241
1276 -109.809
1277 -108.018
1278 -106.929
1279 -107.595
1280 -108.284
1281 -109.436
1282 -108.583
1283 -107.642
1284 -108.199
1285 -108.649
1286 -109.439
1287 -109.656
1288 -108.697
1289 -110.283
1290 -107.802
1291 -106.578
1292 -108.809
1293 -109.193
1294 -109.505
1295 -108.349
1296 -109.425
1297 -109.258
1298 -111.498
1299 -109.448
1300 -110.848
1301 -110.589
1302 -109.205
1303 -110.155
1304 -110.635
1305 -110.185
1306 -108.707
1307 -110.321
1308 -110.8
1309 -110.112
1310 -111.322
1311 -111.781
1312 -111.442
1313 -109.797
1314 -110.847
1315 -112.742
1316 -109.833
1317 -111.723
1318 -110.972
1319 -110.1
1320 -110.977
1321 -109.803
1322 -110.553
1323 -109.872
1324 -111.194
1325 -109.653
1326 -110.713
1327 -108.696
1328 -109.922
1329 -107.588
1330 -109.457
1331 -109.552
1332 -109.392
1333 -109.083
1334 -107.974
1335 -107.748
1336 -109.519
1337 -109.365
1338 -107.549
1339 -107.711
1340 -109.242
1341 -109.358
1342 -107.825
1343 -108.087
1344 -110.254
1345 -109.943
1346 -111.236
1347 -110.08
1348 -110.706
1349 -109.208
1350 -108.481
1351 -110.229
1352 -109.469
1353 -109.598
1354 -111.418
1355 -110.652
1356 -110.824
1357 -110.675
1358 -112.181
1359 -111.243
1360 -110.408
1361 -112.303
1362 -111.316
1363 -109.872
1364 -109.506
1365 -109.891
1366 -108.614
1367 -110.043
1368 -110.507
1369 -110.001
1370 -110.458
1371 -112.356
1372 -110.541
1373 -108.238
1374 -109.094
1375 -108.409
1376 -109.221
1377 -108.879
1378 -107.837
1379 -108.6
1380 -108.694
1381 -108.715
1382 -109.123
1383 -108.559
1384 -109.47
1385 -107.617
1386 -107.295
1387 -107.892
1388 -109.471
1389 -108.586
1390 -108.778
1391 -108.033
1392 -109.974
1393 -109.563
1394 -111.147
1395 -109.91
1396 -110.553
1397 -112.425
1398 -109.02
1399 -110.823
1400 -110.977
1401 -109.682
1402 -112.243
1403 -110.555
1404 -110.613
1405 -110.919
1406 -111.688
1407 -111.282
1408 -113.029
1409 -110.14
1410 -111.067
1411 -110.709
1412 -111.563
1413 -110.495
1414 -110.719
1415 -110.278
1416 -109.9
1417 -110.34
1418 -112.015
1419 -111.37
1420 -110.193
1421 -110.548
1422 -109.957
1423 -108.703
1424 -108.543
1425 -108.386
1426 -109.047
1427 -109.873
1428 -108.868
1429 -108.77
1430 -106.439
1431 -107.807
1432 -108.601
1433 -109.017
1434 -107.504
1435 -106.877
1436 -107.903
1437 -110.184
1438 -108.623
1439 -109.366
1440 -108.717
1441 -111.228
1442 -108.538
1443 -109.726
1444 -111.075
1445 -110.938
1446 -108.899
1447 -109.699
1448 -109.044
1449 -110.967
1450 -108.991
1451 -110.1
1452 -110.48
1453 -110.212
1454 -111.166
1455 -110.905
1456 -109.672
1457 -111.535
1458 -111.077
1459 -110.37
1460 -110.741
1461 -110.267
1462 -110.875
1463 -112.185
1464 -110.721
1465 -110.812
1466 -111.28
1467 -111.659
1468 -109.791
1469 -109.095
1470 -109.707
1471 -108.47
1472 -110.244
1473 -109.003
1474 -109.158
1475 -109.171
1476 -108.372
1477 -108.858
1478 -107.273
1479 -108.456
1480 -108.263
1481 -108.893
1482 -108.063
1483 -109.749
1484 -108.429
1485 -109.862
1486 -109.326
1487 -109.406
1488 -109.647
1489 -110.066
1490 -111.163
1491 -109.619
1492 -111.478
1493 -110.508
1494 -110.906
1495 -110.397
1496 -110.955
1497 -109.539
1498 -110.606
1499 -111.487
1500 -110.694
1501 -111.953
1502 -112.104
1503 -109.649
1504 -111.267
1505 -111.325
1506 -112.948
1507 -110.515
1508 -111.148
1509 -109.67
1510 -110.8
1511 -110.002
1512 -112.262
1513 -110.608
1514 -112.003
1515 -110.213
1516 -111.786
1517 -110.28
1518 -108.49
1519 -110.477
1520 -110.446
1521 -109.903
1522 -110.201
1523 -110.119
1524 -109.222
1525 -108.758
1526 -109.15
1527 -109.327
1528 -107.975
1529 -109.958
1530 -109.715
1531 -108.697
1532 -108.512
1533 -109.713
1534 -109.637
1535 -110.238
1536 -108.587
1537 -108.747
1538 -111.024
1539 -110.542
1540 -110.618
1541 -111.017
1542 -109.599
1543 -111.187
1544 -111.209
1545 -110.029
1546 -110.906
1547 -110.589
1548 -109.727
1549 -110.303
1550 -110.273
1551 -110.824
1552 -111.947
1553 -110.713
1554 -110.223
1555 -110.225
1556 -111.137
1557 -109.073
1558 -110.336
1559 -108.69
1560 -107.86
1561 -107.235
1562 -108.734
1563 -108.204
1564 -109.543
1565 -107.669
1566 -107.234
1567 -104.705
1568 -105.109
1569 -104.693
1570 -103.125
1571 -103.141
1572 -103.105
1573 -102.139
1574 -99.5185
1575 -97.7258
1576 -99.8965
1577 -100.138
1578 -100.113
1579 -98.6318
1580 -98.3743
1581 -98.4143
1582 -99.097
1583 -98.5476
1584 -97.0203
1585 -96.8447
1586 -96.0683
1587 -96.3456
1588 -97.1393
1589 -96.9837
1590 -96.1732
1591 -96.5878
1592 -95.4067
1593 -94.1241
1594 -94.625
1595 -95.2752
1596 -95.553
1597 -95.2452
1598 -94.1011
1599 -94.7552
1600 -94.4689
1601 -93.829
1602 -93.5424
1603 -94.2668
1604 -93.1303
1605 -92.2337
1606 -92.658
1607 -92.3339
1608 -92.5317
1609 -91.4854
1610 -89.1904
1611 -89.1331
1612 -89.4639
1613 -88.1839
1614 -89.3418
1615 -92.0695
1616 -90.0974
1617 -88.1937
1618 -87.9298
1619 -88.3674
1620 -88.1761
1621 -88.5879
1622 -88.189
1623 -88.3342
1624 -89.114
1625 -89.5032
1626 -90.6695
1627 -89.6295
1628 -91.6516
1629 -91.4025
1630 -91.7239
1631 -91.9387
1632 -93.3108
1633 -93.2797
1634 -94.4894
1635 -94.8989
1636 -95.6848
1637 -96.404
1638 -96.497
1639 -97.1748
1640 -97.7117
1641 -98.0378
1642 -97.9417
1643 -99.2755
1644 -96.739
1645 -98.5923
1646 -99.398
1647 -100.933
1648 -100.038
1649 -101.761
1650 -100.699
1651 -101.092
1652 -100.043
1653 -101.225
1654 -101.195
1655 -100.761
1656 -99.9779
1657 -101.19
1658 -100.524
1659 -101.285
1660 -100.648
1661 -100.822
1662 -101.771
1663 -103.687
1664 -102.528
1665 -102.445
1666 -103.592
1667 -102.855
1668 -101.546
1669 -102.619
1670 -104.162
1671 -102.61
1672 -101.94
1673 -100.663
1674 -100.775
1675 -100.718
1676 -100.689
1677 -101.599
1678 -100.821
1679 -99.2613
1680 -100.578
1681 -100.088
1682 -100.208
1683 -101.026
1684 -100.686
1685 -100.833
1686 -101.974
1687 -102.339
1688 -100.797
1689 -101.721
1690 -101.853
1691 -101.321
1692 -102.389
1693 -102.549
1694 -103.522
1695 -102.428
1696 -100.363
1697 -102.61
1698 -103
1699 -102.782
1700 -104.251
1701 -103.997
1702 -102.305
1703 -103.031
1704 -102.035
1705 -101.171
1706 -101.65
1707 -102.101
1708 -102.601
1709 -102.386
1710 -102.755
1711 -103.335
1712 -102.288
1713 -102.811
1714 -103.028
1715 -103.688
1716 -102.754
1717 -103.129
1718 -103.157
1719 -102.886
1720 -101.587
1721 -101.974
1722 -102.708
1723 -103.031
1724 -101.186
1725 -102.001
1726 -101.7
1727 -102.504
1728 -100.97
1729 -100.934
1730 -99.6555
1731 -99.5139
1732 -99.9629
1733 -100.858
1734 -102.386
1735 -100.728
1736 -102.531
1737 -101.067
1738 -103.071
1739 -102.308
1740 -101.961
1741 -103.443
1742 -103.111
1743 -103.495
1744 -101.751
1745 -102.359
1746 -101.706
1747 -102.361
1748 -104.406
1749 -103.249
1750 -103.292
1751 -102.245
1752 -102.475
1753 -102.303
1754 -100.806
1755 -101.734
1756 -100.664
1757 -103.246
1758 -102.492
1759 -102.693
1760 -104.117
1761 -102.828
1762 -103.256
1763 -103.086
1764 -102.4
1765 -103.289
1766 -102.942
1767 -102.37
1768 -102.374
1769 -101.116
1770 -101.199
1771 -102.35
1772 -102.401
1773 -103.155
1774 -101.357
1775 -100.31
1776 -99.829
1777 -100.872
1778 -99.9806
1779 -99.165
1780 -98.7406
1781 -101.251
1782 -100.431
1783 -101.722
1784 -101.907
1785 -102.748
1786 -100.619
1787 -102.07
1788 -102.084
1789 -102.383
1790 -102.02
1791 -102.698
1792 -102.986
1793 -100.901
1794 -101.902
1795 -102.332
1796 -104.334
1797 -102.928
1798 -103.728
1799 -103.18
1800 -104.683
1801 -102.272
1802 -102.759
1803 -102.483
1804 -101.261
1805 -101.176
1806 -102.017
1807 -103.976
1808 -102.564
1809 -103.563
1810 -103.586
1811 -104.79
1812 -103.448
1813 -103.066
1814 -101.658
1815 -102.125
1816 -102.643
1817 -101.492
1818 -102.091
1819 -101.711
1820 -101.641
1821 -101.467
1822 -101.365
1823 -101.644
1824 -101.61
1825 -100.807
1826 -100.815
1827 -99.9281
1828 -98.0939
1829 -100.392
1830 -101.62
1831 -99.6765
1832 -101.61
1833 -100.419
1834 -101.9
1835 -101.424
1836 -103.065
1837 -100.559
1838 -100.618
1839 -102.488
1840 -101.327
1841 -101.76
1842 -101.824
1843 -102.007
1844 -102.967
1845 -101.88
1846 -102.423
1847 -102.992
1848 -102.18
1849 -102.541
1850 -102.394
1851 -102.692
1852 -101.65
1853 -101.293
1854 -100.996
1855 -102.362
1856 -102.323
1857 -102.475
1858 -101.961
1859 -104.399
1860 -102.449
1861 -103.075
1862 -103.75
1863 -101.184
1864 -102.085
1865 -102.707
1866 -102
1867 -101.595
1868 -102.059
1869 -101.339
1870 -102.563
1871 -102.109
1872 -100.243
1873 -101.805
1874 -100.349
1875 -99.4639
1876 -100.873
1877 -99.3664
1878 -100.583
1879 -99.5079
1880 -101.156
1881 -101.727
1882 -100.27
1883 -101.357
1884 -100.924
1885 -100.639
1886 -102.654
1887 -101.957
1888 -101.552
1889 -101.854
1890 -102.463
1891 -101.37
1892 -101.615
1893 -102.918
1894 -101.74
1895 -103.306
1896 -104.259
1897 -101.691
1898 -102.436
1899 -103.439
1900 -102.636
1901 -104.086
1902 -102.304
1903 -101.929
1904 -102.802
1905 -101.471
1906 -100.859
1907 -102.233
1908 -101.579
1909 -100.288
1910 -101.599
1911 -101.478
1912 -102.553
1913 -101.686
1914 -103.792
1915 -100.577
1916 -101.146
1917 -101.206
1918 -100.992
1919 -102.444
1920 -100.91
1921 -100.833
1922 -100.152
1923 -99.6381
1924 -100.939
1925 -98.9951
1926 -99.8736
1927 -99.3702
1928 -99.9529
1929 -98.9848
1930 -101.212
1931 -99.8809
1932 -102.195
1933 -100.795
1934 -101.09
1935 -101.263
1936 -103.304
1937 -102.656
1938 -102.195
1939 -101.1
1940 -102.92
1941 -102.523
1942 -103.099
1943 -102.45
1944 -103.467
1945 -100.75
1946 -101.645
1947 -101.23
1948 -101.182
1949 -100.489
1950 -101.595
1951 -102.728
1952 -102.732
1953 -101.186
1954 -101.828
1955 -102.426
1956 -103.91
1957 -101.404
1958 -103.556
1959 -101.919
1960 -102.238
1961 -102.713
1962 -101.739
1963 -100.688
1964 -100.822
1965 -102.142
1966 -101.536
1967 -99.9846
1968 -99.5233
1969 -100.454
1970 -100.325
1971 -99.6955
1972 -98.172
1973 -99.6269
1974 -100.049
1975 -100.274
1976 -99.9446
1977 -100.124
1978 -100.998
1979 -100.832
1980 -101.495
1981 -101.289
1982 -101.951
1983 -101.487
1984 -101.047
1985 -102.249
1986 -102.378
1987 -100.552
1988 -101.448
1989 -102.179
1990 -101.823
1991 -99.7803
1992 -101.894
1993 -103.103
1994 -101.337
1995 -101.723
1996 -100.357
1997 -100.74
1998 -99.8391
1999 -99.5561
2000 -99.6825
2001 -101.074
2002 -101.008
2003 -101.693
2004 -101.689
2005 -102.002
2006 -101.138
2007 -102.027
2008 -102.486
2009 -101.968
2010 -102.454
2011 -101.188
2012 -100.8
2013 -101.206
2014 -102.094
2015 -100.96
2016 -99.4604
2017 -100.272
2018 -100.905
2019 -99.273
2020 -98.5834
2021 -99.0657
2022 -99.4227
2023 -98.9931
2024 -98.2499
2025 -98.9568
2026 -100.473
2027 -99.2147
2028 -98.4547
2029 -99.8389
2030 -100.257
2031 -101.425
2032 -101.211
2033 -101.747
2034 -101.409
2035 -99.4197
2036 -100.569
2037 -102.303
2038 -101.903
2039 -102.545
2040 -100.598
2041 -101.709
2042 -102.558
2043 -103.456
2044 -101.845
2045 -101.647
2046 -102.017
2047 -101.678
2048 -100.226
2049 -101.156
2050 -100.577
2051 -101.455
2052 -103.064
2053 -101.481
2054 -101.847
2055 -102.651
2056 -101.77
2057 -101.925
2058 -101.351
2059 -101.678
2060 -101.278
2061 -100.739
2062 -99.7957
2063 -100.189
2064 -101.462
2065 -100.505
2066 -101.357
2067 -100.26
2068 -99.1745
2069 -98.6973
2070 -99.238
2071 -100.003
2072 -100.394
2073 -101.328
2074 -100.725
2075 -101.149
2076 -101.81
2077 -102.903
2078 -102.913
2079 -106.011
2080 -105.837
2081 -104.079
2082 -105.514
2083 -105.083
2084 -105.223
2085 -106.005
2086 -107.72
2087 -109.695
2088 -108.349
2089 -107.945
2090 -111.744
2091 -108.09
2092 -109.205
2093 -110.479
2094 -110.777
2095 -112.057
2096 -111.529
2097 -111.187
2098 -112.538
2099 -112.355
2100 -113.261
2101 -113.679
2102 -113.686
2103 -113.422
2104 -112.943
2105 -113.492
2106 -114.067
2107 -115.056
2108 -116.395
2109 -115.663
2110 -113.701
2111 -116.505
2112 -117.482
2113 -116.654
2114 -117.272
2115 -117.143
2116 -115.924
2117 -118.639
2118 -117.154
2119 -117.463
2120 -118.202
2121 -118.525
2122 -118.528
2123 -119.362
2124 -120.694
2125 -121.213
2126 -120.344
2127 -120.291
2128 -121.686
2129 -120.948
2130 -122.535
2131 -121.479
2132 -120.878
2133 -120.944
2134 -120.172
2135 -123.093
2136 -120.941
2137 -122.233
2138 -121.416
2139 -122.207
2140 -120.549
2141 -122.104
2142 -121.027
2143 -121.16
2144 -120.341
2145 -118.301
2146 -119.473
2147 -117.987
2148 -117.633
2149 -118.324
2150 -117.901
2151 -116.505
2152 -116.204
2153 -116.153
2154 -114.041
2155 -114.591
2156 -115.608
2157 -114.012
2158 -113.012
2159 -113.399
2160 -112.512
2161 -112.383
2162 -111.488
2163 -113.228
2164 -112.587
2165 -110.467
2166 -110.149
2167 -109.922
2168 -110.151
2169 -109.132
2170 -109.646
2171 -109.855
2172 -109.813
2173 -109.469
2174 -110.688
2175 -109.982
2176 -109.207
2177 -108.688
2178 -108.687
2179 -108.459
2180 -109.545
2181 -107.308
2182 -108.406
2183 -108.619
2184 -109.454
2185 -108.799
2186 -109.731
2187 -110.35
2188 -109.52
2189 -110.552
2190 -110.18
2191 -110.337
2192 -109.793
2193 -110.258
2194 -109.746
2195 -109.661
2196 -109.837
2197 -110.34
2198 -109.373
2199 -108.917
2200 -111.051
2201 -110.357
2202 -111.089
2203 -110.627
2204 -109.256
2205 -109.746
2206 -110.1
2207 -109.459
2208 -109.432
2209 -110.168
2210 -110.955
2211 -112.556
2212 -110.824
2213 -109.139
2214 -107.93
2215 -108.023
2216 -109.071
2217 -107.423
2218 -107.554
2219 -107.122
2220 -107.675
2221 -106.02
2222 -107.855
2223 -107.398
2224 -107.038
2225 -108.116
2226 -107.301
2227 -106.615
2228 -106.587
2229 -107.791
2230 -106.768
2231 -108.004
2232 -108.561
2233 -109.042
2234 -109.195
2235 -110.184
2236 -109.27
2237 -109.06
2238 -109.477
2239 -108.583
2240 -108.844
2241 -109.289
2242 -109.504
2243 -110.182
2244 -109.581
2245 -108.823
2246 -110.921
2247 -110.821
2248 -109.655
2249 -109.995
2250 -110.767
2251 -109.338
2252 -110.6
2253 -109.146
2254 -109.093
2255 -107.688
2256 -109.715
2257 -109.206
2258 -110.248
2259 -110.943
2260 -108.905
2261 -108.696
2262 -108.15
2263 -107.906
2264 -109.504
2265 -108.243
2266 -108.348
2267 -108.004
2268 -107.864
2269 -108.82
2270 -109.665
2271 -108.174
2272 -107.52
2273 -107.497
2274 -107.6
2275 -107.675
2276 -106.525
2277 -109.185
2278 -108.476
2279 -106.333
2280 -108.3
2281 -107.991
2282 -109.722
2283 -109.898
2284 -109.013
2285 -108.777
2286 -107.543
2287 -110.353
2288 -109.089
2289 -109.39
2290 -110.949
2291 -110.484
2292 -109.956
2293 -109.694
2294 -109.143
2295 -109.889
2296 -109.936
2297 -110.508
2298 -110.355
2299 -110.289
2300 -109.85
2301 -109.414
2302 -109.374
2303 -109.899
2304 -110.167
2305 -110.361
2306 -110.731
2307 -109.707
2308 -109.553
2309 -109.706
2310 -111.185
2311 -109.646
2312 -107.492
2313 -107.192
2314 -107.671
2315 -109.236
2316 -106.242
2317 -107.529
2318 -107.312
2319 -107.021
2320 -107.702
2321 -107.195
2322 -108.308
2323 -107.119
2324 -108.918
2325 -107.287
2326 -107.713
2327 -107.549
2328 -106.387
2329 -107.14
2330 -108.063
2331 -108.43
2332 -109.688
2333 -109.789
2334 -108.406
2335 -109.473
2336 -110.746
2337 -109.406
2338 -110.139
2339 -110.881
2340 -109.012
2341 -110.017
2342 -109.775
2343 -111.257
2344 -109.899
2345 -109.8
2346 -109.843
2347 -110.269
2348 -110.055
2349 -109.181
2350 -111.01
2351 -111.364
2352 -110.609
2353 -110.198
2354 -109.138
2355 -110.322
2356 -111.78
2357 -111.247
2358 -110.478
2359 -109.08
2360 -108.587
2361 -107.687
2362 -107.835
2363 -110.087
2364 -108.629
2365 -109.24
2366 -109.304
2367 -107.314
2368 -110.937
2369 -109.902
2370 -108.471
2371 -108.159
2372 -108.079
2373 -109.503
2374 -108.031
2375 -107.86
2376 -108.711
2377 -107.417
2378 -110.28
2379 -110.016
2380 -109.606
2381 -110.255
2382 -110.463
2383 -110.166
2384 -109.489
2385 -110.11
2386 -109.549
2387 -109.025
2388 -110.244
2389 -109.534
2390 -109.39
2391 -110.262
2392 -110.838
2393 -110.454
2394 -110.759
2395 -110.587
2396 -108.666
2397 -109.165
2398 -109.713
2399 -110.558
2400 -108.748
2401 -109.569
2402 -108.744
2403 -110.238
2404 -111.095
2405 -111.294
2406 -109.259
2407 -109.021
2408 -108.939
2409 -108.109
2410 -108.715
2411 -107.866
2412 -108.245
2413 -107.145
2414 -107.063
2415 -107.728
2416 -107.209
2417 -107.11
2418 -108.449
2419 -109.072
2420 -106.581
2421 -108.401
2422 -108.003
2423 -108.687
2424 -108.916
2425 -108.05
2426 -108.049
2427 -109.265
2428 -109.293
2429 -109.845
2430 -110.305
2431 -110.232
2432 -108.859
2433 -108.485
2434 -110.125
2435 -110.987
2436 -110.065
2437 -109.406
2438 -109.92
2439 -109.738
2440 -109.35
2441 -110.305
2442 -110.572
2443 -110.89
2444 -110.765
2445 -111.397
2446 -111.828
2447 -109.563
2448 -109.956
2449 -109.428
2450 -109.76
2451 -111.471
2452 -111.438
2453 -111.139
2454 -110.822
2455 -109.339
2456 -109.512
2457 -109.045
2458 -107.766
2459 -107.673
2460 -107.472
2461 -107.89
2462 -108.165
2463 -108.402
2464 -108.67
2465 -108.196
2466 -108.312
2467 -108.508
2468 -108.418
2469 -108.915
2470 -108.595
2471 -107.868
2472 -107.414
2473 -107.296
2474 -108.018
2475 -108.988
2476 -110.354
2477 -108.884
2478 -111.494
2479 -110.178
2480 -110.042
2481 -109.368
2482 -106.852
2483 -110.1
2484 -110.416
2485 -109.098
2486 -110.429
2487 -110.429
2488 -110.143
2489 -110.378
2490 -111.172
2491 -110.479
2492 -109.359
2493 -110.766
2494 -110.142
2495 -110.628
2496 -109.119
2497 -110.58
2498 -110.538
2499 -109.478
2500 -110.36
2501 -110.191
2502 -109.296
2503 -112.005
2504 -110.389
2505 -108.619
2506 -110.347
2507 -109.857
2508 -108.035
2509 -108.999
2510 -106.859
2511 -106.956
2512 -107.739
2513 -106.967
2514 -107.909
2515 -109.756
2516 -108.902
2517 -107.535
2518 -108.459
2519 -109.18
2520 -107.523
2521 -108.664
2522 -107.207
2523 -108.835
2524 -109.843
2525 -110.963
2526 -108.6
2527 -110.244
2528 -110.012
2529 -110.669
2530 -110.781
2531 -110.865
2532 -109.165
2533 -110.342
2534 -109.9
2535 -110.39
2536 -110.103
2537 -111.135
2538 -110.187
2539 -111.989
2540 -110.716
2541 -109.273
2542 -110.557
2543 -109.622
2544 -109.918
2545 -110.084
2546 -109.823
2547 -110.119
2548 -109.887
2549 -110.113
2550 -111.289
2551 -110.461
2552 -109.73
2553 -108.573
2554 -109.837
2555 -108.706
2556 -109.473
2557 -109.542
2558 -107.28
2559 -108.09
2560 -107.867
2561 -109.101
2562 -107.854
2563 -109.406
2564 -108.995
2565 -107.756
2566 -108.325
2567 -108.226
2568 -108.656
2569 -107.15
2570 -108.106
2571 -106.534
2572 -109.003
2573 -109.694
2574 -110.278
2575 -109.464
2576 -109.606
2577 -110.868
2578 -109.437
2579 -109.561
2580 -109.66
2581 -110.172
2582 -110.138
2583 -109.677
2584 -110.256
2585 -110.998
2586 -109.782
2587 -110.645
2588 -109.592
2589 -109.672
2590 -109.497
2591 -110.061
2592 -109.446
2593 -108.699
2594 -108.415
2595 -108.23
2596 -109.112
2597 -108.343
2598 -107.498
2599 -108.171
2600 -107.494
2601 -105.567
2602 -104.861
2603 -104.832
2604 -104.683
2605 -104.329
2606 -103.591
2607 -102.843
2608 -100.67
2609 -100.787
2610 -99.2604
2611 -99.6374
2612 -100.283
2613 -98.0708
2614 -97.9835
2615 -99.3666
2616 -98.0788
2617 -96.2816
2618 -97.2073
2619 -94.2899
2620 -96.3365
2621 -97.4969
2622 -95.1229
2623 -95.6265
2624 -96.5416
2625 -94.8403
2626 -94.9565
2627 -96.0878
2628 -94.8842
2629 -94.9147
2630 -94.0321
2631 -95.5436
2632 -92.9361
2633 -94.2558
2634 -95.4076
2635 -95.1046
2636 -92.6264
2637 -94.3839
2638 -92.3063
2639 -93.2129
2640 -94.8517
2641 -91.6361
2642 -91.3257
2643 -89.8748
2644 -89.0359
2645 -89.3942
2646 -90.1553
2647 -87.6948
2648 -89.1689
2649 -89.5064
2650 -88.4253
2651 -89.9937
2652 -87.2701
2653 -88.9711
2654 -88.7977
2655 -87.7659
2656 -88.0234
2657 -88.6594
2658 -89.3275
2659 -88.7246
2660 -89.7214
2661 -89.7764
2662 -91.0914
2663 -90.5524
2664 -92.1044
2665 -91.1413
2666 -91.8358
2667 -92.552
2668 -93.632
2669 -93.852
2670 -93.4344
2671 -94.1902
2672 -94.9442
2673 -96.4031
2674 -96.0859
2675 -95.8369
2676 -98.2478
2677 -98.4587
2678 -98.839
2679 -99.6728
2680 -99.4162
2681 -99.43
2682 -100.221
2683 -100.606
2684 -99.7195
2685 -100.459
2686 -101.671
2687 -100.723
2688 -100.744
2689 -99.1477
2690 -99.264
2691 -100.941
2692 -100.999
2693 -100.168
2694 -100.795
2695 -103.485
2696 -102.223
2697 -100.833
2698 -103.003
2699 -101.85
2700 -101.002
2701 -103.297
2702 -104.209
2703 -103.266
2704 -101.756
2705 -102.03
2706 -103.656
2707 -100.478
2708 -99.7246
2709 -100.93
2710 -99.4573
2711 -100.565
2712 -101.069
2713 -99.6189
2714 -99.7899
2715 -99.9901
2716 -100.451
2717 -100.669
2718 -100.322
2719 -100.237
2720 -99.4678
2721 -100.655
2722 -100.763
2723 -100.942
2724 -100.962
2725 -101.867
2726 -101.928
2727 -102.551
2728 -101.959
2729 -102.449
2730 -101.978
2731 -101.966
2732 -101.04
2733 -102.672
2734 -101.959
2735 -102.774
2736 -103.137
2737 -102.62
2738 -103.118
2739 -104.102
2740 -102.003
2741 -102.179
2742 -101.172
2743 -101.328
2744 -101.943
2745 -102.711
2746 -102.253
2747 -102.604
2748 -102.24
2749 -102.955
2750 -102.84
2751 -102.921
2752 -103.356
2753 -102.862
2754 -103.135
2755 -101.344
2756 -102.445
2757 -102.483
2758 -102.194
2759 -100.715
2760 -102.484
2761 -100.676
2762 -100.235
2763 -101.137
2764 -99.4504
2765 -99.5359
2766 -100.199
2767 -100.078
2768 -99.8754
2769 -100.494
2770 -101.442
2771 -101.32
2772 -100.984
2773 -100.848
2774 -100.961
2775 -101.642
2776 -101.623
2777 -102.839
2778 -103.049
2779 -102.637
2780 -103.664
2781 -102.12
2782 -102.638
2783 -102.584
2784 -102.359
2785 -103.01
2786 -103.283
2787 -103.083
2788 -102.075
2789 -103.46
2790 -100.851
2791 -101.871
2792 -102.177
2793 -102.32
2794 -101.649
2795 -101.921
2796 -102.475
2797 -101.043
2798 -102.713
2799 -103.045
2800 -101.929
2801 -102.285
2802 -101.265
2803 -101.226
2804 -101.08
2805 -101.139
2806 -101.379
2807 -100.776
2808 -101.361
2809 -101.941
2810 -102.054
2811 -101.349
2812 -99.738
2813 -100.909
2814 -99.0344
2815 -99.554
2816 -98.3963
2817 -98.6234
2818 -99.529
2819 -99.1522
2820 -101.252
2821 -100.188
2822 -102.692
2823 -102.129
2824 -102.153
2825 -103.544
2826 -103.038
2827 -101.977
2828 -102.081
2829 -102.319
2830 -101.932
2831 -101.034
2832 -101.853
2833 -102.201
2834 -103.882
2835 -102.501
2836 -102.736
2837 -102.308
2838 -103.045
2839 -101.659
2840 -100.871
2841 -100.586
2842 -100.999
2843 -102.73
2844 -102.63
2845 -101.204
2846 -103.579
2847 -103.434
2848 -103.299
2849 -103.222
2850 -102.074
2851 -102.097
2852 -100.821
2853 -102.081
2854 -102.236
2855 -102.233
2856 -100.465
2857 -99.2349
2858 -100.96
2859 -101.378
2860 -101.306
2861 -99.5711
2862 -99.3488
2863 -99.735
2864 -100.536
2865 -99.9948
2866 -100.227
2867 -100.046
2868 -101.618
2869 -98.6293
2870 -100.725
2871 -103.269
2872 -100.915
2873 -101.206
2874 -101.646
2875 -101.677
2876 -101.049
2877 -99.9679
2878 -102.102
2879 -103.258
2880 -101.94
2881 -102.221
2882 -103.293
2883 -102.189
2884 -102.989
2885 -102.405
2886 -101.052
2887 -101.607
2888 -100.591
2889 -102.023
2890 -101.345
2891 -100.764
2892 -101.524
2893 -101.955
2894 -101.039
2895 -103.037
2896 -102.962
2897 -102.501
2898 -102.859
2899 -103.397
2900 -100.801
2901 -101.421
2902 -100.859
2903 -100.12
2904 -102.054
2905 -100.274
2906 -101.189
2907 -101.485
2908 -101.307
2909 -100.005
2910 -99.8574
2911 -99.6199
2912 -99.0617
2913 -100.55
2914 -99.844
2915 -99.6461
2916 -101.31
2917 -100.897
2918 -101.534
2919 -100.647
2920 -100.92
2921 -101.533
2922 -102.24
2923 -101.895
2924 -102.985
2925 -102.954
2926 -101.072
2927 -101.762
2928 -102.371
2929 -104.743
2930 -100.538
2931 -101.808
2932 -103.286
2933 -101.132
2934 -101.376
2935 -103.353
2936 -102.288
2937 -100.566
2938 -101.506
2939 -102.014
2940 -101.816
2941 -102.104
2942 -101.419
2943 -101.479
2944 -102.142
2945 -102.232
2946 -103.182
2947 -103.468
2948 -103.229
2949 -102.078
2950 -101.494
2951 -101.848
2952 -99.8561
2953 -99.016
2954 -100.193
2955 -98.7059
2956 -100.771
2957 -99.3516
2958 -100.111
2959 -99.8876
2960 -98.6972
2961 -98.4293
2962 -99.4732
2963 -100.956
2964 -99.935
2965 -100.351
2966 -99.6733
2967 -99.7125
2968 -99.5113
2969 -101.951
2970 -101.406
2971 -102.107
2972 -100.581
2973 -100.882
2974 -101.99
2975 -101.376
2976 -102.09
2977 -102.042
2978 -101.941
2979 -102.062
2980 -103.394
2981 -100.888
2982 -102.647
2983 -101.204
2984 -99.9922
2985 -100.956
2986 -99.9624
2987 -101.993
2988 -102.549
2989 -101.907
2990 -101.559
2991 -102.147
2992 -102.399
2993 -102.257
2994 -101.991
2995 -101.93
2996 -102.705
2997 -101.337
2998 -99.975
2999 -100.976
3000 -101.082
3001 -101.903
3002 -101.113
3003 -101.719
3004 -100.463
3005 -99.9193
3006 -99.3408
3007 -98.7205
3008 -99.5874
3009 -97.9019
3010 -99.1385
3011 -98.7903
3012 -98.6125
3013 -100.004
3014 -101.456
3015 -98.2918
3016 -101.129
3017 -101.395
3018 -98.7622
3019 -101.415
3020 -103.386
3021 -102.059
3022 -101.289
3023 -102.566
3024 -102.246
3025 -100.213
3026 -102.415
3027 -103.244
3028 -102.619
3029 -102.999
3030 -101.856
3031 -99.9598
3032 -100.959
3033 -100.534
3034 -101.7
3035 -101.07
3036 -99.8924
3037 -101.766
3038 -101.389
3039 -100.962
3040 -102.059
3041 -101.104
3042 -103.397
3043 -101.884
3044 -101.322
3045 -102.109
3046 -101.405
3047 -99.3585
3048 -99.4248
3049 -102.021
3050 -100.625
3051 -100.138
3052 -99.8401
3053 -98.3633
3054 -99.9918
3055 -98.7975
3056 -98.7725
3057 -97.7849
3058 -99.3372
3059 -98.3802
3060 -99.3295
3061 -99.1735
3062 -100.017
3063 -99.6681
3064 -99.4907
3065 -101.399
3066 -99.4144
3067 -102.275
3068 -101.384
3069 -102.267
3070 -100.921
3071 -102.473
3072 -101.6
3073 -102.464
3074 -102.33
3075 -101.533
3076 -103.683
3077 -101.896
3078 -101.193
3079 -102.503
3080 -98.9796
3081 -100.868
3082 -101.205
3083 -101.083
3084 -100.017
3085 -102.771
3086 -101.549
3087 -101.241
3088 -100.382
3089 -101.365
3090 -100.918
3091 -103.61
3092 -102.147
3093 -102.427
3094 -102.013
3095 -102.032
3096 -102.089
3097 -101.265
3098 -101.225
3099 -100.367
3100 -99.4273
3101 -100.77
3102 -100.018
3103 -100.192
3104 -98.5096
3105 -100.193
3106 -100.424
3107 -100
3108 -100.868
3109 -101.512
3110 -101.614
3111 -102.984
3112 -102.265
3113 -102.892
3114 -103.54
3115 -103.572
3116 -106.828
3117 -104.957
3118 -105.856
3119 -105.9
3120 -106.314
3121 -107.232
3122 -108.923
3123 -108.412
3124 -111.117
3125 -109.337
3126 -111.385
3127 -111.395
3128 -111.424
3129 -111.395
3130 -111.774
3131 -111.376
3132 -111.722
3133 -111.795
3134 -112.706
3135 -112.776
3136 -112.076
3137 -111.63
3138 -112.692
3139 -112.465
3140 -111.727
3141 -114.078
3142 -113.976
3143 -112.25
3144 -109.726
3145 -111.326
3146 -113.224
3147 -111.626
3148 -113.262
3149 -112.733
3150 -111.531
3151 -110.006
3152 -110.257
3153 -110.145
3154 -109.032
3155 -109.094
3156 -108.703
3157 -109.9
3158 -108.067
3159 -108.178
3160 -106.95
3161 -107.423
3162 -106.448
3163 -107.466
3164 -105.496
3165 -106.251
3166 -105.931
3167 -104.693
3168 -105.679
3169 -105.305
3170 -105.732
3171 -105.622
3172 -104.484
3173 -104.933
3174 -104.918
3175 -104.027
3176 -104.089
3177 -104.196
3178 -104.407
3179 -103.966
3180 -103.616
3181 -104.31
3182 -104.343
3183 -103.815
3184 -104.005
3185 -103.73
3186 -103.587
3187 -104.57
3188 -104.195
3189 -103.313
3190 -102.34
3191 -102.144
3192 -101.619
3193 -102.163
3194 -102.597
3195 -102.664
3196 -104.157
3197 -101.451
3198 -101.815
3199 -102.433
3200 -102.939
3201 -101.971
3202 -101.867
3203 -101.55
3204 -103.67
3205 -102.162
3206 -102.699
3207 -103.639
3208 -102.923
3209 -102.171
3210 -103.269
3211 -103.17
3212 -102.18
3213 -102.934
3214 -102.069
3215 -102.044
3216 -104.38
3217 -102.619
3218 -102.31
3219 -103.107
3220 -102.26
3221 -102.753
3222 -101.168
3223 -101.597
3224 -101.693
3225 -101.691
3226 -101.204
3227 -100.155
3228 -101.635
3229 -103.244
3230 -101.535
3231 -100.521
3232 -100.547
3233 -102.166
3234 -102.331
3235 -102.362
3236 -101.735
3237 -102.836
3238 -102.636
3239 -101.773
3240 -102.207
3241 -101.575
3242 -103.075
3243 -101.825
3244 -101.339
3245 -102.305
3246 -102.099
3247 -101.645
3248 -102.17
3249 -102.096
3250 -102.224
3251 -102.339
3252 -101.658
3253 -102.378
3254 -103.346
3255 -102.59
3256 -102.729
3257 -102.912
3258 -102.094
3259 -102.138
3260 -102.359
3261 -102.071
3262 -101.766
3263 -104.878
3264 -103.346
3265 -102.85
3266 -103.158
3267 -102.064
3268 -103.299
3269 -102.714
3270 -101.333
3271 -101.486
3272 -102.887
3273 -102.159
3274 -102.631
3275 -102.646
3276 -101.056
3277 -102.274
3278 -101.527
3279 -103.675
3280 -103.51
3281 -102.332
3282 -102.889
3283 -103.453
3284 -103.595
3285 -102.593
3286 -103.107
3287 -104.04
3288 -101.527
3289 -101.124
3290 -102.693
3291 -103.546
3292 -102.052
3293 -99.8978
3294 -102.797
3295 -102.54
3296 -101.911
3297 -102.472
3298 -102.294
3299 -101.966
3300 -103.116
3301 -103.155
3302 -102.876
3303 -101.026
3304 -102.474
3305 -101.487
3306 -101.72
3307 -103.348
3308 -103.026
3309 -101.919
3310 -102.76
3311 -102.53
3312 -101.953
3313 -99.8522
3314 -102.588
3315 -100.69
3316 -104.1
3317 -101.335
3318 -103.066
3319 -101.668
3320 -102.884
3321 -102.541
3322 -101.759
3323 -102.022
3324 -102.332
3325 -102.214
3326 -103.679
3327 -102.4
3328 -102.3
3329 -101.315
3330 -103.102
3331 -103.849
3332 -103.068
3333 -102.973
3334 -102.312
3335 -101.941
3336 -102.946
3337 -102.753
3338 -101.015
3339 -101.61
3340 -100.481
3341 -101.647
3342 -103.634
3343 -100.904
3344 -102.463
3345 -102.031
3346 -102.713
3347 -102.509
3348 -103.62
3349 -102.636
3350 -101.897
3351 -103.304
3352 -102.168
3353 -101.661
3354 -102.958
3355 -99.6089
3356 -102.706
3357 -102.622
3358 -101.42
3359 -103.101
3360 -101.835
3361 -101.797
3362 -103.122
3363 -102.135
3364 -102.256
3365 -103.425
3366 -102.735
3367 -101.983
3368 -103.332
3369 -102.048
3370 -100.908
3371 -103.229
3372 -102.888
3373 -101.266
3374 -102.163
3375 -101.752
3376 -101.332
3377 -100.497
3378 -101.77
3379 -101.351
3380 -101.996
3381 -102.566
3382 -101.623
3383 -103.425
3384 -102.021
3385 -102.032
3386 -100.502
3387 -102.102
3388 -103.539
3389 -103.341
3390 -101.087
3391 -103.927
3392 -101.727
3393 -103.346
3394 -101.311
3395 -102.432
3396 -102.309
3397 -103.634
3398 -102.444
3399 -101.928
