0 -110.48
1 -110.47
2 -110.476
3 -110.472
4 -110.469
5 -110.448
6 -110.43
7 -110.41
8 -110.4
9 -110.411
10 -110.42
11 -110.43
12 -110.414
13 -110.39
14 -110.38
15 -110.395
16 -110.415
17 -110.428
18 -110.431
19 -110.44
20 -110.434
21 -110.43
22 -110.43
23 -110.445
24 -110.452
25 -110.449
26 -110.437
27 -110.43
28 -110.439
29 -110.434
30 -110.455
31 -110.77
32 -111.404
33 -111.513
34 -111.534
35 -111.521
36 -111.69
37 -112.129
38 -112.719
39 -113.336
40 -113.821
41 -114.228
42 -114.583
43 -114.945
44 -115.351
45 -115.774
46 -116.227
47 -116.728
48 -117.252
49 -117.747
50 -118.264
51 -118.717
52 -119.133
53 -119.559
54 -120.093
55 -120.743
56 -121.496
57 -122.261
58 -122.902
59 -123.412
60 -123.814
61 -124.193
62 -124.619
63 -125.099
64 -125.635
65 -126.232
66 -126.873
67 -127.485
68 -128.051
69 -128.66
70 -129.214
71 -129.71
72 -130.167
73 -130.545
74 -130.885
75 -131.03
76 -131.101
77 -131.058
78 -130.95
79 -130.937
80 -130.978
81 -131.159
82 -131.278
83 -131.23
84 -130.963
85 -130.517
86 -130.002
87 -129.651
88 -129.519
89 -129.443
90 -129.299
91 -128.964
92 -128.467
93 -127.987
94 -127.623
95 -127.369
96 -127.124
97 -126.793
98 -126.39
99 -125.877
100 -125.323
101 -124.841
102 -124.405
103 -124.054
104 -123.689
105 -123.343
106 -122.987
107 -122.608
108 -122.104
109 -121.56
110 -121.017
111 -120.626
112 -120.496
113 -120.518
114 -120.69
115 -120.666
116 -120.487
117 -120.188
118 -119.845
119 -119.516
120 -119.252
121 -118.886
122 -118.611
123 -118.523
124 -118.704
125 -119.01
126 -119.43
127 -119.82
128 -120.15
129 -120.234
130 -120.135
131 -120.06
132 -120.121
133 -120.228
134 -120.284
135 -120.343
136 -120.483
137 -120.616
138 -120.66
139 -120.614
140 -120.45
141 -120.309
142 -120.176
143 -120.086
144 -119.96
145 -119.73
146 -119.472
147 -119.339
148 -119.3
149 -119.402
150 -119.574
151 -119.676
152 -119.662
153 -119.492
154 -119.201
155 -118.894
156 -118.581
157 -118.201
158 -117.924
159 -117.815
160 -117.877
161 -118.021
162 -118.221
163 -118.361
164 -118.348
165 -118.146
166 -117.955
167 -117.77
168 -117.48
169 -117.202
170 -117.01
171 -117.042
172 -117.319
173 -117.786
174 -118.312
175 -118.769
176 -119.083
177 -119.209
178 -119.252
179 -119.252
180 -119.304
181 -119.391
182 -119.42
183 -119.512
184 -119.753
185 -119.97
186 -120.051
187 -119.988
188 -119.875
189 -119.773
190 -119.627
191 -119.458
192 -119.282
193 -119.033
194 -118.887
195 -118.838
196 -119.022
197 -119.253
198 -119.411
199 -119.419
200 -119.212
201 -118.881
202 -118.455
203 -118.116
204 -117.834
205 -117.633
206 -117.507
207 -117.6
208 -117.715
209 -117.873
210 -118.008
211 -118.082
212 -118.09
213 -117.993
214 -117.834
215 -117.54
216 -117.249
217 -117.073
218 -117.099
219 -117.415
220 -117.864
221 -118.407
222 -118.953
223 -119.217
224 -119.239
225 -119.131
226 -119.082
227 -119.159
228 -119.258
229 -119.368
230 -119.477
231 -119.726
232 -119.893
233 -119.988
234 -119.996
235 -119.945
236 -119.822
237 -119.658
238 -119.478
239 -119.255
240 -119.039
241 -118.907
242 -118.891
243 -119.02
244 -119.252
245 -119.468
246 -119.506
247 -119.226
248 -118.843
249 -118.389
250 -118.06
251 -117.774
252 -117.717
253 -117.677
254 -117.739
255 -117.803
256 -117.981
257 -118.143
258 -118.16
259 -118.019
260 -117.878
261 -117.664
262 -117.41
263 -117.205
264 -117.113
265 -117.291
266 -117.629
267 -118.198
268 -118.738
269 -119.231
270 -119.337
271 -119.314
272 -119.267
273 -119.322
274 -119.447
275 -119.53
276 -119.664
277 -119.864
278 -120.112
279 -120.284
280 -120.33
281 -120.341
282 -120.392
283 -120.419
284 -120.33
285 -120.131
286 -119.885
287 -119.646
288 -119.59
289 -119.697
290 -119.913
291 -120.023
292 -120.139
293 -120.039
294 -119.725
295 -119.228
296 -118.86
297 -118.521
298 -118.275
299 -118.173
300 -118.213
301 -118.332
302 -118.494
303 -118.664
304 -118.744
305 -118.671
306 -118.53
307 -118.348
308 -118.082
309 -117.798
310 -117.616
311 -117.655
312 -117.843
313 -118.353
314 -118.9
315 -119.339
316 -119.622
317 -119.706
318 -119.712
319 -119.757
320 -119.835
321 -119.906
322 -119.93
323 -119.989
324 -120.166
325 -120.335
326 -120.484
327 -120.533
328 -120.482
329 -120.46
330 -120.402
331 -120.267
332 -120.046
333 -119.75
334 -119.5
335 -119.349
336 -119.492
337 -119.729
338 -119.906
339 -120.005
340 -119.885
341 -119.659
342 -119.381
343 -119.107
344 -118.885
345 -118.59
346 -118.385
347 -118.3
348 -118.419
349 -118.654
350 -118.851
351 -118.805
352 -118.689
353 -118.59
354 -118.491
355 -118.282
356 -118.013
357 -117.825
358 -117.874
359 -118.202
360 -118.684
361 -119.203
362 -119.65
363 -119.892
364 -120.005
365 -120.054
366 -120.107
367 -120.179
368 -120.219
369 -120.229
370 -120.3
371 -120.489
372 -120.798
373 -120.931
374 -120.957
375 -120.941
376 -120.805
377 -120.628
378 -120.421
379 -120.179
380 -119.884
381 -119.711
382 -119.705
383 -119.854
384 -120.002
385 -120.062
386 -120.097
387 -119.912
388 -119.657
389 -119.37
390 -119.15
391 -118.859
392 -118.543
393 -118.3
394 -118.331
395 -118.422
396 -118.614
397 -118.859
398 -118.891
399 -118.753
400 -118.525
401 -118.314
402 -118.072
403 -117.84
404 -117.733
405 -117.799
406 -118.094
407 -118.572
408 -119.047
409 -119.459
410 -119.7
411 -119.796
412 -119.91
413 -120.025
414 -120.152
415 -120.2
416 -120.244
417 -120.368
418 -120.583
419 -120.834
420 -120.939
421 -120.896
422 -120.769
423 -120.619
424 -120.505
425 -120.386
426 -120.223
427 -120.02
428 -119.856
429 -119.881
430 -120.044
431 -120.219
432 -120.31
433 -120.256
434 -120.05
435 -119.734
436 -119.474
437 -119.239
438 -118.989
439 -118.673
440 -118.49
441 -118.438
442 -118.552
443 -118.82
444 -119.056
445 -119.025
446 -118.845
447 -118.63
448 -118.358
449 -118.047
450 -117.828
451 -117.747
452 -117.909
453 -118.366
454 -118.977
455 -119.524
456 -119.951
457 -120.027
458 -119.983
459 -119.957
460 -120.079
461 -120.224
462 -120.304
463 -120.33
464 -120.412
465 -120.69
466 -120.864
467 -120.973
468 -120.984
469 -120.896
470 -120.776
471 -120.606
472 -120.393
473 -120.028
474 -119.709
475 -119.558
476 -119.603
477 -119.764
478 -120
479 -120.086
480 -120.015
481 -119.831
482 -119.528
483 -119.249
484 -118.933
485 -118.614
486 -118.413
487 -118.299
488 -118.315
489 -118.39
490 -118.609
491 -118.754
492 -118.761
493 -118.629
494 -118.446
495 -118.136
496 -117.779
497 -117.527
498 -117.555
499 -117.768
500 -118.266
501 -118.92
502 -119.497
503 -119.937
504 -120.065
505 -120.13
506 -120.048
507 -120.026
508 -120.069
509 -120.082
510 -119.987
511 -119.914
512 -119.87
513 -119.761
514 -119.642
515 -119.419
516 -119.104
517 -118.692
518 -118.163
519 -117.63
520 -117.027
521 -116.405
522 -115.956
523 -115.616
524 -115.351
525 -115.064
526 -114.791
527 -114.428
528 -113.874
529 -113.093
530 -112.292
531 -111.457
532 -110.729
533 -109.999
534 -109.29
535 -108.682
536 -108.211
537 -107.85
538 -107.571
539 -107.138
540 -106.7
541 -106.253
542 -105.797
543 -105.41
544 -104.994
545 -104.63
546 -104.159
547 -103.817
548 -103.576
549 -103.409
550 -103.196
551 -103.043
552 -102.881
553 -102.74
554 -102.74
555 -102.77
556 -102.78
557 -102.749
558 -102.606
559 -102.447
560 -102.197
561 -102.004
562 -101.852
563 -101.85
564 -101.84
565 -101.834
566 -101.761
567 -101.69
568 -101.506
569 -101.293
570 -101.052
571 -100.799
572 -100.571
573 -100.333
574 -99.5636
575 -98.5737
576 -98.0477
577 -97.6986
578 -97.3332
579 -96.8313
580 -96.2136
581 -95.6185
582 -95.2671
583 -95.18
584 -95.2931
585 -95.419
586 -95.4246
587 -95.2341
588 -94.8905
589 -94.5194
590 -94.1025
591 -93.8704
592 -93.7919
593 -93.7988
594 -93.886
595 -94.012
596 -94.0533
597 -94.0231
598 -94.009
599 -94.0554
600 -94.1308
601 -94.3611
602 -94.7266
603 -95.075
604 -95.5111
605 -95.8248
606 -96.1259
607 -96.4209
608 -96.7375
609 -97.1313
610 -97.6487
611 -98.3156
612 -99.0845
613 -99.834
614 -100.47
615 -101.115
616 -101.682
617 -102.253
618 -102.78
619 -103.353
620 -104.02
621 -104.53
622 -104.916
623 -105.279
624 -105.563
625 -105.768
626 -105.83
627 -105.92
628 -106.104
629 -106.419
630 -106.81
631 -107.086
632 -107.2
633 -107.212
634 -107.216
635 -107.136
636 -107.04
637 -106.992
638 -107.023
639 -107.239
640 -107.529
641 -107.915
642 -108.347
643 -108.623
644 -108.714
645 -108.72
646 -108.602
647 -108.314
648 -107.884
649 -107.454
650 -107.084
651 -106.833
652 -106.619
653 -106.423
654 -106.329
655 -106.181
656 -106.087
657 -105.939
658 -105.947
659 -105.929
660 -106.043
661 -106.272
662 -106.719
663 -107.194
664 -107.596
665 -107.861
666 -108.101
667 -108.478
668 -108.823
669 -109.147
670 -109.303
671 -109.38
672 -109.213
673 -108.944
674 -108.677
675 -108.498
676 -108.443
677 -108.562
678 -108.853
679 -109.089
680 -109.237
681 -109.166
682 -109.097
683 -108.971
684 -108.78
685 -108.584
686 -108.54
687 -108.645
688 -108.882
689 -109.277
690 -109.577
691 -109.75
692 -109.791
693 -109.722
694 -109.446
695 -108.973
696 -108.431
697 -107.905
698 -107.511
699 -107.198
700 -107.037
701 -106.941
702 -106.843
703 -106.574
704 -106.38
705 -106.244
706 -106.318
707 -106.451
708 -106.789
709 -107.209
710 -107.702
711 -108.095
712 -108.376
713 -108.687
714 -108.945
715 -109.209
716 -109.387
717 -109.541
718 -109.568
719 -109.519
720 -109.299
721 -109.074
722 -108.901
723 -108.718
724 -108.693
725 -108.959
726 -109.196
727 -109.313
728 -109.271
729 -109.195
730 -109.06
731 -108.855
732 -108.698
733 -108.642
734 -108.764
735 -108.988
736 -109.413
737 -109.757
738 -109.859
739 -109.769
740 -109.559
741 -109.129
742 -108.572
743 -108.012
744 -107.55
745 -107.182
746 -106.925
747 -106.772
748 -106.662
749 -106.569
750 -106.394
751 -106.236
752 -106.208
753 -106.233
754 -106.384
755 -106.71
756 -107.124
757 -107.66
758 -107.991
759 -108.295
760 -108.557
761 -108.853
762 -109.121
763 -109.325
764 -109.442
765 -109.474
766 -109.345
767 -109.203
768 -108.997
769 -108.843
770 -108.619
771 -108.616
772 -108.844
773 -109.001
774 -109.178
775 -109.263
776 -109.234
777 -109.06
778 -108.912
779 -108.73
780 -108.741
781 -108.883
782 -109.192
783 -109.562
784 -109.84
785 -110.038
786 -109.99
787 -109.742
788 -109.322
789 -108.737
790 -108.095
791 -107.625
792 -107.248
793 -107.015
794 -106.855
795 -106.748
796 -106.614
797 -106.427
798 -106.275
799 -106.22
800 -106.324
801 -106.515
802 -106.818
803 -107.209
804 -107.662
805 -107.992
806 -108.274
807 -108.61
808 -108.942
809 -109.243
810 -109.365
811 -109.453
812 -109.279
813 -109.048
814 -108.799
815 -108.648
816 -108.475
817 -108.315
818 -108.346
819 -108.58
820 -108.794
821 -108.964
822 -109.042
823 -108.96
824 -108.75
825 -108.459
826 -108.334
827 -108.343
828 -108.54
829 -108.813
830 -109.233
831 -109.466
832 -109.599
833 -109.561
834 -109.405
835 -108.928
836 -108.265
837 -107.59
838 -107.109
839 -106.817
840 -106.653
841 -106.598
842 -106.538
843 -106.437
844 -106.295
845 -106.23
846 -106.163
847 -106.202
848 -106.321
849 -106.698
850 -107.15
851 -107.664
852 -108.03
853 -108.303
854 -108.544
855 -108.821
856 -109.075
857 -109.213
858 -109.24
859 -109.106
860 -108.988
861 -108.779
862 -108.648
863 -108.447
864 -108.261
865 -108.361
866 -108.642
867 -108.914
868 -109.045
869 -108.985
870 -108.753
871 -108.49
872 -108.411
873 -108.553
874 -108.776
875 -108.885
876 -108.932
877 -108.943
878 -108.96
879 -109.086
880 -109.144
881 -108.973
882 -108.587
883 -108.062
884 -107.605
885 -107.214
886 -106.913
887 -106.615
888 -106.478
889 -106.449
890 -106.458
891 -106.444
892 -106.392
893 -106.231
894 -106.16
895 -106.222
896 -106.566
897 -107.07
898 -107.481
899 -107.736
900 -107.948
901 -108.25
902 -108.527
903 -108.753
904 -108.859
905 -108.878
906 -108.752
907 -108.641
908 -108.432
909 -108.24
910 -108.01
911 -108.045
912 -108.284
913 -108.605
914 -108.741
915 -108.733
916 -108.589
917 -108.341
918 -108.052
919 -108.047
920 -108.201
921 -108.392
922 -108.484
923 -108.566
924 -108.629
925 -108.736
926 -108.902
927 -108.905
928 -108.731
929 -108.317
930 -107.844
931 -107.398
932 -107.019
933 -106.727
934 -106.507
935 -106.337
936 -106.289
937 -106.264
938 -106.325
939 -106.265
940 -106.17
941 -106.124
942 -106.298
943 -106.711
944 -107.178
945 -107.556
946 -107.777
947 -107.973
948 -108.205
949 -108.565
950 -108.777
951 -108.946
952 -108.946
953 -108.799
954 -108.637
955 -108.454
956 -108.229
957 -108.069
958 -107.999
959 -108.183
960 -108.375
961 -108.572
962 -108.644
963 -108.591
964 -108.358
965 -108.102
966 -108.005
967 -108.129
968 -108.35
969 -108.599
970 -108.785
971 -108.772
972 -108.799
973 -108.814
974 -108.827
975 -108.61
976 -108.19
977 -107.693
978 -107.223
979 -106.814
980 -106.553
981 -106.306
982 -106.239
983 -106.188
984 -106.152
985 -106.054
986 -106.011
987 -105.936
988 -105.911
989 -106.022
990 -106.441
991 -106.958
992 -107.5
993 -107.922
994 -108.298
995 -108.513
996 -108.687
997 -108.788
998 -108.817
999 -108.673
1000 -108.502
1001 -108.292
1002 -108.11
1003 -107.888
1004 -107.668
1005 -107.705
1006 -107.984
1007 -108.305
1008 -108.503
1009 -108.569
1010 -108.471
1011 -108.257
1012 -108.087
1013 -108.113
1014 -108.195
1015 -108.354
1016 -108.447
1017 -108.741
1018 -108.98
1019 -109.295
1020 -109.525
1021 -109.551
1022 -109.396
1023 -109.135
1024 -108.84
1025 -108.685
1026 -108.562
1027 -108.58
1028 -108.823
1029 -109.219
1030 -109.65
1031 -110.05
1032 -110.312
1033 -110.567
1034 -110.799
1035 -111.119
1036 -111.658
1037 -112.489
1038 -113.266
1039 -114.083
1040 -114.807
1041 -115.55
1042 -116.253
1043 -116.822
1044 -117.437
1045 -118.016
1046 -118.533
1047 -118.881
1048 -119.109
1049 -119.227
1050 -119.367
1051 -119.489
1052 -119.736
1053 -120.078
1054 -120.592
1055 -121.156
1056 -121.748
1057 -122.195
1058 -122.567
1059 -122.936
1060 -123.266
1061 -123.493
1062 -123.606
1063 -123.542
1064 -123.389
1065 -123.33
1066 -123.43
1067 -123.796
1068 -124.232
1069 -124.646
1070 -124.911
1071 -125.054
1072 -125.026
1073 -124.916
1074 -124.83
1075 -124.864
1076 -125.117
1077 -125.588
1078 -126.039
1079 -126.382
1080 -126.572
1081 -126.649
1082 -126.738
1083 -126.928
1084 -127.737
1085 -128.623
1086 -129
1087 -129.05
1088 -129.171
1089 -129.538
1090 -130.188
1091 -130.871
1092 -131.347
1093 -131.501
1094 -131.382
1095 -131.19
1096 -131.02
1097 -130.87
1098 -130.953
1099 -131.225
1100 -131.601
1101 -132.008
1102 -132.209
1103 -132.253
1104 -132.089
1105 -131.862
1106 -131.616
1107 -131.438
1108 -131.372
1109 -131.336
1110 -131.184
1111 -130.868
1112 -130.398
1113 -129.802
1114 -129.263
1115 -128.799
1116 -128.335
1117 -127.833
1118 -127.269
1119 -126.752
1120 -126.245
1121 -125.689
1122 -125.09
1123 -124.381
1124 -123.845
1125 -123.42
1126 -123.063
1127 -122.635
1128 -122.091
1129 -121.571
1130 -121.163
1131 -120.934
1132 -120.821
1133 -120.7
1134 -120.543
1135 -120.286
1136 -119.914
1137 -119.594
1138 -119.247
1139 -118.954
1140 -118.587
1141 -118.366
1142 -118.259
1143 -118.275
1144 -118.376
1145 -118.703
1146 -119.014
1147 -119.242
1148 -119.348
1149 -119.278
1150 -119.148
1151 -119.057
1152 -119.046
1153 -119.155
1154 -119.255
1155 -119.279
1156 -119.37
1157 -119.516
1158 -119.681
1159 -119.686
1160 -119.554
1161 -119.327
1162 -119.233
1163 -119.146
1164 -119.054
1165 -118.821
1166 -118.519
1167 -118.3
1168 -118.169
1169 -118.162
1170 -118.365
1171 -118.524
1172 -118.467
1173 -118.232
1174 -117.942
1175 -117.6
1176 -117.255
1177 -116.956
1178 -116.702
1179 -116.6
1180 -116.556
1181 -116.684
1182 -116.826
1183 -116.998
1184 -116.952
1185 -116.855
1186 -116.626
1187 -116.402
1188 -116.221
1189 -116.054
1190 -115.936
1191 -115.953
1192 -116.259
1193 -116.682
1194 -117.185
1195 -117.624
1196 -117.967
1197 -117.986
1198 -117.94
1199 -117.978
1200 -118.157
1201 -118.3
1202 -118.344
1203 -118.467
1204 -118.564
1205 -118.664
1206 -118.816
1207 -118.924
1208 -118.884
1209 -118.759
1210 -118.64
1211 -118.565
1212 -118.338
1213 -118.067
1214 -117.876
1215 -117.768
1216 -117.885
1217 -118.176
1218 -118.36
1219 -118.311
1220 -118.013
1221 -117.598
1222 -117.269
1223 -116.999
1224 -116.802
1225 -116.642
1226 -116.512
1227 -116.539
1228 -116.696
1229 -116.896
1230 -117.024
1231 -116.969
1232 -116.805
1233 -116.599
1234 -116.351
1235 -116.108
1236 -115.928
1237 -115.784
1238 -115.878
1239 -116.241
1240 -116.78
1241 -117.301
1242 -117.751
1243 -118.01
1244 -117.999
1245 -117.961
1246 -117.913
1247 -117.94
1248 -118.004
1249 -118.122
1250 -118.316
1251 -118.486
1252 -118.633
1253 -118.769
1254 -118.8
1255 -118.718
1256 -118.613
1257 -118.508
1258 -118.358
1259 -118.134
1260 -117.921
1261 -117.738
1262 -117.674
1263 -117.744
1264 -117.97
1265 -118.15
1266 -118.094
1267 -117.948
1268 -117.594
1269 -117.243
1270 -116.917
1271 -116.703
1272 -116.617
1273 -116.64
1274 -116.764
1275 -116.885
1276 -116.961
1277 -117.01
1278 -116.915
1279 -116.725
1280 -116.569
1281 -116.394
1282 -116.186
1283 -115.964
1284 -115.863
1285 -116.01
1286 -116.469
1287 -116.978
1288 -117.463
1289 -117.84
1290 -118.021
1291 -118.074
1292 -118.115
1293 -118.208
1294 -118.205
1295 -118.225
1296 -118.337
1297 -118.588
1298 -118.794
1299 -118.983
1300 -119.045
1301 -119.061
1302 -119.013
1303 -118.879
1304 -118.768
1305 -118.589
1306 -118.358
1307 -118.146
1308 -118.039
1309 -118.017
1310 -118.07
1311 -118.215
1312 -118.291
1313 -118.25
1314 -118.139
1315 -117.793
1316 -117.421
1317 -117.088
1318 -116.795
1319 -116.566
1320 -116.51
1321 -116.622
1322 -116.854
1323 -116.956
1324 -116.961
1325 -116.867
1326 -116.719
1327 -116.476
1328 -116.237
1329 -116.03
1330 -115.914
1331 -115.882
1332 -116.078
1333 -116.58
1334 -117.09
1335 -117.544
1336 -117.887
1337 -118.072
1338 -118.071
1339 -118.156
1340 -118.154
1341 -118.192
1342 -118.183
1343 -118.344
1344 -118.511
1345 -118.718
1346 -118.826
1347 -118.886
1348 -118.869
1349 -118.87
1350 -118.8
1351 -118.716
1352 -118.519
1353 -118.244
1354 -118.009
1355 -117.896
1356 -117.91
1357 -118.014
1358 -118.118
1359 -118.117
1360 -118.008
1361 -117.847
1362 -117.662
1363 -117.486
1364 -117.271
1365 -117.05
1366 -116.823
1367 -116.773
1368 -116.848
1369 -117.035
1370 -117.118
1371 -117.068
1372 -116.955
1373 -116.826
1374 -116.682
1375 -116.5
1376 -116.326
1377 -116.209
1378 -116.261
1379 -116.588
1380 -117.103
1381 -117.587
1382 -118.058
1383 -118.377
1384 -118.44
1385 -118.499
1386 -118.59
1387 -118.709
1388 -118.76
1389 -118.768
1390 -118.886
1391 -119.079
1392 -119.272
1393 -119.366
1394 -119.357
1395 -119.29
1396 -119.161
1397 -119.032
1398 -118.9
1399 -118.668
1400 -118.339
1401 -118.104
1402 -117.982
1403 -118.054
1404 -118.242
1405 -118.336
1406 -118.298
1407 -118.142
1408 -117.896
1409 -117.582
1410 -117.326
1411 -117.047
1412 -116.854
1413 -116.709
1414 -116.758
1415 -116.925
1416 -117.053
1417 -117.145
1418 -117.026
1419 -116.867
1420 -116.67
1421 -116.442
1422 -116.166
1423 -116.007
1424 -115.914
1425 -116.048
1426 -116.451
1427 -116.903
1428 -117.391
1429 -117.826
1430 -118.116
1431 -118.193
1432 -118.255
1433 -118.325
1434 -118.411
1435 -118.491
1436 -118.51
1437 -118.592
1438 -118.806
1439 -119.02
1440 -119.171
1441 -119.279
1442 -119.208
1443 -119.094
1444 -118.941
1445 -118.741
1446 -118.52
1447 -118.352
1448 -118.253
1449 -118.23
1450 -118.343
1451 -118.504
1452 -118.587
1453 -118.507
1454 -118.301
1455 -117.976
1456 -117.637
1457 -117.373
1458 -117.141
1459 -116.952
1460 -116.839
1461 -116.852
1462 -117.008
1463 -117.152
1464 -117.205
1465 -117.164
1466 -117.064
1467 -116.903
1468 -116.691
1469 -116.468
1470 -116.24
1471 -116.178
1472 -116.374
1473 -116.893
1474 -117.473
1475 -118.057
1476 -118.459
1477 -118.621
1478 -118.486
1479 -118.409
1480 -118.5
1481 -118.595
1482 -118.691
1483 -118.734
1484 -118.845
1485 -118.982
1486 -119.131
1487 -119.268
1488 -119.284
1489 -119.144
1490 -119.057
1491 -119.06
1492 -118.881
1493 -118.568
1494 -118.25
1495 -118.105
1496 -118.06
1497 -118.181
1498 -118.397
1499 -118.451
1500 -118.368
1501 -118.134
1502 -117.843
1503 -117.6
1504 -117.349
1505 -117.108
1506 -116.877
1507 -116.665
1508 -116.619
1509 -116.833
1510 -117.082
1511 -117.198
1512 -117.137
1513 -117.028
1514 -116.75
1515 -116.444
1516 -116.162
1517 -116.007
1518 -116.061
1519 -116.419
1520 -117.017
1521 -117.673
1522 -118.236
1523 -118.571
1524 -118.686
1525 -118.587
1526 -118.48
1527 -118.504
1528 -118.484
1529 -118.429
1530 -118.424
1531 -118.475
1532 -118.482
1533 -118.363
1534 -118.222
1535 -118.027
1536 -117.725
1537 -117.317
1538 -116.871
1539 -116.292
1540 -115.654
1541 -115.028
1542 -114.631
1543 -114.35
1544 -114.105
1545 -113.856
1546 -113.529
1547 -113.059
1548 -112.436
1549 -111.758
1550 -111.05
1551 -110.421
1552 -109.79
1553 -109.124
1554 -108.404
1555 -107.704
1556 -107.161
1557 -106.782
1558 -106.462
1559 -106.141
1560 -105.752
1561 -105.311
1562 -104.801
1563 -104.325
1564 -103.825
1565 -103.367
1566 -103.113
1567 -103.044
1568 -103.074
1569 -102.963
1570 -102.736
1571 -102.48
1572 -102.143
1573 -101.944
1574 -101.878
1575 -101.868
1576 -101.81
1577 -101.684
1578 -101.538
1579 -101.423
1580 -101.283
1581 -101.26
1582 -101.26
1583 -101.302
1584 -101.316
1585 -101.277
1586 -101.156
1587 -100.916
1588 -100.583
1589 -100.242
1590 -99.9753
1591 -99.7366
1592 -99.557
1593 -99.3719
1594 -98.6156
1595 -97.771
1596 -97.3834
1597 -97.2625
1598 -97.0168
1599 -96.5024
1600 -95.7355
1601 -94.9508
1602 -94.5253
1603 -94.4947
1604 -94.7057
1605 -94.9658
1606 -95.1315
1607 -94.9938
1608 -94.5813
1609 -94.1749
1610 -93.7229
1611 -93.3992
1612 -93.2028
1613 -93.1999
1614 -93.3407
1615 -93.6228
1616 -93.82
1617 -93.862
1618 -93.8009
1619 -93.6868
1620 -93.6609
1621 -93.8523
1622 -94.3223
1623 -94.8096
1624 -95.2361
1625 -95.4546
1626 -95.6458
1627 -95.9156
1628 -96.3523
1629 -96.9035
1630 -97.402
1631 -97.98
1632 -98.6926
1633 -99.5343
1634 -100.245
1635 -100.792
1636 -101.235
1637 -101.74
1638 -102.297
1639 -102.916
1640 -103.496
1641 -103.963
1642 -104.366
1643 -104.71
1644 -105.018
1645 -105.376
1646 -105.632
1647 -105.732
1648 -105.735
1649 -105.818
1650 -106.127
1651 -106.6
1652 -106.982
1653 -107.177
1654 -107.085
1655 -106.862
1656 -106.66
1657 -106.58
1658 -106.673
1659 -106.917
1660 -107.236
1661 -107.607
1662 -107.97
1663 -108.234
1664 -108.319
1665 -108.327
1666 -108.179
1667 -107.88
1668 -107.422
1669 -107.072
1670 -106.786
1671 -106.625
1672 -106.37
1673 -106.178
1674 -106.008
1675 -105.925
1676 -105.816
1677 -105.675
1678 -105.696
1679 -105.685
1680 -105.774
1681 -105.942
1682 -106.453
1683 -106.932
1684 -107.335
1685 -107.614
1686 -107.803
1687 -108.084
1688 -108.348
1689 -108.674
1690 -108.825
1691 -108.9
1692 -108.812
1693 -108.752
1694 -108.584
1695 -108.337
1696 -108.05
1697 -108.045
1698 -108.263
1699 -108.618
1700 -108.958
1701 -109.095
1702 -109.052
1703 -108.822
1704 -108.694
1705 -108.537
1706 -108.552
1707 -108.664
1708 -108.818
1709 -108.945
1710 -108.999
1711 -109.162
1712 -109.235
1713 -109.175
1714 -108.859
1715 -108.411
1716 -107.846
1717 -107.332
1718 -107.038
1719 -106.779
1720 -106.645
1721 -106.557
1722 -106.651
1723 -106.606
1724 -106.524
1725 -106.398
1726 -106.321
1727 -106.206
1728 -106.267
1729 -106.716
1730 -107.222
1731 -107.712
1732 -108.001
1733 -108.292
1734 -108.507
1735 -108.765
1736 -108.976
1737 -109.121
1738 -109.098
1739 -109.041
1740 -108.852
1741 -108.632
1742 -108.44
1743 -108.317
1744 -108.355
1745 -108.543
1746 -108.913
1747 -109.188
1748 -109.242
1749 -109.044
1750 -108.785
1751 -108.595
1752 -108.49
1753 -108.533
1754 -108.691
1755 -108.817
1756 -108.926
1757 -109.014
1758 -109.162
1759 -109.184
1760 -109.085
1761 -108.812
1762 -108.316
1763 -107.721
1764 -107.287
1765 -106.945
1766 -106.658
1767 -106.447
1768 -106.431
1769 -106.495
1770 -106.501
1771 -106.414
1772 -106.4
1773 -106.289
1774 -106.14
1775 -106.195
1776 -106.546
1777 -107.047
1778 -107.605
1779 -108.133
1780 -108.507
1781 -108.823
1782 -108.993
1783 -109.123
1784 -109.177
1785 -109.148
1786 -109.002
1787 -108.814
1788 -108.611
1789 -108.419
1790 -108.334
1791 -108.423
1792 -108.655
1793 -108.907
1794 -109.027
1795 -109.02
1796 -108.909
1797 -108.72
1798 -108.611
1799 -108.588
1800 -108.71
1801 -108.823
1802 -108.944
1803 -109.121
1804 -109.257
1805 -109.4
1806 -109.374
1807 -109.209
1808 -108.811
1809 -108.301
1810 -107.801
1811 -107.487
1812 -107.227
1813 -106.941
1814 -106.756
1815 -106.69
1816 -106.627
1817 -106.483
1818 -106.373
1819 -106.247
1820 -106.138
1821 -106.111
1822 -106.391
1823 -106.819
1824 -107.356
1825 -107.747
1826 -108.055
1827 -108.272
1828 -108.547
1829 -108.814
1830 -109.002
1831 -108.974
1832 -108.927
1833 -108.854
1834 -108.672
1835 -108.481
1836 -108.353
1837 -108.257
1838 -108.262
1839 -108.51
1840 -108.705
1841 -108.846
1842 -108.858
1843 -108.758
1844 -108.6
1845 -108.384
1846 -108.345
1847 -108.41
1848 -108.524
1849 -108.738
1850 -108.936
1851 -109.087
1852 -109.166
1853 -109.082
1854 -108.877
1855 -108.496
1856 -108.011
1857 -107.491
1858 -107.088
1859 -106.731
1860 -106.517
1861 -106.393
1862 -106.37
1863 -106.329
1864 -106.275
1865 -106.166
1866 -106.109
1867 -106.042
1868 -106.089
1869 -106.333
1870 -106.765
1871 -107.251
1872 -107.586
1873 -107.91
1874 -108.168
1875 -108.482
1876 -108.7
1877 -108.897
1878 -108.859
1879 -108.76
1880 -108.563
1881 -108.449
1882 -108.314
1883 -108.2
1884 -108.096
1885 -108.127
1886 -108.385
1887 -108.661
1888 -108.83
1889 -108.865
1890 -108.749
1891 -108.417
1892 -108.236
1893 -108.16
1894 -108.225
1895 -108.395
1896 -108.66
1897 -108.838
1898 -108.989
1899 -108.952
1900 -108.869
1901 -108.659
1902 -108.235
1903 -107.715
1904 -107.263
1905 -106.967
1906 -106.615
1907 -106.429
1908 -106.308
1909 -106.296
1910 -106.221
1911 -106.122
1912 -106.079
1913 -105.975
1914 -105.841
1915 -105.881
1916 -106.182
1917 -106.652
1918 -107.151
1919 -107.678
1920 -108.037
1921 -108.355
1922 -108.588
1923 -108.698
1924 -108.66
1925 -108.596
1926 -108.493
1927 -108.34
1928 -108.256
1929 -108.12
1930 -107.907
1931 -107.809
1932 -107.947
1933 -108.209
1934 -108.511
1935 -108.595
1936 -108.546
1937 -108.307
1938 -108.091
1939 -107.925
1940 -107.983
1941 -108.113
1942 -108.288
1943 -108.419
1944 -108.516
1945 -108.62
1946 -108.677
1947 -108.664
1948 -108.432
1949 -108.014
1950 -107.427
1951 -106.962
1952 -106.638
1953 -106.372
1954 -106.186
1955 -106.128
1956 -106.107
1957 -106.148
1958 -106.1
1959 -106.077
1960 -105.995
1961 -105.931
1962 -106.053
1963 -106.387
1964 -106.863
1965 -107.345
1966 -107.576
1967 -107.75
1968 -107.94
1969 -108.173
1970 -108.422
1971 -108.578
1972 -108.639
1973 -108.501
1974 -108.301
1975 -108.141
1976 -108.017
1977 -107.856
1978 -107.84
1979 -108.048
1980 -108.336
1981 -108.475
1982 -108.49
1983 -108.323
1984 -108.001
1985 -107.737
1986 -107.708
1987 -107.914
1988 -108.058
1989 -108.179
1990 -108.377
1991 -108.546
1992 -108.669
1993 -108.736
1994 -108.703
1995 -108.414
1996 -107.893
1997 -107.311
1998 -106.849
1999 -106.467
2000 -106.247
2001 -106.134
2002 -106.113
2003 -106.101
2004 -106.01
2005 -105.927
2006 -105.842
2007 -105.735
2008 -105.63
2009 -105.888
2010 -106.342
2011 -106.949
2012 -107.283
2013 -107.563
2014 -107.79
2015 -108.011
2016 -108.139
2017 -108.288
2018 -108.397
2019 -108.338
2020 -108.247
2021 -108.09
2022 -107.972
2023 -107.842
2024 -107.688
2025 -107.669
2026 -107.876
2027 -108.194
2028 -108.396
2029 -108.456
2030 -108.324
2031 -108.067
2032 -107.864
2033 -107.78
2034 -107.867
2035 -107.996
2036 -108.188
2037 -108.451
2038 -108.725
2039 -109.015
2040 -109.214
2041 -109.248
2042 -109.129
2043 -108.847
2044 -108.641
2045 -108.509
2046 -108.42
2047 -108.469
2048 -108.666
2049 -108.972
2050 -109.368
2051 -109.754
2052 -110.043
2053 -110.258
2054 -110.508
2055 -110.824
2056 -111.314
2057 -112.013
2058 -112.858
2059 -113.804
2060 -114.644
2061 -115.34
2062 -116.005
2063 -116.656
2064 -117.218
2065 -117.768
2066 -118.219
2067 -118.617
2068 -118.881
2069 -119.068
2070 -119.215
2071 -119.323
2072 -119.455
2073 -119.722
2074 -120.169
2075 -120.666
2076 -121.268
2077 -121.84
2078 -122.316
2079 -122.658
2080 -122.959
2081 -123.135
2082 -123.22
2083 -123.214
2084 -123.122
2085 -123.035
2086 -123.089
2087 -123.382
2088 -123.792
2089 -124.242
2090 -124.542
2091 -124.739
2092 -124.773
2093 -124.729
2094 -124.686
2095 -124.633
2096 -124.729
2097 -125.046
2098 -125.462
2099 -125.885
2100 -126.214
2101 -126.352
2102 -126.42
2103 -126.459
2104 -127.194
2105 -128.033
2106 -128.436
2107 -128.493
2108 -128.606
2109 -129.052
2110 -129.802
2111 -130.602
2112 -131.187
2113 -131.387
2114 -131.17
2115 -130.822
2116 -130.539
2117 -130.378
2118 -130.472
2119 -130.741
2120 -131.064
2121 -131.477
2122 -131.683
2123 -131.814
2124 -131.714
2125 -131.528
2126 -131.252
2127 -131.041
2128 -130.908
2129 -130.812
2130 -130.697
2131 -130.486
2132 -130.055
2133 -129.491
2134 -128.832
2135 -128.22
2136 -127.872
2137 -127.435
2138 -126.965
2139 -126.346
2140 -125.631
2141 -124.979
2142 -124.468
2143 -123.971
2144 -123.481
2145 -123.016
2146 -122.636
2147 -122.206
2148 -121.751
2149 -121.248
2150 -120.748
2151 -120.477
2152 -120.33
2153 -120.177
2154 -119.978
2155 -119.74
2156 -119.446
2157 -119.124
2158 -118.711
2159 -118.376
2160 -118.056
2161 -117.785
2162 -117.599
2163 -117.623
2164 -117.806
2165 -118.147
2166 -118.499
2167 -118.764
2168 -118.844
2169 -118.768
2170 -118.554
2171 -118.448
2172 -118.44
2173 -118.521
2174 -118.621
2175 -118.723
2176 -118.881
2177 -119.061
2178 -119.077
2179 -119.034
2180 -118.901
2181 -118.751
2182 -118.645
2183 -118.552
2184 -118.396
2185 -118.204
2186 -117.931
2187 -117.697
2188 -117.66
2189 -117.73
2190 -117.887
2191 -117.912
2192 -117.842
2193 -117.626
2194 -117.347
2195 -117.042
2196 -116.743
2197 -116.402
2198 -116.187
2199 -116.172
2200 -116.232
2201 -116.335
2202 -116.462
2203 -116.466
2204 -116.401
2205 -116.227
2206 -116.022
2207 -115.806
2208 -115.504
2209 -115.267
2210 -115.19
2211 -115.241
2212 -115.532
2213 -116.034
2214 -116.608
2215 -117.063
2216 -117.347
2217 -117.428
2218 -117.438
2219 -117.46
2220 -117.571
2221 -117.685
2222 -117.772
2223 -117.887
2224 -118.099
2225 -118.233
2226 -118.32
2227 -118.34
2228 -118.294
2229 -118.206
2230 -118.095
2231 -117.986
2232 -117.721
2233 -117.45
2234 -117.265
2235 -117.232
2236 -117.36
2237 -117.594
2238 -117.801
2239 -117.765
2240 -117.546
2241 -117.151
2242 -116.73
2243 -116.409
2244 -116.143
2245 -115.977
2246 -115.965
2247 -116.067
2248 -116.237
2249 -116.31
2250 -116.321
2251 -116.252
2252 -116.144
2253 -115.994
2254 -115.828
2255 -115.591
2256 -115.315
2257 -115.182
2258 -115.271
2259 -115.54
2260 -116.097
2261 -116.677
2262 -117.198
2263 -117.497
2264 -117.436
2265 -117.344
2266 -117.31
2267 -117.368
2268 -117.451
2269 -117.528
2270 -117.733
2271 -117.968
2272 -118.177
2273 -118.269
2274 -118.28
2275 -118.174
2276 -117.995
2277 -117.943
2278 -117.845
2279 -117.696
2280 -117.431
2281 -117.196
2282 -117.145
2283 -117.252
2284 -117.481
2285 -117.604
2286 -117.545
2287 -117.305
2288 -116.94
2289 -116.621
2290 -116.364
2291 -116.174
2292 -116.087
2293 -116.138
2294 -116.196
2295 -116.303
2296 -116.419
2297 -116.357
2298 -116.273
2299 -116.042
2300 -115.862
2301 -115.677
2302 -115.495
2303 -115.361
2304 -115.29
2305 -115.365
2306 -115.788
2307 -116.305
2308 -116.831
2309 -117.286
2310 -117.543
2311 -117.586
2312 -117.59
2313 -117.573
2314 -117.613
2315 -117.724
2316 -117.827
2317 -118.019
2318 -118.244
2319 -118.436
2320 -118.47
2321 -118.511
2322 -118.455
2323 -118.381
2324 -118.262
2325 -118.127
2326 -117.891
2327 -117.577
2328 -117.349
2329 -117.26
2330 -117.407
2331 -117.653
2332 -117.762
2333 -117.697
2334 -117.417
2335 -117.088
2336 -116.767
2337 -116.47
2338 -116.253
2339 -116.117
2340 -116.135
2341 -116.224
2342 -116.377
2343 -116.475
2344 -116.513
2345 -116.25
2346 -116.057
2347 -115.851
2348 -115.699
2349 -115.533
2350 -115.388
2351 -115.301
2352 -115.531
2353 -115.97
2354 -116.534
2355 -117.031
2356 -117.395
2357 -117.54
2358 -117.52
2359 -117.485
2360 -117.475
2361 -117.53
2362 -117.536
2363 -117.643
2364 -117.889
2365 -118.143
2366 -118.262
2367 -118.402
2368 -118.408
2369 -118.301
2370 -118.195
2371 -118.124
2372 -117.959
2373 -117.718
2374 -117.495
2375 -117.404
2376 -117.395
2377 -117.505
2378 -117.608
2379 -117.557
2380 -117.472
2381 -117.278
2382 -117.083
2383 -116.875
2384 -116.711
2385 -116.474
2386 -116.275
2387 -116.145
2388 -116.184
2389 -116.349
2390 -116.472
2391 -116.552
2392 -116.428
2393 -116.257
2394 -116.019
2395 -115.887
2396 -115.727
2397 -115.57
2398 -115.595
2399 -115.913
2400 -116.434
2401 -116.955
2402 -117.449
2403 -117.828
2404 -118.008
2405 -117.957
2406 -117.966
2407 -118.029
2408 -118.114
2409 -118.087
2410 -118.197
2411 -118.373
2412 -118.631
2413 -118.751
2414 -118.754
2415 -118.662
2416 -118.522
2417 -118.401
2418 -118.231
2419 -117.992
2420 -117.771
2421 -117.612
2422 -117.538
2423 -117.541
2424 -117.687
2425 -117.785
2426 -117.759
2427 -117.59
2428 -117.334
2429 -117.011
2430 -116.717
2431 -116.428
2432 -116.181
2433 -116.058
2434 -116.063
2435 -116.204
2436 -116.432
2437 -116.569
2438 -116.544
2439 -116.329
2440 -116.101
2441 -115.789
2442 -115.588
2443 -115.372
2444 -115.312
2445 -115.465
2446 -115.8
2447 -116.396
2448 -116.871
2449 -117.272
2450 -117.525
2451 -117.585
2452 -117.618
2453 -117.75
2454 -117.849
2455 -117.907
2456 -117.89
2457 -117.966
2458 -118.184
2459 -118.412
2460 -118.591
2461 -118.72
2462 -118.674
2463 -118.545
2464 -118.428
2465 -118.267
2466 -118.063
2467 -117.809
2468 -117.616
2469 -117.567
2470 -117.699
2471 -117.877
2472 -118.009
2473 -117.881
2474 -117.656
2475 -117.343
2476 -117.076
2477 -116.885
2478 -116.68
2479 -116.415
2480 -116.249
2481 -116.232
2482 -116.391
2483 -116.645
2484 -116.781
2485 -116.829
2486 -116.656
2487 -116.412
2488 -116.122
2489 -115.863
2490 -115.582
2491 -115.466
2492 -115.713
2493 -116.209
2494 -116.772
2495 -117.328
2496 -117.777
2497 -117.953
2498 -117.853
2499 -117.77
2500 -117.858
2501 -117.985
2502 -118.106
2503 -118.177
2504 -118.268
2505 -118.43
2506 -118.593
2507 -118.733
2508 -118.749
2509 -118.685
2510 -118.652
2511 -118.515
2512 -118.255
2513 -117.94
2514 -117.693
2515 -117.517
2516 -117.464
2517 -117.576
2518 -117.723
2519 -117.848
2520 -117.811
2521 -117.536
2522 -117.233
2523 -116.875
2524 -116.624
2525 -116.422
2526 -116.281
2527 -116.18
2528 -116.13
2529 -116.205
2530 -116.41
2531 -116.573
2532 -116.64
2533 -116.517
2534 -116.301
2535 -115.986
2536 -115.698
2537 -115.439
2538 -115.411
2539 -115.684
2540 -116.273
2541 -116.898
2542 -117.392
2543 -117.839
2544 -117.995
2545 -117.878
2546 -117.77
2547 -117.792
2548 -117.869
2549 -117.881
2550 -117.856
2551 -117.84
2552 -117.817
2553 -117.716
2554 -117.592
2555 -117.38
2556 -117.121
2557 -116.821
2558 -116.45
2559 -115.946
2560 -115.299
2561 -114.597
2562 -114.056
2563 -113.661
2564 -113.458
2565 -113.201
2566 -112.912
2567 -112.484
2568 -111.928
2569 -111.266
2570 -110.539
2571 -109.819
2572 -109.16
2573 -108.475
2574 -107.746
2575 -107.182
2576 -106.726
2577 -106.285
2578 -105.862
2579 -105.459
2580 -105.116
2581 -104.827
2582 -104.465
2583 -104.008
2584 -103.48
2585 -102.946
2586 -102.659
2587 -102.454
2588 -102.296
2589 -102.137
2590 -101.924
2591 -101.725
2592 -101.527
2593 -101.349
2594 -101.272
2595 -101.232
2596 -101.224
2597 -101.295
2598 -101.371
2599 -101.417
2600 -101.317
2601 -101.138
2602 -100.846
2603 -100.516
2604 -100.3
2605 -100.155
2606 -100.099
2607 -100.048
2608 -99.9607
2609 -99.8324
2610 -99.7126
2611 -99.5495
2612 -99.3227
2613 -99.0564
2614 -98.1297
2615 -97.2648
2616 -96.8754
2617 -96.8559
2618 -96.7256
2619 -96.244
2620 -95.4222
2621 -94.4838
2622 -93.9023
2623 -93.7883
2624 -94.048
2625 -94.3489
2626 -94.5445
2627 -94.5224
2628 -94.1647
2629 -93.8027
2630 -93.3777
2631 -93.1702
2632 -93.0514
2633 -93.0592
2634 -93.1549
2635 -93.3141
2636 -93.415
2637 -93.3908
2638 -93.3907
2639 -93.4314
2640 -93.5405
2641 -93.7527
2642 -94.089
2643 -94.4335
2644 -94.8259
2645 -95.1391
2646 -95.4019
2647 -95.6516
2648 -95.9615
2649 -96.4748
2650 -97.1032
2651 -97.7537
2652 -98.4508
2653 -99.1214
2654 -99.7626
2655 -100.43
2656 -101.027
2657 -101.646
2658 -102.212
2659 -102.749
2660 -103.306
2661 -103.721
2662 -104.05
2663 -104.398
2664 -104.779
2665 -105.116
2666 -105.375
2667 -105.41
2668 -105.415
2669 -105.576
2670 -105.943
2671 -106.331
2672 -106.617
2673 -106.823
2674 -106.808
2675 -106.718
2676 -106.558
2677 -106.589
2678 -106.715
2679 -106.857
2680 -107.003
2681 -107.127
2682 -107.284
2683 -107.418
2684 -107.556
2685 -107.636
2686 -107.548
2687 -107.356
2688 -107.052
2689 -106.763
2690 -106.469
2691 -106.262
2692 -105.992
2693 -105.832
2694 -105.727
2695 -105.823
2696 -105.791
2697 -105.723
2698 -105.61
2699 -105.577
2700 -105.535
2701 -105.648
2702 -106.055
2703 -106.53
2704 -106.904
2705 -107.128
2706 -107.393
2707 -107.726
2708 -108.128
2709 -108.399
2710 -108.56
2711 -108.583
2712 -108.503
2713 -108.44
2714 -108.292
2715 -108.134
2716 -107.96
2717 -108.005
2718 -108.265
2719 -108.652
2720 -108.853
2721 -108.91
2722 -108.803
2723 -108.7
2724 -108.527
2725 -108.393
2726 -108.388
2727 -108.488
2728 -108.549
2729 -108.688
2730 -108.773
2731 -108.86
2732 -108.957
2733 -108.89
2734 -108.596
2735 -108.174
2736 -107.702
2737 -107.332
2738 -107.001
2739 -106.769
2740 -106.613
2741 -106.545
2742 -106.542
2743 -106.534
2744 -106.42
2745 -106.307
2746 -106.182
2747 -106.104
2748 -106.222
2749 -106.588
2750 -107.069
2751 -107.563
2752 -107.809
2753 -107.961
2754 -108.202
2755 -108.539
2756 -108.837
2757 -108.96
2758 -108.97
2759 -108.786
2760 -108.607
2761 -108.467
2762 -108.311
2763 -108.194
2764 -108.196
2765 -108.463
2766 -108.814
2767 -109.07
2768 -109.075
2769 -108.857
2770 -108.593
2771 -108.374
2772 -108.293
2773 -108.34
2774 -108.449
2775 -108.541
2776 -108.684
2777 -108.789
2778 -108.885
2779 -108.991
2780 -108.886
2781 -108.561
2782 -108.075
2783 -107.563
2784 -107.127
2785 -106.822
2786 -106.493
2787 -106.284
2788 -106.19
2789 -106.226
2790 -106.26
2791 -106.225
2792 -106.109
2793 -105.994
2794 -105.943
2795 -106.038
2796 -106.378
2797 -106.821
2798 -107.347
2799 -107.824
2800 -108.269
2801 -108.616
2802 -108.909
2803 -109.08
2804 -109.1
2805 -109.007
2806 -108.818
2807 -108.62
2808 -108.427
2809 -108.244
2810 -108.161
2811 -108.206
2812 -108.507
2813 -108.809
2814 -108.985
2815 -108.953
2816 -108.772
2817 -108.567
2818 -108.42
2819 -108.417
2820 -108.546
2821 -108.685
2822 -108.806
2823 -109.018
2824 -109.154
2825 -109.234
2826 -109.139
2827 -108.982
2828 -108.678
2829 -108.296
2830 -107.853
2831 -107.459
2832 -107.048
2833 -106.667
2834 -106.471
2835 -106.39
2836 -106.459
2837 -106.396
2838 -106.321
2839 -106.173
2840 -106.049
2841 -105.994
2842 -106.187
2843 -106.559
2844 -107.047
2845 -107.464
2846 -107.819
2847 -108.16
2848 -108.456
2849 -108.696
2850 -108.796
2851 -108.776
2852 -108.694
2853 -108.549
2854 -108.368
2855 -108.315
2856 -108.225
2857 -108.154
2858 -108.194
2859 -108.408
2860 -108.574
2861 -108.721
2862 -108.747
2863 -108.711
2864 -108.537
2865 -108.317
2866 -108.215
2867 -108.175
2868 -108.254
2869 -108.458
2870 -108.722
2871 -108.931
2872 -109.001
2873 -108.902
2874 -108.66
2875 -108.299
2876 -107.843
2877 -107.401
2878 -106.986
2879 -106.648
2880 -106.403
2881 -106.266
2882 -106.132
2883 -106.177
2884 -106.17
2885 -106.203
2886 -106.142
2887 -106.049
2888 -105.959
2889 -106.112
2890 -106.494
2891 -106.99
2892 -107.514
2893 -107.959
2894 -108.349
2895 -108.663
2896 -108.881
2897 -108.949
2898 -108.83
2899 -108.586
2900 -108.362
2901 -108.243
2902 -108.268
2903 -108.235
2904 -108.132
2905 -108.119
2906 -108.254
2907 -108.476
2908 -108.662
2909 -108.782
2910 -108.719
2911 -108.415
2912 -108.123
2913 -108.037
2914 -108.132
2915 -108.301
2916 -108.478
2917 -108.529
2918 -108.582
2919 -108.676
2920 -108.717
2921 -108.531
2922 -108.125
2923 -107.645
2924 -107.157
2925 -106.834
2926 -106.556
2927 -106.33
2928 -106.173
2929 -106.196
2930 -106.248
2931 -106.214
2932 -106.164
2933 -106.091
2934 -105.987
2935 -105.941
2936 -106.216
2937 -106.616
2938 -107.115
2939 -107.487
2940 -107.777
2941 -108.065
2942 -108.316
2943 -108.405
2944 -108.475
2945 -108.459
2946 -108.345
2947 -108.27
2948 -108.251
2949 -108.15
2950 -107.967
2951 -107.919
2952 -108.028
2953 -108.327
2954 -108.577
2955 -108.71
2956 -108.615
2957 -108.362
2958 -108.063
2959 -107.93
2960 -108.001
2961 -108.157
2962 -108.31
2963 -108.383
2964 -108.387
2965 -108.447
2966 -108.512
2967 -108.54
2968 -108.302
2969 -107.899
2970 -107.453
2971 -107.025
2972 -106.768
2973 -106.517
2974 -106.267
2975 -106.138
2976 -106.135
2977 -106.172
2978 -106.159
2979 -106.135
2980 -106.031
2981 -105.962
2982 -106.059
2983 -106.392
2984 -106.779
2985 -107.152
2986 -107.504
2987 -107.76
2988 -108.033
2989 -108.238
2990 -108.398
2991 -108.519
2992 -108.555
2993 -108.447
2994 -108.365
2995 -108.187
2996 -108.09
2997 -107.909
2998 -107.905
2999 -108.066
3000 -108.342
3001 -108.533
3002 -108.587
3003 -108.35
3004 -108.085
3005 -107.828
3006 -107.72
3007 -107.847
3008 -108.042
3009 -108.239
3010 -108.363
3011 -108.467
3012 -108.497
3013 -108.461
3014 -108.379
3015 -108.154
3016 -107.742
3017 -107.344
3018 -106.964
3019 -106.695
3020 -106.391
3021 -106.141
3022 -106.04
3023 -106.11
3024 -106.217
3025 -106.169
3026 -106.104
3027 -105.977
3028 -105.838
3029 -105.825
3030 -106.14
3031 -106.59
3032 -107.172
3033 -107.704
3034 -108.151
3035 -108.391
3036 -108.509
3037 -108.54
3038 -108.458
3039 -108.371
3040 -108.237
3041 -108.11
3042 -108.003
3043 -107.893
3044 -107.682
3045 -107.693
3046 -107.93
3047 -108.309
3048 -108.56
3049 -108.59
3050 -108.47
3051 -108.24
3052 -107.971
3053 -107.951
3054 -108.042
3055 -108.183
3056 -108.385
3057 -108.559
3058 -108.77
3059 -108.937
3060 -109.145
3061 -109.263
3062 -109.292
3063 -109.097
3064 -108.93
3065 -108.823
3066 -108.829
3067 -108.85
3068 -109.063
3069 -109.409
3070 -109.866
3071 -110.282
3072 -110.66
3073 -110.927
3074 -111.216
3075 -111.503
3076 -111.976
3077 -112.644
3078 -113.436
3079 -114.169
3080 -114.858
3081 -115.547
3082 -116.211
3083 -116.89
3084 -117.497
3085 -118.164
3086 -118.691
3087 -119.005
3088 -119.213
3089 -119.401
3090 -119.585
3091 -119.691
3092 -119.804
3093 -120.042
3094 -120.457
3095 -121.087
3096 -121.596
3097 -122.007
3098 -122.179
3099 -122.223
3100 -122.263
3101 -122.348
3102 -122.399
3103 -122.338
3104 -122.103
3105 -121.77
3106 -121.294
3107 -120.953
3108 -120.798
3109 -120.743
3110 -120.793
3111 -120.784
3112 -120.638
3113 -120.349
3114 -119.908
3115 -119.46
3116 -118.965
3117 -118.538
3118 -118.248
3119 -118.071
3120 -117.96
3121 -117.808
3122 -117.608
3123 -117.294
3124 -116.864
3125 -116.434
3126 -116.024
3127 -115.61
3128 -115.183
3129 -114.81
3130 -114.455
3131 -114.197
3132 -114.041
3133 -113.93
3134 -113.778
3135 -113.586
3136 -113.317
3137 -113.07
3138 -112.775
3139 -112.514
3140 -112.287
3141 -112.171
3142 -112.106
3143 -112.114
3144 -112.1
3145 -112.003
3146 -111.829
3147 -111.663
3148 -111.497
3149 -111.351
3150 -111.236
3151 -111.162
3152 -111.118
3153 -111.11
3154 -111.118
3155 -111.089
3156 -111.076
3157 -111.077
3158 -111.071
3159 -111.068
3160 -111.03
3161 -110.969
3162 -110.896
3163 -110.813
3164 -110.761
3165 -110.786
3166 -110.842
3167 -110.855
3168 -110.845
3169 -110.818
3170 -110.741
3171 -110.67
3172 -110.623
3173 -110.595
3174 -110.565
3175 -110.56
3176 -110.56
3177 -110.58
3178 -110.574
3179 -110.587
3180 -110.557
3181 -110.54
3182 -110.533
3183 -110.52
3184 -110.494
3185 -110.48
3186 -110.455
3187 -110.418
3188 -110.396
3189 -110.39
3190 -110.4
3191 -110.397
3192 -110.385
3193 -110.372
3194 -110.368
3195 -110.35
3196 -110.357
3197 -110.36
3198 -110.342
3199 -110.345
3200 -110.356
3201 -110.382
3202 -110.393
3203 -110.38
3204 -110.38
3205 -110.346
3206 -110.325
3207 -110.343
3208 -110.361
3209 -110.383
3210 -110.384
3211 -110.38
3212 -110.356
3213 -110.331
3214 -110.32
3215 -110.32
3216 -110.313
3217 -110.314
3218 -110.319
3219 -110.333
3220 -110.346
3221 -110.34
3222 -110.32
3223 -110.337
3224 -110.33
3225 -110.347
3226 -110.35
3227 -110.354
3228 -110.353
3229 -110.34
3230 -110.34
3231 -110.334
3232 -110.355
3233 -110.378
3234 -110.364
3235 -110.363
3236 -110.36
3237 -110.358
3238 -110.355
3239 -110.368
3240 -110.381
3241 -110.394
3242 -110.4
3243 -110.391
3244 -110.41
3245 -110.405
3246 -110.416
3247 -110.411
3248 -110.43
3249 -110.424
3250 -110.42
3251 -110.43
3252 -110.42
3253 -110.402
3254 -110.39
3255 -110.397
3256 -110.396
3257 -110.418
3258 -110.43
3259 -110.43
3260 -110.437
3261 -110.42
3262 -110.417
3263 -110.428
3264 -110.44
3265 -110.472
3266 -110.48
3267 -110.473
3268 -110.44
3269 -110.41
3270 -110.404
3271 -110.417
3272 -110.424
3273 -110.458
3274 -110.463
3275 -110.44
3276 -110.43
3277 -110.419
3278 -110.435
3279 -110.441
3280 -110.454
3281 -110.467
3282 -110.47
3283 -110.478
3284 -110.47
3285 -110.462
3286 -110.463
3287 -110.483
3288 -110.47
3289 -110.489
3290 -110.51
3291 -110.505
3292 -110.5
3293 -110.49
3294 -110.487
3295 -110.499
3296 -110.501
3297 -110.524
3298 -110.535
3299 -110.522
3300 -110.51
3301 -110.5
3302 -110.5
3303 -110.518
3304 -110.523
3305 -110.549
3306 -110.553
3307 -110.55
3308 -110.534
3309 -110.526
3310 -110.521
3311 -110.54
3312 -110.544
3313 -110.55
3314 -110.54
3315 -110.544
3316 -110.53
3317 -110.53
3318 -110.55
3319 -110.55
3320 -110.564
3321 -110.57
3322 -110.567
3323 -110.555
3324 -110.55
3325 -110.529
3326 -110.528
3327 -110.553
3328 -110.579
3329 -110.588
3330 -110.57
3331 -110.552
3332 -110.549
3333 -110.544
3334 -110.55
3335 -110.559
3336 -110.572
3337 -110.575
3338 -110.578
3339 -110.57
3340 -110.573
3341 -110.58
3342 -110.589
3343 -110.59
3344 -110.59
3345 -110.59
3346 -110.58
3347 -110.593
3348 -110.594
3349 -110.599
3350 -110.608
3351 -110.604
3352 -110.61
3353 -110.61
3354 -110.607
3355 -110.606
3356 -110.61
3357 -110.61
3358 -110.61
3359 -110.61
3360 -110.61
3361 -110.607
3362 -110.605
3363 -110.602
3364 -110.622
3365 -110.636
3366 -110.63
3367 -110.63
3368 -110.648
3369 -110.635
3370 -110.638
3371 -110.641
3372 -110.65
3373 -110.65
3374 -110.65
3375 -110.648
3376 -110.64
3377 -110.648
3378 -110.64
3379 -110.644
3380 -110.65
3381 -110.659
3382 -110.64
3383 -110.64
3384 -110.64
3385 -110.66
3386 -110.65
3387 -110.65
3388 -110.65
3389 -110.662
3390 -110.67
3391 -110.677
3392 -110.68
3393 -110.67
3394 -110.664
3395 -110.66
3396 -110.663
3397 -110.676
3398 -110.67
3399 -110.67
