0 -110.06
1 -110.05
2 -110.05
3 -110.07
4 -110.061
5 -110.048
6 -110.003
7 -109.982
8 -109.979
9 -110.01
10 -110.03
11 -110.046
12 -110.052
13 -110.05
14 -110.05
15 -110.048
16 -110.047
17 -110.066
18 -110.071
19 -110.078
20 -110.063
21 -110.049
22 -110.046
23 -110.041
24 -110.044
25 -110.052
26 -110.086
27 -110.54
28 -111.153
29 -111.3
30 -111.31
31 -111.387
32 -111.792
33 -112.391
34 -112.988
35 -113.524
36 -113.98
37 -114.428
38 -114.891
39 -115.455
40 -116.051
41 -116.69
42 -117.299
43 -117.899
44 -118.427
45 -118.976
46 -119.594
47 -120.282
48 -121.023
49 -121.715
50 -122.326
51 -122.9
52 -123.441
53 -123.99
54 -124.558
55 -125.162
56 -125.786
57 -126.397
58 -126.921
59 -127.464
60 -128.009
61 -128.456
62 -128.853
63 -129.17
64 -129.535
65 -129.766
66 -129.823
67 -129.796
68 -129.733
69 -129.71
70 -129.694
71 -129.567
72 -129.358
73 -129.101
74 -128.901
75 -128.614
76 -128.355
77 -128.123
78 -127.779
79 -127.297
80 -126.642
81 -126.004
82 -125.432
83 -124.919
84 -124.518
85 -124.204
86 -123.94
87 -123.519
88 -122.946
89 -122.382
90 -121.779
91 -121.318
92 -120.951
93 -120.624
94 -120.306
95 -119.962
96 -119.644
97 -119.362
98 -119.156
99 -118.933
100 -118.68
101 -118.413
102 -118.031
103 -117.646
104 -117.187
105 -116.907
106 -116.917
107 -117.261
108 -117.739
109 -118.337
110 -118.8
111 -119.005
112 -118.991
113 -118.826
114 -118.729
115 -118.747
116 -118.86
117 -118.975
118 -119.038
119 -119.186
120 -119.258
121 -119.214
122 -119.078
123 -118.884
124 -118.637
125 -118.41
126 -118.097
127 -117.906
128 -117.834
129 -117.935
130 -118.076
131 -118.125
132 -117.942
133 -117.644
134 -117.371
135 -117.112
136 -116.951
137 -116.901
138 -117.02
139 -117.098
140 -117.219
141 -117.226
142 -116.933
143 -116.642
144 -116.325
145 -115.969
146 -115.741
147 -115.758
148 -116.115
149 -116.748
150 -117.501
151 -118.14
152 -118.495
153 -118.626
154 -118.56
155 -118.498
156 -118.527
157 -118.496
158 -118.516
159 -118.645
160 -118.797
161 -118.946
162 -119.02
163 -118.895
164 -118.697
165 -118.498
166 -118.206
167 -117.856
168 -117.661
169 -117.643
170 -117.856
171 -118.188
172 -118.335
173 -118.079
174 -117.678
175 -117.302
176 -117.074
177 -116.974
178 -117.018
179 -117.243
180 -117.492
181 -117.604
182 -117.515
183 -117.159
184 -116.79
185 -116.543
186 -116.368
187 -116.276
188 -116.378
189 -116.879
190 -117.634
191 -118.394
192 -119.023
193 -119.29
194 -119.217
195 -119.057
196 -118.942
197 -118.892
198 -118.993
199 -119.295
200 -119.558
201 -119.712
202 -119.776
203 -119.699
204 -119.507
205 -119.333
206 -119.076
207 -118.687
208 -118.35
209 -118.172
210 -118.232
211 -118.53
212 -118.876
213 -119.002
214 -118.819
215 -118.53
216 -118.129
217 -117.828
218 -117.67
219 -117.728
220 -117.882
221 -118.056
222 -118.078
223 -117.861
224 -117.542
225 -117.261
226 -117.051
227 -116.927
228 -116.966
229 -117.322
230 -117.887
231 -118.526
232 -119.153
233 -119.608
234 -119.758
235 -119.694
236 -119.612
237 -119.544
238 -119.658
239 -119.853
240 -120.118
241 -120.349
242 -120.47
243 -120.448
244 -120.4
245 -120.356
246 -120.124
247 -119.765
248 -119.365
249 -119.084
250 -119.025
251 -119.172
252 -119.472
253 -119.732
254 -119.775
255 -119.589
256 -119.283
257 -118.992
258 -118.685
259 -118.528
260 -118.537
261 -118.601
262 -118.734
263 -118.702
264 -118.517
265 -118.336
266 -118.166
267 -117.896
268 -117.611
269 -117.658
270 -118.066
271 -118.771
272 -119.587
273 -120.172
274 -120.427
275 -120.278
276 -120.165
277 -120.061
278 -120.009
279 -120.152
280 -120.398
281 -120.65
282 -120.732
283 -120.762
284 -120.659
285 -120.528
286 -120.345
287 -120.052
288 -119.672
289 -119.437
290 -119.301
291 -119.439
292 -119.656
293 -119.986
294 -120.194
295 -119.967
296 -119.528
297 -119.02
298 -118.673
299 -118.443
300 -118.564
301 -118.86
302 -119.058
303 -119.196
304 -119.076
305 -118.905
306 -118.682
307 -118.451
308 -118.17
309 -117.945
310 -118.123
311 -118.688
312 -119.531
313 -120.325
314 -120.769
315 -120.85
316 -120.612
317 -120.334
318 -120.231
319 -120.322
320 -120.623
321 -120.906
322 -121.205
323 -121.317
324 -121.243
325 -121.08
326 -120.909
327 -120.764
328 -120.438
329 -120.061
330 -119.83
331 -119.85
332 -120.12
333 -120.447
334 -120.673
335 -120.585
336 -120.243
337 -119.769
338 -119.334
339 -119.057
340 -118.99
341 -119.145
342 -119.409
343 -119.584
344 -119.568
345 -119.34
346 -119.087
347 -118.73
348 -118.458
349 -118.265
350 -118.348
351 -118.757
352 -119.348
353 -120.146
354 -120.633
355 -120.744
356 -120.698
357 -120.585
358 -120.49
359 -120.394
360 -120.444
361 -120.626
362 -120.925
363 -121.223
364 -121.409
365 -121.31
366 -121.184
367 -121.02
368 -120.727
369 -120.377
370 -120.089
371 -119.919
372 -120.068
373 -120.371
374 -120.717
375 -120.838
376 -120.647
377 -120.166
378 -119.632
379 -119.225
380 -119.098
381 -119.243
382 -119.566
383 -119.801
384 -119.895
385 -119.639
386 -119.36
387 -119.037
388 -118.802
389 -118.58
390 -118.525
391 -118.772
392 -119.309
393 -120.051
394 -120.691
395 -121.078
396 -121.146
397 -121
398 -120.843
399 -120.699
400 -120.662
401 -120.846
402 -121.169
403 -121.492
404 -121.651
405 -121.627
406 -121.418
407 -121.176
408 -120.953
409 -120.673
410 -120.4
411 -120.12
412 -120.049
413 -120.192
414 -120.53
415 -120.807
416 -120.761
417 -120.393
418 -119.972
419 -119.594
420 -119.353
421 -119.288
422 -119.399
423 -119.595
424 -119.811
425 -119.802
426 -119.56
427 -119.18
428 -118.761
429 -118.48
430 -118.348
431 -118.479
432 -118.939
433 -119.551
434 -120.166
435 -120.521
436 -120.441
437 -120.055
438 -119.686
439 -119.351
440 -119.019
441 -118.865
442 -118.806
443 -118.73
444 -118.523
445 -118.218
446 -117.77
447 -117.294
448 -116.714
449 -116.013
450 -115.112
451 -114.236
452 -113.568
453 -113.216
454 -112.916
455 -112.683
456 -112.296
457 -111.86
458 -111.115
459 -110.106
460 -108.911
461 -107.782
462 -106.958
463 -106.376
464 -105.977
465 -105.705
466 -105.464
467 -105.334
468 -105.119
469 -104.797
470 -104.42
471 -104.042
472 -103.89
473 -104.018
474 -104.308
475 -104.525
476 -104.672
477 -104.692
478 -104.79
479 -104.976
480 -105.198
481 -105.527
482 -105.859
483 -106.184
484 -106.477
485 -106.774
486 -107.138
487 -107.577
488 -108.084
489 -108.678
490 -109.317
491 -109.899
492 -110.404
493 -110.814
494 -111.18
495 -111.486
496 -111.714
497 -111.97
498 -112.226
499 -112.513
500 -112.805
501 -113.052
502 -113.27
503 -113.478
504 -113.669
505 -113.899
506 -114.132
507 -114.303
508 -114.456
509 -114.611
510 -114.742
511 -114.848
512 -114.949
513 -115.017
514 -115.095
515 -115.145
516 -115.209
517 -115.182
518 -115.15
519 -115.173
520 -115.234
521 -115.358
522 -115.502
523 -115.66
524 -115.779
525 -115.889
526 -115.938
527 -115.96
528 -115.951
529 -115.936
530 -115.912
531 -115.962
532 -116.051
533 -116.17
534 -116.259
535 -116.3
536 -116.3
537 -116.293
538 -116.27
539 -116.26
540 -116.267
541 -116.304
542 -116.34
543 -116.34
544 -116.34
545 -116.35
546 -116.368
547 -116.383
548 -116.416
549 -116.421
550 -116.429
551 -116.4
552 -116.415
553 -116.4
554 -116.425
555 -116.449
556 -116.483
557 -116.509
558 -116.542
559 -116.551
560 -116.549
561 -116.505
562 -116.417
563 -115.989
564 -115.203
565 -115.137
566 -115.23
567 -115.111
568 -114.574
569 -113.695
570 -112.808
571 -112.088
572 -111.6
573 -111.208
574 -110.813
575 -110.329
576 -109.728
577 -109.011
578 -108.253
579 -107.513
580 -106.873
581 -106.285
582 -105.726
583 -105.168
584 -104.571
585 -103.919
586 -103.296
587 -102.601
588 -101.807
589 -101.019
590 -100.345
591 -99.8284
592 -99.2999
593 -98.8001
594 -98.195
595 -97.4329
596 -96.6692
597 -96.0147
598 -95.606
599 -95.3481
600 -95.3265
601 -95.4141
602 -95.5731
603 -95.6524
604 -95.6398
605 -95.6265
606 -95.647
607 -95.8427
608 -96.1986
609 -96.555
610 -96.9303
611 -97.3352
612 -97.9988
613 -98.7728
614 -99.456
615 -100.039
616 -100.401
617 -100.944
618 -101.475
619 -102.04
620 -102.632
621 -103.176
622 -103.762
623 -104.364
624 -104.866
625 -105.273
626 -105.566
627 -105.796
628 -106.074
629 -106.449
630 -106.79
631 -107.072
632 -107.185
633 -107.244
634 -107.235
635 -107.134
636 -107.155
637 -107.31
638 -107.666
639 -108.151
640 -108.764
641 -109.159
642 -109.327
643 -109.211
644 -108.809
645 -108.332
646 -107.884
647 -107.661
648 -107.508
649 -107.337
650 -107.128
651 -106.871
652 -106.621
653 -106.437
654 -106.549
655 -106.756
656 -107.008
657 -107.443
658 -108.101
659 -108.66
660 -109.172
661 -109.616
662 -109.961
663 -110.076
664 -109.99
665 -109.841
666 -109.572
667 -109.378
668 -109.22
669 -109.091
670 -109.117
671 -109.332
672 -109.696
673 -109.912
674 -109.918
675 -109.782
676 -109.586
677 -109.374
678 -109.253
679 -109.337
680 -109.721
681 -110.202
682 -110.607
683 -110.792
684 -110.768
685 -110.426
686 -109.789
687 -109.133
688 -108.609
689 -108.262
690 -107.976
691 -107.92
692 -107.838
693 -107.594
694 -107.468
695 -107.408
696 -107.421
697 -107.606
698 -108.095
699 -108.687
700 -109.244
701 -109.713
702 -110.089
703 -110.274
704 -110.337
705 -110.256
706 -110.104
707 -109.887
708 -109.776
709 -109.588
710 -109.459
711 -109.466
712 -109.652
713 -109.863
714 -109.968
715 -109.903
716 -109.608
717 -109.348
718 -109.204
719 -109.155
720 -109.394
721 -109.789
722 -110.246
723 -110.658
724 -110.768
725 -110.489
726 -109.763
727 -108.957
728 -108.381
729 -108.022
730 -107.919
731 -107.806
732 -107.706
733 -107.56
734 -107.289
735 -107.141
736 -107.15
737 -107.32
738 -107.697
739 -108.27
740 -108.846
741 -109.446
742 -109.89
743 -110.124
744 -110.128
745 -110.073
746 -109.983
747 -109.724
748 -109.521
749 -109.436
750 -109.322
751 -109.223
752 -109.337
753 -109.728
754 -109.992
755 -110.025
756 -109.852
757 -109.58
758 -109.385
759 -109.236
760 -109.276
761 -109.641
762 -110.109
763 -110.457
764 -110.684
765 -110.63
766 -110.123
767 -109.43
768 -108.744
769 -108.306
770 -107.928
771 -107.594
772 -107.39
773 -107.213
774 -106.978
775 -106.821
776 -106.854
777 -107
778 -107.286
779 -107.74
780 -108.254
781 -108.77
782 -109.263
783 -109.665
784 -109.921
785 -109.99
786 -109.893
787 -109.601
788 -109.355
789 -109.064
790 -108.823
791 -108.683
792 -108.798
793 -109.093
794 -109.35
795 -109.491
796 -109.408
797 -109.208
798 -108.933
799 -108.837
800 -108.837
801 -109.11
802 -109.445
803 -109.786
804 -110.003
805 -110.031
806 -109.838
807 -109.269
808 -108.547
809 -107.957
810 -107.635
811 -107.485
812 -107.297
813 -107.114
814 -106.872
815 -106.608
816 -106.493
817 -106.492
818 -106.621
819 -107.054
820 -107.626
821 -108.183
822 -108.674
823 -109.044
824 -109.292
825 -109.345
826 -109.325
827 -109.233
828 -109.003
829 -108.794
830 -108.639
831 -108.478
832 -108.47
833 -108.642
834 -109.002
835 -109.24
836 -109.286
837 -109.063
838 -108.61
839 -108.275
840 -108.233
841 -108.447
842 -108.863
843 -109.218
844 -109.486
845 -109.723
846 -109.605
847 -109.175
848 -108.423
849 -107.658
850 -107.17
851 -106.896
852 -106.696
853 -106.512
854 -106.336
855 -106.069
856 -105.924
857 -105.85
858 -105.922
859 -106.246
860 -106.787
861 -107.392
862 -107.863
863 -108.229
864 -108.568
865 -108.727
866 -108.708
867 -108.644
868 -108.428
869 -108.196
870 -108.046
871 -107.839
872 -107.72
873 -107.876
874 -108.189
875 -108.479
876 -108.663
877 -108.641
878 -108.357
879 -107.957
880 -107.732
881 -107.721
882 -108.061
883 -108.513
884 -108.939
885 -109.207
886 -109.22
887 -108.953
888 -108.312
889 -107.486
890 -106.791
891 -106.422
892 -106.265
893 -106.075
894 -105.948
895 -105.752
896 -105.505
897 -105.428
898 -105.411
899 -105.588
900 -106.069
901 -106.687
902 -107.157
903 -107.483
904 -107.679
905 -107.814
906 -107.955
907 -108.109
908 -107.992
909 -107.713
910 -107.546
911 -107.438
912 -107.27
913 -107.231
914 -107.408
915 -107.728
916 -107.933
917 -107.967
918 -107.71
919 -107.379
920 -107.107
921 -107.04
922 -107.256
923 -107.656
924 -108.063
925 -108.402
926 -108.517
927 -108.372
928 -107.926
929 -107.194
930 -106.463
931 -106.079
932 -105.826
933 -105.701
934 -105.621
935 -105.483
936 -105.183
937 -104.976
938 -104.91
939 -104.974
940 -105.335
941 -105.935
942 -106.511
943 -107.021
944 -107.376
945 -107.641
946 -107.805
947 -107.842
948 -107.695
949 -107.488
950 -107.328
951 -107.301
952 -107.082
953 -106.959
954 -107.02
955 -107.318
956 -107.721
957 -107.889
958 -107.737
959 -107.461
960 -107.159
961 -106.926
962 -106.885
963 -107.115
964 -107.506
965 -107.936
966 -108.247
967 -108.284
968 -108.102
969 -107.719
970 -107.184
971 -106.864
972 -106.789
973 -106.835
974 -107.112
975 -107.46
976 -107.676
977 -107.876
978 -108.1
979 -108.406
980 -108.937
981 -109.74
982 -110.66
983 -111.588
984 -112.541
985 -113.468
986 -114.194
987 -114.87
988 -115.418
989 -115.943
990 -116.36
991 -116.581
992 -116.781
993 -117.032
994 -117.483
995 -118.175
996 -119.185
997 -120.188
998 -121.099
999 -121.742
1000 -122.084
1001 -122.159
1002 -122.047
1003 -121.946
1004 -121.834
1005 -121.82
1006 -121.881
1007 -121.912
1008 -121.805
1009 -121.645
1010 -121.344
1011 -120.985
1012 -120.803
1013 -120.677
1014 -120.629
1015 -120.506
1016 -120.298
1017 -120.021
1018 -119.651
1019 -119.154
1020 -118.658
1021 -118.202
1022 -117.841
1023 -117.503
1024 -117.145
1025 -116.747
1026 -116.324
1027 -115.823
1028 -115.257
1029 -114.704
1030 -114.214
1031 -113.866
1032 -113.619
1033 -113.419
1034 -113.207
1035 -112.991
1036 -112.768
1037 -112.562
1038 -112.318
1039 -112.056
1040 -111.869
1041 -111.735
1042 -111.615
1043 -111.463
1044 -111.267
1045 -111.134
1046 -111.07
1047 -111.02
1048 -110.962
1049 -110.844
1050 -110.763
1051 -110.718
1052 -110.646
1053 -110.514
1054 -110.401
1055 -110.323
1056 -110.265
1057 -110.205
1058 -110.123
1059 -110.059
1060 -110.022
1061 -110.05
1062 -110.057
1063 -110.032
1064 -109.972
1065 -109.9
1066 -109.804
1067 -109.688
1068 -109.573
1069 -109.529
1070 -109.543
1071 -109.602
1072 -109.635
1073 -109.63
1074 -109.615
1075 -109.59
1076 -109.561
1077 -109.492
1078 -109.441
1079 -109.402
1080 -109.436
1081 -109.43
1082 -109.409
1083 -109.356
1084 -109.333
1085 -109.303
1086 -109.29
1087 -109.29
1088 -109.338
1089 -109.36
1090 -109.365
1091 -109.328
1092 -109.286
1093 -109.27
1094 -109.275
1095 -109.326
1096 -109.38
1097 -109.731
1098 -110.577
1099 -110.707
1100 -110.591
1101 -110.694
1102 -111.159
1103 -112.036
1104 -113.009
1105 -113.767
1106 -114.25
1107 -114.526
1108 -114.778
1109 -115.136
1110 -115.653
1111 -116.349
1112 -117.108
1113 -117.855
1114 -118.489
1115 -119.032
1116 -119.553
1117 -120.09
1118 -120.706
1119 -121.373
1120 -122.056
1121 -122.777
1122 -123.548
1123 -124.359
1124 -125.137
1125 -125.945
1126 -126.592
1127 -127.158
1128 -127.689
1129 -128.19
1130 -128.821
1131 -129.35
1132 -129.712
1133 -129.86
1134 -129.821
1135 -129.761
1136 -129.565
1137 -129.398
1138 -129.408
1139 -129.438
1140 -129.366
1141 -129.163
1142 -128.756
1143 -128.303
1144 -127.915
1145 -127.615
1146 -127.364
1147 -127.095
1148 -126.68
1149 -126.244
1150 -125.687
1151 -125.155
1152 -124.79
1153 -124.314
1154 -123.712
1155 -123.07
1156 -122.588
1157 -122.128
1158 -121.594
1159 -121.051
1160 -120.528
1161 -119.951
1162 -119.33
1163 -118.928
1164 -118.762
1165 -118.68
1166 -118.633
1167 -118.64
1168 -118.505
1169 -118.186
1170 -117.8
1171 -117.42
1172 -117.104
1173 -116.801
1174 -116.614
1175 -116.635
1176 -116.89
1177 -117.332
1178 -117.904
1179 -118.333
1180 -118.488
1181 -118.369
1182 -118.178
1183 -118.049
1184 -118.03
1185 -118.138
1186 -118.269
1187 -118.437
1188 -118.563
1189 -118.62
1190 -118.563
1191 -118.35
1192 -118.074
1193 -117.786
1194 -117.277
1195 -116.903
1196 -116.781
1197 -116.918
1198 -117.255
1199 -117.54
1200 -117.605
1201 -117.371
1202 -116.884
1203 -116.348
1204 -115.878
1205 -115.77
1206 -115.919
1207 -116.142
1208 -116.353
1209 -116.435
1210 -116.329
1211 -116.068
1212 -115.788
1213 -115.484
1214 -115.214
1215 -115.154
1216 -115.322
1217 -115.871
1218 -116.636
1219 -117.258
1220 -117.72
1221 -117.854
1222 -117.706
1223 -117.573
1224 -117.559
1225 -117.537
1226 -117.655
1227 -117.893
1228 -118.146
1229 -118.211
1230 -118.25
1231 -118.185
1232 -118.09
1233 -117.868
1234 -117.673
1235 -117.254
1236 -116.986
1237 -116.836
1238 -116.929
1239 -117.229
1240 -117.568
1241 -117.704
1242 -117.52
1243 -117.133
1244 -116.608
1245 -116.148
1246 -115.983
1247 -116.096
1248 -116.349
1249 -116.66
1250 -116.795
1251 -116.722
1252 -116.57
1253 -116.276
1254 -116.071
1255 -115.798
1256 -115.811
1257 -116.076
1258 -116.724
1259 -117.446
1260 -118.079
1261 -118.444
1262 -118.46
1263 -118.311
1264 -118.153
1265 -118.056
1266 -118.111
1267 -118.31
1268 -118.586
1269 -118.756
1270 -118.846
1271 -118.843
1272 -118.748
1273 -118.665
1274 -118.464
1275 -118.115
1276 -117.776
1277 -117.633
1278 -117.63
1279 -117.808
1280 -118.191
1281 -118.41
1282 -118.279
1283 -117.919
1284 -117.417
1285 -116.911
1286 -116.659
1287 -116.727
1288 -116.943
1289 -117.202
1290 -117.456
1291 -117.38
1292 -117.215
1293 -117.016
1294 -116.756
1295 -116.496
1296 -116.363
1297 -116.53
1298 -117.083
1299 -117.8
1300 -118.508
1301 -119.042
1302 -119.232
1303 -119.15
1304 -118.952
1305 -118.815
1306 -118.706
1307 -118.841
1308 -119.142
1309 -119.494
1310 -119.764
1311 -119.868
1312 -119.765
1313 -119.582
1314 -119.368
1315 -119.105
1316 -118.749
1317 -118.517
1318 -118.506
1319 -118.588
1320 -118.806
1321 -119.065
1322 -119.068
1323 -118.876
1324 -118.553
1325 -118.11
1326 -117.711
1327 -117.54
1328 -117.534
1329 -117.745
1330 -117.985
1331 -118.092
1332 -117.984
1333 -117.793
1334 -117.491
1335 -117.181
1336 -117
1337 -117.018
1338 -117.372
1339 -118.075
1340 -118.792
1341 -119.439
1342 -119.774
1343 -119.768
1344 -119.531
1345 -119.383
1346 -119.312
1347 -119.308
1348 -119.57
1349 -119.956
1350 -120.184
1351 -120.335
1352 -120.276
1353 -120.066
1354 -119.836
1355 -119.62
1356 -119.394
1357 -119.218
1358 -119.125
1359 -119.126
1360 -119.229
1361 -119.464
1362 -119.647
1363 -119.563
1364 -119.259
1365 -118.778
1366 -118.422
1367 -118.193
1368 -118.133
1369 -118.235
1370 -118.515
1371 -118.735
1372 -118.71
1373 -118.534
1374 -118.32
1375 -118.081
1376 -117.816
1377 -117.652
1378 -117.774
1379 -118.289
1380 -119.029
1381 -119.727
1382 -120.227
1383 -120.4
1384 -120.228
1385 -120
1386 -119.87
1387 -119.719
1388 -119.838
1389 -120.244
1390 -120.611
1391 -120.751
1392 -120.788
1393 -120.687
1394 -120.529
1395 -120.267
1396 -119.887
1397 -119.528
1398 -119.392
1399 -119.454
1400 -119.554
1401 -119.785
1402 -120.016
1403 -120.025
1404 -119.821
1405 -119.423
1406 -118.858
1407 -118.493
1408 -118.496
1409 -118.597
1410 -118.865
1411 -119.099
1412 -119.114
1413 -118.926
1414 -118.651
1415 -118.319
1416 -118.039
1417 -117.826
1418 -117.861
1419 -118.159
1420 -118.872
1421 -119.527
1422 -120.047
1423 -120.32
1424 -120.305
1425 -120.183
1426 -119.989
1427 -119.818
1428 -119.849
1429 -120.165
1430 -120.553
1431 -120.796
1432 -120.829
1433 -120.757
1434 -120.75
1435 -120.706
1436 -120.467
1437 -119.976
1438 -119.642
1439 -119.575
1440 -119.708
1441 -119.901
1442 -120.162
1443 -120.26
1444 -120.145
1445 -119.795
1446 -119.372
1447 -118.897
1448 -118.687
1449 -118.672
1450 -118.908
1451 -119.191
1452 -119.45
1453 -119.336
1454 -119.133
1455 -118.828
1456 -118.513
1457 -118.233
1458 -118.088
1459 -118.307
1460 -118.926
1461 -119.63
1462 -120.25
1463 -120.608
1464 -120.69
1465 -120.61
1466 -120.41
1467 -120.285
1468 -120.084
1469 -120.163
1470 -120.483
1471 -120.805
1472 -121.053
1473 -121.04
1474 -120.917
1475 -120.834
1476 -120.736
1477 -120.45
1478 -119.92
1479 -119.587
1480 -119.572
1481 -119.773
1482 -120.099
1483 -120.307
1484 -120.275
1485 -120.05
1486 -119.674
1487 -119.191
1488 -118.778
1489 -118.58
1490 -118.693
1491 -118.941
1492 -119.268
1493 -119.362
1494 -119.18
1495 -118.861
1496 -118.542
1497 -118.268
1498 -118.015
1499 -118.016
1500 -118.362
1501 -118.973
1502 -119.588
1503 -119.986
1504 -120.012
1505 -119.739
1506 -119.304
1507 -118.864
1508 -118.419
1509 -118.147
1510 -118.03
1511 -118.065
1512 -118.089
1513 -117.876
1514 -117.517
1515 -116.89
1516 -116.293
1517 -115.725
1518 -114.939
1519 -114.04
1520 -113.285
1521 -112.837
1522 -112.463
1523 -112.17
1524 -111.812
1525 -111.336
1526 -110.588
1527 -109.623
1528 -108.567
1529 -107.543
1530 -106.716
1531 -106.12
1532 -105.707
1533 -105.422
1534 -105.16
1535 -104.91
1536 -104.715
1537 -104.451
1538 -104.149
1539 -103.788
1540 -103.57
1541 -103.599
1542 -103.813
1543 -104.099
1544 -104.294
1545 -104.453
1546 -104.501
1547 -104.629
1548 -104.786
1549 -105.055
1550 -105.451
1551 -105.846
1552 -106.238
1553 -106.592
1554 -106.841
1555 -107.19
1556 -107.574
1557 -108.137
1558 -108.772
1559 -109.317
1560 -109.822
1561 -110.237
1562 -110.646
1563 -110.99
1564 -111.347
1565 -111.687
1566 -112.061
1567 -112.423
1568 -112.752
1569 -113.004
1570 -113.188
1571 -113.327
1572 -113.436
1573 -113.57
1574 -113.692
1575 -113.885
1576 -114.128
1577 -114.357
1578 -114.524
1579 -114.556
1580 -114.578
1581 -114.593
1582 -114.681
1583 -114.798
1584 -114.909
1585 -114.999
1586 -115.079
1587 -115.163
1588 -115.26
1589 -115.292
1590 -115.313
1591 -115.325
1592 -115.402
1593 -115.484
1594 -115.558
1595 -115.611
1596 -115.651
1597 -115.68
1598 -115.72
1599 -115.759
1600 -115.784
1601 -115.828
1602 -115.877
1603 -115.936
1604 -115.99
1605 -116.046
1606 -116.087
1607 -116.125
1608 -116.17
1609 -116.186
1610 -116.193
1611 -116.177
1612 -116.135
1613 -116.113
1614 -116.117
1615 -116.161
1616 -116.186
1617 -116.223
1618 -116.253
1619 -116.276
1620 -116.292
1621 -116.298
1622 -116.268
1623 -116.25
1624 -116.229
1625 -116.215
1626 -116.23
1627 -116.225
1628 -116.24
1629 -116.245
1630 -116.221
1631 -115.99
1632 -115.099
1633 -114.89
1634 -114.981
1635 -114.919
1636 -114.498
1637 -113.658
1638 -112.711
1639 -111.87
1640 -111.259
1641 -110.863
1642 -110.515
1643 -110.092
1644 -109.531
1645 -108.82
1646 -108.061
1647 -107.366
1648 -106.768
1649 -106.236
1650 -105.681
1651 -105.114
1652 -104.492
1653 -103.869
1654 -103.267
1655 -102.713
1656 -102.081
1657 -101.379
1658 -100.658
1659 -99.9354
1660 -99.2194
1661 -98.5384
1662 -97.9518
1663 -97.3763
1664 -96.8592
1665 -96.2725
1666 -95.7855
1667 -95.4243
1668 -95.3225
1669 -95.3187
1670 -95.4284
1671 -95.5396
1672 -95.5233
1673 -95.4859
1674 -95.4946
1675 -95.694
1676 -96.0033
1677 -96.4121
1678 -96.8472
1679 -97.3008
1680 -97.7491
1681 -98.3044
1682 -99.1061
1683 -99.8463
1684 -100.507
1685 -101.1
1686 -101.535
1687 -102.03
1688 -102.55
1689 -103.178
1690 -103.747
1691 -104.291
1692 -104.784
1693 -105.164
1694 -105.499
1695 -105.769
1696 -106.088
1697 -106.396
1698 -106.735
1699 -107.022
1700 -107.274
1701 -107.422
1702 -107.43
1703 -107.325
1704 -107.314
1705 -107.485
1706 -107.728
1707 -108.095
1708 -108.649
1709 -109.111
1710 -109.224
1711 -109.214
1712 -108.966
1713 -108.505
1714 -108.01
1715 -107.614
1716 -107.445
1717 -107.332
1718 -107.177
1719 -107.038
1720 -106.824
1721 -106.664
1722 -106.691
1723 -106.778
1724 -107.029
1725 -107.441
1726 -107.959
1727 -108.453
1728 -108.93
1729 -109.375
1730 -109.818
1731 -110
1732 -110.006
1733 -109.936
1734 -109.804
1735 -109.611
1736 -109.444
1737 -109.233
1738 -109.178
1739 -109.34
1740 -109.643
1741 -109.971
1742 -110.139
1743 -110.025
1744 -109.773
1745 -109.495
1746 -109.306
1747 -109.356
1748 -109.668
1749 -110.215
1750 -110.675
1751 -110.943
1752 -110.941
1753 -110.565
1754 -109.888
1755 -109.168
1756 -108.651
1757 -108.339
1758 -108.183
1759 -108.087
1760 -107.911
1761 -107.636
1762 -107.41
1763 -107.342
1764 -107.376
1765 -107.589
1766 -108.118
1767 -108.761
1768 -109.246
1769 -109.629
1770 -109.898
1771 -110.212
1772 -110.315
1773 -110.31
1774 -110.21
1775 -110.143
1776 -109.957
1777 -109.726
1778 -109.414
1779 -109.282
1780 -109.503
1781 -109.85
1782 -110.043
1783 -110.033
1784 -109.826
1785 -109.588
1786 -109.447
1787 -109.41
1788 -109.509
1789 -109.803
1790 -110.246
1791 -110.615
1792 -110.714
1793 -110.545
1794 -110.056
1795 -109.321
1796 -108.698
1797 -108.261
1798 -108.003
1799 -107.852
1800 -107.81
1801 -107.735
1802 -107.502
1803 -107.411
1804 -107.362
1805 -107.438
1806 -107.797
1807 -108.384
1808 -108.927
1809 -109.272
1810 -109.584
1811 -109.953
1812 -110.089
1813 -110.06
1814 -110.013
1815 -109.852
1816 -109.711
1817 -109.674
1818 -109.542
1819 -109.422
1820 -109.552
1821 -110.021
1822 -110.336
1823 -110.396
1824 -110.16
1825 -109.787
1826 -109.463
1827 -109.321
1828 -109.373
1829 -109.646
1830 -110.096
1831 -110.477
1832 -110.708
1833 -110.712
1834 -110.263
1835 -109.561
1836 -108.926
1837 -108.463
1838 -108.196
1839 -107.923
1840 -107.783
1841 -107.596
1842 -107.359
1843 -107.209
1844 -107.14
1845 -107.185
1846 -107.352
1847 -107.759
1848 -108.366
1849 -108.91
1850 -109.328
1851 -109.721
1852 -110.011
1853 -110.078
1854 -109.984
1855 -109.717
1856 -109.429
1857 -109.223
1858 -109.127
1859 -108.95
1860 -108.969
1861 -109.271
1862 -109.592
1863 -109.737
1864 -109.696
1865 -109.456
1866 -109.183
1867 -108.982
1868 -108.993
1869 -109.163
1870 -109.543
1871 -109.949
1872 -110.262
1873 -110.303
1874 -110.006
1875 -109.482
1876 -108.807
1877 -108.201
1878 -107.824
1879 -107.511
1880 -107.294
1881 -107.195
1882 -107.041
1883 -106.884
1884 -106.872
1885 -106.829
1886 -106.852
1887 -107.1
1888 -107.722
1889 -108.207
1890 -108.721
1891 -109.214
1892 -109.468
1893 -109.585
1894 -109.614
1895 -109.57
1896 -109.36
1897 -109.095
1898 -108.91
1899 -108.704
1900 -108.628
1901 -108.725
1902 -108.996
1903 -109.285
1904 -109.432
1905 -109.247
1906 -108.975
1907 -108.694
1908 -108.502
1909 -108.542
1910 -108.796
1911 -109.256
1912 -109.624
1913 -109.772
1914 -109.732
1915 -109.251
1916 -108.6
1917 -107.967
1918 -107.443
1919 -107.136
1920 -106.905
1921 -106.771
1922 -106.686
1923 -106.485
1924 -106.245
1925 -106.208
1926 -106.221
1927 -106.357
1928 -106.752
1929 -107.322
1930 -107.912
1931 -108.356
1932 -108.652
1933 -108.788
1934 -108.787
1935 -108.786
1936 -108.682
1937 -108.464
1938 -108.227
1939 -108.03
1940 -107.929
1941 -108.02
1942 -108.281
1943 -108.681
1944 -108.893
1945 -108.837
1946 -108.644
1947 -108.402
1948 -108.138
1949 -108.022
1950 -108.111
1951 -108.384
1952 -108.753
1953 -109.089
1954 -109.165
1955 -108.987
1956 -108.532
1957 -107.884
1958 -107.286
1959 -106.855
1960 -106.501
1961 -106.228
1962 -106.161
1963 -106.036
1964 -105.85
1965 -105.769
1966 -105.69
1967 -105.679
1968 -106.011
1969 -106.504
1970 -106.908
1971 -107.33
1972 -107.724
1973 -108.005
1974 -108.192
1975 -108.286
1976 -108.231
1977 -108.089
1978 -107.857
1979 -107.626
1980 -107.354
1981 -107.282
1982 -107.46
1983 -107.743
1984 -107.995
1985 -108.057
1986 -107.924
1987 -107.633
1988 -107.335
1989 -107.193
1990 -107.313
1991 -107.691
1992 -108.069
1993 -108.354
1994 -108.531
1995 -108.535
1996 -108.171
1997 -107.545
1998 -106.871
1999 -106.426
2000 -106.084
2001 -105.875
2002 -105.779
2003 -105.706
2004 -105.483
2005 -105.321
2006 -105.276
2007 -105.24
2008 -105.512
2009 -106.012
2010 -106.512
2011 -106.948
2012 -107.325
2013 -107.598
2014 -107.784
2015 -107.899
2016 -107.85
2017 -107.694
2018 -107.492
2019 -107.3
2020 -107.216
2021 -107.177
2022 -107.244
2023 -107.47
2024 -107.821
2025 -108.032
2026 -107.962
2027 -107.6
2028 -107.261
2029 -107.086
2030 -107.14
2031 -107.399
2032 -107.665
2033 -107.977
2034 -108.299
2035 -108.424
2036 -108.382
2037 -108.002
2038 -107.383
2039 -107.017
2040 -106.94
2041 -107.006
2042 -107.213
2043 -107.465
2044 -107.778
2045 -108.024
2046 -108.28
2047 -108.513
2048 -108.966
2049 -109.772
2050 -110.709
2051 -111.596
2052 -112.415
2053 -113.23
2054 -114.004
2055 -114.714
2056 -115.41
2057 -115.909
2058 -116.313
2059 -116.649
2060 -116.872
2061 -117.077
2062 -117.489
2063 -118.167
2064 -119.08
2065 -120.034
2066 -120.837
2067 -121.545
2068 -122.1
2069 -122.358
2070 -122.273
2071 -121.853
2072 -121.509
2073 -121.466
2074 -121.72
2075 -122.053
2076 -122.169
2077 -122.065
2078 -121.753
2079 -121.392
2080 -121.078
2081 -120.915
2082 -120.835
2083 -120.689
2084 -120.452
2085 -120.092
2086 -119.723
2087 -119.313
2088 -118.945
2089 -118.611
2090 -118.315
2091 -118.037
2092 -117.642
2093 -117.079
2094 -116.457
2095 -115.848
2096 -115.352
2097 -114.938
2098 -114.576
2099 -114.231
2100 -113.954
2101 -113.709
2102 -113.384
2103 -113.054
2104 -112.683
2105 -112.407
2106 -112.177
2107 -112.039
2108 -111.934
2109 -111.846
2110 -111.803
2111 -111.733
2112 -111.585
2113 -111.405
2114 -111.267
2115 -111.175
2116 -111.089
2117 -111.005
2118 -110.918
2119 -110.868
2120 -110.769
2121 -110.65
2122 -110.537
2123 -110.452
2124 -110.386
2125 -110.38
2126 -110.325
2127 -110.228
2128 -110.114
2129 -110.044
2130 -110.033
2131 -110.065
2132 -110.092
2133 -110.128
2134 -110.117
2135 -110.08
2136 -110.031
2137 -109.993
2138 -109.972
2139 -109.967
2140 -109.98
2141 -109.954
2142 -109.903
2143 -109.835
2144 -109.789
2145 -109.774
2146 -109.781
2147 -109.795
2148 -109.8
2149 -109.8
2150 -109.79
2151 -109.76
2152 -109.74
2153 -109.687
2154 -109.642
2155 -109.596
2156 -109.581
2157 -109.594
2158 -109.626
2159 -109.653
2160 -109.66
2161 -109.674
2162 -109.66
2163 -109.668
2164 -109.698
2165 -109.842
2166 -110.654
2167 -111
2168 -110.912
2169 -110.929
2170 -111.298
2171 -112.058
2172 -113.028
2173 -113.915
2174 -114.513
2175 -114.871
2176 -115.08
2177 -115.329
2178 -115.785
2179 -116.369
2180 -117.075
2181 -117.811
2182 -118.444
2183 -118.994
2184 -119.515
2185 -120.108
2186 -120.711
2187 -121.321
2188 -121.91
2189 -122.535
2190 -123.23
2191 -124.041
2192 -124.884
2193 -125.781
2194 -126.545
2195 -127.162
2196 -127.687
2197 -128.103
2198 -128.603
2199 -129.062
2200 -129.524
2201 -129.748
2202 -129.825
2203 -129.798
2204 -129.78
2205 -129.731
2206 -129.667
2207 -129.503
2208 -129.2
2209 -128.885
2210 -128.46
2211 -128.222
2212 -128.038
2213 -127.823
2214 -127.458
2215 -127.008
2216 -126.515
2217 -126.101
2218 -125.674
2219 -125.226
2220 -124.732
2221 -124.275
2222 -123.667
2223 -122.987
2224 -122.458
2225 -122.033
2226 -121.63
2227 -121.043
2228 -120.567
2229 -120.078
2230 -119.539
2231 -119.064
2232 -118.758
2233 -118.654
2234 -118.581
2235 -118.597
2236 -118.427
2237 -118.15
2238 -117.82
2239 -117.43
2240 -117.057
2241 -116.707
2242 -116.472
2243 -116.333
2244 -116.498
2245 -116.979
2246 -117.501
2247 -117.973
2248 -118.261
2249 -118.314
2250 -118.268
2251 -118.218
2252 -118.138
2253 -118.056
2254 -118.1
2255 -118.155
2256 -118.237
2257 -118.29
2258 -118.189
2259 -118.021
2260 -117.858
2261 -117.645
2262 -117.292
2263 -116.951
2264 -116.771
2265 -116.857
2266 -117.08
2267 -117.293
2268 -117.379
2269 -117.122
2270 -116.729
2271 -116.284
2272 -115.968
2273 -115.801
2274 -115.77
2275 -115.931
2276 -116.126
2277 -116.26
2278 -116.228
2279 -116.046
2280 -115.778
2281 -115.494
2282 -115.162
2283 -114.95
2284 -114.986
2285 -115.388
2286 -116.055
2287 -116.768
2288 -117.383
2289 -117.651
2290 -117.613
2291 -117.464
2292 -117.368
2293 -117.269
2294 -117.297
2295 -117.5
2296 -117.797
2297 -118.035
2298 -118.193
2299 -118.145
2300 -117.959
2301 -117.734
2302 -117.51
2303 -117.19
2304 -116.892
2305 -116.765
2306 -116.751
2307 -116.963
2308 -117.317
2309 -117.44
2310 -117.277
2311 -116.825
2312 -116.355
2313 -115.999
2314 -115.792
2315 -115.839
2316 -116.076
2317 -116.4
2318 -116.666
2319 -116.583
2320 -116.457
2321 -116.225
2322 -116.004
2323 -115.752
2324 -115.64
2325 -115.881
2326 -116.397
2327 -117.162
2328 -117.868
2329 -118.35
2330 -118.438
2331 -118.25
2332 -118.11
2333 -117.953
2334 -117.895
2335 -118.031
2336 -118.279
2337 -118.595
2338 -118.759
2339 -118.79
2340 -118.702
2341 -118.589
2342 -118.42
2343 -118.112
2344 -117.785
2345 -117.546
2346 -117.441
2347 -117.444
2348 -117.719
2349 -118.104
2350 -118.116
2351 -117.858
2352 -117.384
2353 -116.939
2354 -116.577
2355 -116.491
2356 -116.604
2357 -116.829
2358 -117.122
2359 -117.219
2360 -117.036
2361 -116.794
2362 -116.598
2363 -116.342
2364 -116.22
2365 -116.363
2366 -116.797
2367 -117.496
2368 -118.193
2369 -118.757
2370 -118.954
2371 -118.908
2372 -118.741
2373 -118.591
2374 -118.476
2375 -118.525
2376 -118.789
2377 -119.207
2378 -119.544
2379 -119.708
2380 -119.614
2381 -119.376
2382 -119.119
2383 -118.858
2384 -118.566
2385 -118.306
2386 -118.193
2387 -118.308
2388 -118.48
2389 -118.697
2390 -118.738
2391 -118.597
2392 -118.314
2393 -118.08
2394 -117.783
2395 -117.496
2396 -117.387
2397 -117.507
2398 -117.7
2399 -117.899
2400 -117.791
2401 -117.623
2402 -117.377
2403 -117.183
2404 -116.914
2405 -116.824
2406 -117.094
2407 -117.738
2408 -118.459
2409 -119.061
2410 -119.429
2411 -119.57
2412 -119.461
2413 -119.284
2414 -119.207
2415 -119.143
2416 -119.264
2417 -119.583
2418 -119.905
2419 -120.131
2420 -120.166
2421 -120.048
2422 -119.814
2423 -119.538
2424 -119.195
2425 -118.923
2426 -118.79
2427 -118.871
2428 -118.997
2429 -119.171
2430 -119.378
2431 -119.261
2432 -119.04
2433 -118.735
2434 -118.401
2435 -118.095
2436 -118
2437 -118.056
2438 -118.268
2439 -118.538
2440 -118.619
2441 -118.407
2442 -118.165
2443 -117.942
2444 -117.645
2445 -117.412
2446 -117.499
2447 -117.898
2448 -118.532
2449 -119.29
2450 -119.842
2451 -120.076
2452 -120.082
2453 -119.906
2454 -119.721
2455 -119.577
2456 -119.709
2457 -119.993
2458 -120.315
2459 -120.515
2460 -120.643
2461 -120.65
2462 -120.55
2463 -120.293
2464 -119.892
2465 -119.463
2466 -119.232
2467 -119.203
2468 -119.307
2469 -119.401
2470 -119.639
2471 -119.68
2472 -119.515
2473 -119.281
2474 -119.017
2475 -118.695
2476 -118.539
2477 -118.507
2478 -118.605
2479 -118.767
2480 -118.848
2481 -118.736
2482 -118.499
2483 -118.24
2484 -117.96
2485 -117.67
2486 -117.646
2487 -117.914
2488 -118.552
2489 -119.325
2490 -119.956
2491 -120.239
2492 -120.273
2493 -120.104
2494 -119.92
2495 -119.761
2496 -119.692
2497 -119.839
2498 -120.212
2499 -120.579
2500 -120.776
2501 -120.713
2502 -120.661
2503 -120.519
2504 -120.278
2505 -119.865
2506 -119.433
2507 -119.27
2508 -119.404
2509 -119.621
2510 -119.83
2511 -119.965
2512 -119.831
2513 -119.523
2514 -119.248
2515 -118.947
2516 -118.734
2517 -118.647
2518 -118.707
2519 -118.83
2520 -118.947
2521 -118.979
2522 -118.819
2523 -118.668
2524 -118.463
2525 -118.192
2526 -118.031
2527 -118.062
2528 -118.476
2529 -119.128
2530 -119.907
2531 -120.374
2532 -120.506
2533 -120.491
2534 -120.33
2535 -120.206
2536 -120.039
2537 -119.995
2538 -120.133
2539 -120.49
2540 -120.818
2541 -120.948
2542 -120.845
2543 -120.712
2544 -120.502
2545 -120.246
2546 -119.856
2547 -119.524
2548 -119.397
2549 -119.516
2550 -119.706
2551 -119.895
2552 -119.891
2553 -119.685
2554 -119.503
2555 -119.203
2556 -118.858
2557 -118.606
2558 -118.521
2559 -118.668
2560 -118.854
2561 -118.943
2562 -118.839
2563 -118.658
2564 -118.455
2565 -118.218
2566 -117.883
2567 -117.836
2568 -118.075
2569 -118.61
2570 -119.213
2571 -119.705
2572 -119.907
2573 -119.79
2574 -119.421
2575 -118.917
2576 -118.441
2577 -118.123
2578 -117.964
2579 -118.017
2580 -117.972
2581 -117.817
2582 -117.541
2583 -117.09
2584 -116.397
2585 -115.665
2586 -114.854
2587 -113.965
2588 -113.231
2589 -112.766
2590 -112.418
2591 -112.062
2592 -111.816
2593 -111.526
2594 -110.844
2595 -109.772
2596 -108.573
2597 -107.496
2598 -106.741
2599 -106.074
2600 -105.63
2601 -105.369
2602 -105.187
2603 -104.897
2604 -104.594
2605 -104.217
2606 -103.944
2607 -103.787
2608 -103.681
2609 -103.696
2610 -103.72
2611 -103.754
2612 -103.875
2613 -104.085
2614 -104.302
2615 -104.524
2616 -104.736
2617 -105.018
2618 -105.355
2619 -105.652
2620 -105.959
2621 -106.312
2622 -106.676
2623 -107.134
2624 -107.6
2625 -108.056
2626 -108.529
2627 -108.993
2628 -109.504
2629 -110.046
2630 -110.551
2631 -110.924
2632 -111.192
2633 -111.423
2634 -111.723
2635 -112.076
2636 -112.425
2637 -112.743
2638 -113.022
2639 -113.242
2640 -113.448
2641 -113.646
2642 -113.833
2643 -114.021
2644 -114.16
2645 -114.268
2646 -114.392
2647 -114.505
2648 -114.61
2649 -114.714
2650 -114.823
2651 -114.921
2652 -114.981
2653 -115.008
2654 -115.036
2655 -115.11
2656 -115.227
2657 -115.332
2658 -115.463
2659 -115.537
2660 -115.597
2661 -115.669
2662 -115.749
2663 -115.83
2664 -115.868
2665 -115.866
2666 -115.849
2667 -115.846
2668 -115.862
2669 -115.897
2670 -115.96
2671 -115.976
2672 -116.02
2673 -116.05
2674 -116.07
2675 -116.105
2676 -116.11
2677 -116.114
2678 -116.129
2679 -116.14
2680 -116.166
2681 -116.166
2682 -116.168
2683 -116.157
2684 -116.166
2685 -116.18
2686 -116.188
2687 -116.18
2688 -116.18
2689 -116.204
2690 -116.227
2691 -116.272
2692 -116.267
2693 -116.25
2694 -116.244
2695 -116.242
2696 -116.266
2697 -116.269
2698 -116.237
2699 -116.147
2700 -115.324
2701 -114.821
2702 -114.905
2703 -114.911
2704 -114.588
2705 -113.89
2706 -112.947
2707 -112.08
2708 -111.46
2709 -111.032
2710 -110.681
2711 -110.304
2712 -109.807
2713 -109.159
2714 -108.438
2715 -107.735
2716 -107.103
2717 -106.547
2718 -105.996
2719 -105.419
2720 -104.782
2721 -104.152
2722 -103.532
2723 -102.877
2724 -102.174
2725 -101.426
2726 -100.683
2727 -100.027
2728 -99.3882
2729 -98.7368
2730 -98.1545
2731 -97.5861
2732 -97.0473
2733 -96.4896
2734 -95.987
2735 -95.5215
2736 -95.2898
2737 -95.1797
2738 -95.3064
2739 -95.4859
2740 -95.651
2741 -95.693
2742 -95.6715
2743 -95.7748
2744 -95.9992
2745 -96.3793
2746 -96.8168
2747 -97.1554
2748 -97.5965
2749 -98.1073
2750 -98.9453
2751 -99.7787
2752 -100.414
2753 -100.933
2754 -101.442
2755 -102.03
2756 -102.598
2757 -103.134
2758 -103.597
2759 -104.165
2760 -104.689
2761 -105.095
2762 -105.492
2763 -105.742
2764 -105.966
2765 -106.204
2766 -106.61
2767 -107.043
2768 -107.29
2769 -107.444
2770 -107.4
2771 -107.34
2772 -107.366
2773 -107.546
2774 -107.817
2775 -108.084
2776 -108.402
2777 -108.606
2778 -108.781
2779 -108.864
2780 -108.908
2781 -108.745
2782 -108.409
2783 -107.981
2784 -107.597
2785 -107.236
2786 -107.066
2787 -107.049
2788 -107.089
2789 -107.025
2790 -106.941
2791 -107
2792 -106.962
2793 -107.256
2794 -107.821
2795 -108.49
2796 -108.91
2797 -109.269
2798 -109.596
2799 -109.786
2800 -109.921
2801 -109.902
2802 -109.821
2803 -109.695
2804 -109.621
2805 -109.437
2806 -109.249
2807 -109.372
2808 -109.691
2809 -110.142
2810 -110.298
2811 -110.192
2812 -109.759
2813 -109.475
2814 -109.32
2815 -109.37
2816 -109.689
2817 -110.136
2818 -110.56
2819 -110.817
2820 -110.782
2821 -110.509
2822 -109.902
2823 -109.302
2824 -108.941
2825 -108.618
2826 -108.313
2827 -108.05
2828 -107.884
2829 -107.745
2830 -107.581
2831 -107.544
2832 -107.553
2833 -107.716
2834 -108.116
2835 -108.635
2836 -109.143
2837 -109.558
2838 -109.881
2839 -110.171
2840 -110.259
2841 -110.202
2842 -110.112
2843 -110.013
2844 -109.908
2845 -109.816
2846 -109.588
2847 -109.41
2848 -109.458
2849 -109.753
2850 -110.079
2851 -110.188
2852 -109.986
2853 -109.615
2854 -109.273
2855 -109.259
2856 -109.411
2857 -109.809
2858 -110.229
2859 -110.575
2860 -110.652
2861 -110.464
2862 -109.931
2863 -109.281
2864 -108.728
2865 -108.389
2866 -108.152
2867 -107.972
2868 -107.872
2869 -107.829
2870 -107.629
2871 -107.431
2872 -107.434
2873 -107.422
2874 -107.53
2875 -107.957
2876 -108.566
2877 -109.144
2878 -109.547
2879 -109.945
2880 -110.104
2881 -110.119
2882 -110.082
2883 -109.961
2884 -109.766
2885 -109.588
2886 -109.457
2887 -109.253
2888 -109.362
2889 -109.751
2890 -110.124
2891 -110.302
2892 -110.332
2893 -110.002
2894 -109.566
2895 -109.293
2896 -109.263
2897 -109.528
2898 -109.99
2899 -110.501
2900 -110.706
2901 -110.696
2902 -110.346
2903 -109.657
2904 -108.932
2905 -108.43
2906 -108.162
2907 -107.976
2908 -107.785
2909 -107.657
2910 -107.444
2911 -107.186
2912 -107.019
2913 -106.998
2914 -107.174
2915 -107.585
2916 -108.201
2917 -108.782
2918 -109.322
2919 -109.678
2920 -109.944
2921 -110.079
2922 -110.019
2923 -109.814
2924 -109.579
2925 -109.404
2926 -109.223
2927 -108.956
2928 -108.86
2929 -109.075
2930 -109.362
2931 -109.638
2932 -109.759
2933 -109.615
2934 -109.315
2935 -109.142
2936 -109.183
2937 -109.248
2938 -109.397
2939 -109.42
2940 -109.576
2941 -109.722
2942 -109.731
2943 -109.51
2944 -109.051
2945 -108.529
2946 -108.019
2947 -107.64
2948 -107.384
2949 -107.31
2950 -107.351
2951 -107.249
2952 -107.134
2953 -107.029
2954 -106.952
2955 -107.095
2956 -107.536
2957 -108.085
2958 -108.623
2959 -109.08
2960 -109.386
2961 -109.506
2962 -109.589
2963 -109.485
2964 -109.263
2965 -109.073
2966 -108.953
2967 -108.767
2968 -108.623
2969 -108.692
2970 -109.023
2971 -109.344
2972 -109.549
2973 -109.42
2974 -109.031
2975 -108.626
2976 -108.356
2977 -108.407
2978 -108.734
2979 -109.127
2980 -109.484
2981 -109.784
2982 -109.739
2983 -109.432
2984 -108.873
2985 -108.204
2986 -107.64
2987 -107.272
2988 -107.015
2989 -106.755
2990 -106.696
2991 -106.607
2992 -106.435
2993 -106.331
2994 -106.251
2995 -106.287
2996 -106.596
2997 -107.146
2998 -107.649
2999 -108.105
3000 -108.483
3001 -108.737
3002 -108.87
3003 -108.861
3004 -108.652
3005 -108.423
3006 -108.264
3007 -108.108
3008 -107.921
3009 -107.947
3010 -108.27
3011 -108.662
3012 -108.832
3013 -108.821
3014 -108.616
3015 -108.279
3016 -107.99
3017 -107.996
3018 -108.204
3019 -108.58
3020 -108.966
3021 -109.266
3022 -109.31
3023 -109.087
3024 -108.636
3025 -107.963
3026 -107.351
3027 -107.029
3028 -106.676
3029 -106.418
3030 -106.279
3031 -106.14
3032 -105.901
3033 -105.812
3034 -105.747
3035 -105.723
3036 -105.902
3037 -106.268
3038 -106.774
3039 -107.331
3040 -107.769
3041 -108.065
3042 -108.204
3043 -108.26
3044 -108.187
3045 -107.952
3046 -107.83
3047 -107.692
3048 -107.489
3049 -107.3
3050 -107.406
3051 -107.708
3052 -107.981
3053 -108.136
3054 -108.103
3055 -107.901
3056 -107.621
3057 -107.493
3058 -107.482
3059 -107.682
3060 -107.91
3061 -108.23
3062 -108.412
3063 -108.409
3064 -108.161
3065 -107.633
3066 -107.012
3067 -106.506
3068 -106.179
3069 -105.922
3070 -105.793
3071 -105.81
3072 -105.72
3073 -105.601
3074 -105.462
3075 -105.328
3076 -105.356
3077 -105.767
3078 -106.25
3079 -106.787
3080 -107.207
3081 -107.485
3082 -107.685
3083 -107.766
3084 -107.809
3085 -107.728
3086 -107.574
3087 -107.459
3088 -107.397
3089 -107.19
3090 -107.192
3091 -107.505
3092 -107.829
3093 -108.049
3094 -108.078
3095 -107.851
3096 -107.584
3097 -107.436
3098 -107.44
3099 -107.476
3100 -107.541
3101 -107.582
3102 -107.74
3103 -107.97
3104 -108.099
3105 -108.019
3106 -107.688
3107 -107.287
3108 -107.149
3109 -107.08
3110 -107.136
3111 -107.44
3112 -107.854
3113 -108.194
3114 -108.433
3115 -108.625
3116 -108.859
3117 -109.36
3118 -110.249
3119 -111.188
3120 -112.139
3121 -113.063
3122 -113.931
3123 -114.628
3124 -115.323
3125 -115.873
3126 -116.31
3127 -116.605
3128 -116.851
3129 -117.031
3130 -117.299
3131 -117.961
3132 -118.847
3133 -119.885
3134 -120.81
3135 -121.498
3136 -122.067
3137 -122.356
3138 -122.4
3139 -122.057
3140 -121.671
3141 -121.518
3142 -121.706
3143 -122.005
3144 -122.162
3145 -122.12
3146 -121.942
3147 -121.672
3148 -121.299
3149 -121.069
3150 -120.856
3151 -120.725
3152 -120.54
3153 -120.252
3154 -119.874
3155 -119.41
3156 -118.872
3157 -118.462
3158 -118.173
3159 -117.942
3160 -117.697
3161 -117.321
3162 -116.718
3163 -116.104
3164 -115.503
3165 -114.972
3166 -114.537
3167 -114.182
3168 -113.913
3169 -113.696
3170 -113.456
3171 -113.156
3172 -112.832
3173 -112.512
3174 -112.274
3175 -112.077
3176 -111.923
3177 -111.788
3178 -111.663
3179 -111.521
3180 -111.388
3181 -111.24
3182 -111.094
3183 -111.004
3184 -110.942
3185 -110.869
3186 -110.745
3187 -110.638
3188 -110.551
3189 -110.435
3190 -110.333
3191 -110.241
3192 -110.19
3193 -110.195
3194 -110.209
3195 -110.17
3196 -110.09
3197 -109.981
3198 -109.912
3199 -109.896
3200 -109.89
3201 -109.888
3202 -109.888
3203 -109.879
3204 -109.826
3205 -109.746
3206 -109.671
3207 -109.623
3208 -109.614
3209 -109.618
3210 -109.64
3211 -109.64
3212 -109.626
3213 -109.604
3214 -109.566
3215 -109.532
3216 -109.477
3217 -109.457
3218 -109.434
3219 -109.43
3220 -109.424
3221 -109.399
3222 -109.385
3223 -109.359
3224 -109.32
3225 -109.29
3226 -109.29
3227 -109.29
3228 -109.296
3229 -109.281
3230 -109.284
3231 -109.29
3232 -109.283
3233 -109.287
3234 -109.287
3235 -109.296
3236 -109.303
3237 -109.31
3238 -109.282
3239 -109.237
3240 -109.203
3241 -109.18
3242 -109.182
3243 -109.217
3244 -109.24
3245 -109.247
3246 -109.229
3247 -109.208
3248 -109.21
3249 -109.204
3250 -109.201
3251 -109.205
3252 -109.21
3253 -109.21
3254 -109.22
3255 -109.22
3256 -109.22
3257 -109.22
3258 -109.239
3259 -109.24
3260 -109.258
3261 -109.27
3262 -109.279
3263 -109.263
3264 -109.242
3265 -109.243
3266 -109.226
3267 -109.25
3268 -109.25
3269 -109.252
3270 -109.267
3271 -109.26
3272 -109.267
3273 -109.28
3274 -109.293
3275 -109.31
3276 -109.31
3277 -109.308
3278 -109.284
3279 -109.271
3280 -109.285
3281 -109.28
3282 -109.28
3283 -109.29
3284 -109.305
3285 -109.31
3286 -109.311
3287 -109.291
3288 -109.284
3289 -109.299
3290 -109.304
3291 -109.31
3292 -109.31
3293 -109.31
3294 -109.304
3295 -109.29
3296 -109.3
3297 -109.323
3298 -109.327
3299 -109.343
3300 -109.338
3301 -109.323
3302 -109.322
3303 -109.33
3304 -109.339
3305 -109.33
3306 -109.339
3307 -109.33
3308 -109.341
3309 -109.355
3310 -109.38
3311 -109.4
3312 -109.42
3313 -109.415
3314 -109.42
3315 -109.39
3316 -109.371
3317 -109.366
3318 -109.369
3319 -109.366
3320 -109.386
3321 -109.39
3322 -109.39
3323 -109.39
3324 -109.398
3325 -109.418
3326 -109.44
3327 -109.422
3328 -109.43
3329 -109.432
3330 -109.426
3331 -109.418
3332 -109.403
3333 -109.409
3334 -109.412
3335 -109.419
3336 -109.416
3337 -109.43
3338 -109.424
3339 -109.43
3340 -109.42
3341 -109.41
3342 -109.41
3343 -109.41
3344 -109.424
3345 -109.449
3346 -109.464
3347 -109.47
3348 -109.456
3349 -109.45
3350 -109.46
3351 -109.46
3352 -109.467
3353 -109.468
3354 -109.46
3355 -109.452
3356 -109.45
3357 -109.457
3358 -109.468
3359 -109.467
3360 -109.473
3361 -109.49
3362 -109.49
3363 -109.484
3364 -109.498
3365 -109.48
3366 -109.49
3367 -109.496
3368 -109.49
3369 -109.49
3370 -109.49
3371 -109.49
3372 -109.48
3373 -109.499
3374 -109.519
3375 -109.524
3376 -109.521
3377 -109.516
3378 -109.51
3379 -109.503
3380 -109.518
3381 -109.537
3382 -109.538
3383 -109.537
3384 -109.522
3385 -109.512
3386 -109.534
3387 -109.54
3388 -109.533
3389 -109.517
3390 -109.507
3391 -109.501
3392 -109.51
3393 -109.541
3394 -109.562
3395 -109.581
3396 -109.584
3397 -109.579
3398 -109.555
3399 -109.57
