0 -114.97
1 -114.101
2 -113.264
3 -112.66
4 -112.375
5 -112.169
6 -111.982
7 -111.708
8 -111.34
9 -110.838
10 -110.181
11 -109.365
12 -108.417
13 -107.492
14 -106.671
15 -105.995
16 -105.418
17 -104.987
18 -104.656
19 -104.376
20 -104.169
21 -104.028
22 -103.921
23 -103.814
24 -103.646
25 -103.424
26 -103.2
27 -103.058
28 -103.075
29 -103.291
30 -103.547
31 -103.728
32 -103.77
33 -103.77
34 -103.77
35 -103.918
36 -104.205
37 -104.602
38 -105.018
39 -105.381
40 -105.723
41 -106.012
42 -106.197
43 -106.377
44 -106.576
45 -106.858
46 -107.242
47 -107.713
48 -108.223
49 -108.763
50 -109.29
51 -109.831
52 -110.32
53 -110.701
54 -111.013
55 -111.278
56 -111.48
57 -111.669
58 -111.81
59 -111.989
60 -112.212
61 -112.41
62 -112.608
63 -112.734
64 -112.815
65 -112.892
66 -113.031
67 -113.207
68 -113.431
69 -113.623
70 -113.786
71 -113.882
72 -113.959
73 -113.989
74 -114.015
75 -114.066
76 -114.148
77 -114.257
78 -114.356
79 -114.433
80 -114.497
81 -114.549
82 -114.58
83 -114.58
84 -114.537
85 -114.483
86 -114.386
87 -114.36
88 -114.424
89 -114.564
90 -114.718
91 -114.85
92 -114.96
93 -114.997
94 -115.019
95 -115.027
96 -115.042
97 -115.085
98 -115.12
99 -115.12
100 -115.12
101 -115.11
102 -115.123
103 -115.141
104 -115.15
105 -115.139
106 -115.126
107 -115.127
108 -115.159
109 -115.201
110 -115.247
111 -115.294
112 -115.299
113 -115.29
114 -115.283
115 -115.26
116 -115.262
117 -115.24
118 -115.232
119 -115.219
120 -115.223
121 -115.254
122 -115.29
123 -115.303
124 -115.304
125 -115.283
126 -115.29
127 -115.29
128 -115.29
129 -115.28
130 -115.237
131 -114.909
132 -114.14
133 -113.879
134 -113.961
135 -114
136 -113.856
137 -113.3
138 -112.52
139 -111.701
140 -111.022
141 -110.522
142 -110.167
143 -109.855
144 -109.537
145 -109.148
146 -108.649
147 -108.047
148 -107.408
149 -106.755
150 -106.18
151 -105.733
152 -105.334
153 -104.926
154 -104.458
155 -103.917
156 -103.298
157 -102.683
158 -102.085
159 -101.5
160 -100.908
161 -100.309
162 -99.6981
163 -99.1069
164 -98.4266
165 -97.7284
166 -97.0577
167 -96.391
168 -95.8409
169 -95.4754
170 -95.1666
171 -94.9598
172 -94.7125
173 -94.5125
174 -94.2412
175 -94.0442
176 -93.8963
177 -93.8423
178 -93.9371
179 -94.1538
180 -94.4956
181 -94.7731
182 -94.9262
183 -94.9944
184 -95.1492
185 -95.4421
186 -95.8951
187 -96.4163
188 -96.8939
189 -97.3243
190 -97.7956
191 -98.4477
192 -98.9793
193 -99.4739
194 -99.8916
195 -100.346
196 -100.835
197 -101.434
198 -102.042
199 -102.632
200 -103.132
201 -103.594
202 -103.879
203 -104.235
204 -104.523
205 -104.773
206 -104.974
207 -105.178
208 -105.423
209 -105.69
210 -105.899
211 -105.997
212 -106.014
213 -105.98
214 -105.863
215 -105.887
216 -106.093
217 -106.391
218 -106.77
219 -107.197
220 -107.65
221 -107.867
222 -107.967
223 -107.97
224 -107.864
225 -107.497
226 -107.093
227 -106.689
228 -106.47
229 -106.235
230 -105.975
231 -105.762
232 -105.6
233 -105.318
234 -105.145
235 -105.093
236 -105.295
237 -105.488
238 -105.801
239 -106.265
240 -106.84
241 -107.357
242 -107.762
243 -107.996
244 -108.169
245 -108.372
246 -108.531
247 -108.672
248 -108.757
249 -108.714
250 -108.595
251 -108.32
252 -108.171
253 -107.924
254 -107.778
255 -107.925
256 -108.178
257 -108.478
258 -108.65
259 -108.648
260 -108.51
261 -108.248
262 -108.043
263 -107.954
264 -108.011
265 -108.213
266 -108.511
267 -108.92
268 -109.244
269 -109.446
270 -109.571
271 -109.413
272 -108.977
273 -108.307
274 -107.742
275 -107.224
276 -106.855
277 -106.563
278 -106.441
279 -106.337
280 -106.176
281 -105.986
282 -105.861
283 -105.815
284 -105.863
285 -106.086
286 -106.455
287 -106.98
288 -107.494
289 -107.88
290 -108.076
291 -108.299
292 -108.511
293 -108.686
294 -108.823
295 -108.92
296 -108.859
297 -108.599
298 -108.315
299 -108.067
300 -107.721
301 -107.584
302 -107.724
303 -108.055
304 -108.29
305 -108.295
306 -108.23
307 -108.031
308 -107.841
309 -107.685
310 -107.669
311 -107.729
312 -107.929
313 -108.326
314 -108.786
315 -109.061
316 -109.176
317 -109.143
318 -108.825
319 -108.308
320 -107.736
321 -107.242
322 -106.808
323 -106.5
324 -106.252
325 -106.157
326 -105.993
327 -105.822
328 -105.648
329 -105.527
330 -105.56
331 -105.75
332 -106.024
333 -106.356
334 -106.815
335 -107.256
336 -107.588
337 -107.87
338 -108.188
339 -108.407
340 -108.516
341 -108.573
342 -108.574
343 -108.446
344 -108.222
345 -108.093
346 -107.838
347 -107.605
348 -107.54
349 -107.758
350 -108.051
351 -108.235
352 -108.328
353 -108.188
354 -107.953
355 -107.722
356 -107.656
357 -107.716
358 -107.865
359 -108.135
360 -108.536
361 -108.819
362 -109.009
363 -109.005
364 -108.813
365 -108.368
366 -107.835
367 -107.33
368 -106.847
369 -106.44
370 -106.047
371 -105.824
372 -105.649
373 -105.501
374 -105.387
375 -105.262
376 -105.219
377 -105.251
378 -105.38
379 -105.646
380 -106.071
381 -106.617
382 -106.991
383 -107.334
384 -107.63
385 -107.984
386 -108.152
387 -108.25
388 -108.243
389 -108.069
390 -107.79
391 -107.598
392 -107.427
393 -107.177
394 -106.98
395 -107.023
396 -107.256
397 -107.473
398 -107.643
399 -107.71
400 -107.614
401 -107.436
402 -107.266
403 -107.166
404 -107.115
405 -107.203
406 -107.411
407 -107.717
408 -108.068
409 -108.335
410 -108.428
411 -108.252
412 -107.795
413 -107.23
414 -106.615
415 -106.146
416 -105.748
417 -105.481
418 -105.294
419 -105.252
420 -105.144
421 -104.915
422 -104.749
423 -104.723
424 -104.772
425 -104.983
426 -105.385
427 -105.874
428 -106.332
429 -106.657
430 -107.009
431 -107.26
432 -107.486
433 -107.632
434 -107.714
435 -107.688
436 -107.489
437 -107.301
438 -107.115
439 -106.846
440 -106.677
441 -106.655
442 -106.806
443 -107.124
444 -107.351
445 -107.466
446 -107.387
447 -107.153
448 -106.893
449 -106.633
450 -106.522
451 -106.577
452 -106.837
453 -107.166
454 -107.446
455 -107.683
456 -107.808
457 -107.63
458 -107.298
459 -106.795
460 -106.251
461 -105.783
462 -105.458
463 -105.168
464 -104.9
465 -104.682
466 -104.573
467 -104.377
468 -104.21
469 -104.155
470 -104.185
471 -104.218
472 -104.472
473 -104.909
474 -105.446
475 -105.761
476 -106.037
477 -106.194
478 -106.431
479 -106.588
480 -106.786
481 -106.879
482 -106.896
483 -106.729
484 -106.595
485 -106.379
486 -106.144
487 -105.943
488 -105.998
489 -106.253
490 -106.591
491 -106.823
492 -106.856
493 -106.706
494 -106.44
495 -106.162
496 -105.887
497 -105.845
498 -105.957
499 -106.309
500 -106.66
501 -106.995
502 -107.14
503 -107.17
504 -107.017
505 -106.682
506 -106.12
507 -105.511
508 -104.998
509 -104.568
510 -104.258
511 -104.064
512 -103.995
513 -103.894
514 -103.759
515 -103.586
516 -103.44
517 -103.423
518 -103.524
519 -103.905
520 -104.356
521 -104.893
522 -105.246
523 -105.562
524 -105.707
525 -105.838
526 -105.905
527 -106.094
528 -106.178
529 -106.193
530 -106.026
531 -105.849
532 -105.643
533 -105.429
534 -105.274
535 -105.341
536 -105.573
537 -105.773
538 -105.856
539 -105.847
540 -105.703
541 -105.513
542 -105.312
543 -105.232
544 -105.296
545 -105.467
546 -105.716
547 -105.981
548 -106.271
549 -106.434
550 -106.462
551 -106.329
552 -106
553 -105.441
554 -104.84
555 -104.394
556 -104.024
557 -103.715
558 -103.525
559 -103.426
560 -103.297
561 -103.13
562 -103.084
563 -103.075
564 -103.105
565 -103.259
566 -103.649
567 -104.157
568 -104.626
569 -104.943
570 -105.186
571 -105.349
572 -105.518
573 -105.636
574 -105.7
575 -105.672
576 -105.624
577 -105.509
578 -105.386
579 -105.244
580 -105.029
581 -104.98
582 -105.085
583 -105.337
584 -105.543
585 -105.676
586 -105.664
587 -105.438
588 -105.147
589 -104.926
590 -104.937
591 -105.09
592 -105.367
593 -105.73
594 -105.988
595 -106.232
596 -106.338
597 -106.31
598 -106.045
599 -105.665
600 -105.214
601 -104.964
602 -104.828
603 -104.732
604 -104.801
605 -104.969
606 -105.218
607 -105.411
608 -105.61
609 -105.801
610 -106.036
611 -106.467
612 -107.14
613 -107.953
614 -108.743
615 -109.464
616 -110.154
617 -110.833
618 -111.541
619 -112.159
620 -112.836
621 -113.501
622 -114.055
623 -114.447
624 -114.649
625 -114.798
626 -114.898
627 -115.04
628 -115.478
629 -116.147
630 -116.998
631 -117.811
632 -118.562
633 -119.248
634 -119.753
635 -119.995
636 -120.058
637 -119.95
638 -119.799
639 -119.723
640 -119.672
641 -119.595
642 -119.578
643 -119.601
644 -119.669
645 -119.739
646 -119.695
647 -119.536
648 -119.222
649 -118.977
650 -118.756
651 -118.631
652 -118.527
653 -118.389
654 -118.168
655 -117.885
656 -117.535
657 -117.127
658 -116.714
659 -116.299
660 -115.91
661 -115.606
662 -115.323
663 -114.966
664 -114.556
665 -114.061
666 -113.536
667 -113.118
668 -112.77
669 -112.481
670 -112.23
671 -112.024
672 -111.841
673 -111.671
674 -111.439
675 -111.208
676 -110.949
677 -110.717
678 -110.512
679 -110.363
680 -110.194
681 -110.052
682 -109.878
683 -109.701
684 -109.511
685 -109.341
686 -109.226
687 -109.093
688 -108.968
689 -108.872
690 -108.813
691 -108.818
692 -108.805
693 -108.769
694 -108.684
695 -108.585
696 -108.495
697 -108.395
698 -108.298
699 -108.184
700 -108.11
701 -108.068
702 -108.043
703 -108.004
704 -107.943
705 -107.871
706 -107.835
707 -107.87
708 -107.913
709 -107.944
710 -107.93
711 -107.892
712 -107.821
713 -107.78
714 -107.746
715 -107.738
716 -107.724
717 -107.723
718 -107.71
719 -107.71
720 -107.675
721 -107.637
722 -107.605
723 -107.552
724 -107.54
725 -107.55
726 -107.537
727 -107.514
728 -107.467
729 -107.42
730 -107.412
731 -107.393
732 -107.371
733 -107.373
734 -107.38
735 -107.388
736 -107.389
737 -107.38
738 -107.373
739 -107.38
740 -107.367
741 -107.371
742 -107.372
743 -107.391
744 -107.412
745 -107.458
746 -107.519
747 -108.157
748 -108.716
749 -108.739
750 -108.669
751 -108.736
752 -109.089
753 -109.739
754 -110.566
755 -111.318
756 -111.91
757 -112.29
758 -112.462
759 -112.631
760 -112.872
761 -113.298
762 -113.849
763 -114.502
764 -115.138
765 -115.75
766 -116.234
767 -116.684
768 -117.117
769 -117.637
770 -118.221
771 -118.874
772 -119.525
773 -120.113
774 -120.71
775 -121.353
776 -122.029
777 -122.707
778 -123.391
779 -124.054
780 -124.614
781 -125.162
782 -125.684
783 -126.147
784 -126.673
785 -127.133
786 -127.524
787 -127.765
788 -127.839
789 -127.807
790 -127.798
791 -127.783
792 -127.81
793 -127.829
794 -127.827
795 -127.731
796 -127.464
797 -127.151
798 -126.759
799 -126.428
800 -126.173
801 -126.006
802 -125.788
803 -125.465
804 -125.053
805 -124.583
806 -124.19
807 -123.843
808 -123.567
809 -123.192
810 -122.809
811 -122.372
812 -121.908
813 -121.368
814 -120.832
815 -120.312
816 -119.84
817 -119.467
818 -119.074
819 -118.69
820 -118.238
821 -117.744
822 -117.274
823 -116.959
824 -116.812
825 -116.747
826 -116.711
827 -116.654
828 -116.539
829 -116.352
830 -116.098
831 -115.775
832 -115.452
833 -115.067
834 -114.733
835 -114.579
836 -114.606
837 -114.812
838 -115.159
839 -115.617
840 -116.083
841 -116.401
842 -116.511
843 -116.496
844 -116.403
845 -116.328
846 -116.27
847 -116.202
848 -116.267
849 -116.436
850 -116.683
851 -116.833
852 -116.824
853 -116.702
854 -116.563
855 -116.359
856 -116.126
857 -115.856
858 -115.563
859 -115.299
860 -115.169
861 -115.199
862 -115.309
863 -115.451
864 -115.634
865 -115.664
866 -115.443
867 -115.018
868 -114.624
869 -114.205
870 -113.941
871 -113.794
872 -113.9
873 -114.101
874 -114.292
875 -114.449
876 -114.586
877 -114.538
878 -114.388
879 -114.095
880 -113.786
881 -113.474
882 -113.23
883 -113.373
884 -113.793
885 -114.303
886 -114.875
887 -115.424
888 -115.773
889 -115.869
890 -115.767
891 -115.678
892 -115.592
893 -115.551
894 -115.527
895 -115.655
896 -115.844
897 -116.155
898 -116.357
899 -116.419
900 -116.375
901 -116.341
902 -116.293
903 -116.056
904 -115.805
905 -115.532
906 -115.345
907 -115.248
908 -115.286
909 -115.437
910 -115.565
911 -115.778
912 -115.906
913 -115.758
914 -115.362
915 -114.927
916 -114.481
917 -114.214
918 -114.077
919 -114.125
920 -114.259
921 -114.51
922 -114.763
923 -114.892
924 -114.796
925 -114.623
926 -114.375
927 -114.203
928 -114.024
929 -113.936
930 -114.056
931 -114.385
932 -114.972
933 -115.584
934 -116.126
935 -116.452
936 -116.56
937 -116.541
938 -116.43
939 -116.227
940 -116.092
941 -116.061
942 -116.284
943 -116.57
944 -116.91
945 -117.084
946 -117.123
947 -117.091
948 -117.127
949 -116.989
950 -116.789
951 -116.502
952 -116.218
953 -116.054
954 -115.977
955 -116.016
956 -116.13
957 -116.338
958 -116.568
959 -116.595
960 -116.327
961 -115.882
962 -115.427
963 -115.101
964 -114.858
965 -114.842
966 -114.924
967 -115.11
968 -115.277
969 -115.464
970 -115.45
971 -115.386
972 -115.216
973 -115.064
974 -114.844
975 -114.622
976 -114.522
977 -114.825
978 -115.298
979 -115.997
980 -116.6
981 -117.08
982 -117.214
983 -117.22
984 -117.104
985 -117.016
986 -116.972
987 -116.936
988 -117.025
989 -117.222
990 -117.525
991 -117.798
992 -117.98
993 -118.02
994 -117.957
995 -117.899
996 -117.742
997 -117.463
998 -117.149
999 -116.872
1000 -116.687
1001 -116.64
1002 -116.787
1003 -116.888
1004 -117.04
1005 -117.243
1006 -117.214
1007 -116.961
1008 -116.538
1009 -116.174
1010 -115.876
1011 -115.7
1012 -115.695
1013 -115.855
1014 -116.04
1015 -116.181
1016 -116.318
1017 -116.304
1018 -116.158
1019 -115.92
1020 -115.68
1021 -115.444
1022 -115.192
1023 -115.181
1024 -115.425
1025 -116.032
1026 -116.802
1027 -117.463
1028 -117.853
1029 -117.927
1030 -117.855
1031 -117.753
1032 -117.608
1033 -117.5
1034 -117.42
1035 -117.564
1036 -117.757
1037 -118.091
1038 -118.377
1039 -118.461
1040 -118.484
1041 -118.438
1042 -118.403
1043 -118.151
1044 -117.874
1045 -117.513
1046 -117.276
1047 -117.2
1048 -117.268
1049 -117.391
1050 -117.545
1051 -117.736
1052 -117.815
1053 -117.641
1054 -117.402
1055 -117.081
1056 -116.697
1057 -116.364
1058 -116.275
1059 -116.398
1060 -116.671
1061 -116.882
1062 -117.023
1063 -117.005
1064 -116.863
1065 -116.676
1066 -116.457
1067 -116.204
1068 -115.916
1069 -115.781
1070 -115.946
1071 -116.322
1072 -116.871
1073 -117.507
1074 -118.05
1075 -118.34
1076 -118.371
1077 -118.322
1078 -118.165
1079 -118.044
1080 -117.954
1081 -118.059
1082 -118.249
1083 -118.591
1084 -118.832
1085 -119.002
1086 -119.015
1087 -118.988
1088 -118.96
1089 -118.758
1090 -118.404
1091 -118.091
1092 -117.819
1093 -117.704
1094 -117.69
1095 -117.867
1096 -117.961
1097 -118.104
1098 -118.313
1099 -118.306
1100 -118.047
1101 -117.727
1102 -117.333
1103 -117.011
1104 -116.765
1105 -116.691
1106 -116.778
1107 -116.96
1108 -117.119
1109 -117.271
1110 -117.26
1111 -117.182
1112 -116.984
1113 -116.774
1114 -116.464
1115 -116.218
1116 -116.111
1117 -116.342
1118 -116.76
1119 -117.451
1120 -118.066
1121 -118.478
1122 -118.614
1123 -118.682
1124 -118.588
1125 -118.438
1126 -118.231
1127 -118.12
1128 -118.138
1129 -118.386
1130 -118.849
1131 -119.154
1132 -119.24
1133 -119.14
1134 -119.166
1135 -119.18
1136 -119.025
1137 -118.643
1138 -118.214
1139 -117.88
1140 -117.85
1141 -117.962
1142 -118.162
1143 -118.252
1144 -118.452
1145 -118.516
1146 -118.459
1147 -118.166
1148 -117.82
1149 -117.378
1150 -116.976
1151 -116.785
1152 -116.905
1153 -117.138
1154 -117.362
1155 -117.503
1156 -117.612
1157 -117.523
1158 -117.339
1159 -117.185
1160 -117.023
1161 -116.716
1162 -116.581
1163 -116.631
1164 -116.967
1165 -117.521
1166 -118.154
1167 -118.716
1168 -119.063
1169 -119.117
1170 -119.078
1171 -118.989
1172 -118.883
1173 -118.729
1174 -118.632
1175 -118.618
1176 -118.874
1177 -119.266
1178 -119.625
1179 -119.653
1180 -119.473
1181 -119.354
1182 -119.324
1183 -119.196
1184 -119.004
1185 -118.673
1186 -118.385
1187 -118.24
1188 -118.378
1189 -118.651
1190 -118.883
1191 -119.019
1192 -118.891
1193 -118.609
1194 -118.261
1195 -117.944
1196 -117.611
1197 -117.313
1198 -117.184
1199 -117.254
1200 -117.521
1201 -117.816
1202 -118.001
1203 -117.977
1204 -117.764
1205 -117.5
1206 -117.213
1207 -116.943
1208 -116.663
1209 -116.564
1210 -116.677
1211 -117.121
1212 -117.694
1213 -118.248
1214 -118.651
1215 -118.694
1216 -118.533
1217 -118.239
1218 -117.933
1219 -117.606
1220 -117.31
1221 -116.989
1222 -116.788
1223 -116.774
1224 -116.755
1225 -116.655
1226 -116.401
1227 -116.002
1228 -115.58
1229 -115.095
1230 -114.547
1231 -113.892
1232 -113.175
1233 -112.393
1234 -111.831
1235 -111.514
1236 -111.312
1237 -111.022
1238 -110.748
1239 -110.314
1240 -109.839
1241 -109.112
1242 -108.232
1243 -107.344
1244 -106.412
1245 -105.689
1246 -104.993
1247 -104.434
1248 -104.053
1249 -103.876
1250 -103.698
1251 -103.557
1252 -103.236
1253 -102.987
1254 -102.74
1255 -102.561
1256 -102.377
1257 -102.309
1258 -102.214
1259 -102.286
1260 -102.466
1261 -102.738
1262 -102.961
1263 -103.132
1264 -103.183
1265 -103.226
1266 -103.208
1267 -103.371
1268 -103.646
1269 -104.044
1270 -104.469
1271 -104.955
1272 -105.327
1273 -105.61
1274 -105.868
1275 -106.129
1276 -106.436
1277 -106.85
1278 -107.308
1279 -107.811
1280 -108.232
1281 -108.635
1282 -109.025
1283 -109.366
1284 -109.65
1285 -109.948
1286 -110.255
1287 -110.578
1288 -110.857
1289 -111.135
1290 -111.346
1291 -111.555
1292 -111.743
1293 -111.96
1294 -112.124
1295 -112.286
1296 -112.418
1297 -112.533
1298 -112.623
1299 -112.732
1300 -112.86
1301 -113.011
1302 -113.148
1303 -113.276
1304 -113.321
1305 -113.343
1306 -113.356
1307 -113.387
1308 -113.472
1309 -113.569
1310 -113.666
1311 -113.764
1312 -113.841
1313 -113.918
1314 -113.968
1315 -114.016
1316 -114.05
1317 -114.091
1318 -114.153
1319 -114.208
1320 -114.272
1321 -114.318
1322 -114.354
1323 -114.385
1324 -114.432
1325 -114.494
1326 -114.544
1327 -114.563
1328 -114.561
1329 -114.536
1330 -114.535
1331 -114.566
1332 -114.613
1333 -114.672
1334 -114.717
1335 -114.758
1336 -114.775
1337 -114.795
1338 -114.8
1339 -114.781
1340 -114.798
1341 -114.817
1342 -114.839
1343 -114.885
1344 -114.905
1345 -114.918
1346 -114.9
1347 -114.896
1348 -114.89
1349 -114.9
1350 -114.907
1351 -114.919
1352 -114.885
1353 -114.859
1354 -114.838
1355 -114.813
1356 -114.829
1357 -114.86
1358 -114.876
1359 -114.89
1360 -114.868
1361 -114.838
1362 -114.503
1363 -113.707
1364 -113.523
1365 -113.593
1366 -113.603
1367 -113.372
1368 -112.797
1369 -112
1370 -111.161
1371 -110.474
1372 -109.998
1373 -109.676
1374 -109.424
1375 -109.133
1376 -108.716
1377 -108.194
1378 -107.541
1379 -106.881
1380 -106.224
1381 -105.637
1382 -105.157
1383 -104.722
1384 -104.27
1385 -103.776
1386 -103.255
1387 -102.719
1388 -102.174
1389 -101.599
1390 -101.004
1391 -100.366
1392 -99.646
1393 -99.0561
1394 -98.4983
1395 -97.8943
1396 -97.2814
1397 -96.746
1398 -96.1945
1399 -95.7304
1400 -95.2998
1401 -94.8973
1402 -94.581
1403 -94.2722
1404 -94.0001
1405 -93.717
1406 -93.5683
1407 -93.5737
1408 -93.6807
1409 -93.929
1410 -94.1614
1411 -94.3072
1412 -94.4103
1413 -94.4264
1414 -94.5126
1415 -94.7739
1416 -95.186
1417 -95.6574
1418 -96.0756
1419 -96.4975
1420 -97.0896
1421 -97.7569
1422 -98.4467
1423 -98.9166
1424 -99.2525
1425 -99.628
1426 -100.134
1427 -100.803
1428 -101.448
1429 -101.893
1430 -102.31
1431 -102.744
1432 -103.138
1433 -103.559
1434 -103.965
1435 -104.204
1436 -104.306
1437 -104.436
1438 -104.707
1439 -105.057
1440 -105.353
1441 -105.571
1442 -105.649
1443 -105.605
1444 -105.58
1445 -105.63
1446 -105.868
1447 -106.164
1448 -106.429
1449 -106.667
1450 -106.888
1451 -107.033
1452 -107.095
1453 -107.197
1454 -107.341
1455 -107.328
1456 -107.153
1457 -106.817
1458 -106.451
1459 -106.101
1460 -105.76
1461 -105.449
1462 -105.323
1463 -105.343
1464 -105.294
1465 -105.245
1466 -105.277
1467 -105.393
1468 -105.497
1469 -105.632
1470 -105.93
1471 -106.373
1472 -106.855
1473 -107.24
1474 -107.669
1475 -107.969
1476 -108.294
1477 -108.43
1478 -108.498
1479 -108.428
1480 -108.244
1481 -108.063
1482 -107.946
1483 -107.778
1484 -107.597
1485 -107.55
1486 -107.757
1487 -108.045
1488 -108.308
1489 -108.384
1490 -108.349
1491 -108.115
1492 -107.854
1493 -107.651
1494 -107.611
1495 -107.721
1496 -107.95
1497 -108.375
1498 -108.769
1499 -109.067
1500 -109.216
1501 -109.21
1502 -108.958
1503 -108.489
1504 -107.987
1505 -107.46
1506 -107.061
1507 -106.755
1508 -106.488
1509 -106.256
1510 -106.077
1511 -105.863
1512 -105.638
1513 -105.51
1514 -105.476
1515 -105.536
1516 -105.699
1517 -106.074
1518 -106.512
1519 -107.035
1520 -107.413
1521 -107.764
1522 -108.121
1523 -108.407
1524 -108.591
1525 -108.691
1526 -108.614
1527 -108.425
1528 -108.097
1529 -107.8
1530 -107.587
1531 -107.375
1532 -107.345
1533 -107.474
1534 -107.796
1535 -108.071
1536 -108.184
1537 -108.129
1538 -107.872
1539 -107.552
1540 -107.278
1541 -107.141
1542 -107.27
1543 -107.673
1544 -108.132
1545 -108.521
1546 -108.806
1547 -108.893
1548 -108.84
1549 -108.498
1550 -108.005
1551 -107.389
1552 -106.863
1553 -106.506
1554 -106.258
1555 -106.047
1556 -105.963
1557 -105.821
1558 -105.625
1559 -105.366
1560 -105.305
1561 -105.269
1562 -105.376
1563 -105.552
1564 -105.93
1565 -106.438
1566 -106.956
1567 -107.308
1568 -107.637
1569 -107.924
1570 -108.173
1571 -108.308
1572 -108.367
1573 -108.279
1574 -108.105
1575 -107.86
1576 -107.693
1577 -107.531
1578 -107.378
1579 -107.397
1580 -107.631
1581 -107.961
1582 -108.112
1583 -108.148
1584 -108.067
1585 -107.855
1586 -107.536
1587 -107.346
1588 -107.315
1589 -107.45
1590 -107.745
1591 -108.094
1592 -108.436
1593 -108.701
1594 -108.706
1595 -108.529
1596 -108.118
1597 -107.55
1598 -106.948
1599 -106.539
1600 -106.172
1601 -105.921
1602 -105.697
1603 -105.554
1604 -105.405
1605 -105.229
1606 -105.089
1607 -105.041
1608 -105.09
1609 -105.233
1610 -105.562
1611 -106.014
1612 -106.48
1613 -106.832
1614 -107.163
1615 -107.345
1616 -107.544
1617 -107.655
1618 -107.819
1619 -107.785
1620 -107.694
1621 -107.542
1622 -107.438
1623 -107.25
1624 -106.993
1625 -106.847
1626 -107.027
1627 -107.261
1628 -107.518
1629 -107.606
1630 -107.592
1631 -107.442
1632 -107.236
1633 -107.091
1634 -107.01
1635 -107.01
1636 -107.167
1637 -107.469
1638 -107.799
1639 -108.002
1640 -108.117
1641 -108.064
1642 -107.938
1643 -107.509
1644 -106.944
1645 -106.34
1646 -105.862
1647 -105.549
1648 -105.289
1649 -105.13
1650 -105.076
1651 -104.955
1652 -104.788
1653 -104.654
1654 -104.616
1655 -104.676
1656 -104.877
1657 -105.324
1658 -105.838
1659 -106.3
1660 -106.582
1661 -106.799
1662 -106.967
1663 -107.174
1664 -107.348
1665 -107.49
1666 -107.512
1667 -107.42
1668 -107.242
1669 -107.005
1670 -106.765
1671 -106.604
1672 -106.542
1673 -106.649
1674 -106.966
1675 -107.198
1676 -107.268
1677 -107.274
1678 -107.1
1679 -106.882
1680 -106.638
1681 -106.478
1682 -106.537
1683 -106.779
1684 -107.09
1685 -107.335
1686 -107.51
1687 -107.558
1688 -107.406
1689 -107.113
1690 -106.649
1691 -106.124
1692 -105.601
1693 -105.182
1694 -104.776
1695 -104.595
1696 -104.49
1697 -104.433
1698 -104.264
1699 -104.158
1700 -104.068
1701 -104.003
1702 -103.97
1703 -104.221
1704 -104.661
1705 -105.172
1706 -105.67
1707 -106.088
1708 -106.416
1709 -106.702
1710 -106.836
1711 -106.924
1712 -106.861
1713 -106.715
1714 -106.541
1715 -106.329
1716 -106.15
1717 -105.962
1718 -105.824
1719 -105.89
1720 -106.171
1721 -106.447
1722 -106.567
1723 -106.542
1724 -106.471
1725 -106.278
1726 -106.087
1727 -105.931
1728 -105.87
1729 -105.918
1730 -106.13
1731 -106.453
1732 -106.772
1733 -106.992
1734 -107.074
1735 -106.9
1736 -106.529
1737 -105.964
1738 -105.391
1739 -104.908
1740 -104.458
1741 -104.163
1742 -104.018
1743 -103.931
1744 -103.783
1745 -103.603
1746 -103.439
1747 -103.344
1748 -103.296
1749 -103.402
1750 -103.687
1751 -104.192
1752 -104.68
1753 -105.109
1754 -105.452
1755 -105.731
1756 -105.964
1757 -106.109
1758 -106.16
1759 -106.126
1760 -106.015
1761 -105.78
1762 -105.54
1763 -105.389
1764 -105.24
1765 -105.15
1766 -105.231
1767 -105.48
1768 -105.807
1769 -105.876
1770 -105.859
1771 -105.688
1772 -105.419
1773 -105.174
1774 -105.085
1775 -105.207
1776 -105.358
1777 -105.51
1778 -105.744
1779 -105.989
1780 -106.23
1781 -106.364
1782 -106.229
1783 -105.835
1784 -105.255
1785 -104.662
1786 -104.286
1787 -103.926
1788 -103.713
1789 -103.608
1790 -103.513
1791 -103.351
1792 -103.186
1793 -103.08
1794 -103.044
1795 -103.047
1796 -103.219
1797 -103.608
1798 -104.079
1799 -104.554
1800 -104.939
1801 -105.191
1802 -105.404
1803 -105.591
1804 -105.685
1805 -105.713
1806 -105.623
1807 -105.426
1808 -105.258
1809 -105.229
1810 -105.079
1811 -104.911
1812 -104.862
1813 -105.013
1814 -105.302
1815 -105.535
1816 -105.719
1817 -105.649
1818 -105.387
1819 -105.046
1820 -104.879
1821 -104.881
1822 -104.977
1823 -105.233
1824 -105.577
1825 -105.875
1826 -106.173
1827 -106.337
1828 -106.235
1829 -105.932
1830 -105.438
1831 -105.039
1832 -104.804
1833 -104.694
1834 -104.607
1835 -104.73
1836 -104.911
1837 -105.168
1838 -105.348
1839 -105.613
1840 -105.878
1841 -106.218
1842 -106.647
1843 -107.228
1844 -107.932
1845 -108.677
1846 -109.412
1847 -110.088
1848 -110.802
1849 -111.513
1850 -112.145
1851 -112.721
1852 -113.343
1853 -113.835
1854 -114.227
1855 -114.477
1856 -114.651
1857 -114.809
1858 -115.072
1859 -115.606
1860 -116.25
1861 -117.009
1862 -117.772
1863 -118.592
1864 -119.3
1865 -119.839
1866 -120.005
1867 -119.965
1868 -119.82
1869 -119.658
1870 -119.574
1871 -119.615
1872 -119.699
1873 -119.742
1874 -119.687
1875 -119.609
1876 -119.501
1877 -119.299
1878 -119.038
1879 -118.733
1880 -118.568
1881 -118.476
1882 -118.391
1883 -118.218
1884 -118
1885 -117.762
1886 -117.58
1887 -117.349
1888 -117.016
1889 -116.651
1890 -116.222
1891 -115.802
1892 -115.397
1893 -115.048
1894 -114.657
1895 -114.245
1896 -113.824
1897 -113.355
1898 -112.909
1899 -112.527
1900 -112.228
1901 -112.015
1902 -111.822
1903 -111.62
1904 -111.333
1905 -111.055
1906 -110.833
1907 -110.626
1908 -110.413
1909 -110.241
1910 -110.074
1911 -109.963
1912 -109.912
1913 -109.868
1914 -109.757
1915 -109.606
1916 -109.4
1917 -109.18
1918 -108.981
1919 -108.848
1920 -108.747
1921 -108.7
1922 -108.7
1923 -108.7
1924 -108.664
1925 -108.568
1926 -108.413
1927 -108.289
1928 -108.188
1929 -108.13
1930 -108.085
1931 -108.025
1932 -107.96
1933 -107.891
1934 -107.837
1935 -107.778
1936 -107.733
1937 -107.707
1938 -107.718
1939 -107.768
1940 -107.8
1941 -107.808
1942 -107.757
1943 -107.696
1944 -107.638
1945 -107.583
1946 -107.57
1947 -107.565
1948 -107.544
1949 -107.508
1950 -107.469
1951 -107.437
1952 -107.402
1953 -107.348
1954 -107.335
1955 -107.322
1956 -107.331
1957 -107.351
1958 -107.383
1959 -107.39
1960 -107.398
1961 -107.38
1962 -107.362
1963 -107.318
1964 -107.293
1965 -107.26
1966 -107.269
1967 -107.277
1968 -107.305
1969 -107.31
1970 -107.311
1971 -107.309
1972 -107.277
1973 -107.28
1974 -107.272
1975 -107.285
1976 -107.314
1977 -107.398
1978 -108.078
1979 -108.578
1980 -108.572
1981 -108.505
1982 -108.606
1983 -108.976
1984 -109.658
1985 -110.477
1986 -111.266
1987 -111.876
1988 -112.226
1989 -112.477
1990 -112.683
1991 -112.935
1992 -113.345
1993 -113.857
1994 -114.479
1995 -115.099
1996 -115.702
1997 -116.235
1998 -116.739
1999 -117.24
2000 -117.763
2001 -118.323
2002 -118.871
2003 -119.393
2004 -119.9
2005 -120.422
2006 -121.048
2007 -121.71
2008 -122.426
2009 -123.155
2010 -123.869
2011 -124.457
2012 -124.99
2013 -125.505
2014 -125.928
2015 -126.41
2016 -126.858
2017 -127.307
2018 -127.624
2019 -127.727
2020 -127.627
2021 -127.455
2022 -127.31
2023 -127.262
2024 -127.249
2025 -127.235
2026 -127.189
2027 -127.068
2028 -126.786
2029 -126.416
2030 -126.131
2031 -125.802
2032 -125.595
2033 -125.351
2034 -125.069
2035 -124.793
2036 -124.383
2037 -123.981
2038 -123.507
2039 -123.084
2040 -122.736
2041 -122.446
2042 -122.039
2043 -121.587
2044 -121.072
2045 -120.594
2046 -120.076
2047 -119.614
2048 -119.183
2049 -118.709
2050 -118.257
2051 -117.829
2052 -117.348
2053 -116.857
2054 -116.562
2055 -116.383
2056 -116.274
2057 -116.348
2058 -116.297
2059 -116.17
2060 -115.901
2061 -115.621
2062 -115.283
2063 -114.988
2064 -114.669
2065 -114.418
2066 -114.262
2067 -114.332
2068 -114.489
2069 -114.852
2070 -115.287
2071 -115.746
2072 -116.029
2073 -116.171
2074 -116.209
2075 -116.121
2076 -116.045
2077 -115.93
2078 -115.839
2079 -115.82
2080 -115.91
2081 -116.091
2082 -116.285
2083 -116.325
2084 -116.27
2085 -116.137
2086 -115.95
2087 -115.723
2088 -115.48
2089 -115.204
2090 -114.898
2091 -114.756
2092 -114.758
2093 -114.904
2094 -115.136
2095 -115.266
2096 -115.175
2097 -114.91
2098 -114.557
2099 -114.251
2100 -113.892
2101 -113.596
2102 -113.453
2103 -113.462
2104 -113.641
2105 -113.895
2106 -114.142
2107 -114.129
2108 -113.978
2109 -113.737
2110 -113.447
2111 -113.193
2112 -112.978
2113 -112.848
2114 -113.01
2115 -113.366
2116 -114.024
2117 -114.606
2118 -115.096
2119 -115.417
2120 -115.583
2121 -115.473
2122 -115.307
2123 -115.182
2124 -115.142
2125 -115.098
2126 -115.198
2127 -115.458
2128 -115.716
2129 -115.859
2130 -116.018
2131 -116.063
2132 -115.992
2133 -115.911
2134 -115.787
2135 -115.543
2136 -115.19
2137 -114.891
2138 -114.767
2139 -114.733
2140 -114.819
2141 -115.007
2142 -115.23
2143 -115.288
2144 -115.099
2145 -114.773
2146 -114.387
2147 -114.001
2148 -113.779
2149 -113.729
2150 -113.769
2151 -113.923
2152 -114.222
2153 -114.402
2154 -114.469
2155 -114.314
2156 -114.15
2157 -113.962
2158 -113.766
2159 -113.559
2160 -113.472
2161 -113.636
2162 -114.062
2163 -114.67
2164 -115.311
2165 -115.887
2166 -116.162
2167 -116.192
2168 -116.029
2169 -115.855
2170 -115.685
2171 -115.568
2172 -115.634
2173 -115.805
2174 -116.074
2175 -116.357
2176 -116.579
2177 -116.738
2178 -116.725
2179 -116.725
2180 -116.577
2181 -116.373
2182 -116.047
2183 -115.776
2184 -115.601
2185 -115.471
2186 -115.474
2187 -115.618
2188 -115.9
2189 -116.136
2190 -116.11
2191 -115.883
2192 -115.476
2193 -115.01
2194 -114.648
2195 -114.493
2196 -114.469
2197 -114.595
2198 -114.804
2199 -115.045
2200 -115.237
2201 -115.182
2202 -115.099
2203 -114.903
2204 -114.714
2205 -114.54
2206 -114.373
2207 -114.304
2208 -114.564
2209 -115.042
2210 -115.66
2211 -116.242
2212 -116.693
2213 -116.892
2214 -116.878
2215 -116.724
2216 -116.614
2217 -116.542
2218 -116.529
2219 -116.658
2220 -116.919
2221 -117.244
2222 -117.548
2223 -117.72
2224 -117.693
2225 -117.563
2226 -117.442
2227 -117.234
2228 -117.064
2229 -116.843
2230 -116.626
2231 -116.532
2232 -116.432
2233 -116.44
2234 -116.465
2235 -116.634
2236 -116.73
2237 -116.625
2238 -116.377
2239 -116.089
2240 -115.823
2241 -115.642
2242 -115.468
2243 -115.372
2244 -115.415
2245 -115.586
2246 -115.654
2247 -115.736
2248 -115.7
2249 -115.614
2250 -115.455
2251 -115.327
2252 -115.162
2253 -114.926
2254 -114.916
2255 -115.171
2256 -115.762
2257 -116.375
2258 -116.956
2259 -117.378
2260 -117.511
2261 -117.342
2262 -117.188
2263 -117.086
2264 -117.013
2265 -117
2266 -117.14
2267 -117.326
2268 -117.622
2269 -117.875
2270 -118.056
2271 -118.073
2272 -118.043
2273 -118.049
2274 -117.861
2275 -117.522
2276 -117.128
2277 -116.926
2278 -116.828
2279 -116.844
2280 -116.942
2281 -117.098
2282 -117.281
2283 -117.321
2284 -117.192
2285 -116.924
2286 -116.623
2287 -116.385
2288 -116.169
2289 -116.058
2290 -116.065
2291 -116.209
2292 -116.419
2293 -116.574
2294 -116.677
2295 -116.532
2296 -116.333
2297 -116.109
2298 -115.944
2299 -115.663
2300 -115.492
2301 -115.611
2302 -116.024
2303 -116.596
2304 -117.202
2305 -117.722
2306 -118.033
2307 -118.027
2308 -117.905
2309 -117.76
2310 -117.654
2311 -117.623
2312 -117.657
2313 -117.842
2314 -118.104
2315 -118.361
2316 -118.601
2317 -118.694
2318 -118.663
2319 -118.61
2320 -118.466
2321 -118.198
2322 -117.845
2323 -117.588
2324 -117.535
2325 -117.513
2326 -117.494
2327 -117.52
2328 -117.601
2329 -117.666
2330 -117.581
2331 -117.459
2332 -117.262
2333 -116.996
2334 -116.769
2335 -116.605
2336 -116.476
2337 -116.452
2338 -116.575
2339 -116.658
2340 -116.877
2341 -116.89
2342 -116.784
2343 -116.513
2344 -116.248
2345 -115.965
2346 -115.748
2347 -115.74
2348 -116.058
2349 -116.618
2350 -117.243
2351 -117.799
2352 -118.221
2353 -118.425
2354 -118.466
2355 -118.305
2356 -118.108
2357 -117.9
2358 -117.83
2359 -117.962
2360 -118.27
2361 -118.598
2362 -118.81
2363 -118.886
2364 -118.868
2365 -118.878
2366 -118.879
2367 -118.753
2368 -118.442
2369 -118.013
2370 -117.699
2371 -117.575
2372 -117.659
2373 -117.806
2374 -117.889
2375 -117.985
2376 -118.074
2377 -118.045
2378 -117.908
2379 -117.587
2380 -117.272
2381 -117.012
2382 -116.831
2383 -116.78
2384 -116.882
2385 -116.986
2386 -117.115
2387 -117.15
2388 -117.1
2389 -116.956
2390 -116.785
2391 -116.549
2392 -116.276
2393 -116.087
2394 -116.152
2395 -116.492
2396 -117.099
2397 -117.706
2398 -118.297
2399 -118.669
2400 -118.826
2401 -118.755
2402 -118.639
2403 -118.51
2404 -118.265
2405 -118.112
2406 -118.185
2407 -118.513
2408 -118.939
2409 -119.223
2410 -119.345
2411 -119.189
2412 -119.023
2413 -118.942
2414 -118.827
2415 -118.525
2416 -118.133
2417 -117.856
2418 -117.724
2419 -117.895
2420 -118.118
2421 -118.292
2422 -118.318
2423 -118.176
2424 -118.012
2425 -117.831
2426 -117.619
2427 -117.423
2428 -117.234
2429 -117.145
2430 -117.171
2431 -117.233
2432 -117.301
2433 -117.308
2434 -117.247
2435 -117.083
2436 -116.865
2437 -116.673
2438 -116.472
2439 -116.22
2440 -116.124
2441 -116.286
2442 -116.749
2443 -117.277
2444 -117.78
2445 -118.156
2446 -118.267
2447 -118.039
2448 -117.767
2449 -117.521
2450 -117.284
2451 -116.943
2452 -116.64
2453 -116.498
2454 -116.397
2455 -116.315
2456 -116.235
2457 -116.084
2458 -115.744
2459 -115.257
2460 -114.704
2461 -114.045
2462 -113.311
2463 -112.549
2464 -111.86
2465 -111.333
2466 -111.088
2467 -110.934
2468 -110.806
2469 -110.472
2470 -110.039
2471 -109.486
2472 -108.735
2473 -107.778
2474 -106.782
2475 -105.816
2476 -105.093
2477 -104.529
2478 -104.176
2479 -103.907
2480 -103.631
2481 -103.412
2482 -103.274
2483 -103.048
2484 -102.748
2485 -102.453
2486 -102.19
2487 -101.897
2488 -101.857
2489 -101.957
2490 -102.108
2491 -102.222
2492 -102.308
2493 -102.358
2494 -102.452
2495 -102.603
2496 -102.855
2497 -103.092
2498 -103.325
2499 -103.612
2500 -103.936
2501 -104.198
2502 -104.449
2503 -104.667
2504 -104.96
2505 -105.323
2506 -105.798
2507 -106.356
2508 -106.905
2509 -107.375
2510 -107.777
2511 -108.07
2512 -108.336
2513 -108.619
2514 -108.929
2515 -109.276
2516 -109.655
2517 -110.03
2518 -110.33
2519 -110.554
2520 -110.722
2521 -110.895
2522 -111.045
2523 -111.238
2524 -111.431
2525 -111.66
2526 -111.867
2527 -112.034
2528 -112.169
2529 -112.301
2530 -112.427
2531 -112.591
2532 -112.72
2533 -112.819
2534 -112.875
2535 -112.925
2536 -112.981
2537 -113.086
2538 -113.183
2539 -113.312
2540 -113.358
2541 -113.37
2542 -113.383
2543 -113.418
2544 -113.462
2545 -113.47
2546 -113.476
2547 -113.52
2548 -113.585
2549 -113.676
2550 -113.773
2551 -113.838
2552 -113.882
2553 -113.94
2554 -113.997
2555 -114.065
2556 -114.101
2557 -114.15
2558 -114.15
2559 -114.18
2560 -114.193
2561 -114.219
2562 -114.248
2563 -114.282
2564 -114.285
2565 -114.303
2566 -114.311
2567 -114.33
2568 -114.356
2569 -114.387
2570 -114.39
2571 -114.395
2572 -114.416
2573 -114.431
2574 -114.457
2575 -114.495
2576 -114.528
2577 -114.532
2578 -114.55
2579 -114.576
2580 -114.611
2581 -114.627
2582 -114.634
2583 -114.639
2584 -114.642
2585 -114.665
2586 -114.68
2587 -114.719
2588 -114.699
2589 -114.687
2590 -114.643
2591 -114.613
2592 -114.564
2593 -114.172
2594 -113.426
2595 -113.306
2596 -113.39
2597 -113.363
2598 -113.081
2599 -112.493
2600 -111.703
2601 -110.887
2602 -110.212
2603 -109.72
2604 -109.333
2605 -108.977
2606 -108.576
2607 -108.11
2608 -107.57
2609 -106.935
2610 -106.299
2611 -105.707
2612 -105.193
2613 -104.774
2614 -104.376
2615 -103.916
2616 -103.377
2617 -102.772
2618 -102.135
2619 -101.486
2620 -100.896
2621 -100.359
2622 -99.838
2623 -99.2839
2624 -98.7632
2625 -98.2191
2626 -97.5925
2627 -97.0024
2628 -96.5498
2629 -96.0796
2630 -95.6678
2631 -95.179
2632 -94.6454
2633 -94.2352
2634 -93.8923
2635 -93.6983
2636 -93.5927
2637 -93.6226
2638 -93.7533
2639 -93.8895
2640 -93.9884
2641 -94.0157
2642 -94.0029
2643 -94.0956
2644 -94.2586
2645 -94.4645
2646 -94.7405
2647 -94.995
2648 -95.2971
2649 -95.7308
2650 -96.3015
2651 -97.0559
2652 -97.7146
2653 -98.314
2654 -98.7911
2655 -99.2403
2656 -99.721
2657 -100.218
2658 -100.726
2659 -101.307
2660 -101.819
2661 -102.418
2662 -102.929
2663 -103.326
2664 -103.657
2665 -103.912
2666 -104.104
2667 -104.245
2668 -104.511
2669 -104.864
2670 -105.202
2671 -105.418
2672 -105.568
2673 -105.612
2674 -105.651
2675 -105.661
2676 -105.584
2677 -105.533
2678 -105.68
2679 -106.033
2680 -106.547
2681 -107.004
2682 -107.373
2683 -107.537
2684 -107.677
2685 -107.655
2686 -107.457
2687 -107.066
2688 -106.591
2689 -106.146
2690 -105.86
2691 -105.672
2692 -105.542
2693 -105.471
2694 -105.391
2695 -105.24
2696 -105.032
2697 -104.973
2698 -105.063
2699 -105.223
2700 -105.463
2701 -105.907
2702 -106.456
2703 -106.94
2704 -107.352
2705 -107.784
2706 -108.084
2707 -108.28
2708 -108.405
2709 -108.494
2710 -108.391
2711 -108.295
2712 -108.186
2713 -108.039
2714 -107.828
2715 -107.643
2716 -107.691
2717 -107.869
2718 -108.075
2719 -108.328
2720 -108.406
2721 -108.334
2722 -108.181
2723 -107.949
2724 -107.657
2725 -107.48
2726 -107.536
2727 -107.886
2728 -108.319
2729 -108.782
2730 -109.126
2731 -109.262
2732 -109.163
2733 -108.909
2734 -108.464
2735 -107.911
2736 -107.432
2737 -107.029
2738 -106.748
2739 -106.427
2740 -106.224
2741 -106.09
2742 -105.947
2743 -105.718
2744 -105.554
2745 -105.534
2746 -105.598
2747 -105.737
2748 -106.119
2749 -106.556
2750 -106.994
2751 -107.424
2752 -107.854
2753 -108.208
2754 -108.506
2755 -108.633
2756 -108.653
2757 -108.522
2758 -108.414
2759 -108.248
2760 -108.005
2761 -107.722
2762 -107.414
2763 -107.326
2764 -107.432
2765 -107.802
2766 -108.064
2767 -108.143
2768 -108.01
2769 -107.869
2770 -107.75
2771 -107.66
2772 -107.617
2773 -107.617
2774 -107.741
2775 -108.042
2776 -108.393
2777 -108.674
2778 -108.767
2779 -108.665
2780 -108.325
2781 -107.842
2782 -107.285
2783 -106.86
2784 -106.503
2785 -106.208
2786 -106.037
2787 -105.971
2788 -105.888
2789 -105.807
2790 -105.632
2791 -105.534
2792 -105.448
2793 -105.459
2794 -105.646
2795 -106.057
2796 -106.542
2797 -107.034
2798 -107.455
2799 -107.784
2800 -108.087
2801 -108.306
2802 -108.39
2803 -108.434
2804 -108.254
2805 -108.052
2806 -107.844
2807 -107.686
2808 -107.519
2809 -107.367
2810 -107.408
2811 -107.666
2812 -108.015
2813 -108.219
2814 -108.253
2815 -108.084
2816 -107.804
2817 -107.551
2818 -107.387
2819 -107.399
2820 -107.538
2821 -107.87
2822 -108.247
2823 -108.56
2824 -108.641
2825 -108.622
2826 -108.456
2827 -108.058
2828 -107.45
2829 -106.896
2830 -106.571
2831 -106.237
2832 -106.003
2833 -105.791
2834 -105.721
2835 -105.494
2836 -105.329
2837 -105.181
2838 -105.155
2839 -105.14
2840 -105.353
2841 -105.693
2842 -106.139
2843 -106.594
2844 -107.034
2845 -107.345
2846 -107.582
2847 -107.806
2848 -107.964
2849 -108.018
2850 -107.937
2851 -107.765
2852 -107.546
2853 -107.361
2854 -107.16
2855 -106.9
2856 -106.735
2857 -106.829
2858 -107.161
2859 -107.518
2860 -107.711
2861 -107.76
2862 -107.577
2863 -107.305
2864 -107.016
2865 -106.919
2866 -106.894
2867 -107.093
2868 -107.432
2869 -107.782
2870 -108.116
2871 -108.274
2872 -108.237
2873 -107.962
2874 -107.498
2875 -106.96
2876 -106.38
2877 -105.986
2878 -105.675
2879 -105.456
2880 -105.25
2881 -105.122
2882 -104.9
2883 -104.722
2884 -104.642
2885 -104.609
2886 -104.668
2887 -104.928
2888 -105.412
2889 -105.926
2890 -106.408
2891 -106.709
2892 -106.962
2893 -107.16
2894 -107.356
2895 -107.501
2896 -107.513
2897 -107.4
2898 -107.254
2899 -107.15
2900 -107.008
2901 -106.792
2902 -106.578
2903 -106.568
2904 -106.753
2905 -107.104
2906 -107.315
2907 -107.366
2908 -107.242
2909 -106.992
2910 -106.651
2911 -106.439
2912 -106.401
2913 -106.551
2914 -106.892
2915 -107.276
2916 -107.596
2917 -107.766
2918 -107.796
2919 -107.577
2920 -107.244
2921 -106.71
2922 -106.144
2923 -105.656
2924 -105.316
2925 -105.048
2926 -104.932
2927 -104.757
2928 -104.63
2929 -104.453
2930 -104.297
2931 -104.222
2932 -104.131
2933 -104.196
2934 -104.419
2935 -104.78
2936 -105.238
2937 -105.697
2938 -106.177
2939 -106.528
2940 -106.74
2941 -106.89
2942 -106.947
2943 -106.932
2944 -106.783
2945 -106.6
2946 -106.383
2947 -106.239
2948 -106.047
2949 -105.906
2950 -105.933
2951 -106.173
2952 -106.415
2953 -106.575
2954 -106.622
2955 -106.539
2956 -106.371
2957 -106.127
2958 -106.005
2959 -105.994
2960 -106.032
2961 -106.245
2962 -106.509
2963 -106.879
2964 -107.116
2965 -107.174
2966 -106.941
2967 -106.483
2968 -105.912
2969 -105.365
2970 -104.919
2971 -104.544
2972 -104.282
2973 -104.092
2974 -103.988
2975 -103.837
2976 -103.714
2977 -103.642
2978 -103.581
2979 -103.53
2980 -103.621
2981 -103.908
2982 -104.402
2983 -104.838
2984 -105.227
2985 -105.551
2986 -105.811
2987 -106.023
2988 -106.123
2989 -106.17
2990 -106.166
2991 -106.034
2992 -105.857
2993 -105.706
2994 -105.487
2995 -105.218
2996 -105.144
2997 -105.317
2998 -105.575
2999 -105.811
3000 -105.927
3001 -105.958
3002 -105.867
3003 -105.618
3004 -105.368
3005 -105.202
3006 -105.202
3007 -105.423
3008 -105.715
3009 -106.087
3010 -106.349
3011 -106.509
3012 -106.461
3013 -106.215
3014 -105.698
3015 -105.119
3016 -104.553
3017 -104.206
3018 -103.922
3019 -103.81
3020 -103.763
3021 -103.747
3022 -103.61
3023 -103.384
3024 -103.268
3025 -103.161
3026 -103.141
3027 -103.389
3028 -103.806
3029 -104.299
3030 -104.722
3031 -105.115
3032 -105.344
3033 -105.491
3034 -105.588
3035 -105.677
3036 -105.719
3037 -105.651
3038 -105.528
3039 -105.419
3040 -105.298
3041 -105.147
3042 -105.032
3043 -105.073
3044 -105.252
3045 -105.578
3046 -105.809
3047 -105.909
3048 -105.833
3049 -105.591
3050 -105.304
3051 -105.246
3052 -105.239
3053 -105.295
3054 -105.421
3055 -105.479
3056 -105.612
3057 -105.823
3058 -106.043
3059 -106.076
3060 -105.944
3061 -105.627
3062 -105.25
3063 -104.906
3064 -104.776
3065 -104.686
3066 -104.815
3067 -105.122
3068 -105.502
3069 -105.778
3070 -105.99
3071 -106.178
3072 -106.384
3073 -106.676
3074 -107.243
3075 -108.031
3076 -108.893
3077 -109.685
3078 -110.369
3079 -111.07
3080 -111.728
3081 -112.33
3082 -112.944
3083 -113.531
3084 -113.943
3085 -114.292
3086 -114.507
3087 -114.7
3088 -114.902
3089 -115.164
3090 -115.621
3091 -116.304
3092 -117.176
3093 -118.057
3094 -118.832
3095 -119.471
3096 -119.889
3097 -120.123
3098 -120.173
3099 -120.066
3100 -119.938
3101 -119.788
3102 -119.758
3103 -119.825
3104 -119.87
3105 -119.81
3106 -119.589
3107 -119.456
3108 -119.297
3109 -119.128
3110 -118.916
3111 -118.732
3112 -118.566
3113 -118.453
3114 -118.25
3115 -118.012
3116 -117.721
3117 -117.424
3118 -117.107
3119 -116.766
3120 -116.467
3121 -116.161
3122 -115.876
3123 -115.581
3124 -115.29
3125 -114.927
3126 -114.461
3127 -113.93
3128 -113.364
3129 -112.836
3130 -112.394
3131 -111.996
3132 -111.777
3133 -111.651
3134 -111.561
3135 -111.473
3136 -111.311
3137 -111.054
3138 -110.697
3139 -110.396
3140 -110.132
3141 -109.891
3142 -109.698
3143 -109.522
3144 -109.436
3145 -109.41
3146 -109.397
3147 -109.351
3148 -109.25
3149 -109.108
3150 -108.961
3151 -108.789
3152 -108.638
3153 -108.526
3154 -108.448
3155 -108.43
3156 -108.43
3157 -108.436
3158 -108.405
3159 -108.321
3160 -108.167
3161 -108.012
3162 -107.879
3163 -107.825
3164 -107.778
3165 -107.761
3166 -107.765
3167 -107.795
3168 -107.785
3169 -107.759
3170 -107.701
3171 -107.624
3172 -107.547
3173 -107.508
3174 -107.5
3175 -107.522
3176 -107.531
3177 -107.57
3178 -107.62
3179 -107.64
3180 -107.645
3181 -107.601
3182 -107.55
3183 -107.499
3184 -107.473
3185 -107.435
3186 -107.402
3187 -107.372
3188 -107.331
3189 -107.312
3190 -107.3
3191 -107.283
3192 -107.258
3193 -107.241
3194 -107.232
3195 -107.245
3196 -107.258
3197 -107.261
3198 -107.263
3199 -107.244
3200 -107.231
3201 -107.22
3202 -107.225
3203 -107.23
3204 -107.25
3205 -107.261
3206 -107.28
3207 -107.28
3208 -107.276
3209 -107.25
3210 -107.256
3211 -107.252
3212 -107.273
3213 -107.254
3214 -107.222
3215 -107.192
3216 -107.19
3217 -107.164
3218 -107.17
3219 -107.17
3220 -107.177
3221 -107.189
3222 -107.185
3223 -107.205
3224 -107.218
3225 -107.219
3226 -107.21
3227 -107.21
3228 -107.201
3229 -107.212
3230 -107.22
3231 -107.212
3232 -107.211
3233 -107.224
3234 -107.223
3235 -107.23
3236 -107.238
3237 -107.241
3238 -107.25
3239 -107.26
3240 -107.256
3241 -107.243
3242 -107.25
3243 -107.253
3244 -107.249
3245 -107.248
3246 -107.259
3247 -107.25
3248 -107.243
3249 -107.23
3250 -107.22
3251 -107.236
3252 -107.275
3253 -107.314
3254 -107.344
3255 -107.35
3256 -107.33
3257 -107.309
3258 -107.274
3259 -107.278
3260 -107.281
3261 -107.294
3262 -107.314
3263 -107.33
3264 -107.337
3265 -107.324
3266 -107.303
3267 -107.27
3268 -107.274
3269 -107.294
3270 -107.3
3271 -107.326
3272 -107.329
3273 -107.32
3274 -107.316
3275 -107.286
3276 -107.273
3277 -107.28
3278 -107.293
3279 -107.312
3280 -107.329
3281 -107.333
3282 -107.35
3283 -107.357
3284 -107.36
3285 -107.353
3286 -107.36
3287 -107.351
3288 -107.348
3289 -107.344
3290 -107.335
3291 -107.35
3292 -107.347
3293 -107.34
3294 -107.349
3295 -107.352
3296 -107.365
3297 -107.377
3298 -107.39
3299 -107.4
3300 -107.4
3301 -107.391
3302 -107.395
3303 -107.37
3304 -107.37
3305 -107.38
3306 -107.39
3307 -107.396
3308 -107.4
3309 -107.4
3310 -107.4
3311 -107.408
3312 -107.411
3313 -107.43
3314 -107.436
3315 -107.431
3316 -107.428
3317 -107.42
3318 -107.42
3319 -107.409
3320 -107.387
3321 -107.38
3322 -107.389
3323 -107.394
3324 -107.42
3325 -107.438
3326 -107.449
3327 -107.437
3328 -107.424
3329 -107.42
3330 -107.418
3331 -107.415
3332 -107.428
3333 -107.431
3334 -107.44
3335 -107.434
3336 -107.439
3337 -107.45
3338 -107.455
3339 -107.46
3340 -107.462
3341 -107.49
3342 -107.484
3343 -107.471
3344 -107.46
3345 -107.445
3346 -107.438
3347 -107.44
3348 -107.44
3349 -107.453
3350 -107.469
3351 -107.482
3352 -107.495
3353 -107.5
3354 -107.479
3355 -107.478
3356 -107.497
3357 -107.51
3358 -107.512
3359 -107.52
3360 -107.512
3361 -107.499
3362 -107.482
3363 -107.477
3364 -107.49
3365 -107.5
3366 -107.5
3367 -107.508
3368 -107.512
3369 -107.53
3370 -107.53
3371 -107.53
3372 -107.535
3373 -107.515
3374 -107.493
3375 -107.491
3376 -107.5
3377 -107.514
3378 -107.52
3379 -107.53
3380 -107.53
3381 -107.53
3382 -107.54
3383 -107.54
3384 -107.547
3385 -107.55
3386 -107.55
3387 -107.556
3388 -107.56
3389 -107.577
3390 -107.564
3391 -107.57
3392 -107.55
3393 -107.544
3394 -107.524
3395 -107.52
3396 -107.524
3397 -107.559
3398 -107.584
3399 -107.58
