0 -108.072
1 -109.856
2 -109.791
3 -108.964
4 -107.049
5 -108.806
6 -108.699
7 -107.852
8 -110.147
9 -107.134
10 -108.431
11 -109.13
12 -108.555
13 -108.969
14 -108.464
15 -109.408
16 -108.277
17 -109.643
18 -108.702
19 -108.523
20 -106.84
21 -108.419
22 -106.248
23 -106.083
24 -106.984
25 -107.341
26 -105.327
27 -104.686
28 -102.664
29 -103.988
30 -104.24
31 -103.145
32 -102.098
33 -102.098
34 -100.684
35 -101.219
36 -100.825
37 -102.777
38 -99.4149
39 -99.7148
40 -97.3912
41 -95.7008
42 -98.0587
43 -96.1889
44 -95.9723
45 -96.8397
46 -95.4442
47 -93.3608
48 -92.4757
49 -94.0506
50 -93.4811
51 -92.3106
52 -91.1781
53 -90.8168
54 -89.0335
55 -89.1081
56 -88.8791
57 -89.0273
58 -88.5272
59 -87.7422
60 -88.3333
61 -88.0051
62 -88.6885
63 -86.5781
64 -86.1465
65 -86.675
66 -89.0068
67 -87.3408
68 -87.0691
69 -86.173
70 -87.8161
71 -87.0675
72 -88.5806
73 -88.1264
74 -89.3637
75 -90.8299
76 -90.5987
77 -90.4764
78 -91.0766
79 -90.6119
80 -92.6553
81 -92.8451
82 -92.5819
83 -93.2633
84 -94.6708
85 -95.2585
86 -95.2365
87 -94.6307
88 -95.3681
89 -96.0576
90 -96.8853
91 -99.3223
92 -98.4355
93 -98.1
94 -98.2003
95 -98.7967
96 -97.4977
97 -98.3337
98 -99.2669
99 -99.8049
100 -100.242
101 -99.9813
102 -97.9818
103 -99.5085
104 -99.1717
105 -98.6635
106 -97.6088
107 -99.7072
108 -100.51
109 -100.118
110 -102.239
111 -101.154
112 -100.803
113 -101.598
114 -99.5722
115 -100.31
116 -100.008
117 -98.2272
118 -100.466
119 -100.488
120 -99.1632
121 -99.8411
122 -98.887
123 -98.7535
124 -97.4494
125 -98.8065
126 -98.2666
127 -98.3207
128 -98.9205
129 -99.7238
130 -99.5562
131 -100.597
132 -101.619
133 -100.116
134 -100.586
135 -100.429
136 -101.306
137 -101.129
138 -103.521
139 -103.346
140 -103.021
141 -102.155
142 -101.119
143 -101.711
144 -99.9766
145 -101.278
146 -102.003
147 -102.08
148 -98.9128
149 -102.973
150 -102.071
151 -103.606
152 -100.045
153 -102.159
154 -101.595
155 -100.732
156 -101.313
157 -102.281
158 -102.789
159 -102.532
160 -103.895
161 -103.752
162 -102.088
163 -101.539
164 -103.175
165 -102.498
166 -100.732
167 -101.115
168 -100.71
169 -99.7933
170 -100.084
171 -98.4707
172 -99.4697
173 -98.7649
174 -99.1401
175 -99.4027
176 -97.4941
177 -99.5861
178 -98.3866
179 -100.547
180 -101.176
181 -101.56
182 -101.82
183 -101.333
184 -101.646
185 -102.11
186 -102.603
187 -102.7
188 -102.605
189 -101.918
190 -101.094
191 -101.957
192 -101.291
193 -101.772
194 -100.421
195 -102.064
196 -101.703
197 -101.234
198 -102.722
199 -101.619
200 -101.397
201 -99.4681
202 -100.453
203 -101.765
204 -100.31
205 -101.968
206 -100.796
207 -102.151
208 -101.928
209 -103.205
210 -102.532
211 -101.569
212 -101.179
213 -101.149
214 -101.303
215 -101.454
216 -99.0741
217 -99.3755
218 -98.8142
219 -100.483
220 -98.7258
221 -100.922
222 -99.8137
223 -98.8032
224 -99.605
225 -98.8284
226 -98.3278
227 -99.2812
228 -101.375
229 -102.093
230 -102.269
231 -100.731
232 -101.016
233 -102.475
234 -102.325
235 -101.869
236 -102.031
237 -100.961
238 -101.364
239 -101.084
240 -100.495
241 -98.7811
242 -101.715
243 -100.5
244 -102.167
245 -102.661
246 -103.249
247 -100.033
248 -100.77
249 -101.98
250 -100.475
251 -103.182
252 -100.201
253 -100.024
254 -100.929
255 -103.553
256 -102.641
257 -103.024
258 -101.145
259 -103.024
260 -102.218
261 -100.684
262 -101.404
263 -99.5492
264 -99.4968
265 -99.5462
266 -99.8937
267 -99.9618
268 -99.3954
269 -98.3747
270 -98.7508
271 -100.323
272 -99.2105
273 -98.9695
274 -99.906
275 -99.0447
276 -100.436
277 -100.114
278 -100.523
279 -100.881
280 -101.992
281 -100.877
282 -101.485
283 -100.199
284 -102.185
285 -102.505
286 -102.062
287 -101.519
288 -99.9229
289 -101.286
290 -101.209
291 -101.33
292 -100.796
293 -100.913
294 -101.374
295 -102.688
296 -101.479
297 -99.6899
298 -99.2586
299 -100.918
300 -100.663
301 -99.2818
302 -100.868
303 -102.03
304 -100.192
305 -102.006
306 -102.281
307 -100.747
308 -102.945
309 -100.779
310 -100.159
311 -99.2838
312 -99.7222
313 -100.528
314 -100.124
315 -99.3105
316 -98.9372
317 -98.0027
318 -98.7487
319 -97.6161
320 -98.0467
321 -99.509
322 -97.8326
323 -99.2601
324 -99.613
325 -99.5818
326 -100.719
327 -100.042
328 -103.17
329 -101.12
330 -98.9532
331 -101.751
332 -101.467
333 -102.079
334 -100.259
335 -101.132
336 -100.492
337 -99.6347
338 -99.2402
339 -101.084
340 -100.881
341 -100.771
342 -101.338
343 -101.323
344 -101.28
345 -100.613
346 -100.055
347 -100.127
348 -100.633
349 -100.882
350 -100.756
351 -100.404
352 -101.368
353 -102.738
354 -102.381
355 -100.057
356 -99.6411
357 -100.552
358 -101.387
359 -99.5971
360 -99.4528
361 -97.2493
362 -98.3847
363 -99.1423
364 -98.8687
365 -99.2996
366 -98.1828
367 -98.0219
368 -98.0759
369 -97.804
370 -99.5915
371 -98.4253
372 -98.9355
373 -101.03
374 -98.8949
375 -100.226
376 -99.246
377 -99.5769
378 -100.213
379 -101.187
380 -100.738
381 -101.654
382 -100.376
383 -99.7207
384 -100.593
385 -100.252
386 -100.427
387 -100.113
388 -98.9413
389 -100.584
390 -100.527
391 -100.187
392 -100.902
393 -100.469
394 -98.3213
395 -99.3622
396 -99.2136
397 -99.8652
398 -100.212
399 -99.7711
400 -100.37
401 -99.8308
402 -99.2113
403 -99.6547
404 -100.119
405 -99.0662
406 -99.0277
407 -99.0936
408 -99.1864
409 -99.174
410 -97.5674
411 -98.5503
412 -97.1181
413 -97.6868
414 -97.8988
415 -97.0575
416 -95.7866
417 -97.0448
418 -97.5172
419 -97.7292
420 -98.806
421 -96.9941
422 -98.5405
423 -99.0902
424 -98.4518
425 -98.9129
426 -98.0097
427 -99.2224
428 -99.6961
429 -99.26
430 -100.333
431 -98.5032
432 -98.7783
433 -100.094
434 -98.8973
435 -99.9684
436 -100.222
437 -100.49
438 -99.5768
439 -99.1333
440 -99.4433
441 -99.8709
442 -99.4337
443 -98.7886
444 -99.0353
445 -98.7546
446 -98.4382
447 -99.5652
448 -100.6
449 -100.251
450 -100.262
451 -99.985
452 -100.208
453 -99.6322
454 -98.9233
455 -96.3139
456 -97.3871
457 -96.5853
458 -96.9543
459 -97.2529
460 -97.8777
461 -95.8017
462 -96.9764
463 -95.701
464 -94.7594
465 -95.9623
466 -97.3741
467 -97.6025
468 -98.6817
469 -97.9294
470 -97.0111
471 -97.9499
472 -98.4672
473 -98.7061
474 -98.242
475 -97.936
476 -99.0767
477 -98.7405
478 -99.3307
479 -97.8207
480 -98.6224
481 -98.4426
482 -99.8876
483 -99.4821
484 -98.582
485 -99.2096
486 -98.6683
487 -99.3554
488 -99.3657
489 -98.35
490 -99.3526
491 -98.2589
492 -98.2341
493 -97.1735
494 -98.2517
495 -99.9464
496 -98.427
497 -98.3473
498 -99.8715
499 -98.4378
500 -99.5839
501 -100.169
502 -98.1765
503 -98.5828
504 -98.1845
505 -97.8452
506 -98.1204
507 -97.6499
508 -97.9407
509 -98.3197
510 -98.9349
511 -97.8734
512 -98.0413
513 -99.2198
514 -99.1883
515 -99.9417
516 -100.476
517 -99.9383
518 -100.987
519 -103.237
520 -102.199
521 -102.69
522 -103.911
523 -105.49
524 -105.812
525 -106.944
526 -106.437
527 -105.636
528 -107.218
529 -108.825
530 -107.994
531 -108.87
532 -108.781
533 -108.648
534 -109.414
535 -110.025
536 -111.813
537 -112.909
538 -111.997
539 -112.862
540 -114.307
541 -112.344
542 -113.437
543 -112.993
544 -113.512
545 -113.004
546 -112.218
547 -112.902
548 -113.656
549 -113.842
550 -112.844
551 -112.808
552 -112.588
553 -111.499
554 -110.612
555 -110.126
556 -111.396
557 -110.269
558 -110.238
559 -110.674
560 -110.407
561 -109.25
562 -110.909
563 -108.402
564 -107.697
565 -107.685
566 -108.495
567 -109.46
568 -107.86
569 -108.237
570 -106.674
571 -107.367
572 -105.706
573 -105.211
574 -105.473
575 -105.632
576 -104.707
577 -103.837
578 -104.538
579 -103.277
580 -102.952
581 -103.149
582 -102.748
583 -102.882
584 -102.838
585 -102.425
586 -101.76
587 -102.341
588 -102.065
589 -101.93
590 -101.808
591 -101.775
592 -102.262
593 -100.462
594 -99.8514
595 -101.073
596 -101.866
597 -102.574
598 -100.946
599 -102.778
600 -102.6
601 -101.956
602 -100.883
603 -100.046
604 -100.615
605 -101.543
606 -100.92
607 -100.857
608 -100.182
609 -100.401
610 -100.549
611 -100.299
612 -99.6192
613 -98.7552
614 -100.877
615 -100.555
616 -101.08
617 -100.024
618 -100.051
619 -100.297
620 -98.2377
621 -100.274
622 -99.1038
623 -99.9027
624 -99.2617
625 -99.5402
626 -99.6504
627 -99.5394
628 -98.6619
629 -100.108
630 -100.201
631 -101.339
632 -99.674
633 -98.5788
634 -98.8514
635 -99.9747
636 -99.3868
637 -100.49
638 -100.415
639 -98.758
640 -99.9921
641 -101.207
642 -100.876
643 -100.178
644 -100.796
645 -99.1561
646 -100.023
647 -100.128
648 -101.946
649 -101.05
650 -98.4812
651 -99.4626
652 -100.96
653 -99.067
654 -99.9805
655 -101.469
656 -101.674
657 -100.395
658 -101.681
659 -100.303
660 -101.457
661 -102.797
662 -103.077
663 -104.932
664 -106.226
665 -105.788
666 -103.515
667 -104.812
668 -105.881
669 -105.821
670 -106.553
671 -108.831
672 -108.166
673 -106.729
674 -108.576
675 -109.459
676 -110.707
677 -112.76
678 -110.114
679 -111.604
680 -112.903
681 -111.969
682 -112.562
683 -115.108
684 -115.062
685 -114.129
686 -116.412
687 -117.572
688 -117.07
689 -118.39
690 -119.039
691 -117.584
692 -120.049
693 -118.808
694 -120.163
695 -119.927
696 -122.294
697 -121.256
698 -122.038
699 -121.294
700 -121.123
701 -120.372
702 -119.072
703 -121.22
704 -120.636
705 -121.126
706 -121.741
707 -120.73
708 -120.458
709 -119.515
710 -119.184
711 -119.341
712 -119.78
713 -119.665
714 -118.431
715 -118.065
716 -117.37
717 -118.553
718 -115.652
719 -116.913
720 -114.291
721 -114.843
722 -117.032
723 -113.737
724 -115.039
725 -113.275
726 -113.397
727 -113.028
728 -113.921
729 -111.716
730 -113.216
731 -111.262
732 -111.545
733 -111.893
734 -111.039
735 -109.471
736 -110.713
737 -109.884
738 -109.589
739 -112.245
740 -111.449
741 -110.17
742 -109.152
743 -109.397
744 -108.845
745 -107.698
746 -108.375
747 -111.098
748 -109.412
749 -109.208
750 -109.432
751 -107.071
752 -109.866
753 -110.481
754 -111.471
755 -110.148
756 -111.174
757 -110.338
758 -110.007
759 -110.1
760 -110.42
761 -110.922
762 -110.041
763 -110.199
764 -109.498
765 -110.1
766 -109.713
767 -110.535
768 -109.777
769 -109.993
770 -109.455
771 -109.372
772 -109.789
773 -109.178
774 -108.398
775 -109.174
776 -109.689
777 -110.11
778 -108.215
779 -108.894
780 -108.496
781 -107.851
782 -108.514
783 -106.982
784 -107.357
785 -107.821
786 -107.254
787 -108.828
788 -110.014
789 -108.49
790 -107.494
791 -108.202
792 -107.955
793 -107.33
794 -107.323
795 -106.371
796 -107.633
797 -107.39
798 -107.609
799 -108.844
800 -111.12
801 -110.021
802 -111.644
803 -109.609
804 -110.174
805 -110.1
806 -108.731
807 -109.814
808 -109.407
809 -111.254
810 -110.736
811 -111.026
812 -110.379
813 -111.546
814 -110.373
815 -110.443
816 -110.192
817 -108.9
818 -109.459
819 -109.454
820 -109.917
821 -110.252
822 -110.054
823 -109.438
824 -110.569
825 -108.767
826 -111.183
827 -110.963
828 -108.752
829 -109.666
830 -108.691
831 -108.045
832 -110.653
833 -107.57
834 -108.087
835 -108.963
836 -107.995
837 -108.653
838 -108.857
839 -107.443
840 -107.988
841 -109.174
842 -108.064
843 -107.373
844 -108.534
845 -108.486
846 -109.559
847 -109.746
848 -109.53
849 -109.534
850 -111.576
851 -109.506
852 -111.219
853 -111.629
854 -111.607
855 -109.279
856 -111.179
857 -109.87
858 -111.007
859 -110.203
860 -111.538
861 -112.034
862 -111.532
863 -111.911
864 -111.149
865 -110.071
866 -109.714
867 -109.203
868 -109.484
869 -109.767
870 -110.178
871 -109.231
872 -110.251
873 -111.076
874 -110.962
875 -112.245
876 -111.216
877 -110.88
878 -109.546
879 -108.624
880 -109.144
881 -108.665
882 -109.803
883 -110.292
884 -109.499
885 -110.811
886 -110.075
887 -109.191
888 -109.526
889 -109.143
890 -109.924
891 -108.219
892 -108.342
893 -108.083
894 -109.088
895 -111.385
896 -110.208
897 -109.947
898 -111.418
899 -109.89
900 -112.174
901 -111.019
902 -109.319
903 -109.222
904 -110.411
905 -111.499
906 -110.74
907 -112.901
908 -111.676
909 -111.332
910 -111.189
911 -110.741
912 -110.482
913 -111.741
914 -112.182
915 -111.498
916 -108.235
917 -109.735
918 -110.587
919 -110.368
920 -110.165
921 -110.647
922 -112.21
923 -111.267
924 -111.185
925 -110.677
926 -109.328
927 -109.206
928 -109.06
929 -109.571
930 -109.499
931 -109.259
932 -110.322
933 -109.692
934 -109.187
935 -108.557
936 -108.822
937 -109.826
938 -109.275
939 -107.699
940 -107.43
941 -109.551
942 -111.425
943 -109.959
944 -109.334
945 -112.672
946 -110.57
947 -110.598
948 -110.698
949 -110.518
950 -111.258
951 -112.334
952 -110.584
953 -110.671
954 -110.217
955 -111.115
956 -112.995
957 -112.163
958 -113.19
959 -111.394
960 -111.103
961 -113.205
962 -112.861
963 -110.799
964 -109.614
965 -111.706
966 -110.259
967 -109.6
968 -111.313
969 -111.166
970 -111.469
971 -111.818
972 -111.332
973 -110.21
974 -109.121
975 -109.49
976 -110.578
977 -110.202
978 -111.25
979 -111.063
980 -110.069
981 -111.461
982 -108.887
983 -110.161
984 -110.502
985 -111.165
986 -108.76
987 -108.977
988 -110.239
989 -108.24
990 -110.59
991 -110.511
992 -110.533
993 -112.623
994 -111.516
995 -112.039
996 -112.357
997 -111.778
998 -111.69
999 -111.444
1000 -112.603
1001 -111.66
1002 -110.93
1003 -113.589
1004 -113.3
1005 -111.544
1006 -112.002
1007 -113.135
1008 -111.775
1009 -112.459
1010 -111.66
1011 -111.241
1012 -110.755
1013 -109.936
1014 -111.497
1015 -111.282
1016 -111.401
1017 -111.706
1018 -109.544
1019 -112.889
1020 -111.77
1021 -110.988
1022 -111.074
1023 -111.388
1024 -110.952
1025 -110.197
1026 -109.59
1027 -110.623
1028 -109.831
1029 -110.361
1030 -109.754
1031 -109.457
1032 -109.95
1033 -111.313
1034 -110.048
1035 -109.001
1036 -110.526
1037 -109.704
1038 -109.814
1039 -110.486
1040 -110.972
1041 -110.631
1042 -112.582
1043 -111.095
1044 -112.129
1045 -110.656
1046 -111.593
1047 -111.315
1048 -110.833
1049 -111.793
1050 -111.154
1051 -111.081
1052 -111.526
1053 -111.824
1054 -112.973
1055 -111.59
1056 -113.264
1057 -112.548
1058 -112.189
1059 -111.194
1060 -110.569
1061 -112.525
1062 -110.473
1063 -111.758
1064 -111.144
1065 -111.083
1066 -112.087
1067 -113.546
1068 -112.303
1069 -111.842
1070 -109.51
1071 -110.193
1072 -109.446
1073 -109.694
1074 -109.077
1075 -109.957
1076 -110.691
1077 -112.078
1078 -111.025
1079 -110.763
1080 -110.102
1081 -110.432
1082 -109.43
1083 -109.785
1084 -110.408
1085 -108.46
1086 -110.919
1087 -110.692
1088 -110.537
1089 -112.686
1090 -110.81
1091 -112.853
1092 -110.494
1093 -112.964
1094 -112.443
1095 -112.328
1096 -111.893
1097 -111.042
1098 -111.414
1099 -111.683
1100 -113.228
1101 -113.088
1102 -112.769
1103 -113.468
1104 -113.841
1105 -112.867
1106 -110.861
1107 -111.185
1108 -110.87
1109 -113.357
1110 -111.338
1111 -110.075
1112 -109.856
1113 -112.393
1114 -112.051
1115 -111.438
1116 -110.662
1117 -110.71
1118 -110.259
1119 -111.263
1120 -110.291
1121 -109.992
1122 -109.979
1123 -109.762
1124 -110.522
1125 -109.931
1126 -109.148
1127 -110.336
1128 -110.651
1129 -110.792
1130 -109.406
1131 -110.225
1132 -109.317
1133 -106.819
1134 -107.85
1135 -108.67
1136 -110.264
1137 -112.939
1138 -111.346
1139 -111.169
1140 -111.544
1141 -110.921
1142 -110.062
1143 -111.126
1144 -110.099
1145 -110.891
1146 -108.201
1147 -108.457
1148 -108.715
1149 -108.704
1150 -107.484
1151 -109.987
1152 -108.438
1153 -107.995
1154 -107.073
1155 -107.152
1156 -105.015
1157 -105.465
1158 -104.477
1159 -104.156
1160 -103.832
1161 -104.758
1162 -104.317
1163 -102.722
1164 -102.099
1165 -102.421
1166 -102.055
1167 -102.033
1168 -101.156
1169 -99.9968
1170 -97.4218
1171 -98.3832
1172 -97.6912
1173 -95.6476
1174 -97.1795
1175 -95.719
1176 -95.4976
1177 -95.9886
1178 -95.8661
1179 -96.0667
1180 -96.794
1181 -95.2611
1182 -95.8604
1183 -95.9623
1184 -94.5446
1185 -94.506
1186 -96.3801
1187 -95.0974
1188 -96.2215
1189 -96.2201
1190 -95.8923
1191 -96.8571
1192 -94.9517
1193 -96.9519
1194 -97.3784
1195 -98.7756
1196 -98.3547
1197 -98.833
1198 -98.5105
1199 -98.3253
1200 -98.3898
1201 -99.6428
1202 -99.6163
1203 -101.837
1204 -100.34
1205 -101.273
1206 -101.476
1207 -102.298
1208 -102.119
1209 -103.365
1210 -103.436
1211 -103.269
1212 -103.74
1213 -103.37
1214 -103.782
1215 -104.1
1216 -105.316
1217 -104.479
1218 -103.322
1219 -106.387
1220 -105.716
1221 -104.896
1222 -105.271
1223 -107.306
1224 -106.509
1225 -105.319
1226 -106.203
1227 -104.904
1228 -105.353
1229 -106.324
1230 -105.986
1231 -106.892
1232 -106.675
1233 -106.213
1234 -106.329
1235 -106.239
1236 -108.092
1237 -105.998
1238 -106.332
1239 -107.232
1240 -107.856
1241 -107.897
1242 -107.588
1243 -107.258
1244 -106.954
1245 -106.448
1246 -107.765
1247 -107.312
1248 -106.217
1249 -107.276
1250 -108.086
1251 -106.826
1252 -107.556
1253 -107.797
1254 -107.332
1255 -108.452
1256 -106.823
1257 -108.535
1258 -107.677
1259 -106.875
1260 -108.256
1261 -107.296
1262 -108.469
1263 -109.378
1264 -106.365
1265 -108.108
1266 -107.045
1267 -107.218
1268 -105.989
1269 -110.015
1270 -108.208
1271 -108.1
1272 -110.866
1273 -109.104
1274 -107.885
1275 -106.711
1276 -107.339
1277 -107.724
1278 -107.748
1279 -108.734
1280 -107.914
1281 -108.031
1282 -108.567
1283 -107.168
1284 -108.376
1285 -109.315
1286 -108.157
1287 -108.191
1288 -108.321
1289 -109.559
1290 -106.664
1291 -106.659
1292 -107.787
1293 -104.231
1294 -106.817
1295 -106.457
1296 -106.456
1297 -107.447
1298 -104.746
1299 -105.669
1300 -104.392
1301 -103.3
1302 -103.246
1303 -102.54
1304 -102.068
1305 -100.635
1306 -103.307
1307 -100.909
1308 -100.396
1309 -100.161
1310 -101.367
1311 -98.9758
1312 -98.3203
1313 -97.1447
1314 -96.6392
1315 -96.7768
1316 -95.1586
1317 -94.4868
1318 -94.2356
1319 -93.9835
1320 -93.4123
1321 -93.3266
1322 -92.3649
1323 -93.2959
1324 -91.336
1325 -91.3212
1326 -90.3592
1327 -90.5104
1328 -90.4101
1329 -88.7284
1330 -88.8314
1331 -88.3176
1332 -87.3914
1333 -86.1915
1334 -86.5572
1335 -86.4988
1336 -85.5719
1337 -86.4597
1338 -87.6088
1339 -86.1888
1340 -85.9717
1341 -87.6556
1342 -85.7803
1343 -87.2384
1344 -88.0396
1345 -87.0594
1346 -88.2983
1347 -89.4197
1348 -89.5524
1349 -89.8083
1350 -89.3916
1351 -90.1244
1352 -91.2045
1353 -90.7453
1354 -91.4869
1355 -93.535
1356 -92.5664
1357 -92.5611
1358 -93.5614
1359 -95.2245
1360 -94.6114
1361 -94.0077
1362 -95.981
1363 -95.4781
1364 -95.9942
1365 -96.5857
1366 -97.9583
1367 -97.2661
1368 -97.2801
1369 -97.283
1370 -99.239
1371 -98.3695
1372 -98.1867
1373 -99.1151
1374 -99.8588
1375 -99.5904
1376 -97.9661
1377 -99.0607
1378 -99.3058
1379 -99.4219
1380 -98.8589
1381 -100.734
1382 -100.039
1383 -101.661
1384 -100.524
1385 -101.119
1386 -100.583
1387 -101.384
1388 -99.206
1389 -100.041
1390 -100.699
1391 -97.7157
1392 -98.6921
1393 -100.258
1394 -100.467
1395 -98.4423
1396 -98.1265
1397 -99.1381
1398 -99.3849
1399 -97.4676
1400 -98.4189
1401 -98.3094
1402 -98.8556
1403 -98.8095
1404 -99.636
1405 -100.356
1406 -99.9327
1407 -100.474
1408 -101.939
1409 -101.57
1410 -101.988
1411 -102.133
1412 -101.389
1413 -101.309
1414 -101.378
1415 -100.342
1416 -102.45
1417 -98.8655
1418 -99.4686
1419 -101.479
1420 -100.493
1421 -100.721
1422 -101.61
1423 -102.141
1424 -101.441
1425 -100.606
1426 -101.131
1427 -101.882
1428 -100.516
1429 -100.54
1430 -101.72
1431 -102.231
1432 -101.745
1433 -103.937
1434 -102.446
1435 -101.826
1436 -102.923
1437 -103.017
1438 -101.027
1439 -101.176
1440 -101.184
1441 -99.38
1442 -98.5564
1443 -99.6666
1444 -100.051
1445 -99.7856
1446 -98.8849
1447 -99.734
1448 -99.7928
1449 -99.8166
1450 -100.485
1451 -99.5965
1452 -101.394
1453 -99.9496
1454 -99.2489
1455 -99.8521
1456 -100.886
1457 -101.618
1458 -101.967
1459 -100.57
1460 -102.771
1461 -102.505
1462 -102.328
1463 -99.8031
1464 -100.651
1465 -101.794
1466 -103.106
1467 -102.422
1468 -102.264
1469 -100.712
1470 -100.597
1471 -101.669
1472 -100.553
1473 -102.367
1474 -102.226
1475 -101.346
1476 -101.027
1477 -100.169
1478 -101.538
1479 -102.45
1480 -101.494
1481 -102.593
1482 -102.859
1483 -102.095
1484 -102.589
1485 -101.657
1486 -100.944
1487 -100.459
1488 -100.411
1489 -99.611
1490 -98.3976
1491 -100.533
1492 -100.017
1493 -99.5495
1494 -98.6864
1495 -99.1223
1496 -98.5163
1497 -99.082
1498 -99.718
1499 -99.4347
1500 -99.7239
1501 -100.168
1502 -101.933
1503 -100.419
1504 -100.682
1505 -103.404
1506 -100.457
1507 -101.395
1508 -101.392
1509 -100.415
1510 -102.506
1511 -101.381
1512 -100.303
1513 -100.562
1514 -101.551
1515 -100.397
1516 -102.157
1517 -101.453
1518 -101.115
1519 -101.592
1520 -100.111
1521 -100.604
1522 -100.645
1523 -101.77
1524 -100.573
1525 -100.948
1526 -100.395
1527 -99.7133
1528 -100.659
1529 -102.696
1530 -103.005
1531 -102.786
1532 -103.269
1533 -101.548
1534 -100.636
1535 -101.903
1536 -100.54
1537 -99.6509
1538 -99.723
1539 -98.211
1540 -98.1909
1541 -98.5439
1542 -98.0248
1543 -97.6513
1544 -99.0143
1545 -98.8534
1546 -98.4897
1547 -100.207
1548 -100.236
1549 -100.804
1550 -100.66
1551 -100.349
1552 -99.5706
1553 -101.966
1554 -101.857
1555 -102.309
1556 -100.177
1557 -101.789
1558 -101.544
1559 -100.807
1560 -101.289
1561 -101.482
1562 -100.925
1563 -100.299
1564 -100.539
1565 -100.339
1566 -100.637
1567 -101.912
1568 -101.603
1569 -102.047
1570 -100.498
1571 -100.49
1572 -100.932
1573 -102.544
1574 -100.12
1575 -101.561
1576 -100.416
1577 -100.184
1578 -101.556
1579 -101.079
1580 -101.334
1581 -101.944
1582 -100.268
1583 -101.214
1584 -98.8914
1585 -99.9262
1586 -99.1211
1587 -98.9865
1588 -98.1096
1589 -98.707
1590 -99.5745
1591 -98.4229
1592 -97.7949
1593 -99.3139
1594 -97.2454
1595 -97.8711
1596 -98.5822
1597 -98.8257
1598 -98.4743
1599 -99.0977
1600 -100.56
1601 -99.4858
1602 -100.134
1603 -99.7842
1604 -101.585
1605 -101.539
1606 -101.876
1607 -101.961
1608 -100.641
1609 -97.8514
1610 -101.418
1611 -101.225
1612 -100.021
1613 -100.325
1614 -100.841
1615 -99.8315
1616 -100.474
1617 -100.699
1618 -100.462
1619 -99.6686
1620 -99.3637
1621 -100.218
1622 -99.9244
1623 -100.76
1624 -99.7384
1625 -99.8495
1626 -101.331
1627 -101.296
1628 -101.201
1629 -101.233
1630 -100.305
1631 -99.5943
1632 -98.0387
1633 -98.1849
1634 -98.1637
1635 -97.7172
1636 -98.0019
1637 -98.7117
1638 -97.4746
1639 -97.6511
1640 -98.3802
1641 -96.9227
1642 -97.0597
1643 -97.1099
1644 -97.4645
1645 -97.9433
1646 -99.5018
1647 -99.8844
1648 -100.583
1649 -99.9703
1650 -98.3213
1651 -100.841
1652 -99.666
1653 -100.65
1654 -100.944
1655 -99.8612
1656 -99.2517
1657 -98.3605
1658 -100.383
1659 -101.607
1660 -99.3979
1661 -99.7427
1662 -100.107
1663 -100.056
1664 -101.023
1665 -100.65
1666 -99.1091
1667 -100.083
1668 -99.7378
1669 -99.4561
1670 -99.8727
1671 -99.2689
1672 -100.545
1673 -101.446
1674 -100.782
1675 -100.319
1676 -99.8878
1677 -99.4877
1678 -99.6312
1679 -98.631
1680 -98.3124
1681 -99.4063
1682 -98.868
1683 -98.5267
1684 -98.6481
1685 -95.9916
1686 -97.1528
1687 -96.8453
1688 -96.8916
1689 -95.3463
1690 -96.9441
1691 -96.6316
1692 -96.0966
1693 -96.766
1694 -98.4636
1695 -98.3988
1696 -99.2936
1697 -98.7611
1698 -98.6203
1699 -100.586
1700 -100.566
1701 -99.6122
1702 -98.516
1703 -99.0315
1704 -100.377
1705 -98.7861
1706 -99.6177
1707 -98.7998
1708 -99.6005
1709 -99.4616
1710 -99.0907
1711 -97.1511
1712 -98.8677
1713 -99.6484
1714 -100.177
1715 -99.1871
1716 -97.3652
1717 -98.334
1718 -99.0031
1719 -97.0382
1720 -98.6469
1721 -98.8901
1722 -98.6353
1723 -99.2015
1724 -98.9154
1725 -98.1935
1726 -99.3152
1727 -99.1224
1728 -99.6216
1729 -96.9109
1730 -97.2018
1731 -96.9006
1732 -96.939
1733 -98.5778
1734 -96.8143
1735 -97.2063
1736 -97.0254
1737 -96.0954
1738 -95.7907
1739 -95.5849
1740 -94.7701
1741 -95.1877
1742 -98.1727
1743 -98.9995
1744 -98.7924
1745 -97.3906
1746 -99.5984
1747 -98.1474
1748 -99.2675
1749 -97.7159
1750 -98.1799
1751 -97.812
1752 -97.6747
1753 -97.1314
1754 -97.901
1755 -97.4061
1756 -98.6883
1757 -97.9528
1758 -97.6926
1759 -98.0841
1760 -98.5296
1761 -99.1628
1762 -97.3404
1763 -98.3613
1764 -98.7249
1765 -96.8992
1766 -98.1244
1767 -98.2909
1768 -98.3249
1769 -99.6246
1770 -99.2779
1771 -99.0564
1772 -99.5629
1773 -98.7883
1774 -98.2802
1775 -97.3538
1776 -97.574
1777 -99.1715
1778 -98.0759
1779 -98.7581
1780 -98.3203
1781 -98.5261
1782 -98.3712
1783 -98.5707
1784 -98.0206
1785 -99.919
1786 -98.5836
1787 -98.776
1788 -100.517
1789 -101.166
1790 -99.9343
1791 -101.891
1792 -102.759
1793 -103.82
1794 -104.564
1795 -105.125
1796 -104.115
1797 -103.881
1798 -106.579
1799 -106.419
1800 -107.129
1801 -107.025
1802 -107.01
1803 -107.857
1804 -107.883
1805 -108.638
1806 -107.523
1807 -109.099
1808 -110.967
1809 -111.709
1810 -111.092
1811 -113.101
1812 -112.916
1813 -112.786
1814 -112.398
1815 -111.9
1816 -111.613
1817 -110.712
1818 -111.617
1819 -111.747
1820 -112.663
1821 -112.152
1822 -112.619
1823 -111.656
1824 -112.94
1825 -112.319
1826 -110.616
1827 -110.853
1828 -111.519
1829 -112.386
1830 -111.801
1831 -111.836
1832 -110.899
1833 -111.166
1834 -110.313
1835 -110.213
1836 -109.464
1837 -108.011
1838 -108.535
1839 -107.473
1840 -108.701
1841 -107.988
1842 -107.984
1843 -107.693
1844 -105.689
1845 -105.587
1846 -104.106
1847 -105.718
1848 -104.182
1849 -103.912
1850 -103.782
1851 -104.717
1852 -103.822
1853 -102.94
1854 -103.883
1855 -103.577
1856 -105.028
1857 -103.358
1858 -102.69
1859 -102.943
1860 -102.897
1861 -101.442
1862 -101.594
1863 -102.373
1864 -102.345
1865 -101.19
1866 -101.328
1867 -100.367
1868 -102.356
1869 -100.678
1870 -100.588
1871 -101.381
1872 -102.481
1873 -101.086
1874 -100.59
1875 -99.7914
1876 -101.126
1877 -99.3341
1878 -100.728
1879 -100.057
1880 -100.315
1881 -99.8253
1882 -99.9748
1883 -100.367
1884 -99.7537
1885 -100.148
1886 -98.4588
1887 -99.9773
1888 -99.6393
1889 -100.542
1890 -99.5198
1891 -100.031
1892 -99.5322
1893 -99.6558
1894 -100.737
1895 -100.895
1896 -100.108
1897 -100.776
1898 -98.5454
1899 -99.3004
1900 -100.338
1901 -101.473
1902 -98.8828
1903 -99.665
1904 -99.5696
1905 -99.5965
1906 -99.0104
1907 -100.061
1908 -100.832
1909 -100.245
1910 -99.995
1911 -100.764
1912 -101.788
1913 -100.407
1914 -98.6519
1915 -99.9613
1916 -100.179
1917 -98.7057
1918 -100.023
1919 -98.07
1920 -99.5787
1921 -99.3126
1922 -99.4648
1923 -98.858
1924 -99.7765
1925 -101.19
1926 -100.404
1927 -99.2229
1928 -100.627
1929 -101.132
1930 -100.502
1931 -101.858
1932 -100.028
1933 -101.377
1934 -102.474
1935 -102.705
1936 -102.873
1937 -103.441
1938 -104.494
1939 -104.96
1940 -106.079
1941 -105.502
1942 -106.453
1943 -106.044
1944 -105.8
1945 -107.025
1946 -108.071
1947 -107.465
1948 -110.191
1949 -108.692
1950 -111.701
1951 -109.948
1952 -110.101
1953 -112.266
1954 -112.993
1955 -112.411
1956 -112.378
1957 -113.139
1958 -112.329
1959 -115.127
1960 -116.498
1961 -118.246
1962 -117.169
1963 -117.618
1964 -118.144
1965 -118.845
1966 -119.944
1967 -117.924
1968 -118.898
1969 -120.803
1970 -121.676
1971 -121.075
1972 -120.59
1973 -120.331
1974 -120.515
1975 -120.967
1976 -121.456
1977 -120.355
1978 -120.736
1979 -120.998
1980 -119.632
1981 -119.547
1982 -120.792
1983 -118.542
1984 -119.695
1985 -118.171
1986 -118.356
1987 -117.378
1988 -118.272
1989 -118.813
1990 -117.91
1991 -117.848
1992 -115.516
1993 -116.634
1994 -116.536
1995 -114.881
1996 -114.274
1997 -114.527
1998 -114.546
1999 -112.612
2000 -113.674
2001 -114.019
2002 -114.048
2003 -112.532
2004 -111.597
2005 -110.334
2006 -110.836
2007 -109.581
2008 -109.971
2009 -109.754
2010 -109.867
2011 -110.221
2012 -110.029
2013 -110.539
2014 -109.978
2015 -108.849
2016 -108.929
2017 -109.626
2018 -107.363
2019 -107.983
2020 -107.448
2021 -108.313
2022 -108.993
2023 -109.327
2024 -109.428
2025 -109.351
2026 -109.943
2027 -110.339
2028 -110.95
2029 -110.079
2030 -110.463
2031 -109.535
2032 -108.973
2033 -109.827
2034 -110.196
2035 -110.534
2036 -109.866
2037 -108.809
2038 -111.739
2039 -110.451
2040 -110.424
2041 -109.268
2042 -108.149
2043 -108.646
2044 -108.794
2045 -107.241
2046 -108.136
2047 -108.619
2048 -111.285
2049 -111.452
2050 -111.37
2051 -110.12
2052 -107.465
2053 -108.191
2054 -107.068
2055 -106.473
2056 -107.711
2057 -107.367
2058 -107.24
2059 -107.617
2060 -107.132
2061 -108.911
2062 -108.853
2063 -109.256
2064 -107.09
2065 -109.078
2066 -107.621
2067 -106.911
2068 -106.903
2069 -106.73
2070 -107.483
2071 -106.785
2072 -107.405
2073 -109.901
2074 -109.942
2075 -108.155
2076 -110.433
2077 -111.107
2078 -109.29
2079 -109.759
2080 -108.629
2081 -109.509
2082 -109.36
2083 -109.913
2084 -110.333
2085 -110.018
2086 -110.392
2087 -110.675
2088 -112.414
2089 -110.594
2090 -109.484
2091 -109.385
2092 -109.328
2093 -108.476
2094 -107.781
2095 -109.213
2096 -108.518
2097 -109.655
2098 -108.964
2099 -110.309
2100 -110.245
2101 -108.915
2102 -108.191
2103 -108.35
2104 -108.528
2105 -109.223
2106 -107.688
2107 -108.25
2108 -107.159
2109 -107.928
2110 -109.167
2111 -107.572
2112 -108.544
2113 -107.038
2114 -107.455
2115 -108.5
2116 -108.212
2117 -107.35
2118 -107.74
2119 -106.869
2120 -106.837
2121 -110.236
2122 -109.613
2123 -110.176
2124 -109.188
2125 -110.205
2126 -109.634
2127 -109.611
2128 -108.563
2129 -110.346
2130 -109.387
2131 -110.725
2132 -110.014
2133 -110.454
2134 -110.567
2135 -112.538
2136 -110.883
2137 -111.257
2138 -111.345
2139 -109.667
2140 -109.75
2141 -110.214
2142 -109.461
2143 -109
2144 -109.567
2145 -109.254
2146 -110.279
2147 -110.541
2148 -110.56
2149 -109.456
2150 -108.588
2151 -109.158
2152 -107.398
2153 -107.348
2154 -108.42
2155 -108.137
2156 -108.94
2157 -108.265
2158 -108.958
2159 -109.156
2160 -109.589
2161 -109.747
2162 -108.947
2163 -105.715
2164 -107.46
2165 -107.641
2166 -107.592
2167 -108.897
2168 -108.366
2169 -109.15
2170 -109.558
2171 -110.273
2172 -110.427
2173 -109.885
2174 -109.518
2175 -110.287
2176 -109.736
2177 -110.187
2178 -110.212
2179 -110.006
2180 -110.447
2181 -110.048
2182 -111.377
2183 -110.161
2184 -111.507
2185 -111.916
2186 -111.138
2187 -110.509
2188 -110.594
2189 -108.792
2190 -108.742
2191 -110.064
2192 -111.521
2193 -108.628
2194 -108.904
2195 -110.592
2196 -110.349
2197 -111.111
2198 -109.455
2199 -108.252
2200 -108.895
2201 -110.473
2202 -108.07
2203 -109.986
2204 -108.054
2205 -108.507
2206 -109.881
2207 -109.146
2208 -108.855
2209 -110.512
2210 -109.358
2211 -107.713
2212 -109.281
2213 -106.411
2214 -108.539
2215 -109.383
2216 -111.051
2217 -110.452
2218 -110.402
2219 -110.834
2220 -111.014
2221 -112.604
2222 -111.035
2223 -111.051
2224 -112.133
2225 -110.879
2226 -111.144
2227 -110.799
2228 -110.577
2229 -109.186
2230 -111.829
2231 -111.239
2232 -111.948
2233 -111.12
2234 -112.144
2235 -110.998
2236 -109.933
2237 -110.665
2238 -111.72
2239 -110.83
2240 -110.134
2241 -109.167
2242 -110.606
2243 -110.808
2244 -110.698
2245 -109.564
2246 -109.498
2247 -110.781
2248 -109.309
2249 -109.17
2250 -108.025
2251 -108.862
2252 -110.081
2253 -109.344
2254 -110.192
2255 -111.545
2256 -110.425
2257 -107.28
2258 -109.73
2259 -109.617
2260 -109.527
2261 -108.387
2262 -109.982
2263 -109.022
2264 -108.667
2265 -111.247
2266 -110.558
2267 -111.435
2268 -110.609
2269 -112.218
2270 -110.212
2271 -111.729
2272 -111.582
2273 -111.436
2274 -110.52
2275 -110.521
2276 -111.914
2277 -110.287
2278 -111.828
2279 -110.616
2280 -113.076
2281 -112.976
2282 -112.162
2283 -112.301
2284 -110.755
2285 -111.354
2286 -111.529
2287 -109.244
2288 -109.427
2289 -110.011
2290 -111.562
2291 -110.513
2292 -111.906
2293 -110.253
2294 -110.433
2295 -110.79
2296 -109.558
2297 -108.839
2298 -108.825
2299 -109.954
2300 -109.798
2301 -109.948
2302 -111.117
2303 -110.397
2304 -111.113
2305 -110.535
2306 -109.064
2307 -109.895
2308 -109.629
2309 -107.836
2310 -109.803
2311 -110.639
2312 -108.907
2313 -109.853
2314 -111.135
2315 -112.773
2316 -110.193
2317 -111.305
2318 -111.273
2319 -110.919
2320 -110.36
2321 -110.866
2322 -111.098
2323 -110.232
2324 -111.358
2325 -111.638
2326 -111.183
2327 -110.807
2328 -113.304
2329 -112.469
2330 -111.876
2331 -111.076
2332 -109.969
2333 -111.419
2334 -111.284
2335 -110.566
2336 -110.208
2337 -109.786
2338 -110.826
2339 -112.257
2340 -108.623
2341 -111.386
2342 -110.592
2343 -110.523
2344 -109.295
2345 -110.249
2346 -110.322
2347 -109.262
2348 -108.795
2349 -109.338
2350 -111.202
2351 -108.936
2352 -109.124
2353 -109.108
2354 -110.188
2355 -108.941
2356 -108.959
2357 -107.906
2358 -110.653
2359 -109.02
2360 -108.837
2361 -109.87
2362 -112.796
2363 -111.133
2364 -111.199
2365 -111.588
2366 -111.999
2367 -112.291
2368 -109.943
2369 -109.908
2370 -111.289
2371 -111.728
2372 -112.369
2373 -111.636
2374 -113.18
2375 -112.827
2376 -111.274
2377 -113.699
2378 -111.933
2379 -112.18
2380 -111.969
2381 -110.878
2382 -109.837
2383 -108.95
2384 -110.572
2385 -111.202
2386 -112.225
2387 -110.995
2388 -112.349
2389 -112.18
2390 -111.467
2391 -111.943
2392 -112.143
2393 -110.275
2394 -109.892
2395 -109.518
2396 -109.568
2397 -109.787
2398 -109.734
2399 -109.806
2400 -109.836
2401 -109.494
2402 -109.372
2403 -108.712
2404 -109.074
2405 -108.938
2406 -109.725
2407 -110.094
2408 -110.143
2409 -110.278
2410 -109.948
2411 -110.493
2412 -110.875
2413 -111.922
2414 -110.926
2415 -111.069
2416 -110.26
2417 -109.81
2418 -109.289
2419 -110.433
2420 -109.353
2421 -109.014
2422 -109.964
2423 -110.436
2424 -107.591
2425 -108.632
2426 -108.119
2427 -108.513
2428 -106.76
2429 -105.655
2430 -104.675
2431 -106.718
2432 -104.223
2433 -103.553
2434 -104.405
2435 -104.94
2436 -103.871
2437 -102.193
2438 -101.728
2439 -99.9212
2440 -101.118
2441 -100.922
2442 -99.5301
2443 -98.2261
2444 -97.4946
2445 -97.4851
2446 -95.9363
2447 -96.6735
2448 -96.4427
2449 -97.6426
2450 -97.8029
2451 -95.2753
2452 -96.8886
2453 -95.8791
2454 -95.7526
2455 -95.5497
2456 -95.2432
2457 -94.6045
2458 -94.0336
2459 -93.4625
2460 -94.7348
2461 -95.9333
2462 -97.0598
2463 -97.2292
2464 -97.9652
2465 -96.0795
2466 -95.9225
2467 -96.3694
2468 -97.4382
2469 -96.9159
2470 -98.576
2471 -98.0982
2472 -98.3789
2473 -99.3115
2474 -98.946
2475 -100.928
2476 -99.311
2477 -99.9401
2478 -101.373
2479 -100.634
2480 -101.541
2481 -101.035
2482 -100.751
2483 -102.875
2484 -102.99
2485 -101.865
2486 -101.665
2487 -104.577
2488 -103.462
2489 -104.536
2490 -104.716
2491 -105.308
2492 -103.468
2493 -104.851
2494 -104.939
2495 -104.781
2496 -106.714
2497 -104.897
2498 -105.783
2499 -105.665
2500 -105.772
2501 -105.503
2502 -106.053
2503 -104.887
2504 -107.124
2505 -106.999
2506 -106.218
2507 -105.937
2508 -106.728
2509 -107.334
2510 -106.361
2511 -106.002
2512 -106.465
2513 -107.866
2514 -106.603
2515 -107.166
2516 -107.45
2517 -107.82
2518 -106.614
2519 -107.783
2520 -106.507
2521 -107.841
2522 -107.216
2523 -108.459
2524 -106.489
2525 -107.677
2526 -106.417
2527 -107.456
2528 -106.408
2529 -108.486
2530 -107.818
2531 -108.008
2532 -108.812
2533 -106.826
2534 -108.203
2535 -107.665
2536 -108.586
2537 -107.571
2538 -107.536
2539 -107.68
2540 -105.771
2541 -107.692
2542 -106.916
2543 -107.449
2544 -107.687
2545 -108.635
2546 -105.634
2547 -107.056
2548 -107.562
2549 -107.261
2550 -108.953
2551 -107.832
2552 -108.935
2553 -106.305
2554 -107.021
2555 -107.819
2556 -107.903
2557 -109.362
2558 -109.248
2559 -109.029
2560 -107.546
2561 -107.229
2562 -107.726
2563 -108.146
2564 -108.776
2565 -108.286
2566 -106.689
2567 -107.238
2568 -107.8
2569 -105.899
2570 -106.404
2571 -105.764
2572 -105.262
2573 -102.491
2574 -103.092
2575 -103.437
2576 -103.837
2577 -102.059
2578 -101.151
2579 -101.346
2580 -100.336
2581 -99.533
2582 -101.145
2583 -98.619
2584 -99.7864
2585 -99.0751
2586 -98.1619
2587 -98.3229
2588 -97.3013
2589 -96.9196
2590 -94.9045
2591 -96.3885
2592 -94.3658
2593 -93.1876
2594 -92.7041
2595 -93.1702
2596 -91.5611
2597 -91.6885
2598 -92.0378
2599 -91.3635
2600 -92.0514
2601 -90.2971
2602 -89.247
2603 -89.7044
2604 -87.2973
2605 -87.6658
2606 -86.0799
2607 -86.3606
2608 -87.1293
2609 -86.4143
2610 -86.1885
2611 -87.0371
2612 -86.3439
2613 -88.1638
2614 -87.6512
2615 -86.6161
2616 -87.812
2617 -86.6545
2618 -88.7777
2619 -87.8451
2620 -89.4245
2621 -89.2524
2622 -87.9598
2623 -89.5942
2624 -88.841
2625 -89.9266
2626 -90.9734
2627 -91.5359
2628 -90.8976
2629 -91.803
2630 -92.5577
2631 -91.7795
2632 -94.5948
2633 -94.7576
2634 -94.6362
2635 -96.3493
2636 -96.5902
2637 -97.7049
2638 -96.891
2639 -98.4225
2640 -97.2126
2641 -96.0941
2642 -97.8195
2643 -98.0631
2644 -97.9146
2645 -98.1341
2646 -98.503
2647 -100.041
2648 -99.3483
2649 -99.0266
2650 -97.8074
2651 -98.3643
2652 -98.6959
2653 -98.9578
2654 -98.886
2655 -99.1939
2656 -99.1679
2657 -101.281
2658 -100.934
2659 -101.558
2660 -100.078
2661 -102.026
2662 -100.543
2663 -98.9605
2664 -99.6427
2665 -98.9048
2666 -99.7474
2667 -99.0897
2668 -99.4613
2669 -99.2064
2670 -98.871
2671 -99.2311
2672 -99.7877
2673 -98.4357
2674 -97.2757
2675 -98.1735
2676 -98.1314
2677 -98.9953
2678 -100.083
2679 -101.273
2680 -102.316
2681 -99.7417
2682 -101.79
2683 -100.97
2684 -100.724
2685 -102.324
2686 -102.039
2687 -100.923
2688 -100.799
2689 -102.951
2690 -100.475
2691 -101.249
2692 -100.181
2693 -101.516
2694 -101.859
2695 -101.788
2696 -101.395
2697 -99.3703
2698 -101.366
2699 -101.948
2700 -101.202
2701 -101.558
2702 -101.223
2703 -100.078
2704 -101.349
2705 -103.164
2706 -101.065
2707 -102.778
2708 -101.524
2709 -101.782
2710 -102.391
2711 -101.752
2712 -101.033
2713 -102.313
2714 -101.843
2715 -100.986
2716 -100.165
2717 -98.793
2718 -98.4174
2719 -98.8435
2720 -97.9815
2721 -99.4775
2722 -100.615
2723 -98.9228
2724 -99.101
2725 -98.5026
2726 -99.4658
2727 -100.805
2728 -101.717
2729 -100.659
2730 -102.193
2731 -101.383
2732 -101.965
2733 -102.651
2734 -101.61
2735 -100.226
2736 -101.09
2737 -101.031
2738 -101.409
2739 -101.347
2740 -101.583
2741 -101.354
2742 -102.69
2743 -102.002
2744 -102.215
2745 -102.117
2746 -103.489
2747 -101.173
2748 -101.243
2749 -100.643
2750 -101.998
2751 -100.412
2752 -101.347
2753 -100.535
2754 -102.855
2755 -102.832
2756 -102.59
2757 -102.707
2758 -102.79
2759 -101.528
2760 -100.931
2761 -100.685
2762 -100.78
2763 -99.3613
2764 -99.2993
2765 -98.6703
2766 -99.1521
2767 -97.7955
2768 -99.5996
2769 -98.3123
2770 -98.1934
2771 -99.4449
2772 -99.8576
2773 -100.488
2774 -99.7837
2775 -101.335
2776 -101.333
2777 -100.715
2778 -101.926
2779 -100.805
2780 -100.979
2781 -102.5
2782 -101.352
2783 -102.298
2784 -101.318
2785 -101.665
2786 -100.838
2787 -100.804
2788 -100.489
2789 -102.277
2790 -101.553
2791 -102.158
2792 -99.8543
2793 -100.994
2794 -102.034
2795 -102.067
2796 -100.921
2797 -100.824
2798 -101.443
2799 -101.574
2800 -101.064
2801 -101.545
2802 -101.931
2803 -102.441
2804 -102.492
2805 -100.411
2806 -101.341
2807 -101.115
2808 -99.846
2809 -100.068
2810 -100.087
2811 -100.587
2812 -99.1231
2813 -99.4366
2814 -99.9496
2815 -98.9954
2816 -99.7944
2817 -100.669
2818 -98.9779
2819 -98.411
2820 -97.6674
2821 -98.7523
2822 -100.317
2823 -101.515
2824 -100.507
2825 -98.7137
2826 -101.85
2827 -102.435
2828 -101.355
2829 -101.265
2830 -101.922
2831 -101.774
2832 -101.038
2833 -102.195
2834 -100.931
2835 -99.8996
2836 -100.961
2837 -100.234
2838 -100.509
2839 -100.618
2840 -102.367
2841 -100.071
2842 -101.347
2843 -101.424
2844 -99.7006
2845 -100.035
2846 -99.3443
2847 -100.155
2848 -100.706
2849 -100.1
2850 -100.891
2851 -100.957
2852 -102.324
2853 -101.935
2854 -102.816
2855 -102.256
2856 -100.444
2857 -99.8578
2858 -99.8425
2859 -99.2358
2860 -98.895
2861 -99.5892
2862 -98.9917
2863 -98.8757
2864 -97.7175
2865 -100.141
2866 -97.916
2867 -98.3902
2868 -99.0552
2869 -97.9705
2870 -99.327
2871 -98.922
2872 -100.152
2873 -100.924
2874 -102.541
2875 -101.228
2876 -100.7
2877 -99.8008
2878 -99.8798
2879 -101.036
2880 -101.643
2881 -99.5845
2882 -101.364
2883 -101.367
2884 -100.114
2885 -99.5638
2886 -100.269
2887 -98.7886
2888 -99.1559
2889 -100.39
2890 -102.256
2891 -102.51
2892 -101.281
2893 -99.442
2894 -99.724
2895 -100.325
2896 -100.881
2897 -100.463
2898 -99.5856
2899 -101.99
2900 -102.364
2901 -100.734
2902 -100.154
2903 -99.2929
2904 -100.503
2905 -100.271
2906 -99.0956
2907 -99.2786
2908 -99.4025
2909 -98.3855
2910 -99.3698
2911 -96.9379
2912 -98.1734
2913 -99.3357
2914 -97.6137
2915 -98.289
2916 -97.4301
2917 -97.6576
2918 -99.0386
2919 -100.275
2920 -99.0037
2921 -100.556
2922 -99.4039
2923 -101.142
2924 -101.645
2925 -100.779
2926 -101.007
2927 -97.8629
2928 -100.197
2929 -99.4214
2930 -99.7625
2931 -97.7106
2932 -98.4451
2933 -98.7984
2934 -99.1241
2935 -102.018
2936 -100.398
2937 -99.8006
2938 -100.748
2939 -100.113
2940 -99.0475
2941 -100.12
2942 -100.494
2943 -98.2414
2944 -99.3604
2945 -98.6508
2946 -98.0282
2947 -99.7159
2948 -99.6175
2949 -101.44
2950 -100.653
2951 -100.502
2952 -100.891
2953 -99.7269
2954 -98.117
2955 -98.5669
2956 -97.0884
2957 -97.2038
2958 -97.2246
2959 -97.8925
2960 -99.8289
2961 -97.6139
2962 -97.1539
2963 -96.9581
2964 -97.6882
2965 -97.8011
2966 -97.4696
2967 -96.9226
2968 -99.0367
2969 -97.4264
2970 -98.686
2971 -98.3608
2972 -99.2165
2973 -100.755
2974 -98.8692
2975 -99.3565
2976 -101.357
2977 -100.631
2978 -100.18
2979 -98.9021
2980 -99.1032
2981 -99.0757
2982 -98.1019
2983 -98.6338
2984 -98.8015
2985 -99.2794
2986 -101.141
2987 -100.184
2988 -98.4851
2989 -98.6887
2990 -98.7448
2991 -98.2953
2992 -99.5191
2993 -98.9831
2994 -99.8441
2995 -100.475
2996 -99.9072
2997 -100.435
2998 -100.788
2999 -99.7508
3000 -98.7289
3001 -98.21
3002 -98.2987
3003 -98.7277
3004 -96.9699
3005 -96.8893
3006 -96.619
3007 -95.6333
3008 -96.5875
3009 -96.629
3010 -95.4427
3011 -96.0754
3012 -94.8812
3013 -96.3043
3014 -96.8362
3015 -97.2989
3016 -99.009
3017 -98.9613
3018 -98.1741
3019 -97.1075
3020 -99.0397
3021 -100.328
3022 -99.7018
3023 -97.8276
3024 -98.1816
3025 -98.9785
3026 -97.5467
3027 -97.7738
3028 -98.333
3029 -99.2288
3030 -98.2511
3031 -99.3123
3032 -97.7847
3033 -97.0688
3034 -96.3485
3035 -97.94
3036 -97.4376
3037 -98.3309
3038 -97.5607
3039 -98.9116
3040 -98.6695
3041 -98.7916
3042 -97.4212
3043 -98.2305
3044 -99.1153
3045 -98.3163
3046 -100.269
3047 -98.5293
3048 -97.8861
3049 -97.9436
3050 -98.8773
3051 -98.5753
3052 -98.4631
3053 -98.3568
3054 -95.9349
3055 -98.6148
3056 -97.2621
3057 -97.7354
3058 -97.8294
3059 -98.1508
3060 -97.8228
3061 -98.41
3062 -99.2471
3063 -102.514
3064 -102.541
3065 -103.087
3066 -103.33
3067 -105.002
3068 -103.817
3069 -103.57
3070 -104.305
3071 -104.745
3072 -106.094
3073 -106.519
3074 -106.882
3075 -107.404
3076 -107.935
3077 -107.942
3078 -108.895
3079 -107.701
3080 -109.345
3081 -110.277
3082 -109.235
3083 -112.29
3084 -112.893
3085 -112.636
3086 -113.301
3087 -112.999
3088 -113.782
3089 -113.147
3090 -112.371
3091 -112.224
3092 -114.091
3093 -113.001
3094 -113.085
3095 -112.878
3096 -112.018
3097 -114.07
3098 -112.776
3099 -112.236
3100 -110.38
3101 -111.577
3102 -110.685
3103 -112.558
3104 -109.897
3105 -111.321
3106 -110.839
3107 -108.623
3108 -108.108
3109 -110.093
3110 -109.948
3111 -108.427
3112 -107.638
3113 -108.982
3114 -107.007
3115 -106.406
3116 -107.488
3117 -107.582
3118 -105.706
3119 -106.64
3120 -106.613
3121 -105.534
3122 -105.662
3123 -104.106
3124 -104.635
3125 -104.941
3126 -103.784
3127 -103.447
3128 -103.17
3129 -103.187
3130 -102.803
3131 -103.734
3132 -102.903
3133 -102.433
3134 -103.471
3135 -102.178
3136 -100.598
3137 -102.103
3138 -100.805
3139 -101.018
3140 -102.269
3141 -101.859
3142 -100.884
3143 -100.729
3144 -100.656
3145 -101.874
3146 -99.0419
3147 -98.6431
3148 -100.898
3149 -101.071
3150 -100.393
3151 -101.619
3152 -100.269
3153 -99.7894
3154 -100.3
3155 -99.431
3156 -99.7805
3157 -99.8392
3158 -101.155
3159 -99.7885
3160 -100.377
3161 -100.657
3162 -99.4964
3163 -100.691
3164 -99.6368
3165 -98.9227
3166 -99.2205
3167 -98.9866
3168 -100.257
3169 -99.729
3170 -99.2555
3171 -100.091
3172 -99.4245
3173 -100.252
3174 -100.427
3175 -100.092
3176 -99.8434
3177 -98.6323
3178 -100.405
3179 -100.015
3180 -101.162
3181 -100.492
3182 -101.022
3183 -99.8155
3184 -98.9688
3185 -99.4327
3186 -100.225
3187 -99.5866
3188 -98.433
3189 -99.0983
3190 -99.3212
3191 -98.4951
3192 -99.46
3193 -100.316
3194 -100.453
3195 -99.8948
3196 -100.956
3197 -98.7542
3198 -98.8546
3199 -99.6535
3200 -100.222
3201 -101.231
3202 -100.841
3203 -99.3355
3204 -99.1482
3205 -99.7449
3206 -99.8339
3207 -100.242
3208 -100.001
3209 -101.761
3210 -98.3256
3211 -98.8424
3212 -99.9926
3213 -98.8562
3214 -100.132
3215 -100.192
3216 -97.6801
3217 -98.2601
3218 -100.523
3219 -98.9675
3220 -100.45
3221 -100.699
3222 -99.687
3223 -100.433
3224 -98.9776
3225 -99.4285
3226 -99.8242
3227 -98.9631
3228 -99.6148
3229 -100.642
3230 -100.442
3231 -98.4673
3232 -98.6393
3233 -100.258
3234 -98.9882
3235 -99.7417
3236 -99.6231
3237 -99.2208
3238 -100.541
3239 -99.1005
3240 -99.2382
3241 -99.0359
3242 -101.122
3243 -99.6429
3244 -100.646
3245 -98.8443
3246 -99.2507
3247 -100.329
3248 -100.878
3249 -99.7577
3250 -99.3256
3251 -101.272
3252 -99.3434
3253 -100.711
3254 -99.3731
3255 -100.603
3256 -99.0593
3257 -99.3574
3258 -98.817
3259 -99.0091
3260 -97.7305
3261 -98.4898
3262 -98.836
3263 -99.7776
3264 -100.943
3265 -100.453
3266 -98.9779
3267 -100.61
3268 -98.3416
3269 -100.929
3270 -101.27
3271 -99.6506
3272 -100.715
3273 -99.1867
3274 -99.4903
3275 -100.243
3276 -101.09
3277 -100.733
3278 -100.409
3279 -100.399
3280 -100.445
3281 -99.1926
3282 -98.6534
3283 -99.699
3284 -101.683
3285 -99.5984
3286 -100.401
3287 -100.496
3288 -100.647
3289 -98.7645
3290 -100.797
3291 -100.054
3292 -99.7997
3293 -100.482
3294 -100.567
3295 -99.6719
3296 -98.9067
3297 -101.032
3298 -100.595
3299 -99.7329
3300 -99.9373
3301 -99.5357
3302 -99.0476
3303 -100.396
3304 -98.8061
3305 -98.2729
3306 -99.3109
3307 -99.2221
3308 -99.9538
3309 -98.9064
3310 -99.3537
3311 -101.282
3312 -100.499
3313 -99.9432
3314 -100.566
3315 -99.0543
3316 -100.684
3317 -101.475
3318 -98.9771
3319 -99.8585
3320 -98.4939
3321 -98.454
3322 -101.078
3323 -100.365
3324 -100.533
3325 -99.146
3326 -100.046
3327 -99.4845
3328 -100.432
3329 -98.5043
3330 -99.6948
3331 -99.788
3332 -99.904
3333 -99.3683
3334 -101.667
3335 -99.0835
3336 -100.803
3337 -100.724
3338 -99.8804
3339 -99.4206
3340 -99.8783
3341 -99.1721
3342 -99.9163
3343 -100.022
3344 -99.9012
3345 -98.8792
3346 -99.8661
3347 -100.199
3348 -99.4446
3349 -99.3394
3350 -100.977
3351 -99.6951
3352 -98.9758
3353 -99.5897
3354 -99.9295
3355 -99.8304
3356 -100.374
3357 -100.407
3358 -100.421
3359 -100.436
3360 -99.3883
3361 -100.125
3362 -100.006
3363 -99.0839
3364 -99.4906
3365 -99.6282
3366 -100.405
3367 -99.9644
3368 -100.26
3369 -101.914
3370 -101.581
3371 -97.98
3372 -99.7685
3373 -100.315
3374 -100.316
3375 -99.7071
3376 -100.185
3377 -99.7172
3378 -100.897
3379 -100.309
3380 -100.31
3381 -99.4557
3382 -98.8896
3383 -100.111
3384 -99.2498
3385 -100.711
3386 -98.4995
3387 -101.601
3388 -99.1711
3389 -100.28
3390 -99.1009
3391 -99.6394
3392 -101.213
3393 -100.266
3394 -100.112
3395 -98.0084
3396 -100.533
3397 -99.5426
3398 -100.414
3399 -98.9683
