0 -99.1528
1 -98.1297
2 -97.2326
3 -96.3925
4 -95.0644
5 -94.2237
6 -95.4815
7 -95.3424
8 -93.0096
9 -93.8113
10 -92.6219
11 -92.0649
12 -93.6745
13 -94.386
14 -92.7312
15 -92.4713
16 -92.0656
17 -91.8717
18 -92.5192
19 -92.2293
20 -93.1793
21 -92.0987
22 -92.3361
23 -93.4316
24 -93.559
25 -93.8267
26 -94.3209
27 -94.3405
28 -95.5694
29 -94.1865
30 -96.6454
31 -95.7698
32 -97.656
33 -98.2932
34 -98.3825
35 -98.098
36 -99.3126
37 -98.3465
38 -99.5203
39 -100.169
40 -99.9114
41 -100.55
42 -101.184
43 -101.993
44 -103.228
45 -102.755
46 -103.497
47 -102.008
48 -102.8
49 -101.535
50 -102.767
51 -102.239
52 -101.989
53 -103.899
54 -103.312
55 -103.684
56 -104.487
57 -103.377
58 -104.486
59 -104.016
60 -103.237
61 -102.766
62 -105.352
63 -105.958
64 -104.599
65 -103.964
66 -104.484
67 -103.806
68 -104.952
69 -103.622
70 -104.954
71 -106.959
72 -104.159
73 -104.181
74 -104.101
75 -104.846
76 -105.466
77 -106.33
78 -105.565
79 -104.051
80 -105.442
81 -104.998
82 -105.508
83 -105.932
84 -104.566
85 -106.576
86 -105.11
87 -106.469
88 -105.163
89 -104.85
90 -105.102
91 -106.25
92 -105.304
93 -106.531
94 -105.292
95 -108.025
96 -105.707
97 -103.863
98 -105.994
99 -104.8
100 -103.468
101 -105.534
102 -106.45
103 -105.238
104 -105.635
105 -104.617
106 -105.591
107 -105.775
108 -105.484
109 -105.342
110 -105.153
111 -106.812
112 -105.082
113 -104.616
114 -105.627
115 -105.513
116 -107.617
117 -106.554
118 -106.4
119 -105.701
120 -106.063
121 -104.599
122 -104.383
123 -106.648
124 -104.863
125 -104.165
126 -106.047
127 -105.396
128 -106.347
129 -106.248
130 -105.59
131 -105.997
132 -106.315
133 -105.215
134 -105.291
135 -106.41
136 -106.655
137 -105.688
138 -106.371
139 -106.219
140 -106.239
141 -106.426
142 -105.131
143 -106.499
144 -104.662
145 -104.963
146 -106.477
147 -105.197
148 -105.21
149 -104.412
150 -105.751
151 -105.695
152 -105.114
153 -106.485
154 -103.398
155 -105.406
156 -104.24
157 -105.456
158 -106.295
159 -106.122
160 -104.172
161 -104.642
162 -105.183
163 -103.72
164 -106.032
165 -106.494
166 -104.942
167 -103.878
168 -104.018
169 -106.24
170 -106.987
171 -104.832
172 -104.214
173 -104.122
174 -105.095
175 -105.666
176 -106.173
177 -107.326
178 -106.111
179 -105.871
180 -104.989
181 -107.039
182 -105.93
183 -106.406
184 -104.517
185 -105.045
186 -106.075
187 -105.434
188 -106.975
189 -104.815
190 -105.72
191 -105.331
192 -104.832
193 -106.002
194 -105.908
195 -105.185
196 -105.448
197 -104.261
198 -105.521
199 -106.095
200 -105.875
201 -105.551
202 -107.042
203 -104.629
204 -106.083
205 -105.138
206 -104.601
207 -106.878
208 -106.02
209 -104.627
210 -106.809
211 -105.048
212 -104.025
213 -105.641
214 -105.522
215 -105.17
216 -103.939
217 -105.896
218 -105.62
219 -105.785
220 -105.194
221 -105.645
222 -105.28
223 -106.135
224 -107.406
225 -105.317
226 -105.037
227 -105.434
228 -104.792
229 -105.121
230 -105.282
231 -106.906
232 -105.759
233 -106.006
234 -104.78
235 -104.069
236 -106.244
237 -104.308
238 -105.651
239 -104.285
240 -105.678
241 -105.102
242 -106.204
243 -104.762
244 -104.396
245 -104.453
246 -106.636
247 -105.083
248 -106.257
249 -105.867
250 -104.675
251 -105.382
252 -104.869
253 -104.281
254 -103.126
255 -104.344
256 -105.746
257 -105.797
258 -106.328
259 -106.005
260 -104.964
261 -105.818
262 -104.597
263 -104.973
264 -105.887
265 -105.684
266 -106.285
267 -105.667
268 -104.526
269 -104.434
270 -106.284
271 -106.756
272 -104.098
273 -104.978
274 -103.896
275 -104.34
276 -105.252
277 -106.111
278 -104.53
279 -104.11
280 -105.546
281 -104.794
282 -104.524
283 -104.889
284 -105.619
285 -103.307
286 -105.267
287 -104.862
288 -105.803
289 -105.763
290 -105.366
291 -105.25
292 -105.515
293 -104.585
294 -106.419
295 -106.512
296 -105.973
297 -105.506
298 -105.539
299 -105.383
300 -104.586
301 -106.133
302 -106.876
303 -105.441
304 -105.989
305 -106.352
306 -106.045
307 -106.795
308 -104.922
309 -105.081
310 -106.76
311 -106.986
312 -106.632
313 -104.356
314 -105.435
315 -106.333
316 -106.843
317 -105.513
318 -105.752
319 -105.153
320 -105.282
321 -104.956
322 -107.027
323 -105.373
324 -106.566
325 -105.001
326 -105.225
327 -105.751
328 -105.356
329 -105.611
330 -105.247
331 -106.508
332 -105.362
333 -106.16
334 -105.327
335 -104.376
336 -104.948
337 -105.037
338 -107.696
339 -106.244
340 -104.036
341 -104.365
342 -106.346
343 -105.763
344 -105.862
345 -104.064
346 -105.497
347 -105.249
348 -105.779
349 -106.165
350 -105.411
351 -105.188
352 -105.599
353 -105.813
354 -105.016
355 -105.601
356 -108.407
357 -104.792
358 -105.513
359 -105.13
360 -104.843
361 -103.926
362 -105.283
363 -102.918
364 -105.237
365 -106.077
366 -105.438
367 -105.056
368 -105.498
369 -104.652
370 -103.846
371 -105.156
372 -105.132
373 -105.798
374 -106.633
375 -106.253
376 -105.382
377 -105.445
378 -104.811
379 -104.735
380 -104.44
381 -105.107
382 -106.098
383 -104.93
384 -105.642
385 -105.03
386 -105.632
387 -104.335
388 -105.723
389 -104.374
390 -106.692
391 -106.668
392 -104.265
393 -104.992
394 -104.469
395 -104.825
396 -104.34
397 -105.634
398 -105.705
399 -105.21
400 -106.084
401 -105.491
402 -105.814
403 -104.822
404 -104.539
405 -106.314
406 -105.77
407 -105.046
408 -105.241
409 -104.723
410 -103.563
411 -105.473
412 -106.675
413 -105.848
414 -105.781
415 -106.545
416 -106.949
417 -105.455
418 -104.754
419 -105.823
420 -106.052
421 -104.857
422 -105.413
423 -105.599
424 -106.343
425 -106.752
426 -105.048
427 -105.121
428 -104.415
429 -104.134
430 -105.915
431 -104.998
432 -104.697
433 -105.014
434 -104.825
435 -104.524
436 -106.38
437 -106.458
438 -104.501
439 -104.644
440 -104.856
441 -104.676
442 -106.833
443 -104.73
444 -105.273
445 -104.84
446 -105.568
447 -104.428
448 -105.535
449 -104.756
450 -105.433
451 -105.449
452 -104.935
453 -103.381
454 -104.46
455 -105.727
456 -105.536
457 -106
458 -104.841
459 -105.065
460 -105.271
461 -105.347
462 -105.324
463 -104.701
464 -105.298
465 -104.461
466 -103.913
467 -104.377
468 -104.462
469 -105.064
470 -103.229
471 -103.52
472 -103.286
473 -102.362
474 -102.585
475 -102.179
476 -100.34
477 -100.711
478 -101.042
479 -99.464
480 -98.963
481 -99.3922
482 -99.0613
483 -99.4477
484 -98.4166
485 -96.9748
486 -96.3049
487 -96.65
488 -94.9856
489 -94.8139
490 -93.1412
491 -94.211
492 -92.2207
493 -92.0654
494 -91.7904
495 -91.4206
496 -90.2557
497 -89.0222
498 -88.8105
499 -87.2594
500 -86.9414
501 -86.5518
502 -87.0761
503 -87.1898
504 -84.9841
505 -83.8545
506 -83.6802
507 -84.871
508 -84.6249
509 -84.6447
510 -85.5998
511 -84.2962
512 -84.6535
513 -84.818
514 -87.4509
515 -84.9039
516 -86.124
517 -86.9146
518 -86.0631
519 -84.8122
520 -88.0039
521 -86.4384
522 -88.3673
523 -88.0298
524 -89.0716
525 -88.2056
526 -90.1209
527 -90.4275
528 -91.2375
529 -92.3096
530 -92.5165
531 -92.7983
532 -94.0016
533 -93.9067
534 -94.8977
535 -94.2419
536 -94.3957
537 -95.756
538 -95.435
539 -95.0239
540 -95.7919
541 -96.3803
542 -96.7995
543 -96.1973
544 -95.2191
545 -96.7158
546 -96.4465
547 -96.545
548 -98.414
549 -98.0179
550 -97.6233
551 -98.8782
552 -98.0524
553 -97.3279
554 -99.1832
555 -98.0452
556 -96.9242
557 -97.466
558 -96.7285
559 -95.3395
560 -95.9242
561 -96.5488
562 -94.4274
563 -96.886
564 -95.3959
565 -96.188
566 -96.0014
567 -96.3394
568 -95.0612
569 -97.8942
570 -98.468
571 -99.4747
572 -98.3069
573 -98.0985
574 -98.2137
575 -99.3081
576 -99.8235
577 -98.3396
578 -97.5605
579 -98.8961
580 -96.2882
581 -98.3446
582 -96.92
583 -97.99
584 -99.6149
585 -98.1301
586 -98.5801
587 -98.0217
588 -96.9099
589 -99.407
590 -97.6123
591 -97.7055
592 -99.9436
593 -98.598
594 -97.6326
595 -100.543
596 -100.334
597 -98.5386
598 -98.2298
599 -97.0122
600 -96.6595
601 -96.876
602 -96.6806
603 -97.211
604 -96.8896
605 -96.9141
606 -96.5074
607 -96.0284
608 -96.1023
609 -95.8244
610 -96.437
611 -97.6151
612 -97.7627
613 -97.8385
614 -99.1692
615 -98.0575
616 -97.6943
617 -100.217
618 -99.525
619 -99.0656
620 -98.9178
621 -97.9608
622 -99.1596
623 -97.7921
624 -98.6106
625 -98.555
626 -98.0245
627 -97.8512
628 -97.4895
629 -98.0449
630 -96.7463
631 -96.6366
632 -96.4312
633 -98.9631
634 -98.308
635 -99.0306
636 -99.9686
637 -98.7162
638 -99.1611
639 -98.1073
640 -97.0858
641 -98.3302
642 -97.4679
643 -98.587
644 -95.2998
645 -96.2216
646 -96.2872
647 -96.5713
648 -95.43
649 -95.7442
650 -95.1924
651 -95.6918
652 -96.4835
653 -96.7325
654 -98.1
655 -98.2094
656 -98.7272
657 -98.7998
658 -99.7157
659 -98.3908
660 -99.7284
661 -98.3005
662 -97.7532
663 -96.9487
664 -99.1319
665 -99.0655
666 -98.8636
667 -99.1356
668 -98.407
669 -99.298
670 -98.1649
671 -97.9806
672 -98.7959
673 -98.5064
674 -97.7621
675 -96.8299
676 -98.0395
677 -99.7048
678 -98.005
679 -97.266
680 -98.5386
681 -96.7608
682 -97.7949
683 -98.9774
684 -98.3995
685 -95.9174
686 -97.2195
687 -96.7766
688 -96.221
689 -95.859
690 -96.7759
691 -94.8302
692 -96.5457
693 -96.1406
694 -96.1157
695 -96.6425
696 -95.8244
697 -96.9097
698 -98.0824
699 -98.2238
700 -98.1238
701 -96.577
702 -99.1514
703 -98.5442
704 -98.8875
705 -98.3948
706 -98.2801
707 -97.0733
708 -99.2736
709 -99.4521
710 -97.7519
711 -98.3468
712 -98.7646
713 -98.3353
714 -97.6314
715 -96.6105
716 -96.0588
717 -97.1584
718 -97.4201
719 -97.6612
720 -99.0876
721 -99.1566
722 -98.9103
723 -99.3793
724 -98.2049
725 -97.515
726 -97.5901
727 -97.1014
728 -95.7815
729 -95.0344
730 -94.7331
731 -96.3435
732 -96.4512
733 -94.6
734 -96.1974
735 -96.9806
736 -97.6895
737 -96.3845
738 -96.0177
739 -96.7679
740 -96.9282
741 -96.4974
742 -97.9596
743 -98.5919
744 -97.6292
745 -98.6286
746 -100.025
747 -97.9299
748 -98.0481
749 -97.6524
750 -98.214
751 -98.7593
752 -98.4677
753 -98.3308
754 -97.5288
755 -97.0556
756 -97.8644
757 -98.9246
758 -96.3232
759 -96.387
760 -95.4351
761 -97.0142
762 -97.8576
763 -98.1449
764 -98.5649
765 -98.7824
766 -97.1333
767 -96.597
768 -97.2662
769 -96.0781
770 -94.8862
771 -95.4509
772 -96.3802
773 -95.6526
774 -95.2277
775 -95.6919
776 -93.7776
777 -93.5324
778 -94.9196
779 -95.3134
780 -94.4072
781 -95.9403
782 -94.3976
783 -95.5199
784 -98.4873
785 -97.7956
786 -96.9723
787 -96.5156
788 -97.6129
789 -97.0647
790 -97.7485
791 -96.5721
792 -98.7854
793 -97.873
794 -96.6721
795 -97.2909
796 -97.4947
797 -98.0214
798 -97.5545
799 -96.0422
800 -95.0655
801 -96.8909
802 -95.7088
803 -95.163
804 -97.6552
805 -96.2837
806 -98.0996
807 -98.9957
808 -97.2156
809 -96.6322
810 -96.7217
811 -96.888
812 -95.1272
813 -96.0388
814 -93.6233
815 -92.8086
816 -93.652
817 -93.7205
818 -93.6593
819 -95.7809
820 -94.4202
821 -94.7254
822 -93.3448
823 -95.4606
824 -94.6005
825 -95.6932
826 -97.4755
827 -94.6017
828 -95.1057
829 -96.6762
830 -96.269
831 -95.2488
832 -96.5054
833 -96.4451
834 -95.8847
835 -95.593
836 -96.396
837 -95.8848
838 -95.8952
839 -94.9086
840 -95.7678
841 -97.5396
842 -96.9513
843 -96.083
844 -95.9152
845 -95.2006
846 -95.3874
847 -95.6377
848 -94.7673
849 -96.0589
850 -97.5355
851 -95.9188
852 -94.9044
853 -97.3752
854 -95.7656
855 -94.8534
856 -93.4387
857 -93.4541
858 -93.1687
859 -94.7487
860 -94.1013
861 -94.2023
862 -93.5467
863 -93.6118
864 -93.9683
865 -94.0472
866 -93.9578
867 -93.6798
868 -96.2611
869 -95.1604
870 -97.7258
871 -94.8738
872 -95.3828
873 -96.0453
874 -94.837
875 -96.9118
876 -96.4428
877 -96.2349
878 -94.9265
879 -95.2144
880 -95.8084
881 -96.4861
882 -96.5935
883 -96.3296
884 -94.2596
885 -94.623
886 -94.6158
887 -95.5151
888 -94.1092
889 -94.7838
890 -95.5723
891 -96.4993
892 -97.6973
893 -94.7709
894 -94.0422
895 -95.2796
896 -94.9856
897 -94.1372
898 -95.1646
899 -95.6187
900 -93.8648
901 -94.0051
902 -96.05
903 -95.0001
904 -95.0695
905 -95.8018
906 -95.3957
907 -96.2656
908 -98.3339
909 -98.7468
910 -98.8481
911 -100.695
912 -100.184
913 -101.803
914 -101.714
915 -102.499
916 -103.028
917 -102.682
918 -104.577
919 -103.651
920 -105.183
921 -105.28
922 -106.811
923 -106.264
924 -107.414
925 -106.933
926 -110.765
927 -108.307
928 -108.11
929 -108.655
930 -109.888
931 -109.174
932 -109.329
933 -108.469
934 -109.971
935 -110.204
936 -109.338
937 -109.363
938 -109.602
939 -108.443
940 -107.582
941 -106.561
942 -108.986
943 -105.808
944 -107.456
945 -105.919
946 -106.069
947 -105.512
948 -107.879
949 -105.367
950 -106.005
951 -104.545
952 -104.218
953 -103.019
954 -102.936
955 -103.087
956 -102.396
957 -102.752
958 -102.991
959 -102.043
960 -101.026
961 -101.67
962 -100.899
963 -100.879
964 -99.715
965 -100.423
966 -99.3419
967 -100.868
968 -99.0565
969 -98.4807
970 -97.3853
971 -98.1556
972 -97.9451
973 -99.604
974 -98.058
975 -97.075
976 -98.3779
977 -98.1586
978 -97.9525
979 -96.3264
980 -96.3465
981 -97.8354
982 -97.141
983 -97.3277
984 -97.9364
985 -97.6135
986 -96.474
987 -95.6295
988 -97.6775
989 -97.3289
990 -97.0819
991 -97.3992
992 -96.2972
993 -96.5755
994 -97.1235
995 -97.5296
996 -95.2101
997 -98.0994
998 -95.4903
999 -96.2862
1000 -96.5603
1001 -96.5524
1002 -95.9725
1003 -96.0994
1004 -97.3902
1005 -96.7442
1006 -94.4196
1007 -96.9937
1008 -96.878
1009 -96.3727
1010 -96.1313
1011 -95.1451
1012 -98.1939
1013 -97.1601
1014 -97.0987
1015 -96.6644
1016 -95.2169
1017 -97.0462
1018 -95.6585
1019 -97.1337
1020 -96.0863
1021 -97.3675
1022 -95.6618
1023 -96.302
1024 -95.602
1025 -96.9224
1026 -96.6725
1027 -96.7268
1028 -96.5354
1029 -96.7205
1030 -96.1583
1031 -96.5393
1032 -95.8889
1033 -95.3401
1034 -96.3711
1035 -95.6437
1036 -96.9741
1037 -96.2601
1038 -95.7196
1039 -96.1659
1040 -96.1274
1041 -96.1454
1042 -95.9105
1043 -96.4618
1044 -95.477
1045 -96.1427
1046 -96.2599
1047 -97.0166
1048 -95.8489
1049 -95.7729
1050 -95.0346
1051 -96.1833
1052 -95.9691
1053 -96.9303
1054 -95.939
1055 -96.6061
1056 -96.1195
1057 -94.6257
1058 -96.9979
1059 -97.1468
1060 -95.5832
1061 -95.6505
1062 -97.3297
1063 -94.5862
1064 -95.8911
1065 -94.6173
1066 -96.3008
1067 -97.641
1068 -95.8752
1069 -96.4883
1070 -95.7717
1071 -96.4808
1072 -96.1018
1073 -95.5967
1074 -95.925
1075 -95.9478
1076 -95.9841
1077 -95.1131
1078 -96.5609
1079 -96.5624
1080 -96.562
1081 -95.3712
1082 -95.2806
1083 -96.0922
1084 -96.143
1085 -95.2678
1086 -96.1297
1087 -96.4279
1088 -96.8603
1089 -94.1923
1090 -95.5337
1091 -94.9328
1092 -95.4551
1093 -95.3852
1094 -95.653
1095 -96.4312
1096 -95.7272
1097 -96.2026
1098 -95.5501
1099 -98.1034
1100 -97.2175
1101 -95.0402
1102 -95.5182
1103 -97.3846
1104 -97.1402
1105 -95.8777
1106 -94.6747
1107 -96.4428
1108 -95.0378
1109 -96.4215
1110 -97.1944
1111 -94.3739
1112 -95.6369
1113 -96.5812
1114 -95.9297
1115 -94.8762
1116 -97.1682
1117 -96.632
1118 -95.4941
1119 -95.3093
1120 -96.1519
1121 -97.3622
1122 -97.3465
1123 -96.2798
1124 -97.3395
1125 -96.2322
1126 -97.409
1127 -95.7953
1128 -95.8083
1129 -95.559
1130 -97.3494
1131 -94.8383
1132 -95.8589
1133 -96.3907
1134 -96.3861
1135 -96.2326
1136 -94.5559
1137 -96.2946
1138 -96.2074
1139 -95.982
1140 -97.0801
1141 -96.2815
1142 -96.7134
1143 -96.1473
1144 -96.7013
1145 -95.0837
1146 -95.7441
1147 -96.1102
1148 -95.5126
1149 -94.683
1150 -95.9048
1151 -95.9472
1152 -95.8221
1153 -96.3971
1154 -95.8659
1155 -96.3113
1156 -96.7455
1157 -97.5123
1158 -95.3476
1159 -96.9547
1160 -96.4383
1161 -96.5643
1162 -97.8709
1163 -96.3967
1164 -97.4525
1165 -96.4311
1166 -96.7132
1167 -98.3085
1168 -96.9351
1169 -94.4782
1170 -95.9184
1171 -96.5303
1172 -95.2138
1173 -96.9039
1174 -96.1321
1175 -97.134
1176 -95.4813
1177 -97.2548
1178 -97.6284
1179 -97.4708
1180 -96.1455
1181 -97.7422
1182 -96.5852
1183 -96.5462
1184 -95.5853
1185 -95.1896
1186 -95.3993
1187 -94.1907
1188 -96.5147
1189 -96.2319
1190 -96.1911
1191 -97.2176
1192 -96.6894
1193 -96.44
1194 -95.3244
1195 -97.4997
1196 -96.4957
1197 -98.2539
1198 -96.7971
1199 -96.2005
1200 -97.1943
1201 -97.0038
1202 -97.2215
1203 -95.429
1204 -96.4613
1205 -96.6503
1206 -95.8795
1207 -96.235
1208 -96.7303
1209 -96.9312
1210 -96.7379
1211 -95.6107
1212 -96.9339
1213 -95.6722
1214 -95.482
1215 -96.7892
1216 -95.5604
1217 -96.4249
1218 -96.9046
1219 -96.281
1220 -96.2347
1221 -97.7385
1222 -96.7298
1223 -96.5603
1224 -97.3583
1225 -97.6587
1226 -95.9997
1227 -96.99
1228 -95.8016
1229 -96.4372
1230 -96.9223
1231 -96.5488
1232 -96.6867
1233 -96.1416
1234 -98.2178
1235 -95.8963
1236 -96.7862
1237 -96.124
1238 -96.2894
1239 -96.5908
1240 -94.4005
1241 -97.0882
1242 -97.1106
1243 -96.3335
1244 -97.1874
1245 -96.9916
1246 -96.3865
1247 -97.6688
1248 -96.3726
1249 -96.7458
1250 -95.0083
1251 -96.2313
1252 -95.9354
1253 -96.9728
1254 -96.7678
1255 -96.2528
1256 -96.6661
1257 -95.2998
1258 -95.6587
1259 -95.99
1260 -96.4486
1261 -96.4079
1262 -96.8205
1263 -96.309
1264 -97.9115
1265 -96.9409
1266 -96.4615
1267 -96.7403
1268 -97.185
1269 -97.1837
1270 -97.814
1271 -95.5114
1272 -97.1501
1273 -97.6357
1274 -95.4869
1275 -95.3686
1276 -96.9144
1277 -96.2013
1278 -95.7209
1279 -95.9469
1280 -96.6721
1281 -96.4347
1282 -96.8056
1283 -96.1682
1284 -95.9853
1285 -95.9694
1286 -96.7052
1287 -95.3772
1288 -96.0411
1289 -95.937
1290 -96.9029
1291 -96.2739
1292 -96.6466
1293 -96.1826
1294 -95.6439
1295 -97.3789
1296 -96.2712
1297 -96.4969
1298 -97.0248
1299 -97.6665
1300 -96.4356
1301 -96.5395
1302 -96.8512
1303 -96.8414
1304 -97.4123
1305 -96.3631
1306 -96.5435
1307 -95.4999
1308 -96.7691
1309 -96.8534
1310 -97.4464
1311 -95.656
1312 -96.1805
1313 -96.0668
1314 -95.8639
1315 -96.6604
1316 -96.5434
1317 -95.214
1318 -96.824
1319 -96.9288
1320 -98.5956
1321 -97.2114
1322 -97.3383
1323 -93.7301
1324 -96.8495
1325 -96.4596
1326 -98.2325
1327 -97.1294
1328 -99.0851
1329 -96.9152
1330 -97.9371
1331 -96.2079
1332 -96.2673
1333 -95.0066
1334 -96.1373
1335 -96.0937
1336 -96.7614
1337 -96.55
1338 -96.7751
1339 -98.0265
1340 -96.2469
1341 -97.1743
1342 -97.2236
1343 -97.1937
1344 -95.8647
1345 -95.6849
1346 -97.2271
1347 -95.6298
1348 -98.1378
1349 -98.1018
1350 -94.9197
1351 -96.8642
1352 -96.9028
1353 -96.0123
1354 -97.0294
1355 -97.1821
1356 -97.5893
1357 -95.9417
1358 -96.8686
1359 -96.6784
1360 -96.1295
1361 -96.2399
1362 -96.3976
1363 -95.7139
1364 -97.2194
1365 -97.11
1366 -96.5586
1367 -94.2491
1368 -97.1223
1369 -97.2508
1370 -96.5633
1371 -95.5819
1372 -98.739
1373 -96.5463
1374 -96.3573
1375 -96.6384
1376 -97.447
1377 -95.392
1378 -97.0001
1379 -98.6656
1380 -97.5697
1381 -97.2706
1382 -96.7528
1383 -97.3616
1384 -97.3414
1385 -97.3328
1386 -96.9263
1387 -97.2933
1388 -96.5296
1389 -99.0874
1390 -97.9175
1391 -99.9497
1392 -99.4883
1393 -99.0325
1394 -98.4514
1395 -99.6819
1396 -101.256
1397 -101.133
1398 -102.244
1399 -102.484
1400 -102.843
1401 -102.512
1402 -104.415
1403 -104.364
1404 -103.762
1405 -105.473
1406 -106.204
1407 -106.791
1408 -106.874
1409 -108.22
1410 -108.679
1411 -108.537
1412 -110.245
1413 -109.673
1414 -112.072
1415 -112.102
1416 -112.977
1417 -112.545
1418 -113.754
1419 -116.15
1420 -116.111
1421 -115.777
1422 -116.927
1423 -117.45
1424 -117.193
1425 -117.667
1426 -116.512
1427 -117.338
1428 -116.459
1429 -118.139
1430 -117.18
1431 -116.917
1432 -117.561
1433 -117.135
1434 -116.038
1435 -114.573
1436 -116.05
1437 -115.695
1438 -115.021
1439 -115.05
1440 -115.789
1441 -116.42
1442 -115.336
1443 -113.084
1444 -112.685
1445 -112.214
1446 -111.801
1447 -109.597
1448 -112.078
1449 -109.942
1450 -110.014
1451 -111.091
1452 -107.757
1453 -110.196
1454 -107.973
1455 -108.163
1456 -107.816
1457 -106.687
1458 -106.398
1459 -105.702
1460 -108.031
1461 -107.167
1462 -107.207
1463 -105.371
1464 -106.082
1465 -104.601
1466 -104.949
1467 -102.911
1468 -105.211
1469 -104.68
1470 -105.274
1471 -105.527
1472 -107.432
1473 -107.019
1474 -107.245
1475 -106.24
1476 -106.324
1477 -105.587
1478 -106.095
1479 -106.294
1480 -107.311
1481 -106.109
1482 -106.302
1483 -106.078
1484 -107.035
1485 -107.029
1486 -106.87
1487 -105.989
1488 -105.06
1489 -105.17
1490 -105.048
1491 -103.434
1492 -104.958
1493 -106.104
1494 -106.044
1495 -105.52
1496 -105.221
1497 -106.244
1498 -103.503
1499 -104.707
1500 -104.909
1501 -104.444
1502 -105.366
1503 -104.949
1504 -103.987
1505 -103.976
1506 -104.006
1507 -103.781
1508 -105.489
1509 -104.486
1510 -105.049
1511 -104.237
1512 -104.177
1513 -104.938
1514 -106.172
1515 -104.265
1516 -104.483
1517 -106.046
1518 -105.291
1519 -105.935
1520 -103.419
1521 -105.88
1522 -106.448
1523 -107.254
1524 -106.213
1525 -106.961
1526 -107.707
1527 -107.8
1528 -107.56
1529 -106.423
1530 -108.054
1531 -107.224
1532 -106.728
1533 -105.627
1534 -105.882
1535 -106.506
1536 -106.528
1537 -106.137
1538 -106.927
1539 -107.475
1540 -102.16
1541 -104.161
1542 -104.69
1543 -105.172
1544 -105.142
1545 -106.238
1546 -104.183
1547 -105.31
1548 -106.931
1549 -106.215
1550 -104.02
1551 -106.3
1552 -106.253
1553 -105.198
1554 -104.47
1555 -103.588
1556 -106.431
1557 -105.27
1558 -107.338
1559 -106.851
1560 -107.082
1561 -105.986
1562 -106.142
1563 -106.477
1564 -107.118
1565 -107.136
1566 -107.821
1567 -107.008
1568 -107.622
1569 -106.174
1570 -107.974
1571 -107.306
1572 -107.443
1573 -106.772
1574 -107.306
1575 -106.547
1576 -106.515
1577 -107.328
1578 -106.614
1579 -108.474
1580 -107.966
1581 -106.86
1582 -107.92
1583 -105.612
1584 -106.351
1585 -105.428
1586 -105.018
1587 -105.16
1588 -104.766
1589 -105.918
1590 -107.713
1591 -106.427
1592 -105.914
1593 -106.588
1594 -105.227
1595 -105.356
1596 -104.058
1597 -105.562
1598 -106.884
1599 -105.638
1600 -106.592
1601 -106.787
1602 -107.374
1603 -108.416
1604 -107.289
1605 -107.206
1606 -107.26
1607 -107.073
1608 -107.201
1609 -106.891
1610 -107.657
1611 -107.086
1612 -107.177
1613 -108.8
1614 -108.146
1615 -107.373
1616 -107.902
1617 -106.752
1618 -108.038
1619 -108.013
1620 -106.265
1621 -107.93
1622 -106.271
1623 -106.661
1624 -108.415
1625 -107.462
1626 -106.647
1627 -106.447
1628 -107.358
1629 -106.154
1630 -106.797
1631 -107.193
1632 -106.406
1633 -106.219
1634 -106.059
1635 -106.007
1636 -105.876
1637 -105.876
1638 -105.483
1639 -105.599
1640 -106.473
1641 -105.903
1642 -107.863
1643 -108.208
1644 -106.668
1645 -109.913
1646 -108.973
1647 -108.889
1648 -107.64
1649 -107.679
1650 -106.828
1651 -106.657
1652 -108.202
1653 -107.897
1654 -109.083
1655 -109.973
1656 -108.896
1657 -109.779
1658 -108.562
1659 -106.809
1660 -107.556
1661 -106.217
1662 -106.282
1663 -107.134
1664 -106.637
1665 -107.571
1666 -107.758
1667 -106.805
1668 -106.812
1669 -106.972
1670 -105.622
1671 -106.083
1672 -105.916
1673 -106.569
1674 -106.209
1675 -106.525
1676 -106.895
1677 -106.921
1678 -106.903
1679 -104.718
1680 -106.248
1681 -109.287
1682 -105.564
1683 -104.923
1684 -105.958
1685 -107.758
1686 -107.531
1687 -109.855
1688 -107.368
1689 -105.881
1690 -108.479
1691 -106.715
1692 -107.353
1693 -107.727
1694 -107.053
1695 -108.361
1696 -107.287
1697 -108.698
1698 -109.001
1699 -107.886
1700 -108.962
1701 -108.03
1702 -107.217
1703 -107.092
1704 -108.005
1705 -106.869
1706 -107.285
1707 -108.427
1708 -107.535
1709 -108.392
1710 -106.692
1711 -105.818
1712 -107.602
1713 -106.923
1714 -105.478
1715 -106.155
1716 -107.737
1717 -107.066
1718 -106.719
1719 -107.221
1720 -106.553
1721 -105.625
1722 -106.058
1723 -106.466
1724 -104.811
1725 -105.901
1726 -107.376
1727 -106.263
1728 -107.527
1729 -108.36
1730 -108.177
1731 -108.224
1732 -108.252
1733 -109.767
1734 -108.563
1735 -107.174
1736 -108.383
1737 -107.753
1738 -108.505
1739 -108.971
1740 -108.192
1741 -108.525
1742 -107.614
1743 -109.222
1744 -108.026
1745 -107.98
1746 -108.817
1747 -108.577
1748 -107.043
1749 -107.288
1750 -106.99
1751 -107.948
1752 -106.41
1753 -106.243
1754 -105.504
1755 -106.754
1756 -106.296
1757 -106.534
1758 -105.878
1759 -105.908
1760 -105.994
1761 -106.884
1762 -108.841
1763 -107.242
1764 -107.665
1765 -107.091
1766 -106.026
1767 -108.349
1768 -106.32
1769 -108.011
1770 -107.331
1771 -108.937
1772 -108.654
1773 -108.396
1774 -107.867
1775 -109.263
1776 -108.262
1777 -108.934
1778 -108.567
1779 -108.446
1780 -110.237
1781 -109.439
1782 -108.108
1783 -109.162
1784 -109.561
1785 -108.483
1786 -108.533
1787 -108.501
1788 -109.16
1789 -108.928
1790 -107.32
1791 -108.91
1792 -108.382
1793 -110.575
1794 -108.08
1795 -106.269
1796 -107.279
1797 -108.714
1798 -107.951
1799 -106.788
1800 -106.743
1801 -108.352
1802 -107.791
1803 -107.874
1804 -106.576
1805 -106.98
1806 -106.215
1807 -106.681
1808 -105.392
1809 -106.569
1810 -107.933
1811 -107.396
1812 -107.765
1813 -107.741
1814 -109.565
1815 -109.016
1816 -108.065
1817 -107.898
1818 -107.385
1819 -107.362
1820 -107.047
1821 -105.934
1822 -106.219
1823 -104.737
1824 -105.69
1825 -106.81
1826 -105.703
1827 -105.08
1828 -104.885
1829 -105.317
1830 -103.152
1831 -102.525
1832 -102.133
1833 -100.225
1834 -99.9439
1835 -100.293
1836 -101.82
1837 -100.983
1838 -98.2631
1839 -97.0221
1840 -95.6667
1841 -96.9067
1842 -94.6176
1843 -94.9522
1844 -95.4196
1845 -93.2804
1846 -93.6757
1847 -94.0546
1848 -93.0363
1849 -93.9351
1850 -92.062
1851 -91.9339
1852 -91.2165
1853 -91.7889
1854 -92.7966
1855 -93.2882
1856 -92.239
1857 -93.352
1858 -91.9843
1859 -92.4669
1860 -93.0454
1861 -92.4806
1862 -93.9339
1863 -93.4326
1864 -95.4107
1865 -94.7778
1866 -94.6309
1867 -95.7949
1868 -95.9219
1869 -97.0904
1870 -97.0984
1871 -98.1863
1872 -97.4581
1873 -98.1159
1874 -98.1047
1875 -98.9746
1876 -99.7269
1877 -99.7281
1878 -99.5807
1879 -99.694
1880 -102.203
1881 -100.305
1882 -101.54
1883 -101.509
1884 -102.468
1885 -101.583
1886 -101.531
1887 -102.425
1888 -104.458
1889 -102.411
1890 -103.096
1891 -102.212
1892 -102.809
1893 -104.166
1894 -104.589
1895 -103.806
1896 -102.085
1897 -104.394
1898 -103.131
1899 -102.251
1900 -103.068
1901 -105.807
1902 -104.982
1903 -105.107
1904 -103.865
1905 -103.588
1906 -105.899
1907 -104.762
1908 -104.227
1909 -104.709
1910 -104.073
1911 -104.272
1912 -104.417
1913 -104.687
1914 -104.308
1915 -104.56
1916 -103.38
1917 -104.652
1918 -104.622
1919 -105.187
1920 -104.367
1921 -105.154
1922 -105.651
1923 -104.27
1924 -104.494
1925 -104.468
1926 -104.852
1927 -105.161
1928 -104.695
1929 -104.455
1930 -106.022
1931 -105.191
1932 -105.845
1933 -105.878
1934 -104.74
1935 -105.632
1936 -104.433
1937 -105.885
1938 -104.965
1939 -104.53
1940 -105.474
1941 -104.675
1942 -107.005
1943 -104.837
1944 -104.026
1945 -104.587
1946 -105.474
1947 -105.269
1948 -105.206
1949 -105.36
1950 -106.634
1951 -104.18
1952 -104.659
1953 -104.19
1954 -106.16
1955 -106.076
1956 -105.171
1957 -106.105
1958 -104.744
1959 -107.121
1960 -105.406
1961 -103.499
1962 -104.552
1963 -105.421
1964 -107.334
1965 -104.702
1966 -105.217
1967 -105.356
1968 -106.21
1969 -105.922
1970 -103.809
1971 -105.56
1972 -106.643
1973 -106.103
1974 -106.47
1975 -105.122
1976 -106.231
1977 -104.68
1978 -104.294
1979 -104.168
1980 -105.657
1981 -106.422
1982 -104.719
1983 -105.689
1984 -105.164
1985 -104.504
1986 -104.647
1987 -105.031
1988 -104.014
1989 -105.465
1990 -106.376
1991 -105.676
1992 -105.991
1993 -106.61
1994 -105.339
1995 -105.397
1996 -105.265
1997 -106.243
1998 -103.502
1999 -105.246
2000 -105.493
2001 -105.285
2002 -105.797
2003 -105.256
2004 -106.465
2005 -105.159
2006 -105.907
2007 -105.3
2008 -104.117
2009 -105.388
2010 -104.75
2011 -105.035
2012 -106.625
2013 -104.691
2014 -106.187
2015 -106.142
2016 -106.155
2017 -106.141
2018 -105.363
2019 -104.948
2020 -104.303
2021 -105.893
2022 -104.456
2023 -103.963
2024 -105.945
2025 -106.567
2026 -105.416
2027 -104.039
2028 -104.286
2029 -106.166
2030 -105.478
2031 -105.696
2032 -105.427
2033 -104.818
2034 -105.675
2035 -105.586
2036 -105.164
2037 -104.903
2038 -105.504
2039 -105.018
2040 -104.801
2041 -104.438
2042 -105.241
2043 -106.03
2044 -104.018
2045 -106.141
2046 -105.398
2047 -104.834
2048 -104.924
2049 -104.626
2050 -105.86
2051 -105.123
2052 -105.643
2053 -105.611
2054 -106.983
2055 -105.13
2056 -105.708
2057 -105.503
2058 -105.324
2059 -105.94
2060 -106.892
2061 -105.188
2062 -104.554
2063 -104.833
2064 -106.122
2065 -104.806
2066 -104.977
2067 -104.83
2068 -105.001
2069 -106.004
2070 -105.835
2071 -105.333
2072 -105.416
2073 -105.363
2074 -104.69
2075 -104.889
2076 -105.324
2077 -105.93
2078 -106.965
2079 -104.09
2080 -104.254
2081 -105.657
2082 -104.48
2083 -105.755
2084 -105.713
2085 -103.447
2086 -106.772
2087 -105.225
2088 -105.21
2089 -105.875
2090 -105.157
2091 -105.463
2092 -104.42
2093 -103.247
2094 -105.636
2095 -103.954
2096 -105.474
2097 -105.603
2098 -105.351
2099 -104.026
2100 -106.251
2101 -105.514
2102 -105.371
2103 -105.698
2104 -105.665
2105 -104.09
2106 -105.333
2107 -104.987
2108 -104.427
2109 -106.138
2110 -104.984
2111 -105.349
2112 -103.4
2113 -104.242
2114 -106.221
2115 -105.662
2116 -103.981
2117 -103.498
2118 -104.869
2119 -106.158
2120 -105.887
2121 -106.33
2122 -104.478
2123 -104.179
2124 -104.94
2125 -103.903
2126 -104.842
2127 -104.944
2128 -104.266
2129 -104.459
2130 -104.052
2131 -104.934
2132 -105.47
2133 -105.178
2134 -104.291
2135 -104.101
2136 -105.45
2137 -104.879
2138 -103.746
2139 -104.466
2140 -102.893
2141 -105.14
2142 -103.701
2143 -105.053
2144 -106.406
2145 -104.497
2146 -104.773
2147 -103.947
2148 -104.936
2149 -105.252
2150 -105.425
2151 -104.304
2152 -105.278
2153 -104.995
2154 -104.689
2155 -102.933
2156 -105.425
2157 -105.351
2158 -105.275
2159 -104.467
2160 -104.531
2161 -106.043
2162 -105.526
2163 -104.869
2164 -104.817
2165 -105.096
2166 -105.796
2167 -105.66
2168 -105.087
2169 -104.205
2170 -104.491
2171 -104.465
2172 -104.466
2173 -106.347
2174 -105.05
2175 -106.447
2176 -105.816
2177 -104.62
2178 -104.585
2179 -104.877
2180 -104.834
2181 -103.764
2182 -104.569
2183 -104.667
2184 -104.897
2185 -104.897
2186 -105.891
2187 -105.988
2188 -104.923
2189 -105.789
2190 -105.425
2191 -104.272
2192 -104.761
2193 -104.02
2194 -104.922
2195 -105.797
2196 -105.242
2197 -105.568
2198 -104.338
2199 -105.236
2200 -104.548
2201 -105.063
2202 -106.261
2203 -104.649
2204 -104.837
2205 -103.712
2206 -104.296
2207 -104.919
2208 -106.468
2209 -104.871
2210 -105.792
2211 -104.813
2212 -105.014
2213 -104.886
2214 -104.71
2215 -104.013
2216 -104.876
2217 -105.789
2218 -105.277
2219 -104.84
2220 -103.6
2221 -104.083
2222 -105.439
2223 -104.934
2224 -105.576
2225 -105.597
2226 -105.928
2227 -101.669
2228 -103.384
2229 -104.509
2230 -105.567
2231 -105.343
2232 -105.232
2233 -104.008
2234 -104.103
2235 -105.096
2236 -104.142
2237 -104.403
2238 -105.745
2239 -103.264
2240 -104.562
2241 -103.938
2242 -103.632
2243 -105.487
2244 -105.65
2245 -104.071
2246 -105.171
2247 -106.283
2248 -105.36
2249 -105.122
2250 -105.376
2251 -105.462
2252 -105.716
2253 -104.977
2254 -104.956
2255 -104.773
2256 -104.541
2257 -105.588
2258 -104.184
2259 -103.358
2260 -105.593
2261 -105.378
2262 -104.759
2263 -104.977
2264 -104.958
2265 -105.083
2266 -104.96
2267 -105.345
2268 -105.307
2269 -104.49
2270 -105.368
2271 -104.178
2272 -104.852
2273 -104.14
2274 -105.288
2275 -104.795
2276 -104.374
2277 -104.955
2278 -103.774
2279 -104.629
2280 -105.791
2281 -106.404
2282 -104.855
2283 -106.215
2284 -105.404
2285 -105.043
2286 -103.836
2287 -103.836
2288 -104.654
2289 -106.081
2290 -104.36
2291 -105.16
2292 -104.791
2293 -106.142
2294 -104.74
2295 -105.778
2296 -105.857
2297 -105.666
2298 -105.682
2299 -104.823
2300 -104.334
2301 -104.121
2302 -103.129
2303 -102.625
2304 -103.903
2305 -106.909
2306 -106.07
2307 -103.736
2308 -104.839
2309 -103.606
2310 -102.374
2311 -102.993
2312 -102.552
2313 -102.223
2314 -101.898
2315 -100.65
2316 -100.267
2317 -100.303
2318 -98.8828
2319 -97.892
2320 -98.0522
2321 -96.9823
2322 -96.7021
2323 -96.9633
2324 -94.1925
2325 -94.7668
2326 -95.0111
2327 -94.5783
2328 -94.7707
2329 -93.2902
2330 -92.2452
2331 -92.5892
2332 -91.42
2333 -91.0691
2334 -91.0588
2335 -90.1697
2336 -89.1502
2337 -87.969
2338 -86.7381
2339 -84.8265
2340 -85.7361
2341 -85.9906
2342 -84.082
2343 -84.2015
2344 -83.8603
2345 -84.5914
2346 -83.6978
2347 -85.196
2348 -83.8047
2349 -85.523
2350 -85.2967
2351 -85.7508
2352 -85.3879
2353 -85.098
2354 -85.2543
2355 -85.962
2356 -87.043
2357 -86.3202
2358 -87.0627
2359 -87.3751
2360 -87.8181
2361 -90.1351
2362 -88.6506
2363 -90.022
2364 -90.2045
2365 -90.4171
2366 -92.4964
2367 -93.3975
2368 -92.5873
2369 -92.6196
2370 -93.3778
2371 -95.2029
2372 -93.2947
2373 -93.8878
2374 -95.5332
2375 -94.6333
2376 -94.1941
2377 -96.4747
2378 -95.9503
2379 -96.9422
2380 -96.6973
2381 -96.8203
2382 -95.2682
2383 -96.0922
2384 -96.438
2385 -96.983
2386 -98.1106
2387 -99.4508
2388 -97.9736
2389 -98.5093
2390 -99.1015
2391 -99.1894
2392 -97.3169
2393 -98.1139
2394 -96.9377
2395 -96.467
2396 -97.9265
2397 -97.0295
2398 -96.1756
2399 -96.4303
2400 -93.9097
2401 -94.2572
2402 -95.9911
2403 -95.6177
2404 -97.135
2405 -96.6136
2406 -97.147
2407 -97.3446
2408 -98.6017
2409 -97.8499
2410 -98.4829
2411 -97.8232
2412 -98.7116
2413 -98.6528
2414 -97.6918
2415 -98.3624
2416 -98.031
2417 -98.067
2418 -98.7231
2419 -98.1572
2420 -97.218
2421 -99.0678
2422 -97.0038
2423 -99.5162
2424 -98.2989
2425 -97.4476
2426 -97.6274
2427 -97.1688
2428 -97.3079
2429 -97.0872
2430 -100.776
2431 -101.306
2432 -101.185
2433 -99.2122
2434 -100.12
2435 -98.9361
2436 -99.7192
2437 -97.2651
2438 -96.3564
2439 -96.2069
2440 -96.9329
2441 -97.46
2442 -95.3849
2443 -95.3384
2444 -97.8962
2445 -96.6294
2446 -96.4791
2447 -96.4895
2448 -96.6617
2449 -96.5364
2450 -99.2106
2451 -98.603
2452 -99.3316
2453 -99.241
2454 -98.597
2455 -97.5345
2456 -98.6439
2457 -98.5064
2458 -99.1049
2459 -97.388
2460 -99.1739
2461 -97.9977
2462 -97.4702
2463 -99.6184
2464 -99.1032
2465 -99.4243
2466 -97.3951
2467 -99.4885
2468 -99.2886
2469 -97.4886
2470 -97.0827
2471 -97.4988
2472 -99.0922
2473 -98.6317
2474 -98.7191
2475 -98.9189
2476 -100.09
2477 -98.5398
2478 -98.597
2479 -98.8198
2480 -95.7081
2481 -98.5071
2482 -95.337
2483 -96.9766
2484 -98.0839
2485 -96.3881
2486 -95.2586
2487 -94.9032
2488 -95.5893
2489 -95.2891
2490 -96.2047
2491 -98.1182
2492 -98.9323
2493 -97.1398
2494 -97.8346
2495 -98.8549
2496 -99.4489
2497 -99.5211
2498 -97.0763
2499 -98.4506
2500 -99.5794
2501 -97.863
2502 -99.4735
2503 -98.1995
2504 -97.7203
2505 -96.9712
2506 -98.5807
2507 -98.4374
2508 -98.8581
2509 -98.0663
2510 -97.1754
2511 -97.6103
2512 -98.464
2513 -98.4549
2514 -99.4565
2515 -98.6416
2516 -100.172
2517 -99.4501
2518 -99.7162
2519 -99.1805
2520 -99.6406
2521 -97.2966
2522 -98.7947
2523 -96.2198
2524 -96.1093
2525 -95.074
2526 -94.9179
2527 -95.4891
2528 -96.8209
2529 -96.578
2530 -95.8832
2531 -96.569
2532 -96.9342
2533 -96.4654
2534 -96.6478
2535 -97.6851
2536 -97.4055
2537 -97.6945
2538 -99.8743
2539 -98.8495
2540 -97.3978
2541 -99.3659
2542 -98.916
2543 -99.0291
2544 -98.0741
2545 -98.2347
2546 -97.6031
2547 -97.4608
2548 -98.5907
2549 -97.2615
2550 -99.3041
2551 -97.6809
2552 -98.3281
2553 -97.496
2554 -97.0579
2555 -97.2794
2556 -94.4618
2557 -98.163
2558 -98.7451
2559 -98.4576
2560 -99.4174
2561 -99.1006
2562 -96.9612
2563 -97.7112
2564 -94.2799
2565 -96.6953
2566 -97.6449
2567 -96.5884
2568 -95.8222
2569 -95.5463
2570 -96.0981
2571 -97.2736
2572 -96.655
2573 -95.1599
2574 -94.721
2575 -95.4862
2576 -96.3662
2577 -96.9329
2578 -99.1028
2579 -98.0535
2580 -100.472
2581 -96.7553
2582 -97.3235
2583 -99.5066
2584 -98.5169
2585 -96.2665
2586 -98.2764
2587 -98.5791
2588 -95.5537
2589 -97.264
2590 -98.137
2591 -97.531
2592 -98.152
2593 -98.0184
2594 -97.6731
2595 -96.4424
2596 -95.6682
2597 -96.7297
2598 -97.358
2599 -97.7539
2600 -96.9746
2601 -98.9505
2602 -99.0265
2603 -97.2677
2604 -98.4244
2605 -97.514
2606 -98.1639
2607 -97.3902
2608 -95.4121
2609 -95.2289
2610 -94.826
2611 -94.6102
2612 -95.0746
2613 -93.9281
2614 -95.2856
2615 -94.6101
2616 -94.5481
2617 -96.094
2618 -96.0282
2619 -95.4223
2620 -95.7689
2621 -97.4684
2622 -98.3926
2623 -96.9902
2624 -96.6847
2625 -98.7179
2626 -98.2426
2627 -97.113
2628 -97.8869
2629 -97.5897
2630 -96.3062
2631 -95.5626
2632 -96.198
2633 -96.5687
2634 -95.6442
2635 -95.7718
2636 -97.7126
2637 -96.7567
2638 -95.6851
2639 -95.4559
2640 -95.7636
2641 -97.5238
2642 -96.643
2643 -97.8684
2644 -97.9514
2645 -97.6589
2646 -97.9915
2647 -97.3485
2648 -96.771
2649 -96.318
2650 -96.0268
2651 -96.9052
2652 -95.3813
2653 -94.8371
2654 -95.1134
2655 -94.8817
2656 -96.1253
2657 -93.3586
2658 -92.6724
2659 -93.4573
2660 -96.2426
2661 -94.0974
2662 -95.3693
2663 -96.5021
2664 -95.9519
2665 -96.8681
2666 -94.9355
2667 -96.8994
2668 -96.0325
2669 -96.3668
2670 -97.946
2671 -96.8261
2672 -95.3121
2673 -94.814
2674 -96.0756
2675 -96.1967
2676 -96.6596
2677 -95.5005
2678 -98.2281
2679 -96.5218
2680 -95.8358
2681 -95.5577
2682 -96.042
2683 -96.4803
2684 -96.2405
2685 -97.0643
2686 -96.8131
2687 -96.5541
2688 -96.4165
2689 -96.8321
2690 -95.5944
2691 -96.0286
2692 -96.7324
2693 -95.2691
2694 -96.598
2695 -93.7139
2696 -94.2147
2697 -92.7376
2698 -92.7575
2699 -93.5288
2700 -94.7105
2701 -94.963
2702 -94.3761
2703 -94.286
2704 -95.5537
2705 -95.3835
2706 -95.2842
2707 -96.2476
2708 -96.7427
2709 -96.7887
2710 -95.5762
2711 -96.0939
2712 -95.7421
2713 -94.7549
2714 -94.3203
2715 -97.576
2716 -94.7252
2717 -96.639
2718 -95.9705
2719 -94.4571
2720 -94.9133
2721 -96.932
2722 -93.3804
2723 -93.0809
2724 -94.1446
2725 -95.5126
2726 -94.9524
2727 -96.465
2728 -94.7513
2729 -96.0805
2730 -95.356
2731 -95.3615
2732 -95.2076
2733 -95.8569
2734 -95.4356
2735 -95.5438
2736 -95.7487
2737 -94.2346
2738 -94.7064
2739 -95.6137
2740 -95.625
2741 -94.7999
2742 -96.6107
2743 -96.9561
2744 -97.0293
2745 -99.0275
2746 -96.3412
2747 -98.7851
2748 -100.501
2749 -100.729
2750 -100.036
2751 -101.414
2752 -101.459
2753 -103.118
2754 -105.219
2755 -104.623
2756 -104.698
2757 -105.379
2758 -105.228
2759 -105.505
2760 -105.144
2761 -106.085
2762 -107.836
2763 -107.404
2764 -108.335
2765 -108.387
2766 -108.7
2767 -109.543
2768 -108.632
2769 -110.237
2770 -110.225
2771 -108.456
2772 -109.146
2773 -109.307
2774 -109.052
2775 -109.763
2776 -109.497
2777 -110.187
2778 -107.903
2779 -108.763
2780 -107
2781 -107.9
2782 -108.481
2783 -108.261
2784 -107.595
2785 -105.809
2786 -105.732
2787 -107.008
2788 -104.837
2789 -104.702
2790 -104.872
2791 -105.634
2792 -104.504
2793 -103.338
2794 -103.794
2795 -103.495
2796 -101.105
2797 -101.809
2798 -102.287
2799 -101.597
2800 -101.99
2801 -101.798
2802 -99.1792
2803 -100.102
2804 -99.443
2805 -99.0942
2806 -98.6701
2807 -100.594
2808 -99.0631
2809 -98.5056
2810 -99.6554
2811 -99.1004
2812 -98.8654
2813 -98.4892
2814 -100.017
2815 -97.4494
2816 -97.8807
2817 -97.1475
2818 -97.1196
2819 -96.7623
2820 -95.9053
2821 -96.042
2822 -97.3107
2823 -96.584
2824 -96.1926
2825 -96.1645
2826 -97.3563
2827 -98.0935
2828 -96.8032
2829 -96.9397
2830 -96.8379
2831 -94.9534
2832 -97.9717
2833 -97.7641
2834 -96.469
2835 -96.2722
2836 -96.2561
2837 -98.146
2838 -95.4452
2839 -97.0098
2840 -96.3357
2841 -96.0071
2842 -96.0046
2843 -96.284
2844 -96.4465
2845 -95.6383
2846 -96.95
2847 -95.2692
2848 -95.8888
2849 -97.0292
2850 -96.2948
2851 -95.7491
2852 -98.4707
2853 -97.762
2854 -95.8139
2855 -96.4467
2856 -96.5868
2857 -96.5923
2858 -95.824
2859 -96.268
2860 -96.9399
2861 -96.6055
2862 -97.5341
2863 -96.2191
2864 -96.1485
2865 -97.4028
2866 -96.1269
2867 -95.3196
2868 -95.2472
2869 -96.0766
2870 -95.1894
2871 -96.2881
2872 -97.3255
2873 -96.9308
2874 -96.7267
2875 -95.9843
2876 -95.7895
2877 -95.8516
2878 -96.598
2879 -96.371
2880 -96.4719
2881 -96.7187
2882 -94.7858
2883 -96.8533
2884 -95.8121
2885 -97.0497
2886 -95.4372
2887 -96.8621
2888 -95.4567
2889 -94.7761
2890 -97.449
2891 -96.2787
2892 -96.6695
2893 -95.8407
2894 -95.9537
2895 -97.6467
2896 -96.5828
2897 -96.3835
2898 -94.8817
2899 -97.2425
2900 -94.5024
2901 -96.4295
2902 -97.1931
2903 -95.0549
2904 -96.3452
2905 -96.7903
2906 -94.7722
2907 -97.2234
2908 -96.5619
2909 -96.3404
2910 -96.6578
2911 -95.7465
2912 -98.165
2913 -96.8979
2914 -96.6483
2915 -95.7182
2916 -96.6707
2917 -96.5803
2918 -96.5819
2919 -94.9542
2920 -96.5391
2921 -95.7854
2922 -98.5956
2923 -96.4437
2924 -96.2022
2925 -96.4559
2926 -96.3343
2927 -97.0774
2928 -95.9185
2929 -96.2536
2930 -97.6144
2931 -96.7321
2932 -96.4987
2933 -95.3664
2934 -95.9965
2935 -96.0201
2936 -96.7671
2937 -97.6355
2938 -95.3189
2939 -96.6697
2940 -96.1298
2941 -94.7467
2942 -95.4797
2943 -95.8427
2944 -96.3818
2945 -95.7752
2946 -97.0398
2947 -95.5787
2948 -95.9526
2949 -97.0467
2950 -95.6082
2951 -96.1184
2952 -97.5493
2953 -95.6832
2954 -96.8802
2955 -98.1715
2956 -97.3858
2957 -95.4572
2958 -96.3009
2959 -96.9845
2960 -97.349
2961 -96.3916
2962 -97.0637
2963 -96.6735
2964 -96.992
2965 -95.6119
2966 -95.3988
2967 -95.8748
2968 -95.5926
2969 -95.7637
2970 -96.7542
2971 -96.4654
2972 -96.8976
2973 -96.2446
2974 -97.6035
2975 -97.3827
2976 -96.7912
2977 -96.8041
2978 -96.8456
2979 -96.2145
2980 -96.1829
2981 -96.7646
2982 -97.0522
2983 -96.1542
2984 -96.3698
2985 -97.4529
2986 -96.8979
2987 -97.2657
2988 -97.1094
2989 -97.8518
2990 -96.3534
2991 -97.786
2992 -95.8565
2993 -96.5325
2994 -96.1335
2995 -98.1901
2996 -96.4614
2997 -95.7779
2998 -96.8968
2999 -95.8896
3000 -97.9612
3001 -95.8295
3002 -96.7508
3003 -96.3094
3004 -95.7538
3005 -95.976
3006 -96.5214
3007 -99.0848
3008 -96.4096
3009 -96.0606
3010 -95.3504
3011 -96.2808
3012 -95.2559
3013 -96.3159
3014 -95.5464
3015 -97.1781
3016 -96.3566
3017 -96.462
3018 -96.2688
3019 -96.9405
3020 -96.2022
3021 -97.1666
3022 -97.9236
3023 -96.039
3024 -97.9964
3025 -97.0564
3026 -96.2488
3027 -97.8897
3028 -96.2943
3029 -97.6689
3030 -97.4716
3031 -96.2484
3032 -97.3214
3033 -97.0157
3034 -97.1805
3035 -97.3872
3036 -97.2506
3037 -96.5199
3038 -96.0269
3039 -97.6781
3040 -96.8646
3041 -95.2625
3042 -97.0484
3043 -96.8841
3044 -97.4232
3045 -98.212
3046 -97.4129
3047 -96.6225
3048 -96.9626
3049 -96.7442
3050 -96.6849
3051 -98.2995
3052 -95.43
3053 -98.4369
3054 -96.4118
3055 -96.3658
3056 -97.5603
3057 -95.1621
3058 -95.6042
3059 -97.0425
3060 -97.9543
3061 -96.0043
3062 -97.9629
3063 -95.8628
3064 -96.6956
3065 -95.8333
3066 -96.3016
3067 -96.1501
3068 -97.757
3069 -96.8023
3070 -96.2589
3071 -96.6518
3072 -97.9142
3073 -97.9796
3074 -97.6706
3075 -97.144
3076 -96.043
3077 -95.21
3078 -95.1149
3079 -94.6174
3080 -96.4284
3081 -96.169
3082 -96.9156
3083 -97.3174
3084 -97.4822
3085 -97.339
3086 -96.295
3087 -97.7609
3088 -96.4662
3089 -95.2934
3090 -96.7838
3091 -97.1311
3092 -98.327
3093 -96.8015
3094 -96.6405
3095 -97.5089
3096 -96.7431
3097 -95.9613
3098 -97.3453
3099 -97.1098
3100 -97.8165
3101 -96.5718
3102 -98.0784
3103 -96.3868
3104 -96.8473
3105 -96.9879
3106 -96.6004
3107 -97.0117
3108 -97.3524
3109 -96.109
3110 -95.4412
3111 -96.2058
3112 -94.9472
3113 -95.9767
3114 -96.2245
3115 -96.1319
3116 -98.2694
3117 -97.1433
3118 -96.6279
3119 -97.8885
3120 -97.2598
3121 -98.116
3122 -97.0444
3123 -97.8377
3124 -97.9219
3125 -97.0313
3126 -96.7844
3127 -97.2551
3128 -97.4053
3129 -97.7503
3130 -95.9359
3131 -96.7075
3132 -95.8031
3133 -96.7907
3134 -97.5365
3135 -96.4098
3136 -96.1112
3137 -97.1824
3138 -95.0554
3139 -94.8251
3140 -97.4602
3141 -97.4695
3142 -97.0832
3143 -99.1077
3144 -96.5915
3145 -95.6468
3146 -96.2983
3147 -97.4476
3148 -96.3688
3149 -96.6412
3150 -96.4572
3151 -97.3665
3152 -96.4213
3153 -96.4471
3154 -96.2269
3155 -95.6657
3156 -96.1867
3157 -96.4546
3158 -97.6641
3159 -97.928
3160 -97.2979
3161 -95.3864
3162 -96.3991
3163 -96.0776
3164 -98.4776
3165 -96.6414
3166 -97.0052
3167 -96.7524
3168 -95.7852
3169 -95.759
3170 -96.443
3171 -96.6294
3172 -96.3807
3173 -97.8968
3174 -95.7334
3175 -96.9954
3176 -97.2961
3177 -95.6608
3178 -95.7222
3179 -96.4867
3180 -97.6191
3181 -98.1634
3182 -97.7655
3183 -96.9394
3184 -98.0098
3185 -97.5298
3186 -97.7247
3187 -96.9185
3188 -96.9703
3189 -96.1686
3190 -97.4367
3191 -96.4174
3192 -97.7049
3193 -97.218
3194 -98.1505
3195 -96.443
3196 -97.8296
3197 -97.0316
3198 -96.7705
3199 -96.1426
3200 -95.9306
3201 -97.4322
3202 -95.9637
3203 -96.5136
3204 -96.945
3205 -97.2648
3206 -96.1821
3207 -96.5123
3208 -95.9927
3209 -95.8217
3210 -96.5604
3211 -98.8838
3212 -96.9837
3213 -98.0589
3214 -96.9904
3215 -97.1132
3216 -99.211
3217 -96.8002
3218 -96.6625
3219 -96.2857
3220 -97.0263
3221 -97.7672
3222 -96.9894
3223 -95.6356
3224 -97.4745
3225 -97.3946
3226 -95.6523
3227 -97.0683
3228 -96.4117
3229 -96.8102
3230 -95.6027
3231 -98.7206
3232 -97.0965
3233 -96.4568
3234 -96.4034
3235 -96.6138
3236 -98.3941
3237 -98.1705
3238 -95.6885
3239 -97.2782
3240 -97.2766
3241 -96.4496
3242 -96.6944
3243 -95.5518
3244 -95.7051
3245 -96.9223
3246 -96.5652
3247 -96.5019
3248 -97.2863
3249 -96.0259
3250 -96.3312
3251 -96.628
3252 -96.0884
3253 -95.857
3254 -97.0684
3255 -96.8138
3256 -97.4336
3257 -97.1229
3258 -97.0627
3259 -96.9975
3260 -96.4407
3261 -96.0832
3262 -97.8077
3263 -97.9851
3264 -96.1276
3265 -95.8396
3266 -96.6973
3267 -97.2989
3268 -97.1995
3269 -98.4746
3270 -98.8061
3271 -96.2748
3272 -96.6012
3273 -97.3862
3274 -98.5681
3275 -97.1108
3276 -96.9552
3277 -95.0993
3278 -97.5629
3279 -96.0747
3280 -96.373
3281 -95.7933
3282 -97.2894
3283 -97.0744
3284 -97.0516
3285 -96.5266
3286 -97.2233
3287 -97.7412
3288 -97.7584
3289 -98.4497
3290 -96.9306
3291 -97.5002
3292 -96.5848
3293 -95.7026
3294 -96.9595
3295 -96.1177
3296 -96.918
3297 -97.2704
3298 -97.5451
3299 -96.7747
3300 -97.9047
3301 -96.6049
3302 -98.3824
3303 -96.9698
3304 -97.0911
3305 -97.0519
3306 -97.0055
3307 -96.9672
3308 -96.4267
3309 -96.0149
3310 -96.4049
3311 -97.7102
3312 -98.0443
3313 -97.8657
3314 -97.3145
3315 -98.4135
3316 -95.6878
3317 -97.2494
3318 -97.9014
3319 -98.5973
3320 -96.8698
3321 -96.8673
3322 -98.2168
3323 -96.8562
3324 -98.1046
3325 -98.305
3326 -96.2396
3327 -97.5398
3328 -97.5477
3329 -96.3623
3330 -96.7582
3331 -96.8029
3332 -96.765
3333 -98.182
3334 -96.7685
3335 -98.5791
3336 -97.8374
3337 -98.1313
3338 -98.3022
3339 -97.2326
3340 -97.3858
3341 -98.552
3342 -96.7391
3343 -98.3509
3344 -98.2626
3345 -97.5433
3346 -97.0214
3347 -97.6449
3348 -96.5835
3349 -96.336
3350 -97.4017
3351 -98.115
3352 -97.459
3353 -99.4143
3354 -98.5324
3355 -96.9619
3356 -97.5411
3357 -97.4918
3358 -96.3028
3359 -97.3068
3360 -95.1295
3361 -98.3322
3362 -97.989
3363 -98.7757
3364 -97.495
3365 -96.6925
3366 -96.3936
3367 -97.2864
3368 -96.8612
3369 -96.073
3370 -97.2824
3371 -96.6154
3372 -98.002
3373 -97.3421
3374 -97.6239
3375 -97.9868
3376 -97.7587
3377 -95.8776
3378 -97.3712
3379 -97.6798
3380 -97.6834
3381 -96.7133
3382 -97.884
3383 -97.0346
3384 -98.0643
3385 -97.0108
3386 -95.6536
3387 -98.4198
3388 -98.2302
3389 -97.0523
3390 -96.909
3391 -97.5362
3392 -96.4631
3393 -98.4091
3394 -97.8984
3395 -97.9628
3396 -98.142
3397 -98.6582
3398 -97.7429
3399 -96.1034
