0 -102.073
1 -101.624
2 -102.184
3 -100.821
4 -100.398
5 -103.266
6 -102.619
7 -102.979
8 -101.752
9 -100.89
10 -102.168
11 -100.965
12 -102.438
13 -102.019
14 -101.044
15 -101.581
16 -103.379
17 -103.008
18 -101.989
19 -101.497
20 -103.58
21 -100.647
22 -101.057
23 -102.022
24 -102.196
25 -102.641
26 -102.002
27 -103.764
28 -103.25
29 -104.4
30 -104.167
31 -103.85
32 -105.579
33 -104.163
34 -105.3
35 -105.712
36 -106.524
37 -106.18
38 -107.162
39 -107.42
40 -107.71
41 -109.442
42 -107.445
43 -109.453
44 -111.422
45 -112.083
46 -112.296
47 -112.684
48 -111.589
49 -113.951
50 -113.835
51 -114.718
52 -115.722
53 -115.116
54 -116.641
55 -117.7
56 -116.77
57 -118.247
58 -119.432
59 -120.153
60 -118.793
61 -121.133
62 -122.13
63 -119.952
64 -122.849
65 -120.444
66 -121.365
67 -121.307
68 -122.536
69 -121.634
70 -122.445
71 -122.502
72 -121.621
73 -120.776
74 -120.521
75 -119.799
76 -119.648
77 -121.553
78 -120.945
79 -119.853
80 -119.152
81 -116.829
82 -116.293
83 -117.537
84 -117.062
85 -114.715
86 -115.653
87 -115.704
88 -115.846
89 -114.942
90 -113.26
91 -112.65
92 -113.65
93 -112.46
94 -112.404
95 -112.097
96 -110.503
97 -111.463
98 -111.782
99 -110.289
100 -109.907
101 -110.417
102 -109.981
103 -109.783
104 -110.269
105 -107.808
106 -109.599
107 -109.217
108 -107.878
109 -110.18
110 -111.214
111 -111.215
112 -110.144
113 -110.528
114 -110.028
115 -109.936
116 -109.839
117 -113.055
118 -113.502
119 -112.144
120 -111.615
121 -110.05
122 -111.185
123 -111.284
124 -110.439
125 -110.896
126 -110.629
127 -109.763
128 -109.802
129 -112.079
130 -110.297
131 -109.883
132 -110.99
133 -110.396
134 -108.997
135 -108.236
136 -108.981
137 -109.014
138 -109.025
139 -110.524
140 -108.136
141 -109.474
142 -107.774
143 -110.038
144 -109.116
145 -107.687
146 -106.818
147 -107.352
148 -108.279
149 -109.067
150 -108.107
151 -109.61
152 -111.769
153 -110.228
154 -110.996
155 -110.344
156 -110.768
157 -110.031
158 -110.623
159 -112.064
160 -110.362
161 -111.364
162 -109.548
163 -110.187
164 -110.712
165 -108.993
166 -111.793
167 -110.125
168 -110.219
169 -109.233
170 -109.458
171 -110.443
172 -111.662
173 -110.464
174 -108.565
175 -110.115
176 -109.029
177 -108.691
178 -107.705
179 -109.824
180 -107.756
181 -109.77
182 -109.421
183 -110.245
184 -109.199
185 -107.766
186 -107.662
187 -108.921
188 -108.546
189 -110.661
190 -110.936
191 -109.655
192 -111.127
193 -111.943
194 -110.706
195 -111.446
196 -110.635
197 -110.028
198 -110.487
199 -111.087
200 -112.077
201 -112.297
202 -112.188
203 -112.51
204 -110.894
205 -111.996
206 -110.247
207 -111.385
208 -110.201
209 -110.324
210 -110.127
211 -110.179
212 -111.346
213 -111.908
214 -109.471
215 -110.168
216 -110.56
217 -110.951
218 -108.916
219 -108.518
220 -110.539
221 -109.814
222 -110.376
223 -109.527
224 -109.187
225 -109.511
226 -109.371
227 -109.002
228 -109.783
229 -108.989
230 -109.707
231 -109.613
232 -110.089
233 -111.602
234 -111.342
235 -110.91
236 -113.165
237 -110.509
238 -111.664
239 -111.529
240 -112.033
241 -111.05
242 -113.551
243 -112.339
244 -110.516
245 -113.133
246 -113.164
247 -111.96
248 -112.322
249 -110.902
250 -110.774
251 -110.346
252 -110.868
253 -112.512
254 -111.911
255 -111.621
256 -111.771
257 -111.381
258 -111.057
259 -111.069
260 -110.683
261 -112.154
262 -110.493
263 -112.111
264 -110.339
265 -109.521
266 -111.713
267 -108.119
268 -109.417
269 -110.403
270 -108.971
271 -109.651
272 -113.199
273 -113.619
274 -111.478
275 -112.701
276 -112.392
277 -111.271
278 -111.761
279 -113.038
280 -111.277
281 -113.004
282 -113.275
283 -111.821
284 -113.939
285 -113.333
286 -112.41
287 -112.337
288 -111.125
289 -112.436
290 -113.035
291 -110.851
292 -112.725
293 -112.496
294 -113.604
295 -112.375
296 -112.893
297 -111.142
298 -110.576
299 -112.061
300 -112.121
301 -111.35
302 -110.855
303 -110.228
304 -110.824
305 -111.204
306 -110.244
307 -110.674
308 -109.344
309 -109.615
310 -109.659
311 -110.397
312 -110.859
313 -113.243
314 -112.054
315 -113.278
316 -112.727
317 -111.104
318 -111.937
319 -109.972
320 -112.655
321 -115.342
322 -113.183
323 -113.794
324 -112.458
325 -112.953
326 -112.384
327 -112.311
328 -112.055
329 -111.86
330 -111.672
331 -110.991
332 -112.54
333 -112.318
334 -112.234
335 -111.156
336 -111.992
337 -111.047
338 -111.854
339 -110.798
340 -111.187
341 -110.554
342 -111.696
343 -112.762
344 -113.529
345 -112.405
346 -112.304
347 -111.678
348 -109.396
349 -111.531
350 -109.873
351 -111.245
352 -112.899
353 -112.672
354 -112.958
355 -112.032
356 -112.373
357 -112.561
358 -111.025
359 -112.45
360 -112.11
361 -110.977
362 -113.629
363 -113.315
364 -112.29
365 -112.287
366 -112.648
367 -113.213
368 -113.638
369 -113.06
370 -111.817
371 -113.286
372 -113.261
373 -111.901
374 -111.974
375 -112.158
376 -112.025
377 -113.901
378 -112.864
379 -110.965
380 -110.168
381 -110.424
382 -111.494
383 -112.225
384 -112.898
385 -111.782
386 -110.957
387 -110.728
388 -111.512
389 -111.117
390 -109.882
391 -111.027
392 -111.407
393 -112.47
394 -112.004
395 -111.607
396 -112.577
397 -113.407
398 -113.148
399 -113.109
400 -112.495
401 -113.201
402 -113.502
403 -112.576
404 -113.112
405 -114.374
406 -114.276
407 -112.637
408 -111.398
409 -113.134
410 -112.816
411 -111.415
412 -113.498
413 -112.247
414 -111.966
415 -112.237
416 -112.732
417 -113.292
418 -111.972
419 -112.106
420 -111.561
421 -111.081
422 -111.965
423 -110.627
424 -111.211
425 -111.9
426 -111.358
427 -111.818
428 -110.523
429 -110.045
430 -110.003
431 -110.688
432 -112.194
433 -111.296
434 -112.714
435 -111.965
436 -110.991
437 -113.013
438 -112.567
439 -110.988
440 -111.049
441 -109.836
442 -110.004
443 -110.728
444 -110.319
445 -109.154
446 -109.511
447 -106.538
448 -108.437
449 -109.342
450 -108.721
451 -106.132
452 -106.2
453 -105.235
454 -105.586
455 -104.075
456 -104.138
457 -103.437
458 -103.259
459 -102.032
460 -99.4694
461 -98.8798
462 -97.9808
463 -97.7895
464 -98.7973
465 -97.0746
466 -95.6604
467 -97.5339
468 -98.0555
469 -96.7663
470 -96.8872
471 -95.9561
472 -95.1979
473 -97.7039
474 -97.7107
475 -96.7324
476 -96.5894
477 -97.1008
478 -96.4764
479 -96.3486
480 -97.5239
481 -97.7366
482 -96.8689
483 -98.4552
484 -97.882
485 -98.4575
486 -99.5961
487 -100.718
488 -99.1556
489 -99.1611
490 -100.603
491 -100.87
492 -103.459
493 -102.784
494 -102.508
495 -103.05
496 -104.201
497 -105.247
498 -105.866
499 -103.714
500 -103.698
501 -104.944
502 -104.232
503 -104.182
504 -105.897
505 -105.473
506 -104.621
507 -106.325
508 -105.852
509 -107.893
510 -107.246
511 -106.755
512 -105.705
513 -104.44
514 -107.991
515 -107.478
516 -107.958
517 -107.335
518 -107.976
519 -106.321
520 -107.116
521 -107.944
522 -105.977
523 -106.786
524 -106.972
525 -107.683
526 -107.637
527 -107.015
528 -107.94
529 -108.917
530 -107.473
531 -108.043
532 -108.991
533 -107.624
534 -108.962
535 -108.381
536 -108.288
537 -108.975
538 -107.861
539 -110.968
540 -108.587
541 -107.889
542 -109.104
543 -108.161
544 -108.708
545 -107.126
546 -108.548
547 -110.489
548 -107.917
549 -107.997
550 -108.246
551 -108.173
552 -109.128
553 -109.338
554 -108.169
555 -107.887
556 -107.734
557 -108.322
558 -107.878
559 -108.439
560 -108.19
561 -109.213
562 -105.713
563 -108.639
564 -107.2
565 -107.874
566 -106.406
567 -107.735
568 -106.78
569 -105.197
570 -104.88
571 -103.869
572 -103.278
573 -102.705
574 -102.188
575 -103.362
576 -101.751
577 -100.642
578 -101.368
579 -99.9755
580 -99.4646
581 -99.0328
582 -96.3342
583 -97.7405
584 -98.0276
585 -96.7009
586 -95.7599
587 -92.9935
588 -94.2638
589 -91.2912
590 -93.0784
591 -91.3699
592 -91.0304
593 -91.9595
594 -89.7685
595 -88.1775
596 -87.945
597 -87.882
598 -87.9202
599 -87.4837
600 -87.9497
601 -87.6478
602 -87.5599
603 -88.8122
604 -89.2241
605 -88.4113
606 -87.2703
607 -87.6305
608 -87.0281
609 -89.367
610 -89.4936
611 -90.7762
612 -90.5684
613 -91.6795
614 -91.1872
615 -91.0179
616 -92.7055
617 -92.5146
618 -95.0409
619 -94.0784
620 -95.0939
621 -94.9075
622 -95.5064
623 -95.9601
624 -97.612
625 -97.5993
626 -97.1542
627 -97.7608
628 -97.6703
629 -97.4385
630 -97.3497
631 -97.737
632 -99.3293
633 -100.377
634 -98.7145
635 -99.0109
636 -100.894
637 -99.1061
638 -98.7133
639 -100.163
640 -101.629
641 -100.522
642 -101.829
643 -102.079
644 -100.978
645 -99.9633
646 -100.266
647 -98.7719
648 -101.344
649 -99.74
650 -99.6248
651 -98.0886
652 -99.0477
653 -97.9584
654 -97.2845
655 -98.1937
656 -98.2987
657 -98.3785
658 -101.184
659 -102.414
660 -101.038
661 -103.124
662 -102.61
663 -102.525
664 -101.916
665 -102.677
666 -100.984
667 -101.193
668 -100.17
669 -101.738
670 -99.8788
671 -101.076
672 -101.44
673 -101.876
674 -102.76
675 -102.418
676 -101.368
677 -101.407
678 -101.34
679 -102.975
680 -102.217
681 -102.955
682 -101.99
683 -102.961
684 -102.282
685 -102.05
686 -102.698
687 -101.313
688 -100.609
689 -100.555
690 -101.281
691 -100.682
692 -99.7427
693 -99.6691
694 -100.232
695 -99.0883
696 -98.0686
697 -99.0073
698 -100.357
699 -100.81
700 -99.4165
701 -100.969
702 -102.952
703 -102.064
704 -102.702
705 -101.794
706 -103.628
707 -101.571
708 -102.834
709 -101.496
710 -102.033
711 -101.803
712 -100.941
713 -101.207
714 -101.422
715 -101.414
716 -101.975
717 -101.238
718 -101.13
719 -100.329
720 -100.954
721 -102.022
722 -101.186
723 -101.642
724 -101.596
725 -102.752
726 -102.303
727 -102.024
728 -101.61
729 -100.823
730 -100.784
731 -98.8481
732 -98.5476
733 -99.1526
734 -98.6871
735 -99.8131
736 -98.6187
737 -99.2696
738 -99.0843
739 -99.8615
740 -102.193
741 -102.011
742 -103.373
743 -102.7
744 -103.017
745 -102.411
746 -103.262
747 -102.378
748 -103.035
749 -99.8611
750 -100.655
751 -101.925
752 -100.513
753 -102.745
754 -101.605
755 -101.382
756 -101.675
757 -101.599
758 -101.977
759 -101.991
760 -99.9877
761 -100.446
762 -102.303
763 -102.644
764 -102.789
765 -102.952
766 -102.09
767 -101.359
768 -100.448
769 -101.478
770 -99.7559
771 -99.5241
772 -99.5044
773 -100.658
774 -98.8547
775 -100.047
776 -98.6709
777 -102.136
778 -100.78
779 -100.796
780 -100.021
781 -101.469
782 -101.142
783 -100.54
784 -102.541
785 -102.093
786 -101.648
787 -102.636
788 -101.301
789 -99.9048
790 -100.783
791 -99.3919
792 -100.596
793 -101.163
794 -100.154
795 -100.893
796 -101.639
797 -102.037
798 -101.561
799 -100.615
800 -101.187
801 -102.31
802 -102.123
803 -102.11
804 -101.768
805 -102.165
806 -101.847
807 -100.676
808 -100.732
809 -99.8767
810 -101.367
811 -98.2883
812 -99.2832
813 -97.2348
814 -100.475
815 -99.6718
816 -98.4826
817 -98.6618
818 -99.3814
819 -98.915
820 -98.7625
821 -99.3281
822 -99.5357
823 -101.476
824 -100.838
825 -102.408
826 -101.942
827 -100.106
828 -100.484
829 -99.7571
830 -99.5296
831 -100.483
832 -99.7153
833 -102.011
834 -102.192
835 -102.01
836 -101.644
837 -101.823
838 -100.534
839 -100.186
840 -101.16
841 -99.073
842 -100.803
843 -101.361
844 -101.809
845 -101.152
846 -102.712
847 -101.399
848 -100.159
849 -99.9739
850 -98.728
851 -98.1556
852 -99.1966
853 -98.0232
854 -99.1768
855 -97.7993
856 -96.4659
857 -97.4549
858 -97.7954
859 -98.9758
860 -99.4179
861 -98.7901
862 -98.3942
863 -99.3345
864 -101.051
865 -98.9589
866 -101.339
867 -100.009
868 -99.2335
869 -100.093
870 -99.7491
871 -99.3707
872 -101.688
873 -100.23
874 -102.292
875 -101.582
876 -100.261
877 -101.496
878 -102.217
879 -100.533
880 -98.4742
881 -100.381
882 -99.7206
883 -100.8
884 -101.554
885 -100.718
886 -100.835
887 -101.674
888 -100.273
889 -100.331
890 -99.7643
891 -98.2471
892 -97.8995
893 -98.2902
894 -97.9401
895 -99.123
896 -96.4954
897 -98.754
898 -96.5505
899 -97.5078
900 -98.2955
901 -97.6411
902 -98.8757
903 -98.7041
904 -100.495
905 -100.135
906 -99.3553
907 -98.8115
908 -99.9773
909 -102.115
910 -99.8096
911 -100.019
912 -98.9338
913 -99.4455
914 -99.0871
915 -99.1598
916 -98.9245
917 -100.515
918 -98.8287
919 -99.9184
920 -98.297
921 -100.578
922 -99.6191
923 -99.8257
924 -99.7399
925 -100.272
926 -100.623
927 -101.496
928 -100.473
929 -98.879
930 -96.2057
931 -98.2123
932 -99.341
933 -98.2277
934 -97.3612
935 -97.2735
936 -97.7648
937 -96.3532
938 -97.0221
939 -97.755
940 -97.261
941 -97.8685
942 -97.7598
943 -99.5918
944 -99.2479
945 -99.9103
946 -100.258
947 -99.5809
948 -99.6491
949 -99.3749
950 -99.4357
951 -99.5886
952 -99.6647
953 -98.3352
954 -98.458
955 -99.472
956 -100.007
957 -98.6511
958 -100.034
959 -98.7988
960 -99.3603
961 -100.081
962 -99.133
963 -100.316
964 -99.9204
965 -100.589
966 -100.478
967 -100.694
968 -100.41
969 -99.1549
970 -101.185
971 -98.8861
972 -98.9314
973 -98.4564
974 -99.5017
975 -100.337
976 -100.614
977 -100.711
978 -100.694
979 -99.302
980 -100.541
981 -101.961
982 -102.319
983 -103.767
984 -107.005
985 -105.854
986 -106.37
987 -106.043
988 -107.319
989 -108.048
990 -108.753
991 -108.051
992 -107.725
993 -110.122
994 -109.03
995 -109.676
996 -111.137
997 -111.94
998 -112.202
999 -113.452
1000 -113.454
1001 -115.688
1002 -113.459
1003 -113.435
1004 -112.861
1005 -115.261
1006 -114.147
1007 -112.606
1008 -113.582
1009 -113.2
1010 -112.628
1011 -112.939
1012 -113.353
1013 -112.254
1014 -111.674
1015 -112.48
1016 -112.508
1017 -111.454
1018 -110.444
1019 -112.436
1020 -109.748
1021 -109.984
1022 -111.063
1023 -109.74
1024 -109.773
1025 -109.022
1026 -109.204
1027 -109.153
1028 -106.634
1029 -105.05
1030 -106.03
1031 -107.652
1032 -105.604
1033 -104.172
1034 -104.338
1035 -105.591
1036 -104.648
1037 -104.159
1038 -103.265
1039 -103.694
1040 -104.015
1041 -104.646
1042 -103.51
1043 -103.489
1044 -102.981
1045 -103.723
1046 -102.377
1047 -102.592
1048 -103.451
1049 -101.765
1050 -103.581
1051 -102.427
1052 -102.318
1053 -102.734
1054 -103.009
1055 -103.146
1056 -103.071
1057 -100.982
1058 -102.2
1059 -101.511
1060 -102.362
1061 -102.026
1062 -102.195
1063 -101.46
1064 -103.336
1065 -100.324
1066 -102.774
1067 -101.617
1068 -102.022
1069 -102.051
1070 -101.418
1071 -101.871
1072 -101.293
1073 -102.052
1074 -101.916
1075 -101.535
1076 -101.503
1077 -102.957
1078 -102.57
1079 -101.229
1080 -102.456
1081 -102.094
1082 -101.561
1083 -101.006
1084 -99.3413
1085 -101.264
1086 -100.174
1087 -101.624
1088 -101.321
1089 -100.506
1090 -100.541
1091 -100.768
1092 -100.978
1093 -101.63
1094 -101.013
1095 -101.857
1096 -102.666
1097 -101.681
1098 -102.844
1099 -102.959
1100 -103.5
1101 -103.325
1102 -103.678
1103 -103.502
1104 -105.689
1105 -105.867
1106 -107.145
1107 -106.465
1108 -104.524
1109 -107.065
1110 -108.123
1111 -108.543
1112 -108.604
1113 -111.082
1114 -110.718
1115 -111.93
1116 -112.408
1117 -112.097
1118 -112.466
1119 -113.137
1120 -112.331
1121 -114.93
1122 -116.656
1123 -117.1
1124 -118.002
1125 -117.771
1126 -119.277
1127 -119.983
1128 -120.158
1129 -121.326
1130 -120.4
1131 -119.756
1132 -121.132
1133 -122.726
1134 -121.85
1135 -121.53
1136 -120.991
1137 -120.156
1138 -121.611
1139 -121.135
1140 -121.949
1141 -120.082
1142 -120.949
1143 -119.555
1144 -121.421
1145 -119.472
1146 -118.555
1147 -119.394
1148 -118.063
1149 -117.307
1150 -118.637
1151 -118.07
1152 -115.083
1153 -115.717
1154 -114.686
1155 -114.604
1156 -114.061
1157 -114.97
1158 -113.696
1159 -111.679
1160 -110.95
1161 -113.096
1162 -112.175
1163 -111.11
1164 -110.122
1165 -109.985
1166 -111.934
1167 -110.308
1168 -109.251
1169 -111.418
1170 -110.007
1171 -108.644
1172 -109.13
1173 -109.058
1174 -109.695
1175 -107.647
1176 -107.549
1177 -109.484
1178 -109.858
1179 -109.237
1180 -110.039
1181 -110.582
1182 -111.206
1183 -108.359
1184 -109.428
1185 -110.736
1186 -109.676
1187 -109.356
1188 -109.959
1189 -111.985
1190 -111.343
1191 -108.772
1192 -109.595
1193 -109.572
1194 -108.546
1195 -109.628
1196 -109.41
1197 -107.9
1198 -108.586
1199 -107.455
1200 -110.579
1201 -108.914
1202 -109.083
1203 -107.74
1204 -108.301
1205 -106.113
1206 -108.483
1207 -108.549
1208 -107.998
1209 -107.849
1210 -107.094
1211 -107.306
1212 -109.295
1213 -107.727
1214 -107.066
1215 -106.688
1216 -108.475
1217 -108.308
1218 -108.063
1219 -110.321
1220 -109.943
1221 -110.024
1222 -109.139
1223 -109.535
1224 -111.699
1225 -109.355
1226 -108.385
1227 -108.534
1228 -108.442
1229 -109.775
1230 -109.369
1231 -110.35
1232 -109.046
1233 -109.601
1234 -109.668
1235 -107.119
1236 -107.811
1237 -109.347
1238 -108.813
1239 -110.396
1240 -108.823
1241 -109.278
1242 -108.835
1243 -110.336
1244 -109.03
1245 -107.746
1246 -107.322
1247 -107.006
1248 -107.889
1249 -108.733
1250 -107.077
1251 -108.249
1252 -108.505
1253 -108.154
1254 -107.842
1255 -107.77
1256 -108.355
1257 -105.556
1258 -109.15
1259 -110.039
1260 -110.308
1261 -111.19
1262 -110.459
1263 -110.331
1264 -110.953
1265 -111.18
1266 -109.95
1267 -109.684
1268 -110.418
1269 -111.703
1270 -111.309
1271 -111.266
1272 -110.838
1273 -109.744
1274 -109.241
1275 -110.529
1276 -110.616
1277 -109.257
1278 -109.878
1279 -108.459
1280 -110.306
1281 -110.649
1282 -109.519
1283 -110.009
1284 -110.879
1285 -107.873
1286 -107.942
1287 -109.587
1288 -108.821
1289 -108.674
1290 -109.334
1291 -109.325
1292 -108.552
1293 -108.009
1294 -108.376
1295 -108.312
1296 -108.361
1297 -109.302
1298 -109.723
1299 -109.165
1300 -110.463
1301 -108.989
1302 -111.987
1303 -112.075
1304 -111.022
1305 -111.258
1306 -110.981
1307 -109.001
1308 -111.611
1309 -112.171
1310 -112.23
1311 -112.246
1312 -113.056
1313 -112.735
1314 -111.211
1315 -110.019
1316 -110.589
1317 -110.434
1318 -110.537
1319 -110.911
1320 -110.267
1321 -112.456
1322 -112.023
1323 -110.718
1324 -110.697
1325 -111.272
1326 -109.612
1327 -110.372
1328 -111.178
1329 -109.439
1330 -109.554
1331 -109.473
1332 -110.886
1333 -111.334
1334 -109.981
1335 -108.1
1336 -109.437
1337 -110.028
1338 -108.47
1339 -111.889
1340 -110.501
1341 -112.155
1342 -112.431
1343 -110.317
1344 -112.572
1345 -111.339
1346 -111.721
1347 -111.334
1348 -112.121
1349 -111.839
1350 -112.817
1351 -112.127
1352 -112.074
1353 -112.201
1354 -110.939
1355 -110.834
1356 -111.322
1357 -111.971
1358 -111.565
1359 -112.308
1360 -111.616
1361 -111.389
1362 -112.577
1363 -110.064
1364 -111.087
1365 -108.107
1366 -112.196
1367 -110.356
1368 -109.415
1369 -110.485
1370 -109.819
1371 -111.827
1372 -111.498
1373 -111.573
1374 -111.234
1375 -109.875
1376 -109.404
1377 -109.398
1378 -109.75
1379 -109.417
1380 -109.66
1381 -112.251
1382 -112.661
1383 -113.289
1384 -112.227
1385 -111.251
1386 -111.708
1387 -113.064
1388 -111.84
1389 -111.904
1390 -113.433
1391 -112.623
1392 -112.326
1393 -112.362
1394 -111.06
1395 -113.254
1396 -113.687
1397 -112.234
1398 -111.04
1399 -112.471
1400 -111.894
1401 -111.956
1402 -113.151
1403 -112.445
1404 -111.192
1405 -112.951
1406 -111.278
1407 -110.665
1408 -111.578
1409 -111.188
1410 -110.889
1411 -112.097
1412 -111.18
1413 -110.535
1414 -110.293
1415 -110.044
1416 -109.595
1417 -108.654
1418 -109.91
1419 -110.232
1420 -110.872
1421 -109.522
1422 -111.809
1423 -110.07
1424 -111.73
1425 -112.523
1426 -111.616
1427 -112.694
1428 -112.8
1429 -111.39
1430 -112.246
1431 -112.71
1432 -113.521
1433 -112.158
1434 -112.813
1435 -113.784
1436 -113.892
1437 -111.698
1438 -113.735
1439 -110.159
1440 -111.756
1441 -111.63
1442 -110.866
1443 -111.628
1444 -112.429
1445 -112.023
1446 -111.388
1447 -109.694
1448 -110.597
1449 -110.454
1450 -111.235
1451 -111.597
1452 -112.677
1453 -110.456
1454 -110.902
1455 -109.788
1456 -111.214
1457 -109.259
1458 -109.799
1459 -110.537
1460 -110.749
1461 -110.595
1462 -111.818
1463 -112.076
1464 -111.386
1465 -113.091
1466 -111.214
1467 -113.03
1468 -113.904
1469 -110.927
1470 -111.394
1471 -111.316
1472 -113.42
1473 -112.902
1474 -113.202
1475 -113.495
1476 -113.095
1477 -111.614
1478 -113.342
1479 -111.748
1480 -110.232
1481 -111.24
1482 -110.641
1483 -112.874
1484 -111.343
1485 -113.668
1486 -112.331
1487 -110.398
1488 -111.197
1489 -109.492
1490 -111.006
1491 -112.482
1492 -109.9
1493 -113.023
1494 -111.074
1495 -110.482
1496 -110.274
1497 -111.172
1498 -109.793
1499 -108.718
1500 -111.088
1501 -109.611
1502 -111.705
1503 -112.085
1504 -111.231
1505 -111.63
1506 -110.969
1507 -111.302
1508 -109.54
1509 -109.905
1510 -109.632
1511 -110.169
1512 -110.554
1513 -109.311
1514 -109.09
1515 -109.144
1516 -107.784
1517 -108.309
1518 -107.77
1519 -105.977
1520 -106.793
1521 -104.547
1522 -104.337
1523 -104.26
1524 -104.295
1525 -102.676
1526 -103.382
1527 -101.459
1528 -99.6551
1529 -99.533
1530 -99.4777
1531 -97.8586
1532 -98.0874
1533 -97.3519
1534 -96.3034
1535 -95.7475
1536 -96.9467
1537 -93.154
1538 -96.5082
1539 -94.7988
1540 -96.1629
1541 -96.9271
1542 -96.0794
1543 -97.683
1544 -96.1513
1545 -96.4099
1546 -97.5142
1547 -95.9644
1548 -96.7737
1549 -97.589
1550 -97.7161
1551 -98.4626
1552 -98.1899
1553 -98.6601
1554 -99.6117
1555 -99.7649
1556 -101.06
1557 -99.5805
1558 -101.972
1559 -101.316
1560 -101.925
1561 -101.876
1562 -102.851
1563 -102.693
1564 -105.181
1565 -103.962
1566 -105.075
1567 -104.296
1568 -104.195
1569 -105.494
1570 -105.19
1571 -105.093
1572 -103.759
1573 -104.124
1574 -105.015
1575 -107.04
1576 -107.218
1577 -106.841
1578 -106.586
1579 -107.154
1580 -106.817
1581 -106.821
1582 -104.896
1583 -105.422
1584 -106.152
1585 -106.657
1586 -106.927
1587 -107.824
1588 -107.253
1589 -108.388
1590 -107.06
1591 -106.856
1592 -107.795
1593 -108.084
1594 -106.338
1595 -106.22
1596 -107.56
1597 -108.734
1598 -108.087
1599 -106.648
1600 -108.588
1601 -105.71
1602 -107.049
1603 -105.837
1604 -107.677
1605 -109.232
1606 -108.376
1607 -108.016
1608 -108.247
1609 -108.882
1610 -108.577
1611 -107.768
1612 -108.039
1613 -107.868
1614 -108.298
1615 -108.632
1616 -107.785
1617 -107.431
1618 -106.863
1619 -108.76
1620 -107.192
1621 -108.639
1622 -108.311
1623 -109.893
1624 -108.456
1625 -106.63
1626 -108.061
1627 -108.788
1628 -107.05
1629 -108.589
1630 -108.263
1631 -108.582
1632 -106.35
1633 -106.318
1634 -107.956
1635 -106.036
1636 -106.72
1637 -105.147
1638 -104.687
1639 -102.426
1640 -102.823
1641 -101.9
1642 -102.678
1643 -100.745
1644 -101.369
1645 -99.8479
1646 -98.8347
1647 -99.4156
1648 -98.0923
1649 -98.7482
1650 -98.669
1651 -97.5523
1652 -97.6136
1653 -98.7447
1654 -95.9648
1655 -96.7395
1656 -93.7486
1657 -93.2119
1658 -92.0962
1659 -90.446
1660 -91.3373
1661 -91.3196
1662 -90.8854
1663 -91.3162
1664 -89.0771
1665 -86.2148
1666 -87.7702
1667 -86.6309
1668 -86.8164
1669 -86.7438
1670 -87.8267
1671 -88.6754
1672 -86.7497
1673 -88.2139
1674 -87.3455
1675 -86.7472
1676 -88.2746
1677 -87.3898
1678 -88.6616
1679 -89.3153
1680 -90.3236
1681 -90.4952
1682 -91.9128
1683 -90.6745
1684 -92.8679
1685 -93.1828
1686 -93.8511
1687 -93.2188
1688 -94.3551
1689 -94.5196
1690 -97.0487
1691 -95.7416
1692 -98.4008
1693 -96.4056
1694 -97.6438
1695 -96.4448
1696 -99.0938
1697 -97.5504
1698 -98.9254
1699 -98.1574
1700 -98.6792
1701 -100.791
1702 -99.0826
1703 -99.7124
1704 -99.3093
1705 -98.6599
1706 -99.2532
1707 -99.7529
1708 -100.355
1709 -99.9187
1710 -101.114
1711 -101.979
1712 -99.6629
1713 -100.223
1714 -100.562
1715 -100.301
1716 -100.045
1717 -100.592
1718 -98.9261
1719 -99.9071
1720 -99.8279
1721 -98.2286
1722 -97.8185
1723 -98.5628
1724 -98.8402
1725 -97.0612
1726 -100.142
1727 -99.885
1728 -101.004
1729 -102.109
1730 -102.196
1731 -102.337
1732 -102.797
1733 -101.114
1734 -102.206
1735 -101.584
1736 -102.161
1737 -100.193
1738 -100.579
1739 -102.079
1740 -100.719
1741 -100.526
1742 -101.389
1743 -101.409
1744 -101.24
1745 -101.365
1746 -101.626
1747 -101.176
1748 -100.803
1749 -104.903
1750 -102.623
1751 -102.202
1752 -101.24
1753 -102.464
1754 -102.418
1755 -101.763
1756 -100.726
1757 -100.354
1758 -99.4319
1759 -99.9459
1760 -99.7432
1761 -99.167
1762 -98.8852
1763 -101.506
1764 -99.8057
1765 -101.02
1766 -100.739
1767 -100.894
1768 -101.333
1769 -101.639
1770 -102.199
1771 -101.84
1772 -102.213
1773 -102.408
1774 -102.973
1775 -102.567
1776 -103.198
1777 -101.199
1778 -102.487
1779 -102.293
1780 -101.39
1781 -103.164
1782 -102.656
1783 -102.422
1784 -101.182
1785 -102.229
1786 -101.461
1787 -101.123
1788 -101.626
1789 -101.227
1790 -102.383
1791 -103.404
1792 -102.32
1793 -102.774
1794 -101.692
1795 -102.238
1796 -100.241
1797 -99.6933
1798 -101.483
1799 -99.0392
1800 -98.9723
1801 -99.758
1802 -99.527
1803 -100.512
1804 -99.1445
1805 -99.2469
1806 -100.391
1807 -99.6439
1808 -101.085
1809 -101.593
1810 -101.623
1811 -101.639
1812 -101.529
1813 -101.419
1814 -102.511
1815 -101.555
1816 -102.626
1817 -100.776
1818 -101.039
1819 -101.534
1820 -101.292
1821 -101.172
1822 -102.656
1823 -103.269
1824 -103.05
1825 -101.379
1826 -101.255
1827 -100.833
1828 -101.873
1829 -102.318
1830 -102.318
1831 -101.172
1832 -103.628
1833 -103.102
1834 -102.245
1835 -102.68
1836 -100.082
1837 -101.542
1838 -100.819
1839 -99.2874
1840 -100.682
1841 -99.3479
1842 -99.3475
1843 -100.509
1844 -100.406
1845 -99.5796
1846 -99.1921
1847 -98.3935
1848 -98.4713
1849 -101.409
1850 -101.508
1851 -100.4
1852 -102.586
1853 -101.905
1854 -100.031
1855 -102.348
1856 -100.524
1857 -102.874
1858 -101.036
1859 -101.031
1860 -101.221
1861 -101.062
1862 -99.4659
1863 -102.915
1864 -100.389
1865 -102.712
1866 -100.349
1867 -102.158
1868 -100.08
1869 -100.204
1870 -101.604
1871 -102.728
1872 -101.948
1873 -103.211
1874 -101.841
1875 -100.809
1876 -100.99
1877 -98.9818
1878 -99.998
1879 -99.8033
1880 -99.8086
1881 -99.2565
1882 -100.495
1883 -99.6511
1884 -99.6513
1885 -98.2698
1886 -99.5365
1887 -98.9092
1888 -98.7924
1889 -100.692
1890 -100.579
1891 -100.913
1892 -102.664
1893 -100.769
1894 -101.875
1895 -102.257
1896 -101.781
1897 -101.089
1898 -100.691
1899 -102.078
1900 -101.565
1901 -99.5727
1902 -101.288
1903 -102.099
1904 -101.066
1905 -100.846
1906 -101.648
1907 -101.616
1908 -99.9422
1909 -100.559
1910 -100.881
1911 -101.355
1912 -101.338
1913 -102.239
1914 -101.12
1915 -100.833
1916 -100.721
1917 -99.9017
1918 -99.2317
1919 -98.4251
1920 -97.6479
1921 -98.5692
1922 -99.5215
1923 -97.8043
1924 -98.6233
1925 -97.5644
1926 -98.3771
1927 -98.4088
1928 -98.6313
1929 -98.6716
1930 -100.007
1931 -99.2172
1932 -100.491
1933 -99.4562
1934 -100.299
1935 -101.318
1936 -100.878
1937 -101.188
1938 -100.505
1939 -101.323
1940 -99.7274
1941 -101.162
1942 -100.387
1943 -99.9717
1944 -100.413
1945 -101.125
1946 -100.844
1947 -100.008
1948 -99.8643
1949 -99.0708
1950 -99.0089
1951 -101.856
1952 -101.047
1953 -100.842
1954 -101.334
1955 -100.383
1956 -99.6551
1957 -99.3241
1958 -97.6819
1959 -98.8955
1960 -98.2178
1961 -99.1476
1962 -97.8883
1963 -97.2659
1964 -98.3365
1965 -98.3416
1966 -98.0068
1967 -98.7341
1968 -97.5813
1969 -98.826
1970 -99.167
1971 -98.7895
1972 -98.9719
1973 -100.814
1974 -100.159
1975 -100.656
1976 -100.6
1977 -100.076
1978 -99.6333
1979 -99.9077
1980 -100.112
1981 -99.4189
1982 -99.3933
1983 -99.0326
1984 -100.478
1985 -100.051
1986 -99.255
1987 -100.359
1988 -99.843
1989 -98.7489
1990 -100.187
1991 -99.4624
1992 -100.283
1993 -99.889
1994 -100.934
1995 -101.914
1996 -100.645
1997 -100.59
1998 -98.7003
1999 -99.3291
2000 -98.5257
2001 -99.1908
2002 -96.5888
2003 -97.1418
2004 -98.1523
2005 -97.5333
2006 -97.8934
2007 -99.6401
2008 -96.8479
2009 -95.6147
2010 -98.5754
2011 -98.9865
2012 -100.041
2013 -99.6318
2014 -100.046
2015 -99.6835
2016 -98.4829
2017 -99.5233
2018 -98.6932
2019 -99.8781
2020 -100.751
2021 -98.0466
2022 -99.4762
2023 -98.4974
2024 -98.617
2025 -99.1733
2026 -100.386
2027 -98.0514
2028 -99.4132
2029 -99.0202
2030 -100.044
2031 -99.9286
2032 -99.6099
2033 -99.4907
2034 -101.787
2035 -99.5827
2036 -99.7706
2037 -100.588
2038 -99.757
2039 -98.8945
2040 -98.7278
2041 -100.423
2042 -100.253
2043 -99.3133
2044 -97.4024
2045 -99.6435
2046 -101.024
2047 -100.201
2048 -99.5938
2049 -101.47
2050 -102.788
2051 -104.641
2052 -104.055
2053 -105.151
2054 -106.464
2055 -107.109
2056 -108.655
2057 -108.261
2058 -109.282
2059 -106.304
2060 -108.195
2061 -108.473
2062 -109.921
2063 -108.795
2064 -110.97
2065 -112.684
2066 -113.177
2067 -112.115
2068 -114.804
2069 -112.693
2070 -113.67
2071 -115.202
2072 -113.087
2073 -114.375
2074 -113.916
2075 -114.386
2076 -114.575
2077 -113.828
2078 -113.617
2079 -113.956
2080 -113.999
2081 -113.081
2082 -111.048
2083 -111.576
2084 -112.318
2085 -113.76
2086 -111.367
2087 -111.569
2088 -110.361
2089 -108.334
2090 -110.87
2091 -109.839
2092 -109.253
2093 -107.895
2094 -107.746
2095 -106.861
2096 -106.826
2097 -107.136
2098 -107.015
2099 -105.955
2100 -105.596
2101 -106.903
2102 -105.062
2103 -105.028
2104 -105.575
2105 -105.253
2106 -104.38
2107 -103.047
2108 -104.278
2109 -103.352
2110 -104.855
2111 -102.797
2112 -102.747
2113 -104.459
2114 -103.612
2115 -102.97
2116 -103.711
2117 -103.838
2118 -102.653
2119 -102.869
2120 -102.128
2121 -102.228
2122 -102.598
2123 -103.676
2124 -102.647
2125 -101.377
2126 -102.742
2127 -102.995
2128 -102.881
2129 -100.71
2130 -101.773
2131 -101.337
2132 -103.261
2133 -103.496
2134 -102.111
2135 -101.284
2136 -103.514
2137 -103.119
2138 -102.275
2139 -101.294
2140 -101.533
2141 -100.636
2142 -101.408
2143 -102.406
2144 -101.02
2145 -101.627
2146 -101.738
2147 -101.925
2148 -101.197
2149 -102.682
2150 -100.061
2151 -101.928
2152 -101.043
2153 -101.894
2154 -101.052
2155 -102.292
2156 -101.595
2157 -100.132
2158 -102.347
2159 -101.963
2160 -101.837
2161 -101.428
2162 -100.957
2163 -102.079
2164 -101.159
2165 -101.024
2166 -103.34
2167 -103.401
2168 -103.154
2169 -103.113
2170 -103.516
2171 -102.816
2172 -105.641
2173 -104.883
2174 -106.923
2175 -106.942
2176 -108.531
2177 -107.804
2178 -107.208
2179 -109.54
2180 -108.361
2181 -110.534
2182 -111.812
2183 -111.121
2184 -111.245
2185 -110.762
2186 -114.211
2187 -113.749
2188 -112.467
2189 -114.22
2190 -115.346
2191 -115.427
2192 -117.306
2193 -116.454
2194 -118.692
2195 -118.35
2196 -119.824
2197 -120.6
2198 -120.641
2199 -120.625
2200 -121.473
2201 -122.219
2202 -121.774
2203 -121.522
2204 -121.459
2205 -121.118
2206 -122.467
2207 -120.549
2208 -120.715
2209 -121.162
2210 -119.103
2211 -119.975
2212 -122.069
2213 -118.679
2214 -119.33
2215 -118.377
2216 -117.889
2217 -117.991
2218 -116.218
2219 -118.662
2220 -115.086
2221 -116.466
2222 -115.692
2223 -115.114
2224 -114.202
2225 -115.025
2226 -114.093
2227 -112.404
2228 -112.042
2229 -112.138
2230 -111.511
2231 -110.461
2232 -110.116
2233 -110.007
2234 -110.002
2235 -111.521
2236 -110.279
2237 -110.636
2238 -108.78
2239 -108.28
2240 -108.92
2241 -110.1
2242 -109.182
2243 -107.818
2244 -107.122
2245 -109.251
2246 -109.229
2247 -108.566
2248 -109.969
2249 -111.594
2250 -111.443
2251 -110.931
2252 -109.133
2253 -111.066
2254 -108.527
2255 -109.108
2256 -110.113
2257 -110.317
2258 -110.309
2259 -108.949
2260 -111.666
2261 -109.603
2262 -108.964
2263 -107.736
2264 -109.545
2265 -108.347
2266 -109.318
2267 -109.64
2268 -110.285
2269 -109.581
2270 -109.626
2271 -109.245
2272 -107.549
2273 -108.094
2274 -106.582
2275 -108.106
2276 -109.096
2277 -108.463
2278 -107.951
2279 -108.941
2280 -108.73
2281 -107.152
2282 -107.291
2283 -106.043
2284 -106.789
2285 -107.447
2286 -108.031
2287 -109.017
2288 -109.481
2289 -109.795
2290 -110.226
2291 -108.88
2292 -109.617
2293 -108.836
2294 -109.548
2295 -109.746
2296 -109.996
2297 -110.286
2298 -110.738
2299 -111.182
2300 -108.443
2301 -109.531
2302 -110.131
2303 -110.311
2304 -109.882
2305 -108.692
2306 -108.969
2307 -110.077
2308 -110.029
2309 -110.529
2310 -109.086
2311 -109.55
2312 -109.222
2313 -107.751
2314 -107.212
2315 -106.44
2316 -108.175
2317 -107.95
2318 -108.815
2319 -108.762
2320 -106.691
2321 -108.528
2322 -108.762
2323 -108.571
2324 -108.808
2325 -107.253
2326 -107.44
2327 -108.512
2328 -110.497
2329 -109.8
2330 -111.011
2331 -109.035
2332 -110.214
2333 -109.718
2334 -109.712
2335 -110.282
2336 -110.999
2337 -111.038
2338 -108.052
2339 -110.207
2340 -108.991
2341 -110.17
2342 -112.028
2343 -109.287
2344 -108.886
2345 -109.019
2346 -110.155
2347 -108.803
2348 -109.076
2349 -109.792
2350 -111.157
2351 -109.131
2352 -109.046
2353 -109.96
2354 -108.115
2355 -109.167
2356 -108.881
2357 -108.183
2358 -109.113
2359 -108.642
2360 -109.132
2361 -108.604
2362 -109.716
2363 -108.243
2364 -106.914
2365 -106.816
2366 -109.071
2367 -109.389
2368 -109.719
2369 -111.146
2370 -111.07
2371 -110.905
2372 -111.669
2373 -110.067
2374 -110.379
2375 -111.212
2376 -110.772
2377 -111.807
2378 -111.207
2379 -111.416
2380 -109.825
2381 -111.541
2382 -110.922
2383 -110.44
2384 -110.907
2385 -110.475
2386 -109.381
2387 -110.437
2388 -109.938
2389 -110.775
2390 -108.784
2391 -110.249
2392 -111.415
2393 -110.042
2394 -110.764
2395 -107.687
2396 -109.26
2397 -109.566
2398 -110.15
2399 -108.994
2400 -110.574
2401 -109.851
2402 -109.666
2403 -109.154
2404 -109.35
2405 -107.294
2406 -109.315
2407 -110.136
2408 -110.672
2409 -110.836
2410 -111.216
2411 -111.697
2412 -111.666
2413 -111.682
2414 -110.798
2415 -111.37
2416 -111.14
2417 -111.016
2418 -112.198
2419 -112.17
2420 -112.782
2421 -112.879
2422 -111.227
2423 -111.93
2424 -111.097
2425 -111.371
2426 -110.55
2427 -111.247
2428 -110.971
2429 -110.567
2430 -110.731
2431 -112.115
2432 -111.078
2433 -111.165
2434 -109.168
2435 -109.656
2436 -109.769
2437 -109.569
2438 -111.505
2439 -109.805
2440 -111.145
2441 -109.569
2442 -112.064
2443 -110.994
2444 -110.282
2445 -109.297
2446 -109.377
2447 -110.095
2448 -111.276
2449 -112.355
2450 -110.95
2451 -112.928
2452 -113.143
2453 -111.739
2454 -111.141
2455 -111.29
2456 -111.951
2457 -110.937
2458 -112.541
2459 -113.763
2460 -114.076
2461 -113.414
2462 -113.41
2463 -111.574
2464 -111.909
2465 -110.744
2466 -110.93
2467 -110.681
2468 -110.488
2469 -110.19
2470 -111.893
2471 -111.899
2472 -111.277
2473 -111.101
2474 -110.923
2475 -111.766
2476 -111.043
2477 -111.389
2478 -112.12
2479 -112.329
2480 -109.808
2481 -110.747
2482 -111.569
2483 -112.496
2484 -109.279
2485 -110.217
2486 -109.3
2487 -108.603
2488 -110.402
2489 -111.371
2490 -111.453
2491 -112.713
2492 -112.544
2493 -112.101
2494 -113.923
2495 -111.161
2496 -111.91
2497 -110.883
2498 -111.867
2499 -111.949
2500 -113.716
2501 -112.581
2502 -113.606
2503 -111.373
2504 -111.991
2505 -112.272
2506 -112.239
2507 -111.531
2508 -111.532
2509 -111.141
2510 -110.061
2511 -111.352
2512 -112.298
2513 -111.199
2514 -111.824
2515 -111.944
2516 -110.801
2517 -110.044
2518 -110.653
2519 -110.147
2520 -110.873
2521 -110.583
2522 -111.667
2523 -109.187
2524 -109.669
2525 -110.459
2526 -110.25
2527 -110.196
2528 -110.757
2529 -110.718
2530 -111.225
2531 -112.155
2532 -113.362
2533 -112.749
2534 -112.329
2535 -111.222
2536 -113.132
2537 -111.635
2538 -112.064
2539 -112.272
2540 -113.472
2541 -112.266
2542 -112.541
2543 -113.188
2544 -114.764
2545 -113.081
2546 -112.238
2547 -111.758
2548 -110.907
2549 -111.322
2550 -112.185
2551 -111.178
2552 -112.604
2553 -111.89
2554 -109.132
2555 -110.512
2556 -110.208
2557 -110.254
2558 -109.457
2559 -110.982
2560 -110.554
2561 -111.439
2562 -112.009
2563 -111.652
2564 -109.599
2565 -110.212
2566 -109.753
2567 -110.446
2568 -109.856
2569 -110.635
2570 -111.595
2571 -113.257
2572 -111.944
2573 -111.498
2574 -110.749
2575 -112.365
2576 -111.106
2577 -110.304
2578 -110.115
2579 -110.459
2580 -109.327
2581 -110.566
2582 -108.231
2583 -108.301
2584 -108.297
2585 -107.756
2586 -107.213
2587 -106.905
2588 -104.496
2589 -106.701
2590 -104.695
2591 -103.782
2592 -104.9
2593 -104.604
2594 -103.086
2595 -101.263
2596 -101.092
2597 -99.8467
2598 -98.929
2599 -98.8624
2600 -96.7767
2601 -97.3461
2602 -97.28
2603 -96.4
2604 -95.6876
2605 -96.6727
2606 -95.9509
2607 -95.1871
2608 -95.9977
2609 -96.3114
2610 -96.0397
2611 -95.7441
2612 -94.9507
2613 -95.6667
2614 -96.7917
2615 -96.0095
2616 -96.3382
2617 -96.7175
2618 -97.0363
2619 -98.2801
2620 -97.446
2621 -99.5971
2622 -98.5421
2623 -99.893
2624 -98.8902
2625 -98.3119
2626 -101.215
2627 -101.467
2628 -102.373
2629 -100.042
2630 -103.154
2631 -102.514
2632 -104.115
2633 -103.885
2634 -104.774
2635 -104.158
2636 -102.961
2637 -106.852
2638 -104.887
2639 -104.176
2640 -103.988
2641 -105.589
2642 -106.604
2643 -103.407
2644 -105.951
2645 -105.402
2646 -107.294
2647 -107.3
2648 -106.47
2649 -106.883
2650 -107.471
2651 -106.048
2652 -105.209
2653 -108.923
2654 -107.486
2655 -108.143
2656 -106.449
2657 -107.934
2658 -106.654
2659 -107.589
2660 -108.075
2661 -108.399
2662 -107.236
2663 -108.384
2664 -106.769
2665 -107.927
2666 -108.728
2667 -107.538
2668 -107.289
2669 -106.359
2670 -105.852
2671 -106.904
2672 -108.29
2673 -107.367
2674 -107.839
2675 -107.403
2676 -108.313
2677 -108.145
2678 -108.352
2679 -108.286
2680 -108.09
2681 -108.923
2682 -108.89
2683 -107.37
2684 -107.657
2685 -108.466
2686 -106.403
2687 -108.751
2688 -109.255
2689 -108.558
2690 -108.62
2691 -108.132
2692 -108.419
2693 -107.686
2694 -107.725
2695 -107.873
2696 -108.52
2697 -108.681
2698 -107.087
2699 -109.361
2700 -107.967
2701 -106.857
2702 -106.293
2703 -106.059
2704 -107.363
2705 -104.834
2706 -104.783
2707 -103.725
2708 -103.08
2709 -102.305
2710 -103.096
2711 -102.499
2712 -102.208
2713 -100.255
2714 -100.582
2715 -99.6858
2716 -98.5503
2717 -99.0923
2718 -96.9344
2719 -96.9168
2720 -97.0709
2721 -95.2935
2722 -94.8359
2723 -94.9155
2724 -94.2307
2725 -92.8275
2726 -93.2132
2727 -92.8235
2728 -91.2496
2729 -90.5934
2730 -89.8508
2731 -89.5124
2732 -89.4727
2733 -89.5334
2734 -87.9695
2735 -87.0777
2736 -87.4119
2737 -87.5759
2738 -87.8409
2739 -86.869
2740 -88.2315
2741 -88.2648
2742 -88.5592
2743 -87.6257
2744 -87.79
2745 -88.8538
2746 -87.9965
2747 -89.5545
2748 -89.4995
2749 -89.0592
2750 -92.3321
2751 -91.9756
2752 -93.7649
2753 -92.5752
2754 -93.4103
2755 -91.8406
2756 -94.2454
2757 -94.1637
2758 -96.9775
2759 -97.4313
2760 -97.6573
2761 -96.1756
2762 -96.506
2763 -97.9172
2764 -97.4142
2765 -100.116
2766 -98.6397
2767 -99.5299
2768 -99.6618
2769 -100.072
2770 -100.08
2771 -98.9929
2772 -99.8316
2773 -100.399
2774 -98.7216
2775 -100.5
2776 -100.128
2777 -100.757
2778 -100.251
2779 -101.279
2780 -102.093
2781 -101.326
2782 -100.181
2783 -99.4236
2784 -101.112
2785 -99.2268
2786 -98.2076
2787 -98.9722
2788 -99.4585
2789 -100.977
2790 -98.2013
2791 -99.2644
2792 -98.9966
2793 -99.5332
2794 -100.65
2795 -100.415
2796 -102.393
2797 -100.962
2798 -101.316
2799 -102.158
2800 -102.59
2801 -102.143
2802 -101.371
2803 -101.048
2804 -102.075
2805 -100.893
2806 -100.986
2807 -101.352
2808 -102.533
2809 -103.86
2810 -103.04
2811 -103.03
2812 -101.969
2813 -100.387
2814 -100.719
2815 -100.076
2816 -100.943
2817 -102.386
2818 -102.153
2819 -104.384
2820 -103.215
2821 -103.679
2822 -102.713
2823 -100.592
2824 -100.912
2825 -100.046
2826 -99.057
2827 -100.335
2828 -100.005
2829 -99.5207
2830 -99.4343
2831 -100.199
2832 -100.569
2833 -98.728
2834 -99.7179
2835 -99.8239
2836 -102.265
2837 -101.338
2838 -102.704
2839 -102.132
2840 -101.225
2841 -102.878
2842 -100.529
2843 -101.599
2844 -103.224
2845 -101.45
2846 -101.004
2847 -102.147
2848 -102.836
2849 -101.612
2850 -103.123
2851 -102.754
2852 -102.857
2853 -101.285
2854 -101.352
2855 -100.978
2856 -101.49
2857 -101.066
2858 -102.633
2859 -103.067
2860 -103.034
2861 -101.877
2862 -102.406
2863 -101.953
2864 -100.952
2865 -101.431
2866 -99.5309
2867 -99.096
2868 -99.0061
2869 -99.1084
2870 -100.694
2871 -98.7575
2872 -100.045
2873 -99.9311
2874 -99.0244
2875 -101.249
2876 -100.652
2877 -101.176
2878 -101.918
2879 -100.768
2880 -102.786
2881 -101.884
2882 -102.394
2883 -100.52
2884 -102.394
2885 -100.242
2886 -101.067
2887 -101.043
2888 -101.042
2889 -100.999
2890 -103.148
2891 -102.648
2892 -101.447
2893 -102.022
2894 -101.539
2895 -101.709
2896 -101.914
2897 -100.184
2898 -101.93
2899 -100.947
2900 -103.338
2901 -102.806
2902 -101.869
2903 -101.051
2904 -99.3615
2905 -101.107
2906 -98.3077
2907 -100.177
2908 -99.5694
2909 -100.5
2910 -99.0219
2911 -97.9892
2912 -100.226
2913 -98.5892
2914 -98.9784
2915 -99.5211
2916 -98.6203
2917 -99.8723
2918 -101.097
2919 -102.308
2920 -102.241
2921 -101.085
2922 -101.106
2923 -100.786
2924 -101.4
2925 -101.603
2926 -101.19
2927 -100.943
2928 -100.565
2929 -101.081
2930 -101.223
2931 -102.349
2932 -101.704
2933 -101.566
2934 -102.236
2935 -103.034
2936 -100.934
2937 -102.101
2938 -100.343
2939 -99.5567
2940 -101.95
2941 -102.193
2942 -101.982
2943 -101.521
2944 -101.552
2945 -102.134
2946 -98.9358
2947 -100.141
2948 -100.237
2949 -100.475
2950 -99.3142
2951 -98.2402
2952 -99.0414
2953 -97.6855
2954 -98.1995
2955 -97.4811
2956 -100.392
2957 -100.682
2958 -100.369
2959 -100.79
2960 -101.698
2961 -100.43
2962 -101.02
2963 -102.282
2964 -100.453
2965 -100.393
2966 -99.7409
2967 -101.221
2968 -99.4252
2969 -99.6514
2970 -99.3935
2971 -100.932
2972 -100.652
2973 -102.621
2974 -101.882
2975 -100.729
2976 -99.4417
2977 -101.197
2978 -99.9186
2979 -100.61
2980 -100.269
2981 -100.777
2982 -100.585
2983 -101.245
2984 -99.4817
2985 -99.7882
2986 -100.039
2987 -99.3255
2988 -99.3592
2989 -99.7121
2990 -98.1208
2991 -98.7439
2992 -99.4396
2993 -98.5001
2994 -98.043
2995 -98.3038
2996 -98.027
2997 -100.601
2998 -100.366
2999 -99.5011
3000 -101.056
3001 -101.572
3002 -100.996
3003 -101.436
3004 -100.513
3005 -99.4737
3006 -100.532
3007 -99.3381
3008 -98.4179
3009 -100.199
3010 -101.144
3011 -100.518
3012 -99.8536
3013 -101.011
3014 -99.9326
3015 -100.386
3016 -99.6178
3017 -99.6533
3018 -101.137
3019 -99.6633
3020 -102.755
3021 -100.532
3022 -101.683
3023 -101.62
3024 -101.004
3025 -100.49
3026 -99.3061
3027 -99.3866
3028 -97.4606
3029 -100.043
3030 -98.4845
3031 -97.7268
3032 -97.4177
3033 -98.5726
3034 -98.1378
3035 -97.3557
3036 -98.5147
3037 -97.074
3038 -97.9841
3039 -98.9529
3040 -99.5703
3041 -100.192
3042 -99.6219
3043 -99.7797
3044 -100.901
3045 -99.4515
3046 -99.9468
3047 -100.059
3048 -99.8119
3049 -99.9419
3050 -100.149
3051 -99.4831
3052 -99.0827
3053 -99.927
3054 -98.8914
3055 -100.166
3056 -99.0122
3057 -100.363
3058 -100.201
3059 -100.942
3060 -100.534
3061 -100.581
3062 -99.4766
3063 -100.482
3064 -100.565
3065 -99.3823
3066 -97.7824
3067 -97.242
3068 -97.5908
3069 -98.1292
3070 -98.9885
3071 -97.2322
3072 -99.7506
3073 -98.9646
3074 -96.9952
3075 -99.3411
3076 -97.3415
3077 -97.7538
3078 -98.017
3079 -99.799
3080 -98.4095
3081 -99.5831
3082 -100.964
3083 -100.276
3084 -99.2862
3085 -98.8023
3086 -99.8855
3087 -99.1465
3088 -100.564
3089 -100.15
3090 -99.9234
3091 -99.5891
3092 -98.7442
3093 -101.375
3094 -100.357
3095 -101.239
3096 -98.7376
3097 -100.772
3098 -99.9751
3099 -99.3002
3100 -100.025
3101 -99.441
3102 -100.231
3103 -100.046
3104 -100.925
3105 -99.3701
3106 -98.3508
3107 -99.023
3108 -99.1358
3109 -98.1512
3110 -98.4788
3111 -99.4887
3112 -98.8696
3113 -100.601
3114 -99.2684
3115 -101.017
3116 -100.595
3117 -100.326
3118 -102.548
3119 -103.998
3120 -103.133
3121 -104.043
3122 -105.534
3123 -106.708
3124 -109.028
3125 -108.17
3126 -109.251
3127 -109.55
3128 -108.199
3129 -109.157
3130 -108.851
3131 -109.838
3132 -108.497
3133 -112.669
3134 -110.403
3135 -112.814
3136 -115.548
3137 -114.136
3138 -115.727
3139 -114.312
3140 -113.174
3141 -113.237
3142 -112.695
3143 -114.808
3144 -114.865
3145 -115.373
3146 -114.207
3147 -113.816
3148 -113.866
3149 -113.2
3150 -112.55
3151 -113.406
3152 -112.813
3153 -112.77
3154 -112.611
3155 -112.637
3156 -110.141
3157 -111.971
3158 -110.858
3159 -108.672
3160 -109.334
3161 -109.348
3162 -108.059
3163 -108.17
3164 -106.784
3165 -106.905
3166 -105.697
3167 -106.295
3168 -106.144
3169 -104.646
3170 -105.763
3171 -104.651
3172 -105.026
3173 -103.034
3174 -105.162
3175 -104.708
3176 -103.921
3177 -104.933
3178 -104.358
3179 -104.964
3180 -101.933
3181 -103.882
3182 -103.417
3183 -103.685
3184 -102.572
3185 -102.17
3186 -102.035
3187 -102.268
3188 -102.596
3189 -102.309
3190 -102.558
3191 -103.302
3192 -101.323
3193 -102.669
3194 -101.93
3195 -101.57
3196 -102.646
3197 -101.981
3198 -100.28
3199 -102.355
3200 -103.098
3201 -101.507
3202 -103.53
3203 -101.77
3204 -101.04
3205 -101.031
3206 -102.37
3207 -102.309
3208 -100.047
3209 -101.919
3210 -101.853
3211 -101.652
3212 -101.043
3213 -100.421
3214 -101.344
3215 -102.375
3216 -100.712
3217 -101.271
3218 -102.164
3219 -101.553
3220 -101.951
3221 -100.49
3222 -101.64
3223 -102.011
3224 -101.705
3225 -101.17
3226 -99.8625
3227 -101.162
3228 -100.356
3229 -101.476
3230 -100.954
3231 -99.8685
3232 -102.896
3233 -102.224
3234 -102.251
3235 -100.532
3236 -101.214
3237 -100.467
3238 -101.407
3239 -100.82
3240 -100.31
3241 -101.484
3242 -100.282
3243 -101.065
3244 -100.446
3245 -101.383
3246 -100.292
3247 -101.302
3248 -102.26
3249 -101.482
3250 -99.9257
3251 -100.54
3252 -99.7172
3253 -101.536
3254 -100.924
3255 -101.585
3256 -100.416
3257 -101.144
3258 -101.093
3259 -101.635
3260 -101.229
3261 -102.151
3262 -99.6852
3263 -100.748
3264 -100.878
3265 -102.712
3266 -102.423
3267 -101.72
3268 -100.08
3269 -101.636
3270 -101.066
3271 -100.505
3272 -100.813
3273 -101.896
3274 -101.806
3275 -99.4082
3276 -101.181
3277 -103.085
3278 -100.877
3279 -100.817
3280 -101.866
3281 -102.502
3282 -101.572
3283 -100.98
3284 -102.285
3285 -102.641
3286 -101.733
3287 -102.726
3288 -101.443
3289 -99.4262
3290 -101.905
3291 -100.555
3292 -101.459
3293 -101.352
3294 -102.065
3295 -101.932
3296 -101.812
3297 -101.758
3298 -101.057
3299 -102.608
3300 -101.87
3301 -101.472
3302 -100.973
3303 -101.711
3304 -103.41
3305 -102.94
3306 -100.097
3307 -100.827
3308 -100.744
3309 -101.747
3310 -99.7274
3311 -101.114
3312 -102.68
3313 -103.034
3314 -102.089
3315 -101.787
3316 -101.69
3317 -100.179
3318 -101.362
3319 -101.515
3320 -100.913
3321 -101.137
3322 -100.821
3323 -101.188
3324 -100.179
3325 -99.7197
3326 -101.035
3327 -101.397
3328 -102.327
3329 -100.665
3330 -101.749
3331 -102.049
3332 -101.138
3333 -102.395
3334 -101.957
3335 -100.083
3336 -100.651
3337 -100.4
3338 -101.869
3339 -101.545
3340 -101.031
3341 -102.325
3342 -101.251
3343 -100.604
3344 -100.927
3345 -102.216
3346 -101.416
3347 -101.896
3348 -99.6982
3349 -101.83
3350 -100.221
3351 -101.004
3352 -101.871
3353 -101.67
3354 -101.317
3355 -100.62
3356 -100.618
3357 -101.524
3358 -101.366
3359 -101.592
3360 -102.137
3361 -101.87
3362 -101.58
3363 -101.391
3364 -101.42
3365 -102.583
3366 -100.212
3367 -102.476
3368 -101.558
3369 -102.229
3370 -101.064
3371 -102.136
3372 -102.468
3373 -101.611
3374 -102.014
3375 -101.047
3376 -101.927
3377 -102.154
3378 -103.205
3379 -102.495
3380 -101.644
3381 -100.808
3382 -101.011
3383 -100.299
3384 -102.211
3385 -100.267
3386 -101.249
3387 -101.561
3388 -102.888
3389 -102.708
3390 -102.269
3391 -102.353
3392 -102.082
3393 -101.014
3394 -101.226
3395 -100.57
3396 -101.196
3397 -101.915
3398 -102.519
3399 -102.738
