0 -112.482
1 -111.556
2 -111.554
3 -111.382
4 -110.806
5 -111.861
6 -111.652
7 -111.451
8 -112.006
9 -111.825
10 -113.035
11 -111.353
12 -112.399
13 -109.995
14 -111.911
15 -111.705
16 -111.36
17 -111.803
18 -111.703
19 -111.108
20 -111.659
21 -111.185
22 -113.302
23 -111.853
24 -111.992
25 -110.661
26 -111.673
27 -112.291
28 -112.731
29 -111.375
30 -112.191
31 -110.38
32 -114.187
33 -114.368
34 -115.258
35 -114.993
36 -116.682
37 -116.225
38 -117.34
39 -118.303
40 -117.786
41 -118.024
42 -119.008
43 -118.939
44 -118.765
45 -118.78
46 -119.785
47 -120.052
48 -120.592
49 -123.163
50 -123.237
51 -123.294
52 -122.893
53 -122.9
54 -125.69
55 -125.97
56 -125.324
57 -125.461
58 -127.658
59 -128.597
60 -129.207
61 -129.584
62 -129.461
63 -130.156
64 -128.759
65 -130.162
66 -128.597
67 -127.995
68 -129.371
69 -128.782
70 -129.002
71 -129.022
72 -128.947
73 -128.981
74 -129.505
75 -129.451
76 -128.234
77 -127.865
78 -127.229
79 -127.056
80 -125.541
81 -125.391
82 -124.728
83 -123.939
84 -125.736
85 -124.457
86 -123.799
87 -123.479
88 -122.007
89 -124.126
90 -123.213
91 -121.447
92 -120.104
93 -120.669
94 -121.48
95 -120.532
96 -120.12
97 -120.079
98 -119.026
99 -118.591
100 -119.508
101 -120.295
102 -118.615
103 -117.819
104 -118.638
105 -117.81
106 -117.889
107 -118.66
108 -118.162
109 -118.744
110 -119.559
111 -117.37
112 -118.648
113 -118.458
114 -120.08
115 -118.885
116 -119.043
117 -120.217
118 -120.579
119 -119.296
120 -118.798
121 -120.808
122 -120.211
123 -119.975
124 -121.264
125 -120.156
126 -119.828
127 -119.775
128 -119.683
129 -119.471
130 -120.35
131 -119.493
132 -119.728
133 -118.618
134 -120.687
135 -118.847
136 -118.98
137 -118.057
138 -119.276
139 -121.104
140 -120.858
141 -121.22
142 -120.828
143 -118.102
144 -119.51
145 -118.169
146 -117.978
147 -117.898
148 -117.542
149 -117.383
150 -116.872
151 -116.844
152 -117.611
153 -117.334
154 -116.771
155 -117.772
156 -119.92
157 -119.688
158 -116.947
159 -116.432
160 -118.187
161 -118.717
162 -118.714
163 -118.817
164 -119.589
165 -118.837
166 -120.745
167 -119.991
168 -118.543
169 -116.693
170 -118.52
171 -118.606
172 -120.288
173 -118.744
174 -119.951
175 -120.785
176 -119.671
177 -120.123
178 -120.827
179 -119.272
180 -118.8
181 -120.978
182 -118.794
183 -118.832
184 -118.966
185 -119.741
186 -119.374
187 -117.487
188 -120.788
189 -120.275
190 -118.887
191 -117.678
192 -119.047
193 -118.226
194 -117.056
195 -117.396
196 -117.799
197 -117.378
198 -116.561
199 -118.943
200 -118.286
201 -118.616
202 -116.77
203 -117.703
204 -118.071
205 -116.655
206 -118.155
207 -118.285
208 -117.432
209 -116.905
210 -117.622
211 -117.663
212 -117.904
213 -118.669
214 -118.683
215 -118.905
216 -120.904
217 -118.911
218 -119.147
219 -118.979
220 -120.003
221 -119.288
222 -120.816
223 -119.974
224 -118.562
225 -119.381
226 -120.665
227 -121.047
228 -120.739
229 -119.789
230 -119.851
231 -118.236
232 -118.018
233 -119.799
234 -118.852
235 -119.249
236 -118.17
237 -119.125
238 -120.319
239 -118.804
240 -118.234
241 -119.468
242 -118.031
243 -117.152
244 -117.416
245 -117.701
246 -117.649
247 -116.756
248 -117.959
249 -118.193
250 -117.424
251 -117.369
252 -118.713
253 -116.998
254 -117.121
255 -117.632
256 -117.433
257 -118.734
258 -115.82
259 -119.19
260 -119.898
261 -118.857
262 -120.33
263 -120.515
264 -122.817
265 -119.336
266 -120.687
267 -118.576
268 -121.236
269 -120.488
270 -120.653
271 -120.629
272 -120.814
273 -120.654
274 -118.908
275 -118.675
276 -119.643
277 -122.063
278 -120.581
279 -120.135
280 -119.866
281 -120.055
282 -119.991
283 -120.511
284 -121.112
285 -121.499
286 -120.032
287 -120.155
288 -119.014
289 -120.499
290 -119.849
291 -118.374
292 -118.774
293 -118.133
294 -119.189
295 -119.9
296 -117.358
297 -118.825
298 -118.957
299 -118.353
300 -118.503
301 -117.868
302 -118.582
303 -119.511
304 -119.225
305 -117.889
306 -118.879
307 -116.994
308 -118.678
309 -119.494
310 -120.684
311 -119.294
312 -120.505
313 -119.377
314 -120.281
315 -119.544
316 -119.599
317 -119.724
318 -121.053
319 -121.001
320 -120.731
321 -120.845
322 -120.149
323 -121.521
324 -121.316
325 -120.166
326 -121.19
327 -121.047
328 -121.066
329 -120.607
330 -119.209
331 -121.631
332 -119.556
333 -120.921
334 -120.932
335 -119.905
336 -119.842
337 -119.756
338 -119.385
339 -116.895
340 -118.582
341 -119.938
342 -119.072
343 -119.524
344 -118.14
345 -116.961
346 -119.133
347 -117.762
348 -119.315
349 -118.917
350 -117.779
351 -117.733
352 -117.301
353 -118.459
354 -118.08
355 -117.507
356 -119.747
357 -120.035
358 -121.021
359 -120.741
360 -119.32
361 -118.513
362 -119.044
363 -120.979
364 -120.201
365 -121.449
366 -121.092
367 -119.984
368 -119.994
369 -120.609
370 -120.415
371 -121.007
372 -121.948
373 -121.454
374 -121.186
375 -121.616
376 -120.228
377 -120.741
378 -119.255
379 -119.682
380 -120.999
381 -121.561
382 -120.996
383 -121.228
384 -121.176
385 -119.883
386 -119.536
387 -119.85
388 -118.766
389 -119.107
390 -119.559
391 -119.08
392 -119.062
393 -119.754
394 -119.846
395 -119.673
396 -118.312
397 -119.347
398 -117.88
399 -117.863
400 -118.566
401 -119.006
402 -119.267
403 -118.21
404 -117.822
405 -118.672
406 -119.502
407 -120.959
408 -119.686
409 -120.822
410 -122.165
411 -119.673
412 -119.33
413 -120.745
414 -121.289
415 -120.617
416 -120.943
417 -121.109
418 -122.888
419 -120.932
420 -121.006
421 -121.127
422 -121.332
423 -121.696
424 -121.939
425 -119.078
426 -119.444
427 -121.24
428 -119.528
429 -118.472
430 -121.187
431 -120.48
432 -120.529
433 -120.971
434 -120.37
435 -120.503
436 -119.769
437 -117.619
438 -119.674
439 -118.973
440 -119.698
441 -119.228
442 -118.561
443 -119.102
444 -119.525
445 -120.253
446 -120.002
447 -119.996
448 -119.499
449 -119.873
450 -118.331
451 -119.28
452 -117.654
453 -118.17
454 -118.556
455 -119.789
456 -121.332
457 -120.855
458 -121.1
459 -121.266
460 -120.2
461 -120.143
462 -120.019
463 -120.827
464 -121.769
465 -120.497
466 -122.443
467 -120.748
468 -121.634
469 -120.586
470 -121.221
471 -121.07
472 -122.314
473 -120.722
474 -120.63
475 -120.091
476 -120.099
477 -119.274
478 -120.327
479 -121.526
480 -121.261
481 -121.087
482 -119.418
483 -119.927
484 -117.033
485 -119.804
486 -119.167
487 -118.787
488 -119.739
489 -117.879
490 -118.634
491 -117.683
492 -119.226
493 -119.972
494 -118.783
495 -119.096
496 -117.088
497 -117.05
498 -117.643
499 -118.035
500 -120.088
501 -118.137
502 -119.748
503 -120.371
504 -118.511
505 -121.705
506 -120.187
507 -121.002
508 -118.37
509 -119.973
510 -121.301
511 -121.886
512 -122.212
513 -121.031
514 -122.064
515 -121.806
516 -120.572
517 -121.601
518 -121.322
519 -121.751
520 -120.561
521 -121.672
522 -119.335
523 -119.626
524 -118.478
525 -118.603
526 -120.937
527 -119.461
528 -118.459
529 -118.98
530 -115.481
531 -115.6
532 -116.341
533 -114.352
534 -112.738
535 -112.71
536 -112.561
537 -112.617
538 -110.95
539 -111.083
540 -110.541
541 -109.146
542 -109.847
543 -108.841
544 -108.823
545 -106.907
546 -109.216
547 -107.966
548 -107.082
549 -107.338
550 -107.541
551 -106.379
552 -105.756
553 -106.62
554 -105.418
555 -105.6
556 -105.444
557 -104.212
558 -105.162
559 -107.176
560 -103.606
561 -104.175
562 -102.447
563 -103.452
564 -104.638
565 -102.158
566 -102.95
567 -103.773
568 -102.826
569 -102.903
570 -102.394
571 -101.53
572 -99.0977
573 -98.9603
574 -99.3395
575 -98.7339
576 -97.1473
577 -97.0005
578 -97.9198
579 -98.0371
580 -98.4719
581 -97.7445
582 -96.0542
583 -95.3912
584 -98.0546
585 -97.6862
586 -97.207
587 -98.674
588 -98.4924
589 -97.4017
590 -99.1879
591 -99.1964
592 -98.8901
593 -98.445
594 -99.7095
595 -100.518
596 -100.602
597 -101.812
598 -103.406
599 -101.866
600 -103.727
601 -103.924
602 -104.509
603 -105.957
604 -106.411
605 -107.658
606 -106.538
607 -107.859
608 -106.999
609 -107.171
610 -108.906
611 -108.396
612 -108.294
613 -107.758
614 -109.633
615 -109.505
616 -110.845
617 -108.74
618 -109.804
619 -109.009
620 -109.151
621 -110.761
622 -110.771
623 -110.658
624 -111.216
625 -110.172
626 -112.16
627 -112.609
628 -110.677
629 -112.725
630 -112.4
631 -111.546
632 -110.928
633 -112.063
634 -113.338
635 -112.272
636 -110.712
637 -109.713
638 -110.777
639 -110.413
640 -107.398
641 -110.585
642 -109.345
643 -108.865
644 -109.031
645 -108.777
646 -107.575
647 -108.317
648 -107.842
649 -110.085
650 -109.23
651 -110.917
652 -110.275
653 -109.967
654 -108.794
655 -109.711
656 -109.053
657 -110.654
658 -110.271
659 -110.15
660 -111.42
661 -111.661
662 -111.288
663 -111.739
664 -111.651
665 -111.56
666 -113.023
667 -112.389
668 -112.736
669 -110.442
670 -110.512
671 -110.195
672 -109.463
673 -111.171
674 -110.798
675 -111.774
676 -111.821
677 -112.353
678 -110.71
679 -112.315
680 -113.82
681 -112.717
682 -111.037
683 -112.707
684 -109.917
685 -111.374
686 -111.366
687 -111.046
688 -110.234
689 -111.007
690 -110.378
691 -110.336
692 -109.239
693 -108.556
694 -110.027
695 -108.625
696 -109.754
697 -107.756
698 -108.617
699 -109.613
700 -110.437
701 -108.873
702 -108.087
703 -110.257
704 -111.031
705 -111.862
706 -111.828
707 -110.551
708 -111.158
709 -111.372
710 -111.275
711 -112.016
712 -110.831
713 -112.878
714 -110.809
715 -111.48
716 -111.435
717 -110.636
718 -111.648
719 -110.086
720 -110.367
721 -111.192
722 -110.55
723 -111.279
724 -110.026
725 -110.936
726 -110.913
727 -112.285
728 -111.675
729 -111.273
730 -111.238
731 -109.463
732 -111.467
733 -111.978
734 -111.319
735 -111.35
736 -109.053
737 -109.243
738 -110.12
739 -110.684
740 -109.087
741 -109.364
742 -108.624
743 -107.008
744 -109.588
745 -108.876
746 -107.169
747 -109.763
748 -109.691
749 -110.399
750 -110.142
751 -110.669
752 -110.119
753 -109.56
754 -109.809
755 -111.141
756 -111.958
757 -111.011
758 -111.287
759 -109.957
760 -109.19
761 -111.248
762 -110.181
763 -112.322
764 -111.619
765 -112.225
766 -110.091
767 -110.461
768 -111.131
769 -111.164
770 -112.059
771 -111.82
772 -111.556
773 -110.569
774 -110.673
775 -111.734
776 -110.784
777 -110.998
778 -110.829
779 -110.37
780 -112.703
781 -112.377
782 -110.823
783 -110.19
784 -109.868
785 -110.319
786 -110.389
787 -111.763
788 -110.045
789 -110.024
790 -108.454
791 -109.5
792 -109.479
793 -106.52
794 -107.595
795 -107.987
796 -108.598
797 -111.474
798 -109.809
799 -110.344
800 -109.693
801 -108.324
802 -110.597
803 -110.108
804 -110.979
805 -111.974
806 -111.245
807 -110.555
808 -110.452
809 -110.341
810 -111.279
811 -111.106
812 -109.269
813 -112.845
814 -111.302
815 -111.707
816 -111.118
817 -111.507
818 -110.554
819 -111.273
820 -111.06
821 -111.017
822 -110.353
823 -111.34
824 -110.677
825 -110.228
826 -110.826
827 -108.901
828 -111.291
829 -109.542
830 -111.057
831 -111.562
832 -110.257
833 -110.636
834 -110.614
835 -109.986
836 -108.462
837 -109.899
838 -109.356
839 -107.603
840 -107.871
841 -107.959
842 -107.088
843 -108.428
844 -107.63
845 -109.314
846 -109.924
847 -110.375
848 -108.769
849 -109.656
850 -111.291
851 -111.287
852 -109.793
853 -110.678
854 -110.71
855 -110.848
856 -110.683
857 -110.466
858 -110.798
859 -113.206
860 -111.354
861 -111.189
862 -111.639
863 -111.359
864 -111.209
865 -110.863
866 -110.319
867 -109.315
868 -109.328
869 -108.773
870 -110.581
871 -112.93
872 -110.535
873 -110.185
874 -110.987
875 -110.86
876 -110.173
877 -111.335
878 -109.514
879 -109.934
880 -110.153
881 -110.643
882 -108.819
883 -109.864
884 -110.651
885 -110.027
886 -109.675
887 -108.236
888 -108.731
889 -107.317
890 -105.948
891 -108.337
892 -108.206
893 -108.784
894 -108.065
895 -108.058
896 -110.225
897 -110.1
898 -109.528
899 -110.719
900 -110.347
901 -110.366
902 -110.35
903 -110.051
904 -110.385
905 -111.233
906 -110.289
907 -109.975
908 -111.708
909 -109.226
910 -110.919
911 -110.864
912 -111.217
913 -109.536
914 -110.154
915 -109.875
916 -109.197
917 -111.112
918 -112.247
919 -110.084
920 -111.399
921 -109.841
922 -111.23
923 -109.376
924 -111.615
925 -110.567
926 -112.01
927 -111.307
928 -110.099
929 -109.091
930 -109.406
931 -108.945
932 -109.626
933 -109.006
934 -108.352
935 -110.486
936 -109.899
937 -107.898
938 -107.134
939 -104.823
940 -107.194
941 -108.613
942 -109.575
943 -109.413
944 -107.987
945 -109.475
946 -109.768
947 -110.379
948 -110.014
949 -109.815
950 -109.838
951 -109.87
952 -110.872
953 -111.065
954 -110.402
955 -110.129
956 -110.751
957 -110.346
958 -110.51
959 -110.522
960 -110.05
961 -110.198
962 -107.816
963 -108.733
964 -109.257
965 -110.003
966 -112.159
967 -111.949
968 -110.314
969 -109.68
970 -110.675
971 -111.319
972 -110.255
973 -111.277
974 -109.917
975 -108.432
976 -109.956
977 -109.828
978 -108.364
979 -110.125
980 -109.77
981 -110.324
982 -107.366
983 -107.093
984 -107.848
985 -109.344
986 -107.012
987 -106.811
988 -106.87
989 -107.358
990 -107.235
991 -107.845
992 -109.742
993 -108.196
994 -108.928
995 -108.446
996 -109.238
997 -110.28
998 -110.7
999 -111.24
1000 -110.79
1001 -109.484
1002 -108.926
1003 -110.622
1004 -109.339
1005 -109.233
1006 -109.924
1007 -111.244
1008 -111.405
1009 -109.889
1010 -108.918
1011 -109.218
1012 -108.928
1013 -109.393
1014 -109.663
1015 -110.418
1016 -108.771
1017 -110.096
1018 -110.411
1019 -109.723
1020 -109.593
1021 -110.452
1022 -110.782
1023 -109.583
1024 -110.975
1025 -108.58
1026 -109.659
1027 -110.341
1028 -109.005
1029 -108.158
1030 -110.241
1031 -108.223
1032 -108.197
1033 -108.516
1034 -107.886
1035 -108.423
1036 -108.232
1037 -109.063
1038 -110.134
1039 -109.463
1040 -111.061
1041 -109.49
1042 -111.539
1043 -109.47
1044 -111.064
1045 -112.748
1046 -113.975
1047 -113.955
1048 -115.114
1049 -114.423
1050 -115.172
1051 -115.639
1052 -116.328
1053 -116.272
1054 -117.662
1055 -116.329
1056 -116.996
1057 -118.768
1058 -119.795
1059 -119.486
1060 -118.33
1061 -120.833
1062 -118.511
1063 -119.715
1064 -119.553
1065 -120.599
1066 -121.908
1067 -121.83
1068 -122.186
1069 -121.993
1070 -122.455
1071 -121.963
1072 -122.726
1073 -123.695
1074 -122.882
1075 -123.833
1076 -123.576
1077 -125.11
1078 -125.218
1079 -125.928
1080 -126.137
1081 -126.737
1082 -126.764
1083 -127.188
1084 -127.505
1085 -126.332
1086 -126.571
1087 -129.094
1088 -128.659
1089 -129.542
1090 -127.875
1091 -131.052
1092 -128.66
1093 -129.472
1094 -131.606
1095 -130.459
1096 -129.591
1097 -128.813
1098 -130.241
1099 -130.269
1100 -131.366
1101 -129.838
1102 -131.401
1103 -130.065
1104 -129.315
1105 -130.227
1106 -128.927
1107 -129.139
1108 -128.718
1109 -127.961
1110 -128.405
1111 -126.792
1112 -126.038
1113 -125.165
1114 -126.116
1115 -125.999
1116 -125.792
1117 -123.735
1118 -124.308
1119 -123.26
1120 -121.925
1121 -123.275
1122 -125.532
1123 -122.001
1124 -124.095
1125 -120.84
1126 -122.425
1127 -119.5
1128 -120.226
1129 -118.544
1130 -119.563
1131 -118.2
1132 -119.545
1133 -118.566
1134 -119.908
1135 -117.147
1136 -116.718
1137 -118.049
1138 -118.093
1139 -117.243
1140 -117.487
1141 -117.969
1142 -116.579
1143 -116.79
1144 -115.995
1145 -117.772
1146 -117.801
1147 -117.879
1148 -117.703
1149 -118.606
1150 -118.954
1151 -118.694
1152 -119.174
1153 -119.138
1154 -118.858
1155 -117.791
1156 -117.501
1157 -119.398
1158 -117.767
1159 -118.665
1160 -118.239
1161 -118.307
1162 -118.284
1163 -117.761
1164 -118.464
1165 -118.264
1166 -119.883
1167 -117.812
1168 -118.102
1169 -118.872
1170 -119.834
1171 -117.983
1172 -118.809
1173 -117.668
1174 -117.027
1175 -118.849
1176 -119.007
1177 -116.908
1178 -117.169
1179 -116.414
1180 -116.164
1181 -116.839
1182 -116.019
1183 -118.076
1184 -116.683
1185 -115.438
1186 -116.112
1187 -115.298
1188 -115.794
1189 -115.785
1190 -115.718
1191 -116.863
1192 -116.899
1193 -115.635
1194 -115.537
1195 -116.417
1196 -115.978
1197 -115.195
1198 -115.846
1199 -116.486
1200 -119.001
1201 -118.198
1202 -117.898
1203 -116.911
1204 -117.323
1205 -117.23
1206 -117.25
1207 -117.716
1208 -118.261
1209 -117.806
1210 -117.829
1211 -118.54
1212 -118.561
1213 -119.082
1214 -118.09
1215 -118.745
1216 -118.6
1217 -118.572
1218 -117.44
1219 -118.087
1220 -116.746
1221 -118.567
1222 -117.498
1223 -120.328
1224 -120.061
1225 -118.512
1226 -117.392
1227 -116.714
1228 -117.586
1229 -117.688
1230 -116.747
1231 -116.175
1232 -117.404
1233 -116.405
1234 -117.328
1235 -115.42
1236 -115.841
1237 -117.345
1238 -115.778
1239 -117.273
1240 -115.934
1241 -115.817
1242 -115.312
1243 -117.05
1244 -114.7
1245 -116.749
1246 -118.419
1247 -117.783
1248 -118.183
1249 -118.028
1250 -116.633
1251 -116.805
1252 -117.279
1253 -118.486
1254 -117.107
1255 -117.378
1256 -118.193
1257 -117.62
1258 -118.878
1259 -118.309
1260 -118.935
1261 -118.828
1262 -119.08
1263 -118.134
1264 -119.138
1265 -117.623
1266 -118.967
1267 -117.076
1268 -117.324
1269 -117.973
1270 -120.219
1271 -119.905
1272 -119.317
1273 -118.597
1274 -118.052
1275 -117.51
1276 -116.823
1277 -117.415
1278 -117.393
1279 -117.372
1280 -117.535
1281 -116.737
1282 -116.489
1283 -116.525
1284 -115.452
1285 -116.231
1286 -117.488
1287 -117.301
1288 -115.943
1289 -116.222
1290 -117.173
1291 -115.517
1292 -116.077
1293 -117.71
1294 -117.001
1295 -116.771
1296 -119.082
1297 -118.144
1298 -117.101
1299 -118.002
1300 -117.943
1301 -116.777
1302 -117.529
1303 -119.221
1304 -117.642
1305 -120.551
1306 -118.643
1307 -117.735
1308 -118.537
1309 -117.482
1310 -120.385
1311 -119.92
1312 -118.088
1313 -117.787
1314 -118.438
1315 -118.478
1316 -119.134
1317 -118.853
1318 -118.248
1319 -117.72
1320 -117.705
1321 -119.362
1322 -119.095
1323 -118.572
1324 -117.984
1325 -117.583
1326 -117.698
1327 -116.242
1328 -116.936
1329 -115.621
1330 -117.109
1331 -117.181
1332 -116.205
1333 -118.067
1334 -116.667
1335 -117.307
1336 -118.538
1337 -115.345
1338 -116.476
1339 -115.19
1340 -116.287
1341 -116.084
1342 -115.502
1343 -116.795
1344 -116.874
1345 -115.978
1346 -117.987
1347 -117.991
1348 -118.97
1349 -117.605
1350 -116.968
1351 -117.209
1352 -118.77
1353 -117.597
1354 -118.322
1355 -118.997
1356 -118.929
1357 -120.142
1358 -118.999
1359 -117.309
1360 -118.483
1361 -117.848
1362 -118.312
1363 -118.687
1364 -119.551
1365 -118.759
1366 -118.387
1367 -117.954
1368 -119.356
1369 -118.21
1370 -117.017
1371 -118.42
1372 -119.551
1373 -116.907
1374 -116.771
1375 -116.681
1376 -116.368
1377 -115.668
1378 -116.832
1379 -115.8
1380 -116.821
1381 -116.823
1382 -116.24
1383 -116.075
1384 -118.414
1385 -116.823
1386 -117.828
1387 -117.671
1388 -117.941
1389 -116
1390 -116.917
1391 -116.741
1392 -118.102
1393 -116.944
1394 -119.498
1395 -118.095
1396 -118.587
1397 -119.846
1398 -118.024
1399 -117.193
1400 -118.847
1401 -117.667
1402 -118.274
1403 -117.951
1404 -119.236
1405 -119.633
1406 -118.856
1407 -118.422
1408 -119.03
1409 -118.666
1410 -120.725
1411 -119.613
1412 -118.445
1413 -118.21
1414 -118.613
1415 -118.784
1416 -118.976
1417 -119.149
1418 -119.191
1419 -119.503
1420 -117.673
1421 -117.675
1422 -117.67
1423 -116.2
1424 -117.523
1425 -117.23
1426 -116.906
1427 -116.928
1428 -116.715
1429 -115.757
1430 -117.002
1431 -116.643
1432 -115.525
1433 -115.54
1434 -117.64
1435 -115.486
1436 -117.283
1437 -116.996
1438 -116.757
1439 -116.444
1440 -115.984
1441 -117.963
1442 -119.019
1443 -118.156
1444 -119.21
1445 -119.585
1446 -117.328
1447 -118.809
1448 -118.552
1449 -118.27
1450 -118.664
1451 -119.089
1452 -121.177
1453 -119.391
1454 -118.735
1455 -118.639
1456 -117.889
1457 -120.741
1458 -119.998
1459 -118.685
1460 -118.293
1461 -118.718
1462 -118.204
1463 -118.867
1464 -119.057
1465 -118.74
1466 -118.95
1467 -118.627
1468 -120.199
1469 -119.826
1470 -118.7
1471 -115.859
1472 -116.976
1473 -117.496
1474 -118.322
1475 -117.681
1476 -118.011
1477 -115.701
1478 -117.217
1479 -117.108
1480 -116.069
1481 -116.988
1482 -115.904
1483 -116.845
1484 -115.197
1485 -115.722
1486 -116.167
1487 -116.892
1488 -116.418
1489 -117.354
1490 -118.739
1491 -118.331
1492 -118.445
1493 -119.278
1494 -119.509
1495 -120.296
1496 -120.233
1497 -119.395
1498 -119.224
1499 -119.709
1500 -118.063
1501 -119.062
1502 -118.835
1503 -119.022
1504 -119.704
1505 -117.839
1506 -119.717
1507 -119.05
1508 -118.716
1509 -116.591
1510 -118.721
1511 -119.134
1512 -119.404
1513 -119.336
1514 -119.585
1515 -119.191
1516 -119.36
1517 -118.461
1518 -117.17
1519 -117.466
1520 -117.65
1521 -117.516
1522 -119.485
1523 -116.052
1524 -116.879
1525 -117.488
1526 -117.321
1527 -117.284
1528 -116.896
1529 -116.089
1530 -115.604
1531 -116.314
1532 -116.526
1533 -115.348
1534 -118.009
1535 -116.879
1536 -117.494
1537 -117.057
1538 -118.003
1539 -117.725
1540 -118.034
1541 -119.268
1542 -120.628
1543 -120.336
1544 -119.389
1545 -118.227
1546 -119.664
1547 -118.107
1548 -119.536
1549 -119.36
1550 -120.074
1551 -119.663
1552 -119.154
1553 -119.691
1554 -119.736
1555 -117.733
1556 -117.638
1557 -118.183
1558 -116.33
1559 -117.303
1560 -116.949
1561 -116.924
1562 -117.672
1563 -116.58
1564 -116.777
1565 -115.324
1566 -114.682
1567 -114.21
1568 -113.439
1569 -113.177
1570 -111.291
1571 -111.035
1572 -111.975
1573 -110.4
1574 -109.683
1575 -107.6
1576 -106.888
1577 -106.086
1578 -106.766
1579 -107.315
1580 -106.224
1581 -106.641
1582 -105.376
1583 -105.056
1584 -105.434
1585 -105.308
1586 -103.321
1587 -103.572
1588 -103.938
1589 -104.773
1590 -103.932
1591 -105.013
1592 -103.063
1593 -102.915
1594 -103.672
1595 -104.574
1596 -102.2
1597 -103.051
1598 -103.717
1599 -103.177
1600 -102.423
1601 -101.967
1602 -102.354
1603 -102.47
1604 -99.9252
1605 -99.9998
1606 -98.703
1607 -99.8415
1608 -98.8538
1609 -99.1018
1610 -99.1184
1611 -95.4498
1612 -96.5628
1613 -96.1969
1614 -97.271
1615 -95.8427
1616 -97.7382
1617 -98.1337
1618 -96.7571
1619 -97.5428
1620 -97.5862
1621 -97.012
1622 -96.9244
1623 -98.2146
1624 -98.8598
1625 -98.2163
1626 -98.7046
1627 -98.7398
1628 -99.8872
1629 -100.339
1630 -99.7813
1631 -100.602
1632 -101.514
1633 -100.114
1634 -102.142
1635 -102.051
1636 -102.905
1637 -104.701
1638 -103.717
1639 -105.299
1640 -105.457
1641 -106.491
1642 -107.275
1643 -106.769
1644 -106.578
1645 -106.782
1646 -108.027
1647 -107.99
1648 -108.078
1649 -109.916
1650 -107.781
1651 -107.468
1652 -110.026
1653 -108.556
1654 -108.451
1655 -109.676
1656 -109.54
1657 -108.281
1658 -109.765
1659 -109.518
1660 -109.826
1661 -109.144
1662 -110.693
1663 -110.175
1664 -109.443
1665 -111.231
1666 -110.028
1667 -110.758
1668 -110.852
1669 -109.396
1670 -110.225
1671 -109.89
1672 -108.671
1673 -109.285
1674 -106.784
1675 -108.784
1676 -109.098
1677 -108.837
1678 -107.937
1679 -109.871
1680 -108.564
1681 -109.082
1682 -107.403
1683 -107.783
1684 -107.65
1685 -108.641
1686 -108.138
1687 -110.983
1688 -109.632
1689 -109.199
1690 -109.476
1691 -110.577
1692 -110.412
1693 -111.69
1694 -111.79
1695 -109.958
1696 -110.785
1697 -110.849
1698 -110.578
1699 -111.601
1700 -111.667
1701 -111.043
1702 -111.666
1703 -110.715
1704 -110.402
1705 -110.199
1706 -109.794
1707 -108.344
1708 -109.523
1709 -109.875
1710 -110.212
1711 -112.353
1712 -110.754
1713 -111.215
1714 -112.096
1715 -110.091
1716 -112.899
1717 -110.776
1718 -111.624
1719 -111.79
1720 -110.841
1721 -110.002
1722 -110.688
1723 -109.299
1724 -109.355
1725 -110.427
1726 -108.752
1727 -108.218
1728 -108.505
1729 -108.42
1730 -108.67
1731 -108.102
1732 -108.094
1733 -107.273
1734 -109.328
1735 -110.583
1736 -109.405
1737 -108.773
1738 -109.426
1739 -110.239
1740 -110.483
1741 -110.613
1742 -110.621
1743 -110.395
1744 -109.406
1745 -110.788
1746 -110.798
1747 -108.732
1748 -110.268
1749 -110.232
1750 -111.042
1751 -111.393
1752 -110.585
1753 -111.706
1754 -109.63
1755 -110.563
1756 -110.225
1757 -109.35
1758 -109.805
1759 -109.375
1760 -111.47
1761 -110.001
1762 -110.312
1763 -111.229
1764 -111.306
1765 -109.81
1766 -110.156
1767 -111.362
1768 -111.057
1769 -109.019
1770 -108.631
1771 -110.004
1772 -109.7
1773 -109.658
1774 -109.717
1775 -109.953
1776 -108.278
1777 -109.456
1778 -107.894
1779 -107.709
1780 -107.272
1781 -108.982
1782 -108.164
1783 -108.694
1784 -108.385
1785 -107.31
1786 -108.885
1787 -109.957
1788 -109.757
1789 -110.93
1790 -110.034
1791 -108.283
1792 -111.606
1793 -111.323
1794 -110.883
1795 -111.577
1796 -110.212
1797 -112.67
1798 -110.103
1799 -112.469
1800 -110.512
1801 -111.462
1802 -111.066
1803 -111.186
1804 -109.286
1805 -110.913
1806 -110.537
1807 -111.225
1808 -111.386
1809 -111.085
1810 -111.651
1811 -110.694
1812 -110.714
1813 -110.167
1814 -110.55
1815 -110.352
1816 -110.558
1817 -109.743
1818 -110.997
1819 -110.41
1820 -108.764
1821 -108.819
1822 -109.738
1823 -108.162
1824 -107.239
1825 -108.41
1826 -106.254
1827 -108.357
1828 -106.681
1829 -105.462
1830 -106.697
1831 -109.085
1832 -109.599
1833 -108.654
1834 -110.258
1835 -109.057
1836 -107.999
1837 -108.763
1838 -110.446
1839 -109.773
1840 -110.612
1841 -111.246
1842 -109.049
1843 -108.811
1844 -111.556
1845 -111.302
1846 -110.814
1847 -111.657
1848 -111.618
1849 -111.088
1850 -109.098
1851 -108.97
1852 -109.874
1853 -109.262
1854 -110.69
1855 -110.002
1856 -111.436
1857 -110.042
1858 -110.75
1859 -110.484
1860 -110.926
1861 -109.619
1862 -112.041
1863 -109.854
1864 -111.768
1865 -111.281
1866 -109.546
1867 -110.1
1868 -108.993
1869 -107.572
1870 -108.784
1871 -109.074
1872 -109.053
1873 -108.499
1874 -109.272
1875 -107.911
1876 -107.256
1877 -107.675
1878 -107.705
1879 -107.629
1880 -108.047
1881 -108.87
1882 -108.9
1883 -110.402
1884 -110.333
1885 -109.937
1886 -110.832
1887 -109.125
1888 -112.225
1889 -110.052
1890 -107.811
1891 -110.872
1892 -110.731
1893 -109.768
1894 -111.48
1895 -110.424
1896 -110.341
1897 -110.727
1898 -110.437
1899 -110.061
1900 -109.711
1901 -110.407
1902 -109.535
1903 -109.84
1904 -110.783
1905 -110.374
1906 -109.038
1907 -108.089
1908 -109.602
1909 -110.59
1910 -110.384
1911 -109.748
1912 -111.192
1913 -108.658
1914 -110.199
1915 -109.031
1916 -107.996
1917 -108.531
1918 -107.621
1919 -109.224
1920 -108.927
1921 -108.576
1922 -108.005
1923 -105.799
1924 -106.64
1925 -107.3
1926 -105.624
1927 -106.148
1928 -107.875
1929 -109.109
1930 -108.838
1931 -108.638
1932 -107.584
1933 -109.122
1934 -109.017
1935 -109.33
1936 -110.082
1937 -112.003
1938 -109.475
1939 -110.634
1940 -110.957
1941 -110.179
1942 -110.111
1943 -110.574
1944 -110.579
1945 -110.164
1946 -110.822
1947 -110.712
1948 -109.086
1949 -108.926
1950 -110.452
1951 -108.928
1952 -110.439
1953 -111.312
1954 -109.907
1955 -109.383
1956 -111.813
1957 -110.762
1958 -110.196
1959 -110.456
1960 -110.313
1961 -110.057
1962 -109.701
1963 -109.626
1964 -109.551
1965 -110.767
1966 -108.289
1967 -109.596
1968 -108.89
1969 -109.667
1970 -108.545
1971 -107.829
1972 -107.753
1973 -106.992
1974 -107.339
1975 -108.203
1976 -107.478
1977 -107.881
1978 -109.045
1979 -109.239
1980 -108.801
1981 -108.26
1982 -107.304
1983 -110.183
1984 -109.112
1985 -108.147
1986 -109.395
1987 -110.816
1988 -110.175
1989 -110.855
1990 -109.313
1991 -111.117
1992 -110.488
1993 -110.08
1994 -108.706
1995 -109.687
1996 -108.731
1997 -109.122
1998 -107.112
1999 -108.413
2000 -109.855
2001 -109.405
2002 -110.04
2003 -108.401
2004 -110.1
2005 -109.887
2006 -108.956
2007 -107.41
2008 -111.464
2009 -110.289
2010 -110.363
2011 -108.953
2012 -108.517
2013 -109.718
2014 -107.895
2015 -107.378
2016 -109.652
2017 -107.532
2018 -107.533
2019 -107.376
2020 -106.625
2021 -107.269
2022 -106.883
2023 -106.699
2024 -105.634
2025 -108.138
2026 -108.694
2027 -107.89
2028 -108.497
2029 -109.957
2030 -108.314
2031 -108.83
2032 -108.853
2033 -110.471
2034 -109.011
2035 -109.736
2036 -109.996
2037 -110.019
2038 -109.011
2039 -110.265
2040 -109.516
2041 -110.6
2042 -110.535
2043 -110.045
2044 -110.153
2045 -110.118
2046 -108.734
2047 -108.754
2048 -109.815
2049 -108.157
2050 -108.784
2051 -108.972
2052 -109.544
2053 -110.774
2054 -110.382
2055 -108.084
2056 -110.744
2057 -109.868
2058 -109.986
2059 -109.875
2060 -110.585
2061 -109.973
2062 -109.329
2063 -108.796
2064 -108.843
2065 -109.387
2066 -109.313
2067 -107.995
2068 -107.625
2069 -108.246
2070 -106.387
2071 -107.202
2072 -107.475
2073 -108.696
2074 -110.664
2075 -109.157
2076 -110.829
2077 -108.935
2078 -110.532
2079 -111.375
2080 -111.698
2081 -113.708
2082 -113.312
2083 -112.623
2084 -114.362
2085 -113.722
2086 -114.136
2087 -115.282
2088 -116.24
2089 -115.957
2090 -117.316
2091 -118.44
2092 -118.603
2093 -118.223
2094 -117.362
2095 -119.641
2096 -119.937
2097 -119.872
2098 -120.403
2099 -121.305
2100 -121.602
2101 -121.19
2102 -121.804
2103 -122.359
2104 -122.123
2105 -122.857
2106 -121.428
2107 -121.631
2108 -124.222
2109 -123.96
2110 -127.178
2111 -123.849
2112 -124.106
2113 -124.419
2114 -126.276
2115 -125.819
2116 -125.908
2117 -123.721
2118 -126.226
2119 -126.76
2120 -126.05
2121 -126.068
2122 -128.456
2123 -128.445
2124 -127.954
2125 -128.167
2126 -127.293
2127 -128.16
2128 -129.619
2129 -130.311
2130 -130.589
2131 -130.07
2132 -130.597
2133 -130.651
2134 -131.536
2135 -129.709
2136 -129.062
2137 -129.522
2138 -129.395
2139 -129.265
2140 -128.699
2141 -129.741
2142 -128.266
2143 -127.063
2144 -128.571
2145 -128.167
2146 -127.152
2147 -126.282
2148 -126.374
2149 -125.947
2150 -125.77
2151 -124.219
2152 -122.494
2153 -123.442
2154 -122.279
2155 -123.053
2156 -122.446
2157 -122.629
2158 -121.791
2159 -121.207
2160 -121.252
2161 -120.401
2162 -119.491
2163 -120.924
2164 -119.814
2165 -117.518
2166 -117.789
2167 -118.821
2168 -117.845
2169 -118.407
2170 -117.689
2171 -117.394
2172 -118.366
2173 -118.399
2174 -116.136
2175 -116.701
2176 -116.126
2177 -116.536
2178 -117.644
2179 -116.809
2180 -116.905
2181 -117.283
2182 -116.637
2183 -117.026
2184 -115.95
2185 -118.336
2186 -117.536
2187 -118.815
2188 -117.638
2189 -118.236
2190 -117.606
2191 -117.163
2192 -117.583
2193 -117.928
2194 -117.972
2195 -117.718
2196 -116.52
2197 -117.785
2198 -118.211
2199 -116.741
2200 -118.129
2201 -118.201
2202 -118.609
2203 -118.15
2204 -117.714
2205 -116.967
2206 -116.762
2207 -117.455
2208 -118.129
2209 -117.704
2210 -118.242
2211 -117.95
2212 -118.47
2213 -117.053
2214 -117.585
2215 -116.454
2216 -115.37
2217 -116.204
2218 -116.197
2219 -115.59
2220 -114.476
2221 -115.627
2222 -115.11
2223 -115.119
2224 -115.169
2225 -115.145
2226 -116.651
2227 -114.615
2228 -114.474
2229 -115.446
2230 -115.808
2231 -116.329
2232 -115.934
2233 -117.305
2234 -117.945
2235 -117.462
2236 -116.594
2237 -118.211
2238 -116.68
2239 -116.143
2240 -116.98
2241 -116.727
2242 -117.57
2243 -118.143
2244 -118.136
2245 -117.507
2246 -117.574
2247 -117.047
2248 -118.401
2249 -117.419
2250 -117.814
2251 -118.766
2252 -118.41
2253 -118.221
2254 -116.669
2255 -116.714
2256 -116.171
2257 -117.462
2258 -118.346
2259 -118.695
2260 -118.3
2261 -118.661
2262 -115.423
2263 -116.152
2264 -116.015
2265 -116.683
2266 -116.345
2267 -116.572
2268 -116.352
2269 -115.788
2270 -115.864
2271 -117.304
2272 -115.897
2273 -117.408
2274 -115.984
2275 -116.751
2276 -115.256
2277 -115.394
2278 -115.652
2279 -114.356
2280 -116.345
2281 -118.132
2282 -117.278
2283 -118.378
2284 -117.375
2285 -118.12
2286 -117.309
2287 -116.093
2288 -117.094
2289 -116.123
2290 -117.601
2291 -118.066
2292 -117.329
2293 -117.546
2294 -119.216
2295 -118.665
2296 -119.217
2297 -117.826
2298 -116.517
2299 -116.778
2300 -118.366
2301 -116.819
2302 -117.941
2303 -116.658
2304 -118.718
2305 -118.284
2306 -118.67
2307 -117.852
2308 -118.401
2309 -117.135
2310 -115.967
2311 -116.398
2312 -118.12
2313 -117.654
2314 -115.722
2315 -115.536
2316 -116.59
2317 -115.166
2318 -117.19
2319 -117.198
2320 -114.973
2321 -114.873
2322 -116.076
2323 -115.846
2324 -114.815
2325 -114.769
2326 -116.022
2327 -115.283
2328 -117.16
2329 -116.446
2330 -116.997
2331 -116.998
2332 -117.481
2333 -116.184
2334 -117.841
2335 -117.908
2336 -118.79
2337 -118.155
2338 -119.099
2339 -118.174
2340 -118.043
2341 -119.72
2342 -117.813
2343 -116.633
2344 -117.149
2345 -117.158
2346 -118.704
2347 -118.839
2348 -117.802
2349 -118.644
2350 -117.272
2351 -118.172
2352 -117.584
2353 -117.335
2354 -119.153
2355 -118.445
2356 -118.765
2357 -118.742
2358 -118.405
2359 -117.102
2360 -116.206
2361 -115.309
2362 -115.676
2363 -117.651
2364 -115.802
2365 -115.007
2366 -116.44
2367 -116.06
2368 -114.892
2369 -116.551
2370 -116.015
2371 -115.882
2372 -115.05
2373 -116.101
2374 -115.044
2375 -115.043
2376 -115.51
2377 -116.731
2378 -117.56
2379 -116.752
2380 -116.808
2381 -117.927
2382 -117.79
2383 -117.598
2384 -117.199
2385 -118.587
2386 -118.111
2387 -118.38
2388 -118.952
2389 -118.563
2390 -118.617
2391 -116.649
2392 -118.719
2393 -118.401
2394 -117.043
2395 -118.312
2396 -118.066
2397 -118.71
2398 -118.615
2399 -117.175
2400 -118.976
2401 -117.102
2402 -117.651
2403 -116.23
2404 -117.409
2405 -117.026
2406 -117.649
2407 -118.369
2408 -117.822
2409 -115.067
2410 -115.975
2411 -114.976
2412 -116.4
2413 -116.813
2414 -115.501
2415 -117.235
2416 -115.437
2417 -116.336
2418 -115.821
2419 -117.174
2420 -115.816
2421 -115.06
2422 -115.559
2423 -116.244
2424 -117.081
2425 -116.411
2426 -115.644
2427 -117.479
2428 -117.144
2429 -117.518
2430 -118.158
2431 -118.014
2432 -119.291
2433 -119.627
2434 -116.949
2435 -117.792
2436 -119.523
2437 -119.872
2438 -117.457
2439 -118.773
2440 -117.417
2441 -119.364
2442 -119.552
2443 -118.278
2444 -120.737
2445 -118.499
2446 -117.903
2447 -117.127
2448 -116.856
2449 -117.863
2450 -118.333
2451 -119.384
2452 -117.698
2453 -117.345
2454 -116.671
2455 -117.268
2456 -118.05
2457 -115.031
2458 -116.191
2459 -116.632
2460 -116.177
2461 -115.353
2462 -115.979
2463 -116.054
2464 -116.336
2465 -115.762
2466 -114.513
2467 -115.855
2468 -114.784
2469 -115.061
2470 -116.69
2471 -115.229
2472 -116.146
2473 -116.966
2474 -116.814
2475 -116.68
2476 -116.748
2477 -117.549
2478 -118.788
2479 -118.821
2480 -117.497
2481 -116.791
2482 -117.794
2483 -117.669
2484 -118.268
2485 -117.936
2486 -117.664
2487 -117.585
2488 -119.683
2489 -118.249
2490 -116.891
2491 -118.663
2492 -118.402
2493 -118.405
2494 -119.425
2495 -118.74
2496 -118.566
2497 -118.846
2498 -117.282
2499 -117.754
2500 -117.908
2501 -118.059
2502 -119.053
2503 -118.722
2504 -118.435
2505 -118.021
2506 -117.49
2507 -117.822
2508 -117.484
2509 -116.965
2510 -115.315
2511 -117.23
2512 -118.607
2513 -116.766
2514 -116.522
2515 -115.716
2516 -116.693
2517 -118.045
2518 -115.871
2519 -117.677
2520 -117.292
2521 -114.73
2522 -115.57
2523 -118.209
2524 -116.522
2525 -117.438
2526 -118.755
2527 -118.04
2528 -115.969
2529 -118.035
2530 -119.368
2531 -118.055
2532 -118.236
2533 -119.086
2534 -118.839
2535 -118.708
2536 -119.037
2537 -117.888
2538 -118.826
2539 -119.328
2540 -118.229
2541 -118.425
2542 -119.427
2543 -117.317
2544 -118.661
2545 -118.988
2546 -119.239
2547 -117.729
2548 -117.039
2549 -118.141
2550 -118.846
2551 -118.004
2552 -117.453
2553 -116.555
2554 -117.986
2555 -117.631
2556 -116.499
2557 -116.652
2558 -116.19
2559 -115.971
2560 -117.695
2561 -117.537
2562 -116.221
2563 -117.676
2564 -116.551
2565 -115.679
2566 -116.381
2567 -116.015
2568 -115.994
2569 -116.341
2570 -116.32
2571 -115.174
2572 -116.5
2573 -118.916
2574 -117.595
2575 -118.487
2576 -118.934
2577 -118.892
2578 -117.093
2579 -117.973
2580 -118.488
2581 -120.115
2582 -118.158
2583 -119.476
2584 -117.699
2585 -118.104
2586 -118.14
2587 -118.284
2588 -118.627
2589 -116.669
2590 -117.401
2591 -118.009
2592 -117.011
2593 -116.354
2594 -117.902
2595 -116.327
2596 -115.303
2597 -116.859
2598 -116.299
2599 -114.952
2600 -115.179
2601 -114.646
2602 -113.313
2603 -112.999
2604 -111.944
2605 -111.471
2606 -110.115
2607 -110.454
2608 -110.142
2609 -109.003
2610 -107.926
2611 -107.359
2612 -106.851
2613 -106.574
2614 -107.136
2615 -105.528
2616 -106.454
2617 -104.925
2618 -103.727
2619 -102.963
2620 -103.989
2621 -102.906
2622 -102.02
2623 -103.768
2624 -103.627
2625 -102.534
2626 -103.231
2627 -103.893
2628 -102.688
2629 -101.7
2630 -103.25
2631 -104.096
2632 -103.494
2633 -102.592
2634 -102.561
2635 -103.079
2636 -101.258
2637 -102.263
2638 -100.886
2639 -101.689
2640 -97.9884
2641 -98.5621
2642 -99.6694
2643 -98.5506
2644 -97.9313
2645 -97.0732
2646 -94.5362
2647 -96.5339
2648 -96.9633
2649 -95.2122
2650 -97.6244
2651 -98.1945
2652 -96.7371
2653 -95.4265
2654 -96.1589
2655 -93.9315
2656 -97.5775
2657 -97.5258
2658 -97.5167
2659 -97.0689
2660 -95.6823
2661 -97.4464
2662 -97.5301
2663 -99.051
2664 -99.6574
2665 -98.5984
2666 -100.42
2667 -99.4634
2668 -101.452
2669 -102.55
2670 -103.353
2671 -103.456
2672 -102.924
2673 -104.286
2674 -104.562
2675 -106.043
2676 -105.239
2677 -107.158
2678 -107.878
2679 -105.318
2680 -107.121
2681 -106.104
2682 -108.764
2683 -108.259
2684 -109.919
2685 -108.746
2686 -109.286
2687 -108.85
2688 -109.441
2689 -109.974
2690 -109.097
2691 -108.299
2692 -108.034
2693 -107.947
2694 -110.276
2695 -108.696
2696 -109.86
2697 -110.178
2698 -109.484
2699 -110.865
2700 -109.985
2701 -110.801
2702 -110.751
2703 -110.931
2704 -111.931
2705 -110.234
2706 -107.501
2707 -108.43
2708 -109.771
2709 -108.928
2710 -108.372
2711 -107.458
2712 -109.005
2713 -107.638
2714 -109.288
2715 -107.291
2716 -107.036
2717 -106.939
2718 -106.805
2719 -107.958
2720 -107.137
2721 -106.917
2722 -108.02
2723 -109.396
2724 -109.219
2725 -109.792
2726 -111.024
2727 -110.211
2728 -108.605
2729 -110.289
2730 -110.808
2731 -110.621
2732 -110.555
2733 -108.98
2734 -108.817
2735 -110.956
2736 -111.429
2737 -110.326
2738 -110.042
2739 -112.908
2740 -111.261
2741 -109.96
2742 -107.508
2743 -110.675
2744 -110.395
2745 -109.772
2746 -110.744
2747 -110.319
2748 -111.673
2749 -111.227
2750 -110.655
2751 -111.058
2752 -111.946
2753 -110.562
2754 -112.286
2755 -110.549
2756 -109.535
2757 -108.646
2758 -109.596
2759 -108.126
2760 -108.778
2761 -107.615
2762 -108.698
2763 -109.896
2764 -106.538
2765 -108.204
2766 -108.027
2767 -106.288
2768 -109.103
2769 -109.197
2770 -109.035
2771 -108.785
2772 -108.442
2773 -109.685
2774 -108.039
2775 -110.341
2776 -107.978
2777 -109.03
2778 -108.668
2779 -109.917
2780 -110.115
2781 -109.007
2782 -109.484
2783 -109.877
2784 -110.376
2785 -109.894
2786 -111.045
2787 -111.008
2788 -109.114
2789 -111.396
2790 -111
2791 -111.17
2792 -108.853
2793 -110.982
2794 -112.119
2795 -110.507
2796 -109.478
2797 -110.743
2798 -110.908
2799 -109.872
2800 -109.863
2801 -109.032
2802 -110.705
2803 -111.889
2804 -109.721
2805 -107.582
2806 -108.454
2807 -109.124
2808 -107.451
2809 -107.77
2810 -109.255
2811 -108.65
2812 -108.296
2813 -107.663
2814 -105.721
2815 -106.203
2816 -107.155
2817 -107.485
2818 -106.668
2819 -108.557
2820 -109.439
2821 -109.522
2822 -108.384
2823 -109.54
2824 -110.261
2825 -109.826
2826 -110.224
2827 -109.337
2828 -111.632
2829 -111.603
2830 -110.88
2831 -111.178
2832 -109.526
2833 -110.442
2834 -111.906
2835 -110.155
2836 -109.822
2837 -110.393
2838 -110.369
2839 -110.383
2840 -109.308
2841 -108.869
2842 -111.503
2843 -109.637
2844 -109.546
2845 -109.653
2846 -112.512
2847 -110.208
2848 -110.398
2849 -109.464
2850 -112.364
2851 -110.666
2852 -110.089
2853 -108.813
2854 -109.431
2855 -109.705
2856 -110.091
2857 -109.577
2858 -109.269
2859 -107.651
2860 -108.562
2861 -107.656
2862 -108.573
2863 -106.163
2864 -107.657
2865 -106.884
2866 -108.807
2867 -109.797
2868 -109.271
2869 -108.61
2870 -108.529
2871 -109.721
2872 -110.488
2873 -111.115
2874 -109.515
2875 -110.886
2876 -110.64
2877 -111.467
2878 -109.221
2879 -110.027
2880 -109.196
2881 -112.001
2882 -111.405
2883 -109.985
2884 -110.588
2885 -110.337
2886 -108.457
2887 -109.993
2888 -109.051
2889 -110.07
2890 -109.925
2891 -111.307
2892 -110.768
2893 -111.07
2894 -111.012
2895 -110.467
2896 -109.237
2897 -110.558
2898 -111.551
2899 -110.545
2900 -109.275
2901 -110.069
2902 -108.766
2903 -109.018
2904 -109.785
2905 -109.67
2906 -109.381
2907 -108.948
2908 -110.128
2909 -108.337
2910 -108.851
2911 -107.407
2912 -108.627
2913 -108.223
2914 -107.213
2915 -109.434
2916 -109.565
2917 -107.791
2918 -109.641
2919 -110.693
2920 -109.531
2921 -109.259
2922 -109.846
2923 -110.574
2924 -110.007
2925 -109.793
2926 -109.696
2927 -110.761
2928 -111.129
2929 -109.865
2930 -112.129
2931 -110.024
2932 -109.181
2933 -111.323
2934 -109.799
2935 -108.949
2936 -109.965
2937 -111.999
2938 -109.674
2939 -110.142
2940 -110.197
2941 -109.629
2942 -111.794
2943 -111.163
2944 -111.306
2945 -110.957
2946 -109.62
2947 -110.798
2948 -110.919
2949 -110.482
2950 -108.61
2951 -109.392
2952 -108.38
2953 -108.921
2954 -106.81
2955 -109.32
2956 -108.892
2957 -107.853
2958 -107.651
2959 -104.613
2960 -106.632
2961 -106.219
2962 -108.552
2963 -109.283
2964 -108.622
2965 -109.731
2966 -108.36
2967 -108.488
2968 -108.448
2969 -107.963
2970 -109.236
2971 -108.817
2972 -108.449
2973 -108.349
2974 -108.301
2975 -108.549
2976 -110.05
2977 -109.124
2978 -110.844
2979 -109.568
2980 -111.603
2981 -110.832
2982 -108.976
2983 -110.178
2984 -109.794
2985 -108.352
2986 -108.366
2987 -109.227
2988 -109.481
2989 -109.973
2990 -110.532
2991 -109.686
2992 -109.193
2993 -109.578
2994 -109.493
2995 -110.598
2996 -112.008
2997 -109.844
2998 -109.159
2999 -109.88
3000 -108.145
3001 -109.853
3002 -108.222
3003 -109.022
3004 -108.192
3005 -105.063
3006 -107.612
3007 -108.655
3008 -107.881
3009 -107.863
3010 -107.004
3011 -109.174
3012 -108.15
3013 -108.54
3014 -109.214
3015 -107.947
3016 -108.698
3017 -109.045
3018 -112.141
3019 -109.869
3020 -108.893
3021 -110.201
3022 -110.085
3023 -109.331
3024 -108.891
3025 -109.361
3026 -109.924
3027 -110.082
3028 -112.687
3029 -109.4
3030 -109.607
3031 -109.148
3032 -108.803
3033 -108.623
3034 -108.556
3035 -108.809
3036 -108.413
3037 -108.608
3038 -106.736
3039 -109.755
3040 -110.893
3041 -111.527
3042 -110.342
3043 -110.291
3044 -108.841
3045 -109.942
3046 -108.767
3047 -109.111
3048 -107.657
3049 -108.089
3050 -107.226
3051 -109.989
3052 -108.722
3053 -108.25
3054 -108.326
3055 -107.731
3056 -104.729
3057 -106.301
3058 -106.519
3059 -106.97
3060 -107.377
3061 -109.307
3062 -108.59
3063 -108.745
3064 -107.69
3065 -109.882
3066 -109.233
3067 -110.737
3068 -109.181
3069 -109.502
3070 -109.796
3071 -109.032
3072 -110.351
3073 -109.66
3074 -110.789
3075 -109.584
3076 -108.862
3077 -109.391
3078 -110.489
3079 -109.719
3080 -108.998
3081 -108.591
3082 -108.732
3083 -109.623
3084 -108.341
3085 -110.475
3086 -109.481
3087 -109.522
3088 -109.232
3089 -108.913
3090 -110.986
3091 -109.519
3092 -110.154
3093 -110.256
3094 -108.667
3095 -108.978
3096 -109.251
3097 -106.991
3098 -108.063
3099 -108.415
3100 -108.223
3101 -108.81
3102 -108.622
3103 -106.917
3104 -107.149
3105 -107.569
3106 -107.194
3107 -107.514
3108 -107.607
3109 -109.584
3110 -108.729
3111 -108.613
3112 -110.763
3113 -111.089
3114 -111.93
3115 -115.177
3116 -112.776
3117 -113.493
3118 -114.249
3119 -114.988
3120 -112.873
3121 -115.47
3122 -114.587
3123 -117.524
3124 -116.929
3125 -117.167
3126 -117.459
3127 -117.833
3128 -119.44
3129 -119.674
3130 -119.3
3131 -118.571
3132 -119.272
3133 -120.509
3134 -121.147
3135 -121.19
3136 -119.682
3137 -120.256
3138 -121.331
3139 -120.167
3140 -121.23
3141 -119.266
3142 -119.545
3143 -120.825
3144 -121.363
3145 -120.747
3146 -119.252
3147 -119.968
3148 -118.505
3149 -118.112
3150 -119.587
3151 -118.783
3152 -117.59
3153 -118.152
3154 -117.06
3155 -116.853
3156 -116.739
3157 -116.29
3158 -115.699
3159 -116.456
3160 -114.923
3161 -115.21
3162 -116.908
3163 -115.436
3164 -114.165
3165 -115.562
3166 -114.725
3167 -113.024
3168 -114.53
3169 -112.344
3170 -114.354
3171 -113.389
3172 -112.988
3173 -112.443
3174 -112.11
3175 -112.218
3176 -113.63
3177 -112.56
3178 -111.618
3179 -111.822
3180 -112.616
3181 -113.102
3182 -111.33
3183 -111.663
3184 -110.646
3185 -110.6
3186 -112.533
3187 -111.77
3188 -112.052
3189 -110.903
3190 -110.584
3191 -110.195
3192 -110.475
3193 -111.689
3194 -110.46
3195 -110.709
3196 -112.059
3197 -108.418
3198 -111.561
3199 -112.697
3200 -110.629
3201 -111.996
3202 -111.127
3203 -110.26
3204 -110.412
3205 -110.797
3206 -110.236
3207 -110.661
3208 -110.31
3209 -110.115
3210 -109.703
3211 -110.437
3212 -110.924
3213 -111.785
3214 -109.973
3215 -108.751
3216 -109.8
3217 -109.903
3218 -109.455
3219 -110.639
3220 -110.057
3221 -110.747
3222 -110.722
3223 -110.842
3224 -109.293
3225 -109.534
3226 -110.287
3227 -110.271
3228 -111.615
3229 -110.726
3230 -110.532
3231 -110.506
3232 -110.356
3233 -110.641
3234 -108.731
3235 -110.902
3236 -111.853
3237 -111.396
3238 -109.785
3239 -111.806
3240 -109.118
3241 -111.823
3242 -110.433
3243 -108.624
3244 -110.647
3245 -111.718
3246 -110.232
3247 -109.779
3248 -108.968
3249 -110.566
3250 -111.481
3251 -110.405
3252 -111.988
3253 -111.247
3254 -111.129
3255 -110.3
3256 -112.166
3257 -110.821
3258 -110.666
3259 -110.491
3260 -111.055
3261 -109.555
3262 -109.099
3263 -111.91
3264 -109.739
3265 -109.064
3266 -110.038
3267 -110.393
3268 -111.515
3269 -110.186
3270 -110.181
3271 -111.929
3272 -110.039
3273 -111.22
3274 -110.503
3275 -109.957
3276 -111.929
3277 -109.867
3278 -109.562
3279 -109.716
3280 -110.61
3281 -109.111
3282 -110.923
3283 -109.696
3284 -109.135
3285 -110.694
3286 -111.188
3287 -109.97
3288 -109.806
3289 -108.804
3290 -111.367
3291 -112.381
3292 -110.585
3293 -110.418
3294 -110.697
3295 -109.889
3296 -110.211
3297 -110.523
3298 -110.151
3299 -110.495
3300 -110.28
3301 -110.687
3302 -110.47
3303 -111.321
3304 -111.067
3305 -110.451
3306 -109.789
3307 -110.422
3308 -110.77
3309 -109.484
3310 -110.294
3311 -112.265
3312 -111.231
3313 -111.769
3314 -110.209
3315 -110.689
3316 -109.218
3317 -109.494
3318 -110.314
3319 -109.339
3320 -112.408
3321 -109.657
3322 -109.586
3323 -110.639
3324 -111.916
3325 -109.362
3326 -112.786
3327 -110.104
3328 -111.03
3329 -109.837
3330 -109.688
3331 -111.052
3332 -110.743
3333 -109.418
3334 -109.974
3335 -110.559
3336 -110.755
3337 -111.236
3338 -111.055
3339 -110.413
3340 -111.559
3341 -109.728
3342 -111.116
3343 -109.184
3344 -111.227
3345 -110.705
3346 -109.297
3347 -110.545
3348 -110.572
3349 -109.067
3350 -110.151
3351 -109.79
3352 -110.444
3353 -110.355
3354 -110.383
3355 -109.556
3356 -109.593
3357 -111.294
3358 -110.497
3359 -110.453
3360 -108.946
3361 -110.442
3362 -110.014
3363 -110.66
3364 -112.376
3365 -111.121
3366 -111.389
3367 -109.849
3368 -109.639
3369 -111.22
3370 -110.494
3371 -110.994
3372 -110.438
3373 -110.738
3374 -111.266
3375 -110.039
3376 -111.024
3377 -107.981
3378 -108.656
3379 -110.194
3380 -111.086
3381 -110.88
3382 -110.552
3383 -110.389
3384 -111.468
3385 -110.259
3386 -110.106
3387 -110.667
3388 -111.283
3389 -109.546
3390 -109.218
3391 -110.56
3392 -108.692
3393 -110.868
3394 -111.127
3395 -110.49
3396 -110.823
3397 -109.747
3398 -110.498
3399 -110.784
