0 -184.754
1 -183.458
2 -182.399
3 -183.696
4 -183.061
5 -183.842
6 -181.868
7 -182.952
8 -182.852
9 -181.837
10 -183.306
11 -183.441
12 -184.452
13 -183.165
14 -184.246
15 -183.137
16 -183.708
17 -183.663
18 -183.402
19 -183.504
20 -183.801
21 -184.328
22 -184.091
23 -181.962
24 -183.025
25 -183.23
26 -182.424
27 -182.48
28 -182.683
29 -184.072
30 -184.793
31 -184.307
32 -185.153
33 -185.042
34 -186.29
35 -186.056
36 -185.974
37 -187.976
38 -188.647
39 -186.132
40 -189.739
41 -187.307
42 -189.932
43 -190.307
44 -190.561
45 -190.468
46 -191.563
47 -192.265
48 -192.691
49 -192.827
50 -194.634
51 -193.235
52 -194.128
53 -196.205
54 -195.384
55 -196.082
56 -197.992
57 -196.24
58 -197.493
59 -199.02
60 -196.948
61 -197.744
62 -198.445
63 -199.207
64 -200.45
65 -201.203
66 -200.242
67 -199.8
68 -201.899
69 -201.488
70 -200.847
71 -201.074
72 -201.124
73 -200.353
74 -202.188
75 -201.201
76 -200.508
77 -200.435
78 -201.905
79 -201.922
80 -198.779
81 -200.762
82 -198.996
83 -202.099
84 -198.852
85 -198.687
86 -198.749
87 -197.364
88 -196.085
89 -196.299
90 -196.36
91 -195.837
92 -195.282
93 -195.067
94 -194.045
95 -191.965
96 -192.042
97 -191.628
98 -193.136
99 -191.725
100 -191.053
101 -189.377
102 -191.33
103 -190.334
104 -190.652
105 -191.292
106 -188.786
107 -188.891
108 -189.341
109 -188.998
110 -189.437
111 -189.018
112 -188.305
113 -190.294
114 -190.089
115 -190.065
116 -188.696
117 -188.622
118 -188.802
119 -188.676
120 -188.738
121 -187.473
122 -189.345
123 -187.528
124 -188.404
125 -188.69
126 -186.508
127 -188.538
128 -188.112
129 -186.432
130 -186.638
131 -184.292
132 -185.458
133 -187.862
134 -185.806
135 -188.6
136 -188.343
137 -188.207
138 -186.516
139 -185.152
140 -184.608
141 -184.31
142 -186.346
143 -186.478
144 -186.252
145 -186.434
146 -187.347
147 -185.285
148 -185.865
149 -184.062
150 -186.408
151 -185.754
152 -185.458
153 -186.595
154 -186.313
155 -185.432
156 -188.078
157 -186.41
158 -186.587
159 -185.123
160 -183.557
161 -184.401
162 -185.167
163 -187.133
164 -185.763
165 -185.15
166 -186.073
167 -186.659
168 -185.504
169 -185.224
170 -183.976
171 -185.237
172 -184.105
173 -185.513
174 -186.011
175 -185.976
176 -186.511
177 -185.527
178 -184.819
179 -183.913
180 -183.972
181 -183.737
182 -184.954
183 -184.997
184 -184.602
185 -185.497
186 -184.198
187 -185.375
188 -183.691
189 -184.607
190 -184.482
191 -185.055
192 -184.871
193 -184.302
194 -188.406
195 -185.753
196 -185.316
197 -185.35
198 -184.395
199 -183.978
200 -184.41
201 -183.403
202 -184.321
203 -183.326
204 -185.688
205 -187.268
206 -185.124
207 -184.171
208 -183.178
209 -182.433
210 -182.857
211 -183.197
212 -183.257
213 -184.51
214 -184.393
215 -182.969
216 -184.689
217 -183.356
218 -181.89
219 -181.26
220 -183.223
221 -184.348
222 -182.847
223 -182.946
224 -183.628
225 -184.229
226 -182.837
227 -184.203
228 -184.121
229 -183.181
230 -183.288
231 -184.458
232 -184.566
233 -185.639
234 -183.436
235 -183.791
236 -184.242
237 -182.561
238 -183.043
239 -182.148
240 -182.025
241 -182.513
242 -183.059
243 -182.79
244 -184.174
245 -183.925
246 -183.878
247 -182.446
248 -182.956
249 -183.419
250 -183.006
251 -182.32
252 -182.299
253 -183.635
254 -183.737
255 -184.187
256 -184.583
257 -182.493
258 -181.432
259 -182.929
260 -181.726
261 -182.611
262 -183.213
263 -182.712
264 -181.54
265 -183.665
266 -181.626
267 -180.696
268 -180.72
269 -183.382
270 -181.778
271 -183.797
272 -181.865
273 -184.813
274 -182.928
275 -182.47
276 -183.777
277 -182.641
278 -182.698
279 -182.822
280 -182.258
281 -182.573
282 -182.53
283 -182.153
284 -183.399
285 -181.825
286 -182.723
287 -181.266
288 -181.837
289 -180.261
290 -182.998
291 -183.27
292 -182.585
293 -182.371
294 -182.277
295 -181.584
296 -182.313
297 -180.09
298 -180.579
299 -179.847
300 -180.308
301 -181.347
302 -182.233
303 -182.816
304 -181.574
305 -181.66
306 -181.164
307 -181.504
308 -179.949
309 -181.428
310 -180.773
311 -181.989
312 -182.395
313 -182.626
314 -180.579
315 -181.708
316 -181.326
317 -180.206
318 -180.587
319 -182.118
320 -180.885
321 -183.001
322 -182.145
323 -181.157
324 -180.326
325 -179.94
326 -179.771
327 -179.902
328 -180.283
329 -180.639
330 -180.463
331 -180.549
332 -181.957
333 -180.805
334 -180.914
335 -179.829
336 -177.612
337 -179.802
338 -180.332
339 -179.945
340 -180.843
341 -180.812
342 -180.247
343 -180.204
344 -178.322
345 -180.198
346 -178.873
347 -180.624
348 -179.27
349 -181.963
350 -179.808
351 -181.107
352 -181.53
353 -180.571
354 -181.135
355 -178.46
356 -179.935
357 -180.024
358 -181.484
359 -180.288
360 -180.403
361 -179.753
362 -180.19
363 -179.302
364 -177.37
365 -180.276
366 -178.463
367 -177.887
368 -180.533
369 -179.868
370 -179.459
371 -179.857
372 -181.618
373 -179.611
374 -178.551
375 -178.274
376 -176.745
377 -176.491
378 -178.257
379 -179.386
380 -180.3
381 -178.941
382 -179.927
383 -178.405
384 -178.306
385 -178.849
386 -179.108
387 -177.97
388 -179.606
389 -181.439
390 -179.783
391 -179.844
392 -179.893
393 -178.413
394 -179.374
395 -178.821
396 -178.625
397 -179.134
398 -179.728
399 -179.719
400 -181.932
401 -180.326
402 -179.904
403 -178.333
404 -177.815
405 -177.947
406 -176.686
407 -178.436
408 -177.863
409 -178.755
410 -178.002
411 -178.307
412 -176.083
413 -174.944
414 -177.077
415 -175.412
416 -177.414
417 -176.97
418 -178.847
419 -177.968
420 -177.549
421 -177.768
422 -176.184
423 -177.368
424 -177.84
425 -178.125
426 -178.133
427 -177.817
428 -176.95
429 -176.705
430 -175.04
431 -176.619
432 -173.86
433 -175.001
434 -173.289
435 -173.805
436 -174.652
437 -174.573
438 -173.3
439 -172.419
440 -172.994
441 -172.313
442 -172.628
443 -169.379
444 -167.979
445 -168.057
446 -168.426
447 -168.885
448 -167.887
449 -167.591
450 -166.813
451 -166.757
452 -166.424
453 -164.956
454 -163.849
455 -163.614
456 -163.331
457 -163.86
458 -163.471
459 -162.576
460 -161.162
461 -163.166
462 -163.078
463 -164.574
464 -163.236
465 -161.086
466 -161.743
467 -162.746
468 -163.041
469 -163.164
470 -161.557
471 -162.781
472 -164.528
473 -163.817
474 -164.655
475 -164.741
476 -164.649
477 -166.169
478 -165.378
479 -165.682
480 -165.786
481 -167.048
482 -166.423
483 -167.479
484 -167.589
485 -168.634
486 -168.926
487 -170.57
488 -172.012
489 -170.514
490 -170.274
491 -171.823
492 -172.22
493 -171.455
494 -171.976
495 -171.557
496 -172.333
497 -173.059
498 -172.097
499 -173.461
500 -172.952
501 -172.942
502 -174.247
503 -173.371
504 -173.024
505 -174.733
506 -174.366
507 -174.475
508 -175.286
509 -173.744
510 -174.044
511 -174.239
512 -173.417
513 -172.748
514 -175.174
515 -175.288
516 -175.84
517 -175.616
518 -173.984
519 -174.007
520 -175.366
521 -173.909
522 -175.004
523 -175.437
524 -174.72
525 -175.376
526 -175.509
527 -175.207
528 -175.656
529 -177.451
530 -174.629
531 -175.688
532 -175.517
533 -177.255
534 -176.399
535 -177.885
536 -175.22
537 -176.527
538 -175.651
539 -174.589
540 -177.972
541 -176.185
542 -174.282
543 -175.112
544 -176.061
545 -176.468
546 -176.708
547 -175.917
548 -175.675
549 -175.601
550 -173.943
551 -176.023
552 -176.146
553 -176.826
554 -175.366
555 -175.797
556 -176.423
557 -175.336
558 -175.154
559 -174.059
560 -176.464
561 -176.147
562 -174.812
563 -176.203
564 -174.574
565 -173.275
566 -174.908
567 -173.749
568 -174.264
569 -173.256
570 -173.121
571 -171.847
572 -170.977
573 -170.613
574 -170.259
575 -171.037
576 -169.039
577 -168.945
578 -167.923
579 -167.383
580 -167.023
581 -166.696
582 -167.016
583 -163.763
584 -165.493
585 -163.595
586 -163.49
587 -164.336
588 -161.96
589 -162.246
590 -162.566
591 -160.614
592 -160.68
593 -160.22
594 -157.666
595 -159.252
596 -158.406
597 -157.945
598 -157.418
599 -156.925
600 -157.685
601 -154.077
602 -155.5
603 -157.424
604 -156.311
605 -157.033
606 -156.074
607 -154.508
608 -156.489
609 -156.036
610 -155.178
611 -155.154
612 -156.191
613 -155.975
614 -156.287
615 -156.787
616 -157.119
617 -157.978
618 -158.364
619 -158.049
620 -159.135
621 -160.243
622 -159.722
623 -161.972
624 -161.128
625 -162.624
626 -162.421
627 -162.697
628 -165.232
629 -162.981
630 -164.397
631 -164.612
632 -165
633 -166.041
634 -165.405
635 -165.522
636 -164.254
637 -167.661
638 -167.699
639 -167.824
640 -168.241
641 -169.34
642 -168.91
643 -169.742
644 -167.759
645 -167.933
646 -169.279
647 -168.342
648 -169.117
649 -170.094
650 -167.519
651 -167.216
652 -167.713
653 -167.812
654 -167.737
655 -167.456
656 -167.879
657 -168.452
658 -167.162
659 -168.096
660 -168.241
661 -166.597
662 -169.439
663 -169.272
664 -169.699
665 -170.924
666 -170.714
667 -170.702
668 -169.075
669 -169.605
670 -170.626
671 -169.541
672 -170.456
673 -170.041
674 -170.708
675 -170.223
676 -169.467
677 -171.214
678 -169.901
679 -171.127
680 -171.302
681 -169.959
682 -171.587
683 -172.181
684 -172.602
685 -171.083
686 -173.223
687 -172.516
688 -171.34
689 -171.028
690 -171.156
691 -169.91
692 -170.038
693 -169.844
694 -170.285
695 -171.053
696 -170.26
697 -170.296
698 -170.572
699 -169.856
700 -170.017
701 -170.667
702 -169.979
703 -170.997
704 -171.641
705 -171.222
706 -173.091
707 -172.356
708 -172.163
709 -170.751
710 -172.553
711 -169.933
712 -172.524
713 -173.78
714 -170.993
715 -172.175
716 -172.298
717 -170.881
718 -172.759
719 -171.285
720 -172.616
721 -173.016
722 -172.643
723 -172.356
724 -172.892
725 -173.478
726 -174.484
727 -172.203
728 -172.063
729 -172.199
730 -171.364
731 -171.17
732 -170.87
733 -170.92
734 -170.27
735 -170.44
736 -171.095
737 -171.222
738 -170.626
739 -171.299
740 -171.845
741 -171.156
742 -173.072
743 -173.524
744 -172.458
745 -173.124
746 -173.177
747 -173.102
748 -173.381
749 -171.557
750 -170.689
751 -170.499
752 -171.794
753 -172.572
754 -172.315
755 -174.454
756 -171.417
757 -171.781
758 -172.767
759 -173.911
760 -172.859
761 -173.376
762 -173.831
763 -174.858
764 -173.539
765 -175.043
766 -174.845
767 -172.519
768 -171.717
769 -173.973
770 -172.102
771 -171.857
772 -173.785
773 -174.044
774 -172.127
775 -172.874
776 -171.337
777 -173.219
778 -173.034
779 -172.405
780 -173.29
781 -174.023
782 -174.212
783 -174.205
784 -173.301
785 -173.705
786 -174.433
787 -174.238
788 -173.058
789 -174.146
790 -173.322
791 -175.537
792 -174.435
793 -174.016
794 -174.385
795 -174.633
796 -174.187
797 -174.649
798 -174.361
799 -174.904
800 -173.84
801 -175.86
802 -175.179
803 -175.06
804 -176.154
805 -174.451
806 -174.514
807 -174.312
808 -172.597
809 -173.808
810 -174.421
811 -173.104
812 -172.478
813 -172.063
814 -172.884
815 -173.168
816 -172.33
817 -173.886
818 -173.061
819 -174.267
820 -175.42
821 -175.97
822 -176.57
823 -175.918
824 -175.126
825 -176.047
826 -175.764
827 -173.991
828 -174.172
829 -176.135
830 -176.001
831 -175.323
832 -175.196
833 -175.298
834 -174.817
835 -176.041
836 -174.982
837 -176.104
838 -176.644
839 -175.997
840 -176.035
841 -175.827
842 -175.95
843 -175.899
844 -176.076
845 -176.355
846 -175.066
847 -174.388
848 -174.426
849 -174.262
850 -174.876
851 -174.634
852 -171.914
853 -174.101
854 -173.345
855 -175.078
856 -175.153
857 -175.937
858 -175.864
859 -175.171
860 -176.31
861 -176.536
862 -175.724
863 -175.142
864 -175.104
865 -175.404
866 -177.182
867 -174.976
868 -176.419
869 -177.025
870 -175.827
871 -176.258
872 -173.919
873 -175.731
874 -176.425
875 -177.128
876 -177.52
877 -175.789
878 -176.295
879 -176.5
880 -178.23
881 -177.842
882 -179.216
883 -176.504
884 -177.261
885 -176.617
886 -176.6
887 -174.037
888 -176.05
889 -176.282
890 -174.652
891 -174.681
892 -173.165
893 -175.058
894 -173.951
895 -175.407
896 -175.058
897 -175.608
898 -176.173
899 -177.957
900 -175.12
901 -177.487
902 -177.731
903 -176.656
904 -177.046
905 -175.681
906 -177.289
907 -176.696
908 -176.926
909 -177.131
910 -177.764
911 -176.107
912 -177.395
913 -177.117
914 -176.174
915 -177.116
916 -177.749
917 -177.255
918 -178.474
919 -178.935
920 -178.212
921 -179.328
922 -177.312
923 -176.475
924 -176.532
925 -179.046
926 -178.677
927 -177.354
928 -175.853
929 -176.086
930 -176.762
931 -176.629
932 -177.719
933 -175.161
934 -175.687
935 -176.839
936 -177.075
937 -179.375
938 -177.39
939 -176.169
940 -178.185
941 -177.753
942 -176.382
943 -177.31
944 -177.388
945 -176.852
946 -178.792
947 -178.258
948 -179.429
949 -179.123
950 -178.826
951 -177.636
952 -178.451
953 -178.121
954 -178.311
955 -179.855
956 -179.386
957 -179.938
958 -181.399
959 -181.013
960 -180.206
961 -180.564
962 -181.359
963 -180.159
964 -180.564
965 -182.127
966 -181.799
967 -181.814
968 -183.971
969 -183.164
970 -182.627
971 -183.094
972 -183.763
973 -184.406
974 -185.702
975 -185.527
976 -185.554
977 -185.98
978 -188.61
979 -189.021
980 -189.171
981 -191.349
982 -189.631
983 -189.862
984 -191.118
985 -192.187
986 -191.951
987 -191.897
988 -191.773
989 -192.709
990 -194.148
991 -194.376
992 -195.12
993 -194.248
994 -193.521
995 -193.135
996 -193.404
997 -192.966
998 -192.839
999 -194.127
1000 -193.153
1001 -195.309
1002 -194.36
1003 -194.055
1004 -193.887
1005 -193.226
1006 -192.495
1007 -191.955
1008 -192.258
1009 -191.455
1010 -193.642
1011 -191.642
1012 -192.237
1013 -191.131
1014 -190.117
1015 -189.064
1016 -189.685
1017 -186.544
1018 -189.592
1019 -187.718
1020 -186.893
1021 -188.621
1022 -187.758
1023 -184.777
1024 -186.078
1025 -186.962
1026 -186.96
1027 -186.085
1028 -184.417
1029 -185.368
1030 -184.154
1031 -183.416
1032 -182.988
1033 -185.169
1034 -183.646
1035 -185.194
1036 -184.918
1037 -183.488
1038 -183.796
1039 -184.262
1040 -183.585
1041 -182.449
1042 -184.503
1043 -183.145
1044 -182.617
1045 -182.153
1046 -182.39
1047 -183.121
1048 -182.905
1049 -183.135
1050 -181.29
1051 -182.808
1052 -183.41
1053 -181.193
1054 -181.269
1055 -183.434
1056 -182.743
1057 -181.674
1058 -183.111
1059 -183.367
1060 -183.553
1061 -182.824
1062 -182.123
1063 -183.248
1064 -181.898
1065 -182.69
1066 -181.935
1067 -182.503
1068 -182.559
1069 -182.518
1070 -181.218
1071 -181.1
1072 -182.795
1073 -181.636
1074 -180.765
1075 -182.85
1076 -181.994
1077 -181.343
1078 -181.578
1079 -180.902
1080 -181.364
1081 -182.326
1082 -181.576
1083 -181.52
1084 -181.006
1085 -181.38
1086 -180.96
1087 -182.409
1088 -182.25
1089 -181.682
1090 -181.952
1091 -181.516
1092 -181.085
1093 -182.422
1094 -182.078
1095 -182.835
1096 -183.424
1097 -181.579
1098 -182.488
1099 -182.987
1100 -184.048
1101 -183.177
1102 -184.651
1103 -186.806
1104 -186.492
1105 -187.068
1106 -186.93
1107 -186.866
1108 -187.314
1109 -189.084
1110 -189.922
1111 -190.081
1112 -189.771
1113 -191.551
1114 -190.318
1115 -191.051
1116 -192.793
1117 -192.811
1118 -192.818
1119 -193.865
1120 -194.858
1121 -195.982
1122 -194.999
1123 -196.725
1124 -196.433
1125 -196.631
1126 -197.813
1127 -198.576
1128 -200.076
1129 -199.852
1130 -201.595
1131 -200.201
1132 -200.285
1133 -202.79
1134 -201.892
1135 -199.486
1136 -201.367
1137 -199.89
1138 -201.31
1139 -199.89
1140 -199.866
1141 -199.018
1142 -198.138
1143 -198.756
1144 -199.188
1145 -198.9
1146 -197.457
1147 -198.798
1148 -197.061
1149 -195.339
1150 -195.306
1151 -197.125
1152 -195.826
1153 -195.314
1154 -193.593
1155 -194.244
1156 -194.465
1157 -193.104
1158 -192.048
1159 -191.582
1160 -190.964
1161 -191.244
1162 -190.79
1163 -191.659
1164 -189.104
1165 -189.757
1166 -188.883
1167 -190.548
1168 -187.828
1169 -189.116
1170 -187.916
1171 -189.515
1172 -188.067
1173 -190.693
1174 -188.56
1175 -187.993
1176 -186.031
1177 -186.398
1178 -187.157
1179 -187.926
1180 -187.697
1181 -187.636
1182 -186.074
1183 -187.12
1184 -185.552
1185 -184.483
1186 -186.117
1187 -186.518
1188 -187.62
1189 -187.601
1190 -187.267
1191 -187.193
1192 -186.355
1193 -186.834
1194 -184.72
1195 -184.642
1196 -183.714
1197 -185.088
1198 -184.398
1199 -184.733
1200 -185.186
1201 -186.203
1202 -184.767
1203 -184.304
1204 -182.646
1205 -183.961
1206 -181.982
1207 -184.496
1208 -183.058
1209 -184.016
1210 -185.366
1211 -185.872
1212 -185.476
1213 -183.845
1214 -183.381
1215 -183.612
1216 -183.21
1217 -184.451
1218 -184.609
1219 -185.653
1220 -184.543
1221 -185.124
1222 -185.038
1223 -184.636
1224 -183.142
1225 -182.557
1226 -183.04
1227 -181.996
1228 -184.105
1229 -185.638
1230 -184.307
1231 -184.182
1232 -184.149
1233 -182.854
1234 -183.191
1235 -182.238
1236 -181.799
1237 -183.773
1238 -183.727
1239 -184.024
1240 -183.748
1241 -183.497
1242 -183.621
1243 -183.622
1244 -182.208
1245 -182.173
1246 -181.032
1247 -182.354
1248 -182.251
1249 -185.058
1250 -183.867
1251 -181.962
1252 -182.863
1253 -182.439
1254 -183.983
1255 -183.403
1256 -182.867
1257 -183.254
1258 -185.206
1259 -185.215
1260 -182.844
1261 -181.901
1262 -183.068
1263 -181.712
1264 -182.113
1265 -182.438
1266 -182.573
1267 -183.737
1268 -183.982
1269 -184.943
1270 -183.231
1271 -183.792
1272 -182.711
1273 -182.635
1274 -182.616
1275 -182.287
1276 -180.319
1277 -181.646
1278 -182.224
1279 -183.396
1280 -181.825
1281 -182.862
1282 -180.942
1283 -180.951
1284 -182.078
1285 -180.213
1286 -181.181
1287 -182.678
1288 -182.181
1289 -182.131
1290 -182.774
1291 -184.39
1292 -181.833
1293 -181.376
1294 -181.598
1295 -181.444
1296 -183.441
1297 -182.891
1298 -184.162
1299 -182.051
1300 -180.589
1301 -181.297
1302 -182.419
1303 -181.847
1304 -183.528
1305 -181.421
1306 -182.452
1307 -183.774
1308 -182.849
1309 -184.246
1310 -181.92
1311 -181.318
1312 -180.92
1313 -180.525
1314 -181.65
1315 -180.186
1316 -181.956
1317 -181.928
1318 -181.974
1319 -179.874
1320 -179.583
1321 -178.507
1322 -180.903
1323 -180.045
1324 -181.437
1325 -179.395
1326 -180.77
1327 -181.024
1328 -181.582
1329 -180.64
1330 -180.743
1331 -181.204
1332 -183.038
1333 -181.508
1334 -181.991
1335 -180.891
1336 -182.5
1337 -181.429
1338 -181.966
1339 -180.557
1340 -181.119
1341 -179.611
1342 -180.321
1343 -181.116
1344 -180.622
1345 -179.68
1346 -181.268
1347 -182.324
1348 -183.066
1349 -182.43
1350 -181.554
1351 -180.225
1352 -178.794
1353 -179.751
1354 -179.878
1355 -180.175
1356 -181.451
1357 -181.14
1358 -181.581
1359 -180.46
1360 -180.688
1361 -179.596
1362 -178.385
1363 -179.226
1364 -179.034
1365 -179.389
1366 -180.566
1367 -180.87
1368 -180.284
1369 -178.739
1370 -178.763
1371 -178.608
1372 -179.921
1373 -180.084
1374 -181.259
1375 -180.346
1376 -181.807
1377 -179.923
1378 -179.673
1379 -179.905
1380 -178.977
1381 -179.429
1382 -179.133
1383 -180.211
1384 -180.141
1385 -180.965
1386 -180.542
1387 -182.58
1388 -180.52
1389 -178.329
1390 -178.669
1391 -178.897
1392 -179.072
1393 -179.345
1394 -179.561
1395 -180.488
1396 -180.452
1397 -179.465
1398 -178.347
1399 -179.214
1400 -178.574
1401 -178.308
1402 -177.745
1403 -177.256
1404 -178.996
1405 -178.893
1406 -179.356
1407 -177.818
1408 -179.241
1409 -178.337
1410 -178.117
1411 -179.664
1412 -177.091
1413 -179.079
1414 -179.087
1415 -178.859
1416 -178.627
1417 -178.053
1418 -180.024
1419 -179.305
1420 -178.964
1421 -178.88
1422 -178.747
1423 -179.705
1424 -179.888
1425 -180.575
1426 -179.272
1427 -178.597
1428 -179.081
1429 -177.886
1430 -177.39
1431 -177.066
1432 -176.68
1433 -177.876
1434 -178.211
1435 -178.734
1436 -178.97
1437 -178.002
1438 -177.426
1439 -176.482
1440 -175.688
1441 -176.2
1442 -177.778
1443 -177.225
1444 -179.144
1445 -179.603
1446 -178.239
1447 -176.622
1448 -177.425
1449 -176.958
1450 -177.057
1451 -179.413
1452 -179.304
1453 -179.584
1454 -180.362
1455 -178.476
1456 -179.508
1457 -177.459
1458 -178.124
1459 -178.454
1460 -177.504
1461 -177.931
1462 -177.397
1463 -179.601
1464 -178.609
1465 -177.231
1466 -177.48
1467 -176.152
1468 -176.608
1469 -176.372
1470 -175.507
1471 -176.563
1472 -178.543
1473 -178.397
1474 -179.741
1475 -178.211
1476 -176.597
1477 -177.799
1478 -175.629
1479 -175.014
1480 -174.203
1481 -175.532
1482 -176.908
1483 -176.629
1484 -177.639
1485 -176.977
1486 -175.233
1487 -175.25
1488 -174.672
1489 -175.748
1490 -175.179
1491 -175.07
1492 -176.434
1493 -175.346
1494 -176.552
1495 -175.708
1496 -174.314
1497 -175.324
1498 -172.464
1499 -173.051
1500 -171.891
1501 -172.674
1502 -173.055
1503 -172.238
1504 -171.306
1505 -170.953
1506 -170.094
1507 -169.713
1508 -169.533
1509 -167.975
1510 -166.933
1511 -165.31
1512 -165.745
1513 -165.713
1514 -166.062
1515 -165.37
1516 -163.419
1517 -164.324
1518 -163.059
1519 -161.3
1520 -161.275
1521 -160.786
1522 -160.64
1523 -159.835
1524 -160.57
1525 -160.422
1526 -160.571
1527 -160.475
1528 -161.615
1529 -160.782
1530 -160.407
1531 -160.417
1532 -162.604
1533 -163.025
1534 -161.704
1535 -163.404
1536 -163.417
1537 -163.576
1538 -163.292
1539 -163.656
1540 -164.399
1541 -164.57
1542 -165.675
1543 -164.87
1544 -165.338
1545 -166.026
1546 -166.468
1547 -168.654
1548 -168.358
1549 -167.24
1550 -169.512
1551 -169.259
1552 -169.041
1553 -170.764
1554 -172.169
1555 -171.911
1556 -170.559
1557 -170.876
1558 -171.914
1559 -170.906
1560 -171.799
1561 -171.156
1562 -170.942
1563 -172.656
1564 -173.058
1565 -171.979
1566 -172.816
1567 -173.17
1568 -171.123
1569 -172.413
1570 -171.078
1571 -174.625
1572 -173.759
1573 -174.567
1574 -173.51
1575 -173.169
1576 -174.98
1577 -174.548
1578 -174.589
1579 -174.196
1580 -175.061
1581 -175.281
1582 -174.854
1583 -174.829
1584 -173.213
1585 -174.297
1586 -174.906
1587 -175.32
1588 -174.26
1589 -174.735
1590 -174.047
1591 -175.359
1592 -175.979
1593 -174.694
1594 -175.714
1595 -174.462
1596 -175.029
1597 -174.631
1598 -175.605
1599 -174.366
1600 -174.425
1601 -174.141
1602 -174.024
1603 -174.48
1604 -175.488
1605 -174.8
1606 -175.351
1607 -176.344
1608 -173.701
1609 -175.106
1610 -174.842
1611 -176.246
1612 -174.727
1613 -178.01
1614 -175.157
1615 -174.303
1616 -175.19
1617 -174.715
1618 -177.084
1619 -177.044
1620 -174.717
1621 -173.565
1622 -175.575
1623 -177.125
1624 -175.443
1625 -176.044
1626 -173.828
1627 -175.113
1628 -175.048
1629 -174.156
1630 -173.295
1631 -173.92
1632 -174.39
1633 -172.848
1634 -171.079
1635 -172.294
1636 -172.721
1637 -170.259
1638 -169.818
1639 -171.039
1640 -169.261
1641 -170.429
1642 -167.249
1643 -167.909
1644 -165.996
1645 -165.413
1646 -166.422
1647 -165.058
1648 -164.996
1649 -163.964
1650 -164.009
1651 -162.182
1652 -162.558
1653 -161.487
1654 -161.65
1655 -161.205
1656 -160.942
1657 -159.9
1658 -158.122
1659 -158.894
1660 -158.119
1661 -158.437
1662 -156.118
1663 -156.714
1664 -155.534
1665 -156.659
1666 -153.821
1667 -155.275
1668 -154.886
1669 -155.113
1670 -155.992
1671 -155.224
1672 -156.104
1673 -155.543
1674 -153.77
1675 -154.127
1676 -155.107
1677 -155.686
1678 -156.269
1679 -157.106
1680 -157.314
1681 -155.615
1682 -158.81
1683 -160.277
1684 -160.093
1685 -157.146
1686 -159.787
1687 -160.411
1688 -160.64
1689 -162.185
1690 -161.984
1691 -161.843
1692 -161.291
1693 -163.386
1694 -162.88
1695 -164.278
1696 -163.555
1697 -165.203
1698 -163.686
1699 -164.889
1700 -166.217
1701 -167.07
1702 -165.353
1703 -166.82
1704 -167.849
1705 -169.391
1706 -168.752
1707 -167.951
1708 -168.757
1709 -169.938
1710 -168.879
1711 -167.899
1712 -169.641
1713 -168.243
1714 -168.324
1715 -166.817
1716 -168.545
1717 -168.22
1718 -167.608
1719 -168.153
1720 -168.161
1721 -166.831
1722 -168.789
1723 -166.849
1724 -166.425
1725 -167.427
1726 -170.14
1727 -168.811
1728 -168.748
1729 -169.113
1730 -169.159
1731 -171.784
1732 -170.801
1733 -170.48
1734 -169.102
1735 -169.866
1736 -169.308
1737 -170.146
1738 -170.015
1739 -170.951
1740 -170.789
1741 -171.454
1742 -171.418
1743 -171.736
1744 -169.898
1745 -170.39
1746 -170.224
1747 -171.755
1748 -171.411
1749 -172.082
1750 -171.134
1751 -171.476
1752 -172.03
1753 -171.216
1754 -170.169
1755 -171.284
1756 -171.617
1757 -171.195
1758 -170.094
1759 -170.316
1760 -169.715
1761 -167.573
1762 -169.53
1763 -169.614
1764 -169.131
1765 -170.033
1766 -171.839
1767 -170.65
1768 -171.495
1769 -171.082
1770 -172.922
1771 -171.349
1772 -172.08
1773 -172.328
1774 -172.266
1775 -170.761
1776 -169.61
1777 -171.197
1778 -171.265
1779 -172.023
1780 -171.822
1781 -171.948
1782 -172.463
1783 -173.225
1784 -172.705
1785 -172.477
1786 -174.092
1787 -172.724
1788 -172.912
1789 -172.567
1790 -172.279
1791 -171.5
1792 -173.856
1793 -171.906
1794 -171.436
1795 -172.357
1796 -172.331
1797 -170.713
1798 -171.393
1799 -172.916
1800 -172.018
1801 -170.773
1802 -170.814
1803 -171.588
1804 -171.139
1805 -172.878
1806 -172.451
1807 -172.174
1808 -171.91
1809 -171.495
1810 -173.992
1811 -172.884
1812 -170.955
1813 -172.4
1814 -172.535
1815 -171.18
1816 -173.213
1817 -172.786
1818 -173.899
1819 -173.273
1820 -174.266
1821 -172.389
1822 -173.283
1823 -174.144
1824 -174.602
1825 -174.114
1826 -172.149
1827 -174.783
1828 -173.847
1829 -172.845
1830 -173.97
1831 -173.831
1832 -172.069
1833 -172.074
1834 -174.621
1835 -173.095
1836 -172.644
1837 -172.628
1838 -172.361
1839 -171.489
1840 -173.149
1841 -171.815
1842 -173.183
1843 -173.432
1844 -174.131
1845 -172.781
1846 -174.238
1847 -174.448
1848 -173.887
1849 -172.144
1850 -174.207
1851 -172.731
1852 -173.181
1853 -173.197
1854 -173.141
1855 -173.981
1856 -175.423
1857 -174.242
1858 -174.425
1859 -173.386
1860 -174.719
1861 -174.714
1862 -173.623
1863 -173.935
1864 -174.452
1865 -174.457
1866 -175.009
1867 -175.124
1868 -176.299
1869 -174.286
1870 -174.344
1871 -173.072
1872 -174.421
1873 -174.224
1874 -174.546
1875 -173.118
1876 -173.566
1877 -174.682
1878 -173.191
1879 -171.174
1880 -174.092
1881 -173.131
1882 -174.119
1883 -174.093
1884 -174.831
1885 -175.062
1886 -174.452
1887 -174.549
1888 -175.906
1889 -174.988
1890 -173.006
1891 -174.126
1892 -174.596
1893 -173.528
1894 -175.555
1895 -174.954
1896 -173.945
1897 -175.28
1898 -175.722
1899 -177.112
1900 -176.978
1901 -175.708
1902 -174.611
1903 -176.516
1904 -175.294
1905 -176.88
1906 -177.673
1907 -176.095
1908 -175.317
1909 -175.874
1910 -175.429
1911 -175.688
1912 -174.888
1913 -174.646
1914 -174.105
1915 -175.082
1916 -175.161
1917 -173.174
1918 -174.481
1919 -173.824
1920 -173.669
1921 -174.937
1922 -176.45
1923 -176.04
1924 -177.5
1925 -176.531
1926 -176.253
1927 -176.75
1928 -175.558
1929 -175.695
1930 -175.218
1931 -175.752
1932 -174.771
1933 -176.122
1934 -175.552
1935 -176.863
1936 -176.896
1937 -176.663
1938 -176.699
1939 -175.637
1940 -175.69
1941 -176.693
1942 -176.317
1943 -177.26
1944 -176.941
1945 -177.301
1946 -179.047
1947 -177.042
1948 -177.228
1949 -176.432
1950 -174.75
1951 -175.869
1952 -175.862
1953 -174.909
1954 -175.97
1955 -177.854
1956 -174.991
1957 -173.639
1958 -174.611
1959 -174.859
1960 -174.3
1961 -175.165
1962 -178.208
1963 -177.093
1964 -176.044
1965 -177.025
1966 -176.005
1967 -176.916
1968 -176.337
1969 -175.802
1970 -175.746
1971 -178.244
1972 -176.005
1973 -176.308
1974 -175.289
1975 -175.843
1976 -176.003
1977 -174.743
1978 -177.759
1979 -177.432
1980 -177.616
1981 -178.258
1982 -179.376
1983 -177.447
1984 -178.373
1985 -178.598
1986 -177.168
1987 -177.132
1988 -176.187
1989 -177.037
1990 -177.346
1991 -176.516
1992 -175.841
1993 -175.625
1994 -174.815
1995 -176.404
1996 -176.974
1997 -176.279
1998 -176.524
1999 -175.846
2000 -176.413
2001 -177.484
2002 -178.901
2003 -177.501
2004 -177.609
2005 -178.735
2006 -177.478
2007 -176.185
2008 -177.321
2009 -177.891
2010 -178.857
2011 -179.133
2012 -179.902
2013 -179.026
2014 -176.817
2015 -177.981
2016 -178.043
2017 -178.57
2018 -180.151
2019 -178.874
2020 -179.03
2021 -180.945
2022 -180.844
2023 -180.843
2024 -181.464
2025 -179.512
2026 -180.528
2027 -180.32
2028 -180.685
2029 -180.577
2030 -181.396
2031 -182.32
2032 -182.117
2033 -184.093
2034 -183.17
2035 -184.602
2036 -182.704
2037 -183.892
2038 -186.129
2039 -186.27
2040 -186.938
2041 -186.304
2042 -187.991
2043 -190.262
2044 -190.433
2045 -189.826
2046 -189.895
2047 -188.734
2048 -191.629
2049 -189.43
2050 -190.906
2051 -191.481
2052 -191.828
2053 -191.492
2054 -193.113
2055 -194.11
2056 -194.082
2057 -195.115
2058 -193.37
2059 -194.327
2060 -193.951
2061 -193.876
2062 -194.594
2063 -194.78
2064 -192.774
2065 -193.678
2066 -194.181
2067 -194.529
2068 -193.676
2069 -194.099
2070 -194.018
2071 -193.631
2072 -191.998
2073 -192.261
2074 -192.093
2075 -192.505
2076 -191.445
2077 -190.412
2078 -189.601
2079 -189.935
2080 -189.406
2081 -189.326
2082 -189.854
2083 -188.059
2084 -186.915
2085 -186.976
2086 -186.098
2087 -186.666
2088 -185.965
2089 -185.684
2090 -185.415
2091 -185.581
2092 -182.101
2093 -185.229
2094 -184.506
2095 -184.377
2096 -183.295
2097 -184.843
2098 -183.874
2099 -185.149
2100 -183.624
2101 -184.32
2102 -183.772
2103 -183.281
2104 -183.015
2105 -182.214
2106 -183.642
2107 -184.514
2108 -182.965
2109 -183.517
2110 -183.55
2111 -182.982
2112 -181.727
2113 -183.459
2114 -183.174
2115 -181.958
2116 -182.549
2117 -182.531
2118 -182.246
2119 -181.951
2120 -181.903
2121 -183.448
2122 -181.714
2123 -182.975
2124 -181.416
2125 -181.774
2126 -181.459
2127 -182.115
2128 -180.857
2129 -181.943
2130 -183.012
2131 -182.533
2132 -182.581
2133 -182.161
2134 -182.078
2135 -182.92
2136 -180.431
2137 -181.558
2138 -180.942
2139 -182.38
2140 -182.686
2141 -182.077
2142 -182.859
2143 -181.22
2144 -181.416
2145 -181.258
2146 -181.73
2147 -182.996
2148 -182.916
2149 -181.963
2150 -181.757
2151 -181.59
2152 -183.096
2153 -181.279
2154 -181.017
2155 -182.674
2156 -181.91
2157 -183.322
2158 -181.922
2159 -180.844
2160 -182.565
2161 -182.383
2162 -181.695
2163 -181.103
2164 -183.903
2165 -184.639
2166 -184.485
2167 -186.869
2168 -185.723
2169 -187.617
2170 -186.927
2171 -187.65
2172 -186.576
2173 -187.59
2174 -188.05
2175 -188.873
2176 -189.487
2177 -191.026
2178 -188.906
2179 -192.401
2180 -191.842
2181 -192.752
2182 -192.084
2183 -192.154
2184 -195.165
2185 -194.276
2186 -195.832
2187 -196.452
2188 -196.687
2189 -196.349
2190 -197.018
2191 -197.479
2192 -198.605
2193 -197.438
2194 -200.375
2195 -199.5
2196 -200.858
2197 -200.665
2198 -200.35
2199 -200.571
2200 -200.743
2201 -200.457
2202 -199.912
2203 -201.214
2204 -199.858
2205 -200.275
2206 -199.398
2207 -198.45
2208 -199.009
2209 -197.914
2210 -197.44
2211 -198.806
2212 -196.755
2213 -197.534
2214 -195.988
2215 -195.481
2216 -195.526
2217 -194.722
2218 -193.43
2219 -194.271
2220 -193.525
2221 -192.439
2222 -192.97
2223 -191.116
2224 -190.983
2225 -190.509
2226 -190.265
2227 -190.531
2228 -189.796
2229 -189.528
2230 -189.788
2231 -188.869
2232 -187.92
2233 -189.12
2234 -189.585
2235 -188.408
2236 -187.68
2237 -186.182
2238 -189.424
2239 -187.858
2240 -187.85
2241 -187.652
2242 -187.37
2243 -188.522
2244 -187.938
2245 -187.605
2246 -186.594
2247 -186.385
2248 -188.132
2249 -185.935
2250 -186.391
2251 -187.682
2252 -186.22
2253 -186.463
2254 -186.848
2255 -185.33
2256 -185.281
2257 -185.953
2258 -185.101
2259 -184.742
2260 -183.986
2261 -184.617
2262 -184.544
2263 -184.767
2264 -185.732
2265 -184.691
2266 -185.53
2267 -183.595
2268 -183.764
2269 -184.434
2270 -184.336
2271 -184.014
2272 -183.817
2273 -185.407
2274 -184.329
2275 -184.462
2276 -184.02
2277 -183.799
2278 -183.06
2279 -184.234
2280 -183.255
2281 -186.544
2282 -183.593
2283 -185.2
2284 -183.608
2285 -184.882
2286 -184.589
2287 -183.831
2288 -183.437
2289 -182.636
2290 -183.797
2291 -184.479
2292 -183.822
2293 -183.93
2294 -186.079
2295 -184.585
2296 -183.928
2297 -183.15
2298 -183.729
2299 -183.204
2300 -183.796
2301 -182.479
2302 -183.322
2303 -183.341
2304 -183.538
2305 -184.928
2306 -183.746
2307 -182.424
2308 -184.661
2309 -181.69
2310 -181.077
2311 -181.9
2312 -183.065
2313 -183.458
2314 -183.484
2315 -183.42
2316 -181.344
2317 -183.146
2318 -182.933
2319 -183.129
2320 -182.289
2321 -182.139
2322 -183.004
2323 -182.905
2324 -182.967
2325 -182.791
2326 -183.796
2327 -181.764
2328 -181.346
2329 -183.376
2330 -183.175
2331 -181.815
2332 -182.216
2333 -182.975
2334 -183.616
2335 -184.163
2336 -184.317
2337 -183.554
2338 -182.716
2339 -181.506
2340 -183.279
2341 -184.185
2342 -182.585
2343 -183.095
2344 -182.891
2345 -182.104
2346 -181.818
2347 -181.465
2348 -180.536
2349 -180.901
2350 -182.77
2351 -181.425
2352 -182.545
2353 -183.589
2354 -181.651
2355 -183.043
2356 -180.547
2357 -180.891
2358 -181.389
2359 -182.556
2360 -183.17
2361 -183.778
2362 -185.086
2363 -183.669
2364 -181.976
2365 -182.091
2366 -179.671
2367 -181.292
2368 -181.577
2369 -181.638
2370 -182.209
2371 -180.928
2372 -181.92
2373 -181.71
2374 -183.091
2375 -180.87
2376 -181.028
2377 -180.053
2378 -180.168
2379 -182.011
2380 -182.27
2381 -183.429
2382 -180.67
2383 -181.798
2384 -179.622
2385 -179.633
2386 -180.36
2387 -179.943
2388 -179.016
2389 -179.687
2390 -180.43
2391 -179.871
2392 -181.529
2393 -181.69
2394 -179.621
2395 -180.337
2396 -179.095
2397 -181.128
2398 -180.519
2399 -181.093
2400 -181.787
2401 -181.806
2402 -179.955
2403 -181.599
2404 -180.798
2405 -179.921
2406 -178.149
2407 -181.001
2408 -180.62
2409 -182.602
2410 -181.801
2411 -181.192
2412 -181.058
2413 -181.625
2414 -181.256
2415 -180.612
2416 -178.734
2417 -180.418
2418 -181.061
2419 -181.12
2420 -181.609
2421 -181.514
2422 -180.606
2423 -181.484
2424 -179.23
2425 -178.73
2426 -178.357
2427 -178.745
2428 -178.322
2429 -180.194
2430 -178.669
2431 -180.27
2432 -179.373
2433 -180.503
2434 -179.263
2435 -178.643
2436 -179.126
2437 -180.561
2438 -180.166
2439 -181.245
2440 -179.583
2441 -180.421
2442 -181.049
2443 -180.35
2444 -180
2445 -180.132
2446 -179.314
2447 -179.067
2448 -179.876
2449 -179.821
2450 -181.069
2451 -179.988
2452 -179.046
2453 -179.243
2454 -179.5
2455 -179.435
2456 -179.146
2457 -178.289
2458 -179.501
2459 -179.804
2460 -180.228
2461 -180.465
2462 -178.794
2463 -178.842
2464 -177.531
2465 -176.392
2466 -176.797
2467 -179.098
2468 -178.335
2469 -179.431
2470 -178.721
2471 -179.162
2472 -177.818
2473 -178.454
2474 -178.101
2475 -177.812
2476 -179.172
2477 -180.342
2478 -180.169
2479 -179.767
2480 -179.774
2481 -177.34
2482 -179.87
2483 -178.154
2484 -176.211
2485 -178.931
2486 -179.369
2487 -180.115
2488 -178.14
2489 -178.178
2490 -180.219
2491 -178.457
2492 -177.625
2493 -177.162
2494 -177.193
2495 -177.3
2496 -178.354
2497 -179.377
2498 -179.449
2499 -178.8
2500 -177.589
2501 -178.455
2502 -178.611
2503 -176.136
2504 -178.057
2505 -177.261
2506 -177.777
2507 -178.695
2508 -178.519
2509 -179.263
2510 -177.973
2511 -178.794
2512 -177.004
2513 -177.908
2514 -177.749
2515 -177.618
2516 -178.52
2517 -179.24
2518 -178.258
2519 -179.973
2520 -176.165
2521 -178.897
2522 -177.854
2523 -177.089
2524 -177.953
2525 -178.06
2526 -177.824
2527 -177.718
2528 -178.234
2529 -177.355
2530 -178.409
2531 -177.624
2532 -177.334
2533 -177.254
2534 -177.584
2535 -177.289
2536 -176.309
2537 -177.66
2538 -178.115
2539 -177.736
2540 -176.976
2541 -175.621
2542 -176.032
2543 -175.939
2544 -174.842
2545 -175.66
2546 -175.486
2547 -175.155
2548 -176.999
2549 -176.459
2550 -176.282
2551 -175.479
2552 -175.043
2553 -175.434
2554 -174.277
2555 -174.2
2556 -175.49
2557 -176.604
2558 -175.985
2559 -174.684
2560 -175.39
2561 -172.596
2562 -173.284
2563 -171.719
2564 -172.827
2565 -173.836
2566 -171.695
2567 -172.467
2568 -171.086
2569 -171.212
2570 -170.98
2571 -167.66
2572 -168.008
2573 -168.084
2574 -167.58
2575 -167.174
2576 -167.243
2577 -166.042
2578 -165.751
2579 -165.266
2580 -164.375
2581 -164.331
2582 -161.392
2583 -161.477
2584 -161.344
2585 -159.576
2586 -160.078
2587 -159.908
2588 -160.297
2589 -160.83
2590 -160.984
2591 -160.922
2592 -160.168
2593 -161.489
2594 -159.892
2595 -160.65
2596 -161.952
2597 -161.117
2598 -160.441
2599 -162.502
2600 -162.534
2601 -163.622
2602 -162.988
2603 -163.45
2604 -163.425
2605 -164.688
2606 -164.644
2607 -165.992
2608 -164.668
2609 -165.977
2610 -163.306
2611 -167.177
2612 -166.718
2613 -167.058
2614 -167.499
2615 -168.372
2616 -169.509
2617 -168.07
2618 -168.536
2619 -169.409
2620 -172.459
2621 -169.494
2622 -170.631
2623 -172.799
2624 -171.398
2625 -172.714
2626 -171.74
2627 -172.398
2628 -174.274
2629 -172.628
2630 -172.065
2631 -172.446
2632 -173.375
2633 -174.917
2634 -174.527
2635 -173.616
2636 -173.867
2637 -173.275
2638 -172.274
2639 -173.812
2640 -172.651
2641 -173.395
2642 -171.812
2643 -172.684
2644 -173.869
2645 -174.928
2646 -175.203
2647 -175.447
2648 -174.41
2649 -173.131
2650 -171.617
2651 -175.717
2652 -174.345
2653 -174.555
2654 -173.773
2655 -173.433
2656 -174.155
2657 -174.006
2658 -175.107
2659 -174.271
2660 -173.867
2661 -176.363
2662 -175.481
2663 -173.879
2664 -174.324
2665 -174.399
2666 -174.932
2667 -174.937
2668 -176.235
2669 -174.795
2670 -172.918
2671 -174.487
2672 -175.088
2673 -174.334
2674 -173.991
2675 -175.79
2676 -175.176
2677 -175.598
2678 -176.097
2679 -174.664
2680 -175.819
2681 -174.035
2682 -172.775
2683 -174.938
2684 -174.843
2685 -175.026
2686 -174.806
2687 -175.786
2688 -174.832
2689 -174.746
2690 -174.377
2691 -174.341
2692 -174.554
2693 -172.209
2694 -173.125
2695 -174.289
2696 -174.038
2697 -172.339
2698 -172.059
2699 -171.006
2700 -170.879
2701 -169.658
2702 -169.442
2703 -169.511
2704 -169.792
2705 -169.839
2706 -167.291
2707 -167.831
2708 -166.134
2709 -166.315
2710 -167.196
2711 -164.697
2712 -165.424
2713 -163.979
2714 -163.98
2715 -163.299
2716 -161.426
2717 -162.413
2718 -161.309
2719 -160.73
2720 -161.88
2721 -159.188
2722 -156.682
2723 -159.569
2724 -158.566
2725 -156.49
2726 -157.941
2727 -156.827
2728 -154.811
2729 -155.784
2730 -155.23
2731 -155.345
2732 -156.448
2733 -156.012
2734 -154.418
2735 -155.286
2736 -154.598
2737 -154.789
2738 -154.28
2739 -155.359
2740 -155.809
2741 -156.151
2742 -156.664
2743 -156.79
2744 -156.801
2745 -157.896
2746 -158.226
2747 -157.436
2748 -159.04
2749 -158.378
2750 -159.469
2751 -160.585
2752 -161.835
2753 -159.842
2754 -162.3
2755 -162.042
2756 -162.997
2757 -163.107
2758 -162.914
2759 -161.807
2760 -162.899
2761 -163.868
2762 -163.71
2763 -166.571
2764 -165.163
2765 -165.77
2766 -166.097
2767 -167.57
2768 -167.592
2769 -169.399
2770 -167.522
2771 -168.53
2772 -169.06
2773 -168.122
2774 -168.963
2775 -169.634
2776 -168.939
2777 -169.382
2778 -168.855
2779 -167.83
2780 -167.941
2781 -168.258
2782 -167.939
2783 -168.002
2784 -167.549
2785 -168.55
2786 -168.45
2787 -166.908
2788 -168.434
2789 -168.808
2790 -169.378
2791 -170.382
2792 -169.746
2793 -169.762
2794 -170.471
2795 -170.017
2796 -171.088
2797 -169.47
2798 -170.857
2799 -169.608
2800 -169.324
2801 -169.5
2802 -171.364
2803 -170.294
2804 -171.155
2805 -170.807
2806 -168.817
2807 -170.018
2808 -171.229
2809 -170.873
2810 -171.217
2811 -171.526
2812 -173.612
2813 -173.031
2814 -172.849
2815 -172.081
2816 -171.225
2817 -171.184
2818 -170.918
2819 -169.897
2820 -170.149
2821 -170.372
2822 -170.287
2823 -171.138
2824 -170.278
2825 -170.743
2826 -170.822
2827 -168.459
2828 -169.216
2829 -170.161
2830 -171.156
2831 -171.559
2832 -169.326
2833 -170.917
2834 -173.072
2835 -172.541
2836 -172.83
2837 -171.16
2838 -172.125
2839 -170.997
2840 -170.781
2841 -171.746
2842 -171.76
2843 -172.351
2844 -170.107
2845 -173.177
2846 -172.226
2847 -172.862
2848 -172.236
2849 -172.27
2850 -172.642
2851 -172.588
2852 -173.431
2853 -173.918
2854 -174.651
2855 -171.965
2856 -170.57
2857 -170.873
2858 -173.314
2859 -171.934
2860 -171.326
2861 -171.141
2862 -172.112
2863 -171.787
2864 -172.908
2865 -170.696
2866 -170.928
2867 -170.781
2868 -171.724
2869 -170.547
2870 -171.908
2871 -172.004
2872 -172.941
2873 -173.137
2874 -173.171
2875 -173.296
2876 -172.524
2877 -173.326
2878 -173.002
2879 -171.474
2880 -172.299
2881 -171.768
2882 -173.533
2883 -173.509
2884 -172.915
2885 -173.707
2886 -172.704
2887 -174.009
2888 -172.364
2889 -173.134
2890 -174.85
2891 -174.082
2892 -173.661
2893 -174.748
2894 -174.704
2895 -172.326
2896 -172.306
2897 -172.859
2898 -172.384
2899 -173.943
2900 -173.61
2901 -172.4
2902 -172.501
2903 -172.526
2904 -170.779
2905 -172.522
2906 -172.25
2907 -172.298
2908 -173.878
2909 -173.872
2910 -174.391
2911 -173.6
2912 -172.784
2913 -173.753
2914 -174.225
2915 -173.203
2916 -174.855
2917 -173.732
2918 -174.561
2919 -171.862
2920 -173.798
2921 -173.258
2922 -174.296
2923 -175.025
2924 -174.251
2925 -173.284
2926 -172.837
2927 -173.898
2928 -175.683
2929 -173.795
2930 -175.252
2931 -173.726
2932 -174.558
2933 -174.449
2934 -175.007
2935 -173.471
2936 -174.253
2937 -173.87
2938 -173.711
2939 -173.638
2940 -174.616
2941 -172.798
2942 -174.446
2943 -173.593
2944 -170.887
2945 -173.937
2946 -174.433
2947 -174.149
2948 -173.453
2949 -175.931
2950 -174.848
2951 -174.961
2952 -174.955
2953 -174.657
2954 -175.248
2955 -174.637
2956 -174.649
2957 -176.495
2958 -175.335
2959 -178.33
2960 -175.719
2961 -175.033
2962 -174.799
2963 -175.246
2964 -176.669
2965 -174.833
2966 -175.764
2967 -174.571
2968 -175.156
2969 -177.341
2970 -177.89
2971 -176.602
2972 -176.353
2973 -175.447
2974 -175.669
2975 -174.074
2976 -175.423
2977 -175.132
2978 -173.506
2979 -176.041
2980 -173.205
2981 -174.188
2982 -172.453
2983 -173.061
2984 -175.163
2985 -174.811
2986 -173.902
2987 -175.58
2988 -176.954
2989 -175.624
2990 -175.757
2991 -175.008
2992 -176.224
2993 -176.783
2994 -175.687
2995 -176.111
2996 -176.539
2997 -174.624
2998 -175.428
2999 -175.906
3000 -174.503
3001 -175.882
3002 -175.32
3003 -175.817
3004 -176.572
3005 -176.295
3006 -178.043
3007 -178.852
3008 -177.07
3009 -177.439
3010 -176.45
3011 -176.97
3012 -176.778
3013 -175.695
3014 -175.223
3015 -176.396
3016 -175.349
3017 -175.968
3018 -175.052
3019 -175.294
3020 -176.246
3021 -174.671
3022 -175.425
3023 -174.742
3024 -175.815
3025 -176.945
3026 -175.79
3027 -177.268
3028 -176.431
3029 -176.828
3030 -177.228
3031 -175.734
3032 -176.546
3033 -176.009
3034 -175.935
3035 -175.555
3036 -176.746
3037 -177.329
3038 -178.474
3039 -176.558
3040 -176.124
3041 -176.43
3042 -175.545
3043 -177.698
3044 -177.421
3045 -176.679
3046 -177.792
3047 -176.088
3048 -178.532
3049 -178.469
3050 -177.787
3051 -177.308
3052 -178.552
3053 -175.877
3054 -175.525
3055 -177.72
3056 -175.798
3057 -175.999
3058 -177.245
3059 -176.589
3060 -175.678
3061 -176.988
3062 -175.263
3063 -177.228
3064 -177.698
3065 -175.788
3066 -177.66
3067 -176.187
3068 -177.549
3069 -177.637
3070 -178.528
3071 -176.278
3072 -177.188
3073 -177.931
3074 -177.771
3075 -176.909
3076 -176.35
3077 -178.602
3078 -178.477
3079 -179.512
3080 -177.141
3081 -178.139
3082 -178.201
3083 -178.407
3084 -180.323
3085 -181.204
3086 -180.135
3087 -181.447
3088 -179.512
3089 -180.494
3090 -182.05
3091 -181.684
3092 -181.551
3093 -181.858
3094 -180.98
3095 -181.74
3096 -182.08
3097 -184.052
3098 -182.329
3099 -183.987
3100 -182.098
3101 -183.338
3102 -185.651
3103 -184.865
3104 -185.365
3105 -185.492
3106 -189.21
3107 -188.01
3108 -188.352
3109 -189.387
3110 -190.272
3111 -189.202
3112 -188.826
3113 -190.615
3114 -190.796
3115 -191.004
3116 -191.969
3117 -191.258
3118 -194.209
3119 -193.215
3120 -195.602
3121 -194.87
3122 -193.315
3123 -194.419
3124 -194.313
3125 -193.732
3126 -195.537
3127 -195.818
3128 -196.115
3129 -194.671
3130 -194.636
3131 -193.812
3132 -194.66
3133 -193.81
3134 -193.434
3135 -193.025
3136 -192.064
3137 -193.038
3138 -192.608
3139 -192.534
3140 -190.976
3141 -190.495
3142 -191.011
3143 -190.568
3144 -190.228
3145 -189.353
3146 -190.316
3147 -187.397
3148 -187.164
3149 -187.268
3150 -187.077
3151 -186.704
3152 -185.972
3153 -187.005
3154 -185.084
3155 -185.429
3156 -185.187
3157 -184.914
3158 -184.109
3159 -184.831
3160 -184.128
3161 -185.011
3162 -184.441
3163 -184.731
3164 -186.194
3165 -184.581
3166 -184.142
3167 -184.146
3168 -183.007
3169 -182.711
3170 -184.436
3171 -184.006
3172 -183.394
3173 -184.363
3174 -185.174
3175 -182.914
3176 -183.644
3177 -183.287
3178 -182.954
3179 -183.234
3180 -182.407
3181 -183.553
3182 -182.613
3183 -184.136
3184 -181.8
3185 -181.538
3186 -181.486
3187 -181.303
3188 -181.848
3189 -181.322
3190 -181.536
3191 -182.6
3192 -183.363
3193 -182.758
3194 -182.151
3195 -181.737
3196 -181.884
3197 -181.237
3198 -181.027
3199 -182.252
3200 -181.336
3201 -180.58
3202 -181.132
3203 -182.259
3204 -181.474
3205 -182.397
3206 -182.732
3207 -181.927
3208 -181.647
3209 -182.615
3210 -180.761
3211 -181.362
3212 -181.485
3213 -182.088
3214 -181.968
3215 -182.194
3216 -182.41
3217 -180.714
3218 -181.527
3219 -182.538
3220 -181.868
3221 -182.109
3222 -180.783
3223 -180.916
3224 -181.046
3225 -182.033
3226 -180.168
3227 -181.663
3228 -182.564
3229 -181.591
3230 -180.25
3231 -183.363
3232 -182.044
3233 -182.66
3234 -182.273
3235 -182.865
3236 -180.507
3237 -181.864
3238 -182.656
3239 -182.136
3240 -182.235
3241 -182.212
3242 -181.578
3243 -180.485
3244 -180.712
3245 -183.215
3246 -182.951
3247 -182.532
3248 -180.482
3249 -182.181
3250 -183.542
3251 -183.193
3252 -182.25
3253 -182.633
3254 -181.619
3255 -181.54
3256 -181.929
3257 -179.271
3258 -182.678
3259 -182.799
3260 -182.712
3261 -182.737
3262 -183.278
3263 -182.719
3264 -181.568
3265 -182.395
3266 -183.283
3267 -182.479
3268 -182.264
3269 -180.7
3270 -181.004
3271 -182.72
3272 -182.404
3273 -181.412
3274 -181.476
3275 -182.801
3276 -182.135
3277 -180.503
3278 -179.838
3279 -181.759
3280 -182.014
3281 -182.614
3282 -182.81
3283 -182.64
3284 -182.164
3285 -182.706
3286 -181.363
3287 -183.534
3288 -183.105
3289 -181.772
3290 -182.024
3291 -182.403
3292 -182.541
3293 -182.863
3294 -182.481
3295 -182.968
3296 -180.9
3297 -182.897
3298 -183.217
3299 -181.126
3300 -182.807
3301 -181.057
3302 -181.858
3303 -181.645
3304 -182.036
3305 -182.927
3306 -180.484
3307 -181.496
3308 -182.246
3309 -182.616
3310 -181.995
3311 -182.764
3312 -182.725
3313 -181.81
3314 -182.125
3315 -181.44
3316 -181.896
3317 -182.844
3318 -181.887
3319 -183.338
3320 -182.694
3321 -182.628
3322 -180.772
3323 -182.451
3324 -183.187
3325 -182.935
3326 -181.637
3327 -182.344
3328 -181.917
3329 -182.316
3330 -180.661
3331 -182.152
3332 -181.766
3333 -181.511
3334 -182.725
3335 -182.345
3336 -182.676
3337 -181.564
3338 -182.211
3339 -181.867
3340 -182.997
3341 -182.382
3342 -182.163
3343 -182.043
3344 -180.441
3345 -182.318
3346 -182.175
3347 -181.764
3348 -181.255
3349 -183.008
3350 -183.028
3351 -182.425
3352 -181.211
3353 -182.294
3354 -182.835
3355 -183.397
3356 -181.731
3357 -181.722
3358 -181.748
3359 -180.91
3360 -182.423
3361 -181.292
3362 -182.72
3363 -182.735
3364 -183.809
3365 -181.817
3366 -182.124
3367 -183.099
3368 -182.4
3369 -183.114
3370 -182.696
3371 -183.696
3372 -182.362
3373 -182.448
3374 -180.978
3375 -182.147
3376 -182.993
3377 -183.146
3378 -182.954
3379 -182.479
3380 -182.382
3381 -182.97
3382 -183.832
3383 -183.143
3384 -181.161
3385 -182.177
3386 -181.852
3387 -181.741
3388 -183.258
3389 -182.849
3390 -181.782
3391 -182.752
3392 -184.039
3393 -182.176
3394 -183.434
3395 -183.35
3396 -183.232
3397 -180.845
3398 -182.223
3399 -182.113
