0 -107.36
1 -105.674
2 -107.685
3 -108.288
4 -107.753
5 -107.917
6 -108.789
7 -109.35
8 -108.719
9 -107.753
10 -106.667
11 -105.979
12 -107.189
13 -106.836
14 -106.543
15 -106.338
16 -107.495
17 -105.173
18 -107.76
19 -107.746
20 -106.848
21 -107.486
22 -107.241
23 -107.77
24 -107.945
25 -108.865
26 -107.45
27 -107.361
28 -108.34
29 -107.424
30 -109.905
31 -110.967
32 -109.464
33 -109.794
34 -110.181
35 -112.788
36 -112.069
37 -111.735
38 -111.888
39 -114.945
40 -112.631
41 -114.113
42 -115.553
43 -115.72
44 -116.259
45 -117.873
46 -117.094
47 -117.628
48 -119.125
49 -119.309
50 -120.716
51 -120.634
52 -121.815
53 -122.053
54 -121.481
55 -123.482
56 -123.948
57 -122.68
58 -123.849
59 -125.72
60 -125.649
61 -125.632
62 -127.482
63 -126.899
64 -126.077
65 -128.2
66 -125.069
67 -126.105
68 -128.595
69 -126.208
70 -126.522
71 -126.078
72 -128.179
73 -126.007
74 -126.244
75 -124.594
76 -124.268
77 -123.879
78 -123.553
79 -124.222
80 -123.7
81 -123.371
82 -121.57
83 -121.298
84 -120.259
85 -120.933
86 -121.205
87 -119.973
88 -119.551
89 -119.333
90 -119.502
91 -118.627
92 -118.643
93 -119.23
94 -117.809
95 -118.9
96 -115.898
97 -117.884
98 -115.043
99 -115.547
100 -115.92
101 -116.119
102 -116.768
103 -114.848
104 -114.546
105 -115.539
106 -115.537
107 -115.789
108 -115.126
109 -114.72
110 -115.08
111 -115.396
112 -116.423
113 -115.414
114 -116.85
115 -117.391
116 -115.909
117 -117.894
118 -117.397
119 -117.155
120 -117.282
121 -116.462
122 -114.396
123 -115.892
124 -116.468
125 -117.554
126 -116.872
127 -115.178
128 -116.09
129 -114.723
130 -115.076
131 -115.629
132 -115.306
133 -115.097
134 -114.139
135 -115.692
136 -116.092
137 -114.738
138 -115.697
139 -113.956
140 -114.458
141 -114.738
142 -113.588
143 -113.854
144 -113.399
145 -114.172
146 -113.53
147 -114.958
148 -114.849
149 -114.07
150 -114.004
151 -114.113
152 -113.007
153 -113.387
154 -114.434
155 -113.436
156 -115.255
157 -115.65
158 -115.709
159 -115.875
160 -114.72
161 -115.167
162 -115.301
163 -116.241
164 -114.917
165 -115.398
166 -116.924
167 -115.457
168 -117.489
169 -116.989
170 -115.356
171 -116.048
172 -115.074
173 -116.322
174 -115.277
175 -115.336
176 -114.45
177 -113.968
178 -116.371
179 -113.304
180 -116.689
181 -116.996
182 -116.933
183 -116.163
184 -116.051
185 -116.224
186 -112.023
187 -113.083
188 -113.662
189 -111.558
190 -114.843
191 -114.616
192 -114.335
193 -113.715
194 -115.043
195 -114.175
196 -115.152
197 -113.858
198 -113.758
199 -113.207
200 -113.222
201 -114.032
202 -115.783
203 -116.674
204 -116.422
205 -115.82
206 -114.987
207 -115.567
208 -116.723
209 -115.462
210 -116.077
211 -117.108
212 -115.868
213 -116.894
214 -117.346
215 -115.259
216 -115.736
217 -117.193
218 -116.585
219 -117.335
220 -114.012
221 -116.161
222 -114.826
223 -115.525
224 -117.065
225 -116.408
226 -115.985
227 -116.491
228 -114.619
229 -114.492
230 -116.468
231 -114.669
232 -114.156
233 -113.23
234 -114.156
235 -114.554
236 -115.871
237 -115.959
238 -115.258
239 -113.26
240 -114.444
241 -112.741
242 -112.434
243 -114.104
244 -113.997
245 -115.034
246 -114.448
247 -115.063
248 -115.325
249 -116.213
250 -117.245
251 -114.193
252 -114.713
253 -116.728
254 -116.421
255 -118.651
256 -116.228
257 -117.154
258 -115.532
259 -116.005
260 -117.102
261 -116.861
262 -116.122
263 -116.887
264 -116.385
265 -116.586
266 -116.39
267 -115.628
268 -116.156
269 -116.25
270 -116.062
271 -114.351
272 -116.078
273 -116.297
274 -115.362
275 -114.193
276 -113.345
277 -113.157
278 -113.345
279 -114.383
280 -114.417
281 -114.547
282 -113.04
283 -115.087
284 -115.808
285 -114.166
286 -114.407
287 -114.744
288 -114.01
289 -114.541
290 -114.984
291 -115.102
292 -115.446
293 -116.437
294 -116.075
295 -115.722
296 -114.942
297 -114.451
298 -115.694
299 -115.651
300 -117.243
301 -115.786
302 -116.97
303 -117.426
304 -116.909
305 -116.369
306 -116.19
307 -118.188
308 -116.788
309 -115.921
310 -116.421
311 -115.725
312 -115.927
313 -115.195
314 -114.96
315 -115.77
316 -114.67
317 -115.319
318 -115.457
319 -114.316
320 -114.524
321 -113.449
322 -113.667
323 -114.299
324 -115.209
325 -114.545
326 -114.567
327 -115.253
328 -114.27
329 -114.266
330 -114.747
331 -112.903
332 -114.85
333 -113.479
334 -114.124
335 -116.225
336 -115.755
337 -115.635
338 -115.23
339 -115.975
340 -115.333
341 -114.995
342 -116.716
343 -117.473
344 -115.141
345 -115.747
346 -116.944
347 -116.516
348 -116.244
349 -117.595
350 -115.481
351 -117.757
352 -116.238
353 -117.246
354 -116.972
355 -115.165
356 -115.847
357 -115.929
358 -117.303
359 -116.792
360 -116.813
361 -116.831
362 -116.973
363 -116.929
364 -115.033
365 -115.24
366 -112.712
367 -114.15
368 -116.43
369 -114.303
370 -114.965
371 -115.355
372 -116.1
373 -115.051
374 -115.138
375 -114.569
376 -114.088
377 -114.48
378 -113.609
379 -115.867
380 -116.252
381 -116.223
382 -115.467
383 -116.755
384 -115.7
385 -116.406
386 -116.863
387 -116.223
388 -116.552
389 -116.298
390 -116.215
391 -117.877
392 -116.112
393 -116.995
394 -116.269
395 -118.079
396 -117.504
397 -115.662
398 -116.568
399 -116.18
400 -114.386
401 -115.789
402 -116.288
403 -115.324
404 -116.357
405 -116.844
406 -116.478
407 -114.935
408 -115.393
409 -114.45
410 -116.025
411 -115.379
412 -114.64
413 -113.689
414 -114.874
415 -114.854
416 -115.548
417 -114.688
418 -114.428
419 -114.187
420 -115.026
421 -114.297
422 -115.794
423 -114.175
424 -114.499
425 -113.615
426 -114.351
427 -117.311
428 -116.403
429 -115.841
430 -115.1
431 -116.496
432 -115.618
433 -115.144
434 -116.889
435 -116.997
436 -117.526
437 -117.062
438 -116.634
439 -117.143
440 -117.048
441 -117.223
442 -117.057
443 -117.491
444 -116.906
445 -114.582
446 -115.017
447 -114.64
448 -115.536
449 -117.292
450 -116.983
451 -117.352
452 -116.029
453 -114.195
454 -116.506
455 -114.729
456 -114.673
457 -113.353
458 -114.711
459 -114.556
460 -114.25
461 -116.307
462 -114.261
463 -114.261
464 -113.793
465 -111.884
466 -114.098
467 -112.43
468 -114.458
469 -113.629
470 -114.356
471 -115.406
472 -115.27
473 -116.462
474 -115.187
475 -116.724
476 -116.063
477 -117.068
478 -117.001
479 -117.327
480 -116.689
481 -114.674
482 -116.308
483 -114.591
484 -116.701
485 -114.644
486 -114.557
487 -114.151
488 -113.091
489 -113.652
490 -112.39
491 -112.057
492 -111.663
493 -111.248
494 -109.794
495 -110.242
496 -109.587
497 -108.344
498 -109.4
499 -106.979
500 -106.371
501 -105.616
502 -105.257
503 -103.325
504 -103.755
505 -102.414
506 -102.714
507 -101.76
508 -101.498
509 -102.224
510 -101.484
511 -101.025
512 -100.477
513 -100.191
514 -101.431
515 -101.959
516 -99.4146
517 -100.979
518 -101.321
519 -101.225
520 -101.335
521 -101.038
522 -101.785
523 -101.593
524 -102.723
525 -103.756
526 -103.049
527 -104.935
528 -103.474
529 -103.315
530 -105.79
531 -104.526
532 -104.734
533 -105.981
534 -106.27
535 -107.23
536 -107.927
537 -107.373
538 -108.139
539 -107.087
540 -108.75
541 -109.094
542 -107.879
543 -109.245
544 -110.167
545 -107.761
546 -110.091
547 -110.257
548 -110.114
549 -111.489
550 -109.749
551 -110.306
552 -110.823
553 -112.417
554 -110.416
555 -111.819
556 -110.764
557 -108.886
558 -111.28
559 -110.908
560 -110.777
561 -110.561
562 -110.801
563 -110.018
564 -111.806
565 -110.831
566 -113.278
567 -111.709
568 -111.381
569 -112.656
570 -110.792
571 -112.681
572 -111.305
573 -110.436
574 -110.885
575 -110.588
576 -109.424
577 -110.863
578 -111.411
579 -112.34
580 -112.565
581 -111.964
582 -112.043
583 -112.398
584 -110.431
585 -112.116
586 -112.692
587 -112.334
588 -111.993
589 -112.354
590 -112.255
591 -112.133
592 -112.09
593 -111.406
594 -112.123
595 -113.079
596 -112.358
597 -111.663
598 -111.975
599 -112.285
600 -111.947
601 -111.669
602 -112.682
603 -112.496
604 -110.214
605 -110.562
606 -111.378
607 -111.085
608 -110.519
609 -109.442
610 -108.036
611 -108.411
612 -107.566
613 -107.108
614 -106.41
615 -105.669
616 -106.361
617 -105.342
618 -104.154
619 -102.124
620 -103.2
621 -103.776
622 -100.965
623 -101.125
624 -100.676
625 -99.9206
626 -99.0448
627 -97.3849
628 -96.92
629 -96.4897
630 -97.5646
631 -97.4106
632 -96.3377
633 -96.1362
634 -95.3861
635 -95.7925
636 -93.4533
637 -93.7477
638 -92.8887
639 -92.0054
640 -91.4816
641 -92.1747
642 -92.9366
643 -93.7853
644 -93.0128
645 -93.798
646 -91.8997
647 -92.2574
648 -94.0453
649 -91.8478
650 -93.2002
651 -94.2207
652 -95.3566
653 -95.9882
654 -92.7784
655 -96.1869
656 -97.3863
657 -97.9205
658 -98.5617
659 -99.0444
660 -99.4488
661 -101.223
662 -100.045
663 -101.082
664 -100.586
665 -101.814
666 -103.108
667 -102.838
668 -102.791
669 -103.69
670 -101.993
671 -102.198
672 -103.488
673 -103.415
674 -102.97
675 -103.666
676 -104.255
677 -104.211
678 -103.889
679 -103.248
680 -103.732
681 -105.257
682 -104.37
683 -104.686
684 -105.276
685 -104.929
686 -105.562
687 -105.932
688 -104.781
689 -104.105
690 -104.47
691 -103.326
692 -104.107
693 -103.038
694 -103.236
695 -102.043
696 -102.436
697 -100.952
698 -101.69
699 -100.911
700 -102.458
701 -102.422
702 -103.691
703 -101.764
704 -103.684
705 -105.098
706 -104.711
707 -105.707
708 -106.07
709 -106.655
710 -105.795
711 -106.273
712 -106.861
713 -107.269
714 -105.723
715 -105.849
716 -104.883
717 -103.57
718 -105.811
719 -106.503
720 -106.354
721 -106.111
722 -106.623
723 -104.6
724 -105.877
725 -104.132
726 -105.084
727 -105.189
728 -107.485
729 -106.492
730 -104.942
731 -106.625
732 -105.972
733 -107.451
734 -106.067
735 -106.05
736 -105.236
737 -104.259
738 -102.9
739 -103.895
740 -103.492
741 -103.808
742 -103.261
743 -103.051
744 -102.682
745 -102.402
746 -102.576
747 -103.675
748 -105.161
749 -103.392
750 -104.437
751 -105.231
752 -104.921
753 -106.13
754 -105.931
755 -104.625
756 -106.844
757 -106.436
758 -105.003
759 -105.994
760 -105.15
761 -106.343
762 -104.83
763 -105.628
764 -105.928
765 -107.125
766 -105.552
767 -105.67
768 -106.404
769 -104.772
770 -105.395
771 -104.131
772 -105.729
773 -106.213
774 -105.557
775 -106.138
776 -107.122
777 -107.586
778 -106.128
779 -105.66
780 -104.83
781 -104.749
782 -104.699
783 -102.939
784 -103.689
785 -102.52
786 -101.424
787 -103.001
788 -103.747
789 -101.417
790 -102.559
791 -101.577
792 -104.741
793 -104.102
794 -105.447
795 -104.413
796 -104.465
797 -106.175
798 -104.838
799 -104.898
800 -105.496
801 -106.156
802 -105.644
803 -105.555
804 -105.773
805 -106.606
806 -104.311
807 -105.653
808 -107.316
809 -106.345
810 -106.113
811 -106.021
812 -105.627
813 -104.596
814 -105.823
815 -106.274
816 -104.225
817 -105.652
818 -107.4
819 -105.354
820 -106.829
821 -106.505
822 -106.604
823 -105.792
824 -104.463
825 -105.049
826 -104.599
827 -104.763
828 -103.877
829 -102.345
830 -104.111
831 -102.929
832 -102.774
833 -104.082
834 -102.951
835 -102.741
836 -103.888
837 -103.884
838 -104.288
839 -106.499
840 -105.353
841 -106.073
842 -105.495
843 -105.242
844 -106.182
845 -106.624
846 -105.464
847 -105.858
848 -104.374
849 -105.552
850 -104.661
851 -104.61
852 -105.189
853 -106.291
854 -105.797
855 -105.856
856 -105.663
857 -103.872
858 -105.276
859 -104.447
860 -105.666
861 -103.751
862 -104.862
863 -105.427
864 -106.064
865 -107.847
866 -105.273
867 -104.594
868 -105.003
869 -105.544
870 -104.116
871 -103.819
872 -103.975
873 -102.918
874 -103.543
875 -102.973
876 -101.28
877 -102.577
878 -101.6
879 -102.41
880 -102.921
881 -103.613
882 -104.906
883 -104.665
884 -104.421
885 -104.114
886 -105.518
887 -104.403
888 -105.614
889 -106.367
890 -107.681
891 -105.399
892 -104.083
893 -105.406
894 -105.242
895 -104.652
896 -105.006
897 -103.806
898 -106.579
899 -106.322
900 -104.035
901 -104.837
902 -105.243
903 -104.893
904 -104.86
905 -104.796
906 -104.638
907 -105.972
908 -105.597
909 -104.949
910 -106.172
911 -105.494
912 -105.185
913 -102.104
914 -104.315
915 -104.977
916 -103.65
917 -102.02
918 -103.783
919 -102.605
920 -101.743
921 -100.236
922 -102.036
923 -101.92
924 -102.605
925 -101.894
926 -101.776
927 -103.906
928 -104.959
929 -103.462
930 -105.22
931 -104.725
932 -104.854
933 -105.718
934 -105.018
935 -105.239
936 -105.082
937 -103.73
938 -104.896
939 -103.149
940 -105.135
941 -105.428
942 -104.172
943 -106.571
944 -105.917
945 -104.613
946 -106.409
947 -105.896
948 -103.838
949 -106.045
950 -104.04
951 -104.693
952 -104.378
953 -106.113
954 -104.474
955 -106.138
956 -106.507
957 -105.669
958 -104.226
959 -104.527
960 -104.54
961 -104.699
962 -101.511
963 -102.03
964 -102.088
965 -103.389
966 -101.836
967 -103.249
968 -101.912
969 -102.217
970 -103.679
971 -103.115
972 -104.125
973 -103.302
974 -104.829
975 -105.406
976 -105.295
977 -104.372
978 -104.359
979 -104.544
980 -104.839
981 -104.533
982 -103.804
983 -103.253
984 -104.834
985 -104.538
986 -105.085
987 -105.118
988 -105.972
989 -106.842
990 -105.112
991 -103.469
992 -104.797
993 -104.818
994 -104.814
995 -102.232
996 -104.387
997 -104.482
998 -104.012
999 -107.456
1000 -106.779
1001 -104.723
1002 -105.302
1003 -104.158
1004 -103.845
1005 -103.818
1006 -103.829
1007 -104.072
1008 -103.319
1009 -102.44
1010 -103.582
1011 -102.983
1012 -102.155
1013 -101.326
1014 -103.499
1015 -103.443
1016 -102.324
1017 -104.03
1018 -103.251
1019 -103.91
1020 -103.466
1021 -104.27
1022 -105.168
1023 -104.412
1024 -107.578
1025 -104.854
1026 -105.289
1027 -103.987
1028 -105.016
1029 -104.863
1030 -105.023
1031 -102.948
1032 -103.75
1033 -105.049
1034 -104.5
1035 -104.55
1036 -104.307
1037 -104.827
1038 -102.333
1039 -104.922
1040 -104.831
1041 -103.186
1042 -106.406
1043 -106.38
1044 -105.468
1045 -105.756
1046 -105.289
1047 -104.365
1048 -105.7
1049 -103.694
1050 -103.44
1051 -105.046
1052 -102.867
1053 -102.439
1054 -103.07
1055 -104.036
1056 -102.997
1057 -103.603
1058 -103.684
1059 -102.622
1060 -104.697
1061 -106.176
1062 -106.524
1063 -106.762
1064 -107.11
1065 -109.077
1066 -108.834
1067 -109.371
1068 -110.132
1069 -111.962
1070 -111.731
1071 -112.774
1072 -111.35
1073 -112.442
1074 -111.859
1075 -113.499
1076 -113.033
1077 -114.52
1078 -114.489
1079 -115.508
1080 -116.747
1081 -117.637
1082 -118.133
1083 -117.174
1084 -117.26
1085 -116.837
1086 -117.676
1087 -118.918
1088 -116.218
1089 -118.387
1090 -118.347
1091 -117.328
1092 -117.678
1093 -117.942
1094 -117.118
1095 -116.455
1096 -116.678
1097 -117.435
1098 -115.865
1099 -115.792
1100 -115.478
1101 -116.362
1102 -115.754
1103 -113.382
1104 -115.733
1105 -114.625
1106 -114.298
1107 -112.67
1108 -112.702
1109 -111.894
1110 -112.055
1111 -111.506
1112 -111.364
1113 -110.468
1114 -109.412
1115 -109.752
1116 -108.994
1117 -111.371
1118 -108.868
1119 -111.473
1120 -109.757
1121 -109.412
1122 -109.996
1123 -109.091
1124 -108.18
1125 -107.467
1126 -107.7
1127 -105.948
1128 -108.427
1129 -108.104
1130 -108.106
1131 -108.019
1132 -108.793
1133 -108.503
1134 -107.611
1135 -107.638
1136 -106.922
1137 -107.024
1138 -107.649
1139 -108.042
1140 -108.123
1141 -106.169
1142 -107.098
1143 -106.994
1144 -106.201
1145 -107.138
1146 -107.855
1147 -107.827
1148 -105.706
1149 -105.487
1150 -107.011
1151 -107.462
1152 -106.947
1153 -105.479
1154 -107.116
1155 -106.876
1156 -107.097
1157 -108.029
1158 -106.436
1159 -106.757
1160 -106.551
1161 -107.056
1162 -107.617
1163 -107.257
1164 -107.883
1165 -107.235
1166 -106.575
1167 -106.648
1168 -107.293
1169 -106.283
1170 -106.278
1171 -106.796
1172 -107.218
1173 -107.572
1174 -106.185
1175 -106.852
1176 -108.072
1177 -106.688
1178 -104.077
1179 -106.259
1180 -106.829
1181 -107.781
1182 -108.705
1183 -106.641
1184 -109.614
1185 -108.352
1186 -109.127
1187 -110.801
1188 -111.105
1189 -111.917
1190 -113.808
1191 -111.917
1192 -113.521
1193 -113.515
1194 -113.483
1195 -114.846
1196 -115.29
1197 -116.158
1198 -116.306
1199 -115.721
1200 -117.451
1201 -119.462
1202 -119.377
1203 -119.981
1204 -120.017
1205 -120.237
1206 -121.486
1207 -124.875
1208 -122.592
1209 -122.588
1210 -124.508
1211 -125.603
1212 -125.043
1213 -125.497
1214 -126.143
1215 -124.762
1216 -125.164
1217 -126.421
1218 -124.984
1219 -126.371
1220 -125.421
1221 -125.611
1222 -127.045
1223 -125.86
1224 -123.866
1225 -123.093
1226 -122.458
1227 -124.072
1228 -123.216
1229 -121.952
1230 -120.449
1231 -120.451
1232 -121.469
1233 -120.811
1234 -122.942
1235 -121.41
1236 -119.808
1237 -119.106
1238 -118.943
1239 -117.415
1240 -117.905
1241 -116.417
1242 -118.048
1243 -116.36
1244 -115.937
1245 -115.196
1246 -115.431
1247 -114.19
1248 -114.797
1249 -114.735
1250 -116.089
1251 -114.429
1252 -116.505
1253 -115.428
1254 -114.991
1255 -115.161
1256 -113.873
1257 -114.592
1258 -113.428
1259 -111.636
1260 -113.101
1261 -114.741
1262 -115.064
1263 -114.064
1264 -114.477
1265 -115.925
1266 -116.047
1267 -113.223
1268 -113.645
1269 -115.47
1270 -114.453
1271 -115.218
1272 -113.432
1273 -114.205
1274 -114.601
1275 -114.39
1276 -115.621
1277 -115.377
1278 -116.415
1279 -115.351
1280 -114.496
1281 -115.022
1282 -115.076
1283 -114.47
1284 -114.918
1285 -113.135
1286 -114.867
1287 -112.486
1288 -113.841
1289 -113.891
1290 -113.266
1291 -111.79
1292 -113.07
1293 -113.507
1294 -114.365
1295 -113.494
1296 -112.124
1297 -113.165
1298 -113.959
1299 -113
1300 -113.067
1301 -111.73
1302 -112.249
1303 -109.962
1304 -112.654
1305 -112.648
1306 -114.863
1307 -114.502
1308 -112.31
1309 -113.924
1310 -114.037
1311 -114.391
1312 -114.25
1313 -114.97
1314 -113.861
1315 -115.44
1316 -114.079
1317 -113.534
1318 -115.532
1319 -115.199
1320 -114.854
1321 -115.44
1322 -115.487
1323 -114.683
1324 -114.071
1325 -114.472
1326 -112.816
1327 -114.974
1328 -114.732
1329 -113.702
1330 -114.078
1331 -116.876
1332 -115.214
1333 -113.122
1334 -115.03
1335 -113.42
1336 -112.478
1337 -112.15
1338 -111.988
1339 -111.636
1340 -114.04
1341 -113.662
1342 -113.443
1343 -113.034
1344 -112.139
1345 -113.933
1346 -112.023
1347 -110.09
1348 -112.525
1349 -110.462
1350 -112.213
1351 -113.467
1352 -113.315
1353 -113.462
1354 -114.508
1355 -114.1
1356 -113.872
1357 -116.285
1358 -114.073
1359 -112.601
1360 -114.899
1361 -114.381
1362 -114.785
1363 -115.474
1364 -114.037
1365 -115.021
1366 -116.859
1367 -114.254
1368 -114.594
1369 -113.922
1370 -113.828
1371 -113.921
1372 -115.245
1373 -114.191
1374 -112.986
1375 -114.941
1376 -113.97
1377 -115.387
1378 -113.195
1379 -114.478
1380 -113.934
1381 -113.424
1382 -112.307
1383 -113.576
1384 -113.489
1385 -113.281
1386 -112.975
1387 -114.227
1388 -110.733
1389 -113.858
1390 -112.483
1391 -112.917
1392 -111.543
1393 -111.944
1394 -111.944
1395 -112.525
1396 -114.215
1397 -113.067
1398 -113.394
1399 -113.064
1400 -114.689
1401 -111.827
1402 -112.669
1403 -114.757
1404 -114.45
1405 -115.141
1406 -114.989
1407 -113.797
1408 -114.937
1409 -113.328
1410 -114.823
1411 -115.453
1412 -114.989
1413 -115.322
1414 -114.602
1415 -114.605
1416 -112.989
1417 -113.849
1418 -113.223
1419 -115.061
1420 -114.664
1421 -114.091
1422 -114.264
1423 -113.941
1424 -113.821
1425 -114.184
1426 -112.981
1427 -111.01
1428 -112.418
1429 -113.776
1430 -113.625
1431 -113.628
1432 -114.646
1433 -113.034
1434 -113.236
1435 -112.282
1436 -112.06
1437 -112.235
1438 -111.838
1439 -111.716
1440 -114.499
1441 -112.709
1442 -112.243
1443 -115.409
1444 -114.003
1445 -113.775
1446 -114.246
1447 -112.989
1448 -113.82
1449 -113.86
1450 -114.446
1451 -113.828
1452 -115.29
1453 -115.255
1454 -116.662
1455 -115.768
1456 -115.595
1457 -115.199
1458 -116.188
1459 -114.023
1460 -114.076
1461 -114.732
1462 -114.528
1463 -114.472
1464 -114.928
1465 -113.717
1466 -113.838
1467 -114.679
1468 -114.412
1469 -114.329
1470 -113.639
1471 -114.43
1472 -112.879
1473 -114.677
1474 -112.911
1475 -114.085
1476 -114.872
1477 -113.775
1478 -112.462
1479 -113.402
1480 -113.355
1481 -111.678
1482 -113.191
1483 -111.565
1484 -113.05
1485 -114.765
1486 -112.895
1487 -114.779
1488 -114.464
1489 -115.784
1490 -114.925
1491 -114.229
1492 -115.711
1493 -115.154
1494 -114.929
1495 -115.121
1496 -115.324
1497 -117.403
1498 -117.495
1499 -114.334
1500 -116.194
1501 -115.682
1502 -115.586
1503 -115.366
1504 -115.837
1505 -115.234
1506 -114.394
1507 -113.569
1508 -113.726
1509 -114.758
1510 -115.792
1511 -116.716
1512 -114.467
1513 -114.049
1514 -114.516
1515 -112.651
1516 -113.275
1517 -113.624
1518 -112.442
1519 -113.318
1520 -112.977
1521 -112.502
1522 -112.203
1523 -113.539
1524 -113.114
1525 -112.815
1526 -112.138
1527 -112.3
1528 -113.916
1529 -111.612
1530 -112.08
1531 -113.196
1532 -115.29
1533 -114.997
1534 -113.991
1535 -112.928
1536 -114.788
1537 -114.541
1538 -114.569
1539 -114.573
1540 -115.574
1541 -114.787
1542 -114.762
1543 -115.768
1544 -114.831
1545 -116.918
1546 -116.307
1547 -115.083
1548 -115.754
1549 -114.182
1550 -113.322
1551 -114.546
1552 -114.089
1553 -115.127
1554 -114.508
1555 -114.038
1556 -115.163
1557 -114.708
1558 -114.697
1559 -112.373
1560 -112.853
1561 -114.577
1562 -113.603
1563 -112.962
1564 -113.875
1565 -113.329
1566 -113.383
1567 -112.842
1568 -113.401
1569 -113.433
1570 -112.912
1571 -112.264
1572 -111.341
1573 -110.971
1574 -114.067
1575 -111.878
1576 -114.695
1577 -115.119
1578 -115.448
1579 -113.752
1580 -113.959
1581 -112.87
1582 -114.822
1583 -113.495
1584 -114.469
1585 -114.163
1586 -115.192
1587 -115.88
1588 -115.741
1589 -115.28
1590 -115.887
1591 -115.698
1592 -115.96
1593 -115.183
1594 -115.902
1595 -114.927
1596 -114.757
1597 -114.943
1598 -113.954
1599 -115.102
1600 -114.894
1601 -115.354
1602 -115.515
1603 -113.682
1604 -114.21
1605 -114.093
1606 -112.305
1607 -113.145
1608 -113.096
1609 -112.816
1610 -114.008
1611 -112.181
1612 -112.675
1613 -114.094
1614 -115.061
1615 -112.219
1616 -112.999
1617 -111.833
1618 -111.531
1619 -111.977
1620 -113.276
1621 -113.657
1622 -114.861
1623 -113.919
1624 -115.499
1625 -115.501
1626 -115.687
1627 -114.833
1628 -114.955
1629 -114.427
1630 -113.611
1631 -112.337
1632 -113.764
1633 -113.682
1634 -114.322
1635 -112.859
1636 -113.429
1637 -112.585
1638 -113.227
1639 -112.777
1640 -110.305
1641 -110.04
1642 -109.936
1643 -110.007
1644 -109.371
1645 -108.493
1646 -107.97
1647 -109.1
1648 -107.035
1649 -106.508
1650 -104.941
1651 -104.392
1652 -102.591
1653 -101.001
1654 -102.048
1655 -102.256
1656 -102.002
1657 -101.171
1658 -101.2
1659 -100.576
1660 -99.6209
1661 -100.017
1662 -99.2965
1663 -99.2142
1664 -99.0945
1665 -98.7117
1666 -99.7843
1667 -100.189
1668 -100.586
1669 -100.408
1670 -102.108
1671 -100.274
1672 -99.9587
1673 -99.0871
1674 -101.198
1675 -100.694
1676 -102.713
1677 -101.794
1678 -103.019
1679 -102.388
1680 -105.245
1681 -103.677
1682 -103.641
1683 -104.908
1684 -105.293
1685 -105.884
1686 -106.742
1687 -106.514
1688 -106.648
1689 -106.91
1690 -108.343
1691 -106.676
1692 -107.64
1693 -106.622
1694 -108.259
1695 -108.302
1696 -108.724
1697 -109.392
1698 -108.59
1699 -108.383
1700 -109.731
1701 -108.909
1702 -109.167
1703 -109.996
1704 -110.038
1705 -111.235
1706 -110.649
1707 -109.857
1708 -109.605
1709 -109.575
1710 -109.555
1711 -111.469
1712 -110.719
1713 -108.959
1714 -110.226
1715 -110.377
1716 -110.027
1717 -111.844
1718 -111.048
1719 -110.106
1720 -110.443
1721 -111.269
1722 -111.566
1723 -111.38
1724 -110.435
1725 -111.88
1726 -111.162
1727 -110.291
1728 -111.333
1729 -110.239
1730 -110.085
1731 -109.306
1732 -111.469
1733 -110.387
1734 -109.55
1735 -110.752
1736 -111.02
1737 -110.069
1738 -110.041
1739 -112.52
1740 -109.849
1741 -110.415
1742 -112.236
1743 -111.062
1744 -110.743
1745 -111.403
1746 -112.197
1747 -110.569
1748 -111.014
1749 -113.081
1750 -110.469
1751 -111.634
1752 -112.04
1753 -109.913
1754 -110.978
1755 -109.92
1756 -110.971
1757 -109.744
1758 -111.979
1759 -109.379
1760 -109.006
1761 -107.962
1762 -108.346
1763 -106.046
1764 -105.102
1765 -104.466
1766 -104.492
1767 -104.496
1768 -103.124
1769 -103.651
1770 -102.352
1771 -101.652
1772 -101.505
1773 -100.051
1774 -100.746
1775 -98.9146
1776 -99.1677
1777 -98.821
1778 -98.1148
1779 -98.9998
1780 -96.6534
1781 -96.4871
1782 -96.3123
1783 -95.1925
1784 -94.167
1785 -93.2663
1786 -92.3128
1787 -93.0939
1788 -92.017
1789 -92.827
1790 -91.3273
1791 -92.1439
1792 -90.951
1793 -89.336
1794 -90.9997
1795 -91.5172
1796 -91.9896
1797 -91.2095
1798 -91.2989
1799 -91.946
1800 -92.8215
1801 -92.4822
1802 -92.9407
1803 -94.103
1804 -95.5803
1805 -95.7544
1806 -97.1864
1807 -96.0977
1808 -97.1861
1809 -97.3495
1810 -96.4877
1811 -98.2046
1812 -99.0723
1813 -99.8034
1814 -101.013
1815 -100.84
1816 -102.022
1817 -101.978
1818 -100.255
1819 -103.051
1820 -103.071
1821 -103.476
1822 -103.643
1823 -103.335
1824 -103.666
1825 -103.533
1826 -104.436
1827 -104.453
1828 -103.942
1829 -103.002
1830 -102.945
1831 -103.828
1832 -104.76
1833 -105.566
1834 -104.3
1835 -105.371
1836 -104.76
1837 -105.529
1838 -103.891
1839 -105.526
1840 -104.002
1841 -102.823
1842 -103.354
1843 -103.807
1844 -102.812
1845 -102.332
1846 -102.702
1847 -101.095
1848 -101.222
1849 -100.709
1850 -102.336
1851 -101.824
1852 -101.156
1853 -102.497
1854 -102.763
1855 -104.346
1856 -105.363
1857 -104.33
1858 -105.505
1859 -104.677
1860 -104.957
1861 -104.991
1862 -105.676
1863 -104.809
1864 -104.811
1865 -104.465
1866 -103.845
1867 -103.732
1868 -104.51
1869 -107.083
1870 -105.915
1871 -104.998
1872 -104.609
1873 -103.719
1874 -103.785
1875 -106.257
1876 -103.352
1877 -104.897
1878 -103.907
1879 -105.312
1880 -105.323
1881 -106.031
1882 -105.464
1883 -105.657
1884 -103.024
1885 -104.68
1886 -103.257
1887 -103.639
1888 -100.374
1889 -102.219
1890 -103.525
1891 -101.116
1892 -102.599
1893 -101.743
1894 -101.313
1895 -101.877
1896 -101.138
1897 -101.944
1898 -101.327
1899 -104.012
1900 -104.093
1901 -106.262
1902 -106.103
1903 -105.366
1904 -105.25
1905 -106.275
1906 -105.555
1907 -105.496
1908 -103.487
1909 -104.692
1910 -105.681
1911 -103.427
1912 -105.124
1913 -105.133
1914 -104.666
1915 -106.864
1916 -106.569
1917 -105.913
1918 -104.326
1919 -106.227
1920 -104.091
1921 -105.709
1922 -105.512
1923 -105.16
1924 -104.98
1925 -105.368
1926 -105.336
1927 -108.104
1928 -104.641
1929 -103.475
1930 -105.539
1931 -104.754
1932 -105.345
1933 -102.737
1934 -103.46
1935 -103.071
1936 -102.303
1937 -103.248
1938 -102.093
1939 -100.711
1940 -101.482
1941 -102.21
1942 -103.585
1943 -104.074
1944 -104.711
1945 -102.359
1946 -104.608
1947 -105.255
1948 -104.369
1949 -104.778
1950 -104.646
1951 -103.432
1952 -106.28
1953 -105.795
1954 -105.815
1955 -104.411
1956 -105.068
1957 -104.161
1958 -104.86
1959 -105.465
1960 -105.906
1961 -104.498
1962 -104.928
1963 -103.946
1964 -105.329
1965 -104.286
1966 -105.454
1967 -104.78
1968 -105.416
1969 -105.479
1970 -105.782
1971 -105.481
1972 -105.964
1973 -104.09
1974 -105.278
1975 -103.73
1976 -101.644
1977 -102.505
1978 -101.471
1979 -100.256
1980 -99.0783
1981 -99.8174
1982 -100.455
1983 -98.9737
1984 -98.9467
1985 -99.4371
1986 -101.324
1987 -100.772
1988 -101.854
1989 -101.217
1990 -102.365
1991 -102.954
1992 -103.763
1993 -102.715
1994 -103.666
1995 -102.364
1996 -102.848
1997 -101.742
1998 -102.5
1999 -101.957
2000 -102.543
2001 -102.75
2002 -103.168
2003 -101.792
2004 -103.424
2005 -103.864
2006 -103.342
2007 -104.527
2008 -103.436
2009 -101.968
2010 -103.917
2011 -104.555
2012 -103.699
2013 -103.3
2014 -104.067
2015 -102.705
2016 -102.608
2017 -102.637
2018 -102.86
2019 -102.199
2020 -100.509
2021 -100.874
2022 -101.892
2023 -102.141
2024 -101.212
2025 -101.041
2026 -101.833
2027 -101.264
2028 -102.727
2029 -102.968
2030 -102.903
2031 -102.723
2032 -102.983
2033 -102.227
2034 -101.791
2035 -103.426
2036 -101.661
2037 -101.805
2038 -102.816
2039 -103.267
2040 -103.734
2041 -102.687
2042 -105.147
2043 -104.548
2044 -103.555
2045 -102.911
2046 -102.683
2047 -103.444
2048 -102.268
2049 -104.753
2050 -105.679
2051 -104.098
2052 -105.877
2053 -104.795
2054 -103.415
2055 -103.716
2056 -101.053
2057 -100.965
2058 -101.547
2059 -102.497
2060 -102.24
2061 -100.127
2062 -102.051
2063 -101.727
2064 -101.379
2065 -102.278
2066 -103.499
2067 -104.071
2068 -104.23
2069 -104.07
2070 -104.002
2071 -104.412
2072 -104.386
2073 -106.1
2074 -104.26
2075 -103.373
2076 -102.694
2077 -104.017
2078 -103.051
2079 -105.335
2080 -104.821
2081 -105.569
2082 -104.342
2083 -103.538
2084 -103.383
2085 -105.299
2086 -105.233
2087 -104.903
2088 -105.109
2089 -103.894
2090 -103.687
2091 -104.523
2092 -103.017
2093 -101.744
2094 -101.235
2095 -100.888
2096 -103.031
2097 -102.562
2098 -102.325
2099 -102.187
2100 -101.936
2101 -102.482
2102 -104.579
2103 -102.86
2104 -104.479
2105 -103.683
2106 -106.19
2107 -104.4
2108 -105.764
2109 -104.631
2110 -106.069
2111 -104.43
2112 -102.736
2113 -104.056
2114 -104.606
2115 -103.49
2116 -106.455
2117 -105.205
2118 -104.812
2119 -103.502
2120 -105.062
2121 -103.306
2122 -104.743
2123 -103.29
2124 -106.24
2125 -105.489
2126 -105.263
2127 -104.935
2128 -104.576
2129 -103.579
2130 -102.674
2131 -101.861
2132 -101.027
2133 -100.678
2134 -100.65
2135 -101.546
2136 -101.59
2137 -102.882
2138 -101.797
2139 -103.035
2140 -103.997
2141 -104.157
2142 -104.044
2143 -106.06
2144 -104.041
2145 -104.618
2146 -103.322
2147 -101.913
2148 -105.127
2149 -102.809
2150 -104.779
2151 -104.348
2152 -104.413
2153 -107.659
2154 -103.671
2155 -104.636
2156 -104.597
2157 -102.602
2158 -104.924
2159 -105.212
2160 -105.345
2161 -107.487
2162 -106.436
2163 -105.725
2164 -106.039
2165 -105.215
2166 -104.913
2167 -105.047
2168 -104.505
2169 -106.6
2170 -107.109
2171 -107.281
2172 -107.608
2173 -109.111
2174 -107.686
2175 -109.628
2176 -109.85
2177 -111.878
2178 -111.544
2179 -113.175
2180 -114.509
2181 -115.615
2182 -114.91
2183 -116.544
2184 -114.776
2185 -115.154
2186 -115.925
2187 -116.852
2188 -115.458
2189 -116.407
2190 -117.101
2191 -118.729
2192 -119.407
2193 -118.799
2194 -120.299
2195 -119.456
2196 -118.343
2197 -118.29
2198 -119.181
2199 -118.979
2200 -118.206
2201 -119.181
2202 -116.41
2203 -117.514
2204 -117.133
2205 -117.743
2206 -116.07
2207 -116.449
2208 -117.085
2209 -116.68
2210 -115.537
2211 -117.284
2212 -115.403
2213 -114.848
2214 -114.059
2215 -114.815
2216 -114.289
2217 -113.328
2218 -112.642
2219 -113.82
2220 -112.141
2221 -112.072
2222 -112.407
2223 -110.089
2224 -110.575
2225 -110.896
2226 -109.84
2227 -107.714
2228 -110.444
2229 -109.175
2230 -108.832
2231 -108.698
2232 -108.695
2233 -109.622
2234 -108.473
2235 -108.476
2236 -107.502
2237 -108.066
2238 -108.899
2239 -107.632
2240 -107.235
2241 -106.909
2242 -107.776
2243 -107.183
2244 -108.237
2245 -108.201
2246 -107.612
2247 -107.942
2248 -108.293
2249 -105.842
2250 -104.777
2251 -106.783
2252 -108.541
2253 -107.137
2254 -107.309
2255 -106.703
2256 -106.305
2257 -107.288
2258 -107.639
2259 -106.237
2260 -107.039
2261 -106.073
2262 -108.179
2263 -106.74
2264 -106.05
2265 -106.334
2266 -107.03
2267 -106.28
2268 -104.973
2269 -106.472
2270 -107.471
2271 -106.454
2272 -106.031
2273 -104.495
2274 -104.968
2275 -106.551
2276 -107.14
2277 -106.905
2278 -106.034
2279 -106.249
2280 -105.947
2281 -106.073
2282 -105.551
2283 -107.785
2284 -105.627
2285 -105.531
2286 -105.768
2287 -106.634
2288 -107.694
2289 -106.182
2290 -108.459
2291 -107.97
2292 -107.417
2293 -107.176
2294 -108.969
2295 -108.872
2296 -109.567
2297 -110.959
2298 -112.04
2299 -108.285
2300 -112.033
2301 -112.332
2302 -112.836
2303 -114.159
2304 -114.519
2305 -114.095
2306 -116.683
2307 -116.101
2308 -116.12
2309 -116.689
2310 -117.702
2311 -117.291
2312 -118.105
2313 -118.835
2314 -119.638
2315 -120.724
2316 -121.93
2317 -122.376
2318 -124.344
2319 -124.15
2320 -123.773
2321 -124.587
2322 -125.226
2323 -123.955
2324 -127.459
2325 -128.137
2326 -129.273
2327 -129.118
2328 -127.392
2329 -128.218
2330 -127.38
2331 -128.845
2332 -128.518
2333 -128.347
2334 -128.025
2335 -128.118
2336 -127.454
2337 -126.004
2338 -128.209
2339 -126.671
2340 -125.996
2341 -125.905
2342 -124.298
2343 -124.786
2344 -124.505
2345 -124.784
2346 -123.394
2347 -124.102
2348 -124.11
2349 -123.117
2350 -121.207
2351 -121.494
2352 -121.377
2353 -120.509
2354 -119.077
2355 -118.579
2356 -120.514
2357 -119.749
2358 -118.314
2359 -118.481
2360 -115.75
2361 -116.241
2362 -115.324
2363 -114.888
2364 -115.508
2365 -116.298
2366 -117.005
2367 -117.803
2368 -118.098
2369 -117.813
2370 -117.258
2371 -116.928
2372 -118.562
2373 -116.418
2374 -116.902
2375 -116.778
2376 -118.096
2377 -116.338
2378 -116.975
2379 -114.846
2380 -117.356
2381 -116.16
2382 -115.237
2383 -113.253
2384 -115.823
2385 -114.843
2386 -115.393
2387 -113.577
2388 -114.155
2389 -114.19
2390 -113.325
2391 -113.059
2392 -111.747
2393 -113.436
2394 -114.403
2395 -113.841
2396 -112.643
2397 -114.496
2398 -111.915
2399 -113.495
2400 -113.379
2401 -113.871
2402 -115.176
2403 -115.506
2404 -116.88
2405 -113.938
2406 -115.429
2407 -114.039
2408 -115.019
2409 -115.36
2410 -112.945
2411 -117.641
2412 -114.024
2413 -114.841
2414 -113.515
2415 -113.772
2416 -114.144
2417 -114.277
2418 -113.088
2419 -116.264
2420 -114.565
2421 -114.839
2422 -112.621
2423 -113.368
2424 -111.048
2425 -113.355
2426 -112.769
2427 -114.076
2428 -112.987
2429 -114.006
2430 -113.209
2431 -112.539
2432 -110.978
2433 -112.847
2434 -113.71
2435 -115.252
2436 -116.307
2437 -115.738
2438 -115.913
2439 -115.314
2440 -115.497
2441 -114.993
2442 -115.187
2443 -116.174
2444 -115.546
2445 -113.554
2446 -115.759
2447 -113.546
2448 -113.987
2449 -114.391
2450 -114.093
2451 -114.205
2452 -116.026
2453 -113.684
2454 -114.042
2455 -112.858
2456 -112.901
2457 -113.212
2458 -113.253
2459 -112.87
2460 -113.669
2461 -114.704
2462 -112.915
2463 -111.401
2464 -113.274
2465 -112.717
2466 -113.887
2467 -112.341
2468 -113.971
2469 -113.736
2470 -115.098
2471 -116.021
2472 -116.006
2473 -115.072
2474 -114.267
2475 -114.628
2476 -114.719
2477 -114.979
2478 -115.722
2479 -116.405
2480 -116.629
2481 -116.332
2482 -114.569
2483 -113.183
2484 -112.903
2485 -114.25
2486 -115.992
2487 -115.73
2488 -114.556
2489 -113.121
2490 -113.082
2491 -113.358
2492 -113.605
2493 -111.584
2494 -112.168
2495 -114.532
2496 -113.781
2497 -111.916
2498 -113.585
2499 -113.248
2500 -111.773
2501 -114.773
2502 -115.33
2503 -114.378
2504 -114.323
2505 -115.12
2506 -113.023
2507 -115.221
2508 -114.493
2509 -114.245
2510 -115.101
2511 -114.656
2512 -115.722
2513 -116.768
2514 -116.374
2515 -115.702
2516 -114.724
2517 -114.179
2518 -114.437
2519 -114.941
2520 -114.867
2521 -114.994
2522 -115.39
2523 -113.005
2524 -113.097
2525 -112.299
2526 -113.746
2527 -111.769
2528 -113.853
2529 -113.25
2530 -113.098
2531 -113.592
2532 -113.312
2533 -112.631
2534 -114.138
2535 -114.688
2536 -114.85
2537 -115.823
2538 -115.981
2539 -114.763
2540 -115.855
2541 -114.764
2542 -113.34
2543 -115.791
2544 -115.882
2545 -115.984
2546 -115.653
2547 -115.849
2548 -114.657
2549 -115.276
2550 -114.372
2551 -112.587
2552 -113.878
2553 -115.469
2554 -114.579
2555 -113.837
2556 -114.02
2557 -113.026
2558 -111.647
2559 -112.981
2560 -111.776
2561 -114.159
2562 -113.08
2563 -114.14
2564 -112.882
2565 -112.684
2566 -112.236
2567 -112.946
2568 -113.819
2569 -114.635
2570 -114.689
2571 -113.613
2572 -115.245
2573 -115.633
2574 -114.617
2575 -114.678
2576 -112.904
2577 -114.777
2578 -115.318
2579 -117.37
2580 -114.636
2581 -115.891
2582 -115.026
2583 -113.164
2584 -115.025
2585 -114.152
2586 -114.54
2587 -115.249
2588 -114.645
2589 -114.912
2590 -114.182
2591 -113
2592 -112.987
2593 -113.362
2594 -112.612
2595 -112.622
2596 -112.549
2597 -115.381
2598 -112.79
2599 -112.646
2600 -112.039
2601 -112.603
2602 -115.123
2603 -112.976
2604 -116.014
2605 -116.21
2606 -113.853
2607 -115.145
2608 -116.188
2609 -114.398
2610 -114.267
2611 -116.177
2612 -115.633
2613 -117.293
2614 -116.996
2615 -115.351
2616 -114.805
2617 -114.239
2618 -115.562
2619 -114.064
2620 -114.976
2621 -113.569
2622 -115.836
2623 -114.431
2624 -114.017
2625 -113.018
2626 -113.817
2627 -112.289
2628 -112.743
2629 -112.611
2630 -112.598
2631 -111.774
2632 -112.015
2633 -110.277
2634 -109.901
2635 -110.853
2636 -112.488
2637 -112.935
2638 -111.389
2639 -110.788
2640 -110.213
2641 -109.801
2642 -108.76
2643 -107.934
2644 -109.098
2645 -108.701
2646 -106.827
2647 -107.209
2648 -107.488
2649 -107.342
2650 -105.872
2651 -103.943
2652 -102.917
2653 -102.073
2654 -102.208
2655 -102.479
2656 -101.829
2657 -101.784
2658 -101.659
2659 -98.6843
2660 -99.4841
2661 -96.9431
2662 -98.6304
2663 -96.2124
2664 -97.6218
2665 -98.9765
2666 -97.298
2667 -96.857
2668 -97.4518
2669 -97.7279
2670 -97.0111
2671 -97.0289
2672 -97.0293
2673 -96.9181
2674 -97.3764
2675 -98.1395
2676 -97.7318
2677 -98.4589
2678 -99.1789
2679 -99.1794
2680 -98.6984
2681 -98.7002
2682 -99.0378
2683 -99.4584
2684 -101.684
2685 -100.817
2686 -102.799
2687 -101.616
2688 -102.541
2689 -102.059
2690 -101.994
2691 -104.062
2692 -105.196
2693 -105.46
2694 -106.64
2695 -105.787
2696 -107.136
2697 -106.55
2698 -106.696
2699 -107.694
2700 -106.175
2701 -107.778
2702 -106.358
2703 -107.928
2704 -107.662
2705 -107.751
2706 -107.669
2707 -109.214
2708 -107.618
2709 -108.808
2710 -108.772
2711 -108.367
2712 -108.042
2713 -108.997
2714 -107.309
2715 -109.633
2716 -108.922
2717 -109.19
2718 -109.085
2719 -109.127
2720 -109.453
2721 -110.946
2722 -110.033
2723 -110.067
2724 -109.914
2725 -110.911
2726 -110.041
2727 -110.501
2728 -109.366
2729 -110.277
2730 -109.055
2731 -109.905
2732 -110.252
2733 -108.524
2734 -109.151
2735 -110.694
2736 -110.506
2737 -109.316
2738 -109.738
2739 -110.479
2740 -111.542
2741 -110.249
2742 -110.12
2743 -112.228
2744 -109.817
2745 -111.938
2746 -111.446
2747 -111.31
2748 -110.236
2749 -111.647
2750 -111.502
2751 -110.518
2752 -112.112
2753 -110.049
2754 -110.798
2755 -109.339
2756 -112.038
2757 -111.181
2758 -111.287
2759 -111.158
2760 -110.897
2761 -109.037
2762 -109.987
2763 -110.481
2764 -108.323
2765 -109.886
2766 -107.766
2767 -109.245
2768 -107.2
2769 -106.215
2770 -105.791
2771 -105.289
2772 -105.135
2773 -104.137
2774 -104.034
2775 -104.102
2776 -103.26
2777 -103.133
2778 -102.354
2779 -101.287
2780 -101.68
2781 -99.3285
2782 -98.6004
2783 -99.1973
2784 -97.8872
2785 -97.6728
2786 -97.9236
2787 -96.5983
2788 -94.7259
2789 -94.5524
2790 -93.5411
2791 -94.0941
2792 -93.1022
2793 -92.7127
2794 -91.0861
2795 -89.8275
2796 -89.924
2797 -88.6103
2798 -89.8304
2799 -87.4549
2800 -88.9654
2801 -87.3308
2802 -88.7375
2803 -87.8698
2804 -87.4288
2805 -88.458
2806 -87.9562
2807 -87.9858
2808 -89.0746
2809 -88.4967
2810 -89.4474
2811 -91.1523
2812 -90.3302
2813 -91.7538
2814 -91.7532
2815 -92.8877
2816 -93.1859
2817 -94.7788
2818 -94.6596
2819 -94.4149
2820 -95.9245
2821 -96.1872
2822 -96.9427
2823 -95.6777
2824 -96.1116
2825 -96.702
2826 -98.3292
2827 -98.7585
2828 -98.0038
2829 -99.4992
2830 -100.462
2831 -99.7466
2832 -100.255
2833 -100.805
2834 -100.979
2835 -101.895
2836 -102.282
2837 -101.978
2838 -103.63
2839 -103.023
2840 -101.746
2841 -101.756
2842 -101.039
2843 -99.689
2844 -98.7825
2845 -100.198
2846 -100.192
2847 -99.9392
2848 -101.545
2849 -102.213
2850 -99.4195
2851 -102.625
2852 -102.02
2853 -103.361
2854 -103.592
2855 -104.993
2856 -105.147
2857 -103.84
2858 -103.369
2859 -103.073
2860 -103.809
2861 -103.914
2862 -103.278
2863 -104.269
2864 -103.815
2865 -102.903
2866 -103.989
2867 -103.992
2868 -103.516
2869 -103.314
2870 -105.002
2871 -104.881
2872 -105.216
2873 -106.039
2874 -104.653
2875 -104.588
2876 -103.946
2877 -102.913
2878 -100.535
2879 -100.15
2880 -99.9077
2881 -100.394
2882 -101.463
2883 -101.231
2884 -102.682
2885 -102.56
2886 -103.742
2887 -104.122
2888 -104.606
2889 -105.907
2890 -104.854
2891 -103.569
2892 -104.843
2893 -103.153
2894 -102.937
2895 -104.843
2896 -103.411
2897 -104.349
2898 -104.335
2899 -105.123
2900 -103.3
2901 -104.84
2902 -104.657
2903 -105.386
2904 -103.622
2905 -105.964
2906 -105.653
2907 -105.601
2908 -104.223
2909 -102.858
2910 -101.648
2911 -101.956
2912 -103.235
2913 -102.258
2914 -100.965
2915 -102.142
2916 -100.876
2917 -101.572
2918 -101.789
2919 -102.456
2920 -106.18
2921 -104.526
2922 -105.404
2923 -105.34
2924 -105.935
2925 -105.569
2926 -104.193
2927 -103.642
2928 -104.861
2929 -102.762
2930 -103.402
2931 -105.554
2932 -105.918
2933 -105.5
2934 -104.56
2935 -104.007
2936 -104.527
2937 -103.019
2938 -106.001
2939 -105.083
2940 -105.318
2941 -105.509
2942 -105.033
2943 -103.768
2944 -102.665
2945 -101.447
2946 -101.415
2947 -102.271
2948 -101.202
2949 -101.28
2950 -102.387
2951 -102.027
2952 -103.205
2953 -103.057
2954 -104.172
2955 -105.559
2956 -105.497
2957 -105.461
2958 -103.473
2959 -104.313
2960 -105.637
2961 -103.835
2962 -103.486
2963 -102.245
2964 -103.11
2965 -102.779
2966 -106.058
2967 -106.299
2968 -104.09
2969 -105.053
2970 -104.355
2971 -104.122
2972 -103.459
2973 -105.121
2974 -106.039
2975 -104.38
2976 -103.109
2977 -103.422
2978 -100.873
2979 -101.168
2980 -100.708
2981 -100.458
2982 -100.217
2983 -101.898
2984 -101.341
2985 -101.9
2986 -105.578
2987 -104.665
2988 -102.764
2989 -104.844
2990 -103.951
2991 -106.203
2992 -105.051
2993 -105.24
2994 -106.244
2995 -102.56
2996 -102.699
2997 -104.586
2998 -105.158
2999 -105.708
3000 -105.869
3001 -104.272
3002 -104.045
3003 -102.983
3004 -104.651
3005 -104.625
3006 -104.746
3007 -105.192
3008 -105.08
3009 -104.274
3010 -103.828
3011 -101.715
3012 -101.128
3013 -101.679
3014 -101.956
3015 -100.663
3016 -101.017
3017 -102.581
3018 -102.397
3019 -103.7
3020 -104.241
3021 -102.844
3022 -103.827
3023 -104.13
3024 -105.075
3025 -104.321
3026 -104.863
3027 -103.549
3028 -104.865
3029 -103.029
3030 -104.486
3031 -104.039
3032 -106.094
3033 -104.116
3034 -104.148
3035 -103.971
3036 -103.872
3037 -103.964
3038 -104.211
3039 -104.479
3040 -104.7
3041 -104.124
3042 -104.775
3043 -103.557
3044 -103.524
3045 -103.017
3046 -100.88
3047 -101.305
3048 -101.491
3049 -100.989
3050 -102.394
3051 -102.639
3052 -102.561
3053 -104.196
3054 -102.774
3055 -105.061
3056 -105.093
3057 -105.648
3058 -105.077
3059 -105.711
3060 -105.29
3061 -103.772
3062 -104.467
3063 -101.603
3064 -103.04
3065 -102.958
3066 -104.316
3067 -104.269
3068 -104.875
3069 -103.862
3070 -103.935
3071 -103.414
3072 -105.592
3073 -105.547
3074 -105.634
3075 -105.229
3076 -104.434
3077 -102.48
3078 -102.822
3079 -100.736
3080 -101.742
3081 -101.385
3082 -102.073
3083 -102.559
3084 -102.879
3085 -101.555
3086 -103.509
3087 -104.054
3088 -102.17
3089 -103.897
3090 -105.369
3091 -104.749
3092 -106.01
3093 -104.297
3094 -104.927
3095 -103.908
3096 -103.851
3097 -105.425
3098 -104.573
3099 -104.293
3100 -104.413
3101 -104.065
3102 -106.416
3103 -103.835
3104 -105.985
3105 -104.348
3106 -106.31
3107 -108.026
3108 -107.847
3109 -107.958
3110 -106.321
3111 -105.763
3112 -106.787
3113 -108.2
3114 -107.971
3115 -107.186
3116 -108.389
3117 -108.611
3118 -109.391
3119 -109.645
3120 -113.105
3121 -112.3
3122 -112.471
3123 -113.667
3124 -114.74
3125 -115.394
3126 -116.815
3127 -117.42
3128 -117.11
3129 -117.493
3130 -116.433
3131 -116.403
3132 -117.936
3133 -118.827
3134 -117.988
3135 -119.754
3136 -119.613
3137 -120.839
3138 -120.631
3139 -119.453
3140 -119.397
3141 -119.391
3142 -120.96
3143 -119.522
3144 -120.088
3145 -119.399
3146 -119.25
3147 -119.551
3148 -118.259
3149 -117.68
3150 -118.483
3151 -118.679
3152 -116.545
3153 -117.128
3154 -115.905
3155 -115.769
3156 -118.261
3157 -116.548
3158 -116.666
3159 -114.937
3160 -114.615
3161 -113.059
3162 -112.775
3163 -114.593
3164 -112.584
3165 -110.767
3166 -111.406
3167 -111.202
3168 -109.497
3169 -110.162
3170 -110.233
3171 -110.842
3172 -110.721
3173 -110.456
3174 -109.4
3175 -110.125
3176 -108.691
3177 -108.175
3178 -109.517
3179 -109.227
3180 -108.99
3181 -107.7
3182 -108.03
3183 -107.253
3184 -108.672
3185 -105.715
3186 -108.146
3187 -108.443
3188 -107.113
3189 -107.357
3190 -108.202
3191 -106.556
3192 -105.85
3193 -108.188
3194 -106.829
3195 -106.132
3196 -105.952
3197 -108.046
3198 -106.627
3199 -105.254
3200 -106.555
3201 -107.242
3202 -107.96
3203 -108.068
3204 -107.422
3205 -106.324
3206 -107.381
3207 -107.303
3208 -106.048
3209 -107.123
3210 -105.785
3211 -106.106
3212 -105.734
3213 -106.054
3214 -105.858
3215 -106.681
3216 -106.13
3217 -106.036
3218 -108.111
3219 -108.758
3220 -106.877
3221 -106.175
3222 -107.629
3223 -105.633
3224 -105.383
3225 -105.577
3226 -106.394
3227 -106.659
3228 -107.129
3229 -106.67
3230 -106.304
3231 -106.171
3232 -106.041
3233 -105.613
3234 -106.018
3235 -105.546
3236 -106.029
3237 -106.842
3238 -105.836
3239 -105.769
3240 -106.414
3241 -106.788
3242 -105.607
3243 -107.012
3244 -105.49
3245 -106.667
3246 -105.835
3247 -107.293
3248 -105.995
3249 -107.293
3250 -106.44
3251 -107.479
3252 -107.02
3253 -106.411
3254 -106.619
3255 -106.831
3256 -106.876
3257 -107.198
3258 -106.423
3259 -106.278
3260 -105.874
3261 -107.035
3262 -107.178
3263 -106.866
3264 -107.859
3265 -107.424
3266 -106.455
3267 -105.027
3268 -107.049
3269 -107.368
3270 -106.378
3271 -106.754
3272 -106.155
3273 -107.067
3274 -106.323
3275 -107.361
3276 -106.893
3277 -106.774
3278 -105.188
3279 -106.801
3280 -107.056
3281 -106.341
3282 -107.474
3283 -107.846
3284 -106.496
3285 -107.511
3286 -105.945
3287 -108.052
3288 -108.271
3289 -106.553
3290 -105.181
3291 -107.214
3292 -107.073
3293 -106.597
3294 -106.137
3295 -106.834
3296 -104.981
3297 -106.676
3298 -106.419
3299 -107.544
3300 -107.076
3301 -105.728
3302 -105.128
3303 -106.486
3304 -105.562
3305 -106.591
3306 -107.638
3307 -108.012
3308 -107.402
3309 -107.676
3310 -106.245
3311 -106.305
3312 -106.614
3313 -107.289
3314 -108.472
3315 -106.432
3316 -106.499
3317 -106.434
3318 -107.157
3319 -106.88
3320 -105.621
3321 -106.298
3322 -106.392
3323 -105.888
3324 -107.543
3325 -106.476
3326 -105.705
3327 -105.926
3328 -107.394
3329 -107.744
3330 -105.426
3331 -108.802
3332 -106.928
3333 -106.937
3334 -106.054
3335 -106.433
3336 -106.955
3337 -107.229
3338 -107.342
3339 -106.721
3340 -107.411
3341 -106.615
3342 -106.802
3343 -105.608
3344 -106.218
3345 -107.296
3346 -105.722
3347 -105.455
3348 -106.2
3349 -107.384
3350 -106.582
3351 -107.108
3352 -108.432
3353 -106.567
3354 -106.593
3355 -106.325
3356 -107.104
3357 -107.372
3358 -106.907
3359 -107.929
3360 -108.042
3361 -106.543
3362 -107.724
3363 -107.945
3364 -107.855
3365 -106.009
3366 -106.153
3367 -106.848
3368 -107.853
3369 -106.828
3370 -106.441
3371 -107.136
3372 -107.535
3373 -106.995
3374 -107.544
3375 -108.036
3376 -106.331
3377 -106.998
3378 -107.106
3379 -106.952
3380 -105.831
3381 -107.273
3382 -106.527
3383 -107.568
3384 -105.682
3385 -105.007
3386 -106.808
3387 -106.213
3388 -106.571
3389 -108.605
3390 -106.593
3391 -106.359
3392 -108.624
3393 -107.032
3394 -106.505
3395 -106.113
3396 -106.179
3397 -107.07
3398 -106.644
3399 -106.161
