0 -106.972
1 -106.251
2 -106.711
3 -107.625
4 -108.358
5 -106.726
6 -107.502
7 -107.018
8 -106.423
9 -106.77
10 -107.508
11 -106.757
12 -108.092
13 -107.309
14 -107.028
15 -107.679
16 -107.415
17 -106.586
18 -107.074
19 -106.578
20 -106.719
21 -107.484
22 -105.37
23 -107.474
24 -107.756
25 -107.249
26 -107.287
27 -107.793
28 -107.536
29 -108.268
30 -106.851
31 -107.435
32 -107.775
33 -109.33
34 -109.132
35 -111.539
36 -110.316
37 -112.413
38 -110.734
39 -110.943
40 -113.383
41 -114.768
42 -115.554
43 -114.445
44 -114.592
45 -115.411
46 -116.424
47 -114.938
48 -115.185
49 -116.786
50 -118.177
51 -118.606
52 -119.548
53 -119.896
54 -121.842
55 -119.949
56 -120.972
57 -121.091
58 -121.926
59 -124.356
60 -123.754
61 -123.946
62 -126.115
63 -124.663
64 -124.186
65 -126
66 -128.491
67 -126.464
68 -126.378
69 -128.704
70 -126.048
71 -126.903
72 -126.998
73 -126.431
74 -127.526
75 -127.273
76 -125.965
77 -125.082
78 -124.918
79 -126.289
80 -123.708
81 -123.909
82 -126.007
83 -124.194
84 -124.397
85 -123.181
86 -123.398
87 -121.728
88 -121.663
89 -122.3
90 -121.63
91 -120.066
92 -120.103
93 -118.666
94 -119.13
95 -117.981
96 -118.037
97 -117.322
98 -117.613
99 -117.035
100 -116.254
101 -114.839
102 -116.581
103 -115.45
104 -116.906
105 -116.041
106 -115.81
107 -113.507
108 -114.217
109 -115.897
110 -114.879
111 -114.519
112 -115.15
113 -115.327
114 -116.465
115 -117.358
116 -115.594
117 -115.984
118 -116.98
119 -116.558
120 -115.589
121 -117.538
122 -116.007
123 -115.288
124 -115.95
125 -116.179
126 -116.304
127 -117.95
128 -118.449
129 -116.218
130 -116.337
131 -115.633
132 -115.467
133 -115.552
134 -115.747
135 -116.431
136 -114.497
137 -114.383
138 -114.745
139 -115.17
140 -114.418
141 -114.556
142 -113.358
143 -113.292
144 -113.451
145 -113.07
146 -113.42
147 -114.957
148 -114.56
149 -113.94
150 -113.488
151 -114.58
152 -112.674
153 -112.655
154 -112.677
155 -113.37
156 -115.656
157 -115.087
158 -116.09
159 -115.9
160 -115.221
161 -114.764
162 -114.474
163 -114.701
164 -116.236
165 -115.959
166 -113.742
167 -116.41
168 -115.211
169 -116.34
170 -117.176
171 -116.389
172 -114.714
173 -113.061
174 -116.494
175 -114.237
176 -115.854
177 -114.88
178 -115.452
179 -116.262
180 -115.348
181 -115.855
182 -116.217
183 -112.767
184 -113.072
185 -112.607
186 -113.287
187 -112.239
188 -114.107
189 -115.05
190 -111.754
191 -112.924
192 -114.227
193 -113.354
194 -114.052
195 -112.598
196 -113.803
197 -111.364
198 -114.874
199 -116.972
200 -115.674
201 -115.593
202 -115.061
203 -114.951
204 -116.129
205 -115.013
206 -115.212
207 -114.688
208 -116.342
209 -117.217
210 -116.001
211 -115.533
212 -115.47
213 -116.967
214 -115.358
215 -114.61
216 -114.683
217 -114.258
218 -115.148
219 -114.12
220 -115.01
221 -114.758
222 -115.629
223 -117.652
224 -114.705
225 -113.517
226 -112.72
227 -112.794
228 -112.008
229 -114.081
230 -112.745
231 -112.908
232 -114.216
233 -114.441
234 -115.478
235 -116.304
236 -112.425
237 -113.362
238 -113.427
239 -114.316
240 -115.801
241 -115.491
242 -116.562
243 -114.856
244 -113.794
245 -114.879
246 -115.2
247 -116.499
248 -115.534
249 -116.739
250 -115.454
251 -116.748
252 -118.407
253 -116.161
254 -115.157
255 -115.569
256 -115.552
257 -115.957
258 -116.092
259 -115.593
260 -116.716
261 -114.865
262 -116.305
263 -115.196
264 -113.039
265 -115.311
266 -116.06
267 -114.868
268 -113.44
269 -113.057
270 -113.885
271 -112.804
272 -113.761
273 -114.046
274 -114.496
275 -113.699
276 -114.934
277 -113.873
278 -114.29
279 -112.705
280 -112.73
281 -113.327
282 -113.991
283 -116.045
284 -115.47
285 -115.386
286 -115.746
287 -116.063
288 -114.888
289 -115.887
290 -115.813
291 -115.433
292 -115.816
293 -117.076
294 -115.075
295 -116.265
296 -115.86
297 -115.982
298 -116.303
299 -116.917
300 -115.348
301 -116.03
302 -116.116
303 -114.714
304 -114.04
305 -116.107
306 -115.818
307 -113.372
308 -113.796
309 -113.548
310 -112.762
311 -112.388
312 -113.543
313 -111.667
314 -111.919
315 -112.675
316 -110.287
317 -110.919
318 -109.881
319 -109.302
320 -109.625
321 -108.765
322 -108.746
323 -107.255
324 -107.007
325 -108.466
326 -107.867
327 -109.957
328 -107.019
329 -107.638
330 -108.706
331 -106.793
332 -106.119
333 -104.69
334 -103.305
335 -104.809
336 -103.663
337 -104.736
338 -102.643
339 -103.81
340 -102.651
341 -103.227
342 -103.898
343 -102.984
344 -101.226
345 -100.301
346 -101.943
347 -101.849
348 -102.317
349 -102.802
350 -103.491
351 -102.347
352 -101.062
353 -102.347
354 -102.46
355 -100.406
356 -101.787
357 -102.467
358 -102.979
359 -103.059
360 -104.63
361 -103.808
362 -103.062
363 -103.8
364 -104.449
365 -104.257
366 -103.677
367 -104.598
368 -104.943
369 -106.095
370 -107.24
371 -107.158
372 -108.454
373 -107.345
374 -107.872
375 -108.56
376 -107.882
377 -108.825
378 -107.897
379 -108.927
380 -108.915
381 -108.909
382 -109.122
383 -108.824
384 -111.344
385 -110.027
386 -110.387
387 -109.157
388 -109.831
389 -110.004
390 -110.781
391 -111.205
392 -110.291
393 -109.643
394 -109.812
395 -110.432
396 -110.303
397 -109.579
398 -111.039
399 -110.832
400 -109.874
401 -110.766
402 -110.048
403 -112.24
404 -110.696
405 -109.641
406 -110.355
407 -111.082
408 -111.368
409 -110.186
410 -110.213
411 -111.108
412 -111.583
413 -110.809
414 -112.117
415 -110.624
416 -111.463
417 -112.488
418 -110.786
419 -110.725
420 -110.343
421 -110.307
422 -110.924
423 -111.166
424 -111.73
425 -110.995
426 -110.66
427 -111.613
428 -109.751
429 -109.951
430 -112.079
431 -111.341
432 -112.251
433 -110.644
434 -112.03
435 -110.415
436 -109.946
437 -110.486
438 -110.987
439 -110.627
440 -110.708
441 -109.63
442 -109.141
443 -109.599
444 -109.644
445 -109.413
446 -109.771
447 -108.133
448 -107.326
449 -106.197
450 -105.504
451 -105.905
452 -105.009
453 -105.139
454 -105.57
455 -104.004
456 -102.664
457 -102.373
458 -104.082
459 -102.337
460 -101.811
461 -102.172
462 -100.115
463 -99.4548
464 -100.273
465 -99.6221
466 -99.2488
467 -98.864
468 -98.6944
469 -97.8731
470 -96.3691
471 -95.2024
472 -96.3901
473 -95.3888
474 -94.195
475 -93.9653
476 -91.5544
477 -90.9472
478 -92.5566
479 -91.5829
480 -91.6249
481 -91.9373
482 -90.0488
483 -91.875
484 -90.9511
485 -92.2731
486 -91.9826
487 -92.6786
488 -92.0515
489 -94.8995
490 -93.1255
491 -92.9254
492 -94.3379
493 -92.0725
494 -94.3639
495 -95.4651
496 -95.7163
497 -95.4627
498 -94.7916
499 -96.0337
500 -99.3015
501 -97.1325
502 -98.0532
503 -99.886
504 -98.1988
505 -100.257
506 -99.0856
507 -100.738
508 -99.32
509 -98.656
510 -99.2713
511 -99.1914
512 -98.305
513 -100.257
514 -99.3284
515 -100.11
516 -99.3251
517 -99.4772
518 -98.3987
519 -98.8927
520 -100.67
521 -101.363
522 -101.726
523 -101.724
524 -102.869
525 -101.149
526 -102.518
527 -103.302
528 -103.865
529 -102.833
530 -102.889
531 -103.269
532 -101.807
533 -103.78
534 -103.346
535 -102.644
536 -102.299
537 -104.237
538 -104.26
539 -102.67
540 -103.862
541 -102.897
542 -102.912
543 -103.574
544 -103.741
545 -103.626
546 -104.491
547 -104.924
548 -103.98
549 -104.315
550 -104.216
551 -103.718
552 -104.363
553 -103.209
554 -101.078
555 -101.519
556 -101.653
557 -102.735
558 -100.648
559 -100.12
560 -101.134
561 -99.0842
562 -99.2224
563 -101.745
564 -102.996
565 -103.389
566 -104.171
567 -103.986
568 -104.59
569 -103.644
570 -105.965
571 -104.761
572 -102.834
573 -104.167
574 -102.096
575 -103.878
576 -104.275
577 -104.22
578 -104.243
579 -103.842
580 -103.106
581 -102.357
582 -103.393
583 -103.215
584 -103.909
585 -103.986
586 -102.66
587 -104.955
588 -104.93
589 -105.2
590 -105.316
591 -104.128
592 -102.503
593 -103.46
594 -101.623
595 -103.225
596 -102.143
597 -101.614
598 -101.449
599 -102.168
600 -100.52
601 -100.715
602 -100.539
603 -100.179
604 -101.511
605 -102.388
606 -102.022
607 -102.296
608 -102.804
609 -104.958
610 -104.123
611 -102.287
612 -101.893
613 -103.026
614 -102.716
615 -104.863
616 -103.508
617 -102.179
618 -103.647
619 -103.223
620 -103.616
621 -106.263
622 -103.792
623 -103.352
624 -103.626
625 -101.996
626 -104.679
627 -104.299
628 -101.9
629 -103.584
630 -103.154
631 -102.086
632 -102.953
633 -103.873
634 -104.579
635 -102.903
636 -101.889
637 -103.896
638 -101.313
639 -100.621
640 -101.25
641 -100.122
642 -98.9553
643 -102.424
644 -101.853
645 -102.199
646 -101.292
647 -100.236
648 -102.443
649 -102.188
650 -104.438
651 -103.614
652 -104.306
653 -102.745
654 -104.928
655 -103.936
656 -104.63
657 -104.846
658 -103.358
659 -102.385
660 -102.291
661 -103.219
662 -102.799
663 -102.585
664 -104.089
665 -103.441
666 -102.228
667 -103.311
668 -102.587
669 -104.12
670 -103.473
671 -105.215
672 -104.976
673 -104.868
674 -103.25
675 -103.255
676 -105.456
677 -103.167
678 -100.551
679 -101.857
680 -101.131
681 -102.132
682 -99.867
683 -103.23
684 -101.77
685 -99.8435
686 -99.7843
687 -101.531
688 -100.741
689 -101.34
690 -101.051
691 -102.211
692 -103.278
693 -103.243
694 -104.124
695 -104.468
696 -102.671
697 -105.338
698 -104.15
699 -104.065
700 -102.682
701 -103.686
702 -103.904
703 -103.355
704 -103.55
705 -104.493
706 -103.712
707 -103.959
708 -102.712
709 -104.906
710 -102.504
711 -103.321
712 -104.029
713 -102.309
714 -103.357
715 -103.522
716 -103.291
717 -104.125
718 -103.859
719 -104.755
720 -101.776
721 -101.629
722 -102.678
723 -101.426
724 -101.891
725 -101.758
726 -99.2685
727 -101.638
728 -101.395
729 -101.294
730 -100.557
731 -101.959
732 -102.11
733 -102.092
734 -102.969
735 -102.066
736 -103.515
737 -103.238
738 -102.705
739 -101.952
740 -103.823
741 -104.064
742 -102.768
743 -102.436
744 -102.681
745 -102.507
746 -104.755
747 -103.545
748 -101.919
749 -104.043
750 -104.482
751 -103.594
752 -103.617
753 -103.83
754 -103.491
755 -103.853
756 -103.263
757 -105.411
758 -104.795
759 -104.793
760 -104.151
761 -103.606
762 -102.829
763 -102.989
764 -102.445
765 -101.408
766 -101.951
767 -100.791
768 -102.693
769 -100.842
770 -101.655
771 -99.5274
772 -101.599
773 -99.8071
774 -100.827
775 -102.432
776 -102.494
777 -102.073
778 -102.918
779 -103.495
780 -103.912
781 -104.675
782 -103.317
783 -103.51
784 -104.384
785 -103.497
786 -101.574
787 -102.578
788 -101.896
789 -103.138
790 -103.08
791 -102.746
792 -103.507
793 -103.269
794 -101.88
795 -103.777
796 -103.362
797 -104.21
798 -102.838
799 -103.885
800 -103.375
801 -103.802
802 -103.639
803 -102.068
804 -101.728
805 -102.233
806 -101.458
807 -101.774
808 -102.183
809 -99.6942
810 -101.612
811 -101.428
812 -100.659
813 -100.19
814 -101.711
815 -100.348
816 -101.633
817 -101.085
818 -103.019
819 -103.2
820 -101.941
821 -103.983
822 -102.353
823 -102.24
824 -101.736
825 -102.062
826 -103.429
827 -103.721
828 -102.831
829 -102.269
830 -101.86
831 -101.41
832 -103.592
833 -102.607
834 -102.876
835 -102.989
836 -103.2
837 -102.754
838 -101.068
839 -101.145
840 -102.888
841 -101.503
842 -103.871
843 -102.896
844 -102.884
845 -103.092
846 -102.333
847 -101.019
848 -101.172
849 -101.27
850 -102.073
851 -101.089
852 -100.292
853 -99.9839
854 -98.4069
855 -99.9732
856 -99.0652
857 -100.397
858 -102.008
859 -102.711
860 -101.703
861 -101.606
862 -101.471
863 -102.644
864 -103.314
865 -103.13
866 -102.912
867 -103.235
868 -102.936
869 -103.119
870 -104.077
871 -102.433
872 -104.655
873 -105.56
874 -106.385
875 -106.136
876 -105.933
877 -107.487
878 -106.043
879 -106.251
880 -107.506
881 -107.735
882 -107.752
883 -108.819
884 -109.264
885 -109.532
886 -110.035
887 -111.664
888 -111.155
889 -110.466
890 -112.805
891 -112.362
892 -111.785
893 -114.299
894 -113.823
895 -113.798
896 -111.406
897 -114.866
898 -114.92
899 -115.373
900 -116.031
901 -114.636
902 -113.68
903 -116.304
904 -112.036
905 -113.59
906 -115.146
907 -115.231
908 -113.747
909 -113.704
910 -115.139
911 -112.623
912 -113.736
913 -113.03
914 -112.673
915 -113.217
916 -112.187
917 -111.849
918 -111.891
919 -110.762
920 -112.851
921 -110.882
922 -108.696
923 -109.761
924 -109.371
925 -109.572
926 -109.926
927 -109.786
928 -108.664
929 -108.685
930 -108.262
931 -107.818
932 -108.076
933 -106.679
934 -107.587
935 -107.051
936 -105.807
937 -105.333
938 -105.595
939 -105.177
940 -106.416
941 -104.547
942 -107.808
943 -105.021
944 -105.001
945 -105.155
946 -105.187
947 -106.202
948 -104.943
949 -104.181
950 -105.453
951 -106.257
952 -104.571
953 -105.015
954 -104.644
955 -103.936
956 -104.149
957 -103.205
958 -104.752
959 -103.745
960 -103.224
961 -105.46
962 -105.496
963 -103.656
964 -102.788
965 -104.635
966 -104.827
967 -104.886
968 -103.97
969 -105.016
970 -103.734
971 -103.517
972 -104.324
973 -104.579
974 -104.664
975 -104.27
976 -105.357
977 -105.06
978 -103.728
979 -103.104
980 -103.416
981 -102.608
982 -103.439
983 -104.466
984 -103.809
985 -104.306
986 -105.599
987 -104.666
988 -103.149
989 -103.607
990 -103.083
991 -103.515
992 -105.166
993 -105.206
994 -103.732
995 -104.048
996 -105.094
997 -104.332
998 -104.808
999 -104.733
1000 -104.608
1001 -104.943
1002 -104.227
1003 -105.179
1004 -107.016
1005 -107.511
1006 -106.686
1007 -109.274
1008 -109.468
1009 -109.928
1010 -108.312
1011 -109.945
1012 -109.609
1013 -110.208
1014 -110.83
1015 -111.156
1016 -113.318
1017 -114.109
1018 -114.529
1019 -113.854
1020 -115.285
1021 -114.454
1022 -116.044
1023 -117.117
1024 -119.245
1025 -117.088
1026 -116.555
1027 -119.887
1028 -119.874
1029 -121.483
1030 -121.36
1031 -121.333
1032 -121.156
1033 -122.874
1034 -122.252
1035 -124.342
1036 -122.162
1037 -123.91
1038 -123.806
1039 -122.406
1040 -124.435
1041 -122.636
1042 -121.616
1043 -123.824
1044 -122.553
1045 -121.042
1046 -122.255
1047 -121.376
1048 -119.888
1049 -121.087
1050 -121.278
1051 -120.535
1052 -121.232
1053 -119.412
1054 -119.205
1055 -119.677
1056 -118.933
1057 -119.686
1058 -119.778
1059 -118.124
1060 -118.578
1061 -118.99
1062 -117.25
1063 -116.543
1064 -116.765
1065 -115.782
1066 -114.773
1067 -116.343
1068 -116.415
1069 -117.188
1070 -116.636
1071 -116.193
1072 -114.611
1073 -115.666
1074 -114.468
1075 -115.677
1076 -113.506
1077 -112.906
1078 -114.822
1079 -113.975
1080 -114.315
1081 -113.316
1082 -113.775
1083 -112.671
1084 -113.148
1085 -111.734
1086 -111.329
1087 -112.028
1088 -110.855
1089 -112.556
1090 -113.166
1091 -112.717
1092 -113.712
1093 -111.512
1094 -112.299
1095 -112.496
1096 -111.134
1097 -111.254
1098 -110.909
1099 -112.293
1100 -112.153
1101 -112.5
1102 -111.775
1103 -111.328
1104 -114.018
1105 -112.574
1106 -112.501
1107 -112.487
1108 -112.947
1109 -114.056
1110 -112.932
1111 -113.737
1112 -113.926
1113 -113.506
1114 -112.226
1115 -114.994
1116 -115.034
1117 -114.115
1118 -112.781
1119 -110.541
1120 -112.879
1121 -112.47
1122 -110.644
1123 -110.988
1124 -111.885
1125 -113.191
1126 -115.076
1127 -112.426
1128 -111.719
1129 -110.049
1130 -112
1131 -110.915
1132 -111.922
1133 -111.282
1134 -111.689
1135 -112.992
1136 -111.722
1137 -111.886
1138 -111.445
1139 -110.62
1140 -111.482
1141 -110.711
1142 -110.697
1143 -111.422
1144 -113.074
1145 -112.632
1146 -112.419
1147 -113.644
1148 -112.573
1149 -111.992
1150 -112.904
1151 -110.704
1152 -112.737
1153 -112.435
1154 -113.718
1155 -113.221
1156 -114.296
1157 -115.655
1158 -114.145
1159 -114.347
1160 -113.651
1161 -111.701
1162 -113.482
1163 -112.903
1164 -112.388
1165 -113.571
1166 -113.114
1167 -113.391
1168 -114.158
1169 -112.852
1170 -113.106
1171 -111.079
1172 -111.006
1173 -111.72
1174 -112.368
1175 -111.791
1176 -111.777
1177 -112.222
1178 -113.852
1179 -112.871
1180 -112.131
1181 -111.743
1182 -112.005
1183 -112.067
1184 -111.291
1185 -112.44
1186 -112.885
1187 -113.281
1188 -113.412
1189 -114.179
1190 -113.339
1191 -113.379
1192 -113.904
1193 -113.653
1194 -113.933
1195 -113.268
1196 -113.219
1197 -113.559
1198 -114.431
1199 -113.721
1200 -114.378
1201 -113.392
1202 -114.994
1203 -113.885
1204 -113.193
1205 -113.053
1206 -113.02
1207 -114.749
1208 -114.678
1209 -114.649
1210 -113.651
1211 -112.694
1212 -111.453
1213 -112.744
1214 -112.97
1215 -112.245
1216 -111.225
1217 -111.293
1218 -114.281
1219 -111.971
1220 -113.226
1221 -110.428
1222 -109.942
1223 -109.897
1224 -111.16
1225 -110.808
1226 -111.286
1227 -111.215
1228 -111.735
1229 -112.724
1230 -113.626
1231 -113.159
1232 -113.757
1233 -112.916
1234 -112.505
1235 -114.663
1236 -112.019
1237 -114.567
1238 -113.987
1239 -114.835
1240 -113.921
1241 -114.672
1242 -113.562
1243 -114.125
1244 -114.665
1245 -112.666
1246 -114.64
1247 -114.326
1248 -112.115
1249 -112.155
1250 -112.252
1251 -114.07
1252 -112.66
1253 -112.491
1254 -113.658
1255 -113.299
1256 -113.083
1257 -112.748
1258 -111.654
1259 -111.587
1260 -112.738
1261 -112.032
1262 -112.585
1263 -112.744
1264 -112.07
1265 -111.724
1266 -111.538
1267 -110.931
1268 -111.776
1269 -112.815
1270 -112.437
1271 -113.94
1272 -114.002
1273 -112.758
1274 -112.884
1275 -114.442
1276 -113.831
1277 -113.453
1278 -113.474
1279 -113.918
1280 -114.041
1281 -114.434
1282 -114.231
1283 -114.219
1284 -115.812
1285 -113.93
1286 -113.8
1287 -113.88
1288 -114.522
1289 -113.088
1290 -113.16
1291 -111.856
1292 -112.724
1293 -113.605
1294 -112.81
1295 -113.314
1296 -113.289
1297 -113.91
1298 -113.712
1299 -111.243
1300 -111.316
1301 -112.307
1302 -112.182
1303 -111.175
1304 -112.848
1305 -113.082
1306 -112.088
1307 -112.878
1308 -111.787
1309 -111.819
1310 -111.114
1311 -111.337
1312 -113.32
1313 -112.785
1314 -114.306
1315 -113.333
1316 -113.173
1317 -113.764
1318 -115.052
1319 -112.63
1320 -113.8
1321 -112.975
1322 -112.976
1323 -114.502
1324 -113.677
1325 -114.363
1326 -114.274
1327 -115.007
1328 -113.797
1329 -113.696
1330 -112.695
1331 -113.285
1332 -114.082
1333 -112.259
1334 -113.057
1335 -113.388
1336 -112.896
1337 -112.466
1338 -113.827
1339 -112.271
1340 -112.196
1341 -112.028
1342 -111.478
1343 -112.617
1344 -113.423
1345 -113.538
1346 -113.923
1347 -111.729
1348 -111.295
1349 -111.835
1350 -111.302
1351 -111.189
1352 -111.293
1353 -112.021
1354 -111.992
1355 -114.235
1356 -115.241
1357 -114.076
1358 -114.433
1359 -115.19
1360 -114.304
1361 -112.126
1362 -112.201
1363 -113.149
1364 -113.569
1365 -114.65
1366 -113.808
1367 -116.283
1368 -115.443
1369 -115.058
1370 -115.547
1371 -114.417
1372 -115.504
1373 -115.305
1374 -112.154
1375 -113.599
1376 -114.119
1377 -112.925
1378 -113.537
1379 -112.736
1380 -112.93
1381 -112.653
1382 -112.807
1383 -111.229
1384 -112.275
1385 -111.629
1386 -112.796
1387 -112.415
1388 -111.18
1389 -111.087
1390 -112.572
1391 -111.68
1392 -112.351
1393 -111.106
1394 -110.485
1395 -113.08
1396 -112.798
1397 -113.327
1398 -113.304
1399 -115.241
1400 -114.244
1401 -113.664
1402 -115.02
1403 -113.157
1404 -112.441
1405 -114.191
1406 -114.129
1407 -113.631
1408 -112.825
1409 -114.917
1410 -115.106
1411 -113.828
1412 -113.558
1413 -113.291
1414 -113.309
1415 -114.312
1416 -113.353
1417 -115.09
1418 -113.132
1419 -113.638
1420 -112.92
1421 -112.246
1422 -112.894
1423 -112.465
1424 -112.638
1425 -111.695
1426 -111.036
1427 -110.34
1428 -110.366
1429 -110.555
1430 -111.255
1431 -109.698
1432 -108.237
1433 -109.075
1434 -109.515
1435 -108.688
1436 -108.559
1437 -107.201
1438 -107.67
1439 -107.338
1440 -106.679
1441 -105.153
1442 -106.035
1443 -106.97
1444 -106.887
1445 -104.791
1446 -104.322
1447 -103.475
1448 -103.678
1449 -103.377
1450 -101.457
1451 -102.057
1452 -103.028
1453 -102.248
1454 -101.952
1455 -101.842
1456 -100.83
1457 -100.4
1458 -100.995
1459 -100.253
1460 -100.809
1461 -99.4085
1462 -99.7005
1463 -99.7733
1464 -100.359
1465 -99.395
1466 -100.148
1467 -100.193
1468 -101.738
1469 -101.56
1470 -102.476
1471 -101.278
1472 -100.524
1473 -101.412
1474 -102.808
1475 -101.135
1476 -102.852
1477 -103.069
1478 -104.636
1479 -103.908
1480 -105.197
1481 -103.578
1482 -103.833
1483 -103.93
1484 -105.946
1485 -106.859
1486 -105.985
1487 -106.116
1488 -106.903
1489 -106.489
1490 -107.377
1491 -107.535
1492 -107.667
1493 -107.975
1494 -108.467
1495 -109.11
1496 -110.416
1497 -107.583
1498 -108.982
1499 -109.417
1500 -108.986
1501 -107.303
1502 -109.311
1503 -108.679
1504 -108.012
1505 -108.75
1506 -107.399
1507 -109.219
1508 -108.721
1509 -110.118
1510 -108.911
1511 -109.844
1512 -110.048
1513 -108.831
1514 -108.616
1515 -108.495
1516 -107.859
1517 -109.047
1518 -109.038
1519 -109.507
1520 -109.441
1521 -110.066
1522 -110.651
1523 -109.433
1524 -108.976
1525 -109.044
1526 -109.826
1527 -109.756
1528 -110.194
1529 -110.891
1530 -109.338
1531 -109.061
1532 -110.06
1533 -110.204
1534 -108.652
1535 -110.292
1536 -110.464
1537 -111.191
1538 -109.781
1539 -109.653
1540 -109.819
1541 -108.8
1542 -109.617
1543 -111.301
1544 -109.995
1545 -109.772
1546 -110.47
1547 -110.741
1548 -110.102
1549 -109.585
1550 -108.785
1551 -110.452
1552 -110.499
1553 -109.346
1554 -109.562
1555 -110.727
1556 -108.965
1557 -109.392
1558 -108.536
1559 -107.463
1560 -110.153
1561 -108.937
1562 -106.675
1563 -105.106
1564 -106.312
1565 -105.43
1566 -105.203
1567 -103.574
1568 -103.215
1569 -102.99
1570 -101.893
1571 -102.787
1572 -101.28
1573 -100.748
1574 -102.829
1575 -100.782
1576 -101.335
1577 -100.075
1578 -98.8376
1579 -98.2922
1580 -96.8044
1581 -97.743
1582 -97.0855
1583 -95.4875
1584 -94.4246
1585 -95.0854
1586 -95.6294
1587 -93.7765
1588 -93.8674
1589 -91.6067
1590 -91.7245
1591 -92.5688
1592 -91.5857
1593 -91.2831
1594 -92.3073
1595 -91.6391
1596 -91.9827
1597 -91.3584
1598 -90.7673
1599 -91.7874
1600 -92.2901
1601 -92.2004
1602 -92.0889
1603 -92.6197
1604 -93.1376
1605 -92.2914
1606 -92.1356
1607 -93.0983
1608 -93.9589
1609 -94.9387
1610 -96.2387
1611 -95.3396
1612 -96.206
1613 -95.8287
1614 -95.6757
1615 -99.6076
1616 -97.4021
1617 -98.0218
1618 -99.5261
1619 -98.9586
1620 -98.4049
1621 -98.2562
1622 -99.452
1623 -99.8562
1624 -98.773
1625 -99.2775
1626 -100.211
1627 -99.4681
1628 -98.5985
1629 -99.0812
1630 -99.9065
1631 -99.0816
1632 -100.257
1633 -100.031
1634 -100.223
1635 -101.745
1636 -100.352
1637 -100.056
1638 -103.272
1639 -102.638
1640 -101.912
1641 -103.063
1642 -104.236
1643 -101.029
1644 -104.325
1645 -102.191
1646 -102.112
1647 -103.509
1648 -103.261
1649 -102.51
1650 -102.482
1651 -104.469
1652 -104.438
1653 -102.517
1654 -103.833
1655 -104.339
1656 -102.693
1657 -101.866
1658 -103.591
1659 -102.632
1660 -103.965
1661 -104.475
1662 -103.92
1663 -103.334
1664 -101.93
1665 -103.404
1666 -102.375
1667 -101.574
1668 -101.686
1669 -103.129
1670 -100.793
1671 -98.9777
1672 -101.67
1673 -101.057
1674 -102.012
1675 -100.833
1676 -101.892
1677 -101.047
1678 -102.651
1679 -102.369
1680 -101.91
1681 -103.434
1682 -102.564
1683 -104.021
1684 -104.861
1685 -104.444
1686 -104.816
1687 -104.271
1688 -102.75
1689 -102.444
1690 -102.831
1691 -101.985
1692 -102.293
1693 -104.655
1694 -103.956
1695 -103.834
1696 -103.112
1697 -102.415
1698 -102.207
1699 -105.1
1700 -103.726
1701 -104.803
1702 -103.908
1703 -103.825
1704 -104.994
1705 -103.434
1706 -104.617
1707 -101.846
1708 -103.315
1709 -103.196
1710 -100.523
1711 -102.728
1712 -102.53
1713 -102.504
1714 -101.788
1715 -99.208
1716 -99.7784
1717 -101.882
1718 -102.699
1719 -100.75
1720 -101.263
1721 -102.068
1722 -103.653
1723 -103.084
1724 -103.045
1725 -103.732
1726 -102.745
1727 -104.419
1728 -103.699
1729 -104.868
1730 -103.792
1731 -103.192
1732 -103.621
1733 -101.424
1734 -102.356
1735 -102.197
1736 -104.231
1737 -104.053
1738 -103.801
1739 -102.777
1740 -103.579
1741 -103.727
1742 -102.199
1743 -103.459
1744 -104.026
1745 -102.762
1746 -104.136
1747 -104.39
1748 -104.626
1749 -103.388
1750 -102.125
1751 -101.388
1752 -101.614
1753 -101.766
1754 -100.082
1755 -101.494
1756 -101.265
1757 -100.764
1758 -100.48
1759 -101.662
1760 -101.225
1761 -101.673
1762 -102.225
1763 -101.847
1764 -103.049
1765 -103.306
1766 -105.187
1767 -103.357
1768 -104.11
1769 -104.12
1770 -102.712
1771 -103.674
1772 -103.993
1773 -104.177
1774 -101.981
1775 -103.674
1776 -102.181
1777 -103.201
1778 -105.276
1779 -102.778
1780 -101.685
1781 -104.418
1782 -103.06
1783 -103.741
1784 -104.043
1785 -100.953
1786 -102.707
1787 -102.733
1788 -103.775
1789 -104.372
1790 -102.407
1791 -102.728
1792 -104.221
1793 -103.725
1794 -102.451
1795 -101.545
1796 -101.074
1797 -102.625
1798 -101.921
1799 -100.166
1800 -101.677
1801 -99.9648
1802 -99.9655
1803 -101.453
1804 -101.393
1805 -102.377
1806 -103.194
1807 -102.778
1808 -103.8
1809 -104.065
1810 -103.428
1811 -103.124
1812 -103.654
1813 -102.957
1814 -101.778
1815 -102.7
1816 -105.076
1817 -103.558
1818 -103.346
1819 -103.664
1820 -103.118
1821 -102.92
1822 -104.096
1823 -102.964
1824 -103.208
1825 -103.926
1826 -102.589
1827 -102.332
1828 -104.172
1829 -103.46
1830 -104.872
1831 -104.201
1832 -106.499
1833 -104.117
1834 -102.55
1835 -101.454
1836 -101.545
1837 -100.943
1838 -102.507
1839 -100.774
1840 -102.067
1841 -101.105
1842 -100.917
1843 -100.478
1844 -100.501
1845 -100.839
1846 -101.216
1847 -101.267
1848 -102.608
1849 -102.384
1850 -103.108
1851 -103.136
1852 -103.417
1853 -104.332
1854 -103.721
1855 -104.193
1856 -101.485
1857 -101.889
1858 -102.198
1859 -103.483
1860 -102.766
1861 -101.877
1862 -102.71
1863 -103.375
1864 -103.184
1865 -102.944
1866 -104.001
1867 -103.446
1868 -104.31
1869 -103.566
1870 -104.68
1871 -103.656
1872 -104.775
1873 -103.811
1874 -103.245
1875 -102.621
1876 -102.908
1877 -102.499
1878 -102.207
1879 -101.38
1880 -102.484
1881 -101.415
1882 -99.8107
1883 -100.909
1884 -101.006
1885 -100.001
1886 -100.844
1887 -100.648
1888 -100.605
1889 -100.162
1890 -103.107
1891 -103.042
1892 -102.064
1893 -103.594
1894 -103.3
1895 -102.45
1896 -104.586
1897 -101.926
1898 -102.423
1899 -102.59
1900 -102.995
1901 -104.196
1902 -102.643
1903 -102.017
1904 -104.316
1905 -103.361
1906 -102.619
1907 -104.218
1908 -103.955
1909 -100.669
1910 -102.198
1911 -103.016
1912 -103.021
1913 -102.952
1914 -104.68
1915 -104.607
1916 -103.899
1917 -104.301
1918 -103.737
1919 -100.479
1920 -102.032
1921 -100.597
1922 -100.732
1923 -101.611
1924 -100.794
1925 -99.7927
1926 -100.33
1927 -98.9132
1928 -101.341
1929 -100.752
1930 -101.568
1931 -100.453
1932 -101.971
1933 -101.044
1934 -102.959
1935 -103.348
1936 -103.804
1937 -102.596
1938 -104.401
1939 -101.492
1940 -102.003
1941 -102.729
1942 -101.616
1943 -101.192
1944 -101.472
1945 -102.083
1946 -103.253
1947 -101.895
1948 -102.79
1949 -103.383
1950 -103.617
1951 -102.119
1952 -102.946
1953 -102.442
1954 -102.822
1955 -103.341
1956 -103.169
1957 -103.96
1958 -103.381
1959 -102.312
1960 -103.39
1961 -101.653
1962 -100.158
1963 -100.095
1964 -100.736
1965 -99.9681
1966 -100.041
1967 -101.135
1968 -100.484
1969 -100.641
1970 -99.7675
1971 -100.76
1972 -99.9065
1973 -99.5742
1974 -101.607
1975 -101.188
1976 -102.784
1977 -103.064
1978 -102.913
1979 -103.879
1980 -102.315
1981 -101.836
1982 -104.062
1983 -104.026
1984 -104.264
1985 -103.343
1986 -105.353
1987 -104.443
1988 -105.006
1989 -105.442
1990 -105.401
1991 -104.637
1992 -106.282
1993 -106.706
1994 -106.655
1995 -108.086
1996 -107.566
1997 -108.802
1998 -108.402
1999 -108.962
2000 -110.637
2001 -111.028
2002 -112.627
2003 -112.201
2004 -113.164
2005 -113.037
2006 -113.021
2007 -110.934
2008 -116.142
2009 -113.261
2010 -112.936
2011 -114.668
2012 -115.432
2013 -114.538
2014 -114.241
2015 -112.828
2016 -114.821
2017 -115.251
2018 -112.986
2019 -114.908
2020 -112.551
2021 -112.906
2022 -113.242
2023 -114.561
2024 -115.379
2025 -114.682
2026 -113.53
2027 -113.909
2028 -111.479
2029 -112.784
2030 -112.823
2031 -112.437
2032 -112.63
2033 -111.191
2034 -111.196
2035 -110.732
2036 -109.341
2037 -109.419
2038 -110.39
2039 -109.212
2040 -109.098
2041 -109.578
2042 -107.801
2043 -108.837
2044 -107.989
2045 -107.996
2046 -106.622
2047 -107.942
2048 -105.521
2049 -106.935
2050 -105.6
2051 -107.121
2052 -105.782
2053 -105.635
2054 -105.88
2055 -106.086
2056 -105.314
2057 -107.174
2058 -105.387
2059 -106.019
2060 -106.038
2061 -104.14
2062 -104.63
2063 -104.175
2064 -105.062
2065 -105.095
2066 -103.709
2067 -105.798
2068 -104.135
2069 -105.342
2070 -102.999
2071 -102.959
2072 -103.066
2073 -104.205
2074 -103.457
2075 -103.881
2076 -104.155
2077 -103.693
2078 -104.634
2079 -103.57
2080 -104.422
2081 -104.661
2082 -103.57
2083 -104.501
2084 -105.255
2085 -104.232
2086 -104.67
2087 -102.933
2088 -104.135
2089 -102.643
2090 -103.673
2091 -103.32
2092 -104.57
2093 -104.44
2094 -104.095
2095 -105.008
2096 -104.157
2097 -102.512
2098 -103.259
2099 -103.915
2100 -103.875
2101 -104.469
2102 -104.28
2103 -103.615
2104 -103.468
2105 -103.874
2106 -104.361
2107 -102.17
2108 -104.963
2109 -104.152
2110 -105.162
2111 -104.278
2112 -101.831
2113 -105.18
2114 -103.166
2115 -105.269
2116 -105.667
2117 -106.515
2118 -104.539
2119 -106.402
2120 -108.911
2121 -109.191
2122 -109.253
2123 -107.92
2124 -108.797
2125 -108.951
2126 -109.737
2127 -110.656
2128 -112.467
2129 -111.533
2130 -110.331
2131 -112.638
2132 -113.907
2133 -112.837
2134 -113.697
2135 -113.595
2136 -116.547
2137 -117.682
2138 -118.378
2139 -118.022
2140 -118.811
2141 -119.358
2142 -120.268
2143 -120.415
2144 -121.347
2145 -122.784
2146 -121.403
2147 -121.57
2148 -121.504
2149 -123.694
2150 -121.809
2151 -123.338
2152 -121.748
2153 -124.006
2154 -123.053
2155 -122.622
2156 -122.736
2157 -120.899
2158 -122.489
2159 -122.441
2160 -122.175
2161 -121.379
2162 -120.373
2163 -120.937
2164 -121.572
2165 -120.594
2166 -120.903
2167 -119.287
2168 -121.457
2169 -119.607
2170 -119.335
2171 -117.841
2172 -119.136
2173 -118.411
2174 -118.123
2175 -116.959
2176 -116.543
2177 -117.071
2178 -117.155
2179 -116.19
2180 -115.958
2181 -114.749
2182 -115.37
2183 -113.77
2184 -114.274
2185 -117.007
2186 -114.564
2187 -114.698
2188 -114.394
2189 -113.389
2190 -113.031
2191 -113.006
2192 -114.266
2193 -114.907
2194 -114.218
2195 -115.913
2196 -114.293
2197 -114.772
2198 -113.427
2199 -111.542
2200 -111.867
2201 -111.052
2202 -112.849
2203 -111.745
2204 -113.201
2205 -112.037
2206 -112.188
2207 -111.058
2208 -111.088
2209 -111.651
2210 -112.317
2211 -112.068
2212 -111.052
2213 -111.182
2214 -111.145
2215 -113.673
2216 -113.552
2217 -112.735
2218 -112.318
2219 -111.73
2220 -113.993
2221 -110.929
2222 -112.685
2223 -112.237
2224 -112.286
2225 -113.546
2226 -112.619
2227 -113.423
2228 -114.485
2229 -112.991
2230 -113.967
2231 -114.145
2232 -113.117
2233 -112.225
2234 -112.152
2235 -113.132
2236 -112.684
2237 -113.059
2238 -111.299
2239 -111.828
2240 -114.262
2241 -112.437
2242 -112.321
2243 -110.596
2244 -110.485
2245 -111.76
2246 -111.184
2247 -110.76
2248 -112.86
2249 -109.931
2250 -111.144
2251 -110.75
2252 -111.833
2253 -110.208
2254 -109.928
2255 -110.311
2256 -111.042
2257 -110.922
2258 -112.627
2259 -114.174
2260 -111.556
2261 -112.689
2262 -111.565
2263 -114.268
2264 -113.625
2265 -113.099
2266 -112.326
2267 -112.869
2268 -113.1
2269 -113.541
2270 -112.687
2271 -111.945
2272 -114.376
2273 -113.466
2274 -113.873
2275 -112.955
2276 -113.547
2277 -111.315
2278 -111.403
2279 -112.26
2280 -113.268
2281 -113.057
2282 -112.72
2283 -112.137
2284 -111.836
2285 -111.873
2286 -111.48
2287 -111.161
2288 -111.313
2289 -111.683
2290 -110.397
2291 -112.36
2292 -112.009
2293 -111.888
2294 -111.402
2295 -111.055
2296 -110.827
2297 -111.12
2298 -111.456
2299 -111.407
2300 -112.802
2301 -113.279
2302 -112.602
2303 -112.497
2304 -114.194
2305 -113.662
2306 -113.311
2307 -111.948
2308 -112.557
2309 -112.199
2310 -113.604
2311 -115.196
2312 -114.203
2313 -111.784
2314 -113.083
2315 -113.729
2316 -113.026
2317 -113.722
2318 -112.756
2319 -114.41
2320 -113.109
2321 -111.852
2322 -111.541
2323 -112.362
2324 -112.638
2325 -112.685
2326 -113.649
2327 -111.584
2328 -111.095
2329 -112.311
2330 -112.657
2331 -111.232
2332 -111.699
2333 -111.543
2334 -112.56
2335 -111.885
2336 -111.212
2337 -110.908
2338 -112.198
2339 -110.888
2340 -111.564
2341 -112.459
2342 -114.006
2343 -114.061
2344 -112.696
2345 -114.662
2346 -114.122
2347 -113.882
2348 -113.408
2349 -112.122
2350 -113.514
2351 -113.001
2352 -112.633
2353 -115.145
2354 -113.767
2355 -113.524
2356 -114.952
2357 -114.276
2358 -113.566
2359 -113.684
2360 -112.507
2361 -112.411
2362 -112.758
2363 -112.3
2364 -112.347
2365 -114.908
2366 -113.299
2367 -113.372
2368 -111.046
2369 -113.302
2370 -110.688
2371 -112.084
2372 -111.372
2373 -112.327
2374 -112.471
2375 -110.152
2376 -112.355
2377 -112.328
2378 -110.394
2379 -111.421
2380 -112.12
2381 -111.482
2382 -111.088
2383 -111.167
2384 -112.787
2385 -113.135
2386 -113.195
2387 -114.278
2388 -112.775
2389 -113.624
2390 -113.588
2391 -113.049
2392 -113.738
2393 -113.067
2394 -113.081
2395 -112.943
2396 -114.484
2397 -117.169
2398 -115.2
2399 -114.777
2400 -114.335
2401 -112.864
2402 -113.505
2403 -112.892
2404 -113.956
2405 -113.115
2406 -113.449
2407 -113.606
2408 -114.991
2409 -112.24
2410 -112.51
2411 -111.928
2412 -113.399
2413 -111.878
2414 -111.662
2415 -110.21
2416 -111.319
2417 -111.119
2418 -111.382
2419 -111.989
2420 -110.649
2421 -111.614
2422 -111.297
2423 -110.487
2424 -109.274
2425 -111.637
2426 -112.739
2427 -113.191
2428 -113.566
2429 -113.598
2430 -113.85
2431 -113.318
2432 -114.618
2433 -113.987
2434 -114.192
2435 -113.525
2436 -113.818
2437 -114.434
2438 -115.112
2439 -114.458
2440 -114.117
2441 -113.807
2442 -112.811
2443 -114.193
2444 -112.4
2445 -112.318
2446 -112.785
2447 -113.246
2448 -111.936
2449 -112.71
2450 -113.621
2451 -113.423
2452 -111.592
2453 -112.719
2454 -110.709
2455 -110.593
2456 -110.69
2457 -111.983
2458 -111.486
2459 -112.625
2460 -112.387
2461 -112.874
2462 -112.562
2463 -112.641
2464 -111.451
2465 -109.271
2466 -111.321
2467 -111.569
2468 -112.863
2469 -112.845
2470 -111.623
2471 -113.747
2472 -113.724
2473 -113.102
2474 -113.305
2475 -113.792
2476 -112.884
2477 -113.642
2478 -115.104
2479 -114.078
2480 -114.11
2481 -113.966
2482 -113.346
2483 -114.97
2484 -113.118
2485 -113.607
2486 -113.512
2487 -113.554
2488 -114.153
2489 -112.674
2490 -113.768
2491 -112.451
2492 -113.034
2493 -112.95
2494 -111.931
2495 -111.694
2496 -112.866
2497 -111.429
2498 -111.56
2499 -111.21
2500 -112.225
2501 -113.559
2502 -112.566
2503 -112.254
2504 -111.815
2505 -110.206
2506 -111.34
2507 -112.419
2508 -109.587
2509 -110
2510 -112.787
2511 -112.104
2512 -113.822
2513 -113.693
2514 -112.768
2515 -112.984
2516 -112.851
2517 -113.165
2518 -113.023
2519 -114.108
2520 -113.233
2521 -113.658
2522 -115.025
2523 -114.609
2524 -113.974
2525 -114.418
2526 -112.595
2527 -113.839
2528 -112.5
2529 -113.177
2530 -113.139
2531 -114.37
2532 -114.039
2533 -114.321
2534 -112.246
2535 -112.405
2536 -113.141
2537 -111.277
2538 -111.32
2539 -112.365
2540 -110.599
2541 -109.815
2542 -110.46
2543 -110.477
2544 -110.951
2545 -109.94
2546 -110.493
2547 -108.833
2548 -108.898
2549 -107.138
2550 -107.559
2551 -106.21
2552 -106.117
2553 -107.043
2554 -107.777
2555 -106.6
2556 -106.84
2557 -105.263
2558 -104.749
2559 -104.725
2560 -103.965
2561 -103.75
2562 -101.929
2563 -102.588
2564 -102.929
2565 -101.899
2566 -100.831
2567 -100.304
2568 -100.924
2569 -101.768
2570 -103.15
2571 -99.6267
2572 -99.7701
2573 -99.443
2574 -99.168
2575 -100.539
2576 -99.7382
2577 -98.3992
2578 -100.149
2579 -100.139
2580 -99.2078
2581 -98.9504
2582 -101.462
2583 -101.287
2584 -100.749
2585 -101.279
2586 -100.852
2587 -101.348
2588 -102.338
2589 -102.251
2590 -102.049
2591 -102.549
2592 -103.485
2593 -102.894
2594 -104.099
2595 -105.91
2596 -103.788
2597 -105.295
2598 -106.207
2599 -105.237
2600 -107.758
2601 -106.972
2602 -107.324
2603 -106.802
2604 -107.901
2605 -105.673
2606 -107.136
2607 -105.895
2608 -106.971
2609 -107.439
2610 -108.087
2611 -109.608
2612 -108.503
2613 -108.903
2614 -108.401
2615 -108.485
2616 -109.421
2617 -108.982
2618 -109.217
2619 -108.595
2620 -108.77
2621 -109.619
2622 -107.552
2623 -109.669
2624 -110.202
2625 -108.552
2626 -109.465
2627 -108.891
2628 -108.354
2629 -109.556
2630 -110.577
2631 -108.71
2632 -109.316
2633 -110.92
2634 -109.313
2635 -109.857
2636 -109.594
2637 -109.75
2638 -108.692
2639 -109.149
2640 -109.1
2641 -110.448
2642 -110.387
2643 -110.47
2644 -110.363
2645 -109.211
2646 -109.344
2647 -109.196
2648 -107.756
2649 -109.429
2650 -109.151
2651 -110.254
2652 -108.845
2653 -108.525
2654 -107.907
2655 -109.477
2656 -109.967
2657 -109.327
2658 -110.594
2659 -108.689
2660 -110.01
2661 -109.945
2662 -107.766
2663 -109.978
2664 -108.819
2665 -109.639
2666 -109.253
2667 -109.045
2668 -109.436
2669 -110.047
2670 -108.273
2671 -107.98
2672 -107.929
2673 -109.17
2674 -107.836
2675 -106.701
2676 -106.839
2677 -105.802
2678 -104.231
2679 -106.027
2680 -105.663
2681 -103.202
2682 -103.48
2683 -103.555
2684 -102.412
2685 -102.155
2686 -100.462
2687 -100.736
2688 -99.2169
2689 -99.1983
2690 -99.9638
2691 -99.0472
2692 -98.8027
2693 -98.1895
2694 -98.4018
2695 -98.0391
2696 -97.9408
2697 -95.0404
2698 -94.0308
2699 -93.9559
2700 -94.5778
2701 -92.5072
2702 -93.022
2703 -93.3523
2704 -92.5336
2705 -92.0503
2706 -92.9075
2707 -91.8633
2708 -91.7018
2709 -91.631
2710 -90.9862
2711 -92.338
2712 -92.3727
2713 -90.9653
2714 -90.3561
2715 -91.72
2716 -92.4617
2717 -92.2316
2718 -93.0674
2719 -92.5066
2720 -94.1663
2721 -95.0218
2722 -95.1781
2723 -93.2346
2724 -95.7489
2725 -96.3071
2726 -96.2731
2727 -96.5037
2728 -98.7897
2729 -97.4294
2730 -98.5454
2731 -99.2577
2732 -98.7694
2733 -99.7738
2734 -98.7966
2735 -97.8433
2736 -98.2359
2737 -100.531
2738 -97.9585
2739 -99.5738
2740 -98.8307
2741 -99.5055
2742 -98.8298
2743 -98.6571
2744 -99.1419
2745 -99.5025
2746 -99.587
2747 -99.3859
2748 -100.036
2749 -100.018
2750 -101.302
2751 -101.599
2752 -102.119
2753 -101.508
2754 -101.627
2755 -101.864
2756 -104.157
2757 -105.384
2758 -103.252
2759 -103.639
2760 -102.773
2761 -102.234
2762 -101.296
2763 -101.417
2764 -102.596
2765 -103.033
2766 -104.159
2767 -101.438
2768 -101.47
2769 -104.08
2770 -104.021
2771 -103.629
2772 -103.403
2773 -103.418
2774 -104.047
2775 -103.454
2776 -103.773
2777 -104.643
2778 -103.454
2779 -103.483
2780 -102.969
2781 -101.583
2782 -101.827
2783 -102.356
2784 -99.6462
2785 -100.171
2786 -100.855
2787 -100.257
2788 -100.688
2789 -100.786
2790 -100.931
2791 -102.766
2792 -104.065
2793 -102.754
2794 -104.057
2795 -103.696
2796 -104.588
2797 -103.365
2798 -104.52
2799 -105.809
2800 -103.213
2801 -103.092
2802 -104.032
2803 -103.147
2804 -104.228
2805 -103.57
2806 -103.489
2807 -103.815
2808 -103.806
2809 -104.109
2810 -103.044
2811 -104.453
2812 -102.248
2813 -102.669
2814 -105.086
2815 -105.137
2816 -104.403
2817 -104.128
2818 -106.384
2819 -104.111
2820 -104.369
2821 -104.071
2822 -102.23
2823 -101.991
2824 -101.909
2825 -102.406
2826 -102.199
2827 -101.145
2828 -100.643
2829 -101.723
2830 -101.585
2831 -99.4262
2832 -101.382
2833 -101.513
2834 -101.731
2835 -102.536
2836 -102.985
2837 -103.272
2838 -103.284
2839 -103.295
2840 -102.901
2841 -104.538
2842 -104.933
2843 -103.619
2844 -103.15
2845 -102.952
2846 -103.429
2847 -102.684
2848 -104.401
2849 -103.061
2850 -104.922
2851 -102.706
2852 -105.438
2853 -103.673
2854 -105.366
2855 -103.931
2856 -103.623
2857 -102.582
2858 -102.384
2859 -103.728
2860 -103.559
2861 -102.724
2862 -103.35
2863 -102.982
2864 -103.334
2865 -101.654
2866 -102.882
2867 -101.295
2868 -101.12
2869 -103.257
2870 -101.897
2871 -101.872
2872 -102.425
2873 -100.677
2874 -100.758
2875 -104.127
2876 -101.82
2877 -103.138
2878 -102.119
2879 -104.712
2880 -104.215
2881 -104.99
2882 -103.647
2883 -104.433
2884 -103.164
2885 -102.039
2886 -102.238
2887 -103.972
2888 -102.637
2889 -101.63
2890 -102.693
2891 -102.933
2892 -103.3
2893 -102.97
2894 -103.767
2895 -103.421
2896 -102.1
2897 -102.648
2898 -101.589
2899 -102.134
2900 -103.791
2901 -104.901
2902 -103.732
2903 -105.865
2904 -103.052
2905 -102.829
2906 -102.96
2907 -102.151
2908 -101.775
2909 -102.662
2910 -100.18
2911 -102.292
2912 -101.873
2913 -102.925
2914 -101.318
2915 -101.333
2916 -100.448
2917 -100.45
2918 -101.732
2919 -101.87
2920 -101.773
2921 -104.538
2922 -103.703
2923 -104.658
2924 -103.48
2925 -106.1
2926 -104.49
2927 -103.017
2928 -102.744
2929 -103.819
2930 -103.665
2931 -103.416
2932 -101.861
2933 -102.676
2934 -102.83
2935 -103.716
2936 -104.007
2937 -102.235
2938 -102.417
2939 -102.393
2940 -103.195
2941 -104.431
2942 -103.091
2943 -104.625
2944 -104.071
2945 -104.226
2946 -102.95
2947 -102.454
2948 -103.224
2949 -101.071
2950 -101.828
2951 -101.738
2952 -102.358
2953 -100.248
2954 -102.023
2955 -101.435
2956 -100.334
2957 -101.412
2958 -100.382
2959 -101.514
2960 -100.822
2961 -102.007
2962 -103.177
2963 -101.981
2964 -104.098
2965 -104.449
2966 -104.041
2967 -104.468
2968 -102.028
2969 -102.914
2970 -103.141
2971 -102.125
2972 -102.706
2973 -102.72
2974 -102.282
2975 -103.342
2976 -105.205
2977 -103.713
2978 -103.422
2979 -103.714
2980 -103.423
2981 -103.259
2982 -102.825
2983 -104.954
2984 -103.667
2985 -102.959
2986 -104.532
2987 -105.041
2988 -103.459
2989 -103.607
2990 -103.597
2991 -103.355
2992 -100.519
2993 -101.607
2994 -101.996
2995 -101.447
2996 -101.355
2997 -101.513
2998 -99.5225
2999 -100.077
3000 -101.359
3001 -99.7354
3002 -101.63
3003 -101.164
3004 -102.843
3005 -102.782
3006 -103.274
3007 -104.625
3008 -102.755
3009 -104.143
3010 -102.657
3011 -103.85
3012 -103.116
3013 -102.509
3014 -103.284
3015 -103.822
3016 -101.612
3017 -102.218
3018 -103.791
3019 -103.824
3020 -102.942
3021 -102.748
3022 -101.935
3023 -103.634
3024 -102.642
3025 -102.136
3026 -103.537
3027 -105.217
3028 -103.793
3029 -103.236
3030 -102.745
3031 -102.486
3032 -100.912
3033 -100.991
3034 -101.02
3035 -102.014
3036 -100.935
3037 -100.91
3038 -100.741
3039 -99.765
3040 -100.682
3041 -101.463
3042 -99.8424
3043 -100.417
3044 -100.81
3045 -102.31
3046 -104.276
3047 -102.197
3048 -103.499
3049 -103.8
3050 -103.173
3051 -102.194
3052 -102.386
3053 -102.56
3054 -103.481
3055 -102.731
3056 -102.328
3057 -102.187
3058 -101.876
3059 -102.005
3060 -103.001
3061 -102.784
3062 -103.452
3063 -102.645
3064 -100.744
3065 -102.918
3066 -101.641
3067 -102.774
3068 -103.025
3069 -103.862
3070 -102.385
3071 -104.16
3072 -102.901
3073 -103.068
3074 -101.578
3075 -101.436
3076 -100.842
3077 -101.783
3078 -100.87
3079 -101.835
3080 -102.091
3081 -98.8547
3082 -99.3541
3083 -99.5425
3084 -99.2718
3085 -99.7625
3086 -100.954
3087 -101.374
3088 -101.087
3089 -102.096
3090 -102.194
3091 -102.029
3092 -102.317
3093 -103.246
3094 -104.54
3095 -104.098
3096 -102.918
3097 -102.649
3098 -105.585
3099 -104.962
3100 -103.815
3101 -104.029
3102 -104.048
3103 -106.361
3104 -106.362
3105 -108.3
3106 -106.302
3107 -106.057
3108 -108.691
3109 -107.563
3110 -108.33
3111 -108.89
3112 -108.799
3113 -110.349
3114 -108.731
3115 -112.169
3116 -112.248
3117 -112.369
3118 -112.862
3119 -111.763
3120 -111.804
3121 -111.84
3122 -113.292
3123 -112.375
3124 -115.306
3125 -114.039
3126 -114.56
3127 -116.456
3128 -114.961
3129 -116.168
3130 -115.558
3131 -115.784
3132 -116.214
3133 -114.498
3134 -115.861
3135 -114.071
3136 -115.395
3137 -113.97
3138 -114.058
3139 -113.417
3140 -112.985
3141 -113.65
3142 -113.226
3143 -113.444
3144 -111.277
3145 -111.892
3146 -111.413
3147 -109.698
3148 -111.96
3149 -111.894
3150 -110.596
3151 -109.897
3152 -109.309
3153 -108.719
3154 -107.961
3155 -107.903
3156 -107.043
3157 -109.006
3158 -109.629
3159 -107.457
3160 -108.398
3161 -107.17
3162 -108.193
3163 -107.233
3164 -106.962
3165 -106.867
3166 -105.303
3167 -106.792
3168 -105.388
3169 -106.903
3170 -105.292
3171 -108.193
3172 -105.748
3173 -105.283
3174 -106.816
3175 -105.9
3176 -104.338
3177 -104.989
3178 -105.076
3179 -104.388
3180 -105.341
3181 -106.215
3182 -104.536
3183 -103.786
3184 -103.558
3185 -105.181
3186 -106.089
3187 -104.143
3188 -104.361
3189 -104.248
3190 -104.567
3191 -105.13
3192 -104.604
3193 -104.314
3194 -103.988
3195 -104.714
3196 -106.099
3197 -103.154
3198 -105.138
3199 -103.697
3200 -103.589
3201 -104.474
3202 -103.234
3203 -104.682
3204 -105.292
3205 -104.431
3206 -105.788
3207 -103.209
3208 -103.163
3209 -105.05
3210 -105.235
3211 -103.517
3212 -103.767
3213 -104.159
3214 -104.929
3215 -104.273
3216 -105.669
3217 -102.643
3218 -103.227
3219 -105.324
3220 -103.828
3221 -103.1
3222 -103.734
3223 -103.534
3224 -102.635
3225 -105.355
3226 -102.668
3227 -104.499
3228 -102.819
3229 -105.712
3230 -105.08
3231 -103.764
3232 -104.932
3233 -105.111
3234 -105.428
3235 -103.305
3236 -105.339
3237 -103.926
3238 -104.046
3239 -103.691
3240 -104.8
3241 -104.699
3242 -104.589
3243 -103.218
3244 -103.571
3245 -104.714
3246 -104.43
3247 -103.78
3248 -104.53
3249 -103.151
3250 -103.578
3251 -102.483
3252 -103.09
3253 -104.876
3254 -104.97
3255 -104.092
3256 -103.192
3257 -103.897
3258 -104.292
3259 -103.865
3260 -105.807
3261 -104.417
3262 -103.617
3263 -104.084
3264 -103.961
3265 -104.418
3266 -104.973
3267 -104.866
3268 -104.761
3269 -104.374
3270 -104.419
3271 -102.009
3272 -103.071
3273 -103.95
3274 -105.09
3275 -104.891
3276 -105.291
3277 -104.135
3278 -103.234
3279 -104.711
3280 -105.229
3281 -104.7
3282 -104.825
3283 -106.032
3284 -104.183
3285 -104.795
3286 -103.999
3287 -104.522
3288 -104.235
3289 -104.202
3290 -103.939
3291 -104.537
3292 -104.506
3293 -103.655
3294 -105.055
3295 -104.202
3296 -104.04
3297 -105.192
3298 -104.305
3299 -104.924
3300 -103.69
3301 -104.852
3302 -106.647
3303 -104.487
3304 -104.881
3305 -105.188
3306 -104.739
3307 -104.697
3308 -103.05
3309 -104.088
3310 -103.106
3311 -105.69
3312 -103.713
3313 -103.931
3314 -105.419
3315 -104.934
3316 -105.907
3317 -102.852
3318 -104.93
3319 -103.775
3320 -105.077
3321 -102.987
3322 -104.595
3323 -105.794
3324 -104.747
3325 -104.819
3326 -104.177
3327 -103.079
3328 -105.042
3329 -104.054
3330 -105.963
3331 -104.513
3332 -104.52
3333 -105.217
3334 -104.998
3335 -105.119
3336 -104.234
3337 -104.511
3338 -103.932
3339 -103.949
3340 -104.898
3341 -104.115
3342 -104.133
3343 -104.024
3344 -104.094
3345 -104.435
3346 -104.916
3347 -104.949
3348 -103.635
3349 -104.409
3350 -103.947
3351 -104.581
3352 -104.751
3353 -104.152
3354 -103.853
3355 -103.62
3356 -102.941
3357 -104.034
3358 -104.739
3359 -105.24
3360 -104.244
3361 -104.013
3362 -104.33
3363 -105.436
3364 -105.179
3365 -104.92
3366 -105.307
3367 -104.011
3368 -105.724
3369 -104.564
3370 -105.554
3371 -104.653
3372 -104.471
3373 -103.256
3374 -104.545
3375 -104.712
3376 -103.447
3377 -103.988
3378 -105.234
3379 -105.383
3380 -106.239
3381 -102.974
3382 -103.716
3383 -104.669
3384 -103.687
3385 -104.267
3386 -105.445
3387 -105.665
3388 -104.132
3389 -105.48
3390 -104.292
3391 -103.892
3392 -102.873
3393 -105.668
3394 -103.177
3395 -104.079
3396 -105.13
3397 -104.306
3398 -104.019
3399 -105.509
