0 -112.546
1 -109.914
2 -109.165
3 -109.517
4 -109.227
5 -110.535
6 -109.78
7 -110.342
8 -109.302
9 -109.471
10 -111.105
11 -109.881
12 -109.861
13 -111.11
14 -109.704
15 -112.716
16 -112.083
17 -110.37
18 -111.704
19 -112.557
20 -112.548
21 -114.132
22 -113.483
23 -114.458
24 -115.651
25 -116.172
26 -114.662
27 -116.668
28 -116.968
29 -116.629
30 -117.486
31 -119.438
32 -120.2
33 -119.534
34 -120.583
35 -121.849
36 -121.155
37 -123.666
38 -123.553
39 -123.69
40 -124.438
41 -125.02
42 -126.618
43 -126.993
44 -126.783
45 -129.479
46 -128.417
47 -130.572
48 -130.247
49 -130.729
50 -130.566
51 -130.59
52 -131.738
53 -130.38
54 -131.565
55 -130.866
56 -130.709
57 -131.565
58 -131.223
59 -129.853
60 -129.382
61 -129.002
62 -129.654
63 -128.905
64 -128.228
65 -126.246
66 -126.212
67 -128.411
68 -127.461
69 -127.234
70 -127.353
71 -125.649
72 -124.239
73 -124.345
74 -125.535
75 -123.726
76 -123.289
77 -121.101
78 -121.337
79 -120.703
80 -120.466
81 -120.137
82 -119.391
83 -120.404
84 -122.176
85 -120.4
86 -119.821
87 -119.749
88 -119.923
89 -118.796
90 -118.18
91 -118.788
92 -118.192
93 -119.188
94 -118.621
95 -118.709
96 -119.273
97 -121.732
98 -120.012
99 -120.698
100 -120.12
101 -119.652
102 -121.033
103 -117.939
104 -119.479
105 -120.045
106 -120.204
107 -119.719
108 -120.031
109 -119.751
110 -119.844
111 -119.353
112 -118.579
113 -119.725
114 -118.379
115 -118.876
116 -118.721
117 -118.486
118 -118.808
119 -118.502
120 -117.986
121 -117.877
122 -117.785
123 -117.369
124 -117.612
125 -118.311
126 -118.888
127 -117.618
128 -118.264
129 -119.142
130 -117.347
131 -117.343
132 -116.413
133 -117.077
134 -116.957
135 -117.175
136 -117.54
137 -118.008
138 -119.805
139 -119.328
140 -120.547
141 -119.514
142 -118.947
143 -120.037
144 -119.23
145 -117.093
146 -120.093
147 -119.366
148 -119.312
149 -122.328
150 -119.709
151 -120.407
152 -119.944
153 -119.442
154 -117.776
155 -118.046
156 -118.112
157 -119.263
158 -120.253
159 -119.191
160 -118.741
161 -118.168
162 -117.9
163 -116.903
164 -117.819
165 -118.21
166 -117.487
167 -118.8
168 -118.851
169 -118.234
170 -118.325
171 -118.467
172 -117.631
173 -117.581
174 -117.986
175 -117.342
176 -118.038
177 -119.195
178 -118.875
179 -119.926
180 -119.88
181 -120.693
182 -120.148
183 -120.094
184 -119.209
185 -118.576
186 -119.731
187 -120.529
188 -120.49
189 -120.801
190 -120.565
191 -120.191
192 -120.344
193 -120.804
194 -120.536
195 -117.812
196 -119.65
197 -120.548
198 -119.885
199 -119.861
200 -118.991
201 -119.599
202 -120.088
203 -118.372
204 -119.098
205 -117.602
206 -118.324
207 -118.026
208 -118.081
209 -119.084
210 -117.736
211 -117.524
212 -119.249
213 -118.646
214 -119.006
215 -117.418
216 -118.734
217 -118.767
218 -120.056
219 -120.79
220 -120.45
221 -119.302
222 -120.688
223 -119.073
224 -121.099
225 -120.517
226 -120.632
227 -119.61
228 -118.674
229 -120.212
230 -120.026
231 -122.434
232 -120.311
233 -118.792
234 -120.854
235 -119.558
236 -118.516
237 -119.773
238 -120.125
239 -120.161
240 -118.022
241 -120.464
242 -119.665
243 -117.869
244 -118.35
245 -118.02
246 -118.275
247 -118.38
248 -117.925
249 -119.035
250 -118.696
251 -118.929
252 -118.297
253 -118.759
254 -119.885
255 -118.81
256 -119.281
257 -119.892
258 -118.836
259 -119.153
260 -118.976
261 -120.738
262 -120.765
263 -120.434
264 -120.491
265 -121.812
266 -121.147
267 -120.398
268 -120.647
269 -120.897
270 -120.87
271 -121.446
272 -121.111
273 -120.531
274 -119.715
275 -121.466
276 -119.379
277 -119.346
278 -120.761
279 -118.986
280 -120.974
281 -121.554
282 -119.224
283 -119.361
284 -118.214
285 -119.559
286 -119.017
287 -118.655
288 -118.422
289 -118.821
290 -119.906
291 -119.619
292 -118.871
293 -118.348
294 -117.9
295 -120.001
296 -118.339
297 -118.628
298 -117.834
299 -119.329
300 -120.753
301 -120.761
302 -120.15
303 -120.697
304 -119.933
305 -120.7
306 -119.831
307 -120.732
308 -119.974
309 -121.628
310 -120.669
311 -121.358
312 -121.138
313 -122.337
314 -120.363
315 -120.289
316 -119.6
317 -118.887
318 -119.986
319 -121.979
320 -120.182
321 -121.105
322 -120.739
323 -119.831
324 -119.263
325 -118.78
326 -118.38
327 -118.213
328 -120.427
329 -118.669
330 -117.443
331 -119.741
332 -120.972
333 -118.45
334 -118.6
335 -119.163
336 -118.887
337 -118.107
338 -118.71
339 -119.507
340 -119.299
341 -120.221
342 -121.172
343 -120.204
344 -119.565
345 -120.008
346 -120.389
347 -118.268
348 -121.145
349 -122.391
350 -120.98
351 -121.224
352 -120.499
353 -121.239
354 -120.347
355 -120.609
356 -120.173
357 -121.831
358 -120.381
359 -120.613
360 -120.779
361 -120.921
362 -120.034
363 -119.144
364 -119.27
365 -119.888
366 -118.897
367 -118.361
368 -118.152
369 -120.231
370 -120.238
371 -119.013
372 -118.676
373 -120.291
374 -119.374
375 -118.831
376 -117.345
377 -118.372
378 -118.295
379 -119.684
380 -117.69
381 -120.531
382 -120.377
383 -120.904
384 -120.716
385 -118.607
386 -120.076
387 -119.605
388 -120.454
389 -120.575
390 -120.304
391 -121.298
392 -121.823
393 -121.412
394 -121.378
395 -120.117
396 -120.377
397 -119.452
398 -119.649
399 -120.49
400 -120.136
401 -120.712
402 -121.811
403 -121.205
404 -119.494
405 -119.434
406 -119.192
407 -119.493
408 -117.43
409 -118.393
410 -118.983
411 -118.102
412 -120.896
413 -119.047
414 -119.036
415 -119.555
416 -118.308
417 -118.43
418 -119.35
419 -117.46
420 -118.583
421 -119.344
422 -119.925
423 -120.053
424 -118.905
425 -120.096
426 -120.816
427 -118.99
428 -118.372
429 -117.849
430 -117.706
431 -118.459
432 -117.66
433 -117.606
434 -117.711
435 -116.322
436 -115.847
437 -115.257
438 -115.562
439 -114.486
440 -112.873
441 -113.101
442 -111.852
443 -112.849
444 -111.246
445 -111.354
446 -109.896
447 -108.624
448 -107.293
449 -107.482
450 -106.627
451 -105.675
452 -106.195
453 -106.245
454 -104.606
455 -104.506
456 -104.451
457 -104.657
458 -104.328
459 -102.71
460 -105.28
461 -103.801
462 -104.593
463 -103.921
464 -103.193
465 -103.956
466 -104.202
467 -104.604
468 -105.316
469 -106.363
470 -107.014
471 -105.688
472 -107.078
473 -106.632
474 -109.013
475 -107.783
476 -108.672
477 -108.318
478 -108.993
479 -110.669
480 -109.83
481 -111.434
482 -111.506
483 -111.998
484 -111.853
485 -112.129
486 -111.832
487 -112.453
488 -112.358
489 -111.455
490 -112.799
491 -114.294
492 -114.187
493 -113.847
494 -114.942
495 -113.189
496 -114.377
497 -113.987
498 -115.514
499 -114.552
500 -114.121
501 -113.691
502 -114.37
503 -115.632
504 -116.441
505 -115.718
506 -115.183
507 -116.313
508 -115.473
509 -115.501
510 -116.008
511 -115.143
512 -114.764
513 -115.232
514 -117.12
515 -116.106
516 -116.503
517 -116.059
518 -116.36
519 -115.861
520 -115.296
521 -116.862
522 -116.74
523 -115.079
524 -116.299
525 -114.921
526 -117.311
527 -115.936
528 -116.637
529 -116.31
530 -115.753
531 -116.996
532 -115.679
533 -115.897
534 -116.529
535 -118.41
536 -117.031
537 -115.069
538 -116.384
539 -116.84
540 -116.263
541 -115.953
542 -115.727
543 -117.575
544 -117.678
545 -116.939
546 -116.028
547 -116.366
548 -116.104
549 -115.116
550 -114.798
551 -115.981
552 -115.767
553 -115.236
554 -115.398
555 -114.977
556 -112.929
557 -112.9
558 -111.568
559 -111.912
560 -111.596
561 -109.926
562 -110.981
563 -111.391
564 -110.766
565 -111.345
566 -107
567 -106.603
568 -106.744
569 -106.307
570 -105.785
571 -104.54
572 -104.933
573 -104.268
574 -103.302
575 -102.072
576 -101.848
577 -101.025
578 -101.237
579 -99.7392
580 -99.1305
581 -99.0921
582 -97.382
583 -97.1894
584 -96.2541
585 -98.6954
586 -95.5538
587 -94.964
588 -94.9242
589 -95.4284
590 -95.8385
591 -95.3274
592 -94.9168
593 -95.7506
594 -95.4417
595 -97.3632
596 -96.1633
597 -94.5089
598 -95.0403
599 -96.468
600 -97.183
601 -98.5334
602 -98.3894
603 -98.3653
604 -102.259
605 -100.177
606 -99.461
607 -103.098
608 -101.838
609 -104.106
610 -102.724
611 -104.162
612 -105.261
613 -103.376
614 -105.185
615 -106.851
616 -107.628
617 -106.957
618 -106.863
619 -106.435
620 -106.489
621 -107.579
622 -106.804
623 -106.467
624 -109.115
625 -106.216
626 -107.158
627 -108.049
628 -108.069
629 -108.597
630 -111.445
631 -109.635
632 -110.154
633 -108.72
634 -106.632
635 -107.541
636 -107.815
637 -108.601
638 -107.659
639 -106.377
640 -106.848
641 -107.372
642 -106.708
643 -105.997
644 -106.452
645 -105.658
646 -108.837
647 -108.177
648 -107.147
649 -108.985
650 -109.203
651 -110.403
652 -111.33
653 -109.918
654 -109.346
655 -109.707
656 -109.621
657 -109.343
658 -108.675
659 -110.433
660 -109.271
661 -108.91
662 -109.287
663 -107.472
664 -108.969
665 -107.732
666 -109.319
667 -110.212
668 -109.893
669 -110.896
670 -110.91
671 -112.353
672 -110.28
673 -111.39
674 -109.008
675 -110.56
676 -110.093
677 -109.302
678 -108.823
679 -107.238
680 -107.301
681 -107.266
682 -108.246
683 -106.038
684 -106.422
685 -108.252
686 -107.676
687 -107.99
688 -109.298
689 -110.655
690 -108.853
691 -110.916
692 -110.045
693 -111.037
694 -110.2
695 -109.313
696 -108.602
697 -109.403
698 -109.666
699 -110.131
700 -109.418
701 -109.743
702 -110.318
703 -111.134
704 -110.533
705 -109.43
706 -109.402
707 -110.089
708 -108.079
709 -107.923
710 -111.764
711 -110.86
712 -111.756
713 -111.627
714 -110.47
715 -109.348
716 -109.105
717 -109.47
718 -107.041
719 -109.253
720 -108.225
721 -107.213
722 -107.276
723 -108.642
724 -105.94
725 -107.774
726 -107.41
727 -108.712
728 -110.336
729 -109.018
730 -110.258
731 -109.072
732 -111.259
733 -109.719
734 -109.427
735 -109.375
736 -108.995
737 -109.15
738 -108.673
739 -108.699
740 -110.257
741 -109.202
742 -110.494
743 -110.226
744 -109.322
745 -111.003
746 -110.283
747 -111.335
748 -109.54
749 -109.091
750 -110.408
751 -110.615
752 -110.638
753 -111.597
754 -110.652
755 -108.078
756 -111.614
757 -109.537
758 -109.431
759 -109.375
760 -106.82
761 -108.281
762 -108.431
763 -107.396
764 -108.185
765 -107.243
766 -107.2
767 -108.43
768 -109.349
769 -109.211
770 -110.499
771 -109.976
772 -109.534
773 -108.136
774 -109.644
775 -110.536
776 -111.464
777 -110.462
778 -110.401
779 -107.536
780 -109.854
781 -109.715
782 -109.2
783 -110.716
784 -109.127
785 -111.732
786 -109.66
787 -110.14
788 -109.187
789 -109.176
790 -109.707
791 -110.73
792 -110.027
793 -109.851
794 -109.989
795 -110.153
796 -108.398
797 -108.168
798 -108.682
799 -109.77
800 -108.008
801 -106.966
802 -107.9
803 -107.345
804 -108.384
805 -107.218
806 -107.824
807 -106.376
808 -107.199
809 -107.777
810 -107.486
811 -108.805
812 -108.061
813 -109.473
814 -109.382
815 -109.878
816 -108.452
817 -109.403
818 -108.563
819 -109.771
820 -109.491
821 -107.981
822 -109.158
823 -110.285
824 -109.895
825 -109.639
826 -110.124
827 -108.951
828 -108.478
829 -108.257
830 -108.675
831 -109.042
832 -108.916
833 -111.034
834 -110.324
835 -108.147
836 -110.098
837 -109.089
838 -108.387
839 -107.884
840 -107.263
841 -106.879
842 -106.578
843 -105.536
844 -106.426
845 -107.43
846 -106.45
847 -106.41
848 -106.986
849 -108.323
850 -108.123
851 -106.82
852 -108.675
853 -108.141
854 -108.397
855 -109.546
856 -108.935
857 -109.552
858 -108.048
859 -109.133
860 -108.322
861 -107.878
862 -108.813
863 -108.177
864 -108.632
865 -108.103
866 -108.875
867 -108.755
868 -109.049
869 -107.371
870 -108.263
871 -107.878
872 -109.507
873 -108.696
874 -110.001
875 -110.45
876 -109.624
877 -108.985
878 -107.827
879 -108.513
880 -106.833
881 -107.047
882 -107.092
883 -107.307
884 -107.122
885 -106.777
886 -106.81
887 -106.417
888 -106.642
889 -106.702
890 -108.011
891 -107.641
892 -107.502
893 -107.475
894 -109.604
895 -108.623
896 -107.284
897 -109.281
898 -109.492
899 -107.886
900 -106.613
901 -107.003
902 -107.279
903 -106.994
904 -108.051
905 -109.248
906 -107.7
907 -108.943
908 -107.652
909 -107.756
910 -108.111
911 -108.883
912 -108.376
913 -107.897
914 -108.986
915 -108.874
916 -109.378
917 -109.831
918 -108.059
919 -107.698
920 -107.635
921 -106.683
922 -106.145
923 -106.797
924 -107.202
925 -106.829
926 -104.468
927 -106.951
928 -104.875
929 -106.005
930 -107.485
931 -107.032
932 -107.001
933 -107.778
934 -109.013
935 -106.961
936 -108.185
937 -107.352
938 -108.701
939 -108.277
940 -109.226
941 -108.021
942 -107.802
943 -108.212
944 -107.325
945 -106.234
946 -108.564
947 -108.627
948 -106.135
949 -108.841
950 -106.944
951 -106.237
952 -106.173
953 -107.83
954 -107.49
955 -108.321
956 -107.689
957 -110.669
958 -109.693
959 -107.934
960 -107.048
961 -106.966
962 -107.14
963 -108.586
964 -106.385
965 -106.314
966 -107.553
967 -108.11
968 -108.296
969 -109.882
970 -109.974
971 -112.117
972 -111.379
973 -111.784
974 -113.324
975 -113.136
976 -113.763
977 -115.102
978 -115.952
979 -116.508
980 -116.103
981 -116.343
982 -115.986
983 -117.454
984 -118.94
985 -117.671
986 -121.056
987 -121.457
988 -121.901
989 -122.111
990 -122.591
991 -123.229
992 -121.784
993 -121.871
994 -121.065
995 -121.594
996 -122.291
997 -121.172
998 -122.371
999 -123.925
1000 -121.405
1001 -122.039
1002 -119.971
1003 -121.386
1004 -120.613
1005 -120.454
1006 -118.74
1007 -119.711
1008 -118.689
1009 -119.907
1010 -118.934
1011 -118.205
1012 -117.89
1013 -117.19
1014 -115.691
1015 -116.036
1016 -116.998
1017 -115.282
1018 -114.764
1019 -114.4
1020 -113.498
1021 -114.371
1022 -114.015
1023 -114.083
1024 -112.134
1025 -112.907
1026 -114.648
1027 -112.631
1028 -112.995
1029 -111.919
1030 -113.866
1031 -112.303
1032 -111.672
1033 -111.549
1034 -110.492
1035 -111.437
1036 -110.866
1037 -110.672
1038 -110.778
1039 -110.546
1040 -111.651
1041 -111.012
1042 -111.515
1043 -111.421
1044 -109.657
1045 -109.195
1046 -110.839
1047 -108.876
1048 -110.5
1049 -110.82
1050 -111.093
1051 -110.192
1052 -109.148
1053 -111.185
1054 -110.339
1055 -110.472
1056 -109.889
1057 -109.521
1058 -109.717
1059 -109.719
1060 -110.294
1061 -109.56
1062 -108.126
1063 -109.488
1064 -108.974
1065 -109.179
1066 -107.986
1067 -108.523
1068 -109.053
1069 -109.085
1070 -108.491
1071 -109.336
1072 -108.788
1073 -109.019
1074 -110.396
1075 -109.408
1076 -106.76
1077 -109.406
1078 -109.364
1079 -110.816
1080 -108.716
1081 -109.179
1082 -109.507
1083 -109.788
1084 -109.124
1085 -108.302
1086 -109.456
1087 -109.955
1088 -110.162
1089 -111.306
1090 -109.914
1091 -111.782
1092 -109.326
1093 -112.371
1094 -111.057
1095 -114.252
1096 -114.827
1097 -115.003
1098 -114.244
1099 -115.653
1100 -117.202
1101 -115.976
1102 -117.758
1103 -118.024
1104 -117.476
1105 -117.275
1106 -118.849
1107 -120.942
1108 -119.307
1109 -121.605
1110 -122.702
1111 -121.442
1112 -124.033
1113 -124.471
1114 -123.705
1115 -126.59
1116 -127.4
1117 -127.512
1118 -127.763
1119 -130.116
1120 -130.283
1121 -130.599
1122 -129.58
1123 -129.591
1124 -130.883
1125 -129.89
1126 -128.6
1127 -128.962
1128 -129.611
1129 -129.666
1130 -129.273
1131 -130.613
1132 -130.161
1133 -128.332
1134 -128.846
1135 -127.132
1136 -127.637
1137 -126.269
1138 -126.947
1139 -127.031
1140 -127.409
1141 -126.455
1142 -125.668
1143 -124.848
1144 -126.495
1145 -123.776
1146 -123.585
1147 -123.261
1148 -123.268
1149 -122.536
1150 -123.146
1151 -120.683
1152 -120.431
1153 -119.316
1154 -119.862
1155 -119.21
1156 -120.278
1157 -120.298
1158 -119.835
1159 -119.638
1160 -119.402
1161 -117.983
1162 -118.352
1163 -117.198
1164 -115.828
1165 -116.622
1166 -117.825
1167 -117.945
1168 -116.958
1169 -117.161
1170 -118.159
1171 -119.738
1172 -119.428
1173 -118.235
1174 -117.975
1175 -119.079
1176 -118.255
1177 -119.359
1178 -118.209
1179 -121.18
1180 -120.403
1181 -119.089
1182 -119.847
1183 -118.228
1184 -119.506
1185 -118.416
1186 -118.572
1187 -117.085
1188 -117.503
1189 -117.416
1190 -118.34
1191 -117.481
1192 -119.678
1193 -117.264
1194 -116.157
1195 -116.668
1196 -117.594
1197 -115.809
1198 -116.823
1199 -116.802
1200 -118.182
1201 -117.186
1202 -117.173
1203 -116.502
1204 -117.976
1205 -116.338
1206 -117.105
1207 -116
1208 -117.499
1209 -118.488
1210 -118.602
1211 -118.393
1212 -120.178
1213 -116.439
1214 -118.37
1215 -118.296
1216 -118.489
1217 -116.858
1218 -118.734
1219 -119.535
1220 -119.8
1221 -117.44
1222 -120.682
1223 -118.477
1224 -120.031
1225 -117.821
1226 -119.086
1227 -117.516
1228 -118.214
1229 -117.106
1230 -119.364
1231 -119.631
1232 -116.476
1233 -117.265
1234 -118.02
1235 -117.907
1236 -117.303
1237 -116.313
1238 -117.666
1239 -117.065
1240 -117.548
1241 -118.753
1242 -117.039
1243 -118.233
1244 -116.954
1245 -115.572
1246 -117.223
1247 -117.228
1248 -117.859
1249 -117.117
1250 -117.804
1251 -118.079
1252 -119.339
1253 -119.377
1254 -119.703
1255 -118.492
1256 -119.816
1257 -119.581
1258 -118.811
1259 -121.132
1260 -119.888
1261 -119.29
1262 -119.562
1263 -119.476
1264 -119.996
1265 -117.118
1266 -118.372
1267 -118.178
1268 -119.101
1269 -120.012
1270 -118.388
1271 -118.855
1272 -120.056
1273 -118.638
1274 -117.819
1275 -117.116
1276 -118.299
1277 -117.503
1278 -116.829
1279 -117.106
1280 -117.781
1281 -117.154
1282 -119.603
1283 -119.49
1284 -116.573
1285 -118.523
1286 -117.456
1287 -117.605
1288 -116.728
1289 -117.041
1290 -118.275
1291 -120.174
1292 -117.997
1293 -120.84
1294 -119.177
1295 -118.625
1296 -119.638
1297 -118.743
1298 -118.96
1299 -118.737
1300 -119.662
1301 -120.341
1302 -119.875
1303 -120.739
1304 -121.467
1305 -118.82
1306 -119.126
1307 -119.838
1308 -119.762
1309 -118.435
1310 -119.534
1311 -119.205
1312 -120.578
1313 -121.746
1314 -118.981
1315 -118.148
1316 -118.396
1317 -116.287
1318 -117.921
1319 -118.3
1320 -118.569
1321 -118.835
1322 -119.721
1323 -118.353
1324 -116.68
1325 -117.687
1326 -118.447
1327 -117.403
1328 -117.364
1329 -117.528
1330 -118.008
1331 -118.261
1332 -120.46
1333 -119.46
1334 -120.68
1335 -120.669
1336 -119.936
1337 -120.17
1338 -119.064
1339 -118.265
1340 -118.417
1341 -119.565
1342 -120.712
1343 -120.888
1344 -119.814
1345 -120.723
1346 -121.424
1347 -120.819
1348 -120.334
1349 -119.576
1350 -118.882
1351 -119.214
1352 -120.012
1353 -119.189
1354 -118.351
1355 -118.295
1356 -118.699
1357 -118.22
1358 -117.272
1359 -118.509
1360 -117.525
1361 -117.71
1362 -118.673
1363 -120.5
1364 -119.366
1365 -118.962
1366 -118.137
1367 -117.836
1368 -117.937
1369 -116.911
1370 -119.427
1371 -119.087
1372 -118.795
1373 -120.104
1374 -119.247
1375 -119.562
1376 -119.532
1377 -119.116
1378 -118.571
1379 -119.268
1380 -118.436
1381 -119.129
1382 -120.394
1383 -119.764
1384 -119.916
1385 -120.119
1386 -120.155
1387 -120.593
1388 -119.986
1389 -117.198
1390 -119.625
1391 -118.163
1392 -119.383
1393 -118.991
1394 -119.376
1395 -118.789
1396 -120.176
1397 -120.507
1398 -119.024
1399 -118.015
1400 -118.151
1401 -117.251
1402 -118.055
1403 -119.336
1404 -118.845
1405 -117.241
1406 -118.719
1407 -118.434
1408 -116.523
1409 -117.336
1410 -119.161
1411 -117.817
1412 -119.836
1413 -119.475
1414 -119.374
1415 -120.398
1416 -119.225
1417 -119.446
1418 -120.041
1419 -119.942
1420 -118.501
1421 -118.917
1422 -119.45
1423 -120.359
1424 -118.761
1425 -119.729
1426 -120.858
1427 -120.958
1428 -119.603
1429 -120.725
1430 -118.328
1431 -118.583
1432 -118.87
1433 -119.565
1434 -119.808
1435 -119.385
1436 -120.642
1437 -120.88
1438 -118.791
1439 -117.467
1440 -118.587
1441 -117.51
1442 -116.593
1443 -119.005
1444 -118.705
1445 -119.053
1446 -118.021
1447 -117.495
1448 -116.927
1449 -117.24
1450 -117.249
1451 -116.002
1452 -119.939
1453 -119.511
1454 -118.602
1455 -120.689
1456 -120.837
1457 -120.507
1458 -121.428
1459 -119.898
1460 -118.798
1461 -119.622
1462 -121.092
1463 -120.568
1464 -120.585
1465 -120.853
1466 -120.405
1467 -118.864
1468 -118.687
1469 -118.852
1470 -118.561
1471 -118.781
1472 -118.156
1473 -119.309
1474 -119.224
1475 -120.545
1476 -118.321
1477 -117.311
1478 -119.715
1479 -117.126
1480 -117.716
1481 -118.219
1482 -118.267
1483 -117.734
1484 -119.09
1485 -118.641
1486 -118.192
1487 -117.745
1488 -119.326
1489 -117.994
1490 -117.618
1491 -118.698
1492 -118.069
1493 -118.67
1494 -118.335
1495 -118.052
1496 -119.99
1497 -118.633
1498 -120.095
1499 -117.226
1500 -118.042
1501 -116.155
1502 -118.529
1503 -118.436
1504 -117.115
1505 -116.176
1506 -116.103
1507 -114.548
1508 -114.818
1509 -114.257
1510 -114.519
1511 -113.27
1512 -112.397
1513 -111.69
1514 -110.447
1515 -110.799
1516 -109.902
1517 -109.225
1518 -110.196
1519 -106.811
1520 -108.679
1521 -107.254
1522 -105.497
1523 -103.713
1524 -104.92
1525 -104.232
1526 -104.826
1527 -104.193
1528 -103.953
1529 -102.871
1530 -102.549
1531 -103.011
1532 -103.064
1533 -103.756
1534 -103.318
1535 -102.518
1536 -103.53
1537 -103.246
1538 -104.977
1539 -103.298
1540 -103.947
1541 -104.966
1542 -105.135
1543 -104.415
1544 -106.132
1545 -106.786
1546 -106.751
1547 -106.793
1548 -107.304
1549 -107.825
1550 -108.78
1551 -107.849
1552 -108.086
1553 -108.964
1554 -109.15
1555 -110.083
1556 -112.36
1557 -110.175
1558 -110.531
1559 -111.803
1560 -112.26
1561 -111.043
1562 -112.932
1563 -112.427
1564 -112.452
1565 -112.243
1566 -112.667
1567 -113.623
1568 -113.395
1569 -113.583
1570 -113.931
1571 -111.939
1572 -114.588
1573 -113.551
1574 -112.833
1575 -114.228
1576 -114.364
1577 -113.141
1578 -115.413
1579 -114.549
1580 -114.579
1581 -115.744
1582 -114.649
1583 -115.523
1584 -115.459
1585 -113.571
1586 -115.888
1587 -114.561
1588 -115.068
1589 -114.835
1590 -115.302
1591 -112.774
1592 -116.018
1593 -114.998
1594 -116.228
1595 -114.945
1596 -116.276
1597 -117.222
1598 -114.854
1599 -115.811
1600 -115.97
1601 -116.733
1602 -116.413
1603 -115.871
1604 -115.803
1605 -115.281
1606 -115.308
1607 -116.858
1608 -117.442
1609 -115.529
1610 -116.341
1611 -115.801
1612 -115.863
1613 -117.409
1614 -115.703
1615 -115.169
1616 -117.053
1617 -116.956
1618 -115.867
1619 -114.935
1620 -117.071
1621 -114.746
1622 -115.115
1623 -115.452
1624 -114.491
1625 -116.209
1626 -113.717
1627 -115.496
1628 -115.871
1629 -113.598
1630 -112.347
1631 -111.561
1632 -112.117
1633 -112.528
1634 -110.493
1635 -111.001
1636 -109.583
1637 -108.184
1638 -108.593
1639 -106.457
1640 -106.436
1641 -105.731
1642 -105.876
1643 -105.062
1644 -104.462
1645 -103.501
1646 -102.731
1647 -103.39
1648 -101.852
1649 -100.431
1650 -101.564
1651 -100.777
1652 -97.4261
1653 -97.0113
1654 -98.5264
1655 -97.3787
1656 -97.5294
1657 -95.7847
1658 -97.7399
1659 -95.8905
1660 -94.6236
1661 -94.0928
1662 -94.4564
1663 -95.0574
1664 -93.4915
1665 -95.5147
1666 -97.201
1667 -95.3221
1668 -95.3893
1669 -95.9516
1670 -95.6281
1671 -96.3737
1672 -96.9655
1673 -97.1589
1674 -96.7692
1675 -99.6333
1676 -100.214
1677 -99.8402
1678 -101.413
1679 -101.383
1680 -101.601
1681 -101.655
1682 -102.304
1683 -102.54
1684 -104.92
1685 -104.938
1686 -105.669
1687 -106.363
1688 -106.272
1689 -104.832
1690 -106.028
1691 -106.108
1692 -106.451
1693 -106.636
1694 -108.131
1695 -106.987
1696 -106.778
1697 -107.683
1698 -106.325
1699 -107.866
1700 -107.888
1701 -107.119
1702 -110.493
1703 -108.43
1704 -108.851
1705 -108.096
1706 -109.435
1707 -109.034
1708 -108.993
1709 -108.977
1710 -107.36
1711 -107.179
1712 -107.5
1713 -106.359
1714 -105.089
1715 -105.502
1716 -106.022
1717 -106.54
1718 -106.46
1719 -107.517
1720 -106.799
1721 -108.754
1722 -109.588
1723 -107.6
1724 -109.917
1725 -109.165
1726 -109.107
1727 -109.174
1728 -108.561
1729 -108.487
1730 -109.739
1731 -109.579
1732 -109.174
1733 -109.66
1734 -109.952
1735 -110.232
1736 -110.387
1737 -110.612
1738 -109.151
1739 -108.836
1740 -110.194
1741 -109.074
1742 -110.519
1743 -110.455
1744 -111.362
1745 -110.739
1746 -108.967
1747 -109.628
1748 -108.317
1749 -109.01
1750 -108.633
1751 -106.811
1752 -107.53
1753 -107.404
1754 -109.22
1755 -106.507
1756 -106.601
1757 -108.12
1758 -108.179
1759 -109.063
1760 -108.267
1761 -109.98
1762 -109.406
1763 -108.349
1764 -111.495
1765 -110.035
1766 -109.578
1767 -108.152
1768 -110.308
1769 -111.421
1770 -110.051
1771 -109.122
1772 -109.752
1773 -107.624
1774 -109.332
1775 -111.154
1776 -108.949
1777 -110.784
1778 -109.355
1779 -108.968
1780 -110.805
1781 -108.426
1782 -109.637
1783 -109.932
1784 -110.793
1785 -110.816
1786 -111.141
1787 -110.093
1788 -109.239
1789 -109.277
1790 -109.152
1791 -108.384
1792 -107.828
1793 -108.809
1794 -107.253
1795 -107.416
1796 -106.468
1797 -105.422
1798 -108.131
1799 -107.129
1800 -109.941
1801 -107.268
1802 -107.953
1803 -110.033
1804 -110.497
1805 -110.405
1806 -109.118
1807 -110.11
1808 -109.214
1809 -110.756
1810 -109.346
1811 -110.65
1812 -109.856
1813 -109.344
1814 -109.845
1815 -112.135
1816 -110.373
1817 -109.649
1818 -109.788
1819 -108.862
1820 -108.12
1821 -107.615
1822 -108.997
1823 -109.495
1824 -110.717
1825 -110.342
1826 -111.422
1827 -110.688
1828 -110.353
1829 -110.053
1830 -109.151
1831 -107.622
1832 -110.584
1833 -108.284
1834 -107.215
1835 -107.793
1836 -106.019
1837 -107.377
1838 -106.969
1839 -107.623
1840 -108.423
1841 -108.295
1842 -111.423
1843 -109.392
1844 -110.775
1845 -109.402
1846 -110.656
1847 -110.781
1848 -110.589
1849 -109.596
1850 -108.94
1851 -109.15
1852 -108.28
1853 -109.008
1854 -110.32
1855 -108.52
1856 -110.159
1857 -108.803
1858 -109.733
1859 -109.496
1860 -109.592
1861 -109.599
1862 -107.029
1863 -108.166
1864 -110.186
1865 -110.968
1866 -109.451
1867 -110.781
1868 -109.369
1869 -108.815
1870 -109.178
1871 -106.911
1872 -107.89
1873 -107.209
1874 -106.966
1875 -107.093
1876 -106.931
1877 -107.278
1878 -108.988
1879 -107.858
1880 -106.896
1881 -108.42
1882 -108.569
1883 -108.667
1884 -107.812
1885 -108.951
1886 -110.271
1887 -109.191
1888 -111.384
1889 -110.644
1890 -107.194
1891 -108.253
1892 -108.94
1893 -107.315
1894 -108.454
1895 -107.81
1896 -109.358
1897 -110.621
1898 -109.375
1899 -110.604
1900 -108.57
1901 -108.256
1902 -108.559
1903 -109.219
1904 -109.439
1905 -108.826
1906 -109.279
1907 -109.43
1908 -110.3
1909 -108.661
1910 -108.965
1911 -108.317
1912 -106.693
1913 -106.821
1914 -105.501
1915 -106.549
1916 -106.231
1917 -106.671
1918 -106.916
1919 -105.797
1920 -106.081
1921 -106.713
1922 -107.024
1923 -108.394
1924 -108.869
1925 -108.895
1926 -109.253
1927 -110.082
1928 -108.125
1929 -109.925
1930 -110.115
1931 -108.952
1932 -109.191
1933 -108.412
1934 -108.793
1935 -109.144
1936 -109.434
1937 -109.513
1938 -110.192
1939 -107.866
1940 -108.023
1941 -108.135
1942 -108.144
1943 -106.083
1944 -109.037
1945 -107.729
1946 -108.963
1947 -110.333
1948 -109.172
1949 -110.44
1950 -108.705
1951 -107.963
1952 -107.215
1953 -106.285
1954 -106.535
1955 -104.748
1956 -106.468
1957 -106.691
1958 -105.93
1959 -105.548
1960 -107.107
1961 -105.407
1962 -104.982
1963 -107.153
1964 -107.869
1965 -107.082
1966 -107.313
1967 -108.757
1968 -108.673
1969 -109.263
1970 -108.953
1971 -109.164
1972 -107.835
1973 -108.329
1974 -108.073
1975 -108.439
1976 -107.533
1977 -107.976
1978 -108.403
1979 -107.755
1980 -109.241
1981 -107.45
1982 -107.013
1983 -108.527
1984 -108.236
1985 -106.304
1986 -108.354
1987 -109.091
1988 -110.027
1989 -109.044
1990 -109.893
1991 -108.654
1992 -108.038
1993 -107.11
1994 -108.689
1995 -106.672
1996 -105.106
1997 -106.814
1998 -104.74
1999 -105.068
2000 -105.886
2001 -105.579
2002 -105.566
2003 -105.4
2004 -106.453
2005 -106.221
2006 -107.188
2007 -107.637
2008 -107.338
2009 -108.578
2010 -108.574
2011 -108.025
2012 -107.378
2013 -107.842
2014 -106.433
2015 -106.043
2016 -105.26
2017 -107.369
2018 -107.101
2019 -108.451
2020 -107.995
2021 -108.568
2022 -108.572
2023 -107.289
2024 -107.277
2025 -107.111
2026 -107.445
2027 -107.905
2028 -108.004
2029 -107.235
2030 -107.641
2031 -109.607
2032 -106.667
2033 -105.878
2034 -107.116
2035 -106.355
2036 -107.5
2037 -108.2
2038 -106.392
2039 -107.884
2040 -109.012
2041 -108.723
2042 -108.695
2043 -109.12
2044 -110.508
2045 -108.231
2046 -111.733
2047 -112.687
2048 -113.866
2049 -113.979
2050 -114.925
2051 -116.839
2052 -118.108
2053 -115.961
2054 -115.708
2055 -117.247
2056 -117.886
2057 -116.632
2058 -118.953
2059 -119.886
2060 -120.419
2061 -121.262
2062 -123.311
2063 -121.412
2064 -123.058
2065 -121.76
2066 -121.587
2067 -120.435
2068 -121.961
2069 -123.758
2070 -121.394
2071 -121.413
2072 -122.507
2073 -121.748
2074 -121.028
2075 -121.406
2076 -121.165
2077 -120.211
2078 -120.667
2079 -121.476
2080 -119.584
2081 -119.515
2082 -118.951
2083 -119.088
2084 -118.338
2085 -117.024
2086 -117.433
2087 -116.134
2088 -116.942
2089 -117.348
2090 -115.747
2091 -115.38
2092 -113.869
2093 -113.974
2094 -114.257
2095 -114.057
2096 -113.444
2097 -113.111
2098 -113.194
2099 -112.735
2100 -113.627
2101 -112.271
2102 -112.003
2103 -110.488
2104 -112.171
2105 -111.204
2106 -111.029
2107 -111.454
2108 -110.28
2109 -111.149
2110 -109.747
2111 -109.44
2112 -110.317
2113 -110.261
2114 -110.243
2115 -110.267
2116 -109.766
2117 -111.093
2118 -110.641
2119 -111.48
2120 -110.691
2121 -108.696
2122 -110.215
2123 -109.76
2124 -109.385
2125 -109.548
2126 -110.635
2127 -110.127
2128 -109.291
2129 -110.313
2130 -110.146
2131 -108.732
2132 -109.539
2133 -110.691
2134 -108.557
2135 -108.409
2136 -109.632
2137 -108.502
2138 -108.525
2139 -108.394
2140 -108.884
2141 -110.126
2142 -109.967
2143 -109.938
2144 -110.042
2145 -109.138
2146 -108.354
2147 -108.105
2148 -109.044
2149 -109.447
2150 -107.69
2151 -108.832
2152 -108.803
2153 -110.686
2154 -109.355
2155 -109.609
2156 -110.014
2157 -109.803
2158 -110.009
2159 -108.435
2160 -111.032
2161 -109.058
2162 -112.067
2163 -110.113
2164 -110.507
2165 -110.044
2166 -111.982
2167 -114.869
2168 -113.899
2169 -115.885
2170 -114.342
2171 -114.388
2172 -114.695
2173 -115.101
2174 -116.398
2175 -115.523
2176 -116.815
2177 -117.865
2178 -119.225
2179 -120.524
2180 -119.429
2181 -120.884
2182 -121.791
2183 -121.867
2184 -121.935
2185 -124.109
2186 -124.988
2187 -124.289
2188 -125.095
2189 -127.866
2190 -128.405
2191 -127.497
2192 -127.285
2193 -129.921
2194 -130.325
2195 -130.433
2196 -129.809
2197 -130.577
2198 -130.713
2199 -130.815
2200 -129.827
2201 -127.843
2202 -129.663
2203 -129.14
2204 -128.62
2205 -128.665
2206 -126.837
2207 -128.813
2208 -128.103
2209 -127.58
2210 -128.021
2211 -126.88
2212 -127.096
2213 -126.191
2214 -124.944
2215 -125.332
2216 -126.788
2217 -124.472
2218 -126.604
2219 -122.649
2220 -123.574
2221 -121.591
2222 -122.888
2223 -121.08
2224 -119.559
2225 -120.471
2226 -121.197
2227 -119.688
2228 -119.264
2229 -117.925
2230 -117.991
2231 -119
2232 -118.443
2233 -118.379
2234 -118.915
2235 -116.931
2236 -118.249
2237 -117.08
2238 -115.689
2239 -116.521
2240 -115.349
2241 -119.191
2242 -118.069
2243 -119.426
2244 -118.009
2245 -117
2246 -119.512
2247 -120.195
2248 -118.181
2249 -118.669
2250 -119.145
2251 -118.714
2252 -117.634
2253 -118.529
2254 -118.754
2255 -117.368
2256 -117.866
2257 -117.255
2258 -117.337
2259 -116.211
2260 -115.932
2261 -117.182
2262 -117.49
2263 -118.982
2264 -118.404
2265 -117.567
2266 -117.08
2267 -117.506
2268 -117.066
2269 -115.858
2270 -116.334
2271 -116.497
2272 -115.22
2273 -117.836
2274 -118.319
2275 -117.256
2276 -115.724
2277 -115.554
2278 -115.564
2279 -116.698
2280 -115.538
2281 -117.229
2282 -118.956
2283 -118.064
2284 -118.326
2285 -118.412
2286 -116.894
2287 -118.037
2288 -117.482
2289 -118.471
2290 -118.447
2291 -118.199
2292 -117.971
2293 -119.353
2294 -119.311
2295 -118.71
2296 -118.661
2297 -117.692
2298 -118.493
2299 -116.904
2300 -118.11
2301 -116.992
2302 -117.786
2303 -117.665
2304 -116.957
2305 -118.888
2306 -118.476
2307 -116.517
2308 -116.99
2309 -116.066
2310 -115.433
2311 -116.609
2312 -117.607
2313 -116.722
2314 -116.821
2315 -116.826
2316 -117.715
2317 -116.685
2318 -118.306
2319 -115.63
2320 -115.332
2321 -118.214
2322 -117.543
2323 -118.392
2324 -117.532
2325 -119.013
2326 -117.883
2327 -119.174
2328 -117.674
2329 -117.377
2330 -119.027
2331 -117.915
2332 -118.845
2333 -118.975
2334 -119.899
2335 -118.792
2336 -119.562
2337 -119.326
2338 -119.161
2339 -118.012
2340 -119.766
2341 -118.106
2342 -118.683
2343 -119.1
2344 -120.604
2345 -119.331
2346 -119.129
2347 -117.726
2348 -118.241
2349 -117.41
2350 -116.677
2351 -116.886
2352 -116.757
2353 -116.335
2354 -116.11
2355 -117.571
2356 -118.084
2357 -117.529
2358 -116.216
2359 -117.691
2360 -118.483
2361 -117.03
2362 -118.148
2363 -119.114
2364 -118.119
2365 -118.75
2366 -118.803
2367 -117.709
2368 -119.556
2369 -117.928
2370 -118.691
2371 -119.074
2372 -119.697
2373 -119.15
2374 -119.461
2375 -119.21
2376 -120.064
2377 -119.227
2378 -120.533
2379 -119.419
2380 -118.157
2381 -117.832
2382 -117.752
2383 -118.667
2384 -117.754
2385 -118.04
2386 -118.746
2387 -119.205
2388 -118.248
2389 -117.925
2390 -117.593
2391 -118.359
2392 -115.626
2393 -118.069
2394 -118.473
2395 -118.61
2396 -117.298
2397 -116.396
2398 -117.34
2399 -117.605
2400 -119.591
2401 -116.536
2402 -118.787
2403 -117.923
2404 -118.028
2405 -118.786
2406 -118.05
2407 -120.711
2408 -118.913
2409 -119.319
2410 -119.33
2411 -119.851
2412 -118.794
2413 -118.489
2414 -118.364
2415 -119.824
2416 -119.389
2417 -120.145
2418 -119.204
2419 -118.86
2420 -118.629
2421 -117.94
2422 -118.302
2423 -119.916
2424 -118.3
2425 -117.779
2426 -118.46
2427 -118.321
2428 -118.025
2429 -117.899
2430 -117.217
2431 -116.517
2432 -115.867
2433 -118.073
2434 -117.882
2435 -117.774
2436 -119.247
2437 -117.344
2438 -118.772
2439 -117.077
2440 -118.143
2441 -116.853
2442 -117.269
2443 -116.819
2444 -117.802
2445 -118.308
2446 -119.271
2447 -119.459
2448 -119.717
2449 -119.507
2450 -118.771
2451 -117.971
2452 -118.371
2453 -117.801
2454 -119.601
2455 -120.651
2456 -120.824
2457 -119.016
2458 -120.587
2459 -119.173
2460 -118.876
2461 -117.81
2462 -119.325
2463 -119.879
2464 -118.863
2465 -118.17
2466 -120.912
2467 -119.545
2468 -118.805
2469 -117.731
2470 -118.263
2471 -118.982
2472 -117.779
2473 -117.301
2474 -118.359
2475 -118.301
2476 -119.386
2477 -116.81
2478 -118.277
2479 -116.751
2480 -116.222
2481 -117.782
2482 -118.751
2483 -116.939
2484 -117.867
2485 -118.112
2486 -120.127
2487 -118.293
2488 -120.898
2489 -118.294
2490 -118.596
2491 -118.22
2492 -118.313
2493 -119.801
2494 -118.076
2495 -118.917
2496 -119.708
2497 -121.023
2498 -119.27
2499 -118.365
2500 -120.132
2501 -117.992
2502 -118.591
2503 -117.829
2504 -119.089
2505 -117.648
2506 -119.023
2507 -119.302
2508 -119.916
2509 -117.46
2510 -118.395
2511 -118.105
2512 -116.858
2513 -118.411
2514 -118.436
2515 -118.445
2516 -117.914
2517 -117.16
2518 -117.825
2519 -117.924
2520 -115.548
2521 -117.76
2522 -116.548
2523 -116.668
2524 -117.37
2525 -117.986
2526 -119.936
2527 -119.036
2528 -119.984
2529 -120.613
2530 -120.254
2531 -117.841
2532 -118.583
2533 -119.298
2534 -118.499
2535 -119.436
2536 -118.839
2537 -118.798
2538 -119.714
2539 -120.032
2540 -119.467
2541 -120.534
2542 -118.979
2543 -119.12
2544 -118.542
2545 -117.252
2546 -119.973
2547 -119.096
2548 -118.261
2549 -118.744
2550 -118.595
2551 -117.913
2552 -116.938
2553 -117.309
2554 -116.776
2555 -117.535
2556 -116.762
2557 -117.637
2558 -117.57
2559 -116.196
2560 -117.891
2561 -118.773
2562 -118.229
2563 -116.638
2564 -116.383
2565 -118.749
2566 -119.633
2567 -119.218
2568 -117.63
2569 -117.546
2570 -118.899
2571 -118.187
2572 -116.175
2573 -117.043
2574 -115.519
2575 -115.366
2576 -116.406
2577 -116.54
2578 -116.561
2579 -114.159
2580 -115.644
2581 -116.026
2582 -114.084
2583 -113.434
2584 -112.031
2585 -112.352
2586 -110.122
2587 -110.68
2588 -110.706
2589 -111.232
2590 -109.314
2591 -108.561
2592 -108.786
2593 -108.039
2594 -106.677
2595 -107.342
2596 -104.387
2597 -103.31
2598 -103.672
2599 -103.927
2600 -103.198
2601 -103.979
2602 -103.323
2603 -103.612
2604 -103.389
2605 -104.013
2606 -102.089
2607 -102.137
2608 -103.672
2609 -102.741
2610 -102.387
2611 -102.415
2612 -102.418
2613 -103.41
2614 -104.694
2615 -103.999
2616 -104.878
2617 -104.585
2618 -105.244
2619 -106.777
2620 -106.779
2621 -106.499
2622 -107.926
2623 -107.38
2624 -108.723
2625 -107.969
2626 -109.713
2627 -108.859
2628 -110.759
2629 -109.669
2630 -111.202
2631 -112.025
2632 -109.878
2633 -112.701
2634 -111.117
2635 -113.282
2636 -113.15
2637 -110.794
2638 -112.767
2639 -111.982
2640 -113.965
2641 -113.001
2642 -113.09
2643 -112.354
2644 -112.376
2645 -114.322
2646 -113.835
2647 -113.27
2648 -114.177
2649 -114.654
2650 -114.802
2651 -114.877
2652 -114.722
2653 -114.549
2654 -114.34
2655 -114.222
2656 -115.726
2657 -115.407
2658 -114.223
2659 -116.21
2660 -115.936
2661 -113.713
2662 -114.215
2663 -115.713
2664 -116.27
2665 -116.698
2666 -115.695
2667 -114.991
2668 -115.701
2669 -115.082
2670 -115.395
2671 -114.827
2672 -115.193
2673 -115.527
2674 -116.806
2675 -115.206
2676 -116.504
2677 -114.418
2678 -113.825
2679 -115.274
2680 -116.219
2681 -113.935
2682 -113.788
2683 -115.872
2684 -115.61
2685 -116.162
2686 -116.022
2687 -115.449
2688 -116.624
2689 -115.722
2690 -116.328
2691 -115.248
2692 -116.047
2693 -115.783
2694 -116.959
2695 -116.644
2696 -114.655
2697 -114.375
2698 -114.216
2699 -113.905
2700 -114.779
2701 -114.024
2702 -111.975
2703 -112.169
2704 -111.789
2705 -110.493
2706 -110.015
2707 -110.901
2708 -109.646
2709 -108.771
2710 -109.376
2711 -108.572
2712 -106.106
2713 -106.098
2714 -104.819
2715 -104.298
2716 -105.462
2717 -104.534
2718 -104.253
2719 -103.698
2720 -102.715
2721 -101.669
2722 -102.486
2723 -101.405
2724 -99.9298
2725 -97.6213
2726 -99.303
2727 -97.5429
2728 -97.9805
2729 -97.3015
2730 -96.389
2731 -95.7381
2732 -94.8923
2733 -94.4378
2734 -96.7608
2735 -94.156
2736 -93.3624
2737 -94.1151
2738 -94.1141
2739 -93.8832
2740 -96.3778
2741 -94.437
2742 -93.4501
2743 -96.3004
2744 -96.8882
2745 -96.0855
2746 -96.5427
2747 -97.655
2748 -99.6289
2749 -99.2745
2750 -100.485
2751 -101.057
2752 -101.517
2753 -102.446
2754 -102.225
2755 -103.19
2756 -102.738
2757 -104.012
2758 -104.001
2759 -104.326
2760 -105.033
2761 -104.71
2762 -104.317
2763 -106.646
2764 -105.479
2765 -107.121
2766 -105.867
2767 -108.24
2768 -106.119
2769 -107.623
2770 -106.829
2771 -109.499
2772 -108.578
2773 -108.02
2774 -109.412
2775 -108.622
2776 -109.177
2777 -109.66
2778 -107.474
2779 -108.537
2780 -108.319
2781 -105.871
2782 -107.239
2783 -107.54
2784 -107.303
2785 -108.037
2786 -108.054
2787 -106.459
2788 -107.219
2789 -108.588
2790 -108.336
2791 -106.56
2792 -107.832
2793 -108.299
2794 -109.641
2795 -108.66
2796 -108.641
2797 -109.258
2798 -110.352
2799 -111.168
2800 -110.205
2801 -107.808
2802 -108.608
2803 -107.968
2804 -109.241
2805 -110.305
2806 -110.18
2807 -109.487
2808 -109.303
2809 -109.042
2810 -106.866
2811 -109.664
2812 -107.252
2813 -109.09
2814 -110.23
2815 -110.638
2816 -110.91
2817 -111.05
2818 -108.727
2819 -109.472
2820 -109.764
2821 -108.742
2822 -110.61
2823 -107.791
2824 -107.784
2825 -108.383
2826 -108.359
2827 -107.17
2828 -106.128
2829 -107.888
2830 -106.318
2831 -106.774
2832 -106.786
2833 -108.291
2834 -109.792
2835 -108.342
2836 -110.234
2837 -110.717
2838 -110.514
2839 -109.846
2840 -109.767
2841 -109.011
2842 -110.856
2843 -110.788
2844 -108.713
2845 -109.424
2846 -109.553
2847 -108.202
2848 -110.697
2849 -111.257
2850 -108.011
2851 -108.28
2852 -108.435
2853 -107.549
2854 -109.098
2855 -109.625
2856 -109.504
2857 -110.114
2858 -109.966
2859 -110.351
2860 -110.882
2861 -108.981
2862 -109.003
2863 -108.46
2864 -107.772
2865 -108.418
2866 -108.943
2867 -107.987
2868 -107.925
2869 -107.38
2870 -107.838
2871 -106.815
2872 -108.106
2873 -108.578
2874 -109.427
2875 -107.971
2876 -109.337
2877 -109.03
2878 -110.45
2879 -108.396
2880 -110.015
2881 -109.22
2882 -109.354
2883 -109.021
2884 -109.588
2885 -108.681
2886 -108.53
2887 -110.228
2888 -109.398
2889 -109.478
2890 -110.563
2891 -109.041
2892 -109.638
2893 -108.691
2894 -110.452
2895 -110.063
2896 -109.418
2897 -109.772
2898 -110.056
2899 -111.66
2900 -110.248
2901 -108.933
2902 -109.052
2903 -109.066
2904 -107.825
2905 -107.532
2906 -108.508
2907 -106.532
2908 -105.636
2909 -107.454
2910 -107.848
2911 -107.28
2912 -107.452
2913 -107.099
2914 -109.097
2915 -111.332
2916 -108.55
2917 -109.706
2918 -109.977
2919 -110.652
2920 -110.19
2921 -110.284
2922 -109.667
2923 -108.788
2924 -109.671
2925 -109.647
2926 -109.857
2927 -108.843
2928 -109.547
2929 -109.359
2930 -109.934
2931 -110.692
2932 -110.246
2933 -109.403
2934 -110.039
2935 -109.649
2936 -108.87
2937 -109.795
2938 -110.078
2939 -110.346
2940 -110.11
2941 -109.798
2942 -108.938
2943 -108.13
2944 -108.009
2945 -107.474
2946 -106.289
2947 -107.172
2948 -107.226
2949 -106.556
2950 -107.611
2951 -107.377
2952 -107.32
2953 -107.363
2954 -107.993
2955 -108.229
2956 -108.386
2957 -108.844
2958 -108.212
2959 -110.067
2960 -111.458
2961 -110.252
2962 -108.799
2963 -108.806
2964 -109.039
2965 -108.29
2966 -108.659
2967 -107.85
2968 -108.462
2969 -107.946
2970 -110.502
2971 -108.974
2972 -110.424
2973 -110.197
2974 -108.215
2975 -110.369
2976 -108.426
2977 -107.43
2978 -110.272
2979 -108.975
2980 -110.489
2981 -109.661
2982 -109.458
2983 -108.527
2984 -109.175
2985 -107.95
2986 -107.213
2987 -108.279
2988 -106.808
2989 -107.565
2990 -106.841
2991 -106.414
2992 -107.237
2993 -107.028
2994 -106.51
2995 -107.573
2996 -107.369
2997 -107.821
2998 -108.981
2999 -108.282
3000 -108.846
3001 -109.389
3002 -108.372
3003 -110.593
3004 -108.817
3005 -108.681
3006 -109.213
3007 -108.787
3008 -108.894
3009 -109.507
3010 -109.475
3011 -109.092
3012 -109.409
3013 -109.789
3014 -108.658
3015 -107.913
3016 -109.813
3017 -111.061
3018 -109.482
3019 -107.81
3020 -108.86
3021 -109.94
3022 -109.036
3023 -108.458
3024 -107.632
3025 -107.556
3026 -106.51
3027 -107.163
3028 -106.489
3029 -106.504
3030 -106.689
3031 -105.931
3032 -105.734
3033 -105.906
3034 -105.483
3035 -106.829
3036 -107.421
3037 -107.113
3038 -107.662
3039 -109.443
3040 -109.186
3041 -109.597
3042 -109.43
3043 -109.577
3044 -107.955
3045 -108.72
3046 -108.438
3047 -108.035
3048 -106.92
3049 -108.755
3050 -108.343
3051 -109.007
3052 -108.895
3053 -107.659
3054 -108.818
3055 -109.359
3056 -107.877
3057 -109.27
3058 -109.788
3059 -107.322
3060 -109.378
3061 -108.234
3062 -110.008
3063 -109.028
3064 -108.363
3065 -108.327
3066 -106.787
3067 -107.412
3068 -105.886
3069 -105.63
3070 -106.884
3071 -105.661
3072 -106.13
3073 -106.499
3074 -104.662
3075 -105.444
3076 -107.498
3077 -106.873
3078 -107.219
3079 -107.706
3080 -107.381
3081 -107.759
3082 -108.659
3083 -108.774
3084 -107.204
3085 -108.542
3086 -107.845
3087 -106.834
3088 -107.295
3089 -107.383
3090 -106.874
3091 -106.67
3092 -108.984
3093 -107.719
3094 -108.208
3095 -109.278
3096 -106.713
3097 -107.23
3098 -107.679
3099 -106.979
3100 -107.733
3101 -108.555
3102 -108.556
3103 -109.753
3104 -109.106
3105 -109.842
3106 -107.22
3107 -107.361
3108 -106.284
3109 -106.97
3110 -108.219
3111 -107.586
3112 -107.752
3113 -109.588
3114 -110.037
3115 -108.369
3116 -109.413
3117 -110.926
3118 -111.144
3119 -112.664
3120 -113.525
3121 -114.646
3122 -115.224
3123 -114.474
3124 -114.94
3125 -116.734
3126 -116.595
3127 -117.246
3128 -116.904
3129 -116.962
3130 -118.135
3131 -118.61
3132 -119.757
3133 -120.618
3134 -123.496
3135 -121.94
3136 -120.878
3137 -123.193
3138 -122.31
3139 -121.096
3140 -122.256
3141 -120.199
3142 -122.231
3143 -123.352
3144 -121.62
3145 -120.989
3146 -121.897
3147 -119.818
3148 -122.328
3149 -122.137
3150 -120.805
3151 -120.236
3152 -119.763
3153 -120.126
3154 -118.749
3155 -119.795
3156 -120.166
3157 -118.232
3158 -118.695
3159 -119.054
3160 -118.009
3161 -117.557
3162 -115.91
3163 -116.138
3164 -114.751
3165 -115.157
3166 -113.709
3167 -113.515
3168 -112.749
3169 -114.204
3170 -112.904
3171 -114.194
3172 -112.599
3173 -110.607
3174 -111.229
3175 -109.878
3176 -111.566
3177 -110.823
3178 -110.205
3179 -110.962
3180 -110.277
3181 -111.684
3182 -110.816
3183 -110.328
3184 -110.518
3185 -111.979
3186 -112.412
3187 -110.415
3188 -109.375
3189 -109.979
3190 -111.524
3191 -109.39
3192 -109.823
3193 -110.333
3194 -109.639
3195 -110.414
3196 -110.346
3197 -108.83
3198 -109.601
3199 -110.192
3200 -108.912
3201 -110.695
3202 -108.847
3203 -108.903
3204 -108.799
3205 -110.171
3206 -108.73
3207 -109.649
3208 -109.481
3209 -109.011
3210 -109.684
3211 -109.929
3212 -111.213
3213 -108.906
3214 -110.508
3215 -110.822
3216 -109.381
3217 -107.8
3218 -109.229
3219 -109.493
3220 -111.12
3221 -109.695
3222 -109.147
3223 -108.193
3224 -109.539
3225 -110.376
3226 -108.945
3227 -108.855
3228 -110.595
3229 -107.804
3230 -108.881
3231 -109.939
3232 -108.518
3233 -109.14
3234 -108.492
3235 -109.657
3236 -109.026
3237 -109.971
3238 -110.231
3239 -109.875
3240 -107.883
3241 -108.157
3242 -108.813
3243 -108.664
3244 -108.723
3245 -109.891
3246 -108.2
3247 -108.753
3248 -110.094
3249 -108.583
3250 -109.127
3251 -109.387
3252 -110.281
3253 -108.993
3254 -109.521
3255 -108.749
3256 -110.879
3257 -108.757
3258 -110.573
3259 -108.699
3260 -109.756
3261 -109.784
3262 -109.234
3263 -109.633
3264 -108.538
3265 -110.515
3266 -109.452
3267 -111.176
3268 -108.899
3269 -110.806
3270 -109.767
3271 -110.721
3272 -109.129
3273 -109.33
3274 -109.187
3275 -110.111
3276 -109.161
3277 -108.395
3278 -107.963
3279 -107.955
3280 -108.775
3281 -109.189
3282 -109.721
3283 -109.098
3284 -108.67
3285 -110.003
3286 -109.321
3287 -109.929
3288 -109.373
3289 -109.289
3290 -107.695
3291 -109.248
3292 -107.394
3293 -110.384
3294 -109.381
3295 -110.302
3296 -107.042
3297 -109.48
3298 -109.217
3299 -109.219
3300 -108.235
3301 -109.318
3302 -109.252
3303 -108.677
3304 -109.801
3305 -108.367
3306 -109.183
3307 -109.214
3308 -110.285
3309 -110.815
3310 -109.421
3311 -109.978
3312 -109.676
3313 -109.02
3314 -108.551
3315 -109.901
3316 -109.49
3317 -108.117
3318 -108.842
3319 -110.838
3320 -110.195
3321 -108.852
3322 -109.166
3323 -109.626
3324 -108.073
3325 -108.128
3326 -108.855
3327 -109.987
3328 -109.02
3329 -109.703
3330 -109.052
3331 -108.73
3332 -109.213
3333 -108.479
3334 -110.012
3335 -109.136
3336 -110.448
3337 -110.575
3338 -108.655
3339 -109.652
3340 -110.703
3341 -108.892
3342 -108.946
3343 -108.631
3344 -108.863
3345 -109.201
3346 -108.176
3347 -109.354
3348 -110.37
3349 -108.587
3350 -109.011
3351 -110.35
3352 -109.714
3353 -109.229
3354 -109.424
3355 -109.449
3356 -110.732
3357 -108.521
3358 -110.068
3359 -110.239
3360 -109.36
3361 -109.215
3362 -108.59
3363 -109.648
3364 -109.803
3365 -109.564
3366 -108.815
3367 -109.65
3368 -108.36
3369 -108.435
3370 -108.202
3371 -109.303
3372 -109.927
3373 -110.336
3374 -108.957
3375 -109.833
3376 -109.996
3377 -109.309
3378 -109.209
3379 -109.281
3380 -109.349
3381 -108.723
3382 -108.373
3383 -110.059
3384 -109.852
3385 -109.431
3386 -109.494
3387 -108.833
3388 -108.617
3389 -108.987
3390 -109.276
3391 -108.559
3392 -110.388
3393 -109.266
3394 -109.833
3395 -111.142
3396 -109.433
3397 -110.46
3398 -108.057
3399 -109.485
