0 -144.22
1 -144.22
2 -144.22
3 -144.22
4 -144.209
5 -144.192
6 -144.166
7 -144.141
8 -144.14
9 -144.14
10 -144.14
11 -144.15
12 -144.15
13 -144.157
14 -144.169
15 -144.168
16 -144.17
17 -144.18
18 -144.182
19 -144.21
20 -144.21
21 -144.201
22 -144.208
23 -144.205
24 -144.195
25 -144.2
26 -144.203
27 -144.21
28 -144.219
29 -144.222
30 -144.226
31 -144.519
32 -145.211
33 -145.355
34 -145.413
35 -145.473
36 -145.648
37 -146.057
38 -146.619
39 -147.231
40 -147.818
41 -148.367
42 -148.822
43 -149.201
44 -149.592
45 -150.028
46 -150.444
47 -150.965
48 -151.526
49 -152.104
50 -152.647
51 -153.089
52 -153.492
53 -153.895
54 -154.342
55 -154.908
56 -155.592
57 -156.272
58 -156.839
59 -157.352
60 -157.813
61 -158.286
62 -158.814
63 -159.395
64 -160
65 -160.649
66 -161.32
67 -161.9
68 -162.361
69 -162.685
70 -162.942
71 -163.297
72 -163.743
73 -164.241
74 -164.67
75 -164.972
76 -165.156
77 -165.194
78 -165.085
79 -164.924
80 -164.712
81 -164.561
82 -164.377
83 -164.192
84 -163.967
85 -163.666
86 -163.315
87 -162.827
88 -162.315
89 -161.963
90 -161.568
91 -161.157
92 -160.652
93 -160.15
94 -159.64
95 -159.208
96 -158.842
97 -158.515
98 -158.208
99 -157.918
100 -157.508
101 -157.008
102 -156.441
103 -155.87
104 -155.257
105 -154.564
106 -154.105
107 -153.761
108 -153.454
109 -153.073
110 -152.756
111 -152.65
112 -152.558
113 -152.571
114 -152.622
115 -152.651
116 -152.604
117 -152.438
118 -152.187
119 -151.798
120 -151.473
121 -151.241
122 -150.868
123 -150.527
124 -150.487
125 -150.753
126 -151.054
127 -151.364
128 -151.642
129 -151.94
130 -151.948
131 -151.631
132 -151.362
133 -151.217
134 -150.915
135 -150.74
136 -150.796
137 -150.889
138 -151.064
139 -151.241
140 -151.331
141 -151.304
142 -150.996
143 -150.531
144 -150.117
145 -149.65
146 -149.344
147 -149.294
148 -149.394
149 -149.763
150 -150.133
151 -150.443
152 -150.572
153 -150.457
154 -150.057
155 -149.551
156 -149.169
157 -148.945
158 -148.751
159 -148.845
160 -149.043
161 -149.379
162 -149.688
163 -149.993
164 -150.198
165 -150.14
166 -149.94
167 -149.586
168 -149.336
169 -149.076
170 -148.773
171 -148.636
172 -148.884
173 -149.244
174 -149.825
175 -150.166
176 -150.544
177 -150.637
178 -150.546
179 -150.234
180 -150.109
181 -149.975
182 -149.932
183 -150.017
184 -150.116
185 -150.285
186 -150.499
187 -150.607
188 -150.591
189 -150.363
190 -149.917
191 -149.525
192 -149.158
193 -148.895
194 -148.727
195 -148.772
196 -149.025
197 -149.428
198 -149.804
199 -150.058
200 -149.941
201 -149.615
202 -149.008
203 -148.58
204 -148.294
205 -148.153
206 -148.25
207 -148.563
208 -148.925
209 -149.237
210 -149.508
211 -149.523
212 -149.353
213 -149.116
214 -148.725
215 -148.526
216 -148.34
217 -148.16
218 -148.221
219 -148.505
220 -148.835
221 -149.258
222 -149.697
223 -150.064
224 -150.257
225 -150.165
226 -149.954
227 -149.752
228 -149.603
229 -149.45
230 -149.526
231 -149.595
232 -149.784
233 -149.96
234 -150.062
235 -150.01
236 -149.73
237 -149.264
238 -148.878
239 -148.554
240 -148.29
241 -148.153
242 -148.313
243 -148.686
244 -149.086
245 -149.406
246 -149.55
247 -149.444
248 -149.108
249 -148.601
250 -148.37
251 -148.133
252 -148.032
253 -148.113
254 -148.469
255 -148.849
256 -149.189
257 -149.46
258 -149.55
259 -149.393
260 -149.096
261 -148.644
262 -148.433
263 -148.178
264 -147.92
265 -147.909
266 -148.217
267 -148.64
268 -149.143
269 -149.586
270 -149.971
271 -150.002
272 -149.814
273 -149.503
274 -149.41
275 -149.209
276 -149.121
277 -149.249
278 -149.352
279 -149.573
280 -149.749
281 -149.875
282 -149.784
283 -149.489
284 -149.054
285 -148.724
286 -148.368
287 -148.174
288 -148.032
289 -148.241
290 -148.569
291 -149.006
292 -149.298
293 -149.38
294 -149.243
295 -148.887
296 -148.418
297 -148.097
298 -147.784
299 -147.765
300 -147.914
301 -148.242
302 -148.617
303 -148.947
304 -149.199
305 -149.196
306 -148.997
307 -148.77
308 -148.539
309 -148.47
310 -148.249
311 -148.181
312 -148.35
313 -148.578
314 -148.945
315 -149.393
316 -149.859
317 -150.037
318 -150.035
319 -149.885
320 -149.702
321 -149.585
322 -149.424
323 -149.446
324 -149.608
325 -149.781
326 -150.071
327 -150.36
328 -150.521
329 -150.522
330 -150.217
331 -149.772
332 -149.378
333 -148.983
334 -148.63
335 -148.409
336 -148.564
337 -148.861
338 -149.276
339 -149.526
340 -149.634
341 -149.458
342 -149.082
343 -148.661
344 -148.392
345 -148.086
346 -148.093
347 -148.308
348 -148.753
349 -149.138
350 -149.436
351 -149.616
352 -149.576
353 -149.336
354 -148.899
355 -148.485
356 -148.244
357 -148.073
358 -147.95
359 -148.208
360 -148.673
361 -149.153
362 -149.631
363 -150.065
364 -150.274
365 -150.264
366 -150.014
367 -149.69
368 -149.589
369 -149.416
370 -149.43
371 -149.571
372 -149.813
373 -149.993
374 -150.187
375 -150.233
376 -150.116
377 -149.646
378 -149.198
379 -148.779
380 -148.442
381 -148.312
382 -148.293
383 -148.602
384 -148.947
385 -149.31
386 -149.491
387 -149.434
388 -149.148
389 -148.61
390 -148.233
391 -147.923
392 -147.746
393 -147.76
394 -148.003
395 -148.413
396 -148.789
397 -149.04
398 -149.168
399 -149.096
400 -148.887
401 -148.448
402 -148.245
403 -148.101
404 -147.868
405 -147.813
406 -148.048
407 -148.505
408 -149.007
409 -149.485
410 -149.817
411 -149.944
412 -149.86
413 -149.547
414 -149.298
415 -149.157
416 -149.055
417 -149.147
418 -149.327
419 -149.448
420 -149.65
421 -149.802
422 -149.806
423 -149.58
424 -149.16
425 -148.732
426 -148.31
427 -148
428 -147.799
429 -147.913
430 -148.298
431 -148.658
432 -148.98
433 -149.26
434 -149.163
435 -148.815
436 -148.335
437 -147.98
438 -147.676
439 -147.566
440 -147.605
441 -147.92
442 -148.331
443 -148.661
444 -148.881
445 -148.934
446 -148.863
447 -148.615
448 -148.188
449 -147.967
450 -147.696
451 -147.503
452 -147.547
453 -147.846
454 -148.291
455 -148.868
456 -149.314
457 -149.604
458 -149.65
459 -149.524
460 -149.211
461 -149.002
462 -148.86
463 -148.744
464 -148.788
465 -148.985
466 -149.165
467 -149.418
468 -149.523
469 -149.534
470 -149.327
471 -148.946
472 -148.506
473 -148.166
474 -147.842
475 -147.679
476 -147.745
477 -148.071
478 -148.411
479 -148.667
480 -148.825
481 -148.663
482 -148.277
483 -147.724
484 -147.507
485 -147.274
486 -147.197
487 -147.239
488 -147.603
489 -148.024
490 -148.312
491 -148.589
492 -148.619
493 -148.485
494 -148.263
495 -147.95
496 -147.828
497 -147.669
498 -147.433
499 -147.449
500 -147.802
501 -148.212
502 -148.703
503 -149.196
504 -149.521
505 -149.463
506 -149.255
507 -148.846
508 -148.687
509 -148.53
510 -148.41
511 -148.381
512 -148.422
513 -148.371
514 -148.31
515 -148.07
516 -147.524
517 -146.857
518 -146.047
519 -145.337
520 -144.647
521 -143.928
522 -143.508
523 -143.287
524 -143.218
525 -143.051
526 -142.8
527 -142.38
528 -141.787
529 -141.044
530 -140.239
531 -139.447
532 -138.686
533 -137.997
534 -137.554
535 -137.105
536 -136.779
537 -136.539
538 -136.355
539 -136.106
540 -135.838
541 -135.421
542 -134.991
543 -134.515
544 -134.054
545 -133.682
546 -133.328
547 -133.058
548 -132.858
549 -132.824
550 -132.76
551 -132.722
552 -132.553
553 -132.159
554 -131.834
555 -131.671
556 -131.541
557 -131.475
558 -131.503
559 -131.511
560 -131.507
561 -131.52
562 -131.296
563 -131.037
564 -130.763
565 -130.513
566 -130.253
567 -130.131
568 -130.065
569 -129.916
570 -129.752
571 -129.565
572 -129.32
573 -128.912
574 -127.964
575 -127.21
576 -126.716
577 -126.287
578 -125.777
579 -125.241
580 -124.672
581 -124.239
582 -123.937
583 -123.843
584 -123.954
585 -124.028
586 -124.05
587 -124.064
588 -123.937
589 -123.753
590 -123.577
591 -123.332
592 -123.114
593 -122.964
594 -122.87
595 -122.877
596 -123.007
597 -123.24
598 -123.568
599 -123.985
600 -124.352
601 -124.656
602 -124.835
603 -124.95
604 -125.072
605 -125.358
606 -125.747
607 -126.214
608 -126.829
609 -127.448
610 -128.173
611 -128.955
612 -129.625
613 -130.177
614 -130.678
615 -131.175
616 -131.82
617 -132.554
618 -133.08
619 -133.514
620 -133.938
621 -134.322
622 -134.583
623 -134.83
624 -135.008
625 -135.069
626 -135.338
627 -135.716
628 -136.066
629 -136.397
630 -136.733
631 -136.976
632 -137.068
633 -137.018
634 -137.05
635 -137.247
636 -137.591
637 -137.96
638 -138.28
639 -138.563
640 -138.729
641 -138.921
642 -139.061
643 -139.073
644 -139.134
645 -139.126
646 -139.112
647 -139.003
648 -138.916
649 -138.755
650 -138.588
651 -138.306
652 -138.177
653 -138.237
654 -138.257
655 -138.212
656 -137.964
657 -137.773
658 -137.569
659 -137.472
660 -137.473
661 -137.78
662 -138.199
663 -138.487
664 -138.817
665 -139.118
666 -139.356
667 -139.44
668 -139.418
669 -139.365
670 -139.224
671 -139.022
672 -138.996
673 -138.956
674 -138.953
675 -139.021
676 -139.299
677 -139.561
678 -139.695
679 -139.805
680 -139.707
681 -139.48
682 -139.218
683 -139.114
684 -139.193
685 -139.485
686 -139.833
687 -140.038
688 -140.279
689 -140.459
690 -140.559
691 -140.552
692 -140.487
693 -140.334
694 -140.072
695 -139.861
696 -139.675
697 -139.437
698 -139.186
699 -139.126
700 -139.223
701 -139.23
702 -139.043
703 -138.858
704 -138.661
705 -138.317
706 -138.002
707 -137.979
708 -138.368
709 -138.689
710 -139.006
711 -139.435
712 -139.823
713 -139.977
714 -140.011
715 -140.057
716 -140.038
717 -139.881
718 -139.65
719 -139.619
720 -139.551
721 -139.55
722 -139.718
723 -139.93
724 -140.118
725 -140.217
726 -140.404
727 -140.327
728 -140.115
729 -139.963
730 -140.002
731 -140.112
732 -140.365
733 -140.661
734 -140.872
735 -140.996
736 -141.086
737 -141.084
738 -140.999
739 -140.908
740 -140.687
741 -140.444
742 -140.151
743 -139.958
744 -139.82
745 -139.637
746 -139.513
747 -139.596
748 -139.592
749 -139.509
750 -139.31
751 -139.057
752 -138.813
753 -138.54
754 -138.566
755 -138.704
756 -138.982
757 -139.413
758 -139.774
759 -140.102
760 -140.307
761 -140.41
762 -140.448
763 -140.323
764 -140.141
765 -139.988
766 -139.96
767 -139.911
768 -139.936
769 -140.128
770 -140.333
771 -140.523
772 -140.603
773 -140.674
774 -140.522
775 -140.269
776 -140.042
777 -139.993
778 -140.19
779 -140.426
780 -140.622
781 -140.896
782 -141.072
783 -141.135
784 -141.147
785 -141.158
786 -141.062
787 -140.903
788 -140.621
789 -140.348
790 -140.147
791 -139.922
792 -139.801
793 -139.812
794 -139.936
795 -139.948
796 -139.757
797 -139.504
798 -139.254
799 -138.998
800 -138.778
801 -138.808
802 -139.023
803 -139.406
804 -139.776
805 -140.161
806 -140.569
807 -140.734
808 -140.68
809 -140.588
810 -140.509
811 -140.269
812 -140.138
813 -140.094
814 -140.066
815 -140.151
816 -140.317
817 -140.433
818 -140.574
819 -140.78
820 -140.853
821 -140.706
822 -140.42
823 -140.225
824 -140.28
825 -140.496
826 -140.747
827 -141.016
828 -141.339
829 -141.466
830 -141.494
831 -141.5
832 -141.575
833 -141.445
834 -141.158
835 -140.844
836 -140.666
837 -140.504
838 -140.262
839 -140.162
840 -140.185
841 -140.247
842 -140.142
843 -139.953
844 -139.696
845 -139.411
846 -139.139
847 -139.034
848 -139.166
849 -139.424
850 -139.892
851 -140.27
852 -140.527
853 -140.741
854 -140.891
855 -140.8
856 -140.739
857 -140.605
858 -140.378
859 -140.267
860 -140.169
861 -140.16
862 -140.244
863 -140.368
864 -140.515
865 -140.678
866 -140.859
867 -140.903
868 -140.686
869 -140.396
870 -140.177
871 -140.165
872 -140.362
873 -140.567
874 -140.914
875 -141.25
876 -141.372
877 -141.482
878 -141.56
879 -141.596
880 -141.412
881 -141.119
882 -140.847
883 -140.703
884 -140.555
885 -140.378
886 -140.329
887 -140.384
888 -140.468
889 -140.326
890 -140.06
891 -139.796
892 -139.492
893 -139.219
894 -139.157
895 -139.259
896 -139.529
897 -139.934
898 -140.34
899 -140.644
900 -140.91
901 -141.016
902 -141
903 -140.955
904 -140.814
905 -140.555
906 -140.412
907 -140.326
908 -140.307
909 -140.44
910 -140.584
911 -140.804
912 -140.916
913 -141.041
914 -141.023
915 -140.77
916 -140.497
917 -140.412
918 -140.467
919 -140.602
920 -140.878
921 -141.259
922 -141.618
923 -141.735
924 -141.843
925 -141.851
926 -141.725
927 -141.48
928 -141.177
929 -140.911
930 -140.782
931 -140.685
932 -140.576
933 -140.542
934 -140.617
935 -140.685
936 -140.525
937 -140.271
938 -139.989
939 -139.707
940 -139.504
941 -139.461
942 -139.518
943 -139.807
944 -140.204
945 -140.588
946 -140.903
947 -141.154
948 -141.257
949 -141.227
950 -141.082
951 -140.924
952 -140.619
953 -140.561
954 -140.5
955 -140.535
956 -140.698
957 -140.735
958 -140.848
959 -141.011
960 -141.054
961 -140.933
962 -140.813
963 -140.622
964 -140.603
965 -140.839
966 -141.077
967 -141.245
968 -141.49
969 -141.697
970 -141.731
971 -141.843
972 -141.92
973 -141.911
974 -141.743
975 -141.491
976 -141.211
977 -141.074
978 -140.843
979 -140.728
980 -140.627
981 -140.656
982 -140.71
983 -140.608
984 -140.35
985 -140.051
986 -139.697
987 -139.466
988 -139.429
989 -139.575
990 -139.995
991 -140.376
992 -140.771
993 -141.129
994 -141.388
995 -141.44
996 -141.337
997 -141.174
998 -140.892
999 -140.706
1000 -140.626
1001 -140.573
1002 -140.653
1003 -140.866
1004 -141.104
1005 -141.286
1006 -141.297
1007 -141.325
1008 -141.306
1009 -140.983
1010 -140.763
1011 -140.759
1012 -141.088
1013 -141.331
1014 -141.678
1015 -142.019
1016 -142.175
1017 -142.308
1018 -142.482
1019 -142.601
1020 -142.693
1021 -142.759
1022 -142.748
1023 -142.833
1024 -142.99
1025 -143.133
1026 -143.319
1027 -143.68
1028 -144.077
1029 -144.527
1030 -144.87
1031 -145.013
1032 -145.15
1033 -145.402
1034 -145.68
1035 -146.082
1036 -146.543
1037 -147.243
1038 -147.914
1039 -148.701
1040 -149.422
1041 -150.048
1042 -150.672
1043 -151.274
1044 -151.76
1045 -152.234
1046 -152.601
1047 -152.954
1048 -153.217
1049 -153.541
1050 -153.861
1051 -154.242
1052 -154.72
1053 -155.181
1054 -155.582
1055 -156.004
1056 -156.42
1057 -156.777
1058 -157.13
1059 -157.343
1060 -157.55
1061 -157.702
1062 -157.851
1063 -157.946
1064 -158.023
1065 -158.284
1066 -158.494
1067 -158.663
1068 -158.927
1069 -159.117
1070 -159.462
1071 -159.713
1072 -159.99
1073 -160.2
1074 -160.354
1075 -160.57
1076 -160.744
1077 -160.913
1078 -161.072
1079 -161.238
1080 -161.41
1081 -161.562
1082 -161.71
1083 -161.889
1084 -162.667
1085 -163.519
1086 -163.952
1087 -164.282
1088 -164.629
1089 -165.076
1090 -165.524
1091 -165.859
1092 -165.968
1093 -165.946
1094 -165.849
1095 -165.8
1096 -165.847
1097 -166.027
1098 -166.176
1099 -166.394
1100 -166.494
1101 -166.51
1102 -166.334
1103 -166.121
1104 -165.816
1105 -165.512
1106 -165.256
1107 -165.122
1108 -165.032
1109 -164.824
1110 -164.542
1111 -164.011
1112 -163.577
1113 -163.079
1114 -162.553
1115 -161.991
1116 -161.598
1117 -161.177
1118 -160.677
1119 -160.246
1120 -159.687
1121 -159.033
1122 -158.334
1123 -157.604
1124 -156.961
1125 -156.351
1126 -155.7
1127 -155.226
1128 -154.755
1129 -154.349
1130 -154.003
1131 -153.689
1132 -153.624
1133 -153.55
1134 -153.512
1135 -153.428
1136 -153.194
1137 -152.885
1138 -152.53
1139 -152.17
1140 -151.876
1141 -151.427
1142 -151.185
1143 -150.898
1144 -150.627
1145 -150.728
1146 -150.896
1147 -151.101
1148 -151.436
1149 -151.696
1150 -151.776
1151 -151.643
1152 -151.316
1153 -150.919
1154 -150.708
1155 -150.555
1156 -150.396
1157 -150.403
1158 -150.572
1159 -150.652
1160 -150.778
1161 -150.821
1162 -150.759
1163 -150.47
1164 -150.157
1165 -149.897
1166 -149.488
1167 -149.121
1168 -149.104
1169 -149.212
1170 -149.434
1171 -149.662
1172 -149.808
1173 -149.856
1174 -149.657
1175 -149.248
1176 -148.796
1177 -148.475
1178 -148.346
1179 -148.215
1180 -148.18
1181 -148.485
1182 -148.881
1183 -149.156
1184 -149.394
1185 -149.471
1186 -149.359
1187 -149.101
1188 -148.769
1189 -148.559
1190 -148.403
1191 -148.201
1192 -148.084
1193 -148.404
1194 -148.779
1195 -149.243
1196 -149.711
1197 -150.04
1198 -150.006
1199 -149.863
1200 -149.515
1201 -149.195
1202 -149.067
1203 -149.01
1204 -149.04
1205 -149.244
1206 -149.512
1207 -149.827
1208 -150.079
1209 -150.042
1210 -149.837
1211 -149.27
1212 -148.832
1213 -148.427
1214 -148.175
1215 -147.979
1216 -148.144
1217 -148.446
1218 -148.978
1219 -149.246
1220 -149.39
1221 -149.183
1222 -148.801
1223 -148.221
1224 -147.884
1225 -147.612
1226 -147.584
1227 -147.915
1228 -148.279
1229 -148.626
1230 -148.879
1231 -149.034
1232 -148.98
1233 -148.797
1234 -148.477
1235 -148.09
1236 -147.81
1237 -147.737
1238 -147.607
1239 -147.66
1240 -148.02
1241 -148.356
1242 -148.788
1243 -149.22
1244 -149.425
1245 -149.403
1246 -149.288
1247 -149.07
1248 -148.846
1249 -148.731
1250 -148.653
1251 -148.781
1252 -148.976
1253 -149.139
1254 -149.33
1255 -149.47
1256 -149.414
1257 -149.133
1258 -148.655
1259 -148.356
1260 -148.033
1261 -147.822
1262 -147.639
1263 -147.8
1264 -148.119
1265 -148.523
1266 -148.775
1267 -148.916
1268 -148.727
1269 -148.325
1270 -147.888
1271 -147.687
1272 -147.439
1273 -147.437
1274 -147.621
1275 -147.925
1276 -148.295
1277 -148.564
1278 -148.8
1279 -148.767
1280 -148.567
1281 -148.259
1282 -147.923
1283 -147.732
1284 -147.563
1285 -147.347
1286 -147.464
1287 -147.851
1288 -148.273
1289 -148.751
1290 -149.137
1291 -149.359
1292 -149.346
1293 -149.185
1294 -148.824
1295 -148.652
1296 -148.586
1297 -148.596
1298 -148.775
1299 -148.996
1300 -149.152
1301 -149.299
1302 -149.361
1303 -149.236
1304 -148.925
1305 -148.489
1306 -148.17
1307 -147.843
1308 -147.651
1309 -147.586
1310 -147.857
1311 -148.177
1312 -148.544
1313 -148.724
1314 -148.712
1315 -148.357
1316 -147.868
1317 -147.404
1318 -147.156
1319 -147.025
1320 -147.148
1321 -147.396
1322 -147.84
1323 -148.164
1324 -148.379
1325 -148.487
1326 -148.382
1327 -148.133
1328 -147.752
1329 -147.486
1330 -147.347
1331 -147.205
1332 -147.114
1333 -147.352
1334 -147.79
1335 -148.226
1336 -148.642
1337 -148.966
1338 -149.097
1339 -149.04
1340 -148.855
1341 -148.577
1342 -148.498
1343 -148.401
1344 -148.402
1345 -148.514
1346 -148.696
1347 -148.878
1348 -149.015
1349 -148.945
1350 -148.827
1351 -148.489
1352 -148.204
1353 -147.868
1354 -147.385
1355 -147.265
1356 -147.301
1357 -147.523
1358 -147.826
1359 -148.18
1360 -148.387
1361 -148.317
1362 -148.037
1363 -147.653
1364 -147.392
1365 -147.161
1366 -147.064
1367 -147.128
1368 -147.555
1369 -147.905
1370 -148.155
1371 -148.41
1372 -148.44
1373 -148.264
1374 -147.939
1375 -147.524
1376 -147.31
1377 -147.135
1378 -146.894
1379 -146.845
1380 -147.209
1381 -147.674
1382 -148.178
1383 -148.624
1384 -148.987
1385 -149.08
1386 -148.938
1387 -148.671
1388 -148.367
1389 -148.325
1390 -148.252
1391 -148.233
1392 -148.397
1393 -148.529
1394 -148.748
1395 -148.912
1396 -148.976
1397 -148.814
1398 -148.395
1399 -147.972
1400 -147.554
1401 -147.217
1402 -147.049
1403 -147.064
1404 -147.341
1405 -147.711
1406 -148.091
1407 -148.206
1408 -148.129
1409 -147.847
1410 -147.354
1411 -146.972
1412 -146.641
1413 -146.495
1414 -146.681
1415 -146.967
1416 -147.364
1417 -147.662
1418 -147.88
1419 -147.852
1420 -147.655
1421 -147.316
1422 -146.975
1423 -146.752
1424 -146.645
1425 -146.497
1426 -146.484
1427 -146.871
1428 -147.253
1429 -147.752
1430 -148.214
1431 -148.594
1432 -148.731
1433 -148.629
1434 -148.358
1435 -148.04
1436 -148.008
1437 -147.96
1438 -148.021
1439 -148.156
1440 -148.352
1441 -148.564
1442 -148.73
1443 -148.671
1444 -148.412
1445 -147.986
1446 -147.695
1447 -147.197
1448 -146.84
1449 -146.79
1450 -146.928
1451 -147.179
1452 -147.512
1453 -147.772
1454 -147.842
1455 -147.701
1456 -147.434
1457 -146.987
1458 -146.689
1459 -146.508
1460 -146.473
1461 -146.625
1462 -147.009
1463 -147.33
1464 -147.539
1465 -147.689
1466 -147.682
1467 -147.426
1468 -146.981
1469 -146.678
1470 -146.489
1471 -146.297
1472 -146.108
1473 -146.291
1474 -146.754
1475 -147.239
1476 -147.679
1477 -148.055
1478 -148.307
1479 -148.325
1480 -148.171
1481 -147.865
1482 -147.65
1483 -147.555
1484 -147.483
1485 -147.49
1486 -147.73
1487 -147.967
1488 -148.211
1489 -148.325
1490 -148.278
1491 -148.037
1492 -147.495
1493 -147.103
1494 -146.725
1495 -146.426
1496 -146.44
1497 -146.572
1498 -146.885
1499 -147.271
1500 -147.53
1501 -147.579
1502 -147.444
1503 -147.029
1504 -146.64
1505 -146.336
1506 -146.092
1507 -146.221
1508 -146.404
1509 -146.785
1510 -147.108
1511 -147.347
1512 -147.478
1513 -147.44
1514 -147.135
1515 -146.731
1516 -146.51
1517 -146.38
1518 -146.252
1519 -146.16
1520 -146.429
1521 -146.863
1522 -147.314
1523 -147.748
1524 -148.146
1525 -148.325
1526 -148.233
1527 -147.946
1528 -147.516
1529 -147.226
1530 -147.015
1531 -146.803
1532 -146.697
1533 -146.642
1534 -146.546
1535 -146.479
1536 -146.351
1537 -146.058
1538 -145.634
1539 -144.96
1540 -144.433
1541 -143.737
1542 -143.036
1543 -142.493
1544 -142.118
1545 -142
1546 -141.793
1547 -141.565
1548 -141.19
1549 -140.633
1550 -139.847
1551 -139.032
1552 -138.18
1553 -137.304
1554 -136.649
1555 -136.063
1556 -135.668
1557 -135.396
1558 -135.264
1559 -135.052
1560 -134.791
1561 -134.504
1562 -134.107
1563 -133.61
1564 -133.085
1565 -132.706
1566 -132.418
1567 -132.283
1568 -132.141
1569 -132.095
1570 -132.037
1571 -131.954
1572 -131.856
1573 -131.508
1574 -131.122
1575 -130.786
1576 -130.546
1577 -130.43
1578 -130.499
1579 -130.616
1580 -130.735
1581 -130.8
1582 -130.661
1583 -130.389
1584 -130.085
1585 -129.789
1586 -129.492
1587 -129.327
1588 -129.18
1589 -129.073
1590 -128.976
1591 -128.845
1592 -128.708
1593 -128.467
1594 -127.86
1595 -126.815
1596 -126.289
1597 -125.93
1598 -125.582
1599 -125.146
1600 -124.592
1601 -123.997
1602 -123.519
1603 -123.29
1604 -123.293
1605 -123.427
1606 -123.498
1607 -123.508
1608 -123.5
1609 -123.328
1610 -123.206
1611 -123.092
1612 -122.964
1613 -122.878
1614 -122.776
1615 -122.652
1616 -122.67
1617 -122.858
1618 -123.189
1619 -123.569
1620 -123.923
1621 -124.168
1622 -124.365
1623 -124.468
1624 -124.693
1625 -124.986
1626 -125.31
1627 -125.741
1628 -126.226
1629 -126.861
1630 -127.553
1631 -128.263
1632 -128.888
1633 -129.426
1634 -130.1
1635 -130.733
1636 -131.314
1637 -131.96
1638 -132.583
1639 -133.094
1640 -133.477
1641 -133.806
1642 -134.088
1643 -134.378
1644 -134.635
1645 -134.788
1646 -135.049
1647 -135.37
1648 -135.66
1649 -135.86
1650 -136.192
1651 -136.47
1652 -136.699
1653 -136.834
1654 -136.826
1655 -136.907
1656 -137.093
1657 -137.337
1658 -137.652
1659 -137.968
1660 -138.189
1661 -138.382
1662 -138.581
1663 -138.756
1664 -138.825
1665 -138.887
1666 -138.948
1667 -138.878
1668 -138.731
1669 -138.544
1670 -138.429
1671 -138.259
1672 -138.094
1673 -138.095
1674 -138.236
1675 -138.236
1676 -137.944
1677 -137.759
1678 -137.556
1679 -137.331
1680 -137.221
1681 -137.428
1682 -137.685
1683 -138.035
1684 -138.442
1685 -138.895
1686 -139.182
1687 -139.299
1688 -139.331
1689 -139.336
1690 -139.183
1691 -138.965
1692 -138.828
1693 -138.817
1694 -138.839
1695 -138.916
1696 -139.129
1697 -139.417
1698 -139.644
1699 -139.751
1700 -139.847
1701 -139.683
1702 -139.317
1703 -139.012
1704 -138.996
1705 -139.192
1706 -139.456
1707 -139.616
1708 -139.858
1709 -140.105
1710 -140.112
1711 -140.12
1712 -140.221
1713 -140.218
1714 -140.056
1715 -139.811
1716 -139.554
1717 -139.332
1718 -139.063
1719 -138.812
1720 -138.823
1721 -138.802
1722 -138.822
1723 -138.763
1724 -138.566
1725 -138.327
1726 -138.077
1727 -137.93
1728 -138.028
1729 -138.203
1730 -138.496
1731 -138.907
1732 -139.329
1733 -139.551
1734 -139.671
1735 -139.769
1736 -139.846
1737 -139.779
1738 -139.546
1739 -139.384
1740 -139.287
1741 -139.286
1742 -139.326
1743 -139.592
1744 -139.814
1745 -139.984
1746 -140.119
1747 -140.212
1748 -140.121
1749 -139.805
1750 -139.577
1751 -139.46
1752 -139.599
1753 -139.84
1754 -140.079
1755 -140.44
1756 -140.699
1757 -140.749
1758 -140.711
1759 -140.667
1760 -140.547
1761 -140.37
1762 -140.051
1763 -139.832
1764 -139.737
1765 -139.55
1766 -139.394
1767 -139.455
1768 -139.539
1769 -139.51
1770 -139.296
1771 -139.02
1772 -138.713
1773 -138.425
1774 -138.297
1775 -138.436
1776 -138.694
1777 -139.114
1778 -139.42
1779 -139.741
1780 -140.045
1781 -140.161
1782 -140.135
1783 -140.06
1784 -139.979
1785 -139.806
1786 -139.699
1787 -139.681
1788 -139.715
1789 -139.841
1790 -140.096
1791 -140.199
1792 -140.305
1793 -140.358
1794 -140.399
1795 -140.221
1796 -139.886
1797 -139.638
1798 -139.647
1799 -139.909
1800 -140.151
1801 -140.311
1802 -140.668
1803 -140.834
1804 -140.774
1805 -140.724
1806 -140.764
1807 -140.698
1808 -140.471
1809 -140.234
1810 -140.083
1811 -139.962
1812 -139.793
1813 -139.664
1814 -139.61
1815 -139.689
1816 -139.609
1817 -139.473
1818 -139.272
1819 -138.944
1820 -138.7
1821 -138.58
1822 -138.55
1823 -138.762
1824 -139.226
1825 -139.617
1826 -140.006
1827 -140.256
1828 -140.408
1829 -140.392
1830 -140.315
1831 -140.134
1832 -139.857
1833 -139.776
1834 -139.748
1835 -139.806
1836 -139.941
1837 -140.148
1838 -140.319
1839 -140.46
1840 -140.641
1841 -140.613
1842 -140.41
1843 -140.149
1844 -140.052
1845 -140.149
1846 -140.414
1847 -140.635
1848 -140.859
1849 -141.12
1850 -141.236
1851 -141.227
1852 -141.227
1853 -141.164
1854 -141.01
1855 -140.805
1856 -140.578
1857 -140.361
1858 -140.261
1859 -139.991
1860 -139.876
1861 -139.88
1862 -139.898
1863 -139.883
1864 -139.744
1865 -139.511
1866 -139.22
1867 -138.921
1868 -138.841
1869 -138.889
1870 -139.227
1871 -139.626
1872 -139.949
1873 -140.315
1874 -140.605
1875 -140.742
1876 -140.615
1877 -140.477
1878 -140.334
1879 -140.067
1880 -139.977
1881 -139.974
1882 -140.034
1883 -140.155
1884 -140.275
1885 -140.432
1886 -140.52
1887 -140.523
1888 -140.513
1889 -140.355
1890 -140.035
1891 -139.944
1892 -140.104
1893 -140.396
1894 -140.625
1895 -140.943
1896 -141.212
1897 -141.281
1898 -141.29
1899 -141.297
1900 -141.214
1901 -141.004
1902 -140.65
1903 -140.394
1904 -140.261
1905 -140.138
1906 -140.049
1907 -140.075
1908 -140.164
1909 -140.22
1910 -140.09
1911 -139.77
1912 -139.491
1913 -139.165
1914 -138.935
1915 -138.921
1916 -139.116
1917 -139.444
1918 -139.845
1919 -140.203
1920 -140.566
1921 -140.8
1922 -140.884
1923 -140.756
1924 -140.66
1925 -140.442
1926 -140.211
1927 -140.088
1928 -140.047
1929 -140.064
1930 -140.186
1931 -140.366
1932 -140.623
1933 -140.687
1934 -140.801
1935 -140.749
1936 -140.553
1937 -140.315
1938 -140.253
1939 -140.419
1940 -140.608
1941 -140.834
1942 -141.193
1943 -141.309
1944 -141.337
1945 -141.404
1946 -141.445
1947 -141.289
1948 -141.089
1949 -140.863
1950 -140.707
1951 -140.573
1952 -140.407
1953 -140.315
1954 -140.301
1955 -140.399
1956 -140.428
1957 -140.37
1958 -140.112
1959 -139.86
1960 -139.515
1961 -139.306
1962 -139.214
1963 -139.337
1964 -139.633
1965 -140.116
1966 -140.435
1967 -140.839
1968 -141.02
1969 -140.99
1970 -140.894
1971 -140.879
1972 -140.642
1973 -140.405
1974 -140.252
1975 -140.237
1976 -140.382
1977 -140.561
1978 -140.693
1979 -140.863
1980 -141.052
1981 -141.072
1982 -140.963
1983 -140.742
1984 -140.562
1985 -140.43
1986 -140.656
1987 -140.853
1988 -141.083
1989 -141.352
1990 -141.536
1991 -141.55
1992 -141.61
1993 -141.609
1994 -141.527
1995 -141.363
1996 -141.074
1997 -140.926
1998 -140.781
1999 -140.6
2000 -140.431
2001 -140.543
2002 -140.634
2003 -140.612
2004 -140.474
2005 -140.317
2006 -140.061
2007 -139.739
2008 -139.436
2009 -139.366
2010 -139.638
2011 -140.003
2012 -140.267
2013 -140.6
2014 -140.89
2015 -141.103
2016 -141.069
2017 -141.012
2018 -140.975
2019 -140.737
2020 -140.628
2021 -140.51
2022 -140.538
2023 -140.673
2024 -140.835
2025 -140.969
2026 -141.106
2027 -141.239
2028 -141.369
2029 -141.255
2030 -140.953
2031 -140.758
2032 -140.707
2033 -140.92
2034 -141.115
2035 -141.41
2036 -141.723
2037 -141.992
2038 -142.127
2039 -142.314
2040 -142.475
2041 -142.507
2042 -142.501
2043 -142.501
2044 -142.639
2045 -142.785
2046 -143.001
2047 -143.296
2048 -143.688
2049 -144.052
2050 -144.431
2051 -144.745
2052 -145.012
2053 -145.223
2054 -145.383
2055 -145.64
2056 -146.047
2057 -146.547
2058 -147.256
2059 -147.926
2060 -148.73
2061 -149.416
2062 -150.105
2063 -150.747
2064 -151.352
2065 -151.77
2066 -152.222
2067 -152.554
2068 -152.851
2069 -153.177
2070 -153.492
2071 -153.848
2072 -154.258
2073 -154.744
2074 -155.218
2075 -155.601
2076 -155.942
2077 -156.289
2078 -156.621
2079 -156.966
2080 -157.184
2081 -157.387
2082 -157.563
2083 -157.727
2084 -157.883
2085 -158.096
2086 -158.291
2087 -158.4
2088 -158.471
2089 -158.651
2090 -158.89
2091 -159.172
2092 -159.463
2093 -159.82
2094 -160.099
2095 -160.368
2096 -160.512
2097 -160.636
2098 -160.728
2099 -160.809
2100 -160.929
2101 -161.113
2102 -161.324
2103 -161.53
2104 -161.929
2105 -162.839
2106 -163.481
2107 -163.787
2108 -164.012
2109 -164.319
2110 -164.797
2111 -165.246
2112 -165.605
2113 -165.772
2114 -165.776
2115 -165.681
2116 -165.632
2117 -165.666
2118 -165.816
2119 -165.95
2120 -166.116
2121 -166.12
2122 -166.093
2123 -165.912
2124 -165.756
2125 -165.485
2126 -165.293
2127 -165.109
2128 -164.922
2129 -164.653
2130 -164.375
2131 -163.964
2132 -163.449
2133 -163.105
2134 -162.78
2135 -162.351
2136 -161.841
2137 -161.358
2138 -160.855
2139 -160.32
2140 -159.785
2141 -159.161
2142 -158.542
2143 -157.952
2144 -157.298
2145 -156.673
2146 -155.92
2147 -155.302
2148 -154.833
2149 -154.371
2150 -153.961
2151 -153.584
2152 -153.416
2153 -153.353
2154 -153.261
2155 -153.195
2156 -153.025
2157 -152.797
2158 -152.556
2159 -152.252
2160 -151.944
2161 -151.54
2162 -151.252
2163 -150.89
2164 -150.527
2165 -150.391
2166 -150.54
2167 -150.754
2168 -151.063
2169 -151.329
2170 -151.565
2171 -151.465
2172 -151.253
2173 -150.981
2174 -150.533
2175 -150.361
2176 -150.238
2177 -150.143
2178 -150.177
2179 -150.3
2180 -150.44
2181 -150.554
2182 -150.596
2183 -150.482
2184 -150.202
2185 -149.929
2186 -149.613
2187 -149.094
2188 -148.832
2189 -148.9
2190 -149.04
2191 -149.306
2192 -149.546
2193 -149.689
2194 -149.627
2195 -149.356
2196 -148.838
2197 -148.362
2198 -148.127
2199 -148.031
2200 -147.923
2201 -148.045
2202 -148.414
2203 -148.745
2204 -148.924
2205 -149.011
2206 -148.977
2207 -148.923
2208 -148.733
2209 -148.422
2210 -148.321
2211 -148.219
2212 -148.037
2213 -148.046
2214 -148.436
2215 -148.718
2216 -149.168
2217 -149.549
2218 -149.779
2219 -149.743
2220 -149.598
2221 -149.215
2222 -148.816
2223 -148.687
2224 -148.605
2225 -148.676
2226 -148.863
2227 -149.043
2228 -149.292
2229 -149.512
2230 -149.533
2231 -149.385
2232 -149.03
2233 -148.712
2234 -148.293
2235 -148.125
2236 -148.024
2237 -148.104
2238 -148.422
2239 -148.804
2240 -149.016
2241 -149.07
2242 -148.8
2243 -148.402
2244 -147.918
2245 -147.703
2246 -147.556
2247 -147.443
2248 -147.636
2249 -148.042
2250 -148.349
2251 -148.585
2252 -148.699
2253 -148.649
2254 -148.46
2255 -148.145
2256 -147.837
2257 -147.775
2258 -147.665
2259 -147.402
2260 -147.548
2261 -147.866
2262 -148.295
2263 -148.74
2264 -149.145
2265 -149.32
2266 -149.34
2267 -149.18
2268 -148.775
2269 -148.473
2270 -148.454
2271 -148.406
2272 -148.497
2273 -148.724
2274 -148.963
2275 -149.211
2276 -149.314
2277 -149.18
2278 -148.835
2279 -148.415
2280 -148.029
2281 -147.633
2282 -147.384
2283 -147.418
2284 -147.69
2285 -148.082
2286 -148.48
2287 -148.763
2288 -148.877
2289 -148.593
2290 -148.112
2291 -147.605
2292 -147.429
2293 -147.228
2294 -147.242
2295 -147.456
2296 -147.828
2297 -148.124
2298 -148.381
2299 -148.521
2300 -148.437
2301 -148.142
2302 -147.765
2303 -147.473
2304 -147.338
2305 -147.163
2306 -147.017
2307 -147.31
2308 -147.742
2309 -148.142
2310 -148.515
2311 -148.874
2312 -149.094
2313 -148.997
2314 -148.828
2315 -148.499
2316 -148.347
2317 -148.281
2318 -148.243
2319 -148.351
2320 -148.6
2321 -148.753
2322 -148.93
2323 -148.952
2324 -148.937
2325 -148.616
2326 -148.426
2327 -148.088
2328 -147.636
2329 -147.448
2330 -147.522
2331 -147.669
2332 -148.016
2333 -148.228
2334 -148.401
2335 -148.329
2336 -148.043
2337 -147.643
2338 -147.263
2339 -147.071
2340 -147.057
2341 -147.083
2342 -147.287
2343 -147.627
2344 -147.931
2345 -148.187
2346 -148.233
2347 -148.087
2348 -147.809
2349 -147.431
2350 -147.226
2351 -147.03
2352 -146.833
2353 -146.864
2354 -147.162
2355 -147.572
2356 -148.053
2357 -148.509
2358 -148.883
2359 -148.933
2360 -148.785
2361 -148.58
2362 -148.248
2363 -148.161
2364 -148.11
2365 -148.195
2366 -148.343
2367 -148.54
2368 -148.745
2369 -148.9
2370 -148.869
2371 -148.672
2372 -148.225
2373 -147.775
2374 -147.425
2375 -147.032
2376 -146.96
2377 -147.03
2378 -147.253
2379 -147.639
2380 -148.029
2381 -148.237
2382 -148.188
2383 -147.914
2384 -147.464
2385 -147.179
2386 -146.98
2387 -146.825
2388 -147.022
2389 -147.395
2390 -147.772
2391 -147.961
2392 -148.102
2393 -148.175
2394 -147.949
2395 -147.529
2396 -147.11
2397 -146.95
2398 -146.812
2399 -146.616
2400 -146.659
2401 -147.063
2402 -147.496
2403 -147.898
2404 -148.316
2405 -148.611
2406 -148.642
2407 -148.443
2408 -148.194
2409 -147.845
2410 -147.863
2411 -147.865
2412 -147.965
2413 -148.168
2414 -148.397
2415 -148.545
2416 -148.679
2417 -148.658
2418 -148.477
2419 -147.976
2420 -147.6
2421 -147.222
2422 -146.98
2423 -146.904
2424 -146.973
2425 -147.275
2426 -147.653
2427 -147.953
2428 -147.997
2429 -147.863
2430 -147.403
2431 -146.853
2432 -146.49
2433 -146.309
2434 -146.314
2435 -146.551
2436 -146.846
2437 -147.252
2438 -147.508
2439 -147.643
2440 -147.571
2441 -147.279
2442 -146.996
2443 -146.636
2444 -146.403
2445 -146.314
2446 -146.185
2447 -146.323
2448 -146.712
2449 -147.184
2450 -147.64
2451 -148.084
2452 -148.377
2453 -148.42
2454 -148.242
2455 -148.02
2456 -147.73
2457 -147.646
2458 -147.592
2459 -147.64
2460 -147.786
2461 -148.022
2462 -148.278
2463 -148.383
2464 -148.313
2465 -147.949
2466 -147.508
2467 -147.186
2468 -146.684
2469 -146.43
2470 -146.509
2471 -146.682
2472 -146.98
2473 -147.375
2474 -147.613
2475 -147.653
2476 -147.427
2477 -147.029
2478 -146.566
2479 -146.324
2480 -146.255
2481 -146.249
2482 -146.393
2483 -146.836
2484 -147.148
2485 -147.352
2486 -147.457
2487 -147.421
2488 -147.194
2489 -146.818
2490 -146.408
2491 -146.226
2492 -146.022
2493 -145.857
2494 -146.12
2495 -146.511
2496 -146.952
2497 -147.413
2498 -147.843
2499 -148.096
2500 -148.058
2501 -147.909
2502 -147.638
2503 -147.449
2504 -147.319
2505 -147.262
2506 -147.376
2507 -147.637
2508 -147.84
2509 -148.02
2510 -148.146
2511 -148.043
2512 -147.704
2513 -147.22
2514 -146.854
2515 -146.418
2516 -146.203
2517 -146.227
2518 -146.365
2519 -146.7
2520 -147.002
2521 -147.134
2522 -147.102
2523 -146.927
2524 -146.511
2525 -146.046
2526 -145.898
2527 -145.855
2528 -145.822
2529 -146.007
2530 -146.422
2531 -146.757
2532 -146.957
2533 -147.035
2534 -146.955
2535 -146.765
2536 -146.387
2537 -146.195
2538 -146.008
2539 -145.725
2540 -145.655
2541 -145.932
2542 -146.365
2543 -146.886
2544 -147.333
2545 -147.77
2546 -147.967
2547 -147.809
2548 -147.474
2549 -147.051
2550 -146.699
2551 -146.466
2552 -146.278
2553 -146.222
2554 -146.22
2555 -146.194
2556 -146.104
2557 -145.894
2558 -145.447
2559 -144.763
2560 -144.054
2561 -143.576
2562 -143.044
2563 -142.611
2564 -142.33
2565 -142.192
2566 -142.026
2567 -141.758
2568 -141.429
2569 -140.908
2570 -140.189
2571 -139.363
2572 -138.601
2573 -137.849
2574 -137.083
2575 -136.39
2576 -135.91
2577 -135.544
2578 -135.172
2579 -134.853
2580 -134.478
2581 -134.19
2582 -133.907
2583 -133.494
2584 -133.023
2585 -132.672
2586 -132.369
2587 -132.075
2588 -131.762
2589 -131.548
2590 -131.352
2591 -131.285
2592 -131.343
2593 -131.376
2594 -131.285
2595 -131.144
2596 -130.936
2597 -130.61
2598 -130.31
2599 -130.149
2600 -130.122
2601 -130.179
2602 -130.256
2603 -130.209
2604 -130
2605 -129.747
2606 -129.482
2607 -129.268
2608 -129.005
2609 -128.784
2610 -128.635
2611 -128.572
2612 -128.495
2613 -128.362
2614 -128.163
2615 -127.272
2616 -126.369
2617 -125.869
2618 -125.623
2619 -125.356
2620 -124.852
2621 -124.234
2622 -123.6
2623 -123.126
2624 -122.902
2625 -122.997
2626 -123.25
2627 -123.366
2628 -123.371
2629 -123.328
2630 -123.153
2631 -122.96
2632 -122.722
2633 -122.534
2634 -122.399
2635 -122.378
2636 -122.414
2637 -122.603
2638 -122.911
2639 -123.175
2640 -123.464
2641 -123.666
2642 -123.867
2643 -124.142
2644 -124.411
2645 -124.683
2646 -125.027
2647 -125.292
2648 -125.715
2649 -126.272
2650 -126.901
2651 -127.563
2652 -128.285
2653 -128.903
2654 -129.521
2655 -130.229
2656 -130.879
2657 -131.379
2658 -131.963
2659 -132.52
2660 -132.996
2661 -133.337
2662 -133.604
2663 -133.886
2664 -134.187
2665 -134.524
2666 -134.698
2667 -134.893
2668 -135.226
2669 -135.519
2670 -135.814
2671 -136.136
2672 -136.39
2673 -136.613
2674 -136.804
2675 -136.836
2676 -136.892
2677 -137.035
2678 -137.35
2679 -137.556
2680 -137.858
2681 -138.09
2682 -138.249
2683 -138.429
2684 -138.576
2685 -138.668
2686 -138.705
2687 -138.695
2688 -138.586
2689 -138.426
2690 -138.277
2691 -138.148
2692 -138.006
2693 -137.931
2694 -137.98
2695 -137.982
2696 -138.098
2697 -138.011
2698 -137.742
2699 -137.513
2700 -137.287
2701 -137.152
2702 -137.216
2703 -137.593
2704 -138.01
2705 -138.357
2706 -138.752
2707 -139.051
2708 -139.164
2709 -139.17
2710 -139.109
2711 -138.923
2712 -138.753
2713 -138.65
2714 -138.664
2715 -138.719
2716 -138.83
2717 -139.086
2718 -139.285
2719 -139.421
2720 -139.463
2721 -139.527
2722 -139.354
2723 -139.143
2724 -138.938
2725 -138.947
2726 -139.127
2727 -139.371
2728 -139.685
2729 -139.797
2730 -139.931
2731 -140.025
2732 -140.046
2733 -140.025
2734 -139.959
2735 -139.821
2736 -139.571
2737 -139.326
2738 -139.18
2739 -138.997
2740 -138.904
2741 -138.935
2742 -138.941
2743 -138.961
2744 -138.829
2745 -138.603
2746 -138.371
2747 -138.11
2748 -137.962
2749 -138.009
2750 -138.211
2751 -138.566
2752 -138.959
2753 -139.288
2754 -139.568
2755 -139.656
2756 -139.64
2757 -139.719
2758 -139.675
2759 -139.435
2760 -139.313
2761 -139.335
2762 -139.284
2763 -139.335
2764 -139.541
2765 -139.774
2766 -139.953
2767 -140.063
2768 -140.1
2769 -139.923
2770 -139.641
2771 -139.463
2772 -139.486
2773 -139.655
2774 -139.839
2775 -140.22
2776 -140.461
2777 -140.569
2778 -140.623
2779 -140.666
2780 -140.671
2781 -140.51
2782 -140.232
2783 -139.953
2784 -139.743
2785 -139.565
2786 -139.341
2787 -139.311
2788 -139.359
2789 -139.34
2790 -139.393
2791 -139.205
2792 -138.939
2793 -138.679
2794 -138.435
2795 -138.332
2796 -138.405
2797 -138.611
2798 -139.06
2799 -139.406
2800 -139.721
2801 -139.979
2802 -140.075
2803 -140.026
2804 -139.941
2805 -139.804
2806 -139.64
2807 -139.647
2808 -139.616
2809 -139.662
2810 -139.778
2811 -140.019
2812 -140.138
2813 -140.26
2814 -140.319
2815 -140.356
2816 -140.219
2817 -139.951
2818 -139.805
2819 -139.819
2820 -140.046
2821 -140.141
2822 -140.333
2823 -140.602
2824 -140.742
2825 -140.756
2826 -140.79
2827 -140.781
2828 -140.659
2829 -140.487
2830 -140.223
2831 -140.002
2832 -139.87
2833 -139.697
2834 -139.631
2835 -139.697
2836 -139.81
2837 -139.736
2838 -139.518
2839 -139.211
2840 -138.94
2841 -138.772
2842 -138.685
2843 -138.751
2844 -139.111
2845 -139.504
2846 -139.791
2847 -140.12
2848 -140.341
2849 -140.429
2850 -140.386
2851 -140.248
2852 -140.042
2853 -139.879
2854 -139.833
2855 -139.828
2856 -139.947
2857 -140.084
2858 -140.278
2859 -140.387
2860 -140.524
2861 -140.631
2862 -140.676
2863 -140.475
2864 -140.276
2865 -140.174
2866 -140.235
2867 -140.483
2868 -140.624
2869 -140.844
2870 -141.095
2871 -141.149
2872 -141.084
2873 -141.089
2874 -141.099
2875 -141.008
2876 -140.721
2877 -140.456
2878 -140.27
2879 -140.097
2880 -139.909
2881 -139.912
2882 -139.997
2883 -140.063
2884 -139.99
2885 -139.735
2886 -139.462
2887 -139.087
2888 -138.824
2889 -138.796
2890 -138.889
2891 -139.143
2892 -139.578
2893 -139.927
2894 -140.299
2895 -140.518
2896 -140.613
2897 -140.597
2898 -140.504
2899 -140.343
2900 -140.155
2901 -140.051
2902 -140.061
2903 -140.084
2904 -140.192
2905 -140.295
2906 -140.443
2907 -140.573
2908 -140.625
2909 -140.574
2910 -140.343
2911 -140.108
2912 -139.963
2913 -140.176
2914 -140.459
2915 -140.658
2916 -140.932
2917 -141.139
2918 -141.164
2919 -141.104
2920 -141.159
2921 -141.108
2922 -140.952
2923 -140.645
2924 -140.526
2925 -140.354
2926 -140.232
2927 -140.08
2928 -140.096
2929 -140.14
2930 -140.188
2931 -140.06
2932 -139.853
2933 -139.597
2934 -139.328
2935 -139.158
2936 -139.139
2937 -139.261
2938 -139.587
2939 -139.977
2940 -140.185
2941 -140.465
2942 -140.62
2943 -140.683
2944 -140.615
2945 -140.617
2946 -140.373
2947 -140.27
2948 -140.1
2949 -140.092
2950 -140.137
2951 -140.366
2952 -140.552
2953 -140.676
2954 -140.778
2955 -140.929
2956 -140.891
2957 -140.575
2958 -140.356
2959 -140.217
2960 -140.438
2961 -140.624
2962 -140.861
2963 -141.146
2964 -141.392
2965 -141.398
2966 -141.358
2967 -141.303
2968 -141.201
2969 -141.05
2970 -140.845
2971 -140.681
2972 -140.593
2973 -140.487
2974 -140.3
2975 -140.359
2976 -140.433
2977 -140.437
2978 -140.206
2979 -139.946
2980 -139.618
2981 -139.503
2982 -139.379
2983 -139.385
2984 -139.541
2985 -139.942
2986 -140.215
2987 -140.53
2988 -140.848
2989 -141.049
2990 -141.068
2991 -141.059
2992 -140.973
2993 -140.729
2994 -140.592
2995 -140.375
2996 -140.42
2997 -140.493
2998 -140.688
2999 -140.734
3000 -140.965
3001 -141.068
3002 -141.205
3003 -140.999
3004 -140.683
3005 -140.421
3006 -140.503
3007 -140.708
3008 -140.924
3009 -141.22
3010 -141.565
3011 -141.602
3012 -141.592
3013 -141.65
3014 -141.65
3015 -141.517
3016 -141.269
3017 -141.071
3018 -140.865
3019 -140.848
3020 -140.643
3021 -140.611
3022 -140.62
3023 -140.807
3024 -140.744
3025 -140.589
3026 -140.266
3027 -139.947
3028 -139.61
3029 -139.467
3030 -139.415
3031 -139.645
3032 -140.031
3033 -140.397
3034 -140.748
3035 -141.074
3036 -141.224
3037 -141.199
3038 -141.154
3039 -141
3040 -140.766
3041 -140.626
3042 -140.595
3043 -140.603
3044 -140.768
3045 -140.96
3046 -141.106
3047 -141.187
3048 -141.296
3049 -141.338
3050 -141.175
3051 -140.857
3052 -140.666
3053 -140.703
3054 -140.995
3055 -141.189
3056 -141.544
3057 -141.96
3058 -142.149
3059 -142.351
3060 -142.537
3061 -142.734
3062 -142.866
3063 -142.902
3064 -142.951
3065 -143.028
3066 -143.144
3067 -143.341
3068 -143.66
3069 -144.047
3070 -144.478
3071 -144.971
3072 -145.314
3073 -145.613
3074 -145.894
3075 -146.175
3076 -146.427
3077 -146.812
3078 -147.328
3079 -147.952
3080 -148.636
3081 -149.43
3082 -150.236
3083 -150.913
3084 -151.485
3085 -152.073
3086 -152.537
3087 -153.033
3088 -153.258
3089 -153.485
3090 -153.74
3091 -154.002
3092 -154.301
3093 -154.604
3094 -154.955
3095 -155.445
3096 -155.893
3097 -156.203
3098 -156.483
3099 -156.635
3100 -156.726
3101 -156.702
3102 -156.693
3103 -156.604
3104 -156.448
3105 -156.274
3106 -156.1
3107 -156.034
3108 -155.872
3109 -155.554
3110 -155.38
3111 -155.204
3112 -154.937
3113 -154.66
3114 -154.323
3115 -154.011
3116 -153.726
3117 -153.494
3118 -153.333
3119 -153.125
3120 -152.843
3121 -152.499
3122 -152.046
3123 -151.545
3124 -151.101
3125 -150.652
3126 -150.302
3127 -149.947
3128 -149.615
3129 -149.285
3130 -148.922
3131 -148.583
3132 -148.27
3133 -147.967
3134 -147.608
3135 -147.373
3136 -147.196
3137 -147.047
3138 -146.924
3139 -146.816
3140 -146.661
3141 -146.507
3142 -146.334
3143 -146.16
3144 -145.956
3145 -145.807
3146 -145.65
3147 -145.534
3148 -145.38
3149 -145.296
3150 -145.2
3151 -145.165
3152 -145.117
3153 -145.068
3154 -145.019
3155 -144.972
3156 -144.901
3157 -144.845
3158 -144.795
3159 -144.684
3160 -144.6
3161 -144.521
3162 -144.485
3163 -144.476
3164 -144.472
3165 -144.458
3166 -144.416
3167 -144.346
3168 -144.263
3169 -144.163
3170 -144.093
3171 -144.042
3172 -144.019
3173 -144.01
3174 -144.017
3175 -144.011
3176 -143.986
3177 -143.97
3178 -143.939
3179 -143.899
3180 -143.873
3181 -143.854
3182 -143.85
3183 -143.84
3184 -143.835
3185 -143.83
3186 -143.819
3187 -143.8
3188 -143.794
3189 -143.79
3190 -143.76
3191 -143.751
3192 -143.74
3193 -143.75
3194 -143.753
3195 -143.754
3196 -143.758
3197 -143.73
3198 -143.734
3199 -143.726
3200 -143.71
3201 -143.707
3202 -143.7
3203 -143.716
3204 -143.709
3205 -143.7
3206 -143.693
3207 -143.681
3208 -143.674
3209 -143.685
3210 -143.672
3211 -143.68
3212 -143.676
3213 -143.67
3214 -143.643
3215 -143.638
3216 -143.63
3217 -143.63
3218 -143.61
3219 -143.61
3220 -143.61
3221 -143.601
3222 -143.598
3223 -143.594
3224 -143.593
3225 -143.6
3226 -143.6
3227 -143.606
3228 -143.61
3229 -143.627
3230 -143.606
3231 -143.607
3232 -143.59
3233 -143.6
3234 -143.6
3235 -143.608
3236 -143.611
3237 -143.616
3238 -143.61
3239 -143.61
3240 -143.605
3241 -143.62
3242 -143.62
3243 -143.65
3244 -143.65
3245 -143.65
3246 -143.641
3247 -143.63
3248 -143.635
3249 -143.64
3250 -143.641
3251 -143.67
3252 -143.67
3253 -143.688
3254 -143.678
3255 -143.661
3256 -143.657
3257 -143.67
3258 -143.653
3259 -143.66
3260 -143.669
3261 -143.661
3262 -143.674
3263 -143.666
3264 -143.66
3265 -143.667
3266 -143.66
3267 -143.652
3268 -143.67
3269 -143.67
3270 -143.67
3271 -143.68
3272 -143.662
3273 -143.665
3274 -143.66
3275 -143.66
3276 -143.667
3277 -143.667
3278 -143.66
3279 -143.662
3280 -143.67
3281 -143.686
3282 -143.68
3283 -143.683
3284 -143.69
3285 -143.699
3286 -143.692
3287 -143.7
3288 -143.707
3289 -143.711
3290 -143.727
3291 -143.726
3292 -143.73
3293 -143.72
3294 -143.711
3295 -143.707
3296 -143.72
3297 -143.726
3298 -143.751
3299 -143.76
3300 -143.769
3301 -143.76
3302 -143.753
3303 -143.74
3304 -143.757
3305 -143.755
3306 -143.752
3307 -143.76
3308 -143.76
3309 -143.753
3310 -143.769
3311 -143.768
3312 -143.765
3313 -143.762
3314 -143.769
3315 -143.763
3316 -143.764
3317 -143.76
3318 -143.778
3319 -143.77
3320 -143.762
3321 -143.77
3322 -143.763
3323 -143.77
3324 -143.788
3325 -143.782
3326 -143.781
3327 -143.777
3328 -143.78
3329 -143.773
3330 -143.769
3331 -143.786
3332 -143.791
3333 -143.796
3334 -143.79
3335 -143.81
3336 -143.807
3337 -143.805
3338 -143.81
3339 -143.811
3340 -143.816
3341 -143.817
3342 -143.81
3343 -143.81
3344 -143.82
3345 -143.822
3346 -143.81
3347 -143.81
3348 -143.816
3349 -143.829
3350 -143.83
3351 -143.835
3352 -143.84
3353 -143.85
3354 -143.847
3355 -143.834
3356 -143.83
3357 -143.85
3358 -143.85
3359 -143.85
3360 -143.84
3361 -143.847
3362 -143.834
3363 -143.847
3364 -143.85
3365 -143.85
3366 -143.85
3367 -143.85
3368 -143.857
3369 -143.85
3370 -143.842
3371 -143.86
3372 -143.856
3373 -143.857
3374 -143.86
3375 -143.878
3376 -143.865
3377 -143.852
3378 -143.85
3379 -143.85
3380 -143.85
3381 -143.878
3382 -143.89
3383 -143.895
3384 -143.892
3385 -143.889
3386 -143.883
3387 -143.89
3388 -143.89
3389 -143.9
3390 -143.905
3391 -143.925
3392 -143.91
3393 -143.91
3394 -143.892
3395 -143.897
3396 -143.893
3397 -143.914
3398 -143.92
3399 -143.92
