0 -152.061
1 -149.469
2 -149.751
3 -150.411
4 -149.001
5 -150.134
6 -151.723
7 -149.183
8 -150.995
9 -150.51
10 -150.567
11 -148.996
12 -149.568
13 -149.453
14 -149.885
15 -151.613
16 -151.194
17 -149.308
18 -149.247
19 -148.956
20 -150.162
21 -150.059
22 -151.426
23 -151.653
24 -149.881
25 -151.83
26 -151.023
27 -149.726
28 -150.964
29 -150.429
30 -150.971
31 -150.008
32 -152.512
33 -153.468
34 -152.838
35 -150.413
36 -151.337
37 -151.698
38 -152.23
39 -152.743
40 -154.015
41 -154.856
42 -154.391
43 -155.062
44 -155.823
45 -156.16
46 -155.489
47 -156.791
48 -156.947
49 -158.146
50 -160.873
51 -159.294
52 -159.441
53 -158.407
54 -162.554
55 -159.986
56 -163.257
57 -162.665
58 -163.696
59 -164.251
60 -162.761
61 -164.251
62 -165.042
63 -166.282
64 -163.252
65 -167.188
66 -168.807
67 -167.988
68 -168.245
69 -168.469
70 -168.922
71 -168.477
72 -169.277
73 -170.271
74 -170.12
75 -170.828
76 -171.108
77 -172.506
78 -171.129
79 -170.329
80 -172.021
81 -171.862
82 -170.15
83 -171.232
84 -170.88
85 -167.897
86 -168.258
87 -167.957
88 -168.755
89 -167.54
90 -167.81
91 -167.405
92 -167.286
93 -166.02
94 -165.135
95 -165.447
96 -164.872
97 -165.704
98 -163.357
99 -161.809
100 -164.412
101 -164.007
102 -162.775
103 -161.971
104 -162.132
105 -160.843
106 -160.866
107 -160.535
108 -161.294
109 -159.852
110 -160.084
111 -158.907
112 -159.335
113 -158.808
114 -158.57
115 -158.142
116 -159.36
117 -159.829
118 -159.538
119 -159.037
120 -159.056
121 -156.463
122 -157.897
123 -155.862
124 -157.044
125 -156.204
126 -156.879
127 -156.014
128 -159.942
129 -157.974
130 -158.719
131 -158.165
132 -156.129
133 -156.395
134 -157.296
135 -155.596
136 -156.249
137 -156.353
138 -155.341
139 -157.241
140 -158.25
141 -157.122
142 -157.09
143 -155.994
144 -155.986
145 -154.081
146 -156.276
147 -156.48
148 -154.479
149 -156.27
150 -156.248
151 -158.017
152 -158.353
153 -157.695
154 -157.206
155 -157.319
156 -155.569
157 -154.164
158 -155.543
159 -156.778
160 -155.38
161 -155.039
162 -156.186
163 -157.367
164 -155.778
165 -155.532
166 -155.267
167 -155.381
168 -154.603
169 -155.579
170 -154.265
171 -154.836
172 -154.593
173 -154.998
174 -153.887
175 -156.809
176 -157.168
177 -157.151
178 -157.236
179 -154.696
180 -157.17
181 -154.919
182 -155.316
183 -155.705
184 -156.961
185 -155.873
186 -156.02
187 -156.631
188 -156.903
189 -156.634
190 -155.786
191 -154.54
192 -155.664
193 -155.072
194 -154.312
195 -155.012
196 -156.001
197 -155.225
198 -157.212
199 -154.927
200 -157.1
201 -156.29
202 -155.017
203 -156.451
204 -153.414
205 -154.668
206 -154.714
207 -154.978
208 -154.927
209 -155.276
210 -154.843
211 -155.407
212 -154.664
213 -156.572
214 -155.156
215 -153.717
216 -154.113
217 -154.511
218 -154.512
219 -155.883
220 -154.556
221 -155.477
222 -154.335
223 -156.115
224 -154.69
225 -156.295
226 -155.24
227 -154.636
228 -155.227
229 -154.867
230 -154.768
231 -155.448
232 -156.262
233 -156.082
234 -155.498
235 -155.817
236 -155.559
237 -153.689
238 -155.532
239 -153.211
240 -153.862
241 -153.969
242 -155.279
243 -155.239
244 -155.729
245 -156.06
246 -155.229
247 -154.133
248 -155.185
249 -154.453
250 -155.187
251 -154.715
252 -153.621
253 -154.8
254 -155.525
255 -153.647
256 -155.159
257 -154.932
258 -155.11
259 -155.359
260 -155.797
261 -154.334
262 -154.195
263 -154.061
264 -154.712
265 -153.847
266 -154.64
267 -154.928
268 -155.896
269 -157.124
270 -155.345
271 -154.029
272 -155.773
273 -155.653
274 -155.355
275 -155.759
276 -155.224
277 -155.785
278 -156.817
279 -155.846
280 -156.23
281 -155.758
282 -155.893
283 -155.296
284 -156.287
285 -154.611
286 -154.649
287 -154.773
288 -153.954
289 -153.021
290 -154.671
291 -154.955
292 -155.747
293 -154.488
294 -155.418
295 -155.148
296 -155.435
297 -154.185
298 -154.577
299 -153.024
300 -152.618
301 -154.07
302 -154.209
303 -153.953
304 -154.403
305 -154.675
306 -156.26
307 -154.414
308 -153.625
309 -154.41
310 -154.532
311 -154.228
312 -155.149
313 -154.138
314 -154.463
315 -154.449
316 -156.101
317 -157.178
318 -156.552
319 -155.651
320 -155.163
321 -156.496
322 -155.274
323 -156.34
324 -156.138
325 -156.115
326 -156.33
327 -157.02
328 -158.261
329 -155.736
330 -154.855
331 -155.232
332 -154.724
333 -155.643
334 -154.208
335 -154.23
336 -155.097
337 -154.652
338 -155.118
339 -156.018
340 -156.568
341 -155.746
342 -155.292
343 -153.736
344 -154.234
345 -154.495
346 -154.043
347 -153.664
348 -155
349 -156.077
350 -155.368
351 -155.12
352 -156.106
353 -154.757
354 -154.753
355 -155.956
356 -153.479
357 -153.783
358 -153.742
359 -154.071
360 -156.053
361 -153.995
362 -156.272
363 -155.926
364 -156.76
365 -157.522
366 -153.559
367 -156.859
368 -155.864
369 -153.805
370 -156.043
371 -154.814
372 -155.378
373 -155.599
374 -157.774
375 -156.944
376 -156.117
377 -156.894
378 -154.869
379 -153.952
380 -153.684
381 -155.054
382 -153.314
383 -153.854
384 -155.393
385 -156.179
386 -156.881
387 -156.451
388 -154.943
389 -155.909
390 -155.204
391 -152.028
392 -153.607
393 -153.458
394 -153.365
395 -153.922
396 -154.915
397 -155.575
398 -154.805
399 -155.001
400 -155.626
401 -154.769
402 -154.736
403 -153.808
404 -153.268
405 -155.009
406 -154.396
407 -154.953
408 -154.248
409 -154.714
410 -156.079
411 -155.968
412 -156.515
413 -156.019
414 -155.357
415 -155.533
416 -155.666
417 -153.938
418 -156.549
419 -157.07
420 -155.625
421 -155.018
422 -155.696
423 -156.227
424 -155.184
425 -155.306
426 -155.641
427 -153.007
428 -153.878
429 -153.241
430 -154.662
431 -154.923
432 -153.106
433 -153.509
434 -155.429
435 -154.648
436 -152.125
437 -153.993
438 -153.044
439 -153.853
440 -152.788
441 -156.11
442 -155.663
443 -154.437
444 -154.418
445 -154.655
446 -154.702
447 -154.09
448 -152.467
449 -153.959
450 -153.987
451 -153.854
452 -153.744
453 -153.488
454 -154.234
455 -154.827
456 -155.116
457 -155.674
458 -155.878
459 -154.898
460 -154.622
461 -155.663
462 -155.206
463 -154.759
464 -153.989
465 -153.966
466 -155.768
467 -155.185
468 -154.842
469 -155.275
470 -154.201
471 -154.469
472 -156.405
473 -153.255
474 -153.928
475 -154.547
476 -152.335
477 -154.159
478 -154.634
479 -155.969
480 -155.039
481 -154.129
482 -154.398
483 -155.747
484 -153.943
485 -153.931
486 -154.453
487 -154.004
488 -153.42
489 -154.007
490 -152.759
491 -154.369
492 -154.393
493 -154.267
494 -153.827
495 -153.718
496 -154.16
497 -154.077
498 -152.887
499 -153.473
500 -154.122
501 -155.005
502 -154.499
503 -155.293
504 -155.863
505 -155.94
506 -154.529
507 -154.678
508 -153.037
509 -154.058
510 -154.748
511 -155.073
512 -154.484
513 -153.91
514 -154.487
515 -154.667
516 -152.074
517 -153.15
518 -152.494
519 -151.882
520 -151.015
521 -149.455
522 -148.945
523 -149.2
524 -150.07
525 -147.888
526 -148.083
527 -149.771
528 -148.311
529 -147.859
530 -145.198
531 -146.696
532 -144.655
533 -142.727
534 -143.946
535 -142.993
536 -143.459
537 -140.767
538 -142.633
539 -143.145
540 -143.057
541 -139.733
542 -140.39
543 -141.077
544 -140.688
545 -138.964
546 -139.917
547 -138.521
548 -138.254
549 -137.756
550 -139.066
551 -137.48
552 -138.605
553 -136.755
554 -136.91
555 -137.235
556 -137.418
557 -136.649
558 -138.567
559 -138.079
560 -138.068
561 -137.289
562 -137.011
563 -136.307
564 -137.475
565 -136.64
566 -136.365
567 -136.699
568 -136.445
569 -136.092
570 -135.136
571 -133.601
572 -136.009
573 -135.846
574 -134.166
575 -133.094
576 -132.095
577 -132.936
578 -132.403
579 -132.138
580 -131.12
581 -130.892
582 -129.657
583 -130.922
584 -130.181
585 -129.329
586 -129.908
587 -130.825
588 -131.389
589 -129.271
590 -130.672
591 -129.651
592 -129.878
593 -129.621
594 -128.691
595 -130.024
596 -128.949
597 -129.963
598 -130.076
599 -130.115
600 -130.024
601 -130.743
602 -131.694
603 -131.157
604 -129.788
605 -133.26
606 -132.127
607 -131.326
608 -132.308
609 -133.738
610 -136.555
611 -134.689
612 -135.915
613 -136.065
614 -136.464
615 -139.605
616 -138.884
617 -137.419
618 -138.806
619 -139.379
620 -139.421
621 -141.191
622 -140.341
623 -140.557
624 -141.586
625 -141.339
626 -142.09
627 -141.357
628 -142.221
629 -141.065
630 -141.25
631 -143.286
632 -142.34
633 -142.572
634 -142.69
635 -143.623
636 -144.104
637 -143.824
638 -146.23
639 -143.187
640 -144.472
641 -145.631
642 -145.217
643 -145.816
644 -145.455
645 -144.949
646 -144.152
647 -145.219
648 -144.365
649 -144.338
650 -143.603
651 -144.483
652 -142.846
653 -144.546
654 -143.017
655 -144.497
656 -144.701
657 -144.816
658 -142.429
659 -142.239
660 -142.077
661 -145.392
662 -144.647
663 -145.14
664 -145.672
665 -146.403
666 -146.088
667 -145.728
668 -143.781
669 -144.795
670 -143.622
671 -144.789
672 -144.582
673 -144.502
674 -145.29
675 -144.064
676 -145.628
677 -144.622
678 -145.896
679 -145.497
680 -146.014
681 -142.71
682 -145.906
683 -144.308
684 -145.502
685 -145.343
686 -146.026
687 -144.98
688 -145.155
689 -146.325
690 -146.565
691 -146.847
692 -147.682
693 -145.424
694 -145.719
695 -145.351
696 -144.504
697 -146.063
698 -144.955
699 -144.201
700 -143.882
701 -144.32
702 -145.113
703 -144.78
704 -144.078
705 -143.378
706 -142.963
707 -142.932
708 -144.531
709 -143.904
710 -143.508
711 -142.821
712 -145.312
713 -146.237
714 -145.177
715 -145.902
716 -145.557
717 -146.367
718 -145.561
719 -146.55
720 -145.071
721 -144.696
722 -146.667
723 -146.532
724 -146.157
725 -145.291
726 -146.742
727 -146.091
728 -145.798
729 -145.994
730 -145.697
731 -145.74
732 -145.144
733 -147.197
734 -147.422
735 -147.509
736 -145.941
737 -146.798
738 -146.748
739 -145.236
740 -144.299
741 -145.314
742 -145.655
743 -145.153
744 -144.97
745 -146.749
746 -145.498
747 -145.393
748 -145.008
749 -144.739
750 -145.652
751 -145.802
752 -143.588
753 -143.714
754 -144.835
755 -144.407
756 -143.52
757 -144.708
758 -145.381
759 -145.667
760 -145.953
761 -145.764
762 -145.704
763 -147.273
764 -145.589
765 -145.583
766 -145.443
767 -146.181
768 -146.952
769 -146.55
770 -146.177
771 -145.272
772 -146.799
773 -147.352
774 -146.617
775 -145.89
776 -145.865
777 -144.953
778 -146.207
779 -146.827
780 -147.39
781 -147.9
782 -147.774
783 -147.835
784 -146.892
785 -147.266
786 -147.416
787 -148.045
788 -148.247
789 -145.002
790 -143.342
791 -146.562
792 -144.738
793 -146.978
794 -145.745
795 -144.594
796 -146.724
797 -145.395
798 -145.787
799 -145.052
800 -145.234
801 -144.97
802 -144.862
803 -146.889
804 -146.75
805 -145.846
806 -147.945
807 -146.131
808 -146.588
809 -145.487
810 -147.046
811 -145.862
812 -146.592
813 -144.343
814 -144.625
815 -146.413
816 -146.858
817 -146.943
818 -146.894
819 -146.853
820 -146.924
821 -146.588
822 -145.532
823 -146.749
824 -147.086
825 -146.245
826 -147.347
827 -146.593
828 -147.34
829 -146.869
830 -147.252
831 -146.655
832 -147.68
833 -148.178
834 -147.79
835 -146.349
836 -147.184
837 -145.364
838 -144.67
839 -146.542
840 -145.784
841 -144.927
842 -146.184
843 -146.198
844 -145.271
845 -146.475
846 -144.937
847 -143.813
848 -145.27
849 -145.706
850 -147.098
851 -145.743
852 -145.949
853 -146.707
854 -147.414
855 -147.068
856 -146.656
857 -147.823
858 -147.728
859 -146.741
860 -146.659
861 -146.343
862 -146.511
863 -145.445
864 -147.991
865 -147.349
866 -145.188
867 -147.659
868 -147.352
869 -146.047
870 -145.234
871 -146.371
872 -145.875
873 -146.293
874 -148.627
875 -147.932
876 -148.766
877 -145.277
878 -147.136
879 -147.583
880 -147.817
881 -146.847
882 -147.14
883 -146.909
884 -146.912
885 -145.933
886 -146.357
887 -147.82
888 -146.443
889 -146.218
890 -146.765
891 -144.883
892 -145.671
893 -145.939
894 -145.273
895 -146.909
896 -145.82
897 -146.844
898 -146.356
899 -146.052
900 -146.951
901 -147.319
902 -146.935
903 -147.457
904 -147.533
905 -147.432
906 -144.217
907 -147.397
908 -146.248
909 -146.877
910 -147.923
911 -148.075
912 -147.78
913 -148.596
914 -146.467
915 -147.081
916 -145.081
917 -146.644
918 -146.77
919 -147.313
920 -148.418
921 -147.711
922 -146.81
923 -145.847
924 -147.908
925 -146.035
926 -146.846
927 -147.443
928 -148.415
929 -148.098
930 -146.244
931 -144.896
932 -145.419
933 -145.183
934 -148.192
935 -146.837
936 -146.515
937 -146.599
938 -146.794
939 -145.098
940 -145.321
941 -144.82
942 -145.887
943 -145.81
944 -147.268
945 -146.721
946 -146.889
947 -146.484
948 -146.474
949 -147.015
950 -145.366
951 -147.072
952 -146.54
953 -148.053
954 -148.131
955 -146.475
956 -145.612
957 -146.11
958 -146.15
959 -145.56
960 -147.711
961 -148.731
962 -146.908
963 -145.321
964 -146.675
965 -146.663
966 -145.949
967 -147.862
968 -148.294
969 -146.49
970 -146.19
971 -147.047
972 -147.057
973 -147.08
974 -147.83
975 -146.363
976 -148.218
977 -148.671
978 -145.146
979 -146.235
980 -146.445
981 -146.686
982 -146.03
983 -147.154
984 -145.654
985 -146.676
986 -146.598
987 -145.514
988 -145.764
989 -146.849
990 -146.258
991 -146.662
992 -147.268
993 -145.989
994 -147.877
995 -148.192
996 -147.322
997 -147.653
998 -146.747
999 -146.729
1000 -146.693
1001 -145.775
1002 -146.197
1003 -146.384
1004 -146.397
1005 -147.652
1006 -147.06
1007 -147.143
1008 -146.839
1009 -147.13
1010 -147.566
1011 -147.219
1012 -146.456
1013 -147.95
1014 -148.618
1015 -147.936
1016 -148.398
1017 -148.834
1018 -149.47
1019 -148.011
1020 -148.617
1021 -148.581
1022 -149.712
1023 -147.965
1024 -149.614
1025 -148.83
1026 -148.816
1027 -148.735
1028 -150.09
1029 -151.025
1030 -149.443
1031 -151.527
1032 -150.282
1033 -151.607
1034 -151.596
1035 -151.262
1036 -152.272
1037 -152.05
1038 -153.346
1039 -154.498
1040 -155.385
1041 -155.833
1042 -156.186
1043 -156.077
1044 -156.784
1045 -157.753
1046 -158.382
1047 -157.694
1048 -159.711
1049 -159.211
1050 -160.793
1051 -162.119
1052 -159.62
1053 -159.005
1054 -161.172
1055 -162.644
1056 -162.44
1057 -162.515
1058 -163.554
1059 -162.07
1060 -162.352
1061 -163.944
1062 -165.739
1063 -163.368
1064 -163.622
1065 -164.919
1066 -163.351
1067 -163.674
1068 -165.265
1069 -164.383
1070 -165.953
1071 -165.633
1072 -164.683
1073 -164.517
1074 -166.302
1075 -165.91
1076 -165.062
1077 -166.356
1078 -167.688
1079 -167.87
1080 -166.359
1081 -166.956
1082 -168.462
1083 -168.289
1084 -169.315
1085 -168.909
1086 -169.076
1087 -168.383
1088 -170.82
1089 -171.979
1090 -171.864
1091 -172.141
1092 -172.955
1093 -170.906
1094 -170.996
1095 -170.125
1096 -172.373
1097 -172.596
1098 -172.448
1099 -173.431
1100 -174.354
1101 -172.606
1102 -173.913
1103 -172.016
1104 -171.969
1105 -171.973
1106 -170.244
1107 -171.789
1108 -171.442
1109 -172.212
1110 -171.62
1111 -171.965
1112 -168.677
1113 -169.27
1114 -169.166
1115 -167.311
1116 -167.89
1117 -167.848
1118 -166.721
1119 -164.925
1120 -164.995
1121 -165.027
1122 -163.654
1123 -163.31
1124 -163.497
1125 -162.539
1126 -162.056
1127 -161.916
1128 -161.253
1129 -160.614
1130 -159.471
1131 -160.056
1132 -160.273
1133 -160.074
1134 -158.901
1135 -159.446
1136 -158.999
1137 -159.921
1138 -158.75
1139 -158.859
1140 -158.962
1141 -156.884
1142 -157.814
1143 -156.482
1144 -156.015
1145 -156.679
1146 -158.267
1147 -157.95
1148 -156.712
1149 -157.261
1150 -157.905
1151 -158.838
1152 -156.941
1153 -157.011
1154 -158.529
1155 -158.25
1156 -156.793
1157 -156.694
1158 -156.792
1159 -155.976
1160 -156.653
1161 -156.161
1162 -157.827
1163 -156.614
1164 -156.391
1165 -154.726
1166 -155.89
1167 -153.912
1168 -155.629
1169 -154.949
1170 -156.459
1171 -155.327
1172 -154.453
1173 -155.714
1174 -156.058
1175 -154.796
1176 -153.152
1177 -154.25
1178 -154.426
1179 -155.111
1180 -154.716
1181 -154.631
1182 -155.603
1183 -154.994
1184 -154.33
1185 -155.468
1186 -156.36
1187 -154.262
1188 -155.365
1189 -154.85
1190 -155.548
1191 -154.469
1192 -154.064
1193 -155.076
1194 -154.476
1195 -155.408
1196 -155.272
1197 -157.29
1198 -155.132
1199 -155.466
1200 -155.775
1201 -155.861
1202 -156.052
1203 -154.595
1204 -154.75
1205 -155.758
1206 -155.882
1207 -155.937
1208 -155.336
1209 -157.004
1210 -155.967
1211 -154.848
1212 -155.041
1213 -154.392
1214 -153.846
1215 -153.862
1216 -152.939
1217 -153.636
1218 -157.215
1219 -155.484
1220 -155.318
1221 -153.511
1222 -153.314
1223 -152.878
1224 -153.196
1225 -151.93
1226 -154.633
1227 -157.184
1228 -153.898
1229 -155.896
1230 -156.115
1231 -155.216
1232 -155.912
1233 -153.85
1234 -154.346
1235 -154.461
1236 -152.262
1237 -154.62
1238 -154.338
1239 -153.678
1240 -153.697
1241 -155.006
1242 -156.085
1243 -157.034
1244 -155.146
1245 -156.157
1246 -155.733
1247 -154.234
1248 -155.295
1249 -154.527
1250 -155.735
1251 -153.609
1252 -154.704
1253 -154.225
1254 -155.161
1255 -155.513
1256 -154.75
1257 -154.294
1258 -153.56
1259 -153.58
1260 -153.745
1261 -155.205
1262 -152.301
1263 -153.048
1264 -154.752
1265 -154.165
1266 -154.818
1267 -155.341
1268 -153.592
1269 -152.784
1270 -154.025
1271 -152.079
1272 -153.986
1273 -154.12
1274 -153.432
1275 -155.026
1276 -154.336
1277 -155.778
1278 -153.954
1279 -155.014
1280 -154.429
1281 -154.694
1282 -153.428
1283 -153.795
1284 -154.077
1285 -153.083
1286 -152.891
1287 -155.19
1288 -154.328
1289 -153.508
1290 -154.348
1291 -155.274
1292 -154.329
1293 -155.192
1294 -153.328
1295 -154.11
1296 -153.804
1297 -156.906
1298 -155.333
1299 -155.599
1300 -154.476
1301 -154.595
1302 -155.693
1303 -156.893
1304 -154.46
1305 -154.409
1306 -154.092
1307 -153.321
1308 -154.292
1309 -153.78
1310 -153.166
1311 -156.39
1312 -154.433
1313 -154.835
1314 -154.917
1315 -155.94
1316 -153.602
1317 -154.68
1318 -152.729
1319 -152.345
1320 -152.352
1321 -151.994
1322 -153.429
1323 -154.253
1324 -153.452
1325 -154.261
1326 -154.459
1327 -154.726
1328 -154.565
1329 -153.789
1330 -152.738
1331 -152.802
1332 -151.766
1333 -153.041
1334 -153.593
1335 -154.839
1336 -154.282
1337 -153.848
1338 -153.669
1339 -153.279
1340 -154.437
1341 -155.004
1342 -153.229
1343 -153.817
1344 -154.064
1345 -154.047
1346 -152.177
1347 -155.19
1348 -154.14
1349 -154.919
1350 -156.683
1351 -154.553
1352 -155.516
1353 -154.647
1354 -154.597
1355 -153.232
1356 -153.614
1357 -153.726
1358 -153.069
1359 -154.304
1360 -155.163
1361 -154.024
1362 -155.353
1363 -156.34
1364 -154.453
1365 -155.075
1366 -151.419
1367 -151.463
1368 -154.102
1369 -153.708
1370 -153.629
1371 -154.709
1372 -155.652
1373 -154.223
1374 -152.881
1375 -153.222
1376 -154.089
1377 -153.614
1378 -152.943
1379 -152.201
1380 -152.866
1381 -153.655
1382 -153.106
1383 -154.182
1384 -154.073
1385 -156.041
1386 -155.165
1387 -153.713
1388 -154.112
1389 -154.163
1390 -154.16
1391 -153.334
1392 -154.062
1393 -154.45
1394 -154.873
1395 -155.362
1396 -155.242
1397 -156.038
1398 -154.217
1399 -153.839
1400 -154.208
1401 -153.85
1402 -152.41
1403 -154.012
1404 -152.707
1405 -153.128
1406 -154.184
1407 -154.958
1408 -153.97
1409 -154.228
1410 -153.568
1411 -152.116
1412 -151.432
1413 -152.075
1414 -150.745
1415 -153.528
1416 -153.887
1417 -154.248
1418 -154.678
1419 -154.15
1420 -155.763
1421 -153.17
1422 -153.568
1423 -153.469
1424 -152.631
1425 -151.78
1426 -152.146
1427 -152.802
1428 -153.447
1429 -153.846
1430 -154.098
1431 -153.976
1432 -153.62
1433 -155.353
1434 -154.752
1435 -154.492
1436 -153.912
1437 -153.055
1438 -155.826
1439 -155.57
1440 -155.1
1441 -154.967
1442 -155.453
1443 -154.397
1444 -153.658
1445 -152.198
1446 -153.908
1447 -152.73
1448 -151.526
1449 -153.353
1450 -152.554
1451 -154.357
1452 -154.303
1453 -155.714
1454 -153.293
1455 -154.563
1456 -153.143
1457 -154.421
1458 -153.241
1459 -152.403
1460 -153.539
1461 -153.307
1462 -152.145
1463 -151.82
1464 -153.433
1465 -152.547
1466 -152.578
1467 -153.458
1468 -153.508
1469 -152.291
1470 -152.187
1471 -152.201
1472 -151.969
1473 -152.544
1474 -152.607
1475 -154.033
1476 -152.423
1477 -154.679
1478 -154.703
1479 -153.589
1480 -154.966
1481 -154.152
1482 -153.504
1483 -154.267
1484 -154.842
1485 -152.326
1486 -155.225
1487 -155.228
1488 -153.621
1489 -153.946
1490 -154.268
1491 -155.668
1492 -153.681
1493 -155.219
1494 -153.203
1495 -151.795
1496 -152.709
1497 -152.04
1498 -152.861
1499 -153.762
1500 -152.249
1501 -153.718
1502 -152.619
1503 -152.706
1504 -152.72
1505 -153.145
1506 -151.894
1507 -152.117
1508 -153.203
1509 -152.254
1510 -153.587
1511 -154.016
1512 -154.157
1513 -154.959
1514 -152.221
1515 -152.563
1516 -153.044
1517 -152.884
1518 -152.357
1519 -152.906
1520 -151.942
1521 -152.947
1522 -153.435
1523 -154.592
1524 -154.057
1525 -154.366
1526 -153.271
1527 -153.125
1528 -153.825
1529 -153.183
1530 -155.246
1531 -151.357
1532 -153.266
1533 -152.283
1534 -151.093
1535 -151.307
1536 -152.286
1537 -151.422
1538 -150.719
1539 -150.963
1540 -151.18
1541 -148.486
1542 -149.993
1543 -149.059
1544 -148.904
1545 -149.874
1546 -147.664
1547 -147.513
1548 -147.184
1549 -147.477
1550 -146.664
1551 -145.143
1552 -144.559
1553 -143.494
1554 -143.583
1555 -142.026
1556 -140.034
1557 -140.807
1558 -141.304
1559 -141.065
1560 -140.807
1561 -141.563
1562 -140.893
1563 -139.229
1564 -139.842
1565 -138.633
1566 -138.776
1567 -137.702
1568 -137.935
1569 -137.277
1570 -138.584
1571 -138.864
1572 -137.118
1573 -137.287
1574 -136.714
1575 -137.096
1576 -137.404
1577 -136.364
1578 -136.439
1579 -136.218
1580 -136.622
1581 -137.1
1582 -136.626
1583 -136.527
1584 -136.653
1585 -134.906
1586 -135.962
1587 -135.024
1588 -136.001
1589 -134.848
1590 -134.835
1591 -134.854
1592 -134.171
1593 -134.24
1594 -134.374
1595 -133.471
1596 -131.752
1597 -131.435
1598 -132.774
1599 -131.853
1600 -129.448
1601 -129.611
1602 -129.005
1603 -128.722
1604 -129.566
1605 -129.161
1606 -129.465
1607 -129.929
1608 -130.675
1609 -130.887
1610 -129.791
1611 -129.867
1612 -129.384
1613 -128.827
1614 -127.972
1615 -129.199
1616 -129.692
1617 -127.341
1618 -128.886
1619 -129.496
1620 -129.837
1621 -130.388
1622 -130.051
1623 -130.252
1624 -130.58
1625 -131.649
1626 -131.046
1627 -131.904
1628 -132.019
1629 -133.162
1630 -132.043
1631 -134.686
1632 -134.901
1633 -135.396
1634 -136.819
1635 -137.525
1636 -138.199
1637 -138.149
1638 -138.581
1639 -139.612
1640 -138.57
1641 -139.579
1642 -140.714
1643 -141.327
1644 -140.887
1645 -141.216
1646 -141.119
1647 -141.235
1648 -142.598
1649 -143.428
1650 -142.086
1651 -142.983
1652 -143.249
1653 -141.852
1654 -140.965
1655 -141.79
1656 -143.708
1657 -142.112
1658 -143.496
1659 -143.208
1660 -144.525
1661 -143.534
1662 -143.462
1663 -145.015
1664 -145.322
1665 -145.695
1666 -146.196
1667 -144.58
1668 -145.407
1669 -145.081
1670 -144.011
1671 -146.171
1672 -144.389
1673 -144.281
1674 -146.335
1675 -144.05
1676 -141.769
1677 -143.59
1678 -144.298
1679 -143.643
1680 -144.537
1681 -143.862
1682 -143.817
1683 -143.569
1684 -143.14
1685 -145.654
1686 -146.181
1687 -145.512
1688 -145.357
1689 -145.918
1690 -144.752
1691 -145.224
1692 -144.737
1693 -143.403
1694 -144.165
1695 -144.158
1696 -144.82
1697 -145.777
1698 -145.906
1699 -146.927
1700 -146.606
1701 -144.831
1702 -145.504
1703 -144.752
1704 -145.497
1705 -144.891
1706 -145.728
1707 -145.446
1708 -146.003
1709 -147.073
1710 -145.685
1711 -147.491
1712 -146.511
1713 -146.81
1714 -146.592
1715 -144.81
1716 -144.383
1717 -145.909
1718 -146.184
1719 -144.258
1720 -143.814
1721 -144.61
1722 -145.614
1723 -145.514
1724 -144.012
1725 -144.96
1726 -144.696
1727 -144.772
1728 -144.357
1729 -144.507
1730 -143.249
1731 -144.466
1732 -145.838
1733 -144.834
1734 -145.036
1735 -144.97
1736 -146.279
1737 -144.346
1738 -147.255
1739 -145.435
1740 -145.496
1741 -145.238
1742 -145.623
1743 -147.791
1744 -145.314
1745 -145.944
1746 -145.512
1747 -145.979
1748 -147.131
1749 -146.273
1750 -146.001
1751 -145.224
1752 -145.424
1753 -144.784
1754 -146.576
1755 -145.69
1756 -147.49
1757 -146.81
1758 -146.562
1759 -146.922
1760 -147.418
1761 -147.149
1762 -144.271
1763 -145.062
1764 -145.656
1765 -146.305
1766 -144.336
1767 -144.957
1768 -145.517
1769 -144.982
1770 -145.223
1771 -143.697
1772 -144.362
1773 -143.365
1774 -144.699
1775 -144.976
1776 -144.756
1777 -145.773
1778 -145.836
1779 -147.01
1780 -144.469
1781 -146.3
1782 -145.798
1783 -146.467
1784 -145.436
1785 -144.86
1786 -144.968
1787 -145.171
1788 -146.085
1789 -146.027
1790 -147.871
1791 -147.298
1792 -147.242
1793 -147.64
1794 -145.91
1795 -146.438
1796 -144.745
1797 -146.874
1798 -144.587
1799 -145.35
1800 -145.894
1801 -145.752
1802 -146.222
1803 -146.886
1804 -146.773
1805 -146.535
1806 -147.037
1807 -146.152
1808 -147.368
1809 -145.874
1810 -146.23
1811 -146.277
1812 -146.12
1813 -145.858
1814 -145.861
1815 -145.162
1816 -145.959
1817 -144.812
1818 -146.319
1819 -143.299
1820 -144.797
1821 -142.957
1822 -144.523
1823 -144.271
1824 -145.74
1825 -147.103
1826 -144.844
1827 -145.703
1828 -146.369
1829 -147.627
1830 -146.181
1831 -145.45
1832 -145.824
1833 -144.873
1834 -146.322
1835 -144.208
1836 -145.892
1837 -146.334
1838 -145.899
1839 -146.033
1840 -147.015
1841 -146.309
1842 -146.593
1843 -145.247
1844 -145.595
1845 -145.329
1846 -145.572
1847 -147.405
1848 -145.976
1849 -146.608
1850 -147.856
1851 -145.805
1852 -147.295
1853 -147.065
1854 -147.395
1855 -144.563
1856 -145.676
1857 -147.655
1858 -146.319
1859 -145.392
1860 -144.943
1861 -145.818
1862 -145.496
1863 -144.945
1864 -145.808
1865 -146.947
1866 -145.267
1867 -143.772
1868 -145.527
1869 -143.842
1870 -144.937
1871 -146.626
1872 -146.03
1873 -146.933
1874 -146.588
1875 -148.004
1876 -146.456
1877 -145.518
1878 -145.632
1879 -145.627
1880 -146.913
1881 -146.219
1882 -145.879
1883 -147.012
1884 -145.755
1885 -146.618
1886 -145.19
1887 -147.37
1888 -145.013
1889 -145.248
1890 -145.085
1891 -146.035
1892 -145.504
1893 -147.493
1894 -146.992
1895 -144.934
1896 -147.979
1897 -146.961
1898 -148.057
1899 -147.612
1900 -150.072
1901 -146.653
1902 -146.638
1903 -147.2
1904 -145.55
1905 -147.197
1906 -146.522
1907 -145.435
1908 -145.228
1909 -145.951
1910 -145.55
1911 -145.905
1912 -144.922
1913 -143.809
1914 -144.294
1915 -145.735
1916 -146.748
1917 -145.811
1918 -146.119
1919 -146.56
1920 -145.045
1921 -146.15
1922 -146.821
1923 -146.488
1924 -147.613
1925 -146.481
1926 -145.4
1927 -146.608
1928 -147.189
1929 -146.109
1930 -146.584
1931 -145.23
1932 -146.614
1933 -145.83
1934 -145.796
1935 -145.878
1936 -145.586
1937 -146.182
1938 -147.259
1939 -146.539
1940 -146.536
1941 -146.271
1942 -147.141
1943 -147.081
1944 -146.98
1945 -147.027
1946 -146.721
1947 -147.817
1948 -146.167
1949 -145.844
1950 -146.702
1951 -145.635
1952 -146.612
1953 -145.494
1954 -147.599
1955 -146.851
1956 -146.219
1957 -143.83
1958 -145.941
1959 -145.797
1960 -145.423
1961 -143.535
1962 -145.043
1963 -145.868
1964 -144.867
1965 -145.949
1966 -145.811
1967 -147.455
1968 -146.14
1969 -146.638
1970 -148.095
1971 -146.07
1972 -145.914
1973 -146.857
1974 -146.516
1975 -147.601
1976 -145.95
1977 -147.536
1978 -145.912
1979 -148.036
1980 -146.228
1981 -147.707
1982 -146.365
1983 -146.713
1984 -145.439
1985 -144.82
1986 -146.335
1987 -146.078
1988 -145.729
1989 -146.848
1990 -147.139
1991 -148.011
1992 -150.157
1993 -146.828
1994 -145.639
1995 -147.342
1996 -148.479
1997 -147.12
1998 -146.541
1999 -146.059
2000 -146.733
2001 -146.038
2002 -147.073
2003 -145.292
2004 -145.759
2005 -146.633
2006 -146.272
2007 -144.981
2008 -145.959
2009 -145.05
2010 -146.456
2011 -146.787
2012 -146.132
2013 -146.627
2014 -146.473
2015 -146.096
2016 -146.998
2017 -147.066
2018 -146.195
2019 -146.433
2020 -146.768
2021 -146.673
2022 -147.165
2023 -147.261
2024 -145.717
2025 -146.542
2026 -147.448
2027 -147.853
2028 -147.39
2029 -147.316
2030 -146.894
2031 -147.512
2032 -147.674
2033 -148.025
2034 -147.304
2035 -146.066
2036 -148.544
2037 -148.036
2038 -146.512
2039 -147.521
2040 -148.936
2041 -147.335
2042 -148.417
2043 -147.951
2044 -148.616
2045 -148.341
2046 -148.418
2047 -149.759
2048 -150.761
2049 -150.997
2050 -152.419
2051 -151.206
2052 -151.621
2053 -152.568
2054 -151.383
2055 -151.311
2056 -150.604
2057 -151.675
2058 -153.59
2059 -155.188
2060 -155.206
2061 -156.154
2062 -155.529
2063 -156.87
2064 -157.251
2065 -158.113
2066 -156.833
2067 -158.734
2068 -159.442
2069 -159.718
2070 -159.589
2071 -159.679
2072 -160.586
2073 -160.846
2074 -161.003
2075 -161.187
2076 -161.549
2077 -161.587
2078 -161.787
2079 -162.355
2080 -163.18
2081 -163.461
2082 -163.255
2083 -163.235
2084 -162.566
2085 -163.565
2086 -164.195
2087 -164.758
2088 -164.755
2089 -163.582
2090 -165.742
2091 -165.675
2092 -164.927
2093 -165.84
2094 -166.024
2095 -166.012
2096 -165.923
2097 -166.713
2098 -168.182
2099 -167.736
2100 -166.56
2101 -166.13
2102 -167.51
2103 -167.008
2104 -168.225
2105 -168.721
2106 -168.323
2107 -168.754
2108 -169.856
2109 -170.013
2110 -171.321
2111 -171.213
2112 -171.608
2113 -172.813
2114 -172.235
2115 -172.264
2116 -170.86
2117 -171.641
2118 -170.977
2119 -171.964
2120 -171.915
2121 -173.005
2122 -172.241
2123 -171.466
2124 -171.838
2125 -172.594
2126 -171.424
2127 -172.184
2128 -171.129
2129 -170.56
2130 -170.466
2131 -171.471
2132 -169.547
2133 -168.974
2134 -168.448
2135 -170.072
2136 -167.764
2137 -168.296
2138 -167.343
2139 -165.315
2140 -165.691
2141 -164.05
2142 -165.625
2143 -163.036
2144 -162.633
2145 -163.183
2146 -161.712
2147 -160.258
2148 -160.117
2149 -161.142
2150 -160.174
2151 -160.269
2152 -158.709
2153 -160.159
2154 -158.768
2155 -160.183
2156 -159.13
2157 -159.223
2158 -160.051
2159 -156.38
2160 -159.288
2161 -157.683
2162 -157.316
2163 -157.082
2164 -156.67
2165 -157.957
2166 -155.882
2167 -156.586
2168 -156.319
2169 -156.348
2170 -157.676
2171 -158.69
2172 -158.428
2173 -157.246
2174 -158.657
2175 -156.57
2176 -156.667
2177 -156.385
2178 -157.17
2179 -156.873
2180 -155.619
2181 -156.739
2182 -156.569
2183 -156.804
2184 -156.264
2185 -154.863
2186 -155.775
2187 -154.512
2188 -154.414
2189 -155.065
2190 -156.365
2191 -154.886
2192 -156.594
2193 -154.578
2194 -156.243
2195 -156.547
2196 -155.237
2197 -155.308
2198 -155.827
2199 -154.547
2200 -154.77
2201 -153.967
2202 -154.383
2203 -155.182
2204 -154.58
2205 -154.417
2206 -153.484
2207 -153.714
2208 -155.379
2209 -154.768
2210 -153.277
2211 -153.883
2212 -155.122
2213 -155.046
2214 -154.146
2215 -154.336
2216 -155.79
2217 -154.67
2218 -155.644
2219 -156.484
2220 -155.207
2221 -155.272
2222 -154.89
2223 -154.434
2224 -154.853
2225 -153.985
2226 -152.767
2227 -153.719
2228 -154.888
2229 -154.78
2230 -154.965
2231 -157.104
2232 -154.899
2233 -155.154
2234 -152.835
2235 -154.585
2236 -155.644
2237 -154.8
2238 -154.026
2239 -155.739
2240 -154.233
2241 -155.117
2242 -155.397
2243 -155.156
2244 -154.617
2245 -153.27
2246 -153.725
2247 -152.589
2248 -151.893
2249 -152.447
2250 -154.735
2251 -153.742
2252 -156.404
2253 -155.578
2254 -155.38
2255 -153.899
2256 -152.658
2257 -153.209
2258 -152.842
2259 -154.457
2260 -151.967
2261 -153.107
2262 -154.223
2263 -155.5
2264 -155.706
2265 -155.6
2266 -154.48
2267 -153.325
2268 -155.257
2269 -155.401
2270 -154.663
2271 -154.355
2272 -155.433
2273 -153.688
2274 -154.682
2275 -155.384
2276 -155.552
2277 -153.416
2278 -154.676
2279 -154.437
2280 -155.034
2281 -153.271
2282 -152.321
2283 -153.559
2284 -153.094
2285 -152.971
2286 -153.977
2287 -153.773
2288 -154.707
2289 -154.997
2290 -154.699
2291 -153.613
2292 -153.599
2293 -154.505
2294 -152.792
2295 -154.009
2296 -152.935
2297 -153.787
2298 -154.513
2299 -155.088
2300 -153.096
2301 -156.21
2302 -152.773
2303 -153.629
2304 -154.591
2305 -153.162
2306 -153.042
2307 -153.81
2308 -153.699
2309 -154.691
2310 -156.633
2311 -154.419
2312 -154.944
2313 -153.807
2314 -155.328
2315 -154.194
2316 -155.336
2317 -153.316
2318 -153.468
2319 -153.688
2320 -153.855
2321 -154.792
2322 -156.047
2323 -155.239
2324 -155.833
2325 -154.436
2326 -155.944
2327 -154.595
2328 -154.157
2329 -154.233
2330 -153.068
2331 -152.245
2332 -152.807
2333 -154.722
2334 -154.892
2335 -153.866
2336 -153.786
2337 -154.086
2338 -154.069
2339 -153.778
2340 -154.256
2341 -153.03
2342 -153.425
2343 -153.686
2344 -154.217
2345 -152.985
2346 -153.566
2347 -153.015
2348 -153.67
2349 -154.148
2350 -153.454
2351 -154.231
2352 -154.239
2353 -153.4
2354 -153.345
2355 -153.896
2356 -154.961
2357 -154.709
2358 -154.472
2359 -154.321
2360 -154.779
2361 -154.3
2362 -155.043
2363 -154.244
2364 -153.987
2365 -153.183
2366 -154.161
2367 -154.822
2368 -155.713
2369 -153.998
2370 -155.006
2371 -155.771
2372 -153.682
2373 -154.408
2374 -151.925
2375 -152.325
2376 -153.165
2377 -153.673
2378 -152.951
2379 -153.875
2380 -153.35
2381 -153.855
2382 -154.997
2383 -154.38
2384 -154.421
2385 -153.672
2386 -153.213
2387 -151.017
2388 -153.428
2389 -152.478
2390 -153.323
2391 -154.155
2392 -154.68
2393 -154.199
2394 -155.579
2395 -153.346
2396 -153.297
2397 -153.464
2398 -153.589
2399 -152.164
2400 -152.947
2401 -151.515
2402 -152.355
2403 -155.955
2404 -155.746
2405 -154.275
2406 -155.05
2407 -154.289
2408 -153.817
2409 -153.855
2410 -152.253
2411 -154.119
2412 -154.515
2413 -154.286
2414 -153.228
2415 -153.571
2416 -154.412
2417 -154.08
2418 -154.855
2419 -153.742
2420 -152.521
2421 -153.267
2422 -153.353
2423 -152.591
2424 -152.903
2425 -153.413
2426 -155.031
2427 -153.941
2428 -154.303
2429 -154.24
2430 -152.84
2431 -153.839
2432 -153.098
2433 -152.617
2434 -152.37
2435 -152.569
2436 -152.292
2437 -154.641
2438 -154.385
2439 -153.888
2440 -154.713
2441 -154.287
2442 -152.886
2443 -152.235
2444 -152.167
2445 -152.899
2446 -153.028
2447 -150.94
2448 -152.755
2449 -154.438
2450 -152.77
2451 -151.501
2452 -154.277
2453 -153.81
2454 -153.578
2455 -152.743
2456 -154.146
2457 -152.753
2458 -152.295
2459 -152.645
2460 -153.956
2461 -153.456
2462 -155.207
2463 -153.953
2464 -154.568
2465 -153.711
2466 -153.714
2467 -153.646
2468 -152.507
2469 -152.705
2470 -151.402
2471 -150.796
2472 -151.847
2473 -153.563
2474 -154.706
2475 -154.203
2476 -153.203
2477 -154.604
2478 -153.646
2479 -153.14
2480 -151.779
2481 -152.107
2482 -153.438
2483 -153.265
2484 -152.783
2485 -153.36
2486 -153.283
2487 -152.201
2488 -152.963
2489 -151.701
2490 -153.116
2491 -152.368
2492 -152.482
2493 -151.002
2494 -151.81
2495 -152.887
2496 -152.491
2497 -155.094
2498 -152.563
2499 -153.368
2500 -152.385
2501 -154.09
2502 -154.724
2503 -154.512
2504 -152.422
2505 -153.42
2506 -153.742
2507 -152.286
2508 -154.445
2509 -153.68
2510 -155.015
2511 -152.702
2512 -153.437
2513 -153.519
2514 -153.403
2515 -153.844
2516 -151.189
2517 -150.425
2518 -153.218
2519 -152.667
2520 -152.338
2521 -154.033
2522 -153.051
2523 -153.98
2524 -154.244
2525 -152.178
2526 -152.731
2527 -151.412
2528 -152.32
2529 -152.664
2530 -152.694
2531 -153.285
2532 -152.73
2533 -154.179
2534 -152.436
2535 -152.383
2536 -151.173
2537 -151.786
2538 -151.376
2539 -152.522
2540 -152.396
2541 -153.828
2542 -152.407
2543 -152.108
2544 -151.882
2545 -153.8
2546 -153.482
2547 -153.608
2548 -152.218
2549 -152.99
2550 -151.988
2551 -151.825
2552 -151.64
2553 -153.197
2554 -152.021
2555 -152.357
2556 -151.61
2557 -152.235
2558 -150.518
2559 -150.986
2560 -150.044
2561 -149.651
2562 -148.303
2563 -149.827
2564 -147.934
2565 -148.739
2566 -147.81
2567 -146.583
2568 -147.003
2569 -145.551
2570 -145.131
2571 -146.174
2572 -144.269
2573 -143.589
2574 -143.251
2575 -143.533
2576 -141.946
2577 -141.96
2578 -143.15
2579 -140.939
2580 -140.897
2581 -139.365
2582 -138.618
2583 -139.961
2584 -139.83
2585 -139.74
2586 -139.576
2587 -138.202
2588 -137.889
2589 -135.302
2590 -138.249
2591 -137.308
2592 -137.566
2593 -138.136
2594 -137.229
2595 -136.764
2596 -136.728
2597 -136.511
2598 -136.084
2599 -137.195
2600 -135.757
2601 -135.378
2602 -136.409
2603 -137.827
2604 -135.632
2605 -136.023
2606 -135.133
2607 -134.209
2608 -134.017
2609 -134.573
2610 -135.147
2611 -134.386
2612 -134.12
2613 -133.774
2614 -133.984
2615 -133.125
2616 -131.546
2617 -132.876
2618 -132.011
2619 -130.929
2620 -130.632
2621 -131.524
2622 -129.748
2623 -129.65
2624 -129.333
2625 -129.346
2626 -128.965
2627 -128.368
2628 -130.15
2629 -129.238
2630 -128.972
2631 -130.631
2632 -128.384
2633 -128.108
2634 -128.106
2635 -127.283
2636 -128.189
2637 -127.871
2638 -129.916
2639 -130.054
2640 -130.651
2641 -130.091
2642 -128.554
2643 -129.966
2644 -130.576
2645 -131.411
2646 -130.769
2647 -132.421
2648 -131.655
2649 -131.793
2650 -133.871
2651 -135.245
2652 -134.504
2653 -134.886
2654 -136.477
2655 -137.489
2656 -134.724
2657 -137.527
2658 -136.718
2659 -138.913
2660 -140.018
2661 -139.501
2662 -140.425
2663 -140.083
2664 -139.408
2665 -140.502
2666 -140.806
2667 -141.38
2668 -141.825
2669 -141.5
2670 -141.16
2671 -140.705
2672 -143.751
2673 -142.828
2674 -143.75
2675 -142.707
2676 -142.971
2677 -141.443
2678 -142.169
2679 -144.233
2680 -144.268
2681 -143.554
2682 -143.583
2683 -144.642
2684 -143.961
2685 -145.019
2686 -146.566
2687 -147.132
2688 -143.86
2689 -143.981
2690 -143.789
2691 -144.523
2692 -143.368
2693 -145.168
2694 -144.075
2695 -143.558
2696 -142.968
2697 -143.761
2698 -144.695
2699 -142.94
2700 -143.201
2701 -143.424
2702 -143.919
2703 -143.469
2704 -144.079
2705 -142.405
2706 -143.772
2707 -145.255
2708 -145.822
2709 -145.869
2710 -144.608
2711 -144.534
2712 -145.471
2713 -145.097
2714 -144.624
2715 -143.867
2716 -143.475
2717 -143.528
2718 -145.637
2719 -145.966
2720 -143.38
2721 -145.225
2722 -144.898
2723 -144.963
2724 -145.871
2725 -146.373
2726 -146.131
2727 -144.621
2728 -146.203
2729 -145.901
2730 -146.547
2731 -144.967
2732 -145.146
2733 -145.846
2734 -146.303
2735 -145.528
2736 -145.038
2737 -145.09
2738 -144.322
2739 -144.363
2740 -144.966
2741 -144.658
2742 -145.255
2743 -145.568
2744 -145.114
2745 -143.142
2746 -143.538
2747 -144.078
2748 -144.396
2749 -142.418
2750 -143.566
2751 -144.2
2752 -142.921
2753 -145.554
2754 -145.68
2755 -145.549
2756 -145.657
2757 -145.799
2758 -146.071
2759 -144.93
2760 -144.953
2761 -145.258
2762 -146.626
2763 -145.662
2764 -145.174
2765 -146.158
2766 -147.185
2767 -144.612
2768 -145.582
2769 -145.322
2770 -146.589
2771 -145.601
2772 -145.28
2773 -144.988
2774 -146.447
2775 -145.578
2776 -146.553
2777 -146.457
2778 -147.45
2779 -147.043
2780 -146.473
2781 -144.824
2782 -144.916
2783 -144.86
2784 -143.236
2785 -143.954
2786 -145.151
2787 -144.533
2788 -144.719
2789 -145.146
2790 -144.728
2791 -142.894
2792 -146.023
2793 -143.689
2794 -144.369
2795 -145.938
2796 -143.679
2797 -143.934
2798 -145.93
2799 -145.975
2800 -147.293
2801 -146.858
2802 -144.157
2803 -146.081
2804 -146.588
2805 -146.458
2806 -146.679
2807 -145.937
2808 -146.42
2809 -146.243
2810 -146.385
2811 -146.042
2812 -146.437
2813 -145.69
2814 -145.674
2815 -145.929
2816 -145.224
2817 -145.125
2818 -145.78
2819 -144.883
2820 -148.002
2821 -146.433
2822 -146.668
2823 -146.308
2824 -148.104
2825 -147.759
2826 -147.919
2827 -146.976
2828 -145.476
2829 -146.573
2830 -145.534
2831 -146.946
2832 -146.37
2833 -146.592
2834 -145.127
2835 -145.165
2836 -145.605
2837 -145.182
2838 -143.622
2839 -145.094
2840 -144.835
2841 -145.723
2842 -145.272
2843 -144.591
2844 -145.509
2845 -144.564
2846 -145.134
2847 -146.99
2848 -145.974
2849 -147.708
2850 -146.69
2851 -145.875
2852 -146.301
2853 -146.09
2854 -145.625
2855 -146.612
2856 -147.038
2857 -145.696
2858 -146.054
2859 -146.624
2860 -145.268
2861 -147.263
2862 -146.932
2863 -145.667
2864 -146.755
2865 -145.44
2866 -145.548
2867 -145.992
2868 -147.399
2869 -145.704
2870 -146.151
2871 -145.417
2872 -146.994
2873 -147.552
2874 -146.097
2875 -147.431
2876 -147.162
2877 -146.254
2878 -147.617
2879 -147.413
2880 -146.67
2881 -145.912
2882 -146.279
2883 -147.408
2884 -146.9
2885 -144.682
2886 -144.443
2887 -145.19
2888 -144.732
2889 -144.154
2890 -143.004
2891 -145.358
2892 -144.858
2893 -146.327
2894 -146.526
2895 -147.194
2896 -147.546
2897 -147.193
2898 -148.442
2899 -147.062
2900 -146.925
2901 -146.822
2902 -144.237
2903 -146.454
2904 -146.207
2905 -146.91
2906 -147.444
2907 -146.713
2908 -146.806
2909 -145.825
2910 -145.481
2911 -146.776
2912 -147.117
2913 -146.657
2914 -147.11
2915 -145.648
2916 -147.713
2917 -146.039
2918 -145.908
2919 -146.168
2920 -148.082
2921 -147.335
2922 -146.645
2923 -146.946
2924 -145.957
2925 -145.902
2926 -147.153
2927 -144.662
2928 -145.033
2929 -146.724
2930 -145.735
2931 -146.365
2932 -144.712
2933 -145.817
2934 -144.256
2935 -144.938
2936 -144.503
2937 -144.569
2938 -146.589
2939 -145.423
2940 -145.805
2941 -146.232
2942 -146.859
2943 -146.76
2944 -145.625
2945 -146.144
2946 -146.711
2947 -146.803
2948 -147.921
2949 -146.762
2950 -147.467
2951 -147.7
2952 -147.005
2953 -147.499
2954 -146.866
2955 -146.437
2956 -146.668
2957 -146.985
2958 -145.362
2959 -146.039
2960 -145.97
2961 -146.747
2962 -145.369
2963 -146.203
2964 -147.456
2965 -147.846
2966 -147.107
2967 -147.379
2968 -148.367
2969 -147.088
2970 -147.561
2971 -146.795
2972 -147.747
2973 -147.903
2974 -146.327
2975 -145.921
2976 -147.007
2977 -146.352
2978 -146.077
2979 -144.725
2980 -146.782
2981 -145.169
2982 -145.724
2983 -146.121
2984 -144.581
2985 -145.269
2986 -145.144
2987 -147.939
2988 -146.279
2989 -147.524
2990 -146.559
2991 -146.734
2992 -148.237
2993 -148.399
2994 -146.873
2995 -148.334
2996 -147.224
2997 -146.312
2998 -147.783
2999 -147.284
3000 -146.97
3001 -147.773
3002 -147.672
3003 -147.626
3004 -146.803
3005 -146.273
3006 -146.505
3007 -146.954
3008 -145.226
3009 -146.363
3010 -148.003
3011 -147.093
3012 -147.69
3013 -148.487
3014 -146.665
3015 -147.251
3016 -146.743
3017 -147.591
3018 -145.822
3019 -148.099
3020 -145.664
3021 -146.406
3022 -145.251
3023 -145.353
3024 -146.451
3025 -147.865
3026 -146.638
3027 -144.642
3028 -145.427
3029 -146.623
3030 -145.895
3031 -145.724
3032 -146.586
3033 -145.901
3034 -147.174
3035 -147.691
3036 -146.554
3037 -145.85
3038 -146.525
3039 -146.453
3040 -147.308
3041 -147.819
3042 -147.945
3043 -148.24
3044 -148.306
3045 -147.768
3046 -148.541
3047 -147.09
3048 -147.692
3049 -147.055
3050 -146.264
3051 -146.52
3052 -146.835
3053 -145.883
3054 -147.296
3055 -147.209
3056 -146.957
3057 -149.109
3058 -147.643
3059 -148.685
3060 -147.807
3061 -148.318
3062 -148.117
3063 -150.259
3064 -148.381
3065 -149.665
3066 -148.723
3067 -148.92
3068 -151.286
3069 -150.411
3070 -150.993
3071 -150.274
3072 -152.799
3073 -150.503
3074 -153.086
3075 -153.595
3076 -153.985
3077 -153.5
3078 -153.817
3079 -155.166
3080 -155.549
3081 -154.992
3082 -155.918
3083 -155.174
3084 -156.287
3085 -158.191
3086 -156.896
3087 -157.801
3088 -159.072
3089 -158.833
3090 -160.594
3091 -160.595
3092 -160.145
3093 -159.341
3094 -160.551
3095 -161.785
3096 -161.466
3097 -162.348
3098 -163.364
3099 -163.781
3100 -163.781
3101 -163.119
3102 -162.687
3103 -162.572
3104 -161.822
3105 -162.292
3106 -161.595
3107 -162.358
3108 -160.234
3109 -162.617
3110 -160.974
3111 -160.436
3112 -160.848
3113 -160.187
3114 -160.688
3115 -158.291
3116 -159.381
3117 -159.599
3118 -160.916
3119 -158.154
3120 -158.387
3121 -157.624
3122 -156.153
3123 -157.979
3124 -156.818
3125 -155.074
3126 -155.903
3127 -156.193
3128 -155.992
3129 -154.313
3130 -155.026
3131 -155.237
3132 -154.879
3133 -153.834
3134 -153.939
3135 -153.421
3136 -152.735
3137 -152.019
3138 -152.929
3139 -153.372
3140 -150.837
3141 -151.775
3142 -151.865
3143 -151.774
3144 -152.923
3145 -154.067
3146 -152.347
3147 -149.98
3148 -149.896
3149 -152.04
3150 -152.759
3151 -151.147
3152 -151.972
3153 -151.821
3154 -150.613
3155 -151.224
3156 -151.898
3157 -150.606
3158 -150.007
3159 -150.261
3160 -150.945
3161 -151.964
3162 -151.567
3163 -150.015
3164 -150.781
3165 -150.869
3166 -149.952
3167 -149.844
3168 -149.689
3169 -149.288
3170 -150.983
3171 -150.273
3172 -149.629
3173 -151.218
3174 -149.199
3175 -148.859
3176 -149.822
3177 -149.321
3178 -149.55
3179 -149.501
3180 -150.393
3181 -149.313
3182 -150.497
3183 -150.982
3184 -149.989
3185 -151.396
3186 -151.131
3187 -148.829
3188 -150.116
3189 -149.605
3190 -150.071
3191 -151.259
3192 -149.811
3193 -151.694
3194 -148.145
3195 -149.764
3196 -148.343
3197 -151.256
3198 -149.417
3199 -148.215
3200 -147.9
3201 -149.932
3202 -150.164
3203 -149.088
3204 -148.758
3205 -149.959
3206 -149.898
3207 -150.178
3208 -149.82
3209 -150.153
3210 -149.771
3211 -150.416
3212 -150.599
3213 -150.432
3214 -148.523
3215 -149.025
3216 -151.252
3217 -149.608
3218 -149.671
3219 -150.49
3220 -150.199
3221 -150.583
3222 -149.762
3223 -149.315
3224 -149.255
3225 -148.3
3226 -149.434
3227 -148.444
3228 -149.768
3229 -148.844
3230 -150.527
3231 -148.52
3232 -148.467
3233 -149.213
3234 -148.042
3235 -148.929
3236 -148.739
3237 -149.63
3238 -149.312
3239 -148.64
3240 -149.557
3241 -149.54
3242 -150.039
3243 -148.224
3244 -150.792
3245 -149.828
3246 -149.804
3247 -149.846
3248 -150.821
3249 -151.168
3250 -148.967
3251 -149.399
3252 -148.068
3253 -149.172
3254 -150.102
3255 -149.612
3256 -148.636
3257 -150.481
3258 -148.12
3259 -150.586
3260 -151.546
3261 -149.32
3262 -148.685
3263 -149.619
3264 -150.13
3265 -150.156
3266 -149.231
3267 -150.687
3268 -151.053
3269 -150.199
3270 -150.201
3271 -148.435
3272 -149.071
3273 -149.95
3274 -149.414
3275 -151.605
3276 -150.386
3277 -150.35
3278 -150.091
3279 -148.518
3280 -149.118
3281 -151.197
3282 -149.1
3283 -149.639
3284 -149.547
3285 -150.667
3286 -149.084
3287 -150.314
3288 -149.348
3289 -149.283
3290 -149.703
3291 -149.894
3292 -147.872
3293 -149.245
3294 -148.984
3295 -150.642
3296 -150.515
3297 -149.761
3298 -150.411
3299 -150.593
3300 -149.856
3301 -150.62
3302 -149.625
3303 -149.35
3304 -150.999
3305 -150.521
3306 -150.765
3307 -151.006
3308 -149.122
3309 -151.082
3310 -151.992
3311 -150.336
3312 -149.791
3313 -149.444
3314 -150.208
3315 -149.4
3316 -147.872
3317 -150.248
3318 -148.738
3319 -149.943
3320 -149.609
3321 -148.772
3322 -149.495
3323 -149.282
3324 -150.474
3325 -149.58
3326 -149.028
3327 -149.336
3328 -149.983
3329 -149.942
3330 -149.549
3331 -149.627
3332 -150.921
3333 -150.123
3334 -149.906
3335 -150.445
3336 -150.325
3337 -150.055
3338 -150.7
3339 -150.706
3340 -150.46
3341 -150.491
3342 -150.513
3343 -150.382
3344 -148.515
3345 -150.042
3346 -150.805
3347 -149.798
3348 -150.66
3349 -148.805
3350 -149.513
3351 -149.526
3352 -150.383
3353 -151.672
3354 -150.63
3355 -150.365
3356 -150.852
3357 -149.695
3358 -150.102
3359 -150.315
3360 -149.758
3361 -150.798
3362 -149.986
3363 -150.918
3364 -150.553
3365 -149.643
3366 -149.098
3367 -148.21
3368 -150.312
3369 -151.134
3370 -150.204
3371 -149.323
3372 -150.135
3373 -149.67
3374 -149.924
3375 -150.328
3376 -150.498
3377 -150.214
3378 -149.532
3379 -149.875
3380 -149.681
3381 -147.405
3382 -150.256
3383 -150.086
3384 -149.574
3385 -149.584
3386 -150.921
3387 -150.305
3388 -148.777
3389 -150.562
3390 -150.065
3391 -148.393
3392 -149.776
3393 -150.89
3394 -150.462
3395 -149.628
3396 -148.768
3397 -149.236
3398 -149.672
3399 -151.835
