0 -25.8729
1 -26.2312
2 -25.5047
3 -25.2577
4 -24.2818
5 -23.7843
6 -25.2223
7 -25.3272
8 -24.158
9 -24.1514
10 -26.2734
11 -25.4931
12 -24.6233
13 -25.059
14 -25.4745
15 -26.2057
16 -25.0123
17 -24.954
18 -23.7231
19 -23.9221
20 -25.4061
21 -23.9813
22 -24.5684
23 -25.2109
24 -24.8536
25 -26.8597
26 -25.574
27 -25.6771
28 -25.2434
29 -24.0226
30 -25.3485
31 -26.9983
32 -25.8459
33 -26.3583
34 -25.6387
35 -25.2637
36 -25.3002
37 -27.5805
38 -27.6242
39 -28.1143
40 -29.3314
41 -29.5746
42 -31.1639
43 -28.6389
44 -29.0638
45 -29.1724
46 -33.1988
47 -31.5711
48 -32.9541
49 -32.5561
50 -33.6405
51 -33.3899
52 -33.5261
53 -33.9611
54 -34.5206
55 -35.4887
56 -37.1249
57 -37.0237
58 -38.573
59 -37.9622
60 -36.838
61 -38.5889
62 -38.2122
63 -39.0159
64 -39.4509
65 -40.87
66 -42.3524
67 -41.3225
68 -41.9692
69 -43.9788
70 -43.9031
71 -43.8801
72 -44.3032
73 -43.8867
74 -44.5922
75 -45.2721
76 -44.899
77 -45.6729
78 -46.2566
79 -45.5356
80 -44.927
81 -45.5081
82 -46.0574
83 -44.8453
84 -45.6892
85 -45.1834
86 -43.1437
87 -43.7028
88 -43.142
89 -42.7604
90 -41.6919
91 -41.8734
92 -41.6647
93 -41.1911
94 -42.1428
95 -42.1401
96 -40.3553
97 -40.9548
98 -40.3013
99 -41.0299
100 -39.494
101 -39.0605
102 -38.7656
103 -38.3297
104 -36.8239
105 -35.9662
106 -35.0371
107 -34.3968
108 -36.2769
109 -36.6093
110 -34.9192
111 -36.5126
112 -34.4372
113 -33.9743
114 -33.3617
115 -33.2866
116 -33.7325
117 -33.8343
118 -34.2242
119 -32.5397
120 -32.9197
121 -32.5522
122 -33.2306
123 -32.8747
124 -32.7796
125 -34.9207
126 -33.8837
127 -34.1631
128 -33.9486
129 -34.7648
130 -33.4757
131 -34.4186
132 -34.6582
133 -34.105
134 -34.7803
135 -33.6332
136 -33.7587
137 -34.6907
138 -34.3619
139 -35.5276
140 -34.6517
141 -34.3854
142 -31.3403
143 -33.7031
144 -33.5968
145 -33.4555
146 -33.6157
147 -32.4531
148 -33.9587
149 -34.9663
150 -34.259
151 -34.3429
152 -33.2117
153 -34.021
154 -33.1562
155 -33.3408
156 -33.1766
157 -31.2646
158 -32.3144
159 -32.322
160 -32.5006
161 -31.6642
162 -34.189
163 -32.9029
164 -33.3508
165 -31.6901
166 -30.2092
167 -31.2157
168 -32.2265
169 -30.2658
170 -30.3717
171 -31.8853
172 -31.2131
173 -32.1047
174 -32.7841
175 -34.5593
176 -33.6264
177 -33.0304
178 -33.0969
179 -34.2444
180 -34.1253
181 -33.462
182 -33.2366
183 -33.8702
184 -34.15
185 -33.8241
186 -36.3226
187 -34.4348
188 -33.7285
189 -33.0163
190 -32.8721
191 -34.1902
192 -32.9485
193 -32.9356
194 -33.1015
195 -33.1372
196 -33.2132
197 -33.8024
198 -33.8009
199 -34.4923
200 -33.2384
201 -33.0951
202 -32.443
203 -33.8735
204 -33.6631
205 -32.5586
206 -33.4734
207 -30.3775
208 -31.88
209 -32.5243
210 -30.9518
211 -31.5278
212 -31.6606
213 -30.4474
214 -30.98
215 -32.2158
216 -31.8902
217 -30.1248
218 -31.1116
219 -32.3169
220 -32.459
221 -32.7955
222 -32.746
223 -33.7493
224 -33.1043
225 -33.9549
226 -33.3089
227 -33.9629
228 -34.4794
229 -32.9594
230 -34.237
231 -34.3968
232 -34.4467
233 -35.3783
234 -34.5588
235 -32.769
236 -33.0309
237 -32.8171
238 -32.1498
239 -34.2522
240 -33.8209
241 -34.3045
242 -33.7902
243 -32.8054
244 -34.5679
245 -33.4492
246 -35.6483
247 -32.7086
248 -32.8995
249 -32.1936
250 -31.8557
251 -32.1574
252 -30.8525
253 -33.1001
254 -31.9452
255 -31.8608
256 -31.2962
257 -31.9814
258 -32.3191
259 -31.2445
260 -31.2823
261 -31.0686
262 -33.0024
263 -33.39
264 -30.806
265 -30.9514
266 -31.1677
267 -33.3333
268 -33.1815
269 -32.4021
270 -33.0123
271 -33.7164
272 -33.737
273 -34.4834
274 -32.5954
275 -33.8394
276 -34.9101
277 -35.1371
278 -34.5764
279 -34.6819
280 -34.2175
281 -33.9704
282 -33.44
283 -32.7051
284 -33.6754
285 -32.9164
286 -32.3565
287 -32.3941
288 -32.3463
289 -32.9431
290 -33.3245
291 -33.3425
292 -33.1642
293 -32.452
294 -33.4258
295 -33.7213
296 -31.4158
297 -32.7282
298 -32.7749
299 -33.3244
300 -33.7913
301 -33.1178
302 -32.1691
303 -33.1927
304 -32.3711
305 -31.3443
306 -31.2681
307 -30.9113
308 -31.9009
309 -32.0644
310 -30.4952
311 -31.0382
312 -30.4275
313 -32.3582
314 -34.3789
315 -33.9563
316 -34.8729
317 -34.2617
318 -34.0124
319 -34.1526
320 -32.9904
321 -34.3193
322 -34.4003
323 -34.6756
324 -33.2817
325 -35.0513
326 -35.3176
327 -36.3786
328 -34.3877
329 -33.9855
330 -33.704
331 -33.4885
332 -32.9887
333 -34.0343
334 -33.418
335 -32.6081
336 -33.6438
337 -34.9599
338 -33.0593
339 -32.7305
340 -33.7414
341 -32.5806
342 -32.8057
343 -32.7958
344 -33.1916
345 -32.6282
346 -34.1857
347 -32.4963
348 -32.7547
349 -33.9549
350 -32.2585
351 -30.292
352 -31.2427
353 -33.3426
354 -30.8609
355 -30.7499
356 -32.4635
357 -31.6315
358 -31.1989
359 -32.1132
360 -32.1123
361 -32.8749
362 -33.9492
363 -32.9987
364 -33.9651
365 -33.9845
366 -34.5597
367 -34.7496
368 -33.752
369 -33.5696
370 -32.648
371 -33.9777
372 -35.0063
373 -36.0395
374 -32.912
375 -35.9567
376 -34.0055
377 -32.3397
378 -32.5612
379 -33.0476
380 -32.2035
381 -32.8794
382 -33.2594
383 -33.6369
384 -32.4677
385 -34.7286
386 -36.2013
387 -33.9638
388 -34.4577
389 -32.8623
390 -35.0207
391 -34.4025
392 -31.224
393 -32.5045
394 -32.0394
395 -33.1959
396 -33.7487
397 -32.0615
398 -33.9226
399 -33.6
400 -31.2402
401 -30.3181
402 -32.2779
403 -30.5994
404 -31.3652
405 -30.8825
406 -31.8232
407 -31.8431
408 -33.2834
409 -33.2077
410 -32.5765
411 -33.1539
412 -34.3595
413 -34.82
414 -34.3861
415 -34.7953
416 -33.913
417 -35.9954
418 -34.6548
419 -34.3238
420 -36.3587
421 -36.6327
422 -35.0892
423 -34.0942
424 -32.9348
425 -31.9717
426 -32.7026
427 -31.3564
428 -34.9315
429 -32.8211
430 -32.4397
431 -35.7558
432 -35.2334
433 -34.0345
434 -33.6397
435 -32.4239
436 -32.7331
437 -32.6052
438 -34.929
439 -31.0402
440 -33.2033
441 -31.8668
442 -32.262
443 -31.039
444 -31.6653
445 -30.9838
446 -30.4282
447 -30.9149
448 -31.435
449 -32.0799
450 -31.8381
451 -32.1457
452 -32.6821
453 -32.7099
454 -33.8917
455 -35.1065
456 -33.4899
457 -34.2035
458 -34.8197
459 -35.4072
460 -34.2275
461 -33.2968
462 -32.7793
463 -33.4809
464 -34.3891
465 -35.8265
466 -34.5115
467 -37.2294
468 -34.6221
469 -34.3496
470 -33.9074
471 -34.5732
472 -33.2215
473 -32.3032
474 -32.7392
475 -32.8429
476 -34.6143
477 -33.5655
478 -34.1229
479 -33.6992
480 -34.4372
481 -33.7542
482 -34.2593
483 -34.1472
484 -34.1923
485 -33.833
486 -33.6025
487 -33.3296
488 -31.9217
489 -34.1224
490 -33.3484
491 -31.7764
492 -33.3641
493 -30.9902
494 -33.2778
495 -33.0233
496 -33.1248
497 -33.3296
498 -32.2882
499 -30.8759
500 -31.3465
501 -32.478
502 -33.9605
503 -34.1468
504 -33.6703
505 -32.9047
506 -31.0449
507 -33.0313
508 -33.8811
509 -34.684
510 -31.9643
511 -32.6353
512 -33.1129
513 -33.357
514 -31.6432
515 -31.9201
516 -29.7986
517 -30.3505
518 -29.7842
519 -29.7138
520 -28.6414
521 -27.3521
522 -28.7436
523 -27.9849
524 -28.4385
525 -28.6232
526 -28.6914
527 -28.6696
528 -26.4265
529 -25.7159
530 -24.5646
531 -24.1201
532 -23.0284
533 -23.2645
534 -22.3618
535 -21.7151
536 -22.1157
537 -22.2914
538 -19.9676
539 -21.1354
540 -21.3013
541 -21.1123
542 -19.897
543 -19.1168
544 -19.126
545 -17.4984
546 -18.3989
547 -17.4903
548 -17.9544
549 -15.7897
550 -18.2229
551 -17.1281
552 -16.1054
553 -16.6925
554 -16.9502
555 -15.8375
556 -17.0378
557 -15.927
558 -16.7463
559 -16.8654
560 -15.251
561 -16.2341
562 -17.4534
563 -16.688
564 -16.4908
565 -14.7852
566 -15.2735
567 -17.2946
568 -15.351
569 -16.1534
570 -14.7513
571 -13.6426
572 -13.9126
573 -10.7526
574 -11.3316
575 -11.6707
576 -11.6236
577 -11.4875
578 -11.6159
579 -8.92509
580 -9.8044
581 -9.89703
582 -10.0278
583 -9.41657
584 -8.94179
585 -8.80633
586 -8.50065
587 -8.26684
588 -8.36472
589 -7.54957
590 -7.29313
591 -8.28091
592 -8.76497
593 -9.54962
594 -9.70651
595 -10.0366
596 -8.04085
597 -9.02976
598 -9.43079
599 -11.8491
600 -11.521
601 -13.0966
602 -12.4249
603 -12.2273
604 -13.5493
605 -12.8918
606 -13.1962
607 -14.3078
608 -15.3288
609 -16.5474
610 -16.9942
611 -16.3723
612 -18.0063
613 -19.1025
614 -19.6742
615 -18.9672
616 -18.8955
617 -19.2448
618 -19.8735
619 -21.0977
620 -19.9097
621 -19.7334
622 -20.6074
623 -21.1012
624 -21.4294
625 -22.53
626 -21.0892
627 -21.3123
628 -21.6076
629 -22.3063
630 -22.5098
631 -23.342
632 -22.3836
633 -22.6107
634 -22.7627
635 -23.9313
636 -22.997
637 -21.5182
638 -22.1994
639 -21.9353
640 -21.5978
641 -21.3751
642 -22.6931
643 -22.4915
644 -20.8617
645 -21.0667
646 -22.045
647 -21.4709
648 -21.2959
649 -21.2927
650 -19.3175
651 -19.5071
652 -19.3829
653 -21.4492
654 -21.5805
655 -22.6431
656 -22.4692
657 -24.2442
658 -23.763
659 -25.1588
660 -22.6217
661 -22.4456
662 -22.2946
663 -21.6729
664 -23.2069
665 -24.5465
666 -25.5535
667 -23.4293
668 -23.7509
669 -23.5777
670 -23.4443
671 -22.4991
672 -22.0077
673 -23.0954
674 -23.8464
675 -23.4721
676 -23.427
677 -20.3851
678 -23.1805
679 -24.6378
680 -23.7427
681 -26.2348
682 -23.8858
683 -22.1863
684 -22.3528
685 -25.3809
686 -23.5671
687 -22.7527
688 -23.1733
689 -22.0955
690 -21.1837
691 -23.5192
692 -22.2223
693 -22.9243
694 -21.6419
695 -20.0674
696 -20.5327
697 -21.7208
698 -20.8584
699 -21.6539
700 -19.8784
701 -21.1081
702 -22.3377
703 -21.6059
704 -21.7105
705 -22.3512
706 -22.4553
707 -23.5304
708 -22.9955
709 -24.5469
710 -23.7278
711 -22.9839
712 -23.0455
713 -23.7837
714 -24.312
715 -25.482
716 -24.1652
717 -23.5507
718 -24.7593
719 -24.7252
720 -23.1914
721 -23.8037
722 -23.054
723 -22.5912
724 -23.635
725 -23.4654
726 -23.2497
727 -22.0815
728 -23.7088
729 -23.7938
730 -24.0309
731 -24.8605
732 -23.0206
733 -23.8411
734 -22.6804
735 -22.962
736 -21.6619
737 -23.4913
738 -23.9443
739 -22.1489
740 -22.8286
741 -21.8532
742 -21.3342
743 -21.3107
744 -21.9051
745 -20.1175
746 -21.1516
747 -21.4042
748 -20.5314
749 -23.0215
750 -21.8529
751 -23.0427
752 -24.8094
753 -22.6762
754 -23.5697
755 -23.5471
756 -23.4487
757 -24.3606
758 -24.5807
759 -23.3735
760 -24.0251
761 -24.9539
762 -23.6484
763 -23.8707
764 -24.7426
765 -25.2448
766 -23.1719
767 -22.7868
768 -22.7218
769 -24.1496
770 -24.1643
771 -22.596
772 -23.4043
773 -22.5318
774 -24.4488
775 -23.4977
776 -23.9365
777 -24.4136
778 -24.0645
779 -22.8604
780 -22.5777
781 -21.8805
782 -21.8032
783 -21.8426
784 -23.925
785 -22.6024
786 -22.0939
787 -22.7575
788 -23.584
789 -22.5379
790 -21.1004
791 -20.0429
792 -20.2181
793 -21.0523
794 -20.6324
795 -21.9722
796 -22.7108
797 -21.4233
798 -23.1697
799 -23.82
800 -22.8083
801 -23.3504
802 -23.3493
803 -24.2987
804 -22.6993
805 -23.1699
806 -22.408
807 -23.7766
808 -24.5093
809 -23.7781
810 -23.3139
811 -24.1103
812 -24.5655
813 -23.8621
814 -23.5577
815 -22.1113
816 -23.1048
817 -22.9892
818 -23.7533
819 -22.5328
820 -24.3215
821 -24.4327
822 -23.481
823 -22.8511
824 -22.8189
825 -23.9637
826 -23.3567
827 -22.6333
828 -22.5094
829 -21.7081
830 -22.1321
831 -22.9346
832 -23.299
833 -22.064
834 -21.9047
835 -22.9106
836 -20.8216
837 -19.9096
838 -22.2473
839 -19.2407
840 -21.5313
841 -19.9248
842 -21.7655
843 -22.7943
844 -22.5478
845 -22.1768
846 -21.8062
847 -22.9861
848 -23.4632
849 -23.4227
850 -23.1484
851 -21.5742
852 -23.8954
853 -23.7244
854 -23.1326
855 -22.5299
856 -22.8024
857 -23.0838
858 -23.6263
859 -23.2073
860 -24.0706
861 -22.3462
862 -23.2394
863 -22.7485
864 -22.0049
865 -23.2837
866 -23.5393
867 -23.8548
868 -23.3404
869 -23.1566
870 -23.9544
871 -23.0109
872 -22.1549
873 -23.564
874 -24.5372
875 -22.2196
876 -23.769
877 -22.8926
878 -24.0751
879 -22.3714
880 -21.286
881 -22.9098
882 -22.3575
883 -20.4195
884 -19.7667
885 -20.089
886 -20.0037
887 -19.9065
888 -20.0462
889 -23.0829
890 -22.4691
891 -21.9335
892 -23.1799
893 -21.9152
894 -22.6595
895 -23.7823
896 -23.8501
897 -24.0285
898 -23.3089
899 -23.1099
900 -22.3875
901 -24.2366
902 -23.396
903 -23.3105
904 -22.7219
905 -23.3429
906 -23.2846
907 -23.1482
908 -24.376
909 -21.022
910 -21.4358
911 -22.0499
912 -22.9199
913 -23.4719
914 -21.924
915 -22.7914
916 -22.5139
917 -21.4147
918 -21.2759
919 -20.7808
920 -21.4999
921 -21.4188
922 -21.0272
923 -21.5817
924 -22.5581
925 -22.3814
926 -21.5249
927 -22.179
928 -22.719
929 -22.7628
930 -18.6443
931 -21.0465
932 -21.2485
933 -20.6598
934 -22.1265
935 -21.1068
936 -22.0168
937 -22.5934
938 -22.8258
939 -21.763
940 -21.248
941 -22.6691
942 -22.0662
943 -22.1238
944 -21.0594
945 -21.89
946 -22.928
947 -23.4634
948 -21.3801
949 -22.7865
950 -22.7433
951 -23.4249
952 -21.9137
953 -21.9624
954 -22.0502
955 -22.4212
956 -22.4807
957 -24.799
958 -22.2957
959 -23.3403
960 -22.1261
961 -23.4317
962 -23.896
963 -22.3839
964 -22.5642
965 -22.6228
966 -22.2317
967 -22.6011
968 -21.6874
969 -23.1595
970 -22.3985
971 -22.8109
972 -23.6948
973 -20.8691
974 -21.8932
975 -22.0529
976 -22.858
977 -20.1761
978 -19.3908
979 -20.8258
980 -19.8184
981 -21.074
982 -21.0803
983 -22.0389
984 -21.6232
985 -23.7624
986 -23.2845
987 -23.049
988 -22.157
989 -22.4233
990 -22.5755
991 -23.6689
992 -22.3322
993 -23.4097
994 -23.1583
995 -23.3871
996 -23.07
997 -21.7768
998 -23.2509
999 -21.8606
1000 -21.9666
1001 -22.1723
1002 -21.7658
1003 -21.7042
1004 -21.1979
1005 -21.5131
1006 -23.4696
1007 -23.0278
1008 -22.116
1009 -23.2554
1010 -22.5039
1011 -22.7095
1012 -21.2529
1013 -22.8116
1014 -21.6667
1015 -22.3318
1016 -23.8004
1017 -23.2449
1018 -22.9021
1019 -23.4889
1020 -23.1779
1021 -23.3069
1022 -22.2385
1023 -23.7817
1024 -23.5034
1025 -21.0284
1026 -21.8819
1027 -21.6591
1028 -23.0739
1029 -24.4845
1030 -25.5168
1031 -27.3544
1032 -27.7929
1033 -27.2336
1034 -27.6491
1035 -29.0034
1036 -30.3391
1037 -31.5369
1038 -31.0518
1039 -31.0407
1040 -31.5333
1041 -31.379
1042 -31.4254
1043 -32.1925
1044 -34.0729
1045 -33.4267
1046 -34.1914
1047 -35.1119
1048 -33.6978
1049 -33.4648
1050 -34.111
1051 -35.5287
1052 -35.9849
1053 -35.0901
1054 -33.6754
1055 -36.6229
1056 -34.8433
1057 -35.8525
1058 -35.4697
1059 -36.3082
1060 -36.9032
1061 -37.3555
1062 -36.5291
1063 -38.4278
1064 -38.5669
1065 -39.043
1066 -40.0424
1067 -39.8194
1068 -39.0611
1069 -39.6794
1070 -40.7178
1071 -39.2667
1072 -39.4443
1073 -39.7148
1074 -38.8505
1075 -39.9782
1076 -42.4167
1077 -41.447
1078 -40.9672
1079 -41.1817
1080 -40.892
1081 -42.7097
1082 -42.927
1083 -43.5012
1084 -42.7046
1085 -43.1608
1086 -42.5385
1087 -43.7704
1088 -44.653
1089 -46.1441
1090 -45.9776
1091 -44.6164
1092 -44.382
1093 -45.4825
1094 -44.6274
1095 -45.3267
1096 -44.8626
1097 -45.1858
1098 -46.601
1099 -47.0104
1100 -46.9411
1101 -46.2747
1102 -45.4698
1103 -45.1452
1104 -46.1101
1105 -45.7699
1106 -45.3544
1107 -44.6085
1108 -45.4706
1109 -44.5078
1110 -42.211
1111 -42.8805
1112 -40.062
1113 -42.6534
1114 -42.7684
1115 -41.0917
1116 -40.3535
1117 -41.6981
1118 -38.8971
1119 -40.5557
1120 -40.3029
1121 -39.3969
1122 -38.6998
1123 -38.3812
1124 -37.3784
1125 -37.2938
1126 -37.3353
1127 -35.4256
1128 -36.6907
1129 -35.6005
1130 -33.7331
1131 -33.8166
1132 -35.3258
1133 -33.6387
1134 -33.0057
1135 -33.4356
1136 -33.3875
1137 -33.9706
1138 -32.949
1139 -33.5619
1140 -32.1923
1141 -32.3472
1142 -32.1289
1143 -32.1819
1144 -32.1622
1145 -30.458
1146 -31.702
1147 -32.9177
1148 -31.3226
1149 -31.2709
1150 -32.1199
1151 -32.1972
1152 -31.6176
1153 -33.1758
1154 -33.9855
1155 -31.9873
1156 -31.4839
1157 -32.9539
1158 -31.92
1159 -34.3127
1160 -32.4318
1161 -32.7005
1162 -32.0237
1163 -32.0477
1164 -32.8633
1165 -32.7771
1166 -32.246
1167 -31.6689
1168 -31.4827
1169 -32.4974
1170 -32.7291
1171 -32.4423
1172 -34.894
1173 -32.3716
1174 -32.9356
1175 -31.9534
1176 -30.3278
1177 -30.3223
1178 -31.1836
1179 -30.9709
1180 -31.1463
1181 -29.8258
1182 -30.7103
1183 -33.4435
1184 -30.5788
1185 -30.7279
1186 -32.0353
1187 -30.7664
1188 -30.4608
1189 -29.3939
1190 -29.3447
1191 -29.3146
1192 -29.7793
1193 -31.0906
1194 -31.812
1195 -31.5789
1196 -31.9599
1197 -33.4753
1198 -31.2268
1199 -32.2378
1200 -30.4289
1201 -30.6925
1202 -31.5195
1203 -31.3126
1204 -31.2422
1205 -32.8458
1206 -33.5417
1207 -34.2118
1208 -34.1174
1209 -33.9318
1210 -32.3366
1211 -30.6616
1212 -31.046
1213 -30.8799
1214 -30.6784
1215 -30.7293
1216 -31.9318
1217 -32.2321
1218 -31.2466
1219 -31.9062
1220 -32.3169
1221 -32.3501
1222 -31.3411
1223 -30.5942
1224 -31.6904
1225 -31.4962
1226 -31.2839
1227 -32.363
1228 -32.1201
1229 -32.8778
1230 -29.1956
1231 -30.5795
1232 -31.3155
1233 -31.6014
1234 -30.8659
1235 -29.7958
1236 -29.8225
1237 -30.5443
1238 -30.8416
1239 -31.8218
1240 -29.4545
1241 -31.4583
1242 -32.9013
1243 -32.7216
1244 -33.3603
1245 -31.344
1246 -33.3757
1247 -32.6852
1248 -32.654
1249 -31.7077
1250 -29.4736
1251 -33.9336
1252 -33.4196
1253 -33.6106
1254 -33.6521
1255 -34.1984
1256 -33.4905
1257 -30.7415
1258 -30.4252
1259 -31.0534
1260 -31.8482
1261 -30.7601
1262 -31.0243
1263 -30.1657
1264 -32.0045
1265 -30.833
1266 -32.9049
1267 -33.9646
1268 -33.8985
1269 -31.8961
1270 -32.0809
1271 -30.8973
1272 -30.5868
1273 -32.0168
1274 -31.163
1275 -32.024
1276 -31.1658
1277 -30.3337
1278 -29.9549
1279 -29.2263
1280 -32.7877
1281 -29.1897
1282 -28.7169
1283 -30.3291
1284 -30.2438
1285 -29.5552
1286 -27.6219
1287 -30.6279
1288 -30.4172
1289 -30.8769
1290 -31.8343
1291 -32.7657
1292 -32.4761
1293 -32.2287
1294 -32.6251
1295 -31.4127
1296 -30.8475
1297 -32.2883
1298 -32.5996
1299 -33.0831
1300 -34.3513
1301 -33.6354
1302 -33.2639
1303 -31.1
1304 -33.6922
1305 -31.4206
1306 -31.0052
1307 -32.4338
1308 -31.5246
1309 -30.6309
1310 -31.6013
1311 -32.0703
1312 -33.6785
1313 -33.5098
1314 -32.0115
1315 -31.5506
1316 -31.4793
1317 -31.5704
1318 -31.025
1319 -30.7886
1320 -30.9041
1321 -30.0004
1322 -33.1352
1323 -31.2084
1324 -30.7235
1325 -31.8402
1326 -31.3336
1327 -30.681
1328 -30.8561
1329 -28.9943
1330 -31.0283
1331 -31.8305
1332 -31.8171
1333 -30.3643
1334 -30.7135
1335 -30.195
1336 -32.4957
1337 -32.2032
1338 -31.0092
1339 -33.1023
1340 -32.5093
1341 -32.9185
1342 -32.7362
1343 -31.6063
1344 -32.2932
1345 -33.998
1346 -34.2896
1347 -31.3017
1348 -33.6336
1349 -32.1913
1350 -31.8719
1351 -33.4635
1352 -32.8003
1353 -31.9339
1354 -32.2901
1355 -31.7586
1356 -32.3095
1357 -33.1716
1358 -30.9401
1359 -32.327
1360 -32.7059
1361 -34.4781
1362 -33.8623
1363 -31.8315
1364 -30.2432
1365 -32.3328
1366 -30.19
1367 -31.3333
1368 -31.3648
1369 -30.3089
1370 -31.1216
1371 -30.5336
1372 -31.7761
1373 -31.5471
1374 -30.951
1375 -31.638
1376 -28.7843
1377 -30.6816
1378 -28.8704
1379 -30.3134
1380 -29.9316
1381 -29.9085
1382 -29.1567
1383 -32.7224
1384 -31.3248
1385 -32.5197
1386 -31.0916
1387 -32.5979
1388 -31.9817
1389 -31.8716
1390 -31.7738
1391 -32.234
1392 -31.5878
1393 -33.379
1394 -33.4021
1395 -33.207
1396 -33.9257
1397 -33.5619
1398 -33.0044
1399 -32.4699
1400 -32.3111
1401 -32.5111
1402 -33.1326
1403 -30.8673
1404 -32.4632
1405 -33.0136
1406 -33.8129
1407 -32.5018
1408 -33.696
1409 -31.3456
1410 -33.2897
1411 -31.8426
1412 -30.1733
1413 -30.5679
1414 -31.6208
1415 -30.6727
1416 -31.3837
1417 -31.3051
1418 -31.3347
1419 -30.6036
1420 -30.4136
1421 -30.9
1422 -30.1842
1423 -31.2623
1424 -30.2909
1425 -31.0038
1426 -30.1522
1427 -30.5153
1428 -30.0162
1429 -32.5077
1430 -32.8086
1431 -34.1774
1432 -31.9437
1433 -32.9662
1434 -32.2626
1435 -32.3438
1436 -32.5801
1437 -32.7098
1438 -32.5624
1439 -33.7073
1440 -32.7761
1441 -33.6461
1442 -34.5219
1443 -35.1689
1444 -32.6009
1445 -30.7733
1446 -32.1396
1447 -31.91
1448 -31.6099
1449 -31.8897
1450 -32.6683
1451 -31.7754
1452 -33.7103
1453 -33.4881
1454 -31.8027
1455 -31.6956
1456 -32.2613
1457 -32.3481
1458 -30.8995
1459 -30.1991
1460 -31.1326
1461 -30.1668
1462 -31.9841
1463 -31.7355
1464 -31.7356
1465 -30.8368
1466 -30.9539
1467 -30.1475
1468 -29.5796
1469 -30.6526
1470 -29.3365
1471 -29.8408
1472 -30.1371
1473 -30.2333
1474 -30.252
1475 -30.2927
1476 -33.2704
1477 -31.7658
1478 -32.714
1479 -30.9141
1480 -31.5178
1481 -31.1602
1482 -33.4641
1483 -31.0618
1484 -32.6454
1485 -33.9902
1486 -34.0241
1487 -33.4402
1488 -33.1055
1489 -33.086
1490 -32.0943
1491 -31.4369
1492 -31.4384
1493 -33.2021
1494 -32.9388
1495 -31.8147
1496 -32.3468
1497 -32.8676
1498 -32.8175
1499 -33.9117
1500 -34.0257
1501 -32.2996
1502 -32.0832
1503 -32.3843
1504 -33.2458
1505 -30.6307
1506 -29.9028
1507 -32.7248
1508 -33.5106
1509 -31.8799
1510 -32.4637
1511 -30.2867
1512 -30.4791
1513 -31.0495
1514 -30.8087
1515 -31.7505
1516 -29.7671
1517 -29.6603
1518 -30.853
1519 -30.1119
1520 -30.3756
1521 -31.652
1522 -31.8743
1523 -32.7238
1524 -31.6933
1525 -30.7871
1526 -31.3144
1527 -30.5317
1528 -32.0031
1529 -31.2146
1530 -31.7735
1531 -32.9259
1532 -31.09
1533 -32.2513
1534 -32.511
1535 -32.6739
1536 -32.0024
1537 -30.4706
1538 -29.6011
1539 -30.198
1540 -27.6378
1541 -28.392
1542 -28.4165
1543 -27.7785
1544 -28.2833
1545 -27.3131
1546 -28.454
1547 -26.669
1548 -26.0302
1549 -26.0373
1550 -24.7065
1551 -24.3927
1552 -24.7691
1553 -23.8895
1554 -21.1807
1555 -20.2216
1556 -20.6771
1557 -19.6208
1558 -21.0666
1559 -19.3018
1560 -19.5159
1561 -19.7448
1562 -18.6754
1563 -18.4839
1564 -16.957
1565 -16.7834
1566 -17.5599
1567 -16.2782
1568 -15.7739
1569 -15.7038
1570 -16.1132
1571 -18.3989
1572 -16.863
1573 -15.5163
1574 -13.7137
1575 -14.8345
1576 -15.8942
1577 -16.3111
1578 -17.4569
1579 -15.5613
1580 -16.1793
1581 -15.2714
1582 -16.6587
1583 -15.1765
1584 -14.3169
1585 -14.9718
1586 -15.2832
1587 -14.6495
1588 -13.8051
1589 -14.8664
1590 -13.7829
1591 -13.7844
1592 -12.4216
1593 -14.23
1594 -12.6221
1595 -12.2646
1596 -12.6947
1597 -9.91322
1598 -9.73402
1599 -11.2434
1600 -9.52826
1601 -6.97716
1602 -8.1632
1603 -6.27888
1604 -9.27536
1605 -10.1463
1606 -8.88869
1607 -6.75927
1608 -7.86942
1609 -7.12256
1610 -6.50878
1611 -6.80443
1612 -7.8852
1613 -7.13708
1614 -8.43389
1615 -7.58915
1616 -8.30758
1617 -9.15276
1618 -8.88446
1619 -8.63782
1620 -8.72583
1621 -9.7433
1622 -11.3044
1623 -9.96559
1624 -10.3551
1625 -14.4799
1626 -13.5751
1627 -13.3002
1628 -15.1021
1629 -14.1855
1630 -15.9055
1631 -15.2285
1632 -16.0731
1633 -16.8422
1634 -16.6458
1635 -17.1506
1636 -18.5118
1637 -17.1045
1638 -18.381
1639 -19.6653
1640 -18.5973
1641 -20.2806
1642 -20.0995
1643 -21.5825
1644 -19.5036
1645 -19.7181
1646 -18.9692
1647 -19.3724
1648 -20.1385
1649 -21.9172
1650 -20.9374
1651 -21.1362
1652 -21.2582
1653 -20.6233
1654 -23.2375
1655 -21.1092
1656 -21.2988
1657 -23.9583
1658 -21.2787
1659 -21.7545
1660 -21.543
1661 -20.8532
1662 -21.39
1663 -20.7925
1664 -22.0482
1665 -20.2657
1666 -22.4224
1667 -21.7544
1668 -22.286
1669 -20.2456
1670 -20.3552
1671 -21.4156
1672 -19.338
1673 -19.2716
1674 -18.3026
1675 -20.198
1676 -22.6354
1677 -21.872
1678 -21.8235
1679 -23.2383
1680 -22.4788
1681 -23.6507
1682 -23.0399
1683 -22.6498
1684 -21.9965
1685 -22.5669
1686 -23.4449
1687 -23.3509
1688 -23.6844
1689 -23.6727
1690 -22.3089
1691 -23.0034
1692 -22.3574
1693 -22.7094
1694 -23.5417
1695 -23.6605
1696 -22.5889
1697 -22.931
1698 -22.0089
1699 -21.6834
1700 -21.4931
1701 -24.1955
1702 -22.3835
1703 -23.1916
1704 -24.605
1705 -23.0929
1706 -21.6226
1707 -23.1113
1708 -23.7856
1709 -21.3519
1710 -21.8897
1711 -23.5754
1712 -22.847
1713 -20.7647
1714 -21.7895
1715 -22.8726
1716 -22.0879
1717 -20.9968
1718 -20.4155
1719 -20.4461
1720 -19.7072
1721 -21.5617
1722 -20.5777
1723 -20.7031
1724 -21.7318
1725 -21.3894
1726 -22.5638
1727 -21.7491
1728 -22.5302
1729 -23.5947
1730 -22.9676
1731 -21.6127
1732 -22.824
1733 -23.1383
1734 -23.4602
1735 -23.0634
1736 -24.7109
1737 -24.499
1738 -25.0211
1739 -24.54
1740 -23.4063
1741 -23.1703
1742 -23.6078
1743 -24.0034
1744 -21.2565
1745 -22.3081
1746 -23.6324
1747 -23.5648
1748 -23.7116
1749 -22.6816
1750 -22.5368
1751 -22.9142
1752 -22.6775
1753 -21.9277
1754 -23.583
1755 -21.966
1756 -22.9171
1757 -23.9766
1758 -22.2757
1759 -22.9514
1760 -21.2121
1761 -23.1584
1762 -22.2611
1763 -22.5563
1764 -21.0893
1765 -20.9501
1766 -20.0489
1767 -20.2681
1768 -21.1311
1769 -21.4244
1770 -22.6077
1771 -23.1456
1772 -23.6068
1773 -22.558
1774 -25.0323
1775 -22.668
1776 -23.2047
1777 -22.4526
1778 -25.3928
1779 -23.1481
1780 -23.5653
1781 -24.5635
1782 -24.1914
1783 -23.5612
1784 -23.5185
1785 -24.1397
1786 -22.3452
1787 -23.4446
1788 -24.3601
1789 -24.0116
1790 -21.9132
1791 -22.2708
1792 -22.2932
1793 -22.4659
1794 -24.0877
1795 -24.8443
1796 -22.689
1797 -22.8776
1798 -23.116
1799 -23.0612
1800 -22.6765
1801 -23.0999
1802 -23.5073
1803 -21.8613
1804 -22.8708
1805 -23.0043
1806 -22.9618
1807 -21.7386
1808 -21.7753
1809 -21.0165
1810 -20.8445
1811 -21.292
1812 -19.324
1813 -20.4841
1814 -20.7999
1815 -20.4909
1816 -22.557
1817 -21.6061
1818 -22.6185
1819 -21.2971
1820 -21.5702
1821 -22.3827
1822 -23.4951
1823 -22.4862
1824 -22.0726
1825 -24.4323
1826 -22.7296
1827 -24.0948
1828 -23.2432
1829 -24.4585
1830 -23.8792
1831 -23.3189
1832 -23.3925
1833 -23.3462
1834 -23.2354
1835 -21.3002
1836 -21.1161
1837 -21.8237
1838 -21.5011
1839 -21.7287
1840 -21.9402
1841 -23.2157
1842 -22.6028
1843 -23.3612
1844 -21.942
1845 -23.9425
1846 -23.275
1847 -23.0531
1848 -22.4965
1849 -20.9874
1850 -21.6149
1851 -21.8168
1852 -20.8157
1853 -23.2662
1854 -22.3768
1855 -22.5644
1856 -21.6962
1857 -22.3885
1858 -20.7454
1859 -20.696
1860 -20.6666
1861 -19.6244
1862 -20.9399
1863 -22.145
1864 -20.8128
1865 -21.5043
1866 -20.5244
1867 -22.7014
1868 -22.0218
1869 -23.002
1870 -22.9899
1871 -22.1868
1872 -22.2895
1873 -22.911
1874 -23.9731
1875 -21.9872
1876 -23.1226
1877 -23.2018
1878 -22.0251
1879 -23.6122
1880 -21.8226
1881 -22.8982
1882 -22.898
1883 -21.6408
1884 -21.1524
1885 -22.7453
1886 -22.9028
1887 -23.0284
1888 -22.0494
1889 -23.068
1890 -22.8849
1891 -23.2012
1892 -24.1284
1893 -24.078
1894 -22.6778
1895 -24.0558
1896 -22.8101
1897 -22.5451
1898 -23.1279
1899 -22.7538
1900 -22.9952
1901 -20.7763
1902 -20.5836
1903 -23.1846
1904 -20.7114
1905 -21.4115
1906 -21.0642
1907 -21.8539
1908 -20.1267
1909 -20.1114
1910 -23.0541
1911 -20.901
1912 -22.5714
1913 -21.7274
1914 -21.8869
1915 -22.9639
1916 -22.3117
1917 -22.3004
1918 -23.2324
1919 -22.5138
1920 -21.9768
1921 -24.2837
1922 -22.6634
1923 -21.8163
1924 -21.6451
1925 -22.1514
1926 -23.5707
1927 -22.6954
1928 -21.682
1929 -22.2279
1930 -20.4901
1931 -22.4
1932 -24.1678
1933 -22.6838
1934 -22.7113
1935 -23.3271
1936 -23.5477
1937 -21.6153
1938 -22.6358
1939 -22.0068
1940 -22.4246
1941 -21.889
1942 -22.7977
1943 -21.4073
1944 -20.5149
1945 -21.4294
1946 -22.3869
1947 -22.3648
1948 -22.7043
1949 -20.3123
1950 -20.1121
1951 -20.7283
1952 -20.7808
1953 -19.6985
1954 -20.8399
1955 -21.5372
1956 -19.1364
1957 -19.8053
1958 -21.0812
1959 -23.9779
1960 -21.31
1961 -23.1977
1962 -22.6407
1963 -22.7193
1964 -22.7313
1965 -23.2386
1966 -23.4403
1967 -22.0165
1968 -23.4332
1969 -22.4507
1970 -23.3182
1971 -23.5212
1972 -22.4837
1973 -21.399
1974 -21.9554
1975 -22.746
1976 -21.3625
1977 -21.1291
1978 -23.5481
1979 -22.2248
1980 -21.6762
1981 -21.1595
1982 -22.5236
1983 -23.6257
1984 -21.6146
1985 -21.8976
1986 -22.4544
1987 -21.0917
1988 -20.1585
1989 -21.7702
1990 -21.7244
1991 -21.1929
1992 -23.5124
1993 -21.5766
1994 -22.3594
1995 -22.1887
1996 -21.8248
1997 -21.6448
1998 -20.4974
1999 -20.2365
2000 -20.6343
2001 -20.052
2002 -21.8337
2003 -20.9556
2004 -21.8635
2005 -22.5404
2006 -21.0523
2007 -22.6369
2008 -23.3633
2009 -23.5568
2010 -23.0776
2011 -22.6017
2012 -22.7304
2013 -23.5524
2014 -23.1697
2015 -21.7231
2016 -23.8869
2017 -22.8779
2018 -22.0501
2019 -22.694
2020 -23.6195
2021 -23.0568
2022 -23.1564
2023 -22.1532
2024 -24.1216
2025 -21.5628
2026 -22.3044
2027 -20.3343
2028 -21.9064
2029 -22.4078
2030 -21.573
2031 -22.8999
2032 -21.5834
2033 -20.57
2034 -23.2958
2035 -20.0212
2036 -21.9442
2037 -21.6883
2038 -22.1825
2039 -22.3979
2040 -21.1823
2041 -22.3512
2042 -24.2654
2043 -23.1927
2044 -23.7241
2045 -21.9552
2046 -22.6619
2047 -23.1799
2048 -22.5866
2049 -24.5746
2050 -25.0962
2051 -24.8395
2052 -24.6621
2053 -25.6467
2054 -27.3877
2055 -27.9689
2056 -29.5721
2057 -28.5564
2058 -29.8139
2059 -30.5085
2060 -31.8469
2061 -32.0934
2062 -31.1549
2063 -32.7619
2064 -32.1742
2065 -31.7642
2066 -33.3407
2067 -34.1657
2068 -33.479
2069 -33.9606
2070 -34.6157
2071 -34.2579
2072 -34.1757
2073 -33.4108
2074 -34.4074
2075 -35.0098
2076 -35.4611
2077 -36.0233
2078 -35.9213
2079 -36.4932
2080 -37.4671
2081 -35.5068
2082 -38.3477
2083 -38.8926
2084 -35.6706
2085 -37.8138
2086 -37.3312
2087 -38.7231
2088 -37.393
2089 -38.4881
2090 -38.877
2091 -36.4814
2092 -40.5122
2093 -39.6105
2094 -40.0419
2095 -40.2034
2096 -40.0314
2097 -39.621
2098 -41.267
2099 -39.5985
2100 -40.0517
2101 -40.3759
2102 -39.8512
2103 -42.0878
2104 -43.3405
2105 -43.2338
2106 -43.7045
2107 -41.581
2108 -42.534
2109 -43.7273
2110 -45.1144
2111 -45.8829
2112 -44.2048
2113 -45.4194
2114 -45.1889
2115 -44.5916
2116 -44.0248
2117 -47.2679
2118 -45.6487
2119 -45.5909
2120 -47.0228
2121 -45.12
2122 -45.5231
2123 -43.9955
2124 -44.0718
2125 -44.903
2126 -44.6549
2127 -44.3418
2128 -44.3008
2129 -43.4076
2130 -43.5335
2131 -43.0677
2132 -42.522
2133 -41.6542
2134 -41.192
2135 -42.0056
2136 -40.4642
2137 -40.3359
2138 -41.4964
2139 -40.9873
2140 -39.5076
2141 -38.718
2142 -39.1975
2143 -39.726
2144 -38.391
2145 -37.7297
2146 -36.1933
2147 -35.5788
2148 -35.2894
2149 -35.2074
2150 -33.4045
2151 -33.6585
2152 -35.6324
2153 -33.6419
2154 -33.4763
2155 -33.7906
2156 -33.0192
2157 -32.2003
2158 -32.294
2159 -31.6971
2160 -32.501
2161 -31.2106
2162 -31.3301
2163 -31.2818
2164 -30.8766
2165 -30.0127
2166 -30.3979
2167 -32.6546
2168 -31.1877
2169 -32.2004
2170 -32.8385
2171 -33.6154
2172 -32.218
2173 -31.9826
2174 -31.5691
2175 -31.3128
2176 -31.4281
2177 -29.817
2178 -32.851
2179 -32.5496
2180 -33.3925
2181 -33.924
2182 -32.5544
2183 -32.5055
2184 -31.6599
2185 -31.3248
2186 -31.8092
2187 -31.1048
2188 -30.6538
2189 -29.8496
2190 -29.9928
2191 -32.2221
2192 -29.8893
2193 -31.9125
2194 -31.9661
2195 -31.7069
2196 -32.0369
2197 -32.5804
2198 -30.4832
2199 -30.9081
2200 -29.9747
2201 -30.1274
2202 -29.3852
2203 -30.2356
2204 -30.2597
2205 -29.6364
2206 -29.455
2207 -30.1935
2208 -30.0305
2209 -27.9122
2210 -30.6448
2211 -30.4776
2212 -29.7362
2213 -28.904
2214 -28.2294
2215 -29.8126
2216 -31.4776
2217 -30.4376
2218 -31.6465
2219 -31.5134
2220 -32.0498
2221 -31.2796
2222 -30.2793
2223 -30.0868
2224 -29.9607
2225 -30.2783
2226 -31.0776
2227 -32.2444
2228 -33.0401
2229 -34.2352
2230 -31.6269
2231 -31.7427
2232 -31.9287
2233 -31.7963
2234 -29.7183
2235 -30.3313
2236 -32.2615
2237 -30.8551
2238 -31.5647
2239 -31.655
2240 -31.7269
2241 -32.9468
2242 -33.1967
2243 -32.2929
2244 -33.7876
2245 -29.584
2246 -29.6665
2247 -29.0639
2248 -32.2116
2249 -31.5072
2250 -31.0472
2251 -30.8212
2252 -30.8165
2253 -29.8212
2254 -29.7491
2255 -29.9802
2256 -28.9662
2257 -28.1602
2258 -29.8324
2259 -28.6047
2260 -28.2259
2261 -29.041
2262 -29.7897
2263 -29.7271
2264 -32.1937
2265 -31.3456
2266 -32.4019
2267 -31.3876
2268 -31.3837
2269 -30.7028
2270 -31.0456
2271 -31.3936
2272 -31.9397
2273 -31.0035
2274 -33.3536
2275 -32.7924
2276 -31.9005
2277 -32.9388
2278 -31.3281
2279 -30.9945
2280 -29.9821
2281 -31.5048
2282 -30.0874
2283 -31.4889
2284 -31.0131
2285 -32.5284
2286 -31.6985
2287 -31.8897
2288 -32.4318
2289 -31.3616
2290 -31.4988
2291 -32.7536
2292 -31.447
2293 -31.2902
2294 -31.8854
2295 -29.8504
2296 -32.3322
2297 -30.7239
2298 -30.013
2299 -31.4069
2300 -28.6192
2301 -27.9626
2302 -28.9242
2303 -29.7308
2304 -29.6539
2305 -30.0761
2306 -28.9347
2307 -28.5995
2308 -30.2738
2309 -31.264
2310 -30.2133
2311 -31.5279
2312 -30.1929
2313 -32.0838
2314 -31.4757
2315 -31.1611
2316 -31.6054
2317 -31.3415
2318 -32.4084
2319 -31.4226
2320 -32.0661
2321 -32.2869
2322 -32.385
2323 -31.8095
2324 -32.4294
2325 -33.2197
2326 -32.3353
2327 -30.168
2328 -31.3146
2329 -29.935
2330 -31.9134
2331 -30.2896
2332 -31.2093
2333 -31.7486
2334 -32.7823
2335 -30.5415
2336 -31.8987
2337 -31.7016
2338 -31.0776
2339 -31.0576
2340 -30.6937
2341 -30.3575
2342 -31.1572
2343 -30.0558
2344 -30.0014
2345 -32.3948
2346 -31.8617
2347 -30.0612
2348 -29.0371
2349 -29.1014
2350 -29.1056
2351 -28.9241
2352 -30.2887
2353 -28.8934
2354 -29.0403
2355 -29.7073
2356 -30.7361
2357 -29.7426
2358 -30.2362
2359 -31.7728
2360 -32.3171
2361 -30.805
2362 -32.3787
2363 -31.8518
2364 -31.7197
2365 -30.1574
2366 -30.6582
2367 -33.3025
2368 -33.3857
2369 -32.5943
2370 -31.641
2371 -29.9023
2372 -30.8296
2373 -32.2539
2374 -31.612
2375 -30.832
2376 -30.5675
2377 -32.2996
2378 -31.7584
2379 -32.3596
2380 -32.7531
2381 -31.5655
2382 -31.6156
2383 -33.3457
2384 -32.0634
2385 -30.8393
2386 -30.5963
2387 -32.5688
2388 -30.0824
2389 -31.3935
2390 -32.4578
2391 -31.4558
2392 -30.2987
2393 -30.0564
2394 -29.6955
2395 -29.9996
2396 -29.4368
2397 -30.9891
2398 -29.9778
2399 -29.5862
2400 -29.2314
2401 -29.5469
2402 -28.7783
2403 -31.4866
2404 -30.8021
2405 -30.8503
2406 -32.4092
2407 -31.9469
2408 -31.1556
2409 -29.8323
2410 -31.7753
2411 -32.9667
2412 -31.5196
2413 -30.456
2414 -31.9976
2415 -33.4027
2416 -32.6612
2417 -31.872
2418 -32.1539
2419 -30.9475
2420 -32.5056
2421 -31.9443
2422 -32.3492
2423 -31.6408
2424 -31.8125
2425 -31.9888
2426 -31.7943
2427 -32.1041
2428 -32.0854
2429 -32.6562
2430 -29.5112
2431 -31.4944
2432 -31.4168
2433 -31.6348
2434 -29.2486
2435 -30.6334
2436 -30.8962
2437 -30.5632
2438 -31.5716
2439 -31.8508
2440 -29.0821
2441 -30.7268
2442 -29.193
2443 -31.4977
2444 -30.9175
2445 -28.4338
2446 -28.1076
2447 -28.7816
2448 -30.5539
2449 -29.2768
2450 -31.1286
2451 -32.2984
2452 -30.8791
2453 -32.1598
2454 -32.3081
2455 -33.2137
2456 -32.173
2457 -30.8427
2458 -29.5951
2459 -31.1031
2460 -32.6006
2461 -33.2397
2462 -33.4218
2463 -33.6512
2464 -32.419
2465 -30.8564
2466 -30.9606
2467 -31.5071
2468 -30.943
2469 -31.756
2470 -31.5282
2471 -32.1549
2472 -33.3945
2473 -33.7179
2474 -33.3408
2475 -33.3721
2476 -31.9938
2477 -32.1824
2478 -31.2467
2479 -30.9977
2480 -28.692
2481 -30.7975
2482 -31.3237
2483 -30.1189
2484 -30.1934
2485 -29.8069
2486 -31.6263
2487 -32.3884
2488 -31.9405
2489 -30.4959
2490 -30.4182
2491 -29.8909
2492 -31.5895
2493 -29.181
2494 -30.8145
2495 -28.9426
2496 -29.5853
2497 -31.1862
2498 -32.0284
2499 -32.902
2500 -32.0392
2501 -31.5462
2502 -31.0921
2503 -31.0646
2504 -32.3391
2505 -31.2422
2506 -32.0358
2507 -33.7645
2508 -33.174
2509 -33.1446
2510 -32.3185
2511 -31.9747
2512 -31.904
2513 -32.1679
2514 -31.8132
2515 -29.551
2516 -30.0938
2517 -30.6678
2518 -31.3043
2519 -31.1828
2520 -32.5727
2521 -33.3861
2522 -32.0564
2523 -32.4598
2524 -32.1416
2525 -31.2817
2526 -29.8065
2527 -32.4408
2528 -31.9041
2529 -30.9753
2530 -30.2448
2531 -31.9933
2532 -30.7343
2533 -29.6044
2534 -29.6051
2535 -30.321
2536 -29.8478
2537 -29.4863
2538 -31.0983
2539 -28.985
2540 -27.5294
2541 -29.5989
2542 -30.0216
2543 -30.6765
2544 -32.5864
2545 -32.2354
2546 -32.1905
2547 -31.4404
2548 -31.5499
2549 -29.4216
2550 -30.5321
2551 -29.6722
2552 -31.4029
2553 -30.2718
2554 -31.7425
2555 -29.9306
2556 -31.2109
2557 -29.1418
2558 -31.6133
2559 -30.3709
2560 -29.458
2561 -26.7152
2562 -26.6947
2563 -26.6214
2564 -27.014
2565 -27.2961
2566 -25.492
2567 -26.2809
2568 -26.9354
2569 -25.0364
2570 -26.4793
2571 -23.6304
2572 -22.6609
2573 -22.933
2574 -22.2629
2575 -20.1295
2576 -22.2594
2577 -20.5203
2578 -19.5405
2579 -18.4761
2580 -19.6668
2581 -17.8913
2582 -18.3542
2583 -18.8712
2584 -17.9813
2585 -18.8073
2586 -18.0451
2587 -17.4322
2588 -17.3967
2589 -15.1665
2590 -17.008
2591 -16.4667
2592 -15.4999
2593 -15.4057
2594 -14.3854
2595 -15.7593
2596 -16.4166
2597 -13.9368
2598 -15.5659
2599 -15.3542
2600 -15.1178
2601 -14.0865
2602 -14.6567
2603 -13.3558
2604 -14.6098
2605 -14.3868
2606 -16.1665
2607 -14.9967
2608 -15.184
2609 -13.4581
2610 -13.6252
2611 -13.1865
2612 -11.7041
2613 -12.7044
2614 -12.6405
2615 -9.89544
2616 -10.9273
2617 -9.39584
2618 -10.0185
2619 -9.08701
2620 -8.21318
2621 -8.32459
2622 -8.38089
2623 -8.83708
2624 -7.75283
2625 -7.51691
2626 -7.71935
2627 -8.53295
2628 -7.87768
2629 -7.86382
2630 -7.95505
2631 -6.01087
2632 -6.24496
2633 -7.50632
2634 -6.10671
2635 -7.31324
2636 -6.90238
2637 -8.3861
2638 -8.09157
2639 -8.01019
2640 -8.91658
2641 -9.00585
2642 -9.60091
2643 -10.7972
2644 -10.4121
2645 -10.1816
2646 -12.032
2647 -12.1057
2648 -12.5414
2649 -12.7428
2650 -13.5718
2651 -13.2243
2652 -13.6247
2653 -14.568
2654 -17.5525
2655 -16.3543
2656 -17.3473
2657 -17.45
2658 -17.4035
2659 -17.6897
2660 -19.3589
2661 -17.5065
2662 -19.7576
2663 -20.0192
2664 -19.69
2665 -20.6186
2666 -19.8642
2667 -19.3551
2668 -20.1882
2669 -20.4436
2670 -19.7695
2671 -20.3659
2672 -20.4002
2673 -22.4499
2674 -20.7983
2675 -20.4758
2676 -21.1871
2677 -22.9638
2678 -23.0026
2679 -21.4259
2680 -20.1695
2681 -21.661
2682 -21.0504
2683 -23.5836
2684 -20.7296
2685 -21.224
2686 -21.1922
2687 -21.7708
2688 -21.8425
2689 -21.6592
2690 -21.3101
2691 -21.4823
2692 -21.1284
2693 -18.768
2694 -19.1354
2695 -19.1092
2696 -20.2716
2697 -21.9649
2698 -21.4278
2699 -22.5989
2700 -21.9172
2701 -22.4361
2702 -22.1111
2703 -22.7322
2704 -23.3693
2705 -21.8851
2706 -22.5435
2707 -23.5565
2708 -23.7174
2709 -22.6123
2710 -22.6758
2711 -22.9132
2712 -22.6567
2713 -22.5097
2714 -22.1003
2715 -21.8256
2716 -21.9566
2717 -23.2347
2718 -21.1976
2719 -21.8084
2720 -22.7152
2721 -23.938
2722 -24.295
2723 -23.3197
2724 -23.4574
2725 -23.7859
2726 -23.2665
2727 -22.2899
2728 -22.183
2729 -20.9104
2730 -21.9184
2731 -21.3063
2732 -21.9153
2733 -23.3244
2734 -23.501
2735 -23.0832
2736 -22.5791
2737 -22.099
2738 -21.8383
2739 -21.0386
2740 -20.9782
2741 -20.3721
2742 -19.4726
2743 -21.6651
2744 -20.1961
2745 -21.6003
2746 -22.1555
2747 -22.4745
2748 -22.938
2749 -23.8073
2750 -23.4196
2751 -22.8597
2752 -22.1144
2753 -23.8821
2754 -23.1194
2755 -22.3694
2756 -23.3694
2757 -23.5858
2758 -22.9106
2759 -24.2043
2760 -23.6602
2761 -22.5451
2762 -23.5426
2763 -23.4724
2764 -22.7261
2765 -23.7175
2766 -22.0552
2767 -22.5143
2768 -22.8952
2769 -23.5991
2770 -21.9377
2771 -22.4798
2772 -21.7645
2773 -22.1447
2774 -22.8585
2775 -21.7951
2776 -21.1572
2777 -22.3839
2778 -20.2299
2779 -23.3039
2780 -21.9029
2781 -21.8566
2782 -22.4589
2783 -23.0038
2784 -24.0198
2785 -20.8643
2786 -18.6799
2787 -22.3161
2788 -19.5379
2789 -20.0136
2790 -20.9758
2791 -21.3591
2792 -22.8998
2793 -22.4372
2794 -22.5791
2795 -22.7926
2796 -23.8006
2797 -22.6705
2798 -23.0425
2799 -22.7067
2800 -23.7312
2801 -22.6802
2802 -23.7765
2803 -22.3949
2804 -23.6493
2805 -23.9238
2806 -23.4468
2807 -23.0416
2808 -22.0345
2809 -23.3493
2810 -23.0871
2811 -23.5178
2812 -22.5989
2813 -23.0349
2814 -22.6605
2815 -22.9616
2816 -21.7173
2817 -23.2481
2818 -22.8961
2819 -23.5306
2820 -22.8656
2821 -22.3691
2822 -23.3264
2823 -23.4924
2824 -21.1957
2825 -21.4664
2826 -23.6744
2827 -23.0859
2828 -22.3207
2829 -23.2302
2830 -22.2743
2831 -22.5586
2832 -21.6641
2833 -21.7846
2834 -19.0196
2835 -20.3797
2836 -19.9698
2837 -20.6752
2838 -20.94
2839 -23.0393
2840 -23.1324
2841 -21.5976
2842 -21.947
2843 -23.544
2844 -22.0627
2845 -22.3956
2846 -22.2845
2847 -22.3006
2848 -22.644
2849 -22.0863
2850 -23.0383
2851 -23.8479
2852 -22.5043
2853 -23.4864
2854 -23.358
2855 -23.3281
2856 -23.5149
2857 -21.7176
2858 -21.6616
2859 -23.873
2860 -22.051
2861 -23.361
2862 -22.6625
2863 -23.4967
2864 -22.1201
2865 -23.3635
2866 -23.6675
2867 -23.6474
2868 -21.7622
2869 -23.3355
2870 -22.7305
2871 -22.4411
2872 -22.0859
2873 -21.5073
2874 -22.6239
2875 -21.4746
2876 -23.478
2877 -22.7895
2878 -22.2436
2879 -22.307
2880 -22.0654
2881 -20.4675
2882 -19.4465
2883 -20.3522
2884 -19.8894
2885 -20.2058
2886 -21.329
2887 -22.2644
2888 -22.4579
2889 -22.7601
2890 -22.5958
2891 -23.6249
2892 -24.0283
2893 -21.9913
2894 -23.0364
2895 -21.4789
2896 -23.8577
2897 -21.5362
2898 -23.9344
2899 -22.9473
2900 -24.204
2901 -23.5011
2902 -22.9678
2903 -24.9343
2904 -22.1015
2905 -23.5017
2906 -22.0299
2907 -21.8182
2908 -22.8703
2909 -22.1178
2910 -22.5786
2911 -21.7956
2912 -23.1568
2913 -23.1223
2914 -21.4868
2915 -24.1798
2916 -21.4082
2917 -22.9013
2918 -22.1136
2919 -21.275
2920 -22.773
2921 -23.1221
2922 -21.8367
2923 -21.162
2924 -21.6808
2925 -21.1744
2926 -20.1663
2927 -20.8139
2928 -19.9454
2929 -20.8151
2930 -20.538
2931 -21.6838
2932 -22.0127
2933 -21.3427
2934 -20.5206
2935 -22.1209
2936 -22.7738
2937 -23.409
2938 -22.5462
2939 -23.8057
2940 -21.7257
2941 -23.2408
2942 -23.3095
2943 -24.935
2944 -22.9283
2945 -24.1625
2946 -22.7118
2947 -23.5878
2948 -22.4857
2949 -22.7065
2950 -22.9949
2951 -23.1051
2952 -23.1305
2953 -20.3896
2954 -21.5599
2955 -22.9871
2956 -22.2082
2957 -22.3776
2958 -22.851
2959 -22.6891
2960 -23.318
2961 -22.5037
2962 -21.4163
2963 -23.0194
2964 -22.8019
2965 -21.5858
2966 -22.7393
2967 -21.3132
2968 -21.6813
2969 -21.956
2970 -21.7573
2971 -21.0535
2972 -21.1493
2973 -21.2428
2974 -20.5547
2975 -19.4181
2976 -18.2146
2977 -19.0693
2978 -20.9382
2979 -22.5842
2980 -22.266
2981 -21.7882
2982 -22.4037
2983 -22.8612
2984 -20.835
2985 -21.3048
2986 -21.0052
2987 -21.7151
2988 -21.7663
2989 -22.0966
2990 -22.638
2991 -21.5794
2992 -21.9523
2993 -22.7451
2994 -22.9879
2995 -22.6261
2996 -24.857
2997 -22.1621
2998 -21.9307
2999 -20.8684
3000 -22.3621
3001 -20.7483
3002 -21.0531
3003 -22.6323
3004 -21.6169
3005 -22.3645
3006 -22.4877
3007 -22.5917
3008 -22.0931
3009 -22.9006
3010 -23.4752
3011 -20.4436
3012 -21.9904
3013 -21.6337
3014 -21.5867
3015 -21.6963
3016 -22.3918
3017 -22.0764
3018 -22.0013
3019 -21.5825
3020 -19.7273
3021 -19.5576
3022 -19.0838
3023 -19.7325
3024 -20.462
3025 -21.5089
3026 -21.7672
3027 -21.0365
3028 -24.4373
3029 -21.9678
3030 -21.875
3031 -20.819
3032 -24.6757
3033 -22.028
3034 -22.7836
3035 -22.4104
3036 -23.6773
3037 -22.6395
3038 -23.4496
3039 -24.2739
3040 -22.3308
3041 -22.9576
3042 -23.6236
3043 -21.6215
3044 -22.1719
3045 -21.1872
3046 -22.9877
3047 -22.101
3048 -21.8756
3049 -21.0829
3050 -21.608
3051 -23.2082
3052 -22.5224
3053 -23.4946
3054 -22.2625
3055 -22.5203
3056 -22.8954
3057 -23.3008
3058 -21.9479
3059 -22.6607
3060 -23.6886
3061 -21.7193
3062 -22.7445
3063 -22.53
3064 -21.8844
3065 -24.5722
3066 -24.3237
3067 -24.6933
3068 -24.6894
3069 -24.0732
3070 -24.2986
3071 -23.7654
3072 -24.7835
3073 -25.7879
3074 -26.1371
3075 -27.1036
3076 -27.4982
3077 -28.1175
3078 -30.2812
3079 -31.4839
3080 -30.0511
3081 -31.9695
3082 -29.804
3083 -30.9801
3084 -29.8689
3085 -33.0292
3086 -32.2649
3087 -32.3862
3088 -34.0373
3089 -34.4375
3090 -33.3869
3091 -34.0283
3092 -35.0989
3093 -35.4818
3094 -34.4104
3095 -34.1522
3096 -34.3744
3097 -35.8436
3098 -35.3996
3099 -36.9489
3100 -35.1834
3101 -34.3729
3102 -36.5654
3103 -35.1328
3104 -36.618
3105 -36.8151
3106 -35.4952
3107 -34.8429
3108 -35.0681
3109 -34.018
3110 -35.8156
3111 -34.7321
3112 -34.8212
3113 -33.7065
3114 -32.8818
3115 -34.1699
3116 -33.5434
3117 -32.0504
3118 -33.1972
3119 -31.9851
3120 -32.4218
3121 -30.4534
3122 -32.1516
3123 -31.2601
3124 -31.809
3125 -31.7213
3126 -29.6065
3127 -28.8311
3128 -29.8535
3129 -28.9853
3130 -27.9271
3131 -28.3068
3132 -27.4794
3133 -26.045
3134 -26.1607
3135 -28.441
3136 -28.46
3137 -27.9235
3138 -26.2278
3139 -25.9228
3140 -27.0513
3141 -27.007
3142 -27.9137
3143 -26.6503
3144 -25.8147
3145 -25.9039
3146 -26.1482
3147 -26.1341
3148 -26.4216
3149 -26.126
3150 -25.8977
3151 -25.6655
3152 -26.263
3153 -25.0469
3154 -23.9773
3155 -24.6223
3156 -25.2151
3157 -25.1836
3158 -25.4423
3159 -25.9824
3160 -23.5868
3161 -24.8126
3162 -25.9157
3163 -26.1602
3164 -23.7143
3165 -25.5671
3166 -24.655
3167 -23.7846
3168 -23.8108
3169 -23.5342
3170 -23.7957
3171 -24.3033
3172 -25.0161
3173 -23.9737
3174 -23.5785
3175 -24.6695
3176 -23.9189
3177 -24.4402
3178 -21.1598
3179 -24.1012
3180 -25.8262
3181 -24.7538
3182 -23.5566
3183 -24.4509
3184 -24.2982
3185 -24.3968
3186 -23.8938
3187 -24.0343
3188 -24.2407
3189 -23.3545
3190 -23.5755
3191 -24.5716
3192 -24.0899
3193 -24.4235
3194 -22.1852
3195 -22.2644
3196 -24.3005
3197 -24.5301
3198 -24.0234
3199 -24.1756
3200 -23.3663
3201 -23.3321
3202 -23.8167
3203 -22.9189
3204 -23.1459
3205 -23.9921
3206 -24.5267
3207 -23.0733
3208 -23.4604
3209 -25.2254
3210 -24.8694
3211 -23.1698
3212 -22.491
3213 -24.5926
3214 -24.8775
3215 -24.5402
3216 -24.3227
3217 -26.4158
3218 -24.5744
3219 -23.9252
3220 -24.3567
3221 -24.7673
3222 -21.5423
3223 -23.3841
3224 -22.9743
3225 -24.7787
3226 -23.9724
3227 -24.848
3228 -24.7345
3229 -24.2521
3230 -22.8041
3231 -23.7143
3232 -23.503
3233 -23.2257
3234 -24.7623
3235 -24.3202
3236 -24.0788
3237 -23.6084
3238 -24.3544
3239 -24.5464
3240 -22.2847
3241 -24.1816
3242 -26.0092
3243 -24.1646
3244 -23.3866
3245 -23.4895
3246 -24.2535
3247 -24.3849
3248 -23.825
3249 -23.9934
3250 -24.0706
3251 -23.8641
3252 -23.851
3253 -23.3689
3254 -23.9688
3255 -24.5078
3256 -24.4789
3257 -23.9787
3258 -25.0968
3259 -24.2555
3260 -23.595
3261 -23.9121
3262 -25.1873
3263 -23.9666
3264 -24.8259
3265 -23.7947
3266 -23.3117
3267 -24.2893
3268 -23.3151
3269 -24.0155
3270 -24.7555
3271 -24.8433
3272 -23.3181
3273 -24.4373
3274 -23.5461
3275 -24.5999
3276 -24.6475
3277 -23.8563
3278 -24.0301
3279 -25.4432
3280 -24.0203
3281 -23.6439
3282 -22.8294
3283 -22.4999
3284 -23.204
3285 -22.6725
3286 -23.2308
3287 -23.8853
3288 -23.5043
3289 -24.3162
3290 -23.532
3291 -23.7054
3292 -23.8654
3293 -23.8534
3294 -23.7886
3295 -23.1258
3296 -23.7703
3297 -22.95
3298 -22.484
3299 -22.0914
3300 -23.6332
3301 -25.2544
3302 -25.9251
3303 -23.489
3304 -25.7731
3305 -24.2573
3306 -23.5594
3307 -22.6503
3308 -22.4942
3309 -23.6048
3310 -22.9075
3311 -24.0047
3312 -24.4956
3313 -23.5231
3314 -24.5485
3315 -23.7221
3316 -24.3024
3317 -24.2744
3318 -25.1093
3319 -23.3553
3320 -24.3311
3321 -22.7856
3322 -23.2343
3323 -23.0822
3324 -24.9536
3325 -23.8891
3326 -23.6028
3327 -24.5232
3328 -24.7313
3329 -24.2484
3330 -25.1213
3331 -25.0222
3332 -23.0858
3333 -23.5917
3334 -24.0868
3335 -25.7147
3336 -23.9769
3337 -23.8947
3338 -24.3876
3339 -24.0556
3340 -24.4111
3341 -25.3894
3342 -22.8197
3343 -24.8773
3344 -24.4425
3345 -23.9576
3346 -24.5308
3347 -23.8633
3348 -24.6471
3349 -25.4089
3350 -24.5736
3351 -24.0181
3352 -24.9328
3353 -24.1298
3354 -24.1974
3355 -22.7038
3356 -24.7931
3357 -25.1651
3358 -24.222
3359 -24.0445
3360 -22.8924
3361 -24.6514
3362 -24.112
3363 -23.2364
3364 -23.0865
3365 -25.3113
3366 -24.5069
3367 -23.8188
3368 -23.9587
3369 -24.016
3370 -24.4498
3371 -25.1889
3372 -25.5007
3373 -24.7103
3374 -24.0864
3375 -25.4296
3376 -24.0993
3377 -23.2575
3378 -23.6837
3379 -24.7013
3380 -24.26
3381 -24.4483
3382 -23.5174
3383 -24.8834
3384 -26.0105
3385 -25.8026
3386 -24.0936
3387 -24.5431
3388 -22.9219
3389 -23.7182
3390 -24.5793
3391 -25.1667
3392 -24.6772
3393 -24.7862
3394 -24.351
3395 -23.2823
3396 -26.1027
3397 -23.6632
3398 -24.8181
3399 -22.9213
