0 -114.968
1 -114.638
2 -114.524
3 -113.194
4 -113.72
5 -112.637
6 -114.222
7 -111.574
8 -112.457
9 -111.089
10 -109.612
11 -111.315
12 -109
13 -107.43
14 -107.553
15 -107.083
16 -105.717
17 -107.044
18 -104.661
19 -105.787
20 -105.607
21 -103.952
22 -105.209
23 -105.155
24 -104.744
25 -103.261
26 -103.88
27 -103.122
28 -102.294
29 -104.621
30 -104.387
31 -103.354
32 -104.422
33 -104.874
34 -104.791
35 -102.941
36 -104.269
37 -104.189
38 -105.81
39 -106.784
40 -106.235
41 -106.809
42 -109.195
43 -106.34
44 -107.107
45 -108.973
46 -109.823
47 -108.687
48 -108.846
49 -109.809
50 -110.45
51 -111.121
52 -110.764
53 -111.682
54 -111.823
55 -111.608
56 -112.179
57 -112.898
58 -112.688
59 -112.17
60 -113.301
61 -112.683
62 -113.117
63 -113.597
64 -113.679
65 -113.94
66 -114.536
67 -114.527
68 -114.684
69 -115.313
70 -115.792
71 -114.835
72 -114.483
73 -113.685
74 -116.066
75 -116.029
76 -115.235
77 -114.943
78 -115.021
79 -115.005
80 -116.41
81 -114.2
82 -116.052
83 -114.142
84 -116.332
85 -116.104
86 -116.294
87 -115.169
88 -115.238
89 -115.436
90 -115.057
91 -116.471
92 -116.844
93 -116.545
94 -116.632
95 -116.485
96 -116.861
97 -116.095
98 -117.135
99 -116.489
100 -117.667
101 -116.027
102 -116.008
103 -115.809
104 -115.327
105 -115.049
106 -115.153
107 -116.408
108 -114.936
109 -116.048
110 -116.851
111 -115.596
112 -115.932
113 -115.957
114 -116.558
115 -116.98
116 -115.274
117 -116.484
118 -116.438
119 -117.36
120 -114.867
121 -115.73
122 -115.991
123 -115.919
124 -116.081
125 -117.52
126 -116.143
127 -117.253
128 -114.599
129 -118.482
130 -116.287
131 -115.438
132 -116.379
133 -114.363
134 -114.792
135 -114.666
136 -115.238
137 -115.034
138 -113.115
139 -112.057
140 -111.82
141 -110.985
142 -110.453
143 -110.972
144 -110.823
145 -110.155
146 -109.464
147 -108.555
148 -109.01
149 -106.659
150 -106.196
151 -106.437
152 -105.542
153 -104.614
154 -104.551
155 -107.867
156 -106.552
157 -102.625
158 -101.997
159 -101.969
160 -102.85
161 -101.098
162 -101.01
163 -99.2348
164 -98.5362
165 -97.7302
166 -96.6719
167 -95.6603
168 -97.882
169 -96.1974
170 -96.2708
171 -95.4719
172 -96.382
173 -97.0537
174 -95.2172
175 -95.6953
176 -95.1941
177 -94.4294
178 -97.4912
179 -96.0506
180 -96.6262
181 -96.3873
182 -97.4228
183 -96.5662
184 -95.6535
185 -95.3623
186 -97.1704
187 -97.4318
188 -100.205
189 -99.0589
190 -99.5714
191 -98.8984
192 -100.323
193 -100.986
194 -101.527
195 -102.135
196 -102.046
197 -102.881
198 -103.707
199 -102.958
200 -103.158
201 -103.527
202 -104.637
203 -104.936
204 -105.906
205 -106.533
206 -105.35
207 -106.347
208 -105.634
209 -109.728
210 -107.515
211 -107.142
212 -108.149
213 -107.579
214 -107.802
215 -106.824
216 -106.197
217 -107.264
218 -107.362
219 -109.084
220 -109.341
221 -109.536
222 -109.845
223 -109.023
224 -107.8
225 -109.344
226 -109.239
227 -106.909
228 -107.91
229 -108.265
230 -107.957
231 -106.052
232 -106.098
233 -105.832
234 -105.245
235 -104.775
236 -105.536
237 -105.691
238 -106.843
239 -107.888
240 -107.774
241 -108.819
242 -109.223
243 -108.018
244 -108.611
245 -109.009
246 -109.069
247 -108.344
248 -110.582
249 -110.185
250 -109.582
251 -110.245
252 -109.49
253 -110.152
254 -108.637
255 -109.01
256 -108.32
257 -110.739
258 -111.995
259 -110.922
260 -110.847
261 -109.203
262 -108.527
263 -109.459
264 -109.059
265 -109.267
266 -111.347
267 -109.856
268 -111.845
269 -111.589
270 -110.505
271 -109.799
272 -110.029
273 -109.182
274 -109.464
275 -108.752
276 -108.291
277 -107.581
278 -108.053
279 -106.521
280 -106.468
281 -106.806
282 -106.997
283 -107.304
284 -106.886
285 -106.446
286 -107.462
287 -107.771
288 -110.234
289 -109.631
290 -109.546
291 -109.265
292 -110.465
293 -109.741
294 -109.909
295 -111.276
296 -112.285
297 -110.393
298 -109.083
299 -109.414
300 -108.466
301 -109.191
302 -108.534
303 -109.662
304 -108.363
305 -108.788
306 -110.142
307 -109.342
308 -107.931
309 -107.578
310 -107.86
311 -108.193
312 -110.508
313 -109.305
314 -111.259
315 -110.222
316 -109.876
317 -111.012
318 -109.294
319 -110.515
320 -109.509
321 -108.111
322 -108.395
323 -107.275
324 -107.177
325 -107.709
326 -106.767
327 -107.387
328 -107.74
329 -107.997
330 -107.036
331 -106.493
332 -106.617
333 -107.603
334 -108.312
335 -106.738
336 -108.174
337 -110.847
338 -108.616
339 -109.384
340 -109.556
341 -110.759
342 -110.073
343 -109.328
344 -108.84
345 -110.047
346 -108.587
347 -108.49
348 -109.11
349 -109.006
350 -109.479
351 -109.079
352 -109.973
353 -109.782
354 -109.525
355 -107.49
356 -108.992
357 -107.983
358 -107.988
359 -110.752
360 -109.288
361 -110.261
362 -111.297
363 -110.238
364 -109.592
365 -108.625
366 -108.281
367 -108.11
368 -108.241
369 -108.413
370 -108.579
371 -107.897
372 -106.793
373 -105.474
374 -106.277
375 -105.941
376 -106.785
377 -106.026
378 -106.868
379 -105.786
380 -107.732
381 -107.323
382 -108.171
383 -107.618
384 -108.01
385 -107.637
386 -109.51
387 -108.261
388 -109.342
389 -109.882
390 -110.628
391 -108.97
392 -108.299
393 -108.845
394 -108.348
395 -107.832
396 -108.253
397 -108.034
398 -109.814
399 -107.451
400 -107.962
401 -109.225
402 -108.938
403 -107
404 -108.854
405 -106.264
406 -108.341
407 -108.643
408 -107.877
409 -109.785
410 -109.656
411 -109.127
412 -107.585
413 -108.916
414 -106.998
415 -106.657
416 -107.332
417 -106.592
418 -105.487
419 -106.18
420 -106.565
421 -104.822
422 -104.585
423 -104.181
424 -106.691
425 -106.059
426 -104.949
427 -107.62
428 -105.876
429 -106.841
430 -109.103
431 -107.857
432 -109.941
433 -108.433
434 -109.527
435 -109.246
436 -109.573
437 -108.424
438 -109.43
439 -107.412
440 -106.906
441 -106.731
442 -107.837
443 -107.908
444 -108.936
445 -107.819
446 -107.772
447 -108.77
448 -107.568
449 -108.135
450 -108.383
451 -107.942
452 -108.288
453 -107.763
454 -108.227
455 -108.714
456 -110.096
457 -109.128
458 -107.959
459 -108.453
460 -107.909
461 -106.781
462 -104.943
463 -105.354
464 -106.582
465 -106.514
466 -105.128
467 -104.655
468 -104.968
469 -105.445
470 -105.286
471 -105.373
472 -105.984
473 -106.505
474 -105.929
475 -106.933
476 -106.711
477 -107.279
478 -107.767
479 -109.168
480 -110
481 -108.154
482 -109.887
483 -108.515
484 -108.181
485 -108.06
486 -107.126
487 -106.004
488 -106.18
489 -107.242
490 -107.243
491 -109.713
492 -107.608
493 -106.616
494 -107.848
495 -106.618
496 -106.999
497 -108.193
498 -106.328
499 -107.793
500 -107.069
501 -108.57
502 -111.004
503 -108.646
504 -108.502
505 -109.265
506 -106.314
507 -107.823
508 -105.144
509 -105.454
510 -104.49
511 -105.463
512 -105.849
513 -105.233
514 -104.804
515 -105.404
516 -106.206
517 -104.243
518 -104.558
519 -105.617
520 -104.651
521 -106.201
522 -107.933
523 -107.404
524 -107.238
525 -106.198
526 -108.634
527 -106.681
528 -105.5
529 -107.077
530 -107.008
531 -106.721
532 -106.978
533 -105.424
534 -105.777
535 -107.791
536 -106.566
537 -105.685
538 -107.203
539 -105.586
540 -105.648
541 -107.231
542 -107.668
543 -106.474
544 -105.304
545 -106.883
546 -105.494
547 -106.629
548 -107.462
549 -106.618
550 -107.668
551 -106.919
552 -107.082
553 -106.201
554 -104.713
555 -105.548
556 -104.853
557 -104.284
558 -104.334
559 -104.623
560 -103.95
561 -104.34
562 -101.804
563 -104.455
564 -103.862
565 -105.49
566 -104.338
567 -105.45
568 -105.233
569 -106.73
570 -106.45
571 -105.967
572 -107.073
573 -106.723
574 -105.724
575 -106.419
576 -107.29
577 -106.179
578 -106.111
579 -106.689
580 -105.868
581 -107.574
582 -105.315
583 -106.117
584 -105.779
585 -106.363
586 -106.579
587 -106.13
588 -105.646
589 -105.784
590 -104.694
591 -106.518
592 -106.389
593 -106.953
594 -107.535
595 -108.194
596 -106.548
597 -107.182
598 -106.963
599 -105.498
600 -105.211
601 -104.96
602 -104.223
603 -105.353
604 -105.702
605 -106.07
606 -106.518
607 -106.033
608 -106.498
609 -106.648
610 -106.859
611 -108.136
612 -107.589
613 -109.282
614 -110.672
615 -110.015
616 -112.524
617 -110.789
618 -111.867
619 -112.665
620 -114.766
621 -113.026
622 -114.384
623 -115.991
624 -114.168
625 -116.017
626 -116.8
627 -115.118
628 -116.206
629 -116.19
630 -117.794
631 -117.193
632 -119.418
633 -120.899
634 -121.379
635 -121.994
636 -121.194
637 -121.651
638 -120.468
639 -120.682
640 -120.684
641 -122.015
642 -121.317
643 -120.03
644 -121.089
645 -121.165
646 -118.835
647 -120.139
648 -119.973
649 -119.53
650 -119.349
651 -119.678
652 -119.027
653 -120.207
654 -117.896
655 -119.588
656 -117.449
657 -117.135
658 -116.344
659 -117.047
660 -116.169
661 -116.388
662 -116.311
663 -116.658
664 -116.78
665 -114.65
666 -115.662
667 -114.663
668 -113.613
669 -111.132
670 -113.795
671 -114.154
672 -113.392
673 -111.995
674 -112.772
675 -112.696
676 -111.448
677 -111.405
678 -111.748
679 -111.665
680 -112.393
681 -111.448
682 -110.786
683 -110.999
684 -110.828
685 -110.915
686 -110.789
687 -109.513
688 -109.383
689 -110.498
690 -110.779
691 -110.827
692 -109.572
693 -109.613
694 -109.556
695 -109.954
696 -109.934
697 -109.181
698 -109.432
699 -108.614
700 -107.303
701 -108.685
702 -109.027
703 -108.29
704 -108.37
705 -109.208
706 -108.291
707 -110.499
708 -107.822
709 -107.602
710 -108.647
711 -108.169
712 -108.247
713 -108.357
714 -108.768
715 -109.19
716 -109.071
717 -108.448
718 -109.286
719 -108.783
720 -107.991
721 -108.808
722 -106.391
723 -108.365
724 -107.284
725 -106.826
726 -106.639
727 -107.816
728 -108.495
729 -106.755
730 -106.265
731 -107.927
732 -109.159
733 -108.76
734 -108.078
735 -108.873
736 -106.832
737 -107.609
738 -108.933
739 -108.826
740 -107.724
741 -109.206
742 -107.879
743 -108.629
744 -107.8
745 -107.46
746 -107.89
747 -108.925
748 -109.851
749 -109.182
750 -110.132
751 -110.019
752 -110.881
753 -109.502
754 -112.104
755 -113.464
756 -112.801
757 -112.27
758 -114.114
759 -113.321
760 -114.862
761 -115.265
762 -115.133
763 -115.607
764 -116.338
765 -116.559
766 -117.244
767 -116.555
768 -118.073
769 -118.288
770 -118.657
771 -121.254
772 -119.89
773 -121.44
774 -122.614
775 -122.554
776 -124.036
777 -124.644
778 -123.66
779 -125.7
780 -125.375
781 -125.704
782 -125.809
783 -126.537
784 -126.37
785 -128.379
786 -128.309
787 -128.898
788 -129.849
789 -129.585
790 -128.335
791 -128.546
792 -129.31
793 -127.912
794 -128.632
795 -128.876
796 -127.365
797 -126.245
798 -128.881
799 -126.61
800 -127.357
801 -127.073
802 -126.118
803 -125.831
804 -125.907
805 -127.626
806 -124.606
807 -125.406
808 -124.769
809 -125.004
810 -124.325
811 -123.125
812 -124.059
813 -122.222
814 -121.059
815 -119.968
816 -119.891
817 -121.703
818 -120.629
819 -121.149
820 -119.977
821 -118.309
822 -118.124
823 -118.524
824 -118.562
825 -118.234
826 -117.534
827 -117.269
828 -117.199
829 -118.287
830 -117.399
831 -115.822
832 -114.865
833 -116.03
834 -116.574
835 -115.478
836 -115.505
837 -114.342
838 -115.642
839 -116.842
840 -116.912
841 -115.782
842 -116.894
843 -116.766
844 -117.447
845 -118.404
846 -118.076
847 -117.408
848 -117.753
849 -118.663
850 -118.231
851 -118.395
852 -117.25
853 -117.894
854 -117.218
855 -118.136
856 -116.679
857 -115.886
858 -117.311
859 -116.719
860 -116.853
861 -118.314
862 -116.314
863 -117.827
864 -116.22
865 -117.02
866 -117.837
867 -116.497
868 -115.725
869 -115.653
870 -114.88
871 -116.321
872 -115.212
873 -116.223
874 -116.514
875 -114.695
876 -115.859
877 -115.373
878 -115.133
879 -114.833
880 -114.043
881 -113.402
882 -114.367
883 -114.741
884 -113.958
885 -115.82
886 -115.507
887 -116
888 -117.325
889 -117.708
890 -116.709
891 -117.27
892 -115.3
893 -117.225
894 -116.622
895 -117.181
896 -117.065
897 -117.079
898 -117.804
899 -118.475
900 -115.793
901 -117.357
902 -117.437
903 -115.621
904 -116.495
905 -115.987
906 -116.678
907 -114.66
908 -117.316
909 -116.363
910 -117.996
911 -115.159
912 -116.195
913 -117.018
914 -117.662
915 -116.246
916 -114.627
917 -114.971
918 -114.695
919 -116.049
920 -115.87
921 -113.826
922 -115.973
923 -115.814
924 -114.484
925 -116.001
926 -115.554
927 -114.72
928 -115.131
929 -115.681
930 -115.776
931 -114.061
932 -115.072
933 -116.402
934 -116.547
935 -117.624
936 -117.672
937 -115.59
938 -119.124
939 -117.012
940 -116.321
941 -117.135
942 -117.504
943 -117.866
944 -116.75
945 -118.961
946 -117.293
947 -116.726
948 -118.121
949 -117.413
950 -116.999
951 -116.481
952 -115.796
953 -115.738
954 -115.554
955 -117.359
956 -116.98
957 -118.347
958 -117.239
959 -117.565
960 -116.728
961 -117.038
962 -117.075
963 -116.035
964 -114.744
965 -115.013
966 -115.951
967 -116.982
968 -116.017
969 -117.005
970 -116.771
971 -116.83
972 -116.024
973 -115.569
974 -116.223
975 -115.69
976 -116.622
977 -115.599
978 -115.66
979 -115.391
980 -118.296
981 -117.896
982 -118.953
983 -118.895
984 -119.316
985 -118.277
986 -118.53
987 -118.932
988 -117.678
989 -117.318
990 -118.845
991 -118.9
992 -119.115
993 -118.911
994 -120.029
995 -119.276
996 -118.995
997 -118.518
998 -117.724
999 -119.032
1000 -117.281
1001 -117.594
1002 -117.552
1003 -118.42
1004 -118.994
1005 -116.692
1006 -118.664
1007 -117.558
1008 -118.673
1009 -117.066
1010 -117.254
1011 -116.862
1012 -116.836
1013 -116.754
1014 -117.548
1015 -116.474
1016 -117.506
1017 -117.298
1018 -117.802
1019 -116.488
1020 -115.822
1021 -115.25
1022 -116.666
1023 -116.219
1024 -115.907
1025 -116.008
1026 -117.879
1027 -118.818
1028 -120.187
1029 -119.164
1030 -119.208
1031 -117.854
1032 -118.301
1033 -117.734
1034 -119.591
1035 -119.862
1036 -120.223
1037 -120.867
1038 -119.518
1039 -119.812
1040 -119.711
1041 -120.361
1042 -118.441
1043 -118.63
1044 -118.032
1045 -118.719
1046 -118.401
1047 -118.356
1048 -118.138
1049 -119.288
1050 -117.976
1051 -118.479
1052 -119.629
1053 -118.22
1054 -118.179
1055 -117.699
1056 -118.245
1057 -115.919
1058 -116.12
1059 -117.113
1060 -116.183
1061 -117.037
1062 -118.902
1063 -118.873
1064 -118.751
1065 -118.159
1066 -117.757
1067 -118.877
1068 -116.901
1069 -117.158
1070 -115.983
1071 -116.962
1072 -117.211
1073 -118.729
1074 -118.819
1075 -120.339
1076 -119.803
1077 -120.71
1078 -118.764
1079 -119.095
1080 -118.804
1081 -118.296
1082 -119.788
1083 -119.636
1084 -119.601
1085 -119.407
1086 -119.558
1087 -121.681
1088 -119.117
1089 -119.129
1090 -119.342
1091 -116.361
1092 -119.053
1093 -118.041
1094 -118.71
1095 -120.178
1096 -118.58
1097 -119.366
1098 -119.945
1099 -119.961
1100 -118.595
1101 -117.64
1102 -117.194
1103 -117.491
1104 -118.528
1105 -118.371
1106 -118.677
1107 -118.912
1108 -118.343
1109 -118.479
1110 -117.218
1111 -117.614
1112 -118.827
1113 -119.27
1114 -117.435
1115 -118.092
1116 -117.036
1117 -117.044
1118 -118.17
1119 -117.049
1120 -118.505
1121 -118.792
1122 -120.933
1123 -119.705
1124 -120.043
1125 -119.33
1126 -120.398
1127 -119.096
1128 -119.417
1129 -119.169
1130 -119.8
1131 -121.928
1132 -120.72
1133 -120.239
1134 -120.795
1135 -120.767
1136 -120.124
1137 -119.986
1138 -119.811
1139 -118.492
1140 -117.343
1141 -119.967
1142 -119.411
1143 -119.415
1144 -120.22
1145 -118.049
1146 -118.826
1147 -118.035
1148 -118.184
1149 -119.21
1150 -118.249
1151 -118.722
1152 -118.403
1153 -117.95
1154 -118.852
1155 -119.449
1156 -118.445
1157 -118.443
1158 -118.491
1159 -118.385
1160 -117.843
1161 -117.164
1162 -119.285
1163 -118.808
1164 -118.527
1165 -119.212
1166 -118.612
1167 -119.966
1168 -119.293
1169 -120.401
1170 -120.292
1171 -118.601
1172 -119.024
1173 -119.694
1174 -119.865
1175 -119.551
1176 -119.712
1177 -118.83
1178 -118.412
1179 -120.415
1180 -120.3
1181 -118.919
1182 -121.404
1183 -118.641
1184 -120.103
1185 -120.017
1186 -119.29
1187 -118.347
1188 -120.021
1189 -118.874
1190 -119.645
1191 -119.741
1192 -119.76
1193 -119.425
1194 -118.573
1195 -119.173
1196 -118.902
1197 -118.363
1198 -118.01
1199 -117.24
1200 -116.989
1201 -118.872
1202 -118.209
1203 -119.415
1204 -119.237
1205 -119.313
1206 -117.607
1207 -118.61
1208 -117.243
1209 -118.366
1210 -117.284
1211 -118.46
1212 -118.124
1213 -119.37
1214 -119.269
1215 -119.79
1216 -121.342
1217 -120.067
1218 -118.084
1219 -117.91
1220 -120.928
1221 -118.633
1222 -116.667
1223 -117.6
1224 -118.561
1225 -118.403
1226 -117.5
1227 -118.617
1228 -116.178
1229 -117.647
1230 -115.913
1231 -114.403
1232 -115.016
1233 -114.293
1234 -111.833
1235 -110.474
1236 -112.55
1237 -112.713
1238 -111.979
1239 -111.342
1240 -110.575
1241 -109.267
1242 -109.563
1243 -107.871
1244 -106.664
1245 -106.791
1246 -106.696
1247 -105.019
1248 -105.606
1249 -105.141
1250 -105.775
1251 -102.875
1252 -103.855
1253 -103.795
1254 -103.857
1255 -102.93
1256 -103.051
1257 -103.26
1258 -104.261
1259 -102.855
1260 -103.388
1261 -103.417
1262 -104.29
1263 -104.546
1264 -104.025
1265 -103.315
1266 -104.842
1267 -102.995
1268 -103.751
1269 -104.245
1270 -104.638
1271 -106.045
1272 -107.393
1273 -106.899
1274 -106.666
1275 -107.595
1276 -106.982
1277 -107.152
1278 -108.019
1279 -109.21
1280 -107.788
1281 -108.597
1282 -109.677
1283 -108.94
1284 -110.96
1285 -112.451
1286 -111.746
1287 -111.732
1288 -111.633
1289 -111.646
1290 -114.126
1291 -113.276
1292 -112.771
1293 -111.771
1294 -113.009
1295 -113.293
1296 -113.153
1297 -113.876
1298 -112.654
1299 -112.212
1300 -114.293
1301 -113.887
1302 -113.879
1303 -114.19
1304 -115.239
1305 -114.408
1306 -113.868
1307 -113.752
1308 -114.77
1309 -114.598
1310 -115.112
1311 -114.046
1312 -113.698
1313 -114.17
1314 -114.38
1315 -115.483
1316 -115.822
1317 -115.667
1318 -114.042
1319 -115.801
1320 -115.995
1321 -115.658
1322 -115.961
1323 -116.332
1324 -116.98
1325 -115.465
1326 -115.78
1327 -115.665
1328 -115.134
1329 -117.028
1330 -115.725
1331 -114.722
1332 -115.78
1333 -116.622
1334 -115.465
1335 -115.229
1336 -116.375
1337 -117.268
1338 -114.907
1339 -116.625
1340 -115.475
1341 -116.461
1342 -115.728
1343 -114.961
1344 -116.287
1345 -116.62
1346 -116.624
1347 -114.498
1348 -115.247
1349 -116.129
1350 -115.313
1351 -116.581
1352 -115.71
1353 -116.165
1354 -116.158
1355 -115.809
1356 -114.594
1357 -115.133
1358 -115.088
1359 -116.442
1360 -114.692
1361 -114.434
1362 -116.145
1363 -115.503
1364 -114.705
1365 -114.98
1366 -113.339
1367 -115.45
1368 -113.789
1369 -113.633
1370 -111.877
1371 -111.733
1372 -111.212
1373 -109.862
1374 -111.363
1375 -110.827
1376 -108.647
1377 -109.172
1378 -108.371
1379 -107.25
1380 -105.443
1381 -107.186
1382 -105.915
1383 -105.896
1384 -104.233
1385 -104.565
1386 -104.504
1387 -103.352
1388 -103.548
1389 -102.993
1390 -101.114
1391 -101.601
1392 -99.4911
1393 -101.038
1394 -99.3657
1395 -98.7724
1396 -100.077
1397 -98.4942
1398 -96.5347
1399 -95.1147
1400 -96.2706
1401 -96.4492
1402 -96.4141
1403 -94.8319
1404 -94.5794
1405 -95.1991
1406 -93.997
1407 -94.8812
1408 -95.5717
1409 -95.6681
1410 -94.6273
1411 -95.0202
1412 -96.4783
1413 -96.2443
1414 -97.303
1415 -95.5992
1416 -96.8014
1417 -97.1794
1418 -99.0907
1419 -96.9572
1420 -97.942
1421 -98.964
1422 -99.8703
1423 -99.7794
1424 -100.501
1425 -101.271
1426 -100.598
1427 -102.398
1428 -101.469
1429 -103.991
1430 -104.619
1431 -103.917
1432 -104.698
1433 -105.39
1434 -104.63
1435 -104.591
1436 -106.086
1437 -104.002
1438 -106.029
1439 -105.483
1440 -104.872
1441 -106.655
1442 -107.355
1443 -105.765
1444 -106.07
1445 -105.676
1446 -106.322
1447 -106.036
1448 -107.397
1449 -108.405
1450 -107.776
1451 -107.148
1452 -107.891
1453 -107.748
1454 -107.539
1455 -107.894
1456 -107.887
1457 -107.996
1458 -105.998
1459 -106.959
1460 -106.866
1461 -106.111
1462 -105.528
1463 -105.795
1464 -107.625
1465 -107.126
1466 -108.311
1467 -105.642
1468 -108.74
1469 -107.096
1470 -106.807
1471 -107.819
1472 -109.501
1473 -107.871
1474 -109.252
1475 -108.666
1476 -109.354
1477 -109.135
1478 -109.411
1479 -109.572
1480 -109.709
1481 -109.146
1482 -108.963
1483 -109.136
1484 -107.826
1485 -107.663
1486 -108.441
1487 -108.82
1488 -110.317
1489 -110.475
1490 -109.272
1491 -109.506
1492 -109.586
1493 -108.198
1494 -109.089
1495 -108.374
1496 -107.174
1497 -108.039
1498 -110.682
1499 -111.082
1500 -110.011
1501 -110.728
1502 -110.285
1503 -109.115
1504 -109.206
1505 -108.769
1506 -107.511
1507 -108.268
1508 -107.076
1509 -106.644
1510 -108.989
1511 -106.954
1512 -107.907
1513 -107.041
1514 -107.141
1515 -107.244
1516 -107.335
1517 -106.579
1518 -109.408
1519 -107.761
1520 -106.455
1521 -110.415
1522 -110.172
1523 -109.323
1524 -109.455
1525 -109.242
1526 -108.718
1527 -107.645
1528 -108.759
1529 -107.786
1530 -107.924
1531 -109.699
1532 -107.786
1533 -109.71
1534 -106.597
1535 -108.88
1536 -109.863
1537 -109.093
1538 -109.231
1539 -110.314
1540 -108.757
1541 -107.853
1542 -108.904
1543 -109.205
1544 -111.372
1545 -109.43
1546 -108.55
1547 -108.04
1548 -109
1549 -108.128
1550 -108.988
1551 -108.327
1552 -107.279
1553 -108.385
1554 -107.275
1555 -107.051
1556 -106.986
1557 -106.522
1558 -106.952
1559 -104.967
1560 -107.063
1561 -106.377
1562 -107.194
1563 -106.375
1564 -105.844
1565 -108.008
1566 -109.025
1567 -108.369
1568 -109.307
1569 -108.373
1570 -109.398
1571 -108.528
1572 -110.042
1573 -108.942
1574 -108.839
1575 -107.929
1576 -110.497
1577 -108.534
1578 -108.384
1579 -110.28
1580 -108.386
1581 -108.12
1582 -108.716
1583 -108.723
1584 -108.968
1585 -109.833
1586 -110.161
1587 -107.793
1588 -108.368
1589 -109.428
1590 -108.778
1591 -109.039
1592 -108.721
1593 -108.679
1594 -110.974
1595 -108.886
1596 -109.248
1597 -109.088
1598 -107.545
1599 -106.776
1600 -108.714
1601 -106.078
1602 -105.224
1603 -106.708
1604 -105.241
1605 -105.071
1606 -106.574
1607 -105.232
1608 -106.58
1609 -106.042
1610 -105.802
1611 -105.659
1612 -108.424
1613 -107.86
1614 -107.547
1615 -108.328
1616 -108.756
1617 -109.079
1618 -109.355
1619 -109.8
1620 -107.021
1621 -108.57
1622 -109.487
1623 -108.728
1624 -106.263
1625 -106.672
1626 -108.359
1627 -109.203
1628 -109.947
1629 -107.669
1630 -108.123
1631 -108.537
1632 -110.381
1633 -108.768
1634 -108.955
1635 -108.726
1636 -106.377
1637 -108.247
1638 -107.261
1639 -110.21
1640 -108.778
1641 -109.35
1642 -109.532
1643 -108.011
1644 -107.349
1645 -106.773
1646 -107.116
1647 -105.841
1648 -105.988
1649 -106.216
1650 -106.104
1651 -106.219
1652 -105.564
1653 -106.473
1654 -105.731
1655 -104.157
1656 -105.046
1657 -104.575
1658 -106.812
1659 -107.984
1660 -106.364
1661 -107.995
1662 -107.723
1663 -106.824
1664 -108.015
1665 -107.752
1666 -108.162
1667 -107.337
1668 -108.847
1669 -107.904
1670 -107.495
1671 -107.024
1672 -106.587
1673 -108.239
1674 -107.616
1675 -107.6
1676 -107.636
1677 -108.751
1678 -108.264
1679 -107.783
1680 -106.767
1681 -105.923
1682 -105.854
1683 -106.508
1684 -109.422
1685 -108.116
1686 -109.544
1687 -108.423
1688 -109.005
1689 -108.744
1690 -106.825
1691 -105.924
1692 -106.02
1693 -105.9
1694 -106.411
1695 -105.051
1696 -105.012
1697 -106.237
1698 -106.951
1699 -105.541
1700 -105.865
1701 -104.371
1702 -104.78
1703 -104.862
1704 -106.027
1705 -107.684
1706 -106.694
1707 -106.776
1708 -107.278
1709 -108.022
1710 -107.205
1711 -106.866
1712 -106.879
1713 -107.29
1714 -107.747
1715 -107.509
1716 -107.835
1717 -106.522
1718 -105.56
1719 -106.93
1720 -106.801
1721 -108.363
1722 -106.86
1723 -107.327
1724 -106.849
1725 -108.025
1726 -108.343
1727 -105.781
1728 -105.372
1729 -107.707
1730 -108.113
1731 -107.752
1732 -107.225
1733 -107.94
1734 -107.155
1735 -107.244
1736 -105.52
1737 -108.498
1738 -106.524
1739 -104.911
1740 -104.478
1741 -104.641
1742 -104.236
1743 -106.052
1744 -104.301
1745 -103.91
1746 -103.162
1747 -102.341
1748 -104.369
1749 -104.885
1750 -103.664
1751 -106.104
1752 -105.842
1753 -107.39
1754 -106.287
1755 -105.469
1756 -107.419
1757 -106.586
1758 -106.343
1759 -107.416
1760 -107.066
1761 -105.922
1762 -107.495
1763 -106.028
1764 -105.386
1765 -105.012
1766 -105.503
1767 -106.743
1768 -105.08
1769 -106.184
1770 -107.586
1771 -107.071
1772 -107.308
1773 -105.785
1774 -105.818
1775 -107.105
1776 -106.929
1777 -106.914
1778 -107.116
1779 -107.021
1780 -107.374
1781 -108.292
1782 -107.385
1783 -105.66
1784 -105.265
1785 -108.124
1786 -106.513
1787 -104.356
1788 -105.258
1789 -103.051
1790 -104.718
1791 -102.683
1792 -104.372
1793 -103.688
1794 -102.943
1795 -103.849
1796 -102.464
1797 -104.274
1798 -104.704
1799 -105.089
1800 -104.451
1801 -106.758
1802 -107.111
1803 -107.525
1804 -108.414
1805 -107.486
1806 -105.702
1807 -105.383
1808 -106.245
1809 -106.175
1810 -106.549
1811 -106.926
1812 -106.069
1813 -104.771
1814 -105.086
1815 -104.796
1816 -105.711
1817 -105.69
1818 -107.679
1819 -106.509
1820 -105.903
1821 -105.914
1822 -106.597
1823 -107.158
1824 -106.336
1825 -107.549
1826 -107.594
1827 -107.956
1828 -106.968
1829 -107.638
1830 -107.496
1831 -106.665
1832 -106.506
1833 -105.673
1834 -105.4
1835 -106.568
1836 -106.796
1837 -106.287
1838 -106.691
1839 -106.655
1840 -107.107
1841 -107.472
1842 -106.795
1843 -106.985
1844 -108.725
1845 -109.418
1846 -110.89
1847 -112.849
1848 -111.854
1849 -112.284
1850 -113.078
1851 -111.373
1852 -113.712
1853 -115.126
1854 -114.623
1855 -116.387
1856 -116.247
1857 -116.063
1858 -116.228
1859 -115.902
1860 -116.484
1861 -116.654
1862 -118.036
1863 -119.048
1864 -119.964
1865 -120.535
1866 -121.706
1867 -121.236
1868 -120.502
1869 -121.102
1870 -120.341
1871 -119.742
1872 -118.349
1873 -120.287
1874 -120.277
1875 -119.579
1876 -120.776
1877 -120.966
1878 -120.809
1879 -118.678
1880 -119.579
1881 -119.653
1882 -119.181
1883 -117.999
1884 -119.54
1885 -118.644
1886 -118.987
1887 -117.126
1888 -117.719
1889 -118.597
1890 -117.237
1891 -115.94
1892 -116.773
1893 -114.841
1894 -115.419
1895 -114.372
1896 -115.047
1897 -114.073
1898 -114.136
1899 -114.167
1900 -113.679
1901 -113.313
1902 -112.757
1903 -111.238
1904 -110.419
1905 -111.365
1906 -112.584
1907 -113.431
1908 -112.322
1909 -110.563
1910 -109.917
1911 -110.282
1912 -110.138
1913 -111.13
1914 -110.004
1915 -111.309
1916 -111.797
1917 -112.096
1918 -109.171
1919 -108.804
1920 -108.884
1921 -107.646
1922 -109.298
1923 -108.617
1924 -108.627
1925 -110.822
1926 -109.831
1927 -109.299
1928 -111.946
1929 -108.902
1930 -109.088
1931 -108.746
1932 -109.763
1933 -109.693
1934 -109.184
1935 -108.694
1936 -109.27
1937 -108.996
1938 -107.486
1939 -108.779
1940 -108.916
1941 -109.368
1942 -108.256
1943 -107.71
1944 -107.923
1945 -109.815
1946 -109.835
1947 -108.286
1948 -107.552
1949 -108.252
1950 -108.016
1951 -107.781
1952 -108.753
1953 -109.188
1954 -108.259
1955 -108.383
1956 -107.762
1957 -109.919
1958 -108.824
1959 -108.924
1960 -108.292
1961 -107.432
1962 -107.59
1963 -109.208
1964 -109.504
1965 -109.038
1966 -108.564
1967 -108.836
1968 -107.825
1969 -107.945
1970 -107.133
1971 -108.527
1972 -108.418
1973 -107.507
1974 -107.911
1975 -108.083
1976 -108.198
1977 -108.38
1978 -109.729
1979 -108.002
1980 -109.659
1981 -109.882
1982 -110.395
1983 -110.739
1984 -111.522
1985 -110.812
1986 -111.889
1987 -113.036
1988 -113.704
1989 -114.218
1990 -112.719
1991 -113.634
1992 -114.233
1993 -115.925
1994 -114.886
1995 -116.646
1996 -115.205
1997 -116.242
1998 -117.752
1999 -116.952
2000 -118.783
2001 -117.641
2002 -118.921
2003 -119.567
2004 -118.847
2005 -121.815
2006 -122.262
2007 -122.513
2008 -123.577
2009 -123.207
2010 -124.162
2011 -125.022
2012 -125.385
2013 -124.569
2014 -125.772
2015 -128.658
2016 -128.512
2017 -128.912
2018 -130.022
2019 -128.94
2020 -128.321
2021 -128.783
2022 -130.16
2023 -127.67
2024 -126.963
2025 -128.757
2026 -128.137
2027 -129.063
2028 -127.715
2029 -127.133
2030 -126.554
2031 -125.685
2032 -126.99
2033 -127.124
2034 -126.168
2035 -126.026
2036 -125.481
2037 -126.408
2038 -125.092
2039 -124.311
2040 -124.109
2041 -123.817
2042 -122.277
2043 -121.598
2044 -122.779
2045 -121.231
2046 -121.841
2047 -120.753
2048 -121.26
2049 -118.395
2050 -119.524
2051 -119.154
2052 -118.086
2053 -116.871
2054 -118.041
2055 -117.975
2056 -116.568
2057 -115.704
2058 -117.8
2059 -117.567
2060 -118.429
2061 -117.168
2062 -115.932
2063 -115.576
2064 -113.374
2065 -115.663
2066 -115.816
2067 -114.293
2068 -116.042
2069 -116.49
2070 -118.274
2071 -117.611
2072 -116.253
2073 -116.902
2074 -118.458
2075 -117.67
2076 -117.378
2077 -116.451
2078 -116.867
2079 -116.906
2080 -117.19
2081 -116.076
2082 -116.973
2083 -117.074
2084 -115.29
2085 -117.263
2086 -117.505
2087 -117.625
2088 -117.892
2089 -115.997
2090 -116.026
2091 -115.699
2092 -116.834
2093 -115.401
2094 -117.343
2095 -115.046
2096 -116.026
2097 -115.234
2098 -116.337
2099 -115.383
2100 -114.076
2101 -115.328
2102 -113.985
2103 -113.659
2104 -114.438
2105 -115.634
2106 -115.49
2107 -115.327
2108 -114.915
2109 -113.857
2110 -115.3
2111 -112.276
2112 -113.794
2113 -115.077
2114 -114.637
2115 -114.907
2116 -115.919
2117 -115.739
2118 -114.994
2119 -116.718
2120 -116.569
2121 -116.324
2122 -116.936
2123 -115.812
2124 -117.77
2125 -116.803
2126 -116.56
2127 -116.416
2128 -116.875
2129 -117.217
2130 -117.174
2131 -117.402
2132 -117.586
2133 -117.201
2134 -115.425
2135 -117.012
2136 -116.458
2137 -116.323
2138 -117.718
2139 -116.049
2140 -115.414
2141 -115.731
2142 -115.965
2143 -115.735
2144 -115.127
2145 -114.501
2146 -114.705
2147 -114.825
2148 -116.325
2149 -116.598
2150 -115.373
2151 -116.02
2152 -114.325
2153 -115.685
2154 -115.146
2155 -114.945
2156 -114.893
2157 -114.675
2158 -117.592
2159 -114.731
2160 -114.182
2161 -115.545
2162 -115.029
2163 -114.304
2164 -114.545
2165 -118.003
2166 -116.941
2167 -117.821
2168 -116.932
2169 -118.047
2170 -117.707
2171 -116.651
2172 -116.38
2173 -116.377
2174 -118.327
2175 -117.936
2176 -117.459
2177 -118.295
2178 -117.153
2179 -117.863
2180 -118.466
2181 -118.472
2182 -118.714
2183 -117.366
2184 -117.006
2185 -116.101
2186 -115.642
2187 -116.358
2188 -115.419
2189 -114.8
2190 -117.92
2191 -118.202
2192 -117.806
2193 -115.61
2194 -115.774
2195 -115.399
2196 -114.37
2197 -113.762
2198 -116.63
2199 -115.808
2200 -116.472
2201 -115.667
2202 -115.789
2203 -113.991
2204 -115.842
2205 -115.804
2206 -114.474
2207 -115.518
2208 -114.395
2209 -115.522
2210 -116.79
2211 -116.321
2212 -117.624
2213 -117.786
2214 -117.193
2215 -116.484
2216 -117.173
2217 -116.045
2218 -117.121
2219 -117.779
2220 -118.324
2221 -118.466
2222 -118.45
2223 -118.803
2224 -116.588
2225 -117.587
2226 -117.212
2227 -116.158
2228 -118.163
2229 -118.041
2230 -117.122
2231 -117.407
2232 -117.528
2233 -117.267
2234 -118.465
2235 -117.282
2236 -119.426
2237 -118.261
2238 -117.471
2239 -115.887
2240 -116.785
2241 -116.287
2242 -117.52
2243 -117.159
2244 -116.199
2245 -115.822
2246 -116.203
2247 -116.929
2248 -116.548
2249 -116.205
2250 -116.785
2251 -116.047
2252 -116.994
2253 -116.065
2254 -116.206
2255 -116.007
2256 -117.2
2257 -117.686
2258 -117.018
2259 -115.789
2260 -118.596
2261 -118.617
2262 -116.702
2263 -117.89
2264 -118.2
2265 -117.82
2266 -117.463
2267 -118.761
2268 -118.038
2269 -117.71
2270 -119.989
2271 -120.513
2272 -118.511
2273 -117.694
2274 -119.726
2275 -118.439
2276 -118.082
2277 -117.925
2278 -117.36
2279 -117.98
2280 -117.764
2281 -118.162
2282 -119.266
2283 -119.575
2284 -117.522
2285 -117.693
2286 -116.744
2287 -118.701
2288 -117.178
2289 -116.478
2290 -117.678
2291 -118.485
2292 -118.493
2293 -119.358
2294 -117.658
2295 -117.175
2296 -117.69
2297 -116.405
2298 -117.274
2299 -116.356
2300 -116.799
2301 -115.423
2302 -115.806
2303 -116.955
2304 -117.687
2305 -119.309
2306 -119.112
2307 -120.115
2308 -119.801
2309 -118.602
2310 -118.665
2311 -116.8
2312 -118.748
2313 -120.392
2314 -119.452
2315 -119.815
2316 -119.172
2317 -119.224
2318 -117.193
2319 -118.982
2320 -118.29
2321 -117.731
2322 -117.83
2323 -119.29
2324 -118.828
2325 -118.787
2326 -118.187
2327 -118.693
2328 -117.888
2329 -119.577
2330 -119.947
2331 -118.773
2332 -118.968
2333 -118.937
2334 -117.661
2335 -116.893
2336 -117.83
2337 -116.507
2338 -117.176
2339 -117.137
2340 -117.687
2341 -117.698
2342 -117.882
2343 -117.237
2344 -118.437
2345 -117.307
2346 -116.992
2347 -117.382
2348 -117.062
2349 -119.099
2350 -118.685
2351 -119.024
2352 -121.275
2353 -118.661
2354 -119.27
2355 -119.569
2356 -118.632
2357 -118.889
2358 -118.41
2359 -118.633
2360 -117.078
2361 -119.084
2362 -119.307
2363 -121.739
2364 -121.912
2365 -121.121
2366 -118.902
2367 -119.728
2368 -119.217
2369 -119.51
2370 -117.925
2371 -117.528
2372 -118.475
2373 -118.185
2374 -120.11
2375 -118.48
2376 -119.534
2377 -118.952
2378 -119.725
2379 -117.675
2380 -118.075
2381 -119.498
2382 -117.612
2383 -117.325
2384 -117.163
2385 -118.747
2386 -118.201
2387 -118.243
2388 -117.267
2389 -118.361
2390 -117.615
2391 -118.447
2392 -117.256
2393 -116.824
2394 -117.7
2395 -116.875
2396 -117.822
2397 -117.903
2398 -118.751
2399 -120.338
2400 -119.112
2401 -119.945
2402 -120.173
2403 -118.551
2404 -119.675
2405 -119.692
2406 -118.611
2407 -117.985
2408 -117.965
2409 -119.842
2410 -120.409
2411 -121.271
2412 -119.668
2413 -119
2414 -118.352
2415 -117.942
2416 -119.85
2417 -119.178
2418 -119.108
2419 -119.834
2420 -119.568
2421 -118.216
2422 -118.056
2423 -120.404
2424 -117.824
2425 -118.54
2426 -118.311
2427 -117.78
2428 -119.537
2429 -118.907
2430 -118.73
2431 -119.258
2432 -118.388
2433 -117.1
2434 -116.814
2435 -116.709
2436 -118.4
2437 -116.941
2438 -117.1
2439 -117.753
2440 -118.279
2441 -116.839
2442 -118.864
2443 -118.8
2444 -119.734
2445 -119.083
2446 -119.203
2447 -120.37
2448 -119.137
2449 -118.218
2450 -119.078
2451 -118.579
2452 -116.242
2453 -116.955
2454 -116.718
2455 -115.698
2456 -117.179
2457 -118.002
2458 -117.869
2459 -115.988
2460 -116.514
2461 -116.21
2462 -114.498
2463 -114.521
2464 -113.843
2465 -112.025
2466 -111.655
2467 -112.106
2468 -111.069
2469 -110.695
2470 -111.688
2471 -109.488
2472 -110.25
2473 -110.727
2474 -108.295
2475 -107.727
2476 -107.191
2477 -106.64
2478 -106.497
2479 -104.273
2480 -105.002
2481 -104.197
2482 -103.052
2483 -104.142
2484 -103.464
2485 -104.097
2486 -104.546
2487 -102.635
2488 -102.549
2489 -102.608
2490 -102.796
2491 -104.611
2492 -102.95
2493 -102.345
2494 -102.733
2495 -101.722
2496 -104.483
2497 -104.074
2498 -104.854
2499 -105.556
2500 -105.882
2501 -105.602
2502 -104.111
2503 -106.631
2504 -106.561
2505 -106.108
2506 -106.001
2507 -108.139
2508 -108.394
2509 -109.516
2510 -107.241
2511 -108.303
2512 -108.944
2513 -108.479
2514 -110.086
2515 -109.492
2516 -111.371
2517 -112.235
2518 -111.664
2519 -111.057
2520 -110.941
2521 -112.074
2522 -112.863
2523 -111.779
2524 -113.055
2525 -113.057
2526 -112.497
2527 -114.201
2528 -113.931
2529 -113.92
2530 -112.78
2531 -113.024
2532 -113.918
2533 -113.716
2534 -115.093
2535 -113.55
2536 -112.383
2537 -113.633
2538 -114.272
2539 -114.964
2540 -115.296
2541 -113.921
2542 -112.719
2543 -113.868
2544 -115.187
2545 -113.922
2546 -114.745
2547 -114.943
2548 -113.425
2549 -114.794
2550 -114.965
2551 -115.442
2552 -115.965
2553 -115.228
2554 -115.262
2555 -117.565
2556 -115.031
2557 -114.622
2558 -114.396
2559 -116.735
2560 -114.862
2561 -114.914
2562 -116.39
2563 -114.566
2564 -115.936
2565 -114.114
2566 -116.056
2567 -117.045
2568 -116.712
2569 -116.675
2570 -116.735
2571 -115.633
2572 -115.409
2573 -114.809
2574 -116.11
2575 -116.823
2576 -116.249
2577 -115.78
2578 -115.866
2579 -115.426
2580 -116.379
2581 -115.453
2582 -115.47
2583 -115.155
2584 -114.742
2585 -116.361
2586 -115.415
2587 -114.308
2588 -115.911
2589 -115.573
2590 -114.919
2591 -115.207
2592 -115.405
2593 -115.208
2594 -114.665
2595 -113.7
2596 -113.561
2597 -114.641
2598 -112.91
2599 -113.947
2600 -111.268
2601 -112.214
2602 -110.642
2603 -110.964
2604 -111.103
2605 -111.08
2606 -110.376
2607 -110.352
2608 -108.543
2609 -107.822
2610 -106.881
2611 -106.814
2612 -108.031
2613 -106.812
2614 -105.514
2615 -106.986
2616 -104.661
2617 -104.204
2618 -102.529
2619 -103.209
2620 -101.196
2621 -100.396
2622 -101.065
2623 -101.044
2624 -99.8129
2625 -98.3763
2626 -97.7302
2627 -97.2877
2628 -97.3583
2629 -95.4972
2630 -97.1045
2631 -94.9885
2632 -96.1017
2633 -96.5683
2634 -94.6087
2635 -94.9346
2636 -95.025
2637 -94.9
2638 -94.9906
2639 -96.2444
2640 -95.4044
2641 -94.2814
2642 -94.8171
2643 -94.968
2644 -94.6457
2645 -94.7571
2646 -95.9347
2647 -95.5157
2648 -95.9664
2649 -96.9995
2650 -97.1015
2651 -98.8179
2652 -98.6029
2653 -99.2254
2654 -99.0122
2655 -99.8528
2656 -100.154
2657 -101.409
2658 -100.577
2659 -101.982
2660 -101.45
2661 -103.622
2662 -102.541
2663 -103.577
2664 -103.121
2665 -105.412
2666 -105.669
2667 -105.871
2668 -105.424
2669 -105.664
2670 -106.352
2671 -106.067
2672 -106.587
2673 -106.817
2674 -107.337
2675 -105.859
2676 -105.912
2677 -107.574
2678 -106.474
2679 -107.175
2680 -106.948
2681 -108.362
2682 -107.662
2683 -108.414
2684 -108.009
2685 -109.086
2686 -109.313
2687 -107.995
2688 -106.474
2689 -107.5
2690 -107.576
2691 -105.417
2692 -107.146
2693 -105.975
2694 -106.9
2695 -106.97
2696 -106.628
2697 -106.808
2698 -106.216
2699 -105.249
2700 -105.649
2701 -107.617
2702 -106.866
2703 -108.484
2704 -108.945
2705 -108.798
2706 -108.869
2707 -110.264
2708 -109.613
2709 -109.531
2710 -109.115
2711 -109.553
2712 -109.423
2713 -108.722
2714 -108.389
2715 -109.306
2716 -108.049
2717 -110.132
2718 -108.042
2719 -109.562
2720 -110.084
2721 -109.566
2722 -109.397
2723 -109.007
2724 -108.192
2725 -108.126
2726 -108.563
2727 -109.303
2728 -110.739
2729 -110.292
2730 -110.078
2731 -111.249
2732 -108.932
2733 -110.095
2734 -110.657
2735 -109.697
2736 -108.773
2737 -108.451
2738 -108.602
2739 -108.938
2740 -106.904
2741 -106.315
2742 -107.668
2743 -107.017
2744 -106.334
2745 -106.484
2746 -106.906
2747 -107.642
2748 -106.799
2749 -107.588
2750 -107.736
2751 -109.907
2752 -109.122
2753 -108.378
2754 -108.27
2755 -109.591
2756 -108.132
2757 -108.823
2758 -109.573
2759 -108.606
2760 -107.55
2761 -108.788
2762 -107.441
2763 -107.777
2764 -107.403
2765 -109.413
2766 -108.49
2767 -108.203
2768 -109.072
2769 -109.548
2770 -109.489
2771 -107.105
2772 -106.841
2773 -107.624
2774 -109.182
2775 -108.967
2776 -109.977
2777 -111.443
2778 -110.896
2779 -109.21
2780 -108.922
2781 -109.406
2782 -107.756
2783 -108.782
2784 -107.292
2785 -104.686
2786 -107.476
2787 -106.059
2788 -105.628
2789 -107.66
2790 -106.519
2791 -107.146
2792 -107.028
2793 -107.795
2794 -107.333
2795 -106.267
2796 -108.896
2797 -107.929
2798 -108.735
2799 -109.74
2800 -108.198
2801 -109.431
2802 -109.595
2803 -108.856
2804 -109.383
2805 -109.005
2806 -108.798
2807 -109.445
2808 -108.243
2809 -108.053
2810 -109.939
2811 -107.76
2812 -110.48
2813 -110.143
2814 -108.416
2815 -108.54
2816 -108.611
2817 -108.218
2818 -109.457
2819 -109.631
2820 -109.033
2821 -109.426
2822 -109.894
2823 -108.276
2824 -109.899
2825 -110.633
2826 -110.848
2827 -109.264
2828 -107.952
2829 -107.619
2830 -109.42
2831 -107.158
2832 -107.307
2833 -106.838
2834 -108.592
2835 -106.119
2836 -105.166
2837 -105.576
2838 -106
2839 -106.943
2840 -107.653
2841 -105.909
2842 -106.943
2843 -107.123
2844 -107.176
2845 -109.323
2846 -107.479
2847 -108.242
2848 -109.176
2849 -107.183
2850 -108.329
2851 -107.791
2852 -107.434
2853 -108.315
2854 -107.838
2855 -107.126
2856 -106.748
2857 -107.906
2858 -108.026
2859 -107.327
2860 -108.577
2861 -109.813
2862 -108.906
2863 -108.761
2864 -108.192
2865 -107.295
2866 -108.472
2867 -107.892
2868 -109.412
2869 -109.366
2870 -108.965
2871 -109.04
2872 -109.21
2873 -108.081
2874 -107.801
2875 -108.327
2876 -108.61
2877 -106.148
2878 -106.803
2879 -106.166
2880 -106.333
2881 -105.427
2882 -106.434
2883 -105.204
2884 -105.521
2885 -105.337
2886 -106.699
2887 -104.802
2888 -106.532
2889 -106.727
2890 -107.897
2891 -108.085
2892 -107.163
2893 -108.058
2894 -108.86
2895 -106.885
2896 -108.185
2897 -108.101
2898 -108.146
2899 -107.977
2900 -108.386
2901 -107.242
2902 -108.088
2903 -108.12
2904 -108.939
2905 -106.951
2906 -107.944
2907 -107.91
2908 -108.685
2909 -108.564
2910 -108.169
2911 -107.179
2912 -107.712
2913 -107.754
2914 -107.395
2915 -107.383
2916 -108.088
2917 -109.876
2918 -109.152
2919 -108.948
2920 -107.905
2921 -108.588
2922 -107.851
2923 -107.123
2924 -105.861
2925 -105.032
2926 -107.085
2927 -104.933
2928 -106.753
2929 -105.646
2930 -104.193
2931 -104.329
2932 -104.566
2933 -105.334
2934 -106.482
2935 -105.825
2936 -105.011
2937 -106.238
2938 -108.555
2939 -107.532
2940 -108.253
2941 -109.356
2942 -108.787
2943 -108.457
2944 -107.744
2945 -107.853
2946 -108.647
2947 -107.244
2948 -106.469
2949 -104.298
2950 -106.774
2951 -108.806
2952 -107.516
2953 -107.625
2954 -107.394
2955 -108.189
2956 -107.488
2957 -106.401
2958 -106.957
2959 -106.735
2960 -107.511
2961 -106.939
2962 -108.331
2963 -108.149
2964 -110.365
2965 -109.534
2966 -108.332
2967 -107.65
2968 -106.406
2969 -106.262
2970 -104.128
2971 -106.072
2972 -104.895
2973 -105.006
2974 -105.035
2975 -105.174
2976 -104.955
2977 -104.877
2978 -104.313
2979 -104.682
2980 -104.496
2981 -104.955
2982 -105.832
2983 -106.04
2984 -105.805
2985 -105.58
2986 -106.027
2987 -105.673
2988 -107.997
2989 -105.882
2990 -106.766
2991 -107.224
2992 -106.791
2993 -105.861
2994 -106.898
2995 -106.057
2996 -107.457
2997 -105.622
2998 -107.803
2999 -107.34
3000 -106.508
3001 -106.215
3002 -106.576
3003 -105.164
3004 -106.004
3005 -104.442
3006 -106.24
3007 -106.743
3008 -105.779
3009 -107.911
3010 -106.824
3011 -107.347
3012 -107.275
3013 -107.343
3014 -107.515
3015 -107.019
3016 -106.606
3017 -107
3018 -105.14
3019 -105.433
3020 -103.539
3021 -104.034
3022 -105.61
3023 -104.759
3024 -104.577
3025 -104.485
3026 -103.616
3027 -105.475
3028 -105.745
3029 -106.361
3030 -106.291
3031 -106.298
3032 -106.514
3033 -107.091
3034 -107.059
3035 -105.758
3036 -107.233
3037 -106.502
3038 -106.498
3039 -107.015
3040 -103.744
3041 -106.427
3042 -106.36
3043 -105.603
3044 -108.687
3045 -105.275
3046 -106.998
3047 -106.261
3048 -106.882
3049 -106.427
3050 -105.433
3051 -105.645
3052 -107.376
3053 -105.475
3054 -105.193
3055 -105.556
3056 -106.572
3057 -105.583
3058 -107.05
3059 -107.366
3060 -106.472
3061 -104.165
3062 -105.956
3063 -106.182
3064 -106.329
3065 -104.937
3066 -106.718
3067 -106.788
3068 -107.367
3069 -105.989
3070 -107.361
3071 -107.997
3072 -108.661
3073 -108.01
3074 -107.72
3075 -109.938
3076 -111.005
3077 -111.366
3078 -111.984
3079 -112.062
3080 -112.605
3081 -111.656
3082 -116.452
3083 -115.159
3084 -115.101
3085 -115.558
3086 -115.061
3087 -115.298
3088 -115.395
3089 -113.15
3090 -116.752
3091 -117.115
3092 -118.695
3093 -120.223
3094 -119.244
3095 -120.133
3096 -122.455
3097 -120.903
3098 -120.737
3099 -122.315
3100 -120.949
3101 -121.494
3102 -120.885
3103 -120.792
3104 -120.139
3105 -120.275
3106 -121.01
3107 -120.355
3108 -119.984
3109 -119.913
3110 -120.472
3111 -120.806
3112 -120.499
3113 -118.5
3114 -119.257
3115 -118.793
3116 -117.228
3117 -119.569
3118 -116.979
3119 -117.416
3120 -116.62
3121 -118.196
3122 -116.311
3123 -117.289
3124 -116.545
3125 -116.384
3126 -115.433
3127 -114.384
3128 -112.407
3129 -114.471
3130 -113.543
3131 -113.117
3132 -115.108
3133 -112.659
3134 -110.347
3135 -111.57
3136 -112.571
3137 -111.491
3138 -111.258
3139 -110.505
3140 -111.345
3141 -110.491
3142 -111.218
3143 -109.902
3144 -110.167
3145 -109.503
3146 -110.731
3147 -109.802
3148 -110.072
3149 -109.851
3150 -110.395
3151 -110.705
3152 -110.805
3153 -109.279
3154 -109.379
3155 -110.796
3156 -109.214
3157 -108.22
3158 -109.124
3159 -108.777
3160 -108.49
3161 -108.466
3162 -108.46
3163 -108.371
3164 -107.84
3165 -109.092
3166 -109.875
3167 -107.833
3168 -107.54
3169 -108.678
3170 -109.505
3171 -109.606
3172 -108.806
3173 -108.18
3174 -107.995
3175 -108.032
3176 -108.298
3177 -109.072
3178 -109.171
3179 -108.941
3180 -107.959
3181 -108.671
3182 -109.718
3183 -107.93
3184 -108.889
3185 -108.773
3186 -108.244
3187 -108.088
3188 -109.306
3189 -108.733
3190 -109.066
3191 -108.486
3192 -108.1
3193 -108.92
3194 -108.415
3195 -107.274
3196 -107.518
3197 -105.952
3198 -109.096
3199 -109.158
3200 -106.317
3201 -107.971
3202 -107.223
3203 -107.805
3204 -107.36
3205 -108.622
3206 -108.253
3207 -110.018
3208 -108.406
3209 -108.041
3210 -107.064
3211 -108.639
3212 -107.615
3213 -106.969
3214 -107.673
3215 -108.712
3216 -108.546
3217 -108.719
3218 -108.556
3219 -109.262
3220 -109.746
3221 -107.116
3222 -107.788
3223 -107.194
3224 -109.32
3225 -106.104
3226 -109.567
3227 -109.742
3228 -108.805
3229 -108.249
3230 -108.275
3231 -108.183
3232 -109.183
3233 -107.482
3234 -108.39
3235 -107.849
3236 -106.687
3237 -107.642
3238 -108.114
3239 -106.702
3240 -108.655
3241 -108.826
3242 -108.883
3243 -106.627
3244 -107.656
3245 -107.76
3246 -108.231
3247 -106.747
3248 -107.8
3249 -108.801
3250 -108.114
3251 -109.218
3252 -107.444
3253 -107.945
3254 -109.144
3255 -107.753
3256 -108.377
3257 -107.916
3258 -108.014
3259 -109.861
3260 -109.149
3261 -108.124
3262 -107.195
3263 -108.298
3264 -108.363
3265 -108.399
3266 -108.013
3267 -107.177
3268 -108.759
3269 -108.274
3270 -107.61
3271 -108.066
3272 -108.543
3273 -109.879
3274 -107.19
3275 -108.578
3276 -109.18
3277 -108.5
3278 -108.629
3279 -108.601
3280 -108.424
3281 -106.817
3282 -109.171
3283 -109.645
3284 -109.075
3285 -108.106
3286 -108.83
3287 -106.743
3288 -110.017
3289 -108.337
3290 -109.149
3291 -109.266
3292 -108.912
3293 -107.957
3294 -108.204
3295 -107.212
3296 -108.52
3297 -108.054
3298 -108.358
3299 -107.411
3300 -109.01
3301 -107.961
3302 -109.023
3303 -109.702
3304 -108.979
3305 -109.278
3306 -107.277
3307 -109.273
3308 -107.018
3309 -108.785
3310 -109.088
3311 -108.822
3312 -108.449
3313 -107.43
3314 -108.302
3315 -108.446
3316 -108.1
3317 -107.045
3318 -108.294
3319 -108.572
3320 -106.792
3321 -107.389
3322 -105.396
3323 -106.208
3324 -107.295
3325 -108.948
3326 -108.496
3327 -108.763
3328 -108.357
3329 -107.867
3330 -107.164
3331 -107.51
3332 -107.697
3333 -109.144
3334 -106.747
3335 -107.398
3336 -107.997
3337 -109.085
3338 -108.311
3339 -107.422
3340 -109.48
3341 -108.168
3342 -108.372
3343 -108.565
3344 -108.782
3345 -109.069
3346 -108.543
3347 -108.326
3348 -107.865
3349 -108.196
3350 -108.555
3351 -107.859
3352 -109.125
3353 -108.026
3354 -107.695
3355 -109.163
3356 -109.018
3357 -106.988
3358 -109.166
3359 -109.918
3360 -109.014
3361 -109.731
3362 -108.017
3363 -107.697
3364 -108.549
3365 -109.238
3366 -107.414
3367 -107.84
3368 -108.472
3369 -108.753
3370 -107.786
3371 -109.33
3372 -109.933
3373 -108.135
3374 -108.085
3375 -107.714
3376 -108.296
3377 -109.739
3378 -109.442
3379 -107.974
3380 -108.831
3381 -108.875
3382 -109.354
3383 -108.871
3384 -110.145
3385 -109.216
3386 -108.379
3387 -109.319
3388 -108.895
3389 -108.375
3390 -107.063
3391 -107.779
3392 -108.76
3393 -110.033
3394 -109.075
3395 -108.17
3396 -108.176
3397 -107.211
3398 -107.343
3399 -110.081
