0 -110.552
1 -109.901
2 -108.804
3 -108.803
4 -109.908
5 -110.333
6 -108.947
7 -110.111
8 -109.503
9 -109.048
10 -110.385
11 -110.924
12 -109.594
13 -110.349
14 -109.112
15 -109.653
16 -108.745
17 -108.875
18 -110.209
19 -109.98
20 -110.714
21 -109.805
22 -109.466
23 -109.746
24 -109.341
25 -109.367
26 -109.903
27 -111.006
28 -110.552
29 -110.625
30 -110.131
31 -111.205
32 -112.477
33 -113.744
34 -112.424
35 -113.579
36 -113.678
37 -115.533
38 -115.038
39 -114.442
40 -115.094
41 -116.858
42 -119.191
43 -117.891
44 -119.807
45 -118.028
46 -120.162
47 -120.523
48 -121.212
49 -122.192
50 -121.06
51 -123.204
52 -124.694
53 -125.917
54 -126.735
55 -126.833
56 -128.511
57 -127.095
58 -128.219
59 -127.269
60 -130.304
61 -129.903
62 -129.201
63 -130.111
64 -128.924
65 -129.055
66 -128.593
67 -128.991
68 -129.325
69 -129.98
70 -130.136
71 -128.611
72 -127.716
73 -128.164
74 -128.04
75 -127.67
76 -125.444
77 -126.995
78 -127.184
79 -124.934
80 -125.055
81 -123.628
82 -123.473
83 -121.734
84 -121.784
85 -121.353
86 -122.094
87 -122.254
88 -120.678
89 -121.056
90 -119.766
91 -119.615
92 -118.293
93 -119.064
94 -117.703
95 -118.766
96 -118.632
97 -119.305
98 -118.076
99 -118.004
100 -117.079
101 -117.855
102 -118.468
103 -118.459
104 -118.905
105 -119.53
106 -118.961
107 -118.881
108 -121.214
109 -120.53
110 -119.896
111 -120.155
112 -118.385
113 -120.933
114 -121.26
115 -118.865
116 -119.915
117 -121.034
118 -120.132
119 -119.571
120 -119.988
121 -119.938
122 -120.347
123 -119.688
124 -119.94
125 -119.777
126 -119.027
127 -117.671
128 -119.794
129 -118.933
130 -118.804
131 -118.623
132 -118.328
133 -117.676
134 -117.475
135 -118.006
136 -117.417
137 -117.501
138 -116.874
139 -118.096
140 -117.705
141 -115.556
142 -119.452
143 -117.357
144 -116.939
145 -118.401
146 -116.292
147 -117.226
148 -117.242
149 -118.417
150 -117.407
151 -120.509
152 -119.426
153 -118.459
154 -118.255
155 -120.253
156 -117.751
157 -120.625
158 -119.513
159 -119.103
160 -120.018
161 -119.468
162 -119.934
163 -117.866
164 -118.607
165 -120.323
166 -118.568
167 -118.829
168 -120.202
169 -119.117
170 -119.928
171 -118.386
172 -119.627
173 -118.567
174 -119.054
175 -119.693
176 -118.433
177 -118.97
178 -117.616
179 -117.725
180 -116.697
181 -119.219
182 -119.225
183 -119.187
184 -118.787
185 -118.228
186 -116.898
187 -117.109
188 -116.763
189 -115.473
190 -117.15
191 -120.353
192 -119.163
193 -121.465
194 -118.914
195 -119.125
196 -120.881
197 -118.837
198 -121.314
199 -120.672
200 -122.061
201 -120.003
202 -120.971
203 -122.095
204 -120.989
205 -120.036
206 -120.186
207 -119.326
208 -120.03
209 -119.968
210 -120.163
211 -117.829
212 -119.829
213 -120.526
214 -120.576
215 -118.298
216 -118.449
217 -120.665
218 -117.874
219 -119.693
220 -119.87
221 -118.643
222 -117.18
223 -119.562
224 -119.337
225 -118.631
226 -118.843
227 -117.687
228 -119.363
229 -117.678
230 -117.053
231 -118.044
232 -120.412
233 -120.532
234 -120.934
235 -119.13
236 -119.768
237 -120.442
238 -120.052
239 -121.567
240 -120.278
241 -121.323
242 -120.327
243 -122.457
244 -121.356
245 -121.929
246 -121.374
247 -121.482
248 -120.393
249 -120.826
250 -119.208
251 -119.437
252 -120.301
253 -120.291
254 -120.287
255 -120.966
256 -120.732
257 -119.04
258 -119.554
259 -119.195
260 -117.955
261 -117.23
262 -119.881
263 -119.394
264 -119.239
265 -117.657
266 -118.265
267 -117.156
268 -116.838
269 -117.319
270 -117.009
271 -117.751
272 -117.988
273 -118.559
274 -119.072
275 -118.756
276 -118.795
277 -119.626
278 -119.32
279 -118.99
280 -119.193
281 -119.701
282 -119.763
283 -120.225
284 -120.907
285 -121.88
286 -120.255
287 -122.083
288 -119.709
289 -118.842
290 -119.641
291 -119.121
292 -119.602
293 -120.064
294 -120.495
295 -121.923
296 -119.826
297 -119.838
298 -120.273
299 -119.569
300 -117.737
301 -119.982
302 -120.476
303 -118.956
304 -121.452
305 -120.163
306 -119.991
307 -120.257
308 -116.807
309 -119.322
310 -117.777
311 -117.958
312 -117.972
313 -118.761
314 -121.273
315 -119.281
316 -120.824
317 -120.88
318 -121.649
319 -122.129
320 -121.076
321 -121.298
322 -120.42
323 -120.533
324 -121.391
325 -121.281
326 -122.082
327 -122.056
328 -121.69
329 -120.934
330 -119.307
331 -122.173
332 -119.358
333 -121.445
334 -120.144
335 -120.008
336 -120.161
337 -119.608
338 -120.927
339 -120.374
340 -121.39
341 -120.464
342 -120.417
343 -119.063
344 -118.947
345 -118.661
346 -118.489
347 -119.981
348 -118.723
349 -118.718
350 -119.232
351 -120.216
352 -117.724
353 -118.969
354 -119.488
355 -118.889
356 -118.298
357 -119.264
358 -120.452
359 -121.082
360 -120.337
361 -119.521
362 -120.515
363 -120.465
364 -119.326
365 -119.282
366 -121.361
367 -120.195
368 -120.43
369 -121.778
370 -121.895
371 -120.69
372 -121.437
373 -123.156
374 -120.947
375 -121.714
376 -120.969
377 -120.054
378 -120.869
379 -119.867
380 -119.74
381 -120.428
382 -120.409
383 -121.154
384 -121.702
385 -119.409
386 -120.245
387 -120.598
388 -120.386
389 -118.506
390 -118.763
391 -119.972
392 -121.005
393 -121.362
394 -120.423
395 -122.41
396 -120.29
397 -120.708
398 -120.093
399 -120.321
400 -119.356
401 -120.628
402 -122.154
403 -122.142
404 -121.367
405 -121.733
406 -123.385
407 -122.714
408 -122.771
409 -121.856
410 -123.847
411 -121.643
412 -122.186
413 -123.423
414 -121.393
415 -122.286
416 -120.899
417 -121.519
418 -121.096
419 -123.199
420 -120.612
421 -120.324
422 -122.895
423 -121.643
424 -120.145
425 -122.205
426 -121.252
427 -120.822
428 -119.882
429 -119.8
430 -118.814
431 -120.178
432 -120.029
433 -119.282
434 -117.062
435 -119.424
436 -119.095
437 -119.525
438 -120.1
439 -120.402
440 -118.727
441 -120.559
442 -119.137
443 -119.638
444 -122.123
445 -120.957
446 -121.083
447 -120.454
448 -121.233
449 -119.567
450 -120.726
451 -120.277
452 -119.864
453 -120.312
454 -119.037
455 -117.983
456 -118.763
457 -119.516
458 -117.302
459 -117.427
460 -117.138
461 -115.459
462 -114.774
463 -113.699
464 -114.628
465 -114.979
466 -113.987
467 -114.085
468 -114.23
469 -112.814
470 -109.648
471 -108.934
472 -108.01
473 -106.786
474 -106.714
475 -107.527
476 -107.61
477 -104.216
478 -105.489
479 -104.911
480 -106.308
481 -104.832
482 -103.601
483 -105.202
484 -105.823
485 -104.943
486 -104.981
487 -106.132
488 -106.063
489 -105.791
490 -107.206
491 -107.814
492 -107.738
493 -106.783
494 -106.04
495 -107.449
496 -108.554
497 -107.074
498 -109.955
499 -110.235
500 -110.304
501 -110.231
502 -111.269
503 -110.384
504 -111.835
505 -113.172
506 -111.984
507 -113.052
508 -112.237
509 -115.217
510 -114.446
511 -113.717
512 -114.406
513 -114.616
514 -114.755
515 -115.105
516 -115.323
517 -114.412
518 -115.829
519 -117.225
520 -115.347
521 -114.274
522 -116.528
523 -116.182
524 -116.827
525 -115.486
526 -116.824
527 -115.123
528 -116.031
529 -116.394
530 -116.203
531 -116.579
532 -118.218
533 -116.235
534 -118.249
535 -116.265
536 -116.727
537 -116.235
538 -116.276
539 -115.348
540 -116.744
541 -117.94
542 -116.261
543 -117.681
544 -117.146
545 -116.593
546 -117.438
547 -118.532
548 -115.892
549 -117.423
550 -116.856
551 -116.293
552 -117.576
553 -117.537
554 -117.034
555 -116.148
556 -116.992
557 -117.425
558 -116.2
559 -117.235
560 -116.14
561 -115.831
562 -116.968
563 -117.19
564 -116.569
565 -117.722
566 -117.732
567 -118.382
568 -116.491
569 -117.741
570 -116.186
571 -115.792
572 -115.749
573 -114.478
574 -115.092
575 -112.942
576 -112.886
577 -112.107
578 -112.734
579 -113.025
580 -112.434
581 -111.66
582 -111.36
583 -110.545
584 -109.671
585 -107.365
586 -106.171
587 -107.052
588 -106.3
589 -106.1
590 -104.671
591 -104.384
592 -105.009
593 -103.379
594 -101.688
595 -102.064
596 -99.8956
597 -99.029
598 -98.9535
599 -97.4822
600 -99.3574
601 -96.332
602 -96.8778
603 -96.1105
604 -95.4613
605 -96.9405
606 -95.7753
607 -96.637
608 -97.418
609 -94.5337
610 -96.7038
611 -97.3844
612 -98.2912
613 -96.9166
614 -98.6874
615 -98.819
616 -99.2817
617 -99.2082
618 -99.2131
619 -101.145
620 -103.6
621 -102.717
622 -103.745
623 -103.371
624 -104.642
625 -103.872
626 -104.412
627 -105.228
628 -106.314
629 -107.095
630 -107.733
631 -107.431
632 -107.78
633 -108.137
634 -107.393
635 -107.654
636 -108.433
637 -108.53
638 -108.034
639 -108.18
640 -106.783
641 -108.184
642 -109.446
643 -109.071
644 -108.896
645 -109.302
646 -111.254
647 -110.183
648 -109.101
649 -109.558
650 -109.73
651 -109.246
652 -108.876
653 -107.692
654 -108.759
655 -107.153
656 -107.416
657 -106.462
658 -107.221
659 -106.967
660 -108.06
661 -105.526
662 -106.865
663 -108.989
664 -110.18
665 -110.236
666 -110.552
667 -110.392
668 -110.994
669 -111.487
670 -111.857
671 -110.856
672 -109.757
673 -108.796
674 -108.789
675 -111.47
676 -110.376
677 -110.983
678 -111.095
679 -110.584
680 -110.333
681 -110.556
682 -109.606
683 -109.441
684 -110.824
685 -110.241
686 -109.518
687 -111.22
688 -108.703
689 -110.497
690 -112.076
691 -109.685
692 -109.353
693 -110.456
694 -107.67
695 -108.476
696 -108.675
697 -108.438
698 -107.383
699 -107.301
700 -106.163
701 -108.499
702 -108.74
703 -109.608
704 -108.641
705 -110.315
706 -108.61
707 -110.126
708 -111.261
709 -110.514
710 -111.797
711 -110.48
712 -110.827
713 -111.594
714 -109.457
715 -109.974
716 -109.95
717 -109.548
718 -108.763
719 -109.964
720 -110.511
721 -109.35
722 -110.009
723 -109.664
724 -109.688
725 -110.311
726 -110.526
727 -110.09
728 -110.734
729 -112.616
730 -110.956
731 -109.974
732 -110.518
733 -110.39
734 -111.726
735 -110.811
736 -107.777
737 -109.673
738 -106.076
739 -107.539
740 -106.647
741 -105.978
742 -105.966
743 -108.057
744 -107.204
745 -109.83
746 -110.218
747 -108.896
748 -110.919
749 -111.866
750 -110.861
751 -109.726
752 -111.863
753 -110.903
754 -110.128
755 -109.275
756 -110.834
757 -109.196
758 -109.741
759 -110.275
760 -109.477
761 -108.324
762 -109.662
763 -110.418
764 -108.384
765 -110.231
766 -110.757
767 -109.76
768 -109.632
769 -110.773
770 -110.69
771 -110.783
772 -109.92
773 -109.859
774 -109.232
775 -110.387
776 -107.727
777 -108.43
778 -109.19
779 -106.757
780 -107.626
781 -109.348
782 -107.58
783 -106.765
784 -105.828
785 -109.349
786 -109.928
787 -109.961
788 -109.948
789 -108.649
790 -109.903
791 -110.538
792 -110.793
793 -109.389
794 -111.511
795 -111.384
796 -109.552
797 -108.861
798 -109.558
799 -109.475
800 -111.288
801 -110.86
802 -109.457
803 -109.608
804 -110.417
805 -109.715
806 -109.673
807 -110.553
808 -109.559
809 -111.318
810 -109.988
811 -110.535
812 -111.08
813 -111.123
814 -111.132
815 -109.143
816 -107.642
817 -108.846
818 -107.333
819 -108.831
820 -106.773
821 -105.822
822 -107.164
823 -107.27
824 -108.446
825 -106.714
826 -108.784
827 -107.887
828 -109.355
829 -108.742
830 -109.401
831 -110.788
832 -109.321
833 -109.566
834 -110.898
835 -111.132
836 -110.301
837 -108.579
838 -109.166
839 -110.343
840 -108.2
841 -109.562
842 -111.065
843 -110.304
844 -109.396
845 -109.305
846 -108.779
847 -109.135
848 -110.329
849 -109.965
850 -108.434
851 -110.666
852 -110.8
853 -111.382
854 -108.424
855 -108.062
856 -108.754
857 -108.131
858 -106.496
859 -106.461
860 -108.131
861 -107.451
862 -107.446
863 -104.791
864 -106.274
865 -105.063
866 -106.061
867 -107.387
868 -107.172
869 -106.855
870 -108.802
871 -109.646
872 -108.656
873 -109.19
874 -109.178
875 -108.467
876 -109.129
877 -108.571
878 -108.24
879 -108.746
880 -107.412
881 -109.021
882 -107.72
883 -109.139
884 -109.096
885 -108.495
886 -109.02
887 -108.514
888 -109.036
889 -108.112
890 -109.347
891 -109.528
892 -109.035
893 -109.333
894 -109.743
895 -108.258
896 -108.31
897 -106.645
898 -107.609
899 -107.677
900 -106.853
901 -106.569
902 -106.205
903 -107.491
904 -106.49
905 -104.885
906 -106.147
907 -106.424
908 -106.813
909 -107.816
910 -109.052
911 -108.218
912 -109.563
913 -107.903
914 -107.989
915 -109.961
916 -109.014
917 -108.871
918 -107.412
919 -107.308
920 -107.407
921 -106.481
922 -106.294
923 -107.107
924 -108.698
925 -107.809
926 -108.438
927 -107.69
928 -106.758
929 -107.609
930 -107.457
931 -108.221
932 -107.939
933 -108.469
934 -108.137
935 -110.375
936 -108.97
937 -109.251
938 -107.738
939 -107.459
940 -107.158
941 -107.692
942 -106.091
943 -105.885
944 -105.925
945 -104.955
946 -104.596
947 -105.939
948 -105.884
949 -104.361
950 -106.884
951 -107.991
952 -106.663
953 -106.884
954 -107.543
955 -105.636
956 -107.974
957 -106.849
958 -109.14
959 -107.027
960 -106.217
961 -107.451
962 -106.967
963 -106.971
964 -105.226
965 -108.028
966 -107.693
967 -107.406
968 -106.679
969 -107.278
970 -107.337
971 -106.992
972 -105.406
973 -107.046
974 -107.248
975 -108.03
976 -108.347
977 -108.481
978 -107.177
979 -108.305
980 -106.333
981 -107.467
982 -106.02
983 -106.855
984 -106.76
985 -106.427
986 -106.684
987 -106.827
988 -105.97
989 -107.67
990 -108.395
991 -109.6
992 -109.955
993 -110.036
994 -110.551
995 -112.753
996 -114.277
997 -114.081
998 -113.928
999 -114.933
1000 -114.682
1001 -115.781
1002 -117.569
1003 -115.595
1004 -117.302
1005 -118.194
1006 -119.361
1007 -120.64
1008 -119.887
1009 -120.839
1010 -121.653
1011 -120.771
1012 -122.19
1013 -120.36
1014 -120.738
1015 -120.615
1016 -119.938
1017 -121.796
1018 -124.381
1019 -120.477
1020 -122.548
1021 -121.264
1022 -119.69
1023 -121.522
1024 -120.983
1025 -118.701
1026 -119.612
1027 -118.478
1028 -119.632
1029 -119.845
1030 -117.253
1031 -117.725
1032 -117.398
1033 -115.47
1034 -116.174
1035 -116.724
1036 -114.499
1037 -114.806
1038 -113.628
1039 -113.708
1040 -113.106
1041 -114.756
1042 -114.253
1043 -112.147
1044 -113.831
1045 -113.05
1046 -111.422
1047 -111.866
1048 -111.082
1049 -111.082
1050 -112.036
1051 -112.26
1052 -111.289
1053 -111.484
1054 -110.952
1055 -112.568
1056 -111.479
1057 -111.713
1058 -110.293
1059 -111.36
1060 -109.232
1061 -109.16
1062 -110.864
1063 -110.661
1064 -109.31
1065 -109.292
1066 -109.299
1067 -108.752
1068 -109.546
1069 -109.489
1070 -107.968
1071 -109.634
1072 -108.752
1073 -108.89
1074 -108.911
1075 -108.241
1076 -109.89
1077 -108.69
1078 -108.224
1079 -108.38
1080 -110.642
1081 -108.953
1082 -109.01
1083 -109.406
1084 -108.837
1085 -108.947
1086 -109.189
1087 -107.262
1088 -109.35
1089 -109.825
1090 -109.267
1091 -108.508
1092 -110.173
1093 -108.763
1094 -109.366
1095 -109.242
1096 -107.577
1097 -109.795
1098 -109.591
1099 -108.116
1100 -109.623
1101 -108.823
1102 -110.254
1103 -109.74
1104 -110.47
1105 -109.672
1106 -109.954
1107 -110.391
1108 -110.67
1109 -110.376
1110 -111.743
1111 -113.681
1112 -113.41
1113 -114.87
1114 -112.329
1115 -113.982
1116 -115.426
1117 -115.89
1118 -118.254
1119 -116.944
1120 -118.701
1121 -118.799
1122 -120.095
1123 -119.911
1124 -121.85
1125 -120.99
1126 -121.183
1127 -122.346
1128 -123.336
1129 -124.71
1130 -125.126
1131 -126.739
1132 -127.189
1133 -126.652
1134 -127.697
1135 -129.858
1136 -129.181
1137 -128.892
1138 -130.701
1139 -130.285
1140 -128.279
1141 -129.26
1142 -128.056
1143 -129.17
1144 -130.483
1145 -130.564
1146 -127.971
1147 -127.848
1148 -126.77
1149 -127.38
1150 -127.779
1151 -126.477
1152 -126.978
1153 -126.12
1154 -125.649
1155 -124.569
1156 -123.749
1157 -121.98
1158 -122.56
1159 -121.269
1160 -121.503
1161 -121.239
1162 -120.848
1163 -121.678
1164 -120.449
1165 -120.893
1166 -119.052
1167 -119.343
1168 -117.548
1169 -117.723
1170 -119.599
1171 -118.022
1172 -120.865
1173 -119.436
1174 -117.819
1175 -117.73
1176 -117.006
1177 -115.883
1178 -116.712
1179 -116.611
1180 -116.003
1181 -116.503
1182 -116.976
1183 -117.536
1184 -118.341
1185 -118.684
1186 -118.21
1187 -118.038
1188 -118.643
1189 -119.047
1190 -118.043
1191 -118.235
1192 -118.485
1193 -119.299
1194 -118.712
1195 -118.839
1196 -120.148
1197 -119.153
1198 -118.432
1199 -117.307
1200 -116.484
1201 -117.452
1202 -116.567
1203 -117.949
1204 -117.023
1205 -117.272
1206 -116.213
1207 -116.42
1208 -117.338
1209 -115.038
1210 -115.954
1211 -114.254
1212 -116.713
1213 -118.03
1214 -118.288
1215 -117.933
1216 -116.767
1217 -117.023
1218 -115.76
1219 -115.062
1220 -116.22
1221 -116.431
1222 -117.491
1223 -116.792
1224 -118.345
1225 -119.547
1226 -117.659
1227 -118.514
1228 -118.041
1229 -118.224
1230 -117.53
1231 -119.13
1232 -118.76
1233 -119.18
1234 -119.59
1235 -120.125
1236 -119.274
1237 -120.056
1238 -118.834
1239 -119.901
1240 -118.643
1241 -117.093
1242 -117.899
1243 -117.134
1244 -119.366
1245 -118.302
1246 -118.604
1247 -118.531
1248 -118.636
1249 -116.617
1250 -117.107
1251 -116.733
1252 -117.011
1253 -118.69
1254 -117.587
1255 -118.473
1256 -118.043
1257 -117.326
1258 -117.833
1259 -116.629
1260 -116.429
1261 -115.877
1262 -115.551
1263 -115.787
1264 -116.964
1265 -116.95
1266 -118.729
1267 -120.048
1268 -118.149
1269 -119.149
1270 -120.548
1271 -118.708
1272 -118.794
1273 -118.56
1274 -117.528
1275 -118.665
1276 -119.703
1277 -117.925
1278 -119.604
1279 -119.125
1280 -119.65
1281 -120.077
1282 -118.882
1283 -120.314
1284 -119.017
1285 -119.908
1286 -118.281
1287 -119.994
1288 -118.852
1289 -118.198
1290 -117.718
1291 -116.585
1292 -115.976
1293 -117.788
1294 -117.918
1295 -117.794
1296 -116.707
1297 -118.485
1298 -117.76
1299 -116.693
1300 -118.347
1301 -117.625
1302 -115.075
1303 -118.186
1304 -118.425
1305 -119.724
1306 -119.917
1307 -119.401
1308 -120.006
1309 -119.312
1310 -120.171
1311 -118.795
1312 -120.302
1313 -118.834
1314 -118.384
1315 -118.57
1316 -119.819
1317 -120.231
1318 -120.805
1319 -120.002
1320 -118.866
1321 -119.239
1322 -119.077
1323 -118.967
1324 -119.421
1325 -118.107
1326 -118.78
1327 -121.416
1328 -118.019
1329 -118.366
1330 -117.683
1331 -118.307
1332 -116.976
1333 -118.56
1334 -118.479
1335 -118.405
1336 -119.688
1337 -117.979
1338 -118.345
1339 -118.954
1340 -118.009
1341 -118.662
1342 -118.522
1343 -117.329
1344 -116.397
1345 -117.113
1346 -118.001
1347 -119.032
1348 -120.33
1349 -120.758
1350 -120.423
1351 -119.809
1352 -120.741
1353 -120.611
1354 -120.012
1355 -120.139
1356 -119.056
1357 -120.037
1358 -121.116
1359 -119.771
1360 -120.217
1361 -119.48
1362 -120.479
1363 -118.088
1364 -119.787
1365 -119.883
1366 -120.727
1367 -119.344
1368 -120.031
1369 -120.272
1370 -120.881
1371 -118.082
1372 -118.742
1373 -118.249
1374 -118.597
1375 -117.067
1376 -117.391
1377 -117.588
1378 -119.881
1379 -117.665
1380 -118.066
1381 -117.525
1382 -116.659
1383 -117.291
1384 -118.041
1385 -118.091
1386 -118.455
1387 -119.841
1388 -119.191
1389 -120.228
1390 -119.53
1391 -118.979
1392 -120.25
1393 -120.018
1394 -120.311
1395 -120.694
1396 -120.955
1397 -119.982
1398 -119.505
1399 -120.791
1400 -120.862
1401 -119.289
1402 -121.225
1403 -120.119
1404 -119.252
1405 -119.703
1406 -117.795
1407 -118.995
1408 -120.278
1409 -122.008
1410 -120.658
1411 -119.923
1412 -119.429
1413 -118.645
1414 -119.487
1415 -117.238
1416 -118.963
1417 -117.513
1418 -118.722
1419 -119.3
1420 -119.326
1421 -119.302
1422 -118.308
1423 -118.002
1424 -116.736
1425 -117.842
1426 -117.468
1427 -120.078
1428 -118.339
1429 -121.035
1430 -120.727
1431 -119.861
1432 -119.618
1433 -120.006
1434 -119.644
1435 -120.196
1436 -119.319
1437 -118.009
1438 -120.908
1439 -120.734
1440 -121.407
1441 -121.567
1442 -120.649
1443 -120.508
1444 -120.332
1445 -118.884
1446 -119.12
1447 -119.043
1448 -119.062
1449 -119.474
1450 -120.039
1451 -119.442
1452 -119.123
1453 -119.366
1454 -118.796
1455 -117.928
1456 -117.85
1457 -118.108
1458 -116.898
1459 -118.383
1460 -118.877
1461 -119.402
1462 -117.748
1463 -117.831
1464 -117.95
1465 -117.462
1466 -117.972
1467 -118.191
1468 -119.15
1469 -118.551
1470 -120.248
1471 -120.81
1472 -120.8
1473 -121.067
1474 -120.19
1475 -119.015
1476 -118.68
1477 -119.659
1478 -119.537
1479 -120.447
1480 -119.788
1481 -120.834
1482 -121.805
1483 -119.933
1484 -120.075
1485 -121.376
1486 -118.625
1487 -119.919
1488 -120.102
1489 -119.168
1490 -119.232
1491 -121.252
1492 -119.586
1493 -121.143
1494 -120.144
1495 -118.859
1496 -119.168
1497 -117.438
1498 -119.089
1499 -119.397
1500 -118.727
1501 -118.924
1502 -117.918
1503 -118.125
1504 -115.834
1505 -118.378
1506 -118.024
1507 -117.596
1508 -116.994
1509 -118.677
1510 -119.839
1511 -118.701
1512 -120.517
1513 -120.128
1514 -120.244
1515 -120.476
1516 -119.433
1517 -119.165
1518 -119.462
1519 -117.614
1520 -119.294
1521 -118.116
1522 -119.7
1523 -118.318
1524 -117.669
1525 -117.429
1526 -117.288
1527 -115.906
1528 -113.368
1529 -114.405
1530 -112.94
1531 -112.465
1532 -112.891
1533 -112.007
1534 -111.953
1535 -110.214
1536 -109.278
1537 -109.736
1538 -107.499
1539 -107.444
1540 -108.417
1541 -108.073
1542 -105.167
1543 -105.905
1544 -105.656
1545 -105.479
1546 -105.246
1547 -103.903
1548 -104.513
1549 -105.32
1550 -102.765
1551 -105.308
1552 -102.384
1553 -104.144
1554 -105.41
1555 -105.232
1556 -105.07
1557 -105.068
1558 -104.052
1559 -104.212
1560 -106.059
1561 -107.425
1562 -107.541
1563 -108.091
1564 -107.299
1565 -109.826
1566 -109.319
1567 -110.057
1568 -111.065
1569 -112.648
1570 -111.264
1571 -111.308
1572 -111.793
1573 -111.257
1574 -112.019
1575 -112.43
1576 -113.563
1577 -113.397
1578 -113.61
1579 -113.072
1580 -113.527
1581 -113.389
1582 -114.273
1583 -114.537
1584 -114.406
1585 -115.017
1586 -113.305
1587 -115.508
1588 -114.848
1589 -115.835
1590 -115.627
1591 -116.268
1592 -115.387
1593 -115.577
1594 -114.448
1595 -115.498
1596 -116.255
1597 -114.218
1598 -115.465
1599 -115.184
1600 -116.365
1601 -116.043
1602 -116.502
1603 -116.838
1604 -115.727
1605 -115.515
1606 -115.875
1607 -114.996
1608 -115.987
1609 -116.231
1610 -115.438
1611 -115.802
1612 -116.181
1613 -116.4
1614 -115.273
1615 -114.411
1616 -116.308
1617 -114.313
1618 -116.791
1619 -116.629
1620 -117.252
1621 -117.743
1622 -115.308
1623 -116.286
1624 -116.687
1625 -115.35
1626 -117.994
1627 -116.682
1628 -116.049
1629 -115.837
1630 -116.425
1631 -117.441
1632 -118.144
1633 -116.398
1634 -115.957
1635 -115.746
1636 -116.515
1637 -115.616
1638 -116.42
1639 -113.943
1640 -115.414
1641 -116.909
1642 -114.799
1643 -115.949
1644 -112.818
1645 -112.16
1646 -110.839
1647 -110.699
1648 -112.049
1649 -109.887
1650 -109.122
1651 -107.761
1652 -108.36
1653 -108.15
1654 -108.088
1655 -106.475
1656 -105.618
1657 -106.628
1658 -104.364
1659 -104.142
1660 -103.409
1661 -101.948
1662 -102.476
1663 -101.876
1664 -99.9249
1665 -100.612
1666 -99.7057
1667 -98.8254
1668 -97.3378
1669 -97.5529
1670 -96.6725
1671 -96.9436
1672 -96.1353
1673 -96.6765
1674 -95.9839
1675 -95.3194
1676 -97.7363
1677 -95.8711
1678 -95.9795
1679 -94.8843
1680 -98.1866
1681 -96.8275
1682 -98.2683
1683 -98.0074
1684 -99.7723
1685 -98.9638
1686 -97.8008
1687 -100.115
1688 -102.841
1689 -100.803
1690 -101.977
1691 -104.436
1692 -104.166
1693 -103.904
1694 -105.294
1695 -104.944
1696 -105.263
1697 -106.625
1698 -107.059
1699 -107.927
1700 -106.918
1701 -106.649
1702 -107.883
1703 -108.125
1704 -107.797
1705 -109.218
1706 -106.944
1707 -107.611
1708 -109.479
1709 -108.13
1710 -107.898
1711 -108.742
1712 -109.516
1713 -110.993
1714 -110
1715 -110.959
1716 -109.689
1717 -108.114
1718 -110.15
1719 -105.722
1720 -108.178
1721 -106.574
1722 -106.749
1723 -108.582
1724 -107.848
1725 -107.376
1726 -108.529
1727 -107.837
1728 -106.713
1729 -108.391
1730 -108.334
1731 -109.048
1732 -109.497
1733 -109.424
1734 -110.623
1735 -110.137
1736 -110.663
1737 -109.719
1738 -110.778
1739 -109.81
1740 -110.011
1741 -109.558
1742 -110.538
1743 -111.109
1744 -110.641
1745 -110.922
1746 -111.089
1747 -109.906
1748 -110.439
1749 -109.94
1750 -109.43
1751 -108.853
1752 -109.075
1753 -112.041
1754 -108.882
1755 -112.997
1756 -110.276
1757 -111.128
1758 -109.127
1759 -109.496
1760 -108.294
1761 -107.968
1762 -110.467
1763 -108.554
1764 -107.858
1765 -110.326
1766 -108.284
1767 -106.532
1768 -107.875
1769 -106.532
1770 -107.418
1771 -107.484
1772 -107.73
1773 -109.182
1774 -109.491
1775 -109.631
1776 -111.435
1777 -109.719
1778 -111.593
1779 -109.788
1780 -108.532
1781 -110.827
1782 -109.07
1783 -108.495
1784 -110.342
1785 -110.252
1786 -111.253
1787 -111.161
1788 -111.831
1789 -109.657
1790 -110.913
1791 -109.647
1792 -108.951
1793 -109.616
1794 -108.973
1795 -110.199
1796 -111.773
1797 -110.768
1798 -110.046
1799 -110.348
1800 -110.165
1801 -110.059
1802 -109.196
1803 -108.506
1804 -107.995
1805 -108.165
1806 -107.475
1807 -107.511
1808 -107.447
1809 -107.613
1810 -106.958
1811 -106.815
1812 -107.803
1813 -109.921
1814 -108.147
1815 -109.87
1816 -110.038
1817 -109.305
1818 -109.797
1819 -109.561
1820 -110.991
1821 -110.341
1822 -110.214
1823 -108.87
1824 -110.552
1825 -110.626
1826 -110.25
1827 -109.37
1828 -109.37
1829 -110.437
1830 -110.046
1831 -109.623
1832 -109.327
1833 -109.167
1834 -107.776
1835 -110.736
1836 -110.028
1837 -110.813
1838 -109.812
1839 -111.383
1840 -111.47
1841 -110.927
1842 -110.543
1843 -109.594
1844 -109.022
1845 -108.021
1846 -107.334
1847 -107.918
1848 -107.72
1849 -106.262
1850 -106.193
1851 -107.226
1852 -107.612
1853 -108.54
1854 -110.09
1855 -109.934
1856 -109.46
1857 -108.479
1858 -109.857
1859 -110.144
1860 -109.558
1861 -111.083
1862 -110.13
1863 -109.523
1864 -108.791
1865 -109.149
1866 -108.791
1867 -108.103
1868 -109.404
1869 -110.632
1870 -109.862
1871 -109.441
1872 -109.992
1873 -109.808
1874 -110.238
1875 -108.609
1876 -109.622
1877 -108.675
1878 -109.123
1879 -108.738
1880 -110.282
1881 -110.764
1882 -108.864
1883 -109.501
1884 -106.785
1885 -109.089
1886 -107.285
1887 -107.651
1888 -107.876
1889 -106.698
1890 -108.026
1891 -106.915
1892 -105.873
1893 -107.064
1894 -107.49
1895 -108.35
1896 -108.849
1897 -110.296
1898 -108.792
1899 -108.62
1900 -108.817
1901 -108.91
1902 -109.276
1903 -109.766
1904 -107.884
1905 -108.917
1906 -108.39
1907 -108.759
1908 -109.651
1909 -107.979
1910 -109.988
1911 -110.711
1912 -108.193
1913 -109.329
1914 -110.232
1915 -108.848
1916 -108.23
1917 -108.708
1918 -109.798
1919 -110.432
1920 -108.641
1921 -109.817
1922 -109.802
1923 -108.823
1924 -109.136
1925 -107.473
1926 -107.683
1927 -107.907
1928 -108.065
1929 -109.052
1930 -107.488
1931 -106.644
1932 -106.339
1933 -106.338
1934 -107.07
1935 -107.719
1936 -107.862
1937 -108.363
1938 -108.624
1939 -108.928
1940 -108.952
1941 -108.247
1942 -108.982
1943 -110.315
1944 -108.612
1945 -109.082
1946 -109.369
1947 -106.839
1948 -108.935
1949 -108.577
1950 -108.468
1951 -108.667
1952 -109.575
1953 -108.462
1954 -107.891
1955 -108.317
1956 -108.743
1957 -109.481
1958 -108.128
1959 -109.05
1960 -109.1
1961 -109.887
1962 -108.974
1963 -109.23
1964 -109.581
1965 -108.185
1966 -107.185
1967 -106.88
1968 -105.741
1969 -106.15
1970 -106.533
1971 -105.444
1972 -105.603
1973 -104.953
1974 -105.243
1975 -107.163
1976 -105.134
1977 -105.414
1978 -107.504
1979 -106.921
1980 -107.709
1981 -107.274
1982 -108.44
1983 -109.287
1984 -110.56
1985 -108.834
1986 -107.342
1987 -107.476
1988 -108.35
1989 -107.903
1990 -107.5
1991 -107.234
1992 -109.295
1993 -108.632
1994 -109.13
1995 -108.206
1996 -107.473
1997 -108.971
1998 -106.65
1999 -106.535
2000 -108.199
2001 -108.812
2002 -108.858
2003 -108.744
2004 -107.889
2005 -107.584
2006 -106.874
2007 -107.084
2008 -107.551
2009 -106.265
2010 -105.123
2011 -106.557
2012 -106.067
2013 -104.882
2014 -106.177
2015 -105.573
2016 -105.472
2017 -105.364
2018 -105.959
2019 -108.031
2020 -106.647
2021 -107.546
2022 -107.48
2023 -107.893
2024 -108.441
2025 -107.48
2026 -106.639
2027 -108.735
2028 -107.342
2029 -106.503
2030 -106.307
2031 -104.995
2032 -105.514
2033 -107.174
2034 -107.373
2035 -107.031
2036 -106.816
2037 -107.337
2038 -106.49
2039 -106.606
2040 -105.445
2041 -106.794
2042 -107.658
2043 -108.068
2044 -106.999
2045 -107.471
2046 -107.836
2047 -106.737
2048 -106.336
2049 -104.668
2050 -105.106
2051 -105.736
2052 -105.743
2053 -106.784
2054 -105.471
2055 -106.785
2056 -106.259
2057 -107.583
2058 -108.037
2059 -109.046
2060 -110.736
2061 -111.212
2062 -111.357
2063 -111.844
2064 -112.186
2065 -111.889
2066 -112.713
2067 -115.335
2068 -114.501
2069 -115.07
2070 -115.441
2071 -116.516
2072 -115.746
2073 -117.469
2074 -118.665
2075 -119.114
2076 -119.494
2077 -121.644
2078 -121.083
2079 -120.997
2080 -120.449
2081 -119.976
2082 -120.425
2083 -120.318
2084 -121.081
2085 -121.329
2086 -120.766
2087 -119.974
2088 -121.062
2089 -119.99
2090 -120.658
2091 -120.598
2092 -119.64
2093 -120.157
2094 -118.716
2095 -118.751
2096 -119.951
2097 -117.615
2098 -117.649
2099 -117.493
2100 -116.468
2101 -116.607
2102 -115.915
2103 -114.502
2104 -113.83
2105 -113.832
2106 -113.482
2107 -115.376
2108 -112.232
2109 -114.16
2110 -113.086
2111 -112.308
2112 -111.08
2113 -111.861
2114 -110.833
2115 -110.041
2116 -110.799
2117 -111.132
2118 -110.802
2119 -110.23
2120 -110.064
2121 -112.234
2122 -109.14
2123 -108.84
2124 -111.106
2125 -111.324
2126 -109.862
2127 -110.707
2128 -111.224
2129 -110.528
2130 -108.57
2131 -110.792
2132 -110.421
2133 -108.418
2134 -110.198
2135 -107.635
2136 -109.531
2137 -108.25
2138 -108.871
2139 -108.234
2140 -109.431
2141 -108.23
2142 -107.959
2143 -108.27
2144 -109.598
2145 -109.392
2146 -109.492
2147 -108.332
2148 -108.667
2149 -106.894
2150 -109.073
2151 -109.093
2152 -108.711
2153 -108.198
2154 -108.969
2155 -109.742
2156 -108.186
2157 -108.684
2158 -109.186
2159 -107.27
2160 -108.063
2161 -108.679
2162 -108.673
2163 -107.951
2164 -109.814
2165 -108.551
2166 -108.626
2167 -109.233
2168 -107.219
2169 -106.753
2170 -108.1
2171 -109.34
2172 -109.969
2173 -109.797
2174 -109.967
2175 -111.146
2176 -108.812
2177 -111.807
2178 -112.194
2179 -113.562
2180 -114.694
2181 -114.469
2182 -114.166
2183 -115.163
2184 -116.331
2185 -116.274
2186 -117.315
2187 -117.181
2188 -116.657
2189 -119.161
2190 -119.972
2191 -120.057
2192 -119.846
2193 -119.818
2194 -121.963
2195 -121.142
2196 -123.82
2197 -124.57
2198 -126.287
2199 -124.847
2200 -126.974
2201 -126.832
2202 -127.929
2203 -127.535
2204 -130.282
2205 -128.4
2206 -129.654
2207 -129.848
2208 -128.131
2209 -128.858
2210 -130.042
2211 -128.154
2212 -128.228
2213 -128.64
2214 -129.102
2215 -128.256
2216 -126.391
2217 -126.434
2218 -126.165
2219 -127.186
2220 -125.86
2221 -125.028
2222 -124.385
2223 -124.378
2224 -124.02
2225 -123.63
2226 -123.799
2227 -123.585
2228 -122.467
2229 -121.577
2230 -121.192
2231 -121.492
2232 -120.905
2233 -117.893
2234 -121.228
2235 -117.971
2236 -118.415
2237 -118.653
2238 -117.859
2239 -118.048
2240 -119.229
2241 -118.064
2242 -117.796
2243 -118.225
2244 -116.26
2245 -116.336
2246 -116.029
2247 -116.525
2248 -115.921
2249 -116.92
2250 -117.602
2251 -118.113
2252 -118.543
2253 -119.27
2254 -118.124
2255 -118.889
2256 -120.201
2257 -118.19
2258 -118.086
2259 -119.724
2260 -117.069
2261 -117.767
2262 -119.835
2263 -119.677
2264 -118.354
2265 -118.154
2266 -119.352
2267 -116.264
2268 -116.546
2269 -116.392
2270 -118.493
2271 -116.777
2272 -116.032
2273 -116.963
2274 -116.858
2275 -117.792
2276 -116.293
2277 -117.05
2278 -116.961
2279 -113.654
2280 -116.851
2281 -116.539
2282 -117.17
2283 -118.065
2284 -116.966
2285 -115.633
2286 -117.527
2287 -115.728
2288 -115.485
2289 -115.468
2290 -114.315
2291 -116.194
2292 -119.518
2293 -118.252
2294 -118.151
2295 -118.691
2296 -119.153
2297 -116.452
2298 -116.829
2299 -117.408
2300 -117.931
2301 -118.023
2302 -117.458
2303 -117.547
2304 -119.353
2305 -118.49
2306 -117.866
2307 -118.122
2308 -116.981
2309 -117.404
2310 -117.586
2311 -116.646
2312 -118.468
2313 -117.567
2314 -118.71
2315 -118.595
2316 -118.257
2317 -117.706
2318 -118.009
2319 -116.304
2320 -117.273
2321 -117.008
2322 -117.19
2323 -117.832
2324 -117.249
2325 -117.022
2326 -116.049
2327 -115.387
2328 -114.586
2329 -114.389
2330 -114.833
2331 -116.927
2332 -117.785
2333 -117.065
2334 -118.83
2335 -117.678
2336 -119.283
2337 -119.508
2338 -119.301
2339 -118.071
2340 -121.778
2341 -117.4
2342 -118.468
2343 -117.78
2344 -119.57
2345 -119.529
2346 -122.33
2347 -119.481
2348 -117.254
2349 -118.77
2350 -118.349
2351 -116.898
2352 -116.755
2353 -118.535
2354 -118.234
2355 -118.405
2356 -118.184
2357 -117.002
2358 -117.545
2359 -116.632
2360 -117.483
2361 -117.029
2362 -117.858
2363 -116.792
2364 -116.638
2365 -118.305
2366 -117.713
2367 -117.203
2368 -118.205
2369 -117.668
2370 -117.753
2371 -115.857
2372 -117.64
2373 -118.207
2374 -118.168
2375 -119.168
2376 -119.243
2377 -117.933
2378 -119.277
2379 -118.439
2380 -119.558
2381 -119.944
2382 -119.645
2383 -118.72
2384 -118.278
2385 -119.409
2386 -118.77
2387 -119.091
2388 -119.147
2389 -120.422
2390 -119.266
2391 -119.086
2392 -118.39
2393 -118.404
2394 -118.478
2395 -117.67
2396 -120.617
2397 -118.235
2398 -118.859
2399 -118.44
2400 -118.599
2401 -115.6
2402 -117.48
2403 -117.712
2404 -118.026
2405 -118.746
2406 -118.21
2407 -116.555
2408 -116.697
2409 -118.246
2410 -116.559
2411 -117.95
2412 -116.983
2413 -117.449
2414 -117.162
2415 -118.224
2416 -118.577
2417 -120.103
2418 -120.498
2419 -119.274
2420 -118.469
2421 -119.726
2422 -118.732
2423 -119.816
2424 -119.224
2425 -121.523
2426 -120.769
2427 -119.603
2428 -119.317
2429 -120.178
2430 -119.599
2431 -116.843
2432 -118.717
2433 -117.127
2434 -119.55
2435 -118.501
2436 -119.755
2437 -119.755
2438 -119.141
2439 -118.447
2440 -117.485
2441 -118.357
2442 -117.45
2443 -118.489
2444 -118.331
2445 -116.978
2446 -117.623
2447 -119.168
2448 -117.827
2449 -117.031
2450 -117.954
2451 -118.193
2452 -117.096
2453 -117.695
2454 -118.657
2455 -118.914
2456 -119.777
2457 -120.629
2458 -118.951
2459 -119.317
2460 -120.105
2461 -118.955
2462 -119.567
2463 -118.727
2464 -119.537
2465 -119.233
2466 -119.371
2467 -119.926
2468 -118.828
2469 -119.388
2470 -118.854
2471 -120.376
2472 -121.408
2473 -120.497
2474 -118.847
2475 -119.059
2476 -119.292
2477 -118.836
2478 -120.075
2479 -119.98
2480 -117.965
2481 -119.063
2482 -118.908
2483 -117.277
2484 -118.44
2485 -118.16
2486 -117.809
2487 -119.169
2488 -119.098
2489 -118.344
2490 -117.652
2491 -117.937
2492 -117.013
2493 -116.648
2494 -118.087
2495 -118.28
2496 -117.499
2497 -119.879
2498 -119.271
2499 -120.681
2500 -120.149
2501 -120.554
2502 -120.362
2503 -119.04
2504 -118.475
2505 -118.976
2506 -119.315
2507 -120.722
2508 -121.218
2509 -120.135
2510 -119.522
2511 -119.914
2512 -120.814
2513 -121.393
2514 -118.205
2515 -118.819
2516 -120.092
2517 -117.431
2518 -120.786
2519 -119.552
2520 -118.723
2521 -118.905
2522 -119.565
2523 -118.453
2524 -117.181
2525 -118.512
2526 -118.306
2527 -119.226
2528 -117.273
2529 -118.859
2530 -118.279
2531 -118.65
2532 -116.53
2533 -117.37
2534 -118.11
2535 -118.13
2536 -118.05
2537 -116.403
2538 -120.584
2539 -119.022
2540 -120.582
2541 -121.182
2542 -121.426
2543 -119.348
2544 -121.603
2545 -119.787
2546 -120.126
2547 -120.057
2548 -119.894
2549 -121.133
2550 -121.41
2551 -120.71
2552 -120.807
2553 -119.813
2554 -119.483
2555 -118.025
2556 -118.323
2557 -118.247
2558 -119.345
2559 -119.67
2560 -118.933
2561 -119.485
2562 -119.682
2563 -119.347
2564 -118.389
2565 -117.667
2566 -119.902
2567 -117.963
2568 -117.453
2569 -118.88
2570 -117.143
2571 -119.626
2572 -119.455
2573 -118.315
2574 -116.624
2575 -116.765
2576 -117.517
2577 -117.318
2578 -117.703
2579 -119.122
2580 -118.652
2581 -120.015
2582 -120.563
2583 -120.169
2584 -119.406
2585 -118.331
2586 -118.368
2587 -118.87
2588 -118.73
2589 -118.417
2590 -117.775
2591 -118.229
2592 -118.541
2593 -116.549
2594 -115.607
2595 -114.908
2596 -114.863
2597 -112.787
2598 -112.008
2599 -112.397
2600 -111.363
2601 -112.551
2602 -111.065
2603 -110.599
2604 -110.675
2605 -109.005
2606 -107.19
2607 -106.675
2608 -107.294
2609 -106.221
2610 -105.877
2611 -107.295
2612 -104.713
2613 -105.699
2614 -105.146
2615 -104.698
2616 -104.132
2617 -103.158
2618 -104.963
2619 -103
2620 -104.512
2621 -104.392
2622 -104.791
2623 -104.513
2624 -104.011
2625 -104.085
2626 -104.564
2627 -104.665
2628 -107.384
2629 -106.045
2630 -106.521
2631 -106.014
2632 -106.955
2633 -106.381
2634 -107.378
2635 -109.644
2636 -109.609
2637 -109.406
2638 -111.466
2639 -111.13
2640 -110.199
2641 -112.028
2642 -111.697
2643 -112.263
2644 -113.225
2645 -111.596
2646 -112.36
2647 -114.031
2648 -111.422
2649 -113.823
2650 -113.065
2651 -114.161
2652 -115.433
2653 -114.39
2654 -114.587
2655 -114.714
2656 -114.779
2657 -114.251
2658 -114.759
2659 -114.641
2660 -115.017
2661 -114.019
2662 -115.718
2663 -115.763
2664 -115.996
2665 -115.755
2666 -115.933
2667 -115.36
2668 -116.22
2669 -115.506
2670 -116.31
2671 -115.903
2672 -114.847
2673 -115.414
2674 -115.788
2675 -115.913
2676 -115.76
2677 -114.963
2678 -116.218
2679 -115.006
2680 -115.913
2681 -116.014
2682 -116.088
2683 -117.864
2684 -118.15
2685 -117.188
2686 -115.666
2687 -118.074
2688 -116.885
2689 -115.332
2690 -115.92
2691 -115.37
2692 -117.133
2693 -117.148
2694 -115.728
2695 -116.185
2696 -116.254
2697 -116.617
2698 -115.86
2699 -115.793
2700 -116.413
2701 -116.446
2702 -117.098
2703 -117.237
2704 -116.415
2705 -114.839
2706 -116.933
2707 -114.736
2708 -116.244
2709 -114.442
2710 -113.883
2711 -114.548
2712 -113.157
2713 -111.972
2714 -111.527
2715 -110.207
2716 -110.36
2717 -110.603
2718 -110.042
2719 -109.619
2720 -107.294
2721 -107.486
2722 -107.09
2723 -105.949
2724 -104.626
2725 -105.933
2726 -103.515
2727 -105.123
2728 -103.322
2729 -102.899
2730 -100.56
2731 -98.9374
2732 -100.871
2733 -100.672
2734 -98.5972
2735 -98.9575
2736 -98.5256
2737 -95.1944
2738 -95.3779
2739 -96.2163
2740 -95.5541
2741 -96.1702
2742 -94.241
2743 -96.0125
2744 -96.4628
2745 -95.7833
2746 -97.4141
2747 -96.7103
2748 -96.9292
2749 -96.4887
2750 -96.8071
2751 -97.1375
2752 -100.794
2753 -98.3723
2754 -98.9518
2755 -99.9639
2756 -100.205
2757 -101.793
2758 -101.888
2759 -102.192
2760 -102.135
2761 -103.831
2762 -104.891
2763 -106.079
2764 -104.165
2765 -105.598
2766 -106.672
2767 -106.084
2768 -107.193
2769 -106.1
2770 -107.468
2771 -107.257
2772 -106.577
2773 -106.382
2774 -107.575
2775 -107.86
2776 -109.295
2777 -107.85
2778 -109.464
2779 -108.323
2780 -108.519
2781 -109.812
2782 -110.268
2783 -109.392
2784 -110.889
2785 -110.19
2786 -108.576
2787 -109.071
2788 -107.437
2789 -109.106
2790 -107.437
2791 -105.775
2792 -108.096
2793 -107.846
2794 -107.225
2795 -106.646
2796 -107
2797 -106.453
2798 -108.984
2799 -108.941
2800 -109.244
2801 -108.664
2802 -109.908
2803 -109.036
2804 -110.353
2805 -109.202
2806 -110.212
2807 -109.674
2808 -110.236
2809 -109.032
2810 -109.819
2811 -109.281
2812 -109.836
2813 -109.433
2814 -111.619
2815 -109.768
2816 -109.059
2817 -111.055
2818 -110.307
2819 -110.427
2820 -109.75
2821 -111.057
2822 -111.521
2823 -111.444
2824 -110.514
2825 -109.85
2826 -110.801
2827 -110.798
2828 -109.696
2829 -109.121
2830 -109.753
2831 -109.309
2832 -107.88
2833 -107.204
2834 -108.939
2835 -106.961
2836 -107.249
2837 -106.7
2838 -107.458
2839 -107.304
2840 -108.859
2841 -108.489
2842 -108.404
2843 -110.666
2844 -108.998
2845 -110.239
2846 -109.65
2847 -111.758
2848 -111.041
2849 -110.05
2850 -109.997
2851 -109.442
2852 -110.467
2853 -108.857
2854 -111.341
2855 -108.813
2856 -109.457
2857 -110.006
2858 -108.686
2859 -109.953
2860 -109.923
2861 -109.571
2862 -111.62
2863 -111.362
2864 -112.691
2865 -111.55
2866 -110.46
2867 -111.143
2868 -110.762
2869 -108.028
2870 -109.445
2871 -108.893
2872 -106.709
2873 -109.743
2874 -107.919
2875 -107.946
2876 -108.036
2877 -108.85
2878 -105.25
2879 -108.711
2880 -107.729
2881 -108.067
2882 -107.757
2883 -107.418
2884 -109.04
2885 -109.286
2886 -110.882
2887 -109.834
2888 -110.406
2889 -110.732
2890 -110.935
2891 -110.388
2892 -109.165
2893 -106.909
2894 -109.66
2895 -108.936
2896 -110.953
2897 -110.835
2898 -111.375
2899 -110.727
2900 -110.089
2901 -111.822
2902 -110.174
2903 -110.641
2904 -110.168
2905 -110.837
2906 -111.358
2907 -112.195
2908 -111.498
2909 -110.461
2910 -110.183
2911 -109.466
2912 -109.017
2913 -108.03
2914 -108.622
2915 -109.007
2916 -106.87
2917 -108.384
2918 -107.446
2919 -107.519
2920 -106.872
2921 -107.551
2922 -108.919
2923 -109.544
2924 -109.594
2925 -107.97
2926 -110.669
2927 -109.904
2928 -111.611
2929 -109.926
2930 -110.602
2931 -109.412
2932 -107.501
2933 -109.143
2934 -108.574
2935 -109.308
2936 -109.571
2937 -109.331
2938 -109.871
2939 -109.815
2940 -109.258
2941 -107.833
2942 -108.981
2943 -108.853
2944 -110.152
2945 -111.632
2946 -108.446
2947 -110.203
2948 -110.217
2949 -110.638
2950 -108.417
2951 -108.796
2952 -109.336
2953 -106.889
2954 -107.783
2955 -108.286
2956 -107.178
2957 -106.298
2958 -106.318
2959 -106.189
2960 -106.04
2961 -107.786
2962 -108.272
2963 -107.229
2964 -108.943
2965 -107.741
2966 -110.396
2967 -109.723
2968 -109.247
2969 -108.949
2970 -109.311
2971 -108.553
2972 -110.402
2973 -108.987
2974 -109.778
2975 -107.631
2976 -108.758
2977 -109.765
2978 -108.133
2979 -109.489
2980 -108.522
2981 -110.301
2982 -110.187
2983 -109.206
2984 -108.538
2985 -109.995
2986 -110.543
2987 -109.169
2988 -109.748
2989 -109.145
2990 -109.374
2991 -109.698
2992 -108.842
2993 -108.369
2994 -108.08
2995 -107.412
2996 -107.48
2997 -106.861
2998 -106.046
2999 -106.875
3000 -105.329
3001 -106.896
3002 -105.062
3003 -106.281
3004 -107.86
3005 -109.031
3006 -108.434
3007 -107.138
3008 -108.603
3009 -108.848
3010 -107.767
3011 -108.878
3012 -110.18
3013 -109.439
3014 -107.718
3015 -107.933
3016 -108.504
3017 -109.585
3018 -109.151
3019 -107.665
3020 -108.359
3021 -108.335
3022 -109.146
3023 -108.36
3024 -108.133
3025 -108.159
3026 -110.007
3027 -108.719
3028 -109.853
3029 -107.903
3030 -110.385
3031 -109.251
3032 -108.413
3033 -107.971
3034 -106.679
3035 -105.753
3036 -105.522
3037 -107.19
3038 -107.543
3039 -106.579
3040 -106.356
3041 -106.727
3042 -105.605
3043 -107.152
3044 -107.279
3045 -106.362
3046 -109.166
3047 -107.597
3048 -109.372
3049 -107.394
3050 -108.752
3051 -108.567
3052 -108.326
3053 -108.859
3054 -107.987
3055 -107.659
3056 -106.531
3057 -107.512
3058 -107.715
3059 -107.959
3060 -107.118
3061 -108.81
3062 -107.916
3063 -107.415
3064 -108.259
3065 -108.425
3066 -106.888
3067 -108.776
3068 -109.221
3069 -108.912
3070 -108.799
3071 -108.405
3072 -108.788
3073 -107.096
3074 -108.06
3075 -105.646
3076 -107.319
3077 -107.884
3078 -107.05
3079 -106.157
3080 -105.672
3081 -105.75
3082 -105.441
3083 -106.152
3084 -105.735
3085 -105.379
3086 -106.246
3087 -106.098
3088 -106.219
3089 -106.134
3090 -107.526
3091 -108.556
3092 -107.074
3093 -107.153
3094 -109.077
3095 -107.892
3096 -107.502
3097 -107.871
3098 -106.614
3099 -108.043
3100 -107.54
3101 -107.962
3102 -107.649
3103 -108.539
3104 -107.788
3105 -106.941
3106 -108.481
3107 -106.735
3108 -107.632
3109 -107.997
3110 -107.899
3111 -107.8
3112 -108.012
3113 -107.283
3114 -106.458
3115 -106.946
3116 -105.4
3117 -105.148
3118 -106.225
3119 -105.498
3120 -107.562
3121 -107.146
3122 -107.074
3123 -106.613
3124 -107.006
3125 -108.093
3126 -108.09
3127 -108.063
3128 -109.225
3129 -110.523
3130 -114.314
3131 -112.805
3132 -111.628
3133 -112.829
3134 -113.496
3135 -115.217
3136 -114.373
3137 -115.431
3138 -115.107
3139 -116.703
3140 -116.705
3141 -117.691
3142 -118.123
3143 -119.352
3144 -120.835
3145 -121.162
3146 -121.181
3147 -122.91
3148 -120.936
3149 -121.969
3150 -121.98
3151 -120.372
3152 -120.826
3153 -121.204
3154 -121.447
3155 -120.242
3156 -121.381
3157 -120.574
3158 -120.879
3159 -121.549
3160 -120.377
3161 -120.145
3162 -120.071
3163 -117.75
3164 -118.584
3165 -117.962
3166 -117.336
3167 -117.329
3168 -116.86
3169 -115.626
3170 -115.437
3171 -115.431
3172 -114.711
3173 -113.896
3174 -114.433
3175 -112.955
3176 -112.806
3177 -112.56
3178 -113.489
3179 -113.205
3180 -110.908
3181 -111.148
3182 -110.818
3183 -112.865
3184 -111.629
3185 -111.963
3186 -110.153
3187 -111.12
3188 -111.978
3189 -110.158
3190 -110.45
3191 -110.679
3192 -109.382
3193 -110.911
3194 -109.999
3195 -108.237
3196 -109.831
3197 -110.45
3198 -110.926
3199 -109.215
3200 -109.358
3201 -109.723
3202 -109.299
3203 -109.187
3204 -110.358
3205 -108.923
3206 -111.888
3207 -110.99
3208 -108.614
3209 -109.111
3210 -110.686
3211 -107.951
3212 -109.223
3213 -108.705
3214 -110.056
3215 -109.449
3216 -108.585
3217 -108.96
3218 -109.644
3219 -108.788
3220 -110.412
3221 -108.24
3222 -107.486
3223 -109.512
3224 -109.46
3225 -108.787
3226 -107.798
3227 -108.613
3228 -109.028
3229 -109.989
3230 -111.078
3231 -108.167
3232 -107.342
3233 -107.417
3234 -107.214
3235 -108.55
3236 -109.328
3237 -108.683
3238 -109.415
3239 -108.926
3240 -108.647
3241 -109.145
3242 -108.593
3243 -108.546
3244 -108.92
3245 -108.849
3246 -109.469
3247 -108.312
3248 -108.445
3249 -109.732
3250 -109.561
3251 -109.043
3252 -108.262
3253 -108.732
3254 -107.55
3255 -109.584
3256 -109.545
3257 -107.544
3258 -110.16
3259 -109.258
3260 -106.638
3261 -107.72
3262 -108.262
3263 -109.738
3264 -109.176
3265 -109.711
3266 -109.406
3267 -107.632
3268 -108.901
3269 -107.406
3270 -108.533
3271 -109.836
3272 -108.13
3273 -109.224
3274 -108.101
3275 -108.804
3276 -108.614
3277 -109.352
3278 -109.356
3279 -108.101
3280 -107.615
3281 -108.451
3282 -108.359
3283 -109.654
3284 -107.647
3285 -108.925
3286 -108.775
3287 -109.104
3288 -107.902
3289 -108.748
3290 -109.086
3291 -110.418
3292 -107.861
3293 -109.352
3294 -107.784
3295 -109.422
3296 -108.9
3297 -110.329
3298 -109.056
3299 -108.028
3300 -108.371
3301 -110.289
3302 -109.542
3303 -109.776
3304 -109.585
3305 -107.973
3306 -108.109
3307 -108.41
3308 -109.642
3309 -108.035
3310 -109.062
3311 -107.99
3312 -109.431
3313 -107.868
3314 -108.156
3315 -109.005
3316 -109.463
3317 -108.897
3318 -109.663
3319 -109.524
3320 -109.019
3321 -107.81
3322 -108.423
3323 -109.22
3324 -109.834
3325 -109.273
3326 -109.901
3327 -107.726
3328 -107.99
3329 -109.314
3330 -109.366
3331 -109.057
3332 -110.187
3333 -109.487
3334 -106.12
3335 -108.528
3336 -108.042
3337 -107.856
3338 -107.701
3339 -107.635
3340 -109.297
3341 -107.461
3342 -108.423
3343 -109.128
3344 -108.455
3345 -109.099
3346 -109.13
3347 -107.955
3348 -108.852
3349 -109.087
3350 -109.858
3351 -108.842
3352 -107.647
3353 -109.738
3354 -109.275
3355 -108.913
3356 -109.713
3357 -109.554
3358 -109.718
3359 -108.907
3360 -110.082
3361 -110.693
3362 -109.681
3363 -109.024
3364 -109.563
3365 -108.671
3366 -108.71
3367 -108.076
3368 -107.733
3369 -109.509
3370 -108.37
3371 -108.195
3372 -110.017
3373 -109.46
3374 -109.203
3375 -109.463
3376 -107.979
3377 -109.279
3378 -109.241
3379 -107.211
3380 -108.933
3381 -108.783
3382 -107.735
3383 -109.285
3384 -109.232
3385 -109.14
3386 -109.181
3387 -109.126
3388 -108.702
3389 -109.241
3390 -109.506
3391 -108.27
3392 -109.86
3393 -109.177
3394 -109.219
3395 -109.774
3396 -108.275
3397 -110.06
3398 -109.132
3399 -110.142
