0 -43.0402
1 -41.5222
2 -40.4452
3 -38.8616
4 -39.8372
5 -39.7556
6 -40.5576
7 -41.5262
8 -39.6439
9 -41.1788
10 -40.7917
11 -39.1274
12 -40.1081
13 -40.1391
14 -41.2303
15 -40.2059
16 -40.6801
17 -41.1668
18 -40.7849
19 -40.2297
20 -41.0431
21 -40.73
22 -40.9001
23 -42.1068
24 -41.4883
25 -39.8345
26 -39.5258
27 -41.6243
28 -41.188
29 -40.0118
30 -41.0922
31 -40.992
32 -40.4808
33 -41.396
34 -41.8868
35 -42.4968
36 -42.4851
37 -42.5089
38 -43.2165
39 -44.7114
40 -44.8335
41 -45.2836
42 -44.5115
43 -46.3468
44 -46.5375
45 -46.5485
46 -46.3252
47 -47.3643
48 -47.2384
49 -48.6292
50 -47.8947
51 -50.0228
52 -51.84
53 -51.2646
54 -50.3828
55 -51.1841
56 -51.8831
57 -53.0528
58 -53.4937
59 -54.0467
60 -54.3275
61 -55.717
62 -55.3701
63 -56.0796
64 -57.2023
65 -57.592
66 -59.3441
67 -60.8341
68 -60.0289
69 -58.6115
70 -59.9781
71 -60.273
72 -60.4139
73 -62.7482
74 -63.5256
75 -60.7518
76 -62.6981
77 -62.4489
78 -64.0841
79 -63.1389
80 -61.5386
81 -62.0508
82 -62.1437
83 -61.8076
84 -60.1115
85 -60.1201
86 -59.7285
87 -59.6587
88 -60.4105
89 -59.2089
90 -58.62
91 -58.8158
92 -57.1819
93 -57.6295
94 -57.1643
95 -56.748
96 -57.024
97 -55.1937
98 -53.8948
99 -54.6644
100 -55.6387
101 -52.3358
102 -53.991
103 -53.067
104 -54.6763
105 -51.7716
106 -50.3813
107 -51.269
108 -50.9123
109 -49.6286
110 -49.7664
111 -50.4504
112 -49.8524
113 -48.9436
114 -49.1067
115 -49.869
116 -48.2908
117 -49.293
118 -49.6892
119 -48.345
120 -48.3992
121 -47.2539
122 -48.2591
123 -47.5569
124 -47.717
125 -47.5898
126 -48.0297
127 -46.834
128 -48.5814
129 -50.2081
130 -49.7757
131 -48.4942
132 -47.2801
133 -48.3878
134 -48.0232
135 -48.022
136 -48.4986
137 -47.9598
138 -48.0574
139 -47.6607
140 -48.0409
141 -47.5426
142 -46.7307
143 -47.0984
144 -47.4021
145 -45.5412
146 -46.684
147 -46.0761
148 -45.9051
149 -46.6511
150 -47.5676
151 -46.7644
152 -46.6082
153 -46.644
154 -46.3811
155 -46.5827
156 -47.5312
157 -45.6205
158 -45.0951
159 -46.5689
160 -45.9375
161 -46.0078
162 -45.6537
163 -45.885
164 -47.1415
165 -46.2642
166 -45.1413
167 -45.2138
168 -47.2682
169 -46.4449
170 -46.4812
171 -45.4992
172 -45.9693
173 -45.5685
174 -47.625
175 -47.4523
176 -47.3587
177 -47.4704
178 -47.4938
179 -48.5502
180 -47.2914
181 -46.6954
182 -44.9971
183 -46.165
184 -45.5059
185 -47.457
186 -46.27
187 -46.6809
188 -46.9619
189 -46.3308
190 -46.7093
191 -46.3047
192 -47.2185
193 -46.0828
194 -45.3242
195 -45.4051
196 -44.8991
197 -47.027
198 -46.5829
199 -47.9302
200 -45.8318
201 -46.5111
202 -47.9193
203 -46.5467
204 -45.7698
205 -44.8988
206 -44.9904
207 -44.88
208 -46.5555
209 -46.1444
210 -45.5123
211 -46.329
212 -45.9964
213 -45.5957
214 -44.1191
215 -45.6904
216 -44.4784
217 -45.5707
218 -45.2788
219 -45.6177
220 -46.2609
221 -44.8837
222 -47.4098
223 -46.9456
224 -46.8377
225 -45.51
226 -47.4261
227 -46.2071
228 -45.8619
229 -47.6664
230 -47.2278
231 -47.0759
232 -46.4686
233 -46.8074
234 -47.4023
235 -47.1117
236 -46.5912
237 -45.8327
238 -46.6071
239 -44.2688
240 -46.0226
241 -45.8067
242 -45.3022
243 -44.9638
244 -45.9699
245 -46.6375
246 -45.5129
247 -45.8314
248 -46.1096
249 -44.8977
250 -44.5183
251 -45.3154
252 -45.205
253 -44.5711
254 -44.7408
255 -45.1344
256 -44.1093
257 -46.1259
258 -46.0368
259 -46.0007
260 -44.6251
261 -46.2646
262 -45.7604
263 -46.1075
264 -45.626
265 -46.0118
266 -45.2449
267 -45.2661
268 -46.4141
269 -47.1309
270 -46.5396
271 -46.7258
272 -47.5364
273 -46.6013
274 -46.6463
275 -46.8496
276 -46.3387
277 -46.5391
278 -46.1063
279 -46.5171
280 -45.4034
281 -46.233
282 -46.666
283 -47.9585
284 -46.4861
285 -45.8023
286 -46.5304
287 -44.8682
288 -44.6228
289 -44.3394
290 -46.5282
291 -44.8709
292 -46.3028
293 -45.2185
294 -45.5177
295 -46.0318
296 -46.2869
297 -45.0374
298 -46.4992
299 -46.8303
300 -45.1039
301 -45.5703
302 -45.1699
303 -47.0105
304 -45.7783
305 -45.6672
306 -45.9934
307 -47.1733
308 -46.0354
309 -46.8938
310 -46.1428
311 -45.1235
312 -45.3689
313 -45.8912
314 -45.7227
315 -45.9403
316 -45.4837
317 -46.0601
318 -47.2569
319 -46.8069
320 -46.0354
321 -46.1075
322 -45.8042
323 -46.5135
324 -47.0012
325 -46.0773
326 -46.7146
327 -46.4445
328 -46.7794
329 -46.9255
330 -45.7103
331 -44.5637
332 -46.1321
333 -45.0539
334 -44.8191
335 -45.018
336 -44.6138
337 -45.9058
338 -46.0223
339 -45.2153
340 -45.392
341 -45.6333
342 -45.3003
343 -45.3008
344 -45.3113
345 -44.7985
346 -45.9298
347 -44.6647
348 -44.9026
349 -45.0273
350 -45.0445
351 -44.7837
352 -45.8463
353 -46.7891
354 -45.0148
355 -45.1853
356 -45.089
357 -44.1788
358 -44.7224
359 -43.8515
360 -45.5783
361 -44.962
362 -46.4114
363 -46.5039
364 -45.5994
365 -47.4639
366 -45.6563
367 -46.6737
368 -46.6523
369 -44.6841
370 -45.7238
371 -45.8678
372 -45.4718
373 -45.7934
374 -47.8414
375 -46.3745
376 -44.743
377 -45.0446
378 -44.7407
379 -45.7576
380 -44.7405
381 -46.6527
382 -45.5205
383 -44.8421
384 -44.7613
385 -45.2837
386 -45.6751
387 -46.7651
388 -44.8425
389 -43.8547
390 -46.1396
391 -45.2589
392 -44.5826
393 -43.2279
394 -44.4502
395 -43.0658
396 -45.0265
397 -45.4077
398 -45.3186
399 -46.2891
400 -44.7606
401 -44.9322
402 -43.6744
403 -46.0498
404 -45.2385
405 -43.3476
406 -44.6321
407 -44.826
408 -45.7814
409 -45.7961
410 -46.6127
411 -46.0219
412 -45.7471
413 -46.2091
414 -45.7724
415 -44.2859
416 -45.5479
417 -45.4603
418 -44.9015
419 -46.1984
420 -44.9735
421 -45.5629
422 -46.1105
423 -44.4941
424 -45.9211
425 -45.098
426 -43.9851
427 -45.2429
428 -43.2587
429 -45.0392
430 -44.195
431 -44.0092
432 -46.2061
433 -44.7587
434 -45.9532
435 -45.8082
436 -44.833
437 -45.587
438 -45.2964
439 -44.1898
440 -43.0476
441 -45.3964
442 -46.4514
443 -44.7818
444 -43.7835
445 -43.8482
446 -44.3517
447 -45.3213
448 -44.1586
449 -42.9064
450 -42.7877
451 -45.0901
452 -44.434
453 -45.2142
454 -44.3973
455 -44.3186
456 -45.8088
457 -46.1099
458 -45.4119
459 -44.9845
460 -46.9501
461 -45.2238
462 -44.6183
463 -47.0522
464 -44.5643
465 -44.3843
466 -43.4839
467 -45.8633
468 -46.4003
469 -44.8832
470 -43.6408
471 -45.3691
472 -44.6639
473 -45.289
474 -44.0137
475 -44.9806
476 -45.647
477 -45.3865
478 -45.291
479 -44.4503
480 -44.5607
481 -43.6227
482 -45.5878
483 -45.6215
484 -45.7248
485 -43.8576
486 -44.2384
487 -43.2426
488 -41.9516
489 -43.0942
490 -44.4799
491 -43.9204
492 -44.4088
493 -44.8603
494 -44.7671
495 -43.547
496 -44.619
497 -44.0287
498 -43.0544
499 -44.7205
500 -44.3371
501 -43.8266
502 -43.4832
503 -44.9499
504 -45.3657
505 -44.3068
506 -45.8794
507 -44.5445
508 -43.7209
509 -42.7043
510 -44.6478
511 -43.6728
512 -43.8351
513 -43.6537
514 -42.7138
515 -42.2249
516 -41.8739
517 -40.9913
518 -40.0591
519 -39.3385
520 -39.4716
521 -38.0009
522 -37.6454
523 -36.733
524 -37.3183
525 -36.9369
526 -35.2358
527 -36.0323
528 -35.3902
529 -34.9529
530 -34.3736
531 -34.0302
532 -31.5492
533 -30.4978
534 -30.5321
535 -29.7345
536 -29.4598
537 -29.2753
538 -28.1439
539 -28.9339
540 -29.1605
541 -28.1875
542 -27.077
543 -28.7181
544 -28.1708
545 -24.7051
546 -27.1254
547 -26.632
548 -25.3754
549 -25.3292
550 -25.1286
551 -23.9751
552 -25.2987
553 -24.9639
554 -25.99
555 -25.4212
556 -24.8638
557 -24.6839
558 -24.8373
559 -24.996
560 -23.9743
561 -23.067
562 -21.8793
563 -23.9031
564 -23.1454
565 -23.6293
566 -23.6074
567 -21.4991
568 -21.7201
569 -21.9926
570 -21.1056
571 -20.5786
572 -20.7234
573 -20.7574
574 -20.0415
575 -20.5856
576 -19.5428
577 -18.5238
578 -18.1261
579 -17.3148
580 -17.206
581 -18.5187
582 -19.1282
583 -18.3375
584 -17.0381
585 -18.5
586 -18.2747
587 -17.3595
588 -18.2445
589 -16.8197
590 -16.2215
591 -16.434
592 -18.2161
593 -18.3418
594 -17.6392
595 -18.0322
596 -18.1532
597 -20.4441
598 -20.5402
599 -19.9592
600 -20.2325
601 -21.067
602 -23.3704
603 -21.8046
604 -22.5731
605 -22.6563
606 -22.9197
607 -23.099
608 -24.1952
609 -26.0465
610 -25.071
611 -25.7776
612 -26.6433
613 -29.7423
614 -28.4331
615 -28.3941
616 -27.8672
617 -29.4212
618 -30.4429
619 -30.599
620 -31.1868
621 -30.4426
622 -32.2837
623 -30.7626
624 -31.8636
625 -32.5081
626 -32.2352
627 -33.3391
628 -32.3414
629 -32.7052
630 -32.3077
631 -34.6501
632 -33.3254
633 -34.2851
634 -33.9689
635 -35.252
636 -34.2936
637 -35.5001
638 -33.8878
639 -34.0466
640 -34.9107
641 -34.954
642 -35.509
643 -34.5106
644 -33.9679
645 -33.2293
646 -34.221
647 -33.8257
648 -33.7228
649 -32.5485
650 -33.9337
651 -33.6999
652 -32.4164
653 -33.1048
654 -34.2077
655 -34.4973
656 -35.1172
657 -34.2078
658 -35.1372
659 -34.8149
660 -34.938
661 -35.5496
662 -35.9268
663 -36.4511
664 -35.5084
665 -35.7593
666 -35.43
667 -35.8088
668 -36.3302
669 -33.9539
670 -34.7617
671 -35.1898
672 -33.6056
673 -35.3962
674 -36.3932
675 -35.9204
676 -36.3583
677 -34.7306
678 -35.668
679 -35.0765
680 -36.2947
681 -36.4521
682 -36.9278
683 -36.9454
684 -37.0687
685 -35.2006
686 -36.077
687 -34.6376
688 -34.2944
689 -35.3916
690 -34.2471
691 -33.3721
692 -36.1011
693 -34.0341
694 -34.5595
695 -35.6084
696 -34.89
697 -33.4117
698 -34.0557
699 -34.8153
700 -33.457
701 -34.252
702 -34.1656
703 -35.3396
704 -34.7572
705 -34.5793
706 -35.0432
707 -35.9547
708 -35.8826
709 -37.1045
710 -35.0171
711 -35.4769
712 -34.8599
713 -35.7902
714 -34.7289
715 -34.759
716 -36.3783
717 -35.6266
718 -34.8229
719 -36.8042
720 -36.2291
721 -35.6677
722 -36.691
723 -35.9108
724 -36.0405
725 -35.2156
726 -37.3054
727 -37.1056
728 -35.4661
729 -37.6677
730 -37.6472
731 -38.4055
732 -37.7606
733 -38.8831
734 -36.6946
735 -37.4683
736 -35.8472
737 -34.4819
738 -37.7275
739 -36.4762
740 -34.998
741 -36.106
742 -33.2038
743 -33.991
744 -34.4217
745 -34.7747
746 -35.019
747 -35.5492
748 -36.0454
749 -36.2323
750 -35.7257
751 -36.0388
752 -36.3432
753 -35.766
754 -37.1637
755 -38.4563
756 -36.2672
757 -35.5887
758 -34.5463
759 -35.3689
760 -35.5012
761 -36.5516
762 -35.2054
763 -36.4574
764 -36.0229
765 -36.6497
766 -35.8924
767 -36.2939
768 -37.1011
769 -35.3055
770 -38.0346
771 -37.8669
772 -37.7641
773 -37.1239
774 -37.5216
775 -37.1477
776 -36.7893
777 -38.1394
778 -38.1694
779 -38.1271
780 -37.1846
781 -38.0816
782 -37.5993
783 -37.1716
784 -36.5898
785 -38.7206
786 -36.3356
787 -35.2276
788 -35.3626
789 -35.9946
790 -34.9104
791 -35.9449
792 -35.9624
793 -34.9772
794 -35.173
795 -34.3328
796 -35.8198
797 -35.2392
798 -38.4373
799 -35.9116
800 -35.8884
801 -35.2645
802 -36.5476
803 -35.7912
804 -35.5268
805 -34.1405
806 -36.9661
807 -35.8317
808 -36.0064
809 -37.065
810 -37.197
811 -37.224
812 -37.461
813 -35.9476
814 -37.3863
815 -35.6306
816 -37.6915
817 -36.7986
818 -36.6719
819 -36.8941
820 -36.4898
821 -36.7952
822 -37.0666
823 -36.9048
824 -36.3721
825 -36.1734
826 -36.1582
827 -36.6278
828 -37.5693
829 -37.8815
830 -38.2698
831 -35.0424
832 -35.5893
833 -36.5309
834 -35.7275
835 -36.6378
836 -35.9389
837 -35.1699
838 -35.5213
839 -33.6606
840 -35.4726
841 -36.9033
842 -36.0709
843 -37.2172
844 -37.1291
845 -35.3478
846 -37.4764
847 -37.5939
848 -36.4214
849 -36.8063
850 -35.6349
851 -36.2249
852 -36.8728
853 -37.337
854 -37.4562
855 -35.9608
856 -36.7509
857 -36.0471
858 -36.4439
859 -35.4863
860 -37.5009
861 -37.6219
862 -36.6412
863 -37.0559
864 -36.5611
865 -36.4844
866 -37.7209
867 -37.8285
868 -38.1777
869 -36.88
870 -36.9521
871 -36.983
872 -38.4624
873 -37.7351
874 -37.6052
875 -36.3587
876 -36.6854
877 -37.5305
878 -36.9532
879 -36.7123
880 -35.7331
881 -36.6187
882 -38.0756
883 -36.6763
884 -35.4366
885 -36.1749
886 -34.6333
887 -35.6092
888 -35.3579
889 -36.9727
890 -36.963
891 -36.6551
892 -36.2435
893 -36.1284
894 -35.8098
895 -37.6248
896 -37.7942
897 -38.0447
898 -37.5362
899 -37.0601
900 -36.7299
901 -36.2555
902 -36.3666
903 -37.3451
904 -35.8334
905 -36.2118
906 -36.5455
907 -36.5258
908 -37.6243
909 -36.3687
910 -37.3699
911 -37.2688
912 -37.061
913 -37.4496
914 -37.0587
915 -36.9198
916 -37.3747
917 -37.9417
918 -36.942
919 -37.4133
920 -36.826
921 -37.3937
922 -37.3578
923 -36.9595
924 -35.4573
925 -36.8812
926 -36.7507
927 -35.9138
928 -38.9379
929 -37.94
930 -37.4451
931 -37.6712
932 -36.1874
933 -33.5646
934 -34.6157
935 -36.3353
936 -35.1595
937 -36.2709
938 -37.195
939 -37.8672
940 -38.3765
941 -37.0656
942 -37.4237
943 -37.2265
944 -37.8767
945 -37.1759
946 -38.5859
947 -37.3336
948 -37.8339
949 -37.975
950 -38.1152
951 -35.9311
952 -37.1875
953 -37.2697
954 -36.731
955 -38.4967
956 -35.8095
957 -37.2509
958 -38.5774
959 -37.9221
960 -38.9053
961 -39.2403
962 -38.0298
963 -37.8337
964 -38.4006
965 -38.7883
966 -38.08
967 -38.7212
968 -37.6776
969 -36.5103
970 -37.6786
971 -38.8534
972 -38.4792
973 -36.1603
974 -38.2428
975 -36.4505
976 -37.8814
977 -36.2625
978 -36.7857
979 -37.057
980 -36.8504
981 -36.7321
982 -37.1443
983 -36.4041
984 -36.0738
985 -38.2712
986 -37.2247
987 -36.9726
988 -37.7414
989 -37.7345
990 -37.3575
991 -36.7248
992 -38.2416
993 -37.3796
994 -35.4472
995 -37.2062
996 -35.2973
997 -37.0583
998 -37.4603
999 -37.6607
1000 -37.4334
1001 -37.44
1002 -36.8386
1003 -36.9
1004 -36.4758
1005 -37.2123
1006 -38.7413
1007 -37.5636
1008 -39.3082
1009 -35.8705
1010 -38.1944
1011 -38.2257
1012 -38.3243
1013 -38.9102
1014 -38.9044
1015 -39.6987
1016 -39.0964
1017 -39.6448
1018 -39.5042
1019 -38.3386
1020 -39.2031
1021 -39.7673
1022 -39.2202
1023 -39.2403
1024 -40.5941
1025 -39.4001
1026 -40.4748
1027 -42.0427
1028 -42.0373
1029 -42.3399
1030 -42.3443
1031 -44.3189
1032 -44.9153
1033 -44.8687
1034 -45.3719
1035 -45.591
1036 -44.9019
1037 -45.1961
1038 -46.5503
1039 -47.338
1040 -49.0729
1041 -46.9193
1042 -49.446
1043 -49.8008
1044 -49.1138
1045 -49.6144
1046 -50.8448
1047 -51.0819
1048 -51.0947
1049 -51.6806
1050 -53.1812
1051 -53.363
1052 -53.7806
1053 -54.0113
1054 -52.8125
1055 -54.617
1056 -53.1463
1057 -56.4647
1058 -53.3876
1059 -56.0751
1060 -55.6321
1061 -56.3013
1062 -55.4727
1063 -56.9101
1064 -56.6616
1065 -58.5694
1066 -57.8013
1067 -58.1208
1068 -57.8213
1069 -59.2367
1070 -57.8072
1071 -58.3149
1072 -58.3965
1073 -58.6068
1074 -57.3252
1075 -58.3815
1076 -58.0755
1077 -59.3782
1078 -59.7811
1079 -60.6556
1080 -58.9341
1081 -61.0742
1082 -61.3517
1083 -63.7451
1084 -62.2533
1085 -63.603
1086 -62.3012
1087 -61.4286
1088 -63.564
1089 -63.7987
1090 -63.8921
1091 -64.0463
1092 -64.1606
1093 -63.8305
1094 -64.4282
1095 -63.7449
1096 -63.612
1097 -63.903
1098 -63.9155
1099 -63.7878
1100 -64.3692
1101 -66.2381
1102 -64.541
1103 -63.9175
1104 -63.9395
1105 -64.3878
1106 -61.1121
1107 -62.0572
1108 -61.3717
1109 -60.1281
1110 -60.3716
1111 -59.52
1112 -60.2493
1113 -58.9274
1114 -57.3521
1115 -57.6481
1116 -57.2913
1117 -57.1929
1118 -55.0409
1119 -53.876
1120 -53.5733
1121 -54.1095
1122 -53.2004
1123 -52.9269
1124 -52.4207
1125 -52.1743
1126 -51.4062
1127 -51.6152
1128 -51.049
1129 -52.0986
1130 -50.3579
1131 -49.9879
1132 -50.0575
1133 -51.8576
1134 -48.7157
1135 -49.0372
1136 -49.0831
1137 -49.1429
1138 -48.4855
1139 -48.9042
1140 -47.4157
1141 -49.1272
1142 -46.9973
1143 -48.1064
1144 -46.4754
1145 -47.1872
1146 -47.7057
1147 -45.7596
1148 -47.9891
1149 -49.2638
1150 -48.8705
1151 -48.1241
1152 -47.8638
1153 -47.3137
1154 -46.5302
1155 -48.504
1156 -47.7429
1157 -47.0532
1158 -46.0868
1159 -48.4347
1160 -47.4845
1161 -46.621
1162 -45.9124
1163 -48.195
1164 -47.9898
1165 -47.107
1166 -44.5563
1167 -45.3419
1168 -46.358
1169 -46.4214
1170 -45.0973
1171 -45.4335
1172 -47.2355
1173 -48.0009
1174 -45.9359
1175 -47.2111
1176 -47.0259
1177 -45.4829
1178 -46.2024
1179 -45.0262
1180 -43.9581
1181 -43.9752
1182 -45.0433
1183 -44.7317
1184 -45.6691
1185 -46.0272
1186 -45.49
1187 -46.0742
1188 -46.9052
1189 -45.3832
1190 -45.0991
1191 -43.3843
1192 -44.6945
1193 -45.4225
1194 -45.7582
1195 -45.1645
1196 -45.617
1197 -46.1664
1198 -47.5337
1199 -47.0212
1200 -45.461
1201 -44.6132
1202 -46.1076
1203 -45.2195
1204 -44.5195
1205 -45.4546
1206 -45.967
1207 -47.2093
1208 -45.5793
1209 -46.3134
1210 -46.1841
1211 -45.0136
1212 -45.4879
1213 -45.7103
1214 -44.9572
1215 -44.4438
1216 -43.686
1217 -45.0408
1218 -44.3752
1219 -45.9104
1220 -45.987
1221 -46.1772
1222 -46.1984
1223 -45.4158
1224 -44.9246
1225 -45.2113
1226 -45.5137
1227 -45.2295
1228 -44.4413
1229 -44.7614
1230 -44.6665
1231 -45.1629
1232 -45.0276
1233 -44.7161
1234 -44.6357
1235 -43.8796
1236 -44.8072
1237 -43.3836
1238 -44.8508
1239 -45.3209
1240 -43.8131
1241 -43.4976
1242 -45.002
1243 -46.2706
1244 -46.2188
1245 -45.6947
1246 -45.8992
1247 -44.2962
1248 -45.2461
1249 -46.186
1250 -44.5727
1251 -45.9256
1252 -45.7735
1253 -45.8052
1254 -46.3233
1255 -46.0267
1256 -44.8914
1257 -45.2044
1258 -45.3836
1259 -46.4296
1260 -44.008
1261 -43.858
1262 -45.8708
1263 -44.2039
1264 -43.6391
1265 -45.1987
1266 -45.1712
1267 -45.319
1268 -45.1173
1269 -47.0328
1270 -44.8944
1271 -45.131
1272 -44.4884
1273 -43.7472
1274 -43.6627
1275 -44.7896
1276 -44.5953
1277 -43.7718
1278 -44.4802
1279 -44.7235
1280 -44.1473
1281 -45.0565
1282 -44.8775
1283 -44.3661
1284 -45.2765
1285 -42.946
1286 -43.7241
1287 -44.5424
1288 -44.3671
1289 -43.6674
1290 -42.9154
1291 -45.331
1292 -45.6459
1293 -47.2447
1294 -45.2307
1295 -45.0448
1296 -45.3711
1297 -44.3862
1298 -45.2968
1299 -45.519
1300 -45.2825
1301 -44.771
1302 -45.9935
1303 -45.648
1304 -45.4084
1305 -45.9493
1306 -44.8476
1307 -45.1634
1308 -42.9902
1309 -45.6649
1310 -45.1895
1311 -44.3742
1312 -44.2697
1313 -44.3416
1314 -44.5212
1315 -42.4894
1316 -44.703
1317 -43.682
1318 -44.316
1319 -44.8716
1320 -44.4376
1321 -44.7371
1322 -45.1594
1323 -45.5628
1324 -44.5021
1325 -45.0725
1326 -43.6918
1327 -43.6463
1328 -45.8141
1329 -43.776
1330 -44.672
1331 -44.1646
1332 -43.9456
1333 -43.2605
1334 -42.5402
1335 -43.0411
1336 -44.854
1337 -44.5744
1338 -45.6171
1339 -47.661
1340 -46.5237
1341 -46.0411
1342 -45.8648
1343 -45.559
1344 -44.8305
1345 -44.6336
1346 -45.5112
1347 -44.4053
1348 -45.4321
1349 -45.822
1350 -45.0565
1351 -43.8739
1352 -44.7166
1353 -44.8854
1354 -44.5514
1355 -44.2575
1356 -45.3901
1357 -43.7164
1358 -46.3313
1359 -44.3417
1360 -43.8974
1361 -47.0671
1362 -43.1882
1363 -43.7229
1364 -46.622
1365 -43.6586
1366 -44.0288
1367 -43.2835
1368 -43.4
1369 -43.5707
1370 -44.0615
1371 -46.295
1372 -44.9035
1373 -44.8732
1374 -47.378
1375 -43.9362
1376 -43.5965
1377 -44.5506
1378 -44.5102
1379 -43.147
1380 -43.4874
1381 -44.4314
1382 -45.1873
1383 -43.7913
1384 -44.0268
1385 -44.9525
1386 -44.9671
1387 -44.4558
1388 -45.035
1389 -44.0259
1390 -42.7386
1391 -44.9702
1392 -44.7572
1393 -42.8855
1394 -44.9686
1395 -44.9481
1396 -44.7281
1397 -44.3078
1398 -44.4103
1399 -44.1755
1400 -44.3957
1401 -44.1464
1402 -42.5138
1403 -44.1124
1404 -44.8489
1405 -43.2849
1406 -44.4889
1407 -44.8981
1408 -44.2795
1409 -44.3341
1410 -44.3552
1411 -45.6996
1412 -45.0648
1413 -44.7337
1414 -44.2944
1415 -42.668
1416 -43.0532
1417 -42.4797
1418 -42.2015
1419 -43.0053
1420 -41.8331
1421 -43.235
1422 -44.0434
1423 -42.8588
1424 -42.0902
1425 -42.7965
1426 -42.4421
1427 -43.0481
1428 -43.0596
1429 -43.4064
1430 -43.9977
1431 -44.2139
1432 -45.7777
1433 -44.9999
1434 -45.6204
1435 -45.7422
1436 -45.0138
1437 -45.26
1438 -44.6235
1439 -44.9017
1440 -43.9721
1441 -44.432
1442 -43.7569
1443 -44.4432
1444 -44.8709
1445 -43.313
1446 -43.7545
1447 -43.4872
1448 -43.4273
1449 -43.5457
1450 -43.5621
1451 -42.1122
1452 -43.8764
1453 -42.8647
1454 -44.1998
1455 -43.5434
1456 -44.2432
1457 -44.6126
1458 -43.8201
1459 -44.846
1460 -43.2291
1461 -41.6526
1462 -41.6599
1463 -43.1894
1464 -43.7634
1465 -43.756
1466 -45.3572
1467 -45.0523
1468 -44.2814
1469 -43.0891
1470 -43.3733
1471 -42.79
1472 -42.4802
1473 -42.7863
1474 -42.6675
1475 -43.0629
1476 -43.6799
1477 -44.5743
1478 -44.6011
1479 -44.7165
1480 -44.123
1481 -44.2828
1482 -43.0933
1483 -43.6292
1484 -44.2531
1485 -43.941
1486 -45.4864
1487 -43.7529
1488 -44.9338
1489 -44.4334
1490 -44.0481
1491 -44.8905
1492 -45.6991
1493 -43.1672
1494 -44.4049
1495 -43.2593
1496 -44.2499
1497 -42.982
1498 -42.1654
1499 -42.815
1500 -43.101
1501 -44.1458
1502 -42.7674
1503 -44.4264
1504 -42.7286
1505 -42.9853
1506 -43.2792
1507 -43.1388
1508 -44.0644
1509 -42.6299
1510 -44.7402
1511 -44.3251
1512 -44.3381
1513 -42.8562
1514 -43.4492
1515 -42.9931
1516 -42.8013
1517 -43.8563
1518 -42.4878
1519 -42.0322
1520 -42.0112
1521 -41.9852
1522 -42.55
1523 -41.9426
1524 -41.3107
1525 -42.8204
1526 -44.6106
1527 -44.8444
1528 -45.4575
1529 -41.6577
1530 -43.9382
1531 -42.9745
1532 -43.3504
1533 -40.6501
1534 -42.698
1535 -42.5638
1536 -40.866
1537 -40.9916
1538 -39.4992
1539 -39.3449
1540 -39.8479
1541 -38.006
1542 -37.6497
1543 -36.0842
1544 -36.298
1545 -35.9183
1546 -35.6787
1547 -35.4905
1548 -34.7344
1549 -34.5223
1550 -34.6151
1551 -33.2352
1552 -32.2322
1553 -31.3966
1554 -31.4808
1555 -30.466
1556 -30.4674
1557 -29.2081
1558 -30.039
1559 -29.55
1560 -28.9656
1561 -27.2348
1562 -27.0927
1563 -26.999
1564 -29.4152
1565 -26.586
1566 -26.7433
1567 -26.4122
1568 -27.1071
1569 -25.9471
1570 -26.2227
1571 -24.0502
1572 -24.5161
1573 -24.3175
1574 -23.9598
1575 -25.4836
1576 -24.9302
1577 -24.8281
1578 -23.6853
1579 -24.2018
1580 -23.2434
1581 -22.4035
1582 -25.1318
1583 -22.8491
1584 -22.6961
1585 -22.9415
1586 -23.5722
1587 -23.234
1588 -22.3917
1589 -22.4472
1590 -21.9413
1591 -21.3266
1592 -21.4958
1593 -20.0052
1594 -20.9058
1595 -21.2072
1596 -19.672
1597 -19.0801
1598 -18.8836
1599 -17.6324
1600 -18.2625
1601 -17.0362
1602 -16.9059
1603 -17.4457
1604 -15.7709
1605 -17.054
1606 -18.6507
1607 -18.8287
1608 -16.8202
1609 -15.633
1610 -14.7254
1611 -17.4262
1612 -16.934
1613 -17.3169
1614 -17.7465
1615 -18.6791
1616 -18.9013
1617 -18.5749
1618 -17.7652
1619 -19.0451
1620 -18.8833
1621 -19.8005
1622 -19.3635
1623 -19.9817
1624 -21.7141
1625 -20.9063
1626 -23.6738
1627 -22.8833
1628 -23.5237
1629 -23.9506
1630 -23.0346
1631 -25.1958
1632 -25.2329
1633 -27.1226
1634 -26.3204
1635 -27.4641
1636 -27.4627
1637 -28.7978
1638 -29.9631
1639 -28.6643
1640 -30.0739
1641 -31.0709
1642 -31.5467
1643 -31.3711
1644 -31.6329
1645 -30.763
1646 -33.535
1647 -31.4634
1648 -31.8525
1649 -32.4642
1650 -33.0704
1651 -32.912
1652 -32.1064
1653 -32.9081
1654 -32.9645
1655 -33.4677
1656 -33.1131
1657 -34.6759
1658 -34.3227
1659 -34.1331
1660 -33.4788
1661 -33.8667
1662 -34.8548
1663 -34.3317
1664 -33.2368
1665 -33.6917
1666 -34.1431
1667 -35.2299
1668 -33.3212
1669 -33.5238
1670 -33.2585
1671 -33.2642
1672 -32.7492
1673 -31.6028
1674 -31.812
1675 -32.9661
1676 -34.0208
1677 -35.3101
1678 -36.3034
1679 -34.8969
1680 -34.3137
1681 -35.4547
1682 -34.9998
1683 -34.7609
1684 -34.7735
1685 -34.7252
1686 -35.2639
1687 -35.0015
1688 -34.9205
1689 -34.496
1690 -35.1612
1691 -36.3784
1692 -35.1376
1693 -35.9194
1694 -35.6724
1695 -35.5285
1696 -33.1076
1697 -35.0746
1698 -34.2115
1699 -34.9561
1700 -35.6063
1701 -34.7696
1702 -34.2596
1703 -35.5012
1704 -34.5293
1705 -35.5354
1706 -37.8057
1707 -36.7681
1708 -35.2958
1709 -35.6931
1710 -34.4861
1711 -35.4661
1712 -34.7199
1713 -33.8495
1714 -34.2414
1715 -33.8571
1716 -35.3373
1717 -34.0526
1718 -34.8262
1719 -34.5404
1720 -33.841
1721 -32.8816
1722 -34.3415
1723 -34.2997
1724 -33.9291
1725 -35.6179
1726 -37.5262
1727 -37.8021
1728 -37.9767
1729 -34.3633
1730 -35.8618
1731 -36.3079
1732 -34.7088
1733 -34.5667
1734 -35.4422
1735 -35.5033
1736 -35.1915
1737 -35.7322
1738 -37.9732
1739 -36.9416
1740 -36.5516
1741 -34.8733
1742 -37.3682
1743 -34.8925
1744 -35.5623
1745 -36.2397
1746 -34.7866
1747 -35.5501
1748 -36.4545
1749 -36.8181
1750 -36.3906
1751 -37.7599
1752 -38.2564
1753 -36.3214
1754 -36.4514
1755 -36.2968
1756 -37.1681
1757 -36.6864
1758 -36.6199
1759 -36.3925
1760 -36.7924
1761 -34.894
1762 -36.0321
1763 -35.0504
1764 -37.2854
1765 -35.3931
1766 -33.6645
1767 -34.5967
1768 -34.3785
1769 -34.7693
1770 -34.7212
1771 -34.3436
1772 -36.3607
1773 -37.0156
1774 -37.3371
1775 -36.0197
1776 -37.0525
1777 -35.6236
1778 -36.9814
1779 -35.65
1780 -36.173
1781 -34.4486
1782 -35.5708
1783 -35.7496
1784 -36.756
1785 -36.0614
1786 -36.3294
1787 -36.2899
1788 -37.0186
1789 -37.4276
1790 -37.7401
1791 -36.7629
1792 -35.9057
1793 -37.0128
1794 -36.1512
1795 -35.6448
1796 -36.8132
1797 -38.3841
1798 -38.6964
1799 -35.9813
1800 -36.4818
1801 -36.235
1802 -36.4097
1803 -38.2103
1804 -35.4253
1805 -36.5201
1806 -36.3008
1807 -37.1619
1808 -36.6175
1809 -35.8558
1810 -36.2994
1811 -36.4503
1812 -36.3234
1813 -35.1239
1814 -33.4367
1815 -35.9426
1816 -34.9998
1817 -35.5495
1818 -34.789
1819 -37.0903
1820 -35.7085
1821 -37.3151
1822 -35.6701
1823 -36.5658
1824 -37.7459
1825 -36.9093
1826 -37.426
1827 -36.4097
1828 -35.9995
1829 -35.8205
1830 -34.6865
1831 -35.4438
1832 -35.7004
1833 -37.3237
1834 -37.9776
1835 -38.3204
1836 -36.085
1837 -36.3142
1838 -37.1222
1839 -37.2623
1840 -37.1752
1841 -35.234
1842 -37.0442
1843 -37.7149
1844 -38.1854
1845 -37.4741
1846 -38.0698
1847 -38.0951
1848 -37.3154
1849 -37.5214
1850 -37.617
1851 -36.9586
1852 -36.8461
1853 -36.7428
1854 -36.4262
1855 -36.1153
1856 -35.8518
1857 -36.2548
1858 -36.5016
1859 -36.5286
1860 -33.8753
1861 -36.4891
1862 -35.2828
1863 -34.5486
1864 -35.4038
1865 -35.2761
1866 -36.9009
1867 -38.6333
1868 -39.2428
1869 -37.7365
1870 -36.3163
1871 -35.3745
1872 -38.0094
1873 -36.0841
1874 -36.5386
1875 -36.0068
1876 -36.5463
1877 -36.7297
1878 -36.4627
1879 -36.4152
1880 -37.2853
1881 -37.1585
1882 -37.1706
1883 -37.2289
1884 -35.0862
1885 -37.0301
1886 -37.1948
1887 -35.597
1888 -36.3781
1889 -35.7374
1890 -36.0824
1891 -37.3922
1892 -38.6115
1893 -39.3153
1894 -35.8064
1895 -38.5316
1896 -37.933
1897 -37.4285
1898 -36.6917
1899 -37.1045
1900 -36.939
1901 -36.7335
1902 -36.2713
1903 -36.4603
1904 -36.3455
1905 -36.0681
1906 -35.2219
1907 -36.5251
1908 -36.1068
1909 -35.5299
1910 -34.3929
1911 -35.3638
1912 -36.5294
1913 -35.8166
1914 -36.7389
1915 -35.1584
1916 -37.4812
1917 -36.7933
1918 -37.2193
1919 -36.8478
1920 -35.9954
1921 -39.3387
1922 -37.2959
1923 -37.9391
1924 -35.6373
1925 -36.9372
1926 -36.3286
1927 -37.0167
1928 -37.6044
1929 -39.1754
1930 -37.8569
1931 -37.9758
1932 -36.4037
1933 -36.5398
1934 -38.7386
1935 -37.7058
1936 -37.012
1937 -37.3558
1938 -37.2091
1939 -37.0433
1940 -38.1808
1941 -38.3973
1942 -38.1538
1943 -36.7178
1944 -37.9236
1945 -37.0469
1946 -36.4962
1947 -37.4463
1948 -37.9322
1949 -36.8952
1950 -37.2251
1951 -35.006
1952 -37.3658
1953 -34.6914
1954 -34.5618
1955 -35.0933
1956 -36.5037
1957 -37.0034
1958 -36.8491
1959 -37.6081
1960 -35.9077
1961 -37.6894
1962 -35.6684
1963 -37.3421
1964 -37.1073
1965 -36.1177
1966 -37.5864
1967 -35.6607
1968 -37.7959
1969 -36.2538
1970 -37.3052
1971 -36.9139
1972 -37.9259
1973 -36.7044
1974 -37.1975
1975 -38.0772
1976 -38.0979
1977 -38.0049
1978 -36.7594
1979 -36.4303
1980 -38.5993
1981 -36.7791
1982 -38.1196
1983 -38.514
1984 -38.0696
1985 -37.721
1986 -38.5127
1987 -38.8586
1988 -37.4037
1989 -36.6296
1990 -37.6304
1991 -36.4679
1992 -38.0523
1993 -37.6544
1994 -37.0697
1995 -37.7649
1996 -38.4781
1997 -37.8888
1998 -36.7503
1999 -36.3874
2000 -36.5597
2001 -35.5275
2002 -36.5306
2003 -36.0458
2004 -37.8344
2005 -36.3976
2006 -38.0534
2007 -37.6434
2008 -37.1451
2009 -36.4607
2010 -37.691
2011 -36.1662
2012 -36.4432
2013 -39.2457
2014 -36.5618
2015 -37.2595
2016 -37.6522
2017 -37.143
2018 -37.9687
2019 -38.8199
2020 -38.4697
2021 -36.857
2022 -36.6898
2023 -35.3453
2024 -38.2845
2025 -37.2322
2026 -36.3658
2027 -38.0024
2028 -36.9932
2029 -37.9608
2030 -38.2679
2031 -38.033
2032 -36.9275
2033 -39.4863
2034 -39.953
2035 -37.194
2036 -38.5604
2037 -38.1013
2038 -38.5501
2039 -39.4054
2040 -39.0005
2041 -40.9536
2042 -37.3149
2043 -38.98
2044 -39.7324
2045 -40.488
2046 -41.1977
2047 -41.3712
2048 -40.764
2049 -38.9466
2050 -42.0676
2051 -43.3711
2052 -42.9127
2053 -43.0521
2054 -44.5962
2055 -45.6327
2056 -43.9629
2057 -46.7981
2058 -45.7414
2059 -46.853
2060 -47.6553
2061 -48.2878
2062 -49.284
2063 -49.1114
2064 -48.4685
2065 -49.0282
2066 -51.7352
2067 -50.5558
2068 -51.9513
2069 -52.2207
2070 -52.6318
2071 -52.4454
2072 -54.2396
2073 -54.3447
2074 -54.5501
2075 -54.5872
2076 -54.6672
2077 -54.7841
2078 -55.6076
2079 -55.3196
2080 -54.4917
2081 -54.0311
2082 -55.6021
2083 -57.0677
2084 -58.1927
2085 -56.2466
2086 -56.5036
2087 -57.0441
2088 -55.9916
2089 -56.6939
2090 -57.8087
2091 -57.3822
2092 -57.3886
2093 -57.7244
2094 -57.0989
2095 -59.5519
2096 -60.5764
2097 -58.1287
2098 -59.8965
2099 -59.1446
2100 -60.1506
2101 -59.041
2102 -59.5051
2103 -60.5039
2104 -61.2936
2105 -62.0618
2106 -62.0617
2107 -62.0939
2108 -62.7769
2109 -64.8707
2110 -63.4802
2111 -65.0642
2112 -65.1328
2113 -64.7861
2114 -63.1449
2115 -64.2324
2116 -64.3784
2117 -63.6705
2118 -62.1942
2119 -64.429
2120 -63.8228
2121 -64.5367
2122 -64.7265
2123 -65.1977
2124 -64.1175
2125 -63.225
2126 -62.7987
2127 -62.1137
2128 -60.8514
2129 -61.9068
2130 -61.5275
2131 -58.6528
2132 -59.6134
2133 -59.3951
2134 -58.9214
2135 -58.077
2136 -57.6803
2137 -58.2203
2138 -55.9187
2139 -54.3507
2140 -54.639
2141 -55.6743
2142 -52.8486
2143 -55.1122
2144 -54.4418
2145 -54.7742
2146 -53.7695
2147 -51.0306
2148 -51.2497
2149 -50.8513
2150 -51.5873
2151 -51.4444
2152 -48.9427
2153 -49.7097
2154 -49.8654
2155 -48.4609
2156 -48.1199
2157 -47.9527
2158 -48.465
2159 -49.3108
2160 -48.6255
2161 -47.4914
2162 -46.8467
2163 -47.6754
2164 -46.2334
2165 -45.4947
2166 -46.6852
2167 -46.5679
2168 -46.65
2169 -46.7502
2170 -47.0924
2171 -47.8357
2172 -48.9171
2173 -47.8436
2174 -47.7524
2175 -48.1376
2176 -47.409
2177 -45.5177
2178 -45.962
2179 -47.4903
2180 -45.8855
2181 -47.5959
2182 -46.5358
2183 -44.9338
2184 -46.2661
2185 -46.8447
2186 -47.0784
2187 -47.3707
2188 -46.3884
2189 -45.4702
2190 -46.02
2191 -45.4447
2192 -46.5231
2193 -45.325
2194 -44.2349
2195 -48.4575
2196 -48.0382
2197 -46.2867
2198 -48.2613
2199 -45.2939
2200 -44.9909
2201 -44.8001
2202 -47.8084
2203 -46.4405
2204 -46.1854
2205 -46.0725
2206 -45.6268
2207 -44.9871
2208 -45.0457
2209 -44.7707
2210 -45.2173
2211 -45.1573
2212 -45.0856
2213 -45.5
2214 -44.2577
2215 -45.5509
2216 -47.4375
2217 -45.6505
2218 -45.5511
2219 -46.4526
2220 -45.5632
2221 -45.1468
2222 -44.5171
2223 -48.3667
2224 -46.709
2225 -46.3791
2226 -45.7549
2227 -47.7716
2228 -46.2933
2229 -45.5582
2230 -46.0429
2231 -45.8772
2232 -45.5123
2233 -45.9695
2234 -44.6036
2235 -46.4339
2236 -45.8514
2237 -44.0064
2238 -46.0177
2239 -44.5228
2240 -44.7276
2241 -45.4952
2242 -45.7341
2243 -44.638
2244 -45.5068
2245 -44.6042
2246 -45.0102
2247 -45.0396
2248 -44.439
2249 -46.1323
2250 -44.0791
2251 -43.5194
2252 -45.0417
2253 -44.2385
2254 -44.9132
2255 -46.1462
2256 -43.7998
2257 -43.3138
2258 -43.9985
2259 -44.8178
2260 -44.4699
2261 -44.7384
2262 -44.2429
2263 -45.1518
2264 -44.3008
2265 -45.4712
2266 -45.0292
2267 -46.1042
2268 -46.2348
2269 -44.1521
2270 -44.9317
2271 -45.4729
2272 -43.5863
2273 -46.3222
2274 -46.0328
2275 -46.022
2276 -45.9822
2277 -45.8832
2278 -44.7487
2279 -45.2571
2280 -44.1795
2281 -44.2209
2282 -44.0012
2283 -43.5565
2284 -44.5519
2285 -45.5584
2286 -45.2993
2287 -46.3499
2288 -45.4406
2289 -46.0899
2290 -44.4401
2291 -45.7485
2292 -45.5978
2293 -43.211
2294 -43.3199
2295 -44.0343
2296 -43.6508
2297 -44.1219
2298 -43.8059
2299 -43.9337
2300 -45.2977
2301 -45.095
2302 -44.5196
2303 -43.9176
2304 -44.377
2305 -42.9321
2306 -43.7478
2307 -44.482
2308 -42.9838
2309 -43.5179
2310 -43.9065
2311 -45.4072
2312 -46.6356
2313 -44.7495
2314 -45.9896
2315 -45.1792
2316 -44.9141
2317 -44.8995
2318 -44.8788
2319 -44.6165
2320 -45.9239
2321 -46.1491
2322 -44.8511
2323 -45.4839
2324 -46.1518
2325 -45.0584
2326 -45.7744
2327 -43.805
2328 -44.8113
2329 -44.51
2330 -43.7168
2331 -44.9292
2332 -44.6671
2333 -42.6485
2334 -44.8481
2335 -45.5527
2336 -45.1258
2337 -44.2625
2338 -45.57
2339 -44.9892
2340 -43.8785
2341 -44.8734
2342 -44.0442
2343 -44.6898
2344 -42.8398
2345 -44.3405
2346 -44.2414
2347 -44.9382
2348 -43.7396
2349 -44.3408
2350 -44.1685
2351 -42.3697
2352 -41.6224
2353 -44.0181
2354 -42.5999
2355 -43.4181
2356 -43.9108
2357 -43.1578
2358 -44.4962
2359 -45.0954
2360 -45.0735
2361 -46.1041
2362 -44.5868
2363 -45.18
2364 -44.6617
2365 -43.9224
2366 -44.009
2367 -46.3557
2368 -45.2726
2369 -44.2034
2370 -45.9175
2371 -44.9695
2372 -45.5958
2373 -43.2478
2374 -45.6401
2375 -44.7168
2376 -44.3898
2377 -44.9337
2378 -44.5153
2379 -44.3748
2380 -44.5251
2381 -44.7894
2382 -44.6719
2383 -44.8057
2384 -44.2959
2385 -44.5011
2386 -45.0547
2387 -44.1066
2388 -44.0222
2389 -43.4051
2390 -42.8974
2391 -42.6918
2392 -43.8841
2393 -43.6909
2394 -44.625
2395 -44.7702
2396 -43.8692
2397 -43.4272
2398 -44.1249
2399 -44.9486
2400 -43.1896
2401 -42.8595
2402 -44.3418
2403 -43.3905
2404 -43.1376
2405 -46.1779
2406 -43.6672
2407 -45.2682
2408 -45.365
2409 -43.8893
2410 -45.0566
2411 -44.4872
2412 -44.2582
2413 -44.7238
2414 -45.7952
2415 -45.8432
2416 -42.9781
2417 -44.4273
2418 -45.1719
2419 -45.6439
2420 -45.9229
2421 -45.1575
2422 -44.4904
2423 -45.0023
2424 -43.911
2425 -43.6833
2426 -44.2889
2427 -44.2922
2428 -43.2231
2429 -43.6564
2430 -44.08
2431 -43.9991
2432 -44.3494
2433 -45.4953
2434 -44.5855
2435 -42.9223
2436 -44.6414
2437 -42.2363
2438 -43.8802
2439 -43.8409
2440 -43.8388
2441 -42.5294
2442 -43.5131
2443 -43.8657
2444 -43.2738
2445 -43.5727
2446 -43.2127
2447 -43.9205
2448 -41.0631
2449 -43.1009
2450 -43.517
2451 -42.6435
2452 -44.5083
2453 -43.2242
2454 -45.4844
2455 -45.2552
2456 -45.2154
2457 -44.8494
2458 -45.3431
2459 -44.5569
2460 -44.8295
2461 -44.4738
2462 -44.525
2463 -43.3309
2464 -43.9493
2465 -43.6578
2466 -43.6445
2467 -43.8083
2468 -44.4466
2469 -44.0535
2470 -43.6826
2471 -42.4735
2472 -43.0191
2473 -42.127
2474 -42.9684
2475 -43.52
2476 -43.6219
2477 -44.7311
2478 -43.7546
2479 -43.4451
2480 -43.1086
2481 -43.7534
2482 -42.4704
2483 -43.5158
2484 -45.1856
2485 -43.4967
2486 -44.3441
2487 -45.2385
2488 -41.4314
2489 -43.1154
2490 -43.3726
2491 -43.5136
2492 -43.1851
2493 -43.1842
2494 -41.9302
2495 -42.3905
2496 -43.2793
2497 -42.6625
2498 -43.7781
2499 -43.7989
2500 -43.5433
2501 -43.741
2502 -45.5163
2503 -45.3748
2504 -44.1256
2505 -43.7806
2506 -42.4477
2507 -42.2248
2508 -41.8674
2509 -43.9047
2510 -43.6988
2511 -44.2665
2512 -43.6353
2513 -43.7009
2514 -43.7303
2515 -42.9062
2516 -44.9679
2517 -43.1158
2518 -43.3627
2519 -41.625
2520 -42.8001
2521 -43.0332
2522 -42.8254
2523 -44.4284
2524 -42.5933
2525 -43.2189
2526 -45.0028
2527 -43.1444
2528 -42.3699
2529 -42.7755
2530 -44.8864
2531 -41.6803
2532 -41.1921
2533 -43.0821
2534 -45.0829
2535 -43.6564
2536 -42.303
2537 -43.9781
2538 -42.308
2539 -42.8074
2540 -42.0946
2541 -42.5384
2542 -41.4835
2543 -42.8022
2544 -41.0558
2545 -42.9572
2546 -42.0773
2547 -43.3622
2548 -44.4181
2549 -44.2402
2550 -44.1583
2551 -42.0482
2552 -42.7372
2553 -42.2001
2554 -41.3959
2555 -41.7591
2556 -39.6771
2557 -40.4478
2558 -40.3453
2559 -41.1055
2560 -40.536
2561 -39.8357
2562 -39.0843
2563 -38.0394
2564 -38.5349
2565 -36.3248
2566 -36.128
2567 -35.4936
2568 -34.657
2569 -33.7626
2570 -35.1951
2571 -33.5745
2572 -33.6142
2573 -32.1422
2574 -32.2452
2575 -31.6875
2576 -29.6954
2577 -29.7712
2578 -29.8295
2579 -29.5037
2580 -28.3104
2581 -29.1159
2582 -28.6848
2583 -28.7925
2584 -27.84
2585 -27.2028
2586 -27.9363
2587 -26.4708
2588 -27.3134
2589 -26.1374
2590 -22.7132
2591 -24.7053
2592 -24.2619
2593 -24.7432
2594 -24.9199
2595 -24.3021
2596 -23.8509
2597 -24.3351
2598 -24.3355
2599 -23.7978
2600 -23.7631
2601 -24.319
2602 -23.4612
2603 -23.0308
2604 -19.9448
2605 -23.4827
2606 -21.7663
2607 -21.3938
2608 -20.8734
2609 -21.5442
2610 -22.991
2611 -22.9184
2612 -21.4427
2613 -21.3585
2614 -19.6223
2615 -20.2896
2616 -19.5734
2617 -20.2928
2618 -19.2767
2619 -17.0843
2620 -18.5109
2621 -17.4995
2622 -16.1083
2623 -16.6811
2624 -17.2519
2625 -18.2487
2626 -16.4013
2627 -17.2784
2628 -17.0119
2629 -18.3205
2630 -17.7977
2631 -17.9827
2632 -16.7953
2633 -14.5901
2634 -17.3158
2635 -18.3595
2636 -18.5555
2637 -16.3314
2638 -18.581
2639 -18.1171
2640 -17.3642
2641 -19.1237
2642 -20.5752
2643 -21.0615
2644 -22.0658
2645 -20.8687
2646 -20.742
2647 -21.5217
2648 -23.678
2649 -24.5262
2650 -23.2587
2651 -25.1228
2652 -25.7667
2653 -26.031
2654 -24.9596
2655 -26.2278
2656 -26.9081
2657 -28.9385
2658 -28.3138
2659 -28.8804
2660 -27.8736
2661 -29.3107
2662 -30.9736
2663 -31.5361
2664 -30.5734
2665 -30.1472
2666 -32.585
2667 -31.4133
2668 -32.3902
2669 -32.2044
2670 -31.7913
2671 -31.5727
2672 -33.0301
2673 -32.4093
2674 -33.4695
2675 -34.4625
2676 -34.5016
2677 -33.7878
2678 -33.4489
2679 -35.636
2680 -33.947
2681 -35.0198
2682 -34.9386
2683 -34.1443
2684 -34.6331
2685 -34.3561
2686 -34.6291
2687 -33.6231
2688 -35.09
2689 -32.4926
2690 -35.0293
2691 -33.5539
2692 -32.3063
2693 -32.664
2694 -33.5333
2695 -33.6408
2696 -32.9995
2697 -35.3794
2698 -33.59
2699 -34.1422
2700 -34.1891
2701 -33.9238
2702 -34.6388
2703 -34.9381
2704 -34.7702
2705 -34.2116
2706 -35.3667
2707 -34.6014
2708 -33.827
2709 -34.7684
2710 -36.3258
2711 -36.3581
2712 -35.0615
2713 -35.2176
2714 -35.5954
2715 -35.7206
2716 -35.9643
2717 -34.9802
2718 -35.5663
2719 -35.6101
2720 -35.9898
2721 -36.8997
2722 -36.1504
2723 -34.7245
2724 -36.6054
2725 -35.3669
2726 -37.7038
2727 -36.652
2728 -36.3791
2729 -37.3237
2730 -35.2286
2731 -34.3795
2732 -34.5963
2733 -34.77
2734 -35.5434
2735 -35.9302
2736 -34.4399
2737 -35.3623
2738 -35.5908
2739 -35.8619
2740 -35.503
2741 -33.3441
2742 -34.4596
2743 -34.6849
2744 -36.7151
2745 -34.6413
2746 -36.2767
2747 -37.0654
2748 -34.945
2749 -36.8714
2750 -35.3603
2751 -35.8154
2752 -34.9854
2753 -35.4527
2754 -35.1356
2755 -35.4268
2756 -35.8739
2757 -35.1179
2758 -36.1023
2759 -36.1098
2760 -35.6912
2761 -36.6238
2762 -36.27
2763 -36.413
2764 -34.4906
2765 -35.9684
2766 -37.8837
2767 -37.0472
2768 -36.0737
2769 -36.3099
2770 -36.9065
2771 -36.5364
2772 -37.8138
2773 -36.5254
2774 -36.1755
2775 -38.218
2776 -37.7416
2777 -36.1536
2778 -36.0853
2779 -36.4375
2780 -36.4167
2781 -36.1392
2782 -36.5774
2783 -36.0961
2784 -34.7105
2785 -35.6274
2786 -33.9849
2787 -35.8273
2788 -34.7084
2789 -34.4731
2790 -35.9172
2791 -36.0262
2792 -35.793
2793 -35.8781
2794 -34.8674
2795 -36.2877
2796 -37.6149
2797 -35.1569
2798 -35.9044
2799 -35.2229
2800 -36.4649
2801 -34.9403
2802 -36.6703
2803 -36.402
2804 -36.6404
2805 -36.8488
2806 -35.7317
2807 -36.6341
2808 -34.9593
2809 -36.0089
2810 -36.9259
2811 -36.4006
2812 -37.1741
2813 -36.925
2814 -36.7269
2815 -36.3796
2816 -36.1411
2817 -36.2629
2818 -37.1736
2819 -37.017
2820 -36.2198
2821 -38.1457
2822 -36.2842
2823 -36.6914
2824 -36.8566
2825 -36.9053
2826 -37.1547
2827 -37.6249
2828 -36.4831
2829 -36.3296
2830 -36.7962
2831 -35.303
2832 -36.466
2833 -37.1543
2834 -35.4814
2835 -35.8716
2836 -35.6786
2837 -35.5758
2838 -36.4179
2839 -36.2427
2840 -35.0165
2841 -36.5507
2842 -36.5869
2843 -36.0639
2844 -37.0639
2845 -36.6892
2846 -36.7564
2847 -36.0068
2848 -35.94
2849 -35.9021
2850 -36.6058
2851 -36.5461
2852 -36.7393
2853 -36.0458
2854 -37.5153
2855 -37.2841
2856 -37.8503
2857 -37.4317
2858 -37.6147
2859 -37.9419
2860 -37.4829
2861 -36.4322
2862 -36.4432
2863 -38.2632
2864 -35.3047
2865 -38.7483
2866 -37.8917
2867 -37.2721
2868 -37.4709
2869 -37.5092
2870 -36.1667
2871 -36.9957
2872 -36.7955
2873 -37.3146
2874 -38.1283
2875 -38.5994
2876 -35.8007
2877 -35.8508
2878 -36.5845
2879 -34.5505
2880 -34.6603
2881 -34.9514
2882 -35.3409
2883 -36.8175
2884 -35.4994
2885 -35.9093
2886 -35.7206
2887 -36.6834
2888 -37.6044
2889 -37.1708
2890 -36.7461
2891 -36.3462
2892 -37.8605
2893 -36.0259
2894 -37.9097
2895 -36.4645
2896 -36.7678
2897 -36.7754
2898 -35.4006
2899 -35.4393
2900 -37.0193
2901 -37.2395
2902 -36.7347
2903 -37.3263
2904 -36.2571
2905 -38.046
2906 -37.9178
2907 -37.1989
2908 -37.4857
2909 -36.5198
2910 -36.2553
2911 -36.0593
2912 -37.5977
2913 -36.5846
2914 -37.7996
2915 -37.728
2916 -37.3907
2917 -36.7586
2918 -37.8025
2919 -37.4052
2920 -37.3545
2921 -36.3814
2922 -38.4743
2923 -37.1713
2924 -37.3308
2925 -36.5988
2926 -37.5122
2927 -36.5427
2928 -36.447
2929 -37.4631
2930 -35.3747
2931 -35.4806
2932 -34.6865
2933 -34.9154
2934 -36.0002
2935 -36.0735
2936 -36.9543
2937 -36.1196
2938 -35.6767
2939 -36.3978
2940 -36.0363
2941 -37.1479
2942 -37.6863
2943 -36.1022
2944 -36.2651
2945 -36.5463
2946 -38.1909
2947 -36.7727
2948 -37.7104
2949 -38.4449
2950 -39.1401
2951 -37.4472
2952 -36.5172
2953 -36.633
2954 -36.678
2955 -36.3204
2956 -36.422
2957 -36.486
2958 -36.6711
2959 -36.9127
2960 -38.3831
2961 -37.2884
2962 -38.344
2963 -38.3441
2964 -36.9578
2965 -37.3059
2966 -38.3798
2967 -38.6125
2968 -35.6561
2969 -37.0069
2970 -36.5524
2971 -37.3903
2972 -36.9337
2973 -37.3838
2974 -36.6352
2975 -36.5011
2976 -35.4578
2977 -36.4137
2978 -36.6128
2979 -36.8525
2980 -36.3448
2981 -37.4125
2982 -38.1299
2983 -36.8713
2984 -37.4923
2985 -34.9919
2986 -37.2132
2987 -38.6465
2988 -36.6267
2989 -34.6286
2990 -36.2242
2991 -36.9772
2992 -37.815
2993 -36.9504
2994 -36.7434
2995 -38.1521
2996 -38.0735
2997 -38.0946
2998 -38.8461
2999 -37.8936
3000 -37.181
3001 -36.8367
3002 -37.9569
3003 -37.2037
3004 -36.5403
3005 -38.1426
3006 -38.3179
3007 -37.1643
3008 -38.0887
3009 -38.0646
3010 -37.6914
3011 -37.5961
3012 -36.4226
3013 -36.1105
3014 -38.1401
3015 -39.0586
3016 -36.709
3017 -36.2837
3018 -37.4926
3019 -37.5757
3020 -36.6241
3021 -35.0023
3022 -37.6177
3023 -36.984
3024 -37.57
3025 -36.269
3026 -37.5227
3027 -37.7795
3028 -39.352
3029 -37.19
3030 -38.2197
3031 -39.2496
3032 -37.518
3033 -37.4915
3034 -37.1419
3035 -36.6553
3036 -38.1428
3037 -37.4299
3038 -38.6061
3039 -37.3303
3040 -38.841
3041 -37.6398
3042 -37.4368
3043 -38.0385
3044 -39.276
3045 -37.7421
3046 -37.7652
3047 -38.3205
3048 -38.5749
3049 -38.6546
3050 -38.0865
3051 -37.3334
3052 -39.5709
3053 -38.5137
3054 -37.5425
3055 -38.9956
3056 -38.0979
3057 -38.4805
3058 -39.0478
3059 -38.8481
3060 -36.5576
3061 -38.5685
3062 -40.9706
3063 -40.1179
3064 -40.0022
3065 -40.2979
3066 -40.181
3067 -40.6367
3068 -42.057
3069 -41.129
3070 -42.091
3071 -41.9896
3072 -42.6815
3073 -43.9412
3074 -45.1465
3075 -44.7618
3076 -44.4816
3077 -46.612
3078 -44.6805
3079 -46.1519
3080 -47.205
3081 -46.4297
3082 -47.1479
3083 -48.468
3084 -49.2947
3085 -49.5681
3086 -49.9958
3087 -51.5316
3088 -51.9019
3089 -50.225
3090 -51.0436
3091 -50.5476
3092 -51.8078
3093 -52.7077
3094 -53.7093
3095 -53.371
3096 -54.6931
3097 -54.4079
3098 -55.475
3099 -53.5903
3100 -55.1615
3101 -53.2361
3102 -54.3669
3103 -53.021
3104 -53.8844
3105 -53.5265
3106 -55.861
3107 -54.4209
3108 -53.9004
3109 -54.2371
3110 -52.9751
3111 -53.3682
3112 -53.1614
3113 -52.9783
3114 -50.6987
3115 -50.6229
3116 -52.5975
3117 -50.5393
3118 -48.6382
3119 -49.9039
3120 -48.8389
3121 -49.4155
3122 -49.6888
3123 -47.6563
3124 -48.6418
3125 -48.9605
3126 -48.3223
3127 -47.1591
3128 -45.917
3129 -47.0323
3130 -45.265
3131 -45.883
3132 -45.713
3133 -44.8245
3134 -43.424
3135 -44.6061
3136 -44.1331
3137 -43.0203
3138 -42.6102
3139 -42.4016
3140 -44.2671
3141 -42.8161
3142 -43.0349
3143 -43.5045
3144 -42.9551
3145 -44.0744
3146 -43.8476
3147 -42.6162
3148 -41.4155
3149 -41.4298
3150 -42.2026
3151 -42.4208
3152 -41.6486
3153 -42.1122
3154 -42.3636
3155 -42.218
3156 -41.8672
3157 -40.584
3158 -41.5718
3159 -41.2564
3160 -41.8418
3161 -40.2434
3162 -40.6215
3163 -40.6817
3164 -42.6249
3165 -40.9584
3166 -41.7352
3167 -41.0961
3168 -41.4632
3169 -39.8652
3170 -40.5132
3171 -42.1646
3172 -41.481
3173 -42.1219
3174 -41.1929
3175 -39.6625
3176 -41.9624
3177 -41.3507
3178 -40.8277
3179 -41.337
3180 -41.3417
3181 -42.032
3182 -39.9913
3183 -41.7267
3184 -40.6987
3185 -41.1785
3186 -42.0128
3187 -40.9729
3188 -40.1473
3189 -41.431
3190 -40.7075
3191 -40.9662
3192 -40.6376
3193 -41.1557
3194 -41.4927
3195 -41.1145
3196 -40.8141
3197 -41.7075
3198 -41.4091
3199 -42.0165
3200 -42.2609
3201 -39.0561
3202 -39.1004
3203 -38.6683
3204 -41.3541
3205 -40.6037
3206 -39.4266
3207 -39.199
3208 -39.3451
3209 -40.1379
3210 -41.4099
3211 -40.1325
3212 -40.2671
3213 -40.2471
3214 -40.0023
3215 -40.8
3216 -41.2834
3217 -40.292
3218 -39.6616
3219 -41.2707
3220 -41.3749
3221 -40.7258
3222 -41.306
3223 -41.3774
3224 -41.2515
3225 -40.3798
3226 -40.7445
3227 -40.7595
3228 -40.9665
3229 -41.3115
3230 -40.5653
3231 -40.8804
3232 -40.763
3233 -40.532
3234 -40.3045
3235 -39.0242
3236 -39.1024
3237 -39.9647
3238 -40.0902
3239 -41.2083
3240 -41.423
3241 -39.8365
3242 -41.9108
3243 -39.0068
3244 -40.9302
3245 -39.2775
3246 -40.4635
3247 -40.7416
3248 -40.8745
3249 -40.5226
3250 -40.5621
3251 -41.2235
3252 -39.5502
3253 -40.8009
3254 -40.7987
3255 -40.8201
3256 -40.6774
3257 -40.1285
3258 -41.0454
3259 -41.5913
3260 -38.1087
3261 -41.2936
3262 -41.1362
3263 -42.177
3264 -39.8865
3265 -40.9599
3266 -41.0195
3267 -39.5881
3268 -40.1492
3269 -39.9263
3270 -41.1596
3271 -40.2678
3272 -40.5135
3273 -39.5971
3274 -40.9991
3275 -40.8404
3276 -39.7497
3277 -40.0994
3278 -41.2116
3279 -39.5829
3280 -40.0397
3281 -38.9771
3282 -41.4808
3283 -40.585
3284 -40.2579
3285 -40.6796
3286 -39.818
3287 -40.4117
3288 -42.0733
3289 -40.8955
3290 -40.1943
3291 -40.4045
3292 -41.5062
3293 -38.8669
3294 -40.5953
3295 -42.4386
3296 -41.3776
3297 -43.1726
3298 -41.5995
3299 -40.8244
3300 -40.2159
3301 -40.4225
3302 -41.4813
3303 -40.7353
3304 -40.8989
3305 -41.7104
3306 -41.8627
3307 -40.0075
3308 -41.1382
3309 -40.8743
3310 -41.675
3311 -41.2487
3312 -40.575
3313 -39.9954
3314 -40.0945
3315 -40.536
3316 -40.4198
3317 -38.8012
3318 -39.5069
3319 -40.2479
3320 -39.7911
3321 -43.1152
3322 -40.1212
3323 -39.7515
3324 -41.5434
3325 -41.3105
3326 -41.8985
3327 -39.9438
3328 -39.6459
3329 -40.1782
3330 -39.9384
3331 -40.36
3332 -40.286
3333 -40.4333
3334 -40.0582
3335 -40.9029
3336 -39.937
3337 -41.4685
3338 -41.375
3339 -40.7142
3340 -40.0576
3341 -40.5111
3342 -40.3723
3343 -40.9133
3344 -40.8148
3345 -40.3805
3346 -42.5146
3347 -39.9956
3348 -41.2225
3349 -41.2519
3350 -39.3913
3351 -40.5086
3352 -41.6108
3353 -40.1081
3354 -41.5219
3355 -39.3168
3356 -41.7515
3357 -41.1523
3358 -40.3417
3359 -40.2748
3360 -41.8355
3361 -41.3148
3362 -41.1399
3363 -41.408
3364 -39.7327
3365 -42.1947
3366 -41.3042
3367 -40.2558
3368 -39.9416
3369 -39.2466
3370 -40.3898
3371 -41.5662
3372 -40.5151
3373 -41.3808
3374 -41.0037
3375 -41.1597
3376 -41.1887
3377 -40.9805
3378 -41.6407
3379 -40.062
3380 -40.7969
3381 -40.9282
3382 -40.4027
3383 -39.6835
3384 -40.2665
3385 -42.3699
3386 -41.6307
3387 -38.8377
3388 -42.2263
3389 -40.4651
3390 -40.5616
3391 -39.1331
3392 -41.6634
3393 -40.1005
3394 -40.3248
3395 -41.4476
3396 -40.1483
3397 -39.869
3398 -40.7547
3399 -40.5597
