0 -115.322
1 -115.456
2 -114.584
3 -114.723
4 -114.128
5 -114.64
6 -113.411
7 -114.04
8 -113.527
9 -114.299
10 -114.763
11 -114.284
12 -115.365
13 -115.712
14 -113.991
15 -114.725
16 -114.425
17 -113.214
18 -114.229
19 -114.968
20 -114.925
21 -115.051
22 -116.774
23 -115.118
24 -114.911
25 -115.633
26 -113.611
27 -114.417
28 -115.52
29 -116.146
30 -115.314
31 -115.46
32 -114.836
33 -117.78
34 -116.883
35 -118.431
36 -117.558
37 -119.201
38 -120.019
39 -120.329
40 -119.264
41 -121.582
42 -121.009
43 -122.762
44 -124.153
45 -124.416
46 -123.934
47 -125.63
48 -127.214
49 -126.696
50 -126.404
51 -127.867
52 -128.338
53 -128.882
54 -128.726
55 -130.237
56 -131.132
57 -130.674
58 -129.915
59 -132.553
60 -132.783
61 -133.884
62 -134.068
63 -133.423
64 -134.874
65 -134.162
66 -135.545
67 -135.093
68 -134.861
69 -135.554
70 -135.724
71 -133.746
72 -134.304
73 -134.116
74 -133.605
75 -134.877
76 -133.066
77 -133.626
78 -133.588
79 -131.893
80 -131.636
81 -130.748
82 -130.86
83 -130.441
84 -130.742
85 -127.653
86 -129.294
87 -128.444
88 -129.015
89 -128.238
90 -126.961
91 -127.243
92 -127.177
93 -126.163
94 -124.038
95 -123.95
96 -125.141
97 -123.808
98 -124.048
99 -121.834
100 -123.908
101 -123.259
102 -123.605
103 -122.666
104 -122.589
105 -121.836
106 -122.49
107 -121.999
108 -121.559
109 -123.38
110 -124.971
111 -124.376
112 -124.351
113 -124.036
114 -124.313
115 -125.48
116 -122.237
117 -123.358
118 -124.737
119 -123.871
120 -122.748
121 -124.676
122 -125.069
123 -124.157
124 -123.906
125 -123.419
126 -121.748
127 -122.897
128 -121.64
129 -122.818
130 -124.514
131 -123.221
132 -121.624
133 -122.987
134 -122.409
135 -121.758
136 -120.825
137 -121.623
138 -122.628
139 -121.252
140 -121.992
141 -122.081
142 -122.335
143 -122.072
144 -121.836
145 -121.662
146 -120.156
147 -120.487
148 -120.938
149 -120.834
150 -121.446
151 -121.734
152 -122.587
153 -123.544
154 -122.579
155 -124.006
156 -124.267
157 -123.234
158 -123.705
159 -124.085
160 -123.519
161 -123.52
162 -124.61
163 -123.707
164 -122.808
165 -123.773
166 -122.275
167 -121.408
168 -123.026
169 -122.749
170 -122.34
171 -122.86
172 -122.492
173 -122.559
174 -121.459
175 -122.741
176 -118.676
177 -120.668
178 -121.736
179 -121.811
180 -122.994
181 -122.54
182 -120.608
183 -121.423
184 -121.16
185 -121.44
186 -120.09
187 -121.634
188 -120.829
189 -120.549
190 -120.596
191 -121.868
192 -122.619
193 -122.533
194 -122.531
195 -123.091
196 -123.881
197 -123.36
198 -121.879
199 -121.881
200 -123.688
201 -122.891
202 -124.556
203 -123.33
204 -123.828
205 -122.926
206 -123.541
207 -123.017
208 -122.075
209 -121.611
210 -121.673
211 -122.337
212 -121.941
213 -122.656
214 -122.801
215 -122.08
216 -123.291
217 -121.726
218 -121.302
219 -121.614
220 -118.363
221 -120.835
222 -122.379
223 -121.435
224 -121.67
225 -120.295
226 -120.781
227 -120.973
228 -117.706
229 -121.562
230 -120.642
231 -121.738
232 -123.182
233 -121.888
234 -122.547
235 -121.958
236 -123.114
237 -122.361
238 -122.725
239 -121.584
240 -122.798
241 -123.316
242 -123.502
243 -123.54
244 -123.527
245 -122.34
246 -122.443
247 -122.644
248 -122.3
249 -121.558
250 -122.295
251 -124.409
252 -122.485
253 -122.298
254 -123.195
255 -121.722
256 -123.01
257 -120.548
258 -120.953
259 -120.285
260 -121.148
261 -120.888
262 -121.799
263 -123.131
264 -122.628
265 -121.264
266 -120.373
267 -122.002
268 -119.231
269 -121.266
270 -121.648
271 -122.181
272 -121.374
273 -122.647
274 -123.63
275 -122.3
276 -123.278
277 -122.884
278 -122.469
279 -123.474
280 -122.514
281 -123.975
282 -124.469
283 -123.444
284 -123.875
285 -121.75
286 -122.268
287 -122.598
288 -122.685
289 -121.679
290 -122.209
291 -122.657
292 -123.171
293 -123.156
294 -122.434
295 -122.769
296 -120.993
297 -121.908
298 -121.003
299 -121.637
300 -119.723
301 -119.933
302 -121.238
303 -121.581
304 -120.969
305 -121.163
306 -120.994
307 -121.126
308 -120.693
309 -121.135
310 -121.144
311 -121.698
312 -121.235
313 -122.706
314 -122.673
315 -122.281
316 -123.678
317 -122.01
318 -122.348
319 -123.597
320 -123.78
321 -123.815
322 -124.307
323 -123.712
324 -123.578
325 -124.393
326 -125.179
327 -124.486
328 -120.79
329 -122.064
330 -123.069
331 -123.253
332 -122.891
333 -122.478
334 -125.283
335 -123.171
336 -122.558
337 -122.968
338 -120.908
339 -120.272
340 -121.585
341 -121.34
342 -120.285
343 -121.628
344 -122.432
345 -122.856
346 -120.671
347 -121.519
348 -122.141
349 -120.883
350 -121.537
351 -120.869
352 -122.541
353 -120.939
354 -122.369
355 -122.811
356 -122.835
357 -122.572
358 -121.607
359 -123.012
360 -121.931
361 -123.626
362 -121.968
363 -123.219
364 -124.184
365 -123.908
366 -123.864
367 -123.17
368 -123.927
369 -124.083
370 -121.059
371 -123.212
372 -120.897
373 -121.902
374 -123.622
375 -122.595
376 -122.235
377 -122.339
378 -121.994
379 -120.809
380 -121.419
381 -122.664
382 -121.818
383 -121.929
384 -121.442
385 -120.923
386 -122.272
387 -122.519
388 -120.367
389 -120.351
390 -119.966
391 -120.192
392 -121.464
393 -122.518
394 -122.476
395 -122.397
396 -124.913
397 -122.587
398 -122.431
399 -122.456
400 -122.436
401 -122.979
402 -123.264
403 -123.541
404 -124.594
405 -123.075
406 -124.373
407 -123.201
408 -124.102
409 -121.884
410 -121.459
411 -122.298
412 -121.547
413 -123.036
414 -122.046
415 -123.572
416 -123.24
417 -121.4
418 -120.8
419 -120.756
420 -119.566
421 -120.487
422 -120.678
423 -120.646
424 -121.017
425 -120.429
426 -121.014
427 -119.804
428 -119.847
429 -119.263
430 -119.984
431 -118.805
432 -122.467
433 -120.826
434 -122.375
435 -122.012
436 -123.246
437 -122.852
438 -121.775
439 -121.066
440 -121.631
441 -121.572
442 -121.862
443 -120.58
444 -120.379
445 -121.512
446 -120.455
447 -120.852
448 -119.296
449 -117.701
450 -117.248
451 -116.979
452 -115.682
453 -115.973
454 -115.016
455 -113.494
456 -113.878
457 -113.036
458 -112.734
459 -112.084
460 -112.047
461 -108.664
462 -109.467
463 -107.464
464 -105.645
465 -108.518
466 -108.409
467 -107.61
468 -106.885
469 -106.813
470 -107.342
471 -106.513
472 -104.971
473 -106.122
474 -105.657
475 -107.054
476 -104.751
477 -108.252
478 -106.406
479 -107.389
480 -108.636
481 -108.455
482 -107.322
483 -108.083
484 -108.462
485 -108.511
486 -107.897
487 -109.629
488 -108.283
489 -110.96
490 -110.207
491 -110.032
492 -110.805
493 -112.525
494 -113.408
495 -113.049
496 -112.569
497 -113.325
498 -114.435
499 -113.3
500 -114.817
501 -113.895
502 -114.034
503 -115.641
504 -116.635
505 -116.164
506 -114.626
507 -116.256
508 -115.736
509 -116.555
510 -116.4
511 -117.77
512 -116.986
513 -116.678
514 -115.666
515 -115.884
516 -118.99
517 -117.458
518 -117.334
519 -117.49
520 -118.339
521 -118.287
522 -116.779
523 -118.227
524 -118.403
525 -118.218
526 -117.86
527 -117.235
528 -116.902
529 -118.138
530 -118.024
531 -118.195
532 -118.266
533 -119.59
534 -117.495
535 -117.101
536 -118.626
537 -118.049
538 -118.026
539 -117.891
540 -119.311
541 -118.301
542 -117.969
543 -119.153
544 -118.5
545 -118.473
546 -118.595
547 -117.071
548 -119.481
549 -120.478
550 -118.443
551 -116.655
552 -119.765
553 -118.573
554 -118.668
555 -119.881
556 -117.944
557 -117.808
558 -118.636
559 -117.848
560 -118.206
561 -118.35
562 -117.856
563 -117.465
564 -117.355
565 -116.315
566 -115.918
567 -116.553
568 -115.986
569 -115.876
570 -113.409
571 -112.9
572 -112.679
573 -114.081
574 -112.009
575 -111.567
576 -111.856
577 -110.649
578 -111.279
579 -108.898
580 -109.123
581 -108.542
582 -107.474
583 -107.837
584 -105.761
585 -105.941
586 -103.278
587 -104.078
588 -102.911
589 -103.381
590 -102.765
591 -102.423
592 -100.812
593 -100.329
594 -100.187
595 -96.8769
596 -98.1992
597 -97.4586
598 -98.5751
599 -97.4551
600 -96.837
601 -97.0088
602 -96.3054
603 -97.4112
604 -97.2029
605 -98.8929
606 -98.1329
607 -97.8653
608 -96.9965
609 -98.0879
610 -98.4995
611 -99.0728
612 -100.089
613 -100.138
614 -100.38
615 -102.772
616 -101.752
617 -102.847
618 -104.299
619 -105.45
620 -105.948
621 -104.815
622 -106.741
623 -107.551
624 -105.967
625 -108.503
626 -106.891
627 -109.214
628 -108.417
629 -107.889
630 -107.433
631 -108.552
632 -108.905
633 -109.329
634 -108.78
635 -110.373
636 -109.206
637 -110.59
638 -111.263
639 -111.059
640 -111.816
641 -112.75
642 -112.37
643 -111.668
644 -110.484
645 -110.878
646 -109.959
647 -110.321
648 -110.131
649 -109.345
650 -107.953
651 -110.298
652 -108.438
653 -108.347
654 -107.11
655 -106.987
656 -108.803
657 -108.405
658 -110.916
659 -111.803
660 -111.25
661 -111.202
662 -111.479
663 -111.199
664 -111.998
665 -112.705
666 -112.053
667 -112.349
668 -111.24
669 -112.709
670 -111.224
671 -111.428
672 -111.023
673 -111.789
674 -112.497
675 -111.149
676 -112.339
677 -110.692
678 -112.053
679 -112.68
680 -111.096
681 -113.265
682 -112.667
683 -112.827
684 -113.497
685 -113.034
686 -112.83
687 -112.762
688 -110.298
689 -111.116
690 -110.399
691 -109.709
692 -109.629
693 -109.125
694 -109.928
695 -109.223
696 -108.555
697 -108.93
698 -110.069
699 -112.101
700 -111.223
701 -110.612
702 -112.959
703 -112.269
704 -113.158
705 -112.885
706 -113.498
707 -111.436
708 -112.346
709 -110.376
710 -111.532
711 -112.946
712 -110.469
713 -114.588
714 -113.587
715 -113.153
716 -110.764
717 -110.59
718 -110.883
719 -110.793
720 -111.684
721 -112.983
722 -111.872
723 -112.562
724 -114.502
725 -112.594
726 -111.468
727 -112.212
728 -110.376
729 -110.301
730 -109.853
731 -110.143
732 -109.79
733 -109.323
734 -108.818
735 -109.016
736 -108.922
737 -110.015
738 -110.482
739 -112.082
740 -111.491
741 -111.481
742 -110.546
743 -112.988
744 -112.165
745 -112.331
746 -111.344
747 -112.832
748 -113.439
749 -112.749
750 -111.284
751 -110.896
752 -112.565
753 -111.274
754 -110.729
755 -112.472
756 -111.545
757 -111.889
758 -110.496
759 -111.439
760 -111.973
761 -112.787
762 -113.439
763 -113.248
764 -112.268
765 -112.739
766 -112.145
767 -111.123
768 -111.186
769 -110.142
770 -110.831
771 -109.228
772 -109.325
773 -110.634
774 -110.109
775 -110.292
776 -109.541
777 -109.192
778 -109.606
779 -110.545
780 -110.424
781 -111.637
782 -112.439
783 -111.638
784 -112.206
785 -112.941
786 -112.13
787 -111.953
788 -112.341
789 -112.606
790 -110.769
791 -112.405
792 -111.657
793 -112.111
794 -112.772
795 -112.49
796 -112.445
797 -113.119
798 -111.047
799 -113.015
800 -111.46
801 -112.142
802 -113.073
803 -113.441
804 -113.553
805 -112.493
806 -113.708
807 -111.82
808 -110.477
809 -110.446
810 -109.547
811 -111.373
812 -109.564
813 -110.317
814 -107.297
815 -110.254
816 -109.301
817 -109.099
818 -108.603
819 -109.526
820 -111.371
821 -110.983
822 -112.022
823 -112.028
824 -113.448
825 -112.73
826 -112.646
827 -112.234
828 -112.931
829 -112.602
830 -111.041
831 -111.497
832 -111.356
833 -112.252
834 -111.728
835 -113.434
836 -112.576
837 -112.053
838 -112.27
839 -111.428
840 -110.408
841 -111.427
842 -111.396
843 -112.473
844 -111.826
845 -112.227
846 -112.087
847 -110.596
848 -112.223
849 -109.654
850 -110.852
851 -109.156
852 -110.437
853 -109.501
854 -111.499
855 -109.069
856 -109.913
857 -109.331
858 -109.638
859 -110.015
860 -110.314
861 -111.475
862 -112.15
863 -111.034
864 -111.584
865 -111.853
866 -112.179
867 -111.243
868 -110.137
869 -110.828
870 -112.209
871 -111.413
872 -111.049
873 -109.889
874 -112.762
875 -110.818
876 -110.58
877 -112.763
878 -112.4
879 -110.888
880 -110.799
881 -112.332
882 -110.471
883 -111.126
884 -110.454
885 -111.117
886 -110.972
887 -111.216
888 -112.08
889 -110.181
890 -110.568
891 -111.247
892 -109.456
893 -110.522
894 -110.244
895 -109.649
896 -109.296
897 -109.336
898 -107.968
899 -109.012
900 -108.398
901 -110.128
902 -110.621
903 -111.398
904 -110.747
905 -112.156
906 -110.371
907 -111.059
908 -111.75
909 -110.702
910 -111.664
911 -110.744
912 -110.052
913 -110.863
914 -111.091
915 -110.856
916 -111.309
917 -111.78
918 -112.28
919 -111.085
920 -109.777
921 -111.555
922 -111.545
923 -111.628
924 -112.643
925 -112.745
926 -112.144
927 -113.301
928 -112.594
929 -110.788
930 -112.152
931 -109.635
932 -109.134
933 -109.46
934 -108.993
935 -109.994
936 -109.803
937 -109.105
938 -109.065
939 -108.2
940 -109.28
941 -109.262
942 -110.97
943 -110.729
944 -111.406
945 -111.148
946 -112.021
947 -113.139
948 -112.63
949 -111.746
950 -111.695
951 -111.085
952 -110.926
953 -111.645
954 -109.257
955 -111.321
956 -111.593
957 -112.985
958 -111.611
959 -113.296
960 -111.747
961 -110.373
962 -111.729
963 -111.565
964 -112.223
965 -112.047
966 -113.972
967 -113.359
968 -113.622
969 -112.301
970 -111.616
971 -111.647
972 -110.698
973 -111.674
974 -111.007
975 -110.841
976 -111.544
977 -110.699
978 -111.947
979 -112.296
980 -112.707
981 -114.44
982 -114.162
983 -116.1
984 -115.818
985 -117.827
986 -118.763
987 -117.7
988 -120.198
989 -122.057
990 -120.052
991 -119.742
992 -122.151
993 -122.619
994 -121.374
995 -120.612
996 -123.791
997 -125.352
998 -124.856
999 -125.155
1000 -126.397
1001 -126.35
1002 -125.819
1003 -124.626
1004 -126.33
1005 -125.135
1006 -126.033
1007 -125.691
1008 -126.362
1009 -125.183
1010 -124.85
1011 -123.935
1012 -125.582
1013 -124.673
1014 -124.463
1015 -124.752
1016 -123.897
1017 -126.563
1018 -123.935
1019 -124.059
1020 -122.84
1021 -121.986
1022 -121.686
1023 -121.241
1024 -120.125
1025 -119.558
1026 -120.297
1027 -119.441
1028 -117.976
1029 -117.499
1030 -120.347
1031 -120.283
1032 -119.769
1033 -118.346
1034 -116.541
1035 -117.427
1036 -116.858
1037 -116.282
1038 -116.469
1039 -114.879
1040 -115.375
1041 -116.442
1042 -117.277
1043 -115.314
1044 -115.736
1045 -115.686
1046 -116.729
1047 -115.478
1048 -116.151
1049 -114.889
1050 -116.436
1051 -115.628
1052 -115.593
1053 -113.864
1054 -114.476
1055 -114.729
1056 -113.603
1057 -114.955
1058 -114.016
1059 -114.75
1060 -114.538
1061 -114.437
1062 -115.429
1063 -114.159
1064 -113.394
1065 -115.29
1066 -113.005
1067 -114.957
1068 -114.544
1069 -114.257
1070 -114.162
1071 -114.442
1072 -113.581
1073 -113.226
1074 -113.911
1075 -113.735
1076 -114.175
1077 -112.591
1078 -114.726
1079 -114.146
1080 -113.24
1081 -113.894
1082 -113.072
1083 -114.54
1084 -113.013
1085 -113.909
1086 -114.606
1087 -113.563
1088 -112.2
1089 -114.515
1090 -113.951
1091 -114.206
1092 -113.517
1093 -114.284
1094 -112.925
1095 -113.326
1096 -115.937
1097 -115.171
1098 -116.474
1099 -115.6
1100 -114.062
1101 -115.256
1102 -115.164
1103 -116.642
1104 -118.073
1105 -118.586
1106 -117.337
1107 -120.094
1108 -118.744
1109 -119.317
1110 -121.107
1111 -120.764
1112 -122.222
1113 -122.648
1114 -122.464
1115 -124.827
1116 -125.753
1117 -124.708
1118 -124.7
1119 -126.274
1120 -126.254
1121 -128.625
1122 -127.334
1123 -128.968
1124 -129.81
1125 -130.805
1126 -130.281
1127 -130.745
1128 -131.847
1129 -131.741
1130 -134.319
1131 -135.536
1132 -133.895
1133 -134.734
1134 -132.75
1135 -133.425
1136 -133.882
1137 -132.324
1138 -135.424
1139 -133.388
1140 -134.54
1141 -134.343
1142 -132.8
1143 -133.973
1144 -133.78
1145 -131.847
1146 -132.775
1147 -131.569
1148 -130.918
1149 -130.335
1150 -130.408
1151 -129.931
1152 -128.277
1153 -128.709
1154 -127.519
1155 -127.492
1156 -128.105
1157 -125.027
1158 -125.168
1159 -125.549
1160 -124.728
1161 -125.11
1162 -124.067
1163 -124.419
1164 -123.168
1165 -122.228
1166 -123.736
1167 -123.469
1168 -123.39
1169 -123.128
1170 -122.546
1171 -122.466
1172 -122.345
1173 -121.35
1174 -121.198
1175 -120.411
1176 -122.215
1177 -122.381
1178 -121.821
1179 -123.594
1180 -124.481
1181 -123.87
1182 -122.887
1183 -123.174
1184 -123.442
1185 -123.722
1186 -123.248
1187 -121.965
1188 -121.893
1189 -122.582
1190 -122.757
1191 -122.589
1192 -123.05
1193 -121.314
1194 -122.202
1195 -120.094
1196 -121.403
1197 -121.516
1198 -123.044
1199 -122.276
1200 -122.411
1201 -122.197
1202 -121.821
1203 -122.873
1204 -121.5
1205 -121.261
1206 -121.596
1207 -120.967
1208 -121.508
1209 -120.988
1210 -121.465
1211 -121.292
1212 -119.583
1213 -119.935
1214 -120.117
1215 -118.897
1216 -120.161
1217 -119.645
1218 -121.913
1219 -121.57
1220 -122.785
1221 -121.451
1222 -120.481
1223 -122.069
1224 -121.222
1225 -122.337
1226 -122.073
1227 -122.017
1228 -121.492
1229 -122.91
1230 -122.499
1231 -121.964
1232 -122.103
1233 -120.626
1234 -119.756
1235 -120.66
1236 -121.112
1237 -121.637
1238 -121.742
1239 -123.703
1240 -122.851
1241 -121.345
1242 -122.135
1243 -121.459
1244 -120.23
1245 -119.976
1246 -120.505
1247 -119.583
1248 -119.983
1249 -120.474
1250 -121.457
1251 -121.057
1252 -121.435
1253 -119.604
1254 -119.62
1255 -120.497
1256 -119.233
1257 -120.626
1258 -120.469
1259 -119.703
1260 -119.86
1261 -122.081
1262 -121.534
1263 -122.41
1264 -121.436
1265 -122.666
1266 -121.243
1267 -122.111
1268 -120.662
1269 -122.974
1270 -121.574
1271 -122.164
1272 -123.546
1273 -123.687
1274 -122.385
1275 -121.058
1276 -120.952
1277 -121.65
1278 -120.684
1279 -119.874
1280 -120.624
1281 -121.858
1282 -121.313
1283 -121.114
1284 -119.523
1285 -120.491
1286 -119.518
1287 -120.866
1288 -120.115
1289 -120.374
1290 -119.253
1291 -119.639
1292 -120.842
1293 -120.101
1294 -118.674
1295 -118.332
1296 -119.162
1297 -119.681
1298 -119.215
1299 -120.678
1300 -120.451
1301 -120.477
1302 -121.423
1303 -121.976
1304 -121.298
1305 -121.015
1306 -121.473
1307 -119.929
1308 -122.197
1309 -121.811
1310 -120.899
1311 -122.186
1312 -122.966
1313 -121.605
1314 -122.036
1315 -120.809
1316 -122.08
1317 -121.061
1318 -121.159
1319 -121.803
1320 -121.166
1321 -122.08
1322 -121.569
1323 -120.897
1324 -120.175
1325 -119.768
1326 -119.1
1327 -119.353
1328 -119.866
1329 -120.502
1330 -121.42
1331 -120.417
1332 -120.883
1333 -120.139
1334 -119.282
1335 -119.895
1336 -119.656
1337 -119.057
1338 -120.052
1339 -120.374
1340 -120.565
1341 -122.033
1342 -123.169
1343 -120.873
1344 -121.687
1345 -122.281
1346 -122.179
1347 -120.558
1348 -120.236
1349 -122.958
1350 -122.486
1351 -122.533
1352 -122.061
1353 -121.801
1354 -121.791
1355 -122.295
1356 -123.398
1357 -121.074
1358 -121.314
1359 -121.1
1360 -121.356
1361 -121.858
1362 -121.258
1363 -121.16
1364 -122.03
1365 -120.547
1366 -119.816
1367 -120.221
1368 -120.102
1369 -120.777
1370 -120.003
1371 -121.141
1372 -121.283
1373 -119.41
1374 -121.26
1375 -120.341
1376 -120.194
1377 -118.626
1378 -120.06
1379 -120.55
1380 -118.804
1381 -122.844
1382 -121.761
1383 -123.062
1384 -122.392
1385 -120.898
1386 -120.465
1387 -121.397
1388 -121.715
1389 -120.664
1390 -122.11
1391 -120.315
1392 -123.102
1393 -123.387
1394 -122.489
1395 -122.719
1396 -122.603
1397 -121.614
1398 -119.279
1399 -120.831
1400 -120.365
1401 -122.003
1402 -122.974
1403 -122.856
1404 -122.005
1405 -120.634
1406 -120.541
1407 -118.682
1408 -119.931
1409 -119.04
1410 -121.034
1411 -119.985
1412 -119.399
1413 -120.941
1414 -118.549
1415 -121.42
1416 -119.574
1417 -120.026
1418 -120.043
1419 -119.889
1420 -120.459
1421 -120.717
1422 -121.814
1423 -120.971
1424 -121.502
1425 -121.113
1426 -122.862
1427 -120.199
1428 -120.856
1429 -121.049
1430 -122.26
1431 -122.913
1432 -123.676
1433 -121.653
1434 -122.408
1435 -121.536
1436 -122.247
1437 -121.287
1438 -120.901
1439 -120.472
1440 -121.167
1441 -120.943
1442 -120.773
1443 -122.569
1444 -122.531
1445 -121.471
1446 -121.148
1447 -119.758
1448 -119.247
1449 -120.154
1450 -121.403
1451 -121.19
1452 -120.497
1453 -120.204
1454 -119.42
1455 -120.266
1456 -119.611
1457 -118.524
1458 -119.417
1459 -119.25
1460 -119.195
1461 -120.827
1462 -120.108
1463 -121.711
1464 -122.003
1465 -122.204
1466 -122.083
1467 -121.824
1468 -121.316
1469 -122.08
1470 -123.071
1471 -122.135
1472 -122.481
1473 -123.791
1474 -121.589
1475 -123.562
1476 -123.4
1477 -121.647
1478 -120.978
1479 -120.858
1480 -122.01
1481 -120.849
1482 -121.272
1483 -122.141
1484 -121.683
1485 -120.738
1486 -120.969
1487 -118.519
1488 -119.832
1489 -118.454
1490 -118.755
1491 -120.358
1492 -121.832
1493 -119.486
1494 -120.219
1495 -120.985
1496 -119.814
1497 -118.733
1498 -120.661
1499 -119.717
1500 -120.903
1501 -118.444
1502 -120.815
1503 -121.396
1504 -122.303
1505 -120.447
1506 -121.087
1507 -120.87
1508 -119.173
1509 -120.114
1510 -120.378
1511 -119.932
1512 -119.199
1513 -119.886
1514 -118.444
1515 -118.221
1516 -117.842
1517 -116.694
1518 -116.761
1519 -114.918
1520 -115.073
1521 -113.299
1522 -114.505
1523 -113.079
1524 -113.656
1525 -111.187
1526 -113.139
1527 -112.011
1528 -110.816
1529 -107.845
1530 -107.727
1531 -107.319
1532 -106.601
1533 -104.625
1534 -106.033
1535 -106.068
1536 -106.087
1537 -105.005
1538 -106.065
1539 -104.46
1540 -104.217
1541 -102.872
1542 -105.383
1543 -105.661
1544 -105.948
1545 -106.329
1546 -106.957
1547 -105.371
1548 -106.332
1549 -104.604
1550 -106.259
1551 -107.801
1552 -109.219
1553 -107.467
1554 -107.812
1555 -107.999
1556 -107.656
1557 -107.92
1558 -109.102
1559 -110.061
1560 -111.138
1561 -112.102
1562 -112.573
1563 -112.603
1564 -113.294
1565 -113.25
1566 -113.345
1567 -114.916
1568 -114.508
1569 -113.972
1570 -113.87
1571 -115.136
1572 -114.492
1573 -115.493
1574 -115.806
1575 -114.595
1576 -115.436
1577 -114.975
1578 -114.768
1579 -116.372
1580 -114.687
1581 -115.23
1582 -116.548
1583 -115.869
1584 -117.302
1585 -117.127
1586 -116.237
1587 -116.414
1588 -116.769
1589 -116.184
1590 -116.379
1591 -118.649
1592 -117.283
1593 -117.388
1594 -117.118
1595 -117.733
1596 -117.677
1597 -117.342
1598 -115.398
1599 -116.846
1600 -117.581
1601 -115.909
1602 -117.644
1603 -117.699
1604 -116.91
1605 -116.074
1606 -118.166
1607 -118.283
1608 -118.001
1609 -118.9
1610 -118.01
1611 -117.923
1612 -118.076
1613 -116.645
1614 -117.077
1615 -117.395
1616 -118.422
1617 -118.49
1618 -117.468
1619 -116.599
1620 -118.757
1621 -117.199
1622 -116.381
1623 -117.518
1624 -119.075
1625 -117.814
1626 -117.742
1627 -118.125
1628 -117.167
1629 -118.049
1630 -119.47
1631 -116.428
1632 -116.906
1633 -117.154
1634 -116.132
1635 -116.04
1636 -117.028
1637 -115.312
1638 -114.631
1639 -114.468
1640 -115.035
1641 -111.943
1642 -112.625
1643 -111.195
1644 -109.976
1645 -110.172
1646 -110.031
1647 -109.003
1648 -107.461
1649 -106.879
1650 -107.825
1651 -105.807
1652 -106.366
1653 -107.276
1654 -105.61
1655 -103.274
1656 -103.264
1657 -103.144
1658 -101.531
1659 -100.118
1660 -100.052
1661 -100.022
1662 -99.5153
1663 -98.2217
1664 -98.0743
1665 -97.9472
1666 -98.2954
1667 -96.6044
1668 -96.9794
1669 -96.8517
1670 -96.2259
1671 -96.8349
1672 -97.9844
1673 -97.2793
1674 -96.5559
1675 -97.5952
1676 -96.7185
1677 -96.3055
1678 -96.4315
1679 -98.1962
1680 -99.9583
1681 -99.587
1682 -101.923
1683 -102.299
1684 -101.091
1685 -102.898
1686 -104.655
1687 -103.447
1688 -104.144
1689 -104.587
1690 -106.736
1691 -106.835
1692 -107.074
1693 -108.012
1694 -104.947
1695 -106.633
1696 -107.819
1697 -107.697
1698 -108.81
1699 -107.553
1700 -107.244
1701 -109.416
1702 -107.774
1703 -107.298
1704 -109.009
1705 -108.074
1706 -108.931
1707 -109.965
1708 -110.538
1709 -109.947
1710 -111.457
1711 -112.473
1712 -111.181
1713 -110.003
1714 -109.181
1715 -109.615
1716 -110.156
1717 -109.719
1718 -108.423
1719 -106.671
1720 -108.634
1721 -108.693
1722 -107.391
1723 -107.693
1724 -108.45
1725 -108.228
1726 -109.4
1727 -109.881
1728 -109.419
1729 -109.628
1730 -111.763
1731 -111.556
1732 -110.12
1733 -112.269
1734 -111.335
1735 -109.949
1736 -109.525
1737 -111.127
1738 -110.673
1739 -111.237
1740 -111.249
1741 -112.538
1742 -112.088
1743 -111.633
1744 -113.413
1745 -110.484
1746 -112.14
1747 -110.995
1748 -110.337
1749 -112.683
1750 -110.616
1751 -112.43
1752 -114.224
1753 -112.416
1754 -111.392
1755 -109.872
1756 -110.429
1757 -108.662
1758 -110.48
1759 -108.407
1760 -108.705
1761 -109.862
1762 -108.56
1763 -108.972
1764 -109.064
1765 -108.693
1766 -110.383
1767 -110.059
1768 -111.678
1769 -111.314
1770 -110.78
1771 -114.065
1772 -111.129
1773 -112.125
1774 -111.966
1775 -112.764
1776 -112.083
1777 -111.354
1778 -111.586
1779 -110.555
1780 -111.879
1781 -111.858
1782 -112.58
1783 -112.197
1784 -113.515
1785 -111.368
1786 -111.651
1787 -110.238
1788 -112.665
1789 -111.239
1790 -112.851
1791 -112.534
1792 -113.027
1793 -111.928
1794 -111.63
1795 -110.87
1796 -111.378
1797 -108.994
1798 -108.912
1799 -109.956
1800 -108.791
1801 -108.216
1802 -109.525
1803 -108.715
1804 -108.473
1805 -109.037
1806 -110.345
1807 -109.674
1808 -109.617
1809 -110.213
1810 -112.349
1811 -111.236
1812 -113.128
1813 -112.2
1814 -112.571
1815 -112.087
1816 -112.054
1817 -112.421
1818 -109.514
1819 -110.932
1820 -112.791
1821 -112.059
1822 -112.09
1823 -112.114
1824 -111.086
1825 -110.769
1826 -110.116
1827 -110.596
1828 -110.969
1829 -113.195
1830 -112.048
1831 -112.548
1832 -112.313
1833 -114.789
1834 -112.56
1835 -111.172
1836 -110.572
1837 -111.952
1838 -110.241
1839 -110.201
1840 -110.796
1841 -108.881
1842 -108.901
1843 -108.906
1844 -108.98
1845 -109.856
1846 -109.15
1847 -109.791
1848 -109.866
1849 -112.083
1850 -110.357
1851 -111.22
1852 -112.381
1853 -111.551
1854 -111.812
1855 -111.397
1856 -111.797
1857 -112.763
1858 -111.995
1859 -111.37
1860 -110.593
1861 -110.236
1862 -111.144
1863 -110.213
1864 -111.346
1865 -111.896
1866 -110.203
1867 -110.197
1868 -110.73
1869 -111.756
1870 -112.104
1871 -113.752
1872 -112.301
1873 -112.696
1874 -112.333
1875 -111.467
1876 -110.214
1877 -109.594
1878 -109.951
1879 -110.414
1880 -109.384
1881 -109.825
1882 -108.487
1883 -109.966
1884 -107.602
1885 -108.08
1886 -109.634
1887 -109.428
1888 -109.513
1889 -111.302
1890 -110.295
1891 -110.337
1892 -112.573
1893 -112.282
1894 -112.555
1895 -111.589
1896 -112.583
1897 -111.727
1898 -111.499
1899 -111.834
1900 -109.71
1901 -111.505
1902 -110.942
1903 -112.351
1904 -111.21
1905 -110.93
1906 -110.991
1907 -111.572
1908 -111.771
1909 -111.631
1910 -111.485
1911 -112.581
1912 -111.409
1913 -111.47
1914 -112.262
1915 -111.794
1916 -111.889
1917 -110.424
1918 -108.643
1919 -109.839
1920 -110.133
1921 -109.986
1922 -108.438
1923 -108.63
1924 -108.455
1925 -108.49
1926 -108.596
1927 -110.467
1928 -109.109
1929 -109.933
1930 -110.786
1931 -110.292
1932 -111.535
1933 -112.584
1934 -111.207
1935 -110.565
1936 -109.517
1937 -112.744
1938 -111.51
1939 -111.289
1940 -110.447
1941 -110.707
1942 -110.401
1943 -111.659
1944 -112.371
1945 -111.559
1946 -112.217
1947 -111.026
1948 -110.825
1949 -110.555
1950 -111.325
1951 -112.166
1952 -110.498
1953 -110.41
1954 -113.182
1955 -112.971
1956 -111.009
1957 -110.636
1958 -110.232
1959 -108.738
1960 -109.391
1961 -108.517
1962 -108.341
1963 -108.468
1964 -108.222
1965 -109.223
1966 -110.435
1967 -109.789
1968 -111.078
1969 -109.663
1970 -110.977
1971 -110.763
1972 -109.813
1973 -111.258
1974 -112.218
1975 -112.577
1976 -110.984
1977 -111.69
1978 -111.386
1979 -111.556
1980 -111.93
1981 -110.292
1982 -110.833
1983 -111.265
1984 -111.452
1985 -110.871
1986 -110.347
1987 -110.708
1988 -110.4
1989 -109.004
1990 -111.11
1991 -112.152
1992 -110.898
1993 -112.918
1994 -112.295
1995 -113.158
1996 -111.447
1997 -111.436
1998 -109.439
1999 -108.651
2000 -109.032
2001 -111.234
2002 -108.495
2003 -109.148
2004 -108.258
2005 -110.854
2006 -107.934
2007 -110.222
2008 -108.642
2009 -109.915
2010 -110.427
2011 -110.921
2012 -112.248
2013 -110.881
2014 -112.588
2015 -111.149
2016 -111.37
2017 -110.328
2018 -111.071
2019 -111.126
2020 -111.122
2021 -110.983
2022 -109.822
2023 -111.601
2024 -111.561
2025 -111.806
2026 -110.961
2027 -112.093
2028 -109.88
2029 -110.641
2030 -111.183
2031 -111.264
2032 -111.039
2033 -111.145
2034 -111.686
2035 -112.989
2036 -111.963
2037 -112.219
2038 -109.785
2039 -110.386
2040 -111.196
2041 -111.994
2042 -111.892
2043 -112.507
2044 -110.623
2045 -112.563
2046 -112.851
2047 -112.514
2048 -111.903
2049 -113.976
2050 -114.189
2051 -114.339
2052 -116.511
2053 -117.071
2054 -117.782
2055 -119.101
2056 -118.478
2057 -119.941
2058 -120.486
2059 -119.859
2060 -120.311
2061 -120.212
2062 -122.106
2063 -121.932
2064 -122.119
2065 -125.174
2066 -124.463
2067 -124.718
2068 -125.019
2069 -124.604
2070 -126.066
2071 -126.186
2072 -126.324
2073 -125.71
2074 -126.55
2075 -125.567
2076 -124.39
2077 -124.097
2078 -126.634
2079 -123.842
2080 -124.56
2081 -125.074
2082 -124.56
2083 -124.005
2084 -124.523
2085 -123.378
2086 -124.02
2087 -122.344
2088 -121.177
2089 -123.248
2090 -122.106
2091 -121.219
2092 -122.178
2093 -120.118
2094 -119.848
2095 -119.061
2096 -119.026
2097 -119.458
2098 -117.3
2099 -118.11
2100 -116.985
2101 -117.792
2102 -117.684
2103 -115.976
2104 -117.425
2105 -116.448
2106 -117.126
2107 -117.808
2108 -115.488
2109 -115.775
2110 -116.949
2111 -115.486
2112 -113.765
2113 -115.509
2114 -115.895
2115 -116.328
2116 -115.528
2117 -115.341
2118 -115.088
2119 -114.252
2120 -114.399
2121 -114.753
2122 -114.383
2123 -114.287
2124 -114.465
2125 -115.061
2126 -114.948
2127 -112.803
2128 -114.138
2129 -114.387
2130 -114.497
2131 -114.832
2132 -114.595
2133 -114.699
2134 -113.607
2135 -114.145
2136 -115.074
2137 -113.369
2138 -113.293
2139 -114.432
2140 -113.744
2141 -113.023
2142 -113.549
2143 -113.838
2144 -114.573
2145 -114.169
2146 -115.552
2147 -113.535
2148 -113.816
2149 -113.158
2150 -114.45
2151 -115.107
2152 -113.616
2153 -113.65
2154 -112.257
2155 -113.634
2156 -113.666
2157 -114.103
2158 -113.386
2159 -113.444
2160 -113.392
2161 -114.986
2162 -114.267
2163 -113.056
2164 -113.484
2165 -114.811
2166 -113.885
2167 -115.348
2168 -114.522
2169 -114.013
2170 -115.319
2171 -115.656
2172 -117.128
2173 -117.702
2174 -118.588
2175 -121.522
2176 -120.084
2177 -119.03
2178 -120.106
2179 -119.687
2180 -121.217
2181 -121.829
2182 -122.645
2183 -123.553
2184 -123.065
2185 -124.947
2186 -125.45
2187 -125.224
2188 -126.105
2189 -126.118
2190 -128.024
2191 -127.393
2192 -128.556
2193 -129.377
2194 -130.37
2195 -131.388
2196 -131.721
2197 -131.833
2198 -133.263
2199 -132.928
2200 -133.707
2201 -134.663
2202 -132.293
2203 -134.006
2204 -132.168
2205 -134.297
2206 -133.92
2207 -133.638
2208 -132.251
2209 -133.404
2210 -133.423
2211 -132.199
2212 -131.912
2213 -130.942
2214 -129.773
2215 -131.545
2216 -132.513
2217 -130.472
2218 -130.75
2219 -129.301
2220 -128.283
2221 -128.85
2222 -127.134
2223 -127.362
2224 -126.799
2225 -125.749
2226 -126.067
2227 -125.626
2228 -125.661
2229 -124.674
2230 -123.516
2231 -123.324
2232 -123.218
2233 -123.842
2234 -122.882
2235 -122.539
2236 -121.744
2237 -121.091
2238 -121.857
2239 -120.037
2240 -121.071
2241 -121.754
2242 -121.239
2243 -120.361
2244 -121.296
2245 -121.266
2246 -122.117
2247 -121.309
2248 -122.885
2249 -121.569
2250 -122.179
2251 -122.393
2252 -122.062
2253 -121.149
2254 -120.953
2255 -122.894
2256 -122.05
2257 -122.663
2258 -123.057
2259 -121.629
2260 -121.93
2261 -121.862
2262 -122.415
2263 -121.397
2264 -122.75
2265 -122.088
2266 -121.678
2267 -122.468
2268 -121.135
2269 -123.035
2270 -119.346
2271 -119.07
2272 -119.272
2273 -120.557
2274 -118.822
2275 -119.098
2276 -119.883
2277 -119.363
2278 -118.973
2279 -120.784
2280 -119.663
2281 -119.46
2282 -118.092
2283 -119.344
2284 -118.917
2285 -119.488
2286 -120.581
2287 -120.844
2288 -121.968
2289 -122.467
2290 -120.517
2291 -121.017
2292 -121.137
2293 -120.254
2294 -120.253
2295 -120.193
2296 -122.214
2297 -121.612
2298 -121.712
2299 -121.38
2300 -122.839
2301 -121.608
2302 -120.532
2303 -120.329
2304 -120.219
2305 -120.064
2306 -121.485
2307 -120.635
2308 -121.018
2309 -120.56
2310 -122.461
2311 -120.518
2312 -121.769
2313 -119.158
2314 -119.755
2315 -119.361
2316 -120.318
2317 -121.186
2318 -118.838
2319 -121.521
2320 -117.841
2321 -120.51
2322 -119.271
2323 -118.29
2324 -120.522
2325 -118.175
2326 -118.085
2327 -119.858
2328 -121.055
2329 -120.199
2330 -120.555
2331 -122.818
2332 -121.49
2333 -120.399
2334 -120.456
2335 -122.362
2336 -121.074
2337 -122.519
2338 -120.756
2339 -122.464
2340 -121.15
2341 -121.601
2342 -121.196
2343 -121.848
2344 -120.375
2345 -120.568
2346 -120.82
2347 -120.93
2348 -121.55
2349 -121.296
2350 -120.383
2351 -121.653
2352 -118.638
2353 -119.38
2354 -119.953
2355 -118.51
2356 -119.286
2357 -121.409
2358 -119.779
2359 -118.678
2360 -118.136
2361 -119.45
2362 -118.115
2363 -118.95
2364 -118.783
2365 -120.464
2366 -120.084
2367 -120.553
2368 -121.869
2369 -120.218
2370 -120.755
2371 -121.797
2372 -122.654
2373 -122.141
2374 -120.618
2375 -120.085
2376 -119.628
2377 -121.209
2378 -121.91
2379 -120.546
2380 -122.178
2381 -122.618
2382 -121.06
2383 -120.365
2384 -120.549
2385 -122.134
2386 -121.118
2387 -120.381
2388 -121.112
2389 -121.14
2390 -120.407
2391 -120.411
2392 -120.891
2393 -120.329
2394 -119.083
2395 -120.344
2396 -119.519
2397 -119.279
2398 -119.253
2399 -120.182
2400 -119.594
2401 -119.608
2402 -118.188
2403 -118.534
2404 -118.57
2405 -119.555
2406 -119.601
2407 -117.888
2408 -120.991
2409 -121.459
2410 -121.895
2411 -119.904
2412 -122.223
2413 -122.496
2414 -121.172
2415 -121.305
2416 -122.7
2417 -122.113
2418 -122.324
2419 -122.925
2420 -121.464
2421 -122.345
2422 -122.085
2423 -122.63
2424 -121.894
2425 -120.768
2426 -121.067
2427 -120.296
2428 -120.409
2429 -121.262
2430 -120.454
2431 -119.926
2432 -120.204
2433 -119.73
2434 -123.104
2435 -121.035
2436 -119.076
2437 -120.139
2438 -119.767
2439 -120.698
2440 -119.158
2441 -120.61
2442 -119.928
2443 -119.384
2444 -118.706
2445 -118.87
2446 -118.736
2447 -119.335
2448 -122.095
2449 -119.604
2450 -121.948
2451 -122.699
2452 -121.558
2453 -121.785
2454 -121.161
2455 -120.863
2456 -121.307
2457 -121.044
2458 -122.722
2459 -120.614
2460 -122.23
2461 -121.815
2462 -123.239
2463 -120.76
2464 -119.91
2465 -120.338
2466 -121.802
2467 -120.495
2468 -120.512
2469 -119.458
2470 -120.589
2471 -121.596
2472 -119.525
2473 -119.711
2474 -120.198
2475 -121.096
2476 -119.584
2477 -118.248
2478 -118.647
2479 -118.889
2480 -118.116
2481 -119.21
2482 -119.071
2483 -119.966
2484 -120.167
2485 -118.666
2486 -119.139
2487 -119.106
2488 -119.38
2489 -120.926
2490 -120.523
2491 -122.276
2492 -120.785
2493 -122.474
2494 -120.261
2495 -120.608
2496 -120.839
2497 -120.761
2498 -122.089
2499 -122.227
2500 -121.804
2501 -120.862
2502 -122.272
2503 -121.069
2504 -121.07
2505 -120.798
2506 -120.236
2507 -120.496
2508 -120.564
2509 -120.446
2510 -120.332
2511 -121.95
2512 -121.4
2513 -118.814
2514 -119.665
2515 -121.225
2516 -119.237
2517 -121.158
2518 -119.537
2519 -119.282
2520 -120.328
2521 -119.635
2522 -119.805
2523 -120.47
2524 -118.952
2525 -118.048
2526 -118.855
2527 -119.178
2528 -119.621
2529 -121.207
2530 -122.044
2531 -122.266
2532 -121.006
2533 -122.828
2534 -121.213
2535 -121.914
2536 -120.709
2537 -121.63
2538 -121.487
2539 -121.265
2540 -122.184
2541 -121.062
2542 -122.037
2543 -121.802
2544 -120.699
2545 -121.253
2546 -122.827
2547 -121.412
2548 -121.424
2549 -119.858
2550 -122.246
2551 -120.812
2552 -120.265
2553 -120.861
2554 -120.472
2555 -120.699
2556 -119.077
2557 -120.137
2558 -120.185
2559 -119.077
2560 -120.366
2561 -119.156
2562 -119.492
2563 -119.621
2564 -118.117
2565 -119.708
2566 -117.81
2567 -118.245
2568 -119.506
2569 -119.904
2570 -119.834
2571 -121.671
2572 -121.669
2573 -119.589
2574 -119.505
2575 -118.593
2576 -120.546
2577 -120.302
2578 -120.419
2579 -117.828
2580 -118.297
2581 -119.517
2582 -119.649
2583 -119.16
2584 -116.685
2585 -116.558
2586 -117.967
2587 -117.574
2588 -116.03
2589 -114.126
2590 -113.911
2591 -114.387
2592 -111.59
2593 -110.818
2594 -112.747
2595 -112.236
2596 -111.165
2597 -108.478
2598 -107.876
2599 -108.235
2600 -107.134
2601 -104.861
2602 -105.319
2603 -106.086
2604 -105.773
2605 -104.342
2606 -106.66
2607 -104.681
2608 -104.413
2609 -104.852
2610 -105.41
2611 -103.421
2612 -106.011
2613 -104.464
2614 -104.939
2615 -104.297
2616 -105.22
2617 -106.963
2618 -107.022
2619 -107.307
2620 -106.595
2621 -107.095
2622 -107.815
2623 -108.658
2624 -106.994
2625 -109.464
2626 -109.987
2627 -111.195
2628 -112.479
2629 -110.621
2630 -110.189
2631 -111.405
2632 -111.493
2633 -113.626
2634 -113.001
2635 -114.012
2636 -113.269
2637 -113.943
2638 -114.52
2639 -114.103
2640 -114.457
2641 -113.208
2642 -115.598
2643 -116.448
2644 -114.971
2645 -114.955
2646 -116.701
2647 -114.623
2648 -115.743
2649 -115.611
2650 -115.563
2651 -116.037
2652 -114.793
2653 -115.888
2654 -115.972
2655 -114.592
2656 -116.261
2657 -115.002
2658 -117.335
2659 -117.306
2660 -115.591
2661 -115.566
2662 -117.382
2663 -117.459
2664 -117.825
2665 -116.275
2666 -117.07
2667 -117.322
2668 -115.986
2669 -117.068
2670 -117.894
2671 -116.859
2672 -117.272
2673 -117.04
2674 -117.075
2675 -117.186
2676 -117.373
2677 -118.514
2678 -117.172
2679 -117.885
2680 -117.545
2681 -117.613
2682 -117.42
2683 -117.212
2684 -118.875
2685 -116.972
2686 -117.467
2687 -117.13
2688 -117.828
2689 -117.419
2690 -116.295
2691 -116.961
2692 -118.661
2693 -116.304
2694 -117.631
2695 -116.962
2696 -118.297
2697 -117.283
2698 -118.128
2699 -119.095
2700 -116.242
2701 -115.431
2702 -116.177
2703 -116.021
2704 -116.204
2705 -115.784
2706 -114.432
2707 -112.989
2708 -112.849
2709 -113.357
2710 -113.155
2711 -113.605
2712 -112.022
2713 -110.552
2714 -110.824
2715 -107.159
2716 -108.534
2717 -107.263
2718 -106.315
2719 -105.911
2720 -105.948
2721 -106.223
2722 -105.273
2723 -104.572
2724 -103.301
2725 -102.817
2726 -101.426
2727 -101.81
2728 -101.975
2729 -99.9963
2730 -98.6792
2731 -97.638
2732 -97.5628
2733 -98.5875
2734 -97.0574
2735 -96.2258
2736 -97.7532
2737 -96.2636
2738 -96.3307
2739 -96.8984
2740 -96.2908
2741 -96.9318
2742 -95.8491
2743 -96.7581
2744 -97.7061
2745 -96.8139
2746 -96.814
2747 -97.6697
2748 -98.7868
2749 -99.5644
2750 -99.8309
2751 -101.214
2752 -101.208
2753 -103.452
2754 -102.502
2755 -103.184
2756 -103.147
2757 -105.773
2758 -106.171
2759 -103.861
2760 -105.677
2761 -106.176
2762 -107.618
2763 -108.069
2764 -105.636
2765 -106.347
2766 -107.281
2767 -108.528
2768 -108.421
2769 -110.07
2770 -109.072
2771 -108.36
2772 -109.335
2773 -107.474
2774 -109.534
2775 -109.949
2776 -110.904
2777 -109.637
2778 -110.049
2779 -110.503
2780 -110.505
2781 -109.716
2782 -109.253
2783 -109.774
2784 -111.195
2785 -109.25
2786 -109.381
2787 -106.788
2788 -108.801
2789 -107.361
2790 -107.047
2791 -108.052
2792 -106.294
2793 -108.888
2794 -109.675
2795 -109.16
2796 -107.731
2797 -110.74
2798 -111.133
2799 -111.747
2800 -110.274
2801 -111.393
2802 -112.278
2803 -110.55
2804 -109.404
2805 -110.635
2806 -109.854
2807 -110.511
2808 -109.587
2809 -113.151
2810 -111.079
2811 -110.873
2812 -112.631
2813 -111.007
2814 -110.275
2815 -109.973
2816 -109.771
2817 -111.956
2818 -111.57
2819 -113.262
2820 -112.705
2821 -112.17
2822 -111.45
2823 -108.997
2824 -111.091
2825 -110.637
2826 -109.446
2827 -108.269
2828 -109.472
2829 -110.386
2830 -108.357
2831 -107.344
2832 -107.081
2833 -107.567
2834 -110
2835 -109.236
2836 -111.784
2837 -111.248
2838 -111.112
2839 -110.945
2840 -110.938
2841 -111.286
2842 -110.692
2843 -112.43
2844 -111.756
2845 -112.154
2846 -111.77
2847 -112.558
2848 -111.514
2849 -112.2
2850 -111.624
2851 -112.107
2852 -111.676
2853 -111.021
2854 -110.407
2855 -111.042
2856 -110.553
2857 -111.955
2858 -111.851
2859 -113.257
2860 -112.503
2861 -114.357
2862 -113.108
2863 -113.265
2864 -111.698
2865 -111.063
2866 -109.998
2867 -109.316
2868 -109.611
2869 -109.497
2870 -108.427
2871 -108.43
2872 -109.109
2873 -110.903
2874 -109.648
2875 -110.957
2876 -109.395
2877 -110.145
2878 -110.807
2879 -110.759
2880 -111.087
2881 -113.755
2882 -111.818
2883 -110.859
2884 -112.602
2885 -111.742
2886 -111.194
2887 -111.174
2888 -111.692
2889 -110.597
2890 -111.489
2891 -112.957
2892 -111.339
2893 -112.828
2894 -110.392
2895 -110.713
2896 -110.477
2897 -111.654
2898 -110.653
2899 -112.863
2900 -113.48
2901 -113.631
2902 -110.74
2903 -110.898
2904 -112.154
2905 -111.724
2906 -110.341
2907 -110.703
2908 -111.159
2909 -108.604
2910 -110.134
2911 -108.365
2912 -109.77
2913 -109.086
2914 -108.482
2915 -109.718
2916 -110.411
2917 -111.588
2918 -112.233
2919 -112.144
2920 -111.857
2921 -111.027
2922 -113.964
2923 -112.601
2924 -109.959
2925 -110.21
2926 -111.136
2927 -111.204
2928 -111.202
2929 -111.331
2930 -110.767
2931 -111.341
2932 -111.533
2933 -110.488
2934 -111.5
2935 -110.094
2936 -111.584
2937 -111.697
2938 -110.686
2939 -112.676
2940 -112.352
2941 -112.557
2942 -111.412
2943 -110.998
2944 -111.581
2945 -111.021
2946 -109.142
2947 -110.466
2948 -110.404
2949 -111.445
2950 -108.813
2951 -108.736
2952 -108.519
2953 -109.15
2954 -108.443
2955 -109.715
2956 -112.256
2957 -109.816
2958 -110.507
2959 -109.407
2960 -110.381
2961 -112.265
2962 -111.431
2963 -111.234
2964 -112.099
2965 -111.541
2966 -110.345
2967 -112.137
2968 -110.451
2969 -110.178
2970 -110.565
2971 -112.324
2972 -111.607
2973 -110.806
2974 -110.544
2975 -109.852
2976 -111.964
2977 -109.535
2978 -111.885
2979 -111.383
2980 -111.038
2981 -111.235
2982 -112.158
2983 -112.218
2984 -111.823
2985 -109.828
2986 -109.709
2987 -110.142
2988 -109.945
2989 -109.354
2990 -109.162
2991 -108.041
2992 -108.821
2993 -109.888
2994 -107.249
2995 -108.978
2996 -108.427
2997 -109.355
2998 -110.58
2999 -112.291
3000 -110.642
3001 -111.553
3002 -111.421
3003 -112.467
3004 -110.372
3005 -111.998
3006 -111.013
3007 -111.89
3008 -111.444
3009 -110.474
3010 -111.768
3011 -111.995
3012 -110.154
3013 -111.425
3014 -113.954
3015 -110.152
3016 -110.071
3017 -110.867
3018 -112.406
3019 -110.404
3020 -111.845
3021 -113.186
3022 -111.874
3023 -112.039
3024 -111.495
3025 -111.643
3026 -110.529
3027 -110.928
3028 -109.31
3029 -109.606
3030 -109.402
3031 -108.766
3032 -109.557
3033 -110.295
3034 -108.473
3035 -109.881
3036 -109.046
3037 -109.42
3038 -111.081
3039 -111.821
3040 -112.022
3041 -110.619
3042 -111.525
3043 -111.039
3044 -112.234
3045 -110.404
3046 -112.655
3047 -111.987
3048 -110.259
3049 -111.023
3050 -110.704
3051 -110.75
3052 -112.106
3053 -113.335
3054 -111.025
3055 -112.742
3056 -111.331
3057 -111.642
3058 -111.003
3059 -111.944
3060 -110.718
3061 -112.751
3062 -113.862
3063 -112.077
3064 -112.203
3065 -112.445
3066 -111.137
3067 -110.883
3068 -108.174
3069 -109.219
3070 -107.827
3071 -110.293
3072 -108.455
3073 -108.387
3074 -108.231
3075 -108.697
3076 -109.439
3077 -109.437
3078 -110.851
3079 -111.529
3080 -113.189
3081 -111.011
3082 -111.977
3083 -112.166
3084 -110.284
3085 -111.063
3086 -110.2
3087 -112.268
3088 -112.962
3089 -110.459
3090 -111.227
3091 -112.506
3092 -111.213
3093 -112.113
3094 -111.446
3095 -110.21
3096 -110.637
3097 -112.395
3098 -111.251
3099 -111.292
3100 -110.868
3101 -112.866
3102 -111.989
3103 -112.474
3104 -112.257
3105 -112.938
3106 -113.231
3107 -111.782
3108 -111.955
3109 -111.946
3110 -109.525
3111 -110.604
3112 -112.049
3113 -112.816
3114 -113.774
3115 -112.018
3116 -111.749
3117 -111.683
3118 -113.468
3119 -115.552
3120 -117.236
3121 -117.152
3122 -117.685
3123 -118.677
3124 -118.993
3125 -119.204
3126 -119.464
3127 -120.023
3128 -123.245
3129 -121.85
3130 -122.372
3131 -121.153
3132 -123.356
3133 -124.496
3134 -124.257
3135 -125.195
3136 -125.977
3137 -126.339
3138 -126.346
3139 -126.264
3140 -124.527
3141 -124.354
3142 -124.863
3143 -127.07
3144 -125.449
3145 -126.311
3146 -127.214
3147 -125.829
3148 -124.181
3149 -124.508
3150 -125.154
3151 -124.262
3152 -123.565
3153 -124.921
3154 -125.021
3155 -122.859
3156 -123.756
3157 -122.619
3158 -122.782
3159 -122.261
3160 -120.632
3161 -122.352
3162 -122.189
3163 -121.121
3164 -119.248
3165 -119.86
3166 -118.298
3167 -118.681
3168 -117.661
3169 -119.507
3170 -117.135
3171 -115.963
3172 -117.411
3173 -117.149
3174 -116.454
3175 -115.988
3176 -115.605
3177 -115.205
3178 -117.199
3179 -115.16
3180 -116.719
3181 -115.287
3182 -116.081
3183 -115.419
3184 -116.199
3185 -114.906
3186 -115.298
3187 -115.377
3188 -114.988
3189 -114.452
3190 -114.535
3191 -113.652
3192 -112.938
3193 -113.607
3194 -112.358
3195 -113.696
3196 -114.411
3197 -113.618
3198 -113.77
3199 -114.166
3200 -115.482
3201 -114.623
3202 -113.321
3203 -113.892
3204 -113.324
3205 -115.98
3206 -114.289
3207 -111.527
3208 -112.316
3209 -112.852
3210 -113.055
3211 -114.911
3212 -113.611
3213 -113.684
3214 -114.199
3215 -112.391
3216 -114.042
3217 -114.676
3218 -114.544
3219 -113.898
3220 -114.229
3221 -113.748
3222 -114.235
3223 -113.39
3224 -114.865
3225 -114.977
3226 -114.246
3227 -115.473
3228 -113.43
3229 -115.63
3230 -112.802
3231 -111.648
3232 -114.3
3233 -113.76
3234 -112.791
3235 -112.924
3236 -112.895
3237 -113.383
3238 -112.374
3239 -114.478
3240 -113.007
3241 -114.241
3242 -112.663
3243 -113.229
3244 -112.311
3245 -114.159
3246 -113.209
3247 -114.44
3248 -112.902
3249 -113.3
3250 -113.101
3251 -114.566
3252 -114.604
3253 -112.711
3254 -110.946
3255 -113.947
3256 -113.59
3257 -112.866
3258 -114.56
3259 -113.777
3260 -113.056
3261 -113.124
3262 -113.571
3263 -113.601
3264 -112.424
3265 -113.856
3266 -114.991
3267 -113.186
3268 -114.404
3269 -114.234
3270 -114.687
3271 -113.986
3272 -113.79
3273 -112.558
3274 -114.149
3275 -113.574
3276 -113.188
3277 -115.023
3278 -113.899
3279 -114.211
3280 -113.161
3281 -115.532
3282 -113.299
3283 -112.428
3284 -113.898
3285 -113.957
3286 -114.482
3287 -111.858
3288 -114.451
3289 -112.194
3290 -114.157
3291 -114.673
3292 -114.283
3293 -114.212
3294 -114.428
3295 -115.331
3296 -113.149
3297 -114.135
3298 -114.738
3299 -112.785
3300 -115.067
3301 -114.661
3302 -113.983
3303 -114.964
3304 -115.166
3305 -114.141
3306 -112.671
3307 -114.082
3308 -113.136
3309 -113.685
3310 -112.539
3311 -113.547
3312 -112.785
3313 -113.18
3314 -114.127
3315 -114.086
3316 -113.973
3317 -113.991
3318 -114.794
3319 -114.171
3320 -114.226
3321 -114.059
3322 -113.715
3323 -114.481
3324 -114.727
3325 -113.614
3326 -114.075
3327 -112.982
3328 -113.382
3329 -112.567
3330 -112.386
3331 -114.198
3332 -113.432
3333 -113.693
3334 -114.251
3335 -113.783
3336 -112.795
3337 -115.453
3338 -114.341
3339 -113.733
3340 -114.103
3341 -116.863
3342 -112.924
3343 -113.766
3344 -113.862
3345 -113.233
3346 -111.942
3347 -113.204
3348 -113.765
3349 -113.144
3350 -113.355
3351 -112.448
3352 -114.027
3353 -114.156
3354 -114.86
3355 -114.513
3356 -114.351
3357 -112.526
3358 -114.542
3359 -113.976
3360 -113.311
3361 -115.365
3362 -114.643
3363 -113.791
3364 -113.471
3365 -113.864
3366 -113.806
3367 -113.517
3368 -113.519
3369 -114.096
3370 -114.406
3371 -113.699
3372 -113.042
3373 -114.564
3374 -114.667
3375 -112.753
3376 -114.1
3377 -113.951
3378 -114.779
3379 -113.255
3380 -113.205
3381 -114.174
3382 -113.132
3383 -114.409
3384 -113.723
3385 -114.283
3386 -114.14
3387 -113.928
3388 -113.545
3389 -112.725
3390 -114.239
3391 -114.117
3392 -114.254
3393 -111.914
3394 -114.07
3395 -114.866
3396 -114.116
3397 -113.127
3398 -112.8
3399 -114.114
