0 -100.565
1 -102.645
2 -103.818
3 -102.309
4 -104.513
5 -102.208
6 -104.776
7 -103.536
8 -104.49
9 -104.79
10 -105.329
11 -105.296
12 -105.172
13 -105.616
14 -107.544
15 -107.302
16 -107.703
17 -108.63
18 -109.803
19 -110.223
20 -110.355
21 -110.283
22 -110.606
23 -111.292
24 -112.411
25 -112.519
26 -112.41
27 -115.49
28 -115.401
29 -114.127
30 -114.377
31 -115.801
32 -115.451
33 -115.29
34 -116.035
35 -117.829
36 -115.301
37 -121.338
38 -117.003
39 -117.654
40 -120.165
41 -119.012
42 -119.644
43 -116.131
44 -117.035
45 -118.464
46 -117.738
47 -118.21
48 -118.296
49 -115.136
50 -116.595
51 -118.381
52 -115.967
53 -115.481
54 -117.439
55 -117.244
56 -116.036
57 -117.021
58 -116.694
59 -115.563
60 -116.028
61 -115.524
62 -114.576
63 -114.983
64 -115.197
65 -115.251
66 -114.644
67 -113.577
68 -112.25
69 -112.861
70 -112.02
71 -113.806
72 -109.724
73 -110.739
74 -109.871
75 -109.11
76 -110.529
77 -109.651
78 -109.792
79 -111.378
80 -108.909
81 -107.77
82 -110.641
83 -106.689
84 -107.554
85 -105.45
86 -108.114
87 -108.802
88 -107.789
89 -106.446
90 -105.783
91 -105.802
92 -107.483
93 -105.303
94 -105.404
95 -106.643
96 -106.245
97 -104.715
98 -105.105
99 -103.757
100 -104.704
101 -107.092
102 -105.828
103 -106.433
104 -107.132
105 -106.897
106 -107.208
107 -107.409
108 -106.345
109 -108.363
110 -107.321
111 -106.029
112 -106.564
113 -106.336
114 -106.119
115 -107.719
116 -106.959
117 -108.175
118 -106.174
119 -106.624
120 -107.035
121 -104.806
122 -108.677
123 -106.441
124 -107.32
125 -108.162
126 -108.715
127 -105.459
128 -108.204
129 -108.631
130 -106.67
131 -105.037
132 -104.656
133 -106.998
134 -105.649
135 -106.207
136 -107.601
137 -106.222
138 -106.596
139 -106.735
140 -107.054
141 -107.804
142 -105.74
143 -104.413
144 -104.47
145 -104.849
146 -104.522
147 -106.153
148 -105.254
149 -105.438
150 -103.649
151 -106.617
152 -104.33
153 -107.301
154 -105.69
155 -107.155
156 -104.25
157 -102.543
158 -104.596
159 -106.166
160 -102.924
161 -104.591
162 -105.256
163 -103.728
164 -106.51
165 -106.11
166 -105.672
167 -109.828
168 -106.766
169 -106.725
170 -107.567
171 -106.101
172 -106.204
173 -106.615
174 -107.688
175 -108.18
176 -108.787
177 -108.163
178 -108.17
179 -108.008
180 -108.791
181 -106.239
182 -108.397
183 -106.529
184 -108.262
185 -107.708
186 -107.967
187 -107.181
188 -108.12
189 -107.028
190 -106.824
191 -107.168
192 -107.999
193 -106.467
194 -105.427
195 -105.438
196 -107.168
197 -109.3
198 -107.642
199 -106.062
200 -106.563
201 -107.12
202 -106.345
203 -105.954
204 -105.896
205 -106.383
206 -105.527
207 -104.397
208 -105.367
209 -103.079
210 -107.407
211 -106.09
212 -106.741
213 -106.84
214 -107.133
215 -104.015
216 -105.845
217 -107.189
218 -104.919
219 -105.584
220 -106.526
221 -106.656
222 -105.682
223 -104.774
224 -106.614
225 -106.803
226 -107.214
227 -107.281
228 -108.413
229 -107.58
230 -109.156
231 -108.456
232 -107.666
233 -108.165
234 -107.039
235 -105.706
236 -108.544
237 -106.747
238 -107.373
239 -108.687
240 -111.619
241 -108.68
242 -107.532
243 -109.074
244 -110.402
245 -108.848
246 -107.356
247 -108.386
248 -108.759
249 -108.997
250 -108.212
251 -106.288
252 -106.891
253 -105.65
254 -106.686
255 -107.803
256 -107.358
257 -108.668
258 -106.305
259 -107.493
260 -107.114
261 -106.691
262 -107.511
263 -104.714
264 -104.774
265 -105.555
266 -105.923
267 -106.568
268 -106.763
269 -105.072
270 -105.729
271 -106.955
272 -105.073
273 -106.266
274 -106.553
275 -104.075
276 -106.144
277 -108.34
278 -105.927
279 -106.185
280 -106.3
281 -104.64
282 -106.258
283 -104.653
284 -107.17
285 -108.005
286 -109.148
287 -109.708
288 -109.514
289 -108.256
290 -109.313
291 -108.716
292 -108.286
293 -107.139
294 -106.756
295 -106.72
296 -108.256
297 -107.522
298 -108.172
299 -108.829
300 -107.358
301 -107.751
302 -107.678
303 -110.414
304 -109.231
305 -109.636
306 -109.832
307 -108.596
308 -107.832
309 -108.153
310 -108.241
311 -107.576
312 -107.739
313 -108.167
314 -107.406
315 -108.28
316 -110.172
317 -109.011
318 -108.747
319 -107.913
320 -108.562
321 -105.744
322 -107.582
323 -105.823
324 -105.307
325 -106.124
326 -105.69
327 -106.666
328 -105.646
329 -104.869
330 -107.91
331 -107.5
332 -107.869
333 -106.576
334 -107.736
335 -107.752
336 -107.729
337 -104.994
338 -107.734
339 -105.631
340 -108.254
341 -106.966
342 -107.217
343 -108.817
344 -107.925
345 -108.935
346 -109.427
347 -109.174
348 -109.023
349 -107.754
350 -108.296
351 -109.358
352 -108.351
353 -109.124
354 -108.82
355 -108.219
356 -107.508
357 -108.252
358 -109.396
359 -111.118
360 -108.193
361 -110.278
362 -109.783
363 -108.324
364 -108.576
365 -110.173
366 -108.219
367 -109.627
368 -108.631
369 -108.377
370 -108.774
371 -109.056
372 -108.137
373 -108.815
374 -108.034
375 -109.499
376 -108.67
377 -109.561
378 -108.534
379 -107.346
380 -107.314
381 -109.12
382 -107.446
383 -108.254
384 -109.926
385 -107.127
386 -107.22
387 -106.109
388 -106.702
389 -106.677
390 -108.237
391 -106.71
392 -107.963
393 -106.94
394 -106.566
395 -106.567
396 -106.793
397 -107.328
398 -108.257
399 -106.01
400 -106.99
401 -106.268
402 -108.026
403 -106.595
404 -106.863
405 -110.295
406 -110.176
407 -109.353
408 -110.237
409 -108.908
410 -108.386
411 -108.504
412 -110.187
413 -109.456
414 -109.627
415 -109.29
416 -108.195
417 -109.253
418 -107.065
419 -108.869
420 -109.121
421 -107.555
422 -107.705
423 -110.882
424 -109.055
425 -110.572
426 -108.766
427 -110.102
428 -108.312
429 -109.496
430 -110.191
431 -108.607
432 -108.091
433 -109.138
434 -110.429
435 -108.604
436 -108.118
437 -109.501
438 -109.403
439 -109.685
440 -108.992
441 -109.248
442 -107.135
443 -107.515
444 -107.029
445 -106.765
446 -105.272
447 -105.31
448 -105.472
449 -107.663
450 -107.374
451 -108.869
452 -108.652
453 -108.059
454 -106.406
455 -108.011
456 -108.074
457 -108.151
458 -105.769
459 -106.56
460 -105.459
461 -106.897
462 -105.785
463 -108.452
464 -107.818
465 -108.618
466 -108.999
467 -110.175
468 -109.224
469 -108.961
470 -109.689
471 -109.255
472 -109.554
473 -108.919
474 -108.331
475 -107.94
476 -109.071
477 -108.849
478 -107.038
479 -109.202
480 -109.215
481 -108.967
482 -109.842
483 -108.635
484 -111.721
485 -108.393
486 -110.361
487 -109.994
488 -109.115
489 -108.944
490 -110.065
491 -107.852
492 -108.901
493 -108.135
494 -107.77
495 -108.81
496 -110.341
497 -108.209
498 -109.187
499 -108.523
500 -106.666
501 -108.406
502 -107.546
503 -108.779
504 -107.892
505 -106.612
506 -107.618
507 -107.231
508 -108.559
509 -107.348
510 -108.263
511 -107.159
512 -108.919
513 -111.175
514 -108.808
515 -108.403
516 -109.984
517 -107.593
518 -107.314
519 -107.835
520 -107.479
521 -106.697
522 -107.473
523 -105.763
524 -107.812
525 -107.267
526 -109.996
527 -108.543
528 -110.799
529 -109.33
530 -109.696
531 -109.186
532 -110.278
533 -109.036
534 -109.584
535 -108.163
536 -108.284
537 -108.061
538 -110.003
539 -110.461
540 -109.199
541 -109.044
542 -109.594
543 -110.853
544 -109.883
545 -108.614
546 -110.656
547 -110.21
548 -110.454
549 -109.777
550 -109.395
551 -111.022
552 -107.034
553 -107.568
554 -109.275
555 -109.845
556 -108.712
557 -109.994
558 -107.213
559 -109.047
560 -109.957
561 -109.419
562 -109.847
563 -106.892
564 -108.257
565 -108.558
566 -106.193
567 -106.852
568 -108.148
569 -107.761
570 -107.568
571 -106.794
572 -107.405
573 -109.344
574 -108.759
575 -108.314
576 -107.408
577 -108.676
578 -108.094
579 -107.364
580 -106.371
581 -105.837
582 -105.22
583 -107.929
584 -105.733
585 -108.199
586 -109.255
587 -109.265
588 -108.53
589 -110
590 -108.376
591 -107.088
592 -107.481
593 -107.306
594 -108.373
595 -107.402
596 -108.364
597 -107.004
598 -105.938
599 -105.403
600 -106.601
601 -108.131
602 -105.91
603 -105.586
604 -108.095
605 -105.883
606 -106.304
607 -106.443
608 -105.213
609 -105.988
610 -104.052
611 -102.946
612 -104.686
613 -102.062
614 -101.088
615 -102.296
616 -103.097
617 -99.1064
618 -100.316
619 -100.988
620 -99.9474
621 -101.339
622 -97.0581
623 -98.2141
624 -97.3321
625 -97.2629
626 -95.6552
627 -96.292
628 -95.3888
629 -94.4405
630 -93.3671
631 -93.8765
632 -93.9941
633 -95.4699
634 -94.8105
635 -94.2234
636 -93.5736
637 -93.8851
638 -93.8922
639 -92.8318
640 -93.0804
641 -92.9776
642 -92.6875
643 -92.5903
644 -93.2615
645 -93.2839
646 -93.8745
647 -91.4337
648 -94.8249
649 -94.3032
650 -94.8508
651 -93.5743
652 -93.3761
653 -94.7703
654 -93.3124
655 -93.2818
656 -95.1737
657 -94.2384
658 -94.5849
659 -94.3095
660 -97.4002
661 -95.0795
662 -96.5652
663 -95.3554
664 -96.7258
665 -96.0695
666 -95.5098
667 -96.6418
668 -97.5751
669 -99.5306
670 -98.7389
671 -98.3216
672 -98.7889
673 -100.232
674 -99.9572
675 -99.3049
676 -100.095
677 -100.246
678 -101.02
679 -101.693
680 -101.029
681 -102.554
682 -100.99
683 -101.206
684 -102.858
685 -104.175
686 -102.67
687 -104.574
688 -102.775
689 -101.775
690 -104.575
691 -102.399
692 -105.718
693 -101.927
694 -101.732
695 -104.132
696 -103.222
697 -103.913
698 -103.711
699 -103.161
700 -103.047
701 -102.567
702 -103.956
703 -104.041
704 -104.323
705 -106.606
706 -106.55
707 -103.212
708 -104.289
709 -106.776
710 -105.339
711 -105.21
712 -104.716
713 -104.03
714 -102.875
715 -103.319
716 -105.4
717 -103.443
718 -105.616
719 -104.468
720 -103.873
721 -105.391
722 -105.005
723 -105.248
724 -105.758
725 -105.464
726 -105.353
727 -105.641
728 -105.171
729 -105.451
730 -103.453
731 -106.603
732 -103.995
733 -106.334
734 -107.596
735 -104.848
736 -106.057
737 -105.012
738 -104.689
739 -106.307
740 -105.818
741 -106.06
742 -108.476
743 -105.047
744 -105.212
745 -105.904
746 -104.852
747 -106.036
748 -105.795
749 -105.334
750 -105.174
751 -104.687
752 -106.088
753 -107.616
754 -105.366
755 -105.315
756 -106.797
757 -104.996
758 -105.603
759 -105.096
760 -105.498
761 -105.244
762 -104.287
763 -104.615
764 -104.111
765 -106.626
766 -105.739
767 -105.07
768 -105.28
769 -104.984
770 -106.603
771 -105.44
772 -106.799
773 -106.546
774 -104.966
775 -105.046
776 -106.251
777 -105.644
778 -106.107
779 -106.19
780 -103.918
781 -104.531
782 -104.109
783 -106.154
784 -105.118
785 -105.3
786 -103.851
787 -103.257
788 -102.708
789 -100.401
790 -102.309
791 -102.46
792 -100.493
793 -101.112
794 -98.9693
795 -98.4509
796 -99.5229
797 -99.3262
798 -97.4656
799 -98.9987
800 -97.7511
801 -98.4537
802 -97.027
803 -97.6175
804 -95.3154
805 -94.4449
806 -96.0549
807 -95.3537
808 -93.9737
809 -93.8172
810 -93.9419
811 -92.4957
812 -94.2574
813 -91.4023
814 -92.9596
815 -91.4816
816 -91.301
817 -88.7435
818 -89.3179
819 -86.3085
820 -89.3356
821 -88.398
822 -87.9469
823 -87.6548
824 -88.252
825 -88.4109
826 -84.5585
827 -86.2755
828 -85.3721
829 -85.0792
830 -84.8485
831 -84.3011
832 -84.7094
833 -81.276
834 -84.3346
835 -84.5696
836 -85.2167
837 -83.1463
838 -85.2164
839 -86.1105
840 -85.4354
841 -84.9405
842 -86.5143
843 -86.5642
844 -84.8427
845 -84.5323
846 -85.6112
847 -85.0666
848 -85.968
849 -83.2613
850 -86.9187
851 -88.6494
852 -87.5821
853 -87.7479
854 -89.5486
855 -88.3752
856 -88.8718
857 -91.2725
858 -91.5602
859 -90.4274
860 -90.4649
861 -90.229
862 -92.4741
863 -92.331
864 -92.1735
865 -92.6297
866 -92.768
867 -94.7361
868 -93.0888
869 -95.6097
870 -95.8373
871 -93.7278
872 -94.5572
873 -95.923
874 -95.49
875 -96.089
876 -95.8827
877 -95.2724
878 -95.4972
879 -95.2955
880 -95.915
881 -97.023
882 -96.7735
883 -95.0757
884 -96.5468
885 -96.9627
886 -99.281
887 -95.1562
888 -95.8831
889 -99.8427
890 -98.4297
891 -98.5972
892 -98.4546
893 -97.0248
894 -97.629
895 -99.823
896 -98.8087
897 -98.6138
898 -99.2644
899 -97.2211
900 -96.5499
901 -97.5789
902 -96.0466
903 -96.6688
904 -96.6772
905 -95.2765
906 -97.2112
907 -97.3008
908 -96.3904
909 -97.1902
910 -94.8769
911 -96.2209
912 -93.853
913 -96.4771
914 -95.9007
915 -93.3753
916 -95.2964
917 -97.3148
918 -95.3643
919 -98.0643
920 -98.5164
921 -98.0192
922 -99.6227
923 -97.2401
924 -97.2992
925 -98.9261
926 -97.6584
927 -98.7348
928 -99.6076
929 -97.8297
930 -99.5512
931 -99.6388
932 -98.4481
933 -100.124
934 -96.8048
935 -99.6116
936 -97.765
937 -98.4008
938 -98.7844
939 -100.008
940 -100.296
941 -97.7865
942 -98.0819
943 -99.0292
944 -98.3649
945 -99.2075
946 -98.7889
947 -100.242
948 -97.263
949 -97.1256
950 -97.8983
951 -98.5539
952 -99.7817
953 -99.8289
954 -99.8351
955 -100.535
956 -100.349
957 -98.5973
958 -98.1831
959 -98.6354
960 -100.106
961 -98.7263
962 -99.7937
963 -96.4474
964 -96.3722
965 -97.7182
966 -97.6029
967 -97.9083
968 -98.1326
969 -97.5181
970 -95.5793
971 -96.1573
972 -96.1373
973 -95.6479
974 -95.3224
975 -95.5047
976 -95.3534
977 -96.2939
978 -97.2823
979 -97.5359
980 -96.8075
981 -96.3864
982 -97.2728
983 -99.5145
984 -100.163
985 -98.4492
986 -99.1003
987 -98.5853
988 -99.3754
989 -98.5041
990 -99.6609
991 -99.0387
992 -99.0855
993 -98.3271
994 -100.174
995 -100.247
996 -97.6031
997 -98.4132
998 -98.5685
999 -98.8136
1000 -98.5559
1001 -97.4457
1002 -98.9488
1003 -100.237
1004 -98.534
1005 -100.437
1006 -98.7524
1007 -98.349
1008 -100.142
1009 -96.9642
1010 -97.3296
1011 -98.561
1012 -99.9945
1013 -99.2984
1014 -97.614
1015 -100.122
1016 -99.7726
1017 -100.009
1018 -98.3424
1019 -100.177
1020 -99.3557
1021 -99.2817
1022 -98.7725
1023 -97.3042
1024 -98.2133
1025 -96.835
1026 -96.2914
1027 -98.8328
1028 -97.1676
1029 -96.5595
1030 -96.5207
1031 -95.1233
1032 -97.3391
1033 -96.2293
1034 -97.5706
1035 -96.576
1036 -96.5172
1037 -96.8964
1038 -98.5927
1039 -97.3323
1040 -97.7895
1041 -97.1515
1042 -98.9111
1043 -95.9314
1044 -97.9643
1045 -98.3163
1046 -98.2374
1047 -100.383
1048 -99.1717
1049 -100.144
1050 -98.813
1051 -98.7489
1052 -99.6959
1053 -98.8951
1054 -98.3527
1055 -97.3369
1056 -98.7162
1057 -99.2794
1058 -98.1228
1059 -97.3733
1060 -96.5959
1061 -98.4744
1062 -98.2792
1063 -99.4525
1064 -98.2259
1065 -99.0473
1066 -99.3634
1067 -98.7742
1068 -98.6239
1069 -98.1445
1070 -100.301
1071 -98.3465
1072 -101.227
1073 -97.2852
1074 -98.2341
1075 -100.077
1076 -100.191
1077 -100.165
1078 -98.2007
1079 -97.9904
1080 -97.4444
1081 -98.2977
1082 -97.5563
1083 -97.2887
1084 -96.6174
1085 -98.3127
1086 -96.614
1087 -96.0716
1088 -95.9753
1089 -95.9388
1090 -95.9498
1091 -97.9966
1092 -96.7102
1093 -94.9581
1094 -97.0501
1095 -94.9209
1096 -95.3208
1097 -96.1702
1098 -96.1704
1099 -96.7847
1100 -96.6881
1101 -97.4576
1102 -98.785
1103 -99.6356
1104 -99.6458
1105 -98.6235
1106 -99.0303
1107 -98.1157
1108 -98.8671
1109 -99.5248
1110 -100.126
1111 -98.6363
1112 -97.5803
1113 -97.283
1114 -98.509
1115 -97.8228
1116 -98.322
1117 -97.4542
1118 -97.4629
1119 -98.3923
1120 -98.8591
1121 -98.7234
1122 -99.5784
1123 -97.6943
1124 -98.179
1125 -98.5482
1126 -97.1051
1127 -97.5906
1128 -97.9842
1129 -98.5406
1130 -97.7106
1131 -98.9977
1132 -99.1228
1133 -95.2788
1134 -100.165
1135 -97.5163
1136 -98.5858
1137 -98.1682
1138 -98.7439
1139 -98.8802
1140 -98.9541
1141 -98.2264
1142 -95.9269
1143 -96.9766
1144 -95.0715
1145 -95.3234
1146 -96.5864
1147 -98.0468
1148 -95.2069
1149 -97.3274
1150 -95.7789
1151 -95.798
1152 -96.0263
1153 -94.7301
1154 -94.9466
1155 -96.1078
1156 -96.4117
1157 -96.428
1158 -94.1576
1159 -98.0037
1160 -95.8014
1161 -97.0635
1162 -98.6627
1163 -97.2366
1164 -97.8955
1165 -97.718
1166 -97.5937
1167 -98.5139
1168 -98.1844
1169 -98.8516
1170 -98.8786
1171 -95.5036
1172 -96.8507
1173 -98.0783
1174 -96.766
1175 -99.1981
1176 -96.7211
1177 -98.1433
1178 -96.9559
1179 -98.7657
1180 -98.0981
1181 -98.984
1182 -100.057
1183 -97.7728
1184 -98.0683
1185 -99.3271
1186 -98.921
1187 -98.0745
1188 -98.0414
1189 -97.2164
1190 -97.4103
1191 -98.1818
1192 -99.4875
1193 -97.5538
1194 -97.8362
1195 -98.306
1196 -98.1596
1197 -97.7553
1198 -96.7924
1199 -96.0753
1200 -98.4066
1201 -95.9109
1202 -94.104
1203 -94.5273
1204 -95.7189
1205 -96.4461
1206 -95.3064
1207 -95.9534
1208 -95.0095
1209 -95.158
1210 -95.5067
1211 -93.5786
1212 -93.4698
1213 -94.8967
1214 -93.6796
1215 -95.2676
1216 -95.8211
1217 -93.6691
1218 -96.1039
1219 -96.4205
1220 -98.0814
1221 -97.3594
1222 -96.8052
1223 -97.2836
1224 -95.4768
1225 -97.6105
1226 -97.9182
1227 -97.7821
1228 -96.9735
1229 -96.166
1230 -97.6285
1231 -97.0203
1232 -95.3406
1233 -96.7565
1234 -97.2751
1235 -96.0189
1236 -95.6921
1237 -96.9152
1238 -96.8694
1239 -95.8141
1240 -97.6046
1241 -96.4187
1242 -98.4191
1243 -96.9446
1244 -95.9802
1245 -96.0208
1246 -95.3134
1247 -96.5959
1248 -96.0971
1249 -97.524
1250 -97.9183
1251 -98.1082
1252 -95.6672
1253 -97.522
1254 -98.1724
1255 -97.3324
1256 -95.1248
1257 -97.1355
1258 -96.4999
1259 -97.9585
1260 -95.2543
1261 -96.5474
1262 -96.0686
1263 -92.554
1264 -94.6409
1265 -95.4739
1266 -95.7696
1267 -96.479
1268 -95.789
1269 -95.7498
1270 -94.8877
1271 -94.2174
1272 -92.9867
1273 -94.701
1274 -92.3195
1275 -94.5369
1276 -94.7238
1277 -92.6021
1278 -93.7214
1279 -94.5578
1280 -96.0984
1281 -98.2118
1282 -97.6417
1283 -97.1985
1284 -94.9825
1285 -96.5474
1286 -98.8896
1287 -97.2611
1288 -97.4861
1289 -95.5757
1290 -94.9051
1291 -95.7234
1292 -96.474
1293 -92.501
1294 -96.3198
1295 -97.0901
1296 -96.8453
1297 -94.5113
1298 -94.539
1299 -96.5461
1300 -95.3487
1301 -94.9959
1302 -95.8005
1303 -95.066
1304 -95.4157
1305 -95.8188
1306 -95.6662
1307 -97.5557
1308 -95.0621
1309 -97.0334
1310 -96.7314
1311 -96.7706
1312 -96.3531
1313 -95.8795
1314 -97.3203
1315 -96.1469
1316 -97.2978
1317 -99.5035
1318 -95.9149
1319 -96.9261
1320 -94.0251
1321 -94.2997
1322 -94.577
1323 -95.4343
1324 -94.0652
1325 -93.2239
1326 -94.6694
1327 -93.1397
1328 -93.8232
1329 -94.5364
1330 -94.536
1331 -93.1133
1332 -92.7136
1333 -93.5656
1334 -91.8859
1335 -94.7951
1336 -94.201
1337 -93.3005
1338 -93.3761
1339 -93.6731
1340 -96.2786
1341 -95.0299
1342 -95.2687
1343 -95.8726
1344 -95.7553
1345 -96.1601
1346 -97.8318
1347 -94.9292
1348 -97.3607
1349 -93.6112
1350 -95.5825
1351 -95.926
1352 -95.8738
1353 -96.0918
1354 -93.9038
1355 -95.7162
1356 -95.2023
1357 -94.7284
1358 -97.0966
1359 -94.119
1360 -95.7497
1361 -94.6997
1362 -97.4085
1363 -95.6752
1364 -94.5655
1365 -96.4313
1366 -96.8402
1367 -94.5654
1368 -95.6358
1369 -94.5518
1370 -95.4305
1371 -92.7671
1372 -97.1312
1373 -97.4265
1374 -94.7822
1375 -95.4888
1376 -94.886
1377 -93.7272
1378 -95.5113
1379 -96.6784
1380 -96.3459
1381 -96.3373
1382 -95.2281
1383 -96.8039
1384 -94.2719
1385 -96.5998
1386 -93.2027
1387 -97.4411
1388 -94.1746
1389 -96.1681
1390 -95.3543
1391 -95.7728
1392 -97.1673
1393 -96.2805
1394 -96.0372
1395 -96.9461
1396 -98.0293
1397 -97.8337
1398 -97.7932
1399 -97.8488
1400 -98.7586
1401 -100.024
1402 -100.531
1403 -99.5952
1404 -102.314
1405 -103.938
1406 -100.97
1407 -101.882
1408 -102.66
1409 -103.986
1410 -103.573
1411 -104.736
1412 -105.754
1413 -105.358
1414 -105.876
1415 -104.785
1416 -105.49
1417 -106.046
1418 -106.372
1419 -109.308
1420 -107.37
1421 -107.541
1422 -108.31
1423 -108.255
1424 -110.162
1425 -109.97
1426 -108.614
1427 -111.4
1428 -111.119
1429 -108.728
1430 -109.538
1431 -109.773
1432 -108.071
1433 -109.129
1434 -109.008
1435 -111.176
1436 -106.73
1437 -108.893
1438 -109.231
1439 -109.148
1440 -109.169
1441 -106.728
1442 -110.197
1443 -107.915
1444 -110.659
1445 -109.829
1446 -109.222
1447 -107.706
1448 -107.912
1449 -106.919
1450 -106.854
1451 -108.239
1452 -106.373
1453 -107.81
1454 -105.913
1455 -107.227
1456 -106.124
1457 -105.394
1458 -104.546
1459 -106.08
1460 -103.363
1461 -104.271
1462 -105.069
1463 -104.261
1464 -104.761
1465 -103.415
1466 -102.788
1467 -103.443
1468 -102.943
1469 -101.563
1470 -100.628
1471 -101.496
1472 -101.622
1473 -101.066
1474 -101.615
1475 -101.776
1476 -101.529
1477 -99.6251
1478 -99.5926
1479 -101.43
1480 -100.247
1481 -102.186
1482 -100.358
1483 -99.6766
1484 -98.7764
1485 -99.376
1486 -98.8916
1487 -99.3374
1488 -97.9273
1489 -98.948
1490 -98.6993
1491 -101.021
1492 -98.8386
1493 -100.56
1494 -97.7966
1495 -96.9296
1496 -96.9589
1497 -98.5284
1498 -98.2853
1499 -97.2623
1500 -99.4499
1501 -97.8663
1502 -99.2941
1503 -99.1254
1504 -97.6776
1505 -97.4555
1506 -96.242
1507 -98.2013
1508 -99.9943
1509 -98.7281
1510 -99.8577
1511 -97.0063
1512 -98.0719
1513 -98.3709
1514 -98.5265
1515 -96.2278
1516 -97.745
1517 -96.5658
1518 -97.0751
1519 -98.2895
1520 -96.9091
1521 -96.6724
1522 -97.3678
1523 -96.1569
1524 -98.4604
1525 -97.7956
1526 -99.0196
1527 -98.4515
1528 -98.3238
1529 -96.1018
1530 -97.3535
1531 -96.8436
1532 -97.748
1533 -94.9899
1534 -97.1293
1535 -99.0892
1536 -98.5389
1537 -98.1953
1538 -96.7275
1539 -97.8294
1540 -96.4011
1541 -96.3596
1542 -95.8108
1543 -97.1768
1544 -97.3838
1545 -96.8704
1546 -96.1542
1547 -96.9096
1548 -95.5868
1549 -95.8138
1550 -99.4329
1551 -97.1167
1552 -98.2848
1553 -97.4079
1554 -96.183
1555 -96.3745
1556 -97.4352
1557 -99.0592
1558 -97.8353
1559 -97.6059
1560 -96.5463
1561 -96.0427
1562 -96.8491
1563 -97.854
1564 -97.457
1565 -95.7825
1566 -98.9561
1567 -96.8859
1568 -95.565
1569 -96.5122
1570 -97.9492
1571 -98.8438
1572 -97.6797
1573 -99.4888
1574 -97.3099
1575 -97.171
1576 -97.933
1577 -98.305
1578 -98.3831
1579 -98.8114
1580 -101.478
1581 -100.902
1582 -99.2006
1583 -103.517
1584 -104.086
1585 -103.669
1586 -102.218
1587 -103.067
1588 -103.783
1589 -102.935
1590 -104.325
1591 -103.28
1592 -105.843
1593 -104.732
1594 -105.569
1595 -104.925
1596 -105.987
1597 -106.286
1598 -106.963
1599 -105.577
1600 -107.448
1601 -107.25
1602 -108.916
1603 -110.515
1604 -109.358
1605 -109.036
1606 -109.656
1607 -112.518
1608 -109.974
1609 -112.806
1610 -112.968
1611 -114.363
1612 -115.491
1613 -114.22
1614 -115.948
1615 -115.763
1616 -116.249
1617 -116.801
1618 -117.149
1619 -116.828
1620 -116.428
1621 -118.791
1622 -116.694
1623 -116.948
1624 -118.65
1625 -116.309
1626 -118.053
1627 -119.86
1628 -117.154
1629 -118.131
1630 -116.571
1631 -117.808
1632 -117.359
1633 -115.892
1634 -116.198
1635 -116.908
1636 -116.983
1637 -114.352
1638 -114.692
1639 -115.965
1640 -115.469
1641 -114.887
1642 -115.783
1643 -113.351
1644 -115.559
1645 -115.352
1646 -115.025
1647 -113.023
1648 -113.012
1649 -113.318
1650 -115.181
1651 -114.541
1652 -112.888
1653 -111.782
1654 -112.834
1655 -109.846
1656 -112.401
1657 -111.673
1658 -111.167
1659 -110.269
1660 -112.345
1661 -111.352
1662 -107.939
1663 -107.104
1664 -108.816
1665 -110.564
1666 -107.737
1667 -108.2
1668 -107.558
1669 -106.648
1670 -106.828
1671 -107.355
1672 -105.721
1673 -106.275
1674 -108.927
1675 -107.378
1676 -108.56
1677 -105.985
1678 -107.808
1679 -105.833
1680 -106.217
1681 -105.755
1682 -104.097
1683 -105.699
1684 -105.454
1685 -104.84
1686 -103.277
1687 -105.121
1688 -105.253
1689 -106.099
1690 -105.923
1691 -106.096
1692 -105.356
1693 -105.864
1694 -106.554
1695 -105.549
1696 -106.312
1697 -107.313
1698 -106.047
1699 -108.148
1700 -106.232
1701 -106.254
1702 -106.441
1703 -106.161
1704 -103.937
1705 -105.694
1706 -106.863
1707 -107.555
1708 -108.888
1709 -105.505
1710 -107.067
1711 -106.289
1712 -106.102
1713 -106.864
1714 -105.379
1715 -105.213
1716 -108.299
1717 -106.794
1718 -104.629
1719 -104.693
1720 -107.643
1721 -107.644
1722 -106.108
1723 -106.712
1724 -105.767
1725 -105.934
1726 -104.574
1727 -105.16
1728 -105.071
1729 -104.181
1730 -105.649
1731 -104.678
1732 -105.262
1733 -104.993
1734 -104.51
1735 -103.333
1736 -107.46
1737 -103.447
1738 -105.242
1739 -104.591
1740 -104.381
1741 -104.585
1742 -105.038
1743 -106.106
1744 -106.251
1745 -105.541
1746 -103.034
1747 -104.239
1748 -106.777
1749 -105.896
1750 -105.689
1751 -106.483
1752 -108.427
1753 -104.874
1754 -106.972
1755 -106.418
1756 -108.249
1757 -106.381
1758 -106.646
1759 -106.688
1760 -107.22
1761 -107.529
1762 -105.809
1763 -108.174
1764 -105.352
1765 -108.653
1766 -107.457
1767 -108.172
1768 -107.354
1769 -106.443
1770 -107.736
1771 -108.262
1772 -108.494
1773 -105.578
1774 -107.548
1775 -104.233
1776 -106.753
1777 -105.237
1778 -106.75
1779 -107.533
1780 -107.309
1781 -108.15
1782 -105.336
1783 -107.74
1784 -105.896
1785 -105.837
1786 -108.476
1787 -104.469
1788 -106.069
1789 -103.439
1790 -104.597
1791 -103.34
1792 -104.976
1793 -106.385
1794 -106.723
1795 -106.174
1796 -104.881
1797 -106.737
1798 -105.061
1799 -105.439
1800 -105.196
1801 -106.142
1802 -106.887
1803 -104.802
1804 -104.79
1805 -105.683
1806 -105.576
1807 -103.93
1808 -107.43
1809 -108.149
1810 -108.185
1811 -109.428
1812 -107.772
1813 -106.923
1814 -108.034
1815 -108.28
1816 -105.589
1817 -106.152
1818 -107.755
1819 -107.071
1820 -107.138
1821 -105.914
1822 -106.106
1823 -105.844
1824 -108.018
1825 -107.686
1826 -107.286
1827 -107.285
1828 -108.142
1829 -108.203
1830 -108.059
1831 -107.681
1832 -107.127
1833 -108.908
1834 -109.215
1835 -106.84
1836 -107.061
1837 -106.045
1838 -108.257
1839 -109.394
1840 -109.229
1841 -109.558
1842 -106.159
1843 -107.436
1844 -106.251
1845 -104.625
1846 -105.65
1847 -107.204
1848 -105.909
1849 -105.036
1850 -107.024
1851 -106.78
1852 -106.214
1853 -106.411
1854 -105.719
1855 -105.532
1856 -107.904
1857 -105.782
1858 -106.005
1859 -105.541
1860 -104.712
1861 -105.733
1862 -104.965
1863 -106.095
1864 -104.336
1865 -106.157
1866 -105.153
1867 -106.847
1868 -106.964
1869 -107.366
1870 -109.316
1871 -108.043
1872 -108.384
1873 -108.841
1874 -109.013
1875 -108.482
1876 -106.296
1877 -107.449
1878 -107.839
1879 -107.038
1880 -107.509
1881 -105.64
1882 -107.493
1883 -108.343
1884 -108.794
1885 -108.791
1886 -109.68
1887 -109.156
1888 -107.911
1889 -108.571
1890 -108.088
1891 -107.64
1892 -108.147
1893 -108.346
1894 -107.717
1895 -107.221
1896 -107.866
1897 -107.919
1898 -108.121
1899 -108.718
1900 -108.339
1901 -107.447
1902 -108.933
1903 -109.088
1904 -107.129
1905 -107.36
1906 -107.213
1907 -107.043
1908 -107.127
1909 -108.078
1910 -107.365
1911 -106.619
1912 -106.015
1913 -108.331
1914 -107.27
1915 -106.244
1916 -107.817
1917 -107.644
1918 -106.566
1919 -105.12
1920 -107.856
1921 -105.395
1922 -104.905
1923 -105.678
1924 -107.122
1925 -104.18
1926 -106.722
1927 -105.593
1928 -106.374
1929 -106.361
1930 -108.954
1931 -107.559
1932 -108.355
1933 -109.723
1934 -106.71
1935 -109.218
1936 -108.528
1937 -108.176
1938 -107.138
1939 -108.121
1940 -107.422
1941 -106.917
1942 -107.667
1943 -107.653
1944 -108.451
1945 -110.154
1946 -110.566
1947 -110.847
1948 -109.197
1949 -109.016
1950 -108.304
1951 -108.632
1952 -107.168
1953 -110.307
1954 -109.925
1955 -108.576
1956 -109.872
1957 -107.376
1958 -108.734
1959 -108.787
1960 -106.637
1961 -108.556
1962 -107.108
1963 -107.363
1964 -108.45
1965 -106.144
1966 -106.523
1967 -109.491
1968 -105.1
1969 -106.923
1970 -106.594
1971 -108.546
1972 -106.383
1973 -106.297
1974 -106.775
1975 -106.675
1976 -107.502
1977 -108.258
1978 -108.102
1979 -107.672
1980 -106.195
1981 -104.837
1982 -106.161
1983 -106.847
1984 -108.601
1985 -107.089
1986 -106.316
1987 -107.452
1988 -108.813
1989 -108.078
1990 -108.146
1991 -108.404
1992 -109.648
1993 -109.649
1994 -109.759
1995 -109.018
1996 -108.17
1997 -109.407
1998 -107.904
1999 -107.757
2000 -108.793
2001 -106.417
2002 -108.59
2003 -108.397
2004 -106.149
2005 -110.298
2006 -108.744
2007 -109.629
2008 -110.017
2009 -108.061
2010 -107.149
2011 -108.762
2012 -106.896
2013 -108.19
2014 -109.671
2015 -106.358
2016 -107.845
2017 -107.706
2018 -107.315
2019 -110.356
2020 -108.54
2021 -109.74
2022 -109.149
2023 -107.417
2024 -108.391
2025 -108.004
2026 -107.581
2027 -106.954
2028 -104.749
2029 -106.667
2030 -106.546
2031 -106.664
2032 -105.658
2033 -106.066
2034 -107.494
2035 -108.255
2036 -107.866
2037 -108.1
2038 -108.313
2039 -106.813
2040 -108.956
2041 -106.936
2042 -106.543
2043 -107.59
2044 -106.727
2045 -106.682
2046 -107.614
2047 -105.215
2048 -107.752
2049 -108.331
2050 -109.768
2051 -106.969
2052 -109.05
2053 -108.902
2054 -108.126
2055 -107.646
2056 -107.838
2057 -106.162
2058 -107.812
2059 -108.303
2060 -108.551
2061 -109.078
2062 -109.061
2063 -110.155
2064 -108.349
2065 -108.705
2066 -109.703
2067 -110.977
2068 -108.976
2069 -108.873
2070 -110.383
2071 -109.96
2072 -109.2
2073 -109.615
2074 -109.978
2075 -106.831
2076 -107.148
2077 -108.443
2078 -107.581
2079 -109.075
2080 -107.725
2081 -110.994
2082 -108.096
2083 -108.201
2084 -107.993
2085 -105.956
2086 -106.265
2087 -108.315
2088 -107.032
2089 -107.93
2090 -106.574
2091 -107.354
2092 -106.619
2093 -106.747
2094 -104.095
2095 -106.544
2096 -108.552
2097 -109.192
2098 -106.76
2099 -106.31
2100 -108.331
2101 -105.964
2102 -105.57
2103 -107.477
2104 -105.673
2105 -104.129
2106 -104.932
2107 -108.264
2108 -108.296
2109 -107.665
2110 -108.947
2111 -108.228
2112 -108.577
2113 -109.533
2114 -109.184
2115 -107.02
2116 -108.84
2117 -106.922
2118 -108.265
2119 -107.433
2120 -107.439
2121 -109.267
2122 -109.111
2123 -108.576
2124 -107.908
2125 -111.081
2126 -109.641
2127 -110.089
2128 -111.421
2129 -110.646
2130 -110.376
2131 -108.433
2132 -109.613
2133 -108.986
2134 -109.332
2135 -110.614
2136 -107.598
2137 -108.738
2138 -108.294
2139 -109.221
2140 -109.91
2141 -109.087
2142 -109.964
2143 -109.334
2144 -109.551
2145 -109.199
2146 -107.725
2147 -106.843
2148 -108.519
2149 -107.166
2150 -107.481
2151 -107.24
2152 -106.721
2153 -105.754
2154 -108.495
2155 -106.393
2156 -107.186
2157 -107.086
2158 -104.84
2159 -106.563
2160 -106.988
2161 -107.509
2162 -107.401
2163 -105.892
2164 -106.974
2165 -107.803
2166 -107.695
2167 -107.145
2168 -108.165
2169 -107.248
2170 -108.3
2171 -109.562
2172 -109.809
2173 -109.041
2174 -110.276
2175 -109.827
2176 -109.942
2177 -107.047
2178 -109.553
2179 -108.29
2180 -107.253
2181 -108.472
2182 -108.935
2183 -106.765
2184 -106.154
2185 -107.219
2186 -107.3
2187 -106.531
2188 -105.775
2189 -105.5
2190 -104.252
2191 -102.522
2192 -104.79
2193 -103.429
2194 -103.758
2195 -102.856
2196 -103.244
2197 -101.756
2198 -101.611
2199 -102.283
2200 -101.148
2201 -102.91
2202 -99.8161
2203 -100.908
2204 -100.114
2205 -99.9351
2206 -98.7283
2207 -99.7827
2208 -96.9835
2209 -97.0921
2210 -97.2741
2211 -97.7552
2212 -96.3122
2213 -94.0984
2214 -94.9704
2215 -93.7598
2216 -94.1756
2217 -95.0755
2218 -93.5123
2219 -94.0572
2220 -92.8959
2221 -91.9974
2222 -92.2998
2223 -94.2888
2224 -94.7402
2225 -94.1507
2226 -91.5249
2227 -93.1791
2228 -93.3371
2229 -92.2308
2230 -92.9045
2231 -92.4067
2232 -92.7269
2233 -94.1713
2234 -94.6167
2235 -94.4608
2236 -92.4516
2237 -92.8205
2238 -94.6811
2239 -93.8819
2240 -93.2339
2241 -94.7235
2242 -95.1845
2243 -94.88
2244 -95.6101
2245 -94.2757
2246 -95.4034
2247 -94.3178
2248 -94.821
2249 -95.4328
2250 -96.7843
2251 -97.1738
2252 -96.7513
2253 -98.3536
2254 -98.6129
2255 -99.0517
2256 -98.1048
2257 -98.5132
2258 -98.956
2259 -98.3806
2260 -100.288
2261 -98.7503
2262 -100.34
2263 -100.092
2264 -102.26
2265 -103.013
2266 -101.816
2267 -102.074
2268 -100.502
2269 -102.344
2270 -103.594
2271 -102.15
2272 -102.023
2273 -103.231
2274 -103.166
2275 -101.267
2276 -103.577
2277 -102.195
2278 -104.318
2279 -104.098
2280 -103.344
2281 -103.21
2282 -101.444
2283 -103.657
2284 -104.797
2285 -103.484
2286 -103.283
2287 -104.457
2288 -105.82
2289 -103.223
2290 -103.321
2291 -103.475
2292 -103.298
2293 -105.3
2294 -104.864
2295 -103.916
2296 -106.145
2297 -102.514
2298 -104.92
2299 -104.355
2300 -103.13
2301 -103.287
2302 -105.308
2303 -102.946
2304 -105.895
2305 -105.417
2306 -103.824
2307 -103.177
2308 -105.186
2309 -104.651
2310 -104.848
2311 -105.359
2312 -104.313
2313 -104.036
2314 -104.482
2315 -106.372
2316 -105.212
2317 -105.578
2318 -105.685
2319 -104.378
2320 -105.512
2321 -105.932
2322 -104.626
2323 -106.225
2324 -104.511
2325 -105.641
2326 -105.358
2327 -106.598
2328 -104.669
2329 -105.293
2330 -106.406
2331 -104.841
2332 -106.598
2333 -104.245
2334 -103.315
2335 -106.12
2336 -103.523
2337 -106.273
2338 -104.883
2339 -105.78
2340 -105.735
2341 -104.243
2342 -104.763
2343 -105.594
2344 -104.979
2345 -105.855
2346 -105.358
2347 -105.508
2348 -105.929
2349 -105.633
2350 -106.209
2351 -104.491
2352 -103.957
2353 -104.875
2354 -104.118
2355 -104.937
2356 -105.988
2357 -104.849
2358 -105.153
2359 -104.388
2360 -105.45
2361 -103.881
2362 -103.185
2363 -103.679
2364 -102.589
2365 -104.919
2366 -103.33
2367 -103.096
2368 -104.058
2369 -103.428
2370 -103.19
2371 -102.966
2372 -101.55
2373 -99.3849
2374 -98.8572
2375 -99.7536
2376 -101.22
2377 -99.6409
2378 -101.696
2379 -99.9543
2380 -100.545
2381 -98.5478
2382 -97.7926
2383 -97.3803
2384 -97.3264
2385 -96.7997
2386 -97.2279
2387 -97.179
2388 -93.3008
2389 -96.4422
2390 -95.2939
2391 -92.6442
2392 -95.1407
2393 -94.7429
2394 -92.824
2395 -94.108
2396 -92.1559
2397 -91.6008
2398 -92.2205
2399 -91.5868
2400 -92.2448
2401 -90.7379
2402 -89.1305
2403 -89.8113
2404 -88.226
2405 -88.3494
2406 -87.2973
2407 -88.9469
2408 -86.4528
2409 -85.6108
2410 -86.0327
2411 -83.8305
2412 -86.6107
2413 -83.734
2414 -85.6139
2415 -86.0103
2416 -86.0132
2417 -82.3138
2418 -83.2995
2419 -85.7673
2420 -84.0563
2421 -83.2617
2422 -85.3067
2423 -85.351
2424 -84.6855
2425 -85.8778
2426 -85.3924
2427 -84.2953
2428 -84.9446
2429 -83.9631
2430 -86.864
2431 -86.3049
2432 -86.3694
2433 -86.6096
2434 -85.8312
2435 -87.8479
2436 -87.2348
2437 -88.7645
2438 -88.3811
2439 -88.639
2440 -89.3453
2441 -91.9617
2442 -90.3401
2443 -90.483
2444 -91.7534
2445 -90.7664
2446 -93.3071
2447 -91.8177
2448 -92.2538
2449 -93.3437
2450 -92.4063
2451 -91.5293
2452 -93.9011
2453 -95.5695
2454 -94.92
2455 -94.874
2456 -95.2989
2457 -95.4596
2458 -96.478
2459 -97.394
2460 -95.2539
2461 -95.8251
2462 -96.7471
2463 -96.7547
2464 -97.1103
2465 -96.1411
2466 -96.9476
2467 -97.5061
2468 -96.102
2469 -94.7131
2470 -98.3678
2471 -97.7357
2472 -96.5039
2473 -96.329
2474 -96.0668
2475 -96.7942
2476 -97.2689
2477 -98.3447
2478 -97.7004
2479 -97.9803
2480 -98.869
2481 -97.7324
2482 -98.8964
2483 -96.7506
2484 -96.9678
2485 -97.3954
2486 -95.8474
2487 -97.7654
2488 -96.7398
2489 -95.5808
2490 -96.8786
2491 -96.6669
2492 -94.4271
2493 -98.8861
2494 -96.3538
2495 -95.3067
2496 -95.5457
2497 -96.8753
2498 -95.8211
2499 -95.7616
2500 -96.7367
2501 -97.6353
2502 -95.0586
2503 -97.3487
2504 -96.5443
2505 -98.7106
2506 -98.7314
2507 -99.6443
2508 -99.4792
2509 -100.31
2510 -99.2163
2511 -99.8257
2512 -99.201
2513 -99.9928
2514 -99.266
2515 -98.2247
2516 -100.037
2517 -97.9578
2518 -98.7348
2519 -99.0416
2520 -100.567
2521 -97.0158
2522 -99.7024
2523 -98.5413
2524 -99.9278
2525 -101.74
2526 -98.6625
2527 -98.8278
2528 -98.6887
2529 -98.8971
2530 -98.7166
2531 -96.8453
2532 -99.1177
2533 -98.0236
2534 -98.6883
2535 -100.155
2536 -101.352
2537 -98.5442
2538 -100.054
2539 -100.447
2540 -99.8525
2541 -99.9318
2542 -100.004
2543 -99.739
2544 -96.8818
2545 -96.8036
2546 -98.3056
2547 -97.0943
2548 -97.7416
2549 -98.0397
2550 -96.4406
2551 -97.4212
2552 -96.2785
2553 -96.5731
2554 -95.5886
2555 -96.0465
2556 -95.6727
2557 -95.7264
2558 -95.3692
2559 -95.8033
2560 -97.4598
2561 -96.8105
2562 -95.3803
2563 -98.5859
2564 -97.6769
2565 -98.2155
2566 -100.17
2567 -100.055
2568 -101.111
2569 -99.3611
2570 -96.8121
2571 -98.6762
2572 -99.0784
2573 -98.6376
2574 -99.3302
2575 -98.7478
2576 -97.217
2577 -98.6488
2578 -99.4674
2579 -98.6494
2580 -98.2017
2581 -99.2234
2582 -96.679
2583 -100.863
2584 -97.8734
2585 -99.5424
2586 -98.7954
2587 -98.3738
2588 -98.8217
2589 -99.4824
2590 -99.8254
2591 -99.292
2592 -96.9028
2593 -99.5078
2594 -98.6781
2595 -97.6829
2596 -98.5125
2597 -99.8062
2598 -98.9856
2599 -99.759
2600 -100.256
2601 -98.6783
2602 -99.4481
2603 -99.3196
2604 -98.2477
2605 -97.8254
2606 -100.863
2607 -95.8029
2608 -98.3611
2609 -97.3072
2610 -97.7988
2611 -95.9569
2612 -97.4345
2613 -96.1454
2614 -97.9193
2615 -96.2978
2616 -97.4611
2617 -97.5998
2618 -94.9119
2619 -96.4578
2620 -96.2067
2621 -96.3732
2622 -96.5177
2623 -96.5574
2624 -97.9257
2625 -96.8604
2626 -99.2637
2627 -99.8628
2628 -98.24
2629 -98.6829
2630 -100.232
2631 -98.7524
2632 -97.9766
2633 -98.1636
2634 -99.2787
2635 -98.2539
2636 -100.353
2637 -98.0698
2638 -97.7214
2639 -97.4508
2640 -99.1488
2641 -97.6083
2642 -96.9387
2643 -99.5559
2644 -98.9868
2645 -99.4409
2646 -99.1557
2647 -101.709
2648 -99.2851
2649 -97.7734
2650 -97.1765
2651 -98.3002
2652 -99.5352
2653 -97.9066
2654 -98.8149
2655 -100.396
2656 -100.062
2657 -99.5261
2658 -99.548
2659 -97.4139
2660 -99.0157
2661 -100.918
2662 -98.688
2663 -99.1605
2664 -98.919
2665 -98.8723
2666 -95.7563
2667 -95.6506
2668 -96.1931
2669 -96.9858
2670 -95.994
2671 -95.9166
2672 -96.6397
2673 -97.4972
2674 -96.774
2675 -95.9761
2676 -96.7396
2677 -96.0084
2678 -96.4774
2679 -95.2874
2680 -94.8265
2681 -96.5722
2682 -96.2622
2683 -97.3686
2684 -98.1578
2685 -96.5943
2686 -98.4819
2687 -97.9132
2688 -99.3949
2689 -98.4888
2690 -97.9028
2691 -98.3626
2692 -99.0452
2693 -97.7626
2694 -98.3577
2695 -98.6486
2696 -98.2738
2697 -99.2556
2698 -98.1426
2699 -99.2545
2700 -97.8396
2701 -97.0819
2702 -98.1235
2703 -98.3226
2704 -97.3638
2705 -97.7056
2706 -98.9297
2707 -99.5833
2708 -96.5915
2709 -99.1739
2710 -97.9929
2711 -99.2092
2712 -98.7076
2713 -97.5608
2714 -98.4867
2715 -96.5087
2716 -99.2857
2717 -96.8297
2718 -97.7237
2719 -98.5333
2720 -97.6155
2721 -98.6751
2722 -98.3257
2723 -97.6812
2724 -96.1466
2725 -97.7959
2726 -98.2452
2727 -97.8244
2728 -97.0564
2729 -98.0593
2730 -96.9456
2731 -96.0764
2732 -96.081
2733 -96.3214
2734 -95.5967
2735 -97.0429
2736 -96.0654
2737 -97.4158
2738 -94.4684
2739 -96.4781
2740 -93.9969
2741 -96.6462
2742 -94.5988
2743 -96.9423
2744 -95.511
2745 -96.9112
2746 -96.4538
2747 -96.648
2748 -97.6024
2749 -98.0397
2750 -97.0878
2751 -97.6708
2752 -98.2362
2753 -98.7386
2754 -98.4956
2755 -99.5061
2756 -96.8231
2757 -96.5908
2758 -98.3733
2759 -98.2402
2760 -98.0543
2761 -98.2451
2762 -97.2803
2763 -97.4754
2764 -96.3576
2765 -98.8209
2766 -99.4441
2767 -98.7981
2768 -95.0924
2769 -97.8344
2770 -96.4604
2771 -94.7633
2772 -97.5158
2773 -96.1793
2774 -97.3044
2775 -98.095
2776 -96.5742
2777 -98.3633
2778 -98.0369
2779 -97.5628
2780 -98.6232
2781 -98.3421
2782 -98.2932
2783 -97.0751
2784 -98.0241
2785 -96.6527
2786 -97.3102
2787 -96.898
2788 -97.6559
2789 -95.7854
2790 -95.8422
2791 -97.3064
2792 -96.7383
2793 -96.5089
2794 -95.8222
2795 -96.2243
2796 -97.964
2797 -95.8731
2798 -95.1551
2799 -95.0214
2800 -95.6837
2801 -94.4281
2802 -95.6631
2803 -95.1971
2804 -95.2821
2805 -98.8252
2806 -96.8877
2807 -97.589
2808 -98.4569
2809 -96.6482
2810 -99.1578
2811 -98.6651
2812 -96.9042
2813 -96.9601
2814 -97.0968
2815 -97.083
2816 -97.2313
2817 -98.6355
2818 -96.2827
2819 -95.982
2820 -97.4065
2821 -96.5303
2822 -96.7707
2823 -97.9006
2824 -98.5919
2825 -97.1391
2826 -96.9092
2827 -95.201
2828 -98.1371
2829 -98.3605
2830 -97.0833
2831 -98.3975
2832 -96.2426
2833 -97.5924
2834 -97.286
2835 -97.2028
2836 -96.2551
2837 -97.419
2838 -96.3997
2839 -99.6183
2840 -97.4454
2841 -97.2367
2842 -95.0422
2843 -97.2296
2844 -95.2563
2845 -94.9044
2846 -94.854
2847 -94.9042
2848 -96.1586
2849 -95.5511
2850 -95.7211
2851 -96.221
2852 -93.7986
2853 -96.2395
2854 -97.1019
2855 -93.4473
2856 -95.0279
2857 -94.833
2858 -95.9206
2859 -93.0369
2860 -93.7906
2861 -95.3058
2862 -96.1529
2863 -96.0231
2864 -96.2533
2865 -95.9551
2866 -95.7827
2867 -98.8855
2868 -98.0389
2869 -94.6434
2870 -96.4292
2871 -97.6611
2872 -97.8659
2873 -97.0473
2874 -97.0135
2875 -95.2758
2876 -98.0407
2877 -95.272
2878 -97.54
2879 -95.6633
2880 -96.257
2881 -95.3639
2882 -96.8481
2883 -96.6726
2884 -97.864
2885 -96.3296
2886 -97.9252
2887 -96.5661
2888 -97.5701
2889 -96.3543
2890 -95.585
2891 -95.608
2892 -97.077
2893 -97.1193
2894 -95.8506
2895 -96.4075
2896 -97.425
2897 -96.2675
2898 -96.7824
2899 -96.8002
2900 -95.8049
2901 -97.145
2902 -96.2718
2903 -96.3362
2904 -95.787
2905 -96.0036
2906 -95.4425
2907 -95.7277
2908 -92.9729
2909 -95.8758
2910 -94.4892
2911 -93.9883
2912 -94.9522
2913 -93.9666
2914 -93.9873
2915 -95.7098
2916 -93.5628
2917 -92.5639
2918 -93.4368
2919 -94.0413
2920 -92.8679
2921 -93.5953
2922 -94.8292
2923 -92.6192
2924 -97.1054
2925 -95.2915
2926 -97.828
2927 -95.8533
2928 -95.2411
2929 -95.7444
2930 -95.2412
2931 -95.479
2932 -97.5781
2933 -95.976
2934 -96.6864
2935 -96.9882
2936 -95.5795
2937 -96.1776
2938 -96.2603
2939 -97.0043
2940 -93.7936
2941 -95.7757
2942 -95.6592
2943 -94.8462
2944 -96.7249
2945 -97.122
2946 -97.3137
2947 -99.0151
2948 -95.1651
2949 -96.0854
2950 -93.1843
2951 -96.1559
2952 -95.8884
2953 -94.5357
2954 -95.1399
2955 -96.6737
2956 -94.2176
2957 -95.6325
2958 -95.2945
2959 -94.8767
2960 -96.888
2961 -95.5727
2962 -97.1121
2963 -95.3135
2964 -94.5272
2965 -95.8204
2966 -94.942
2967 -95.6619
2968 -95.2688
2969 -94.2075
2970 -94.9156
2971 -97.443
2972 -96.0542
2973 -93.9955
2974 -95.3592
2975 -95.5223
2976 -96.6041
2977 -96.0142
2978 -96.893
2979 -97.3164
2980 -96.8134
2981 -97.6767
2982 -98.9299
2983 -99.6909
2984 -99.056
2985 -100.355
2986 -102.035
2987 -99.0434
2988 -99.8204
2989 -101.328
2990 -101.501
2991 -104.179
2992 -103.385
2993 -103.482
2994 -104.161
2995 -104.427
2996 -106.527
2997 -105.327
2998 -105.978
2999 -104.021
3000 -103.263
3001 -107.358
3002 -106.376
3003 -107.102
3004 -107.173
3005 -108.512
3006 -108.02
3007 -110.151
3008 -109.436
3009 -107.757
3010 -109.777
3011 -110.141
3012 -109.945
3013 -109.53
3014 -109.431
3015 -109.614
3016 -107.614
3017 -109.587
3018 -109.36
3019 -108.566
3020 -108.796
3021 -110.556
3022 -109.764
3023 -110.627
3024 -107.609
3025 -110.292
3026 -108.204
3027 -107.697
3028 -109.35
3029 -106.438
3030 -107.308
3031 -108.261
3032 -107.939
3033 -108.246
3034 -107.673
3035 -107.511
3036 -108.139
3037 -107.804
3038 -106.498
3039 -106.043
3040 -106.688
3041 -108.486
3042 -105.428
3043 -105.969
3044 -104.601
3045 -104.67
3046 -104.567
3047 -104.335
3048 -105.059
3049 -102.649
3050 -103.661
3051 -103.625
3052 -102.553
3053 -102.835
3054 -102.507
3055 -100.037
3056 -100.577
3057 -102.223
3058 -101.094
3059 -102.267
3060 -101.08
3061 -101.476
3062 -99.7831
3063 -99.5517
3064 -99.7016
3065 -99.4141
3066 -99.9225
3067 -100.919
3068 -100.93
3069 -101.44
3070 -99.4308
3071 -99.5755
3072 -96.7411
3073 -98.8251
3074 -98.6443
3075 -99.7631
3076 -99.6845
3077 -99.2625
3078 -97.3304
3079 -99.1071
3080 -98.6906
3081 -99.246
3082 -97.781
3083 -99.1647
3084 -96.4767
3085 -97.9907
3086 -97.904
3087 -99.2119
3088 -100.018
3089 -97.6421
3090 -98.8589
3091 -99.6471
3092 -96.1478
3093 -97.3951
3094 -97.8196
3095 -98.3851
3096 -96.3742
3097 -97.9442
3098 -98.1814
3099 -99.628
3100 -97.6109
3101 -97.3399
3102 -98.0448
3103 -98.8697
3104 -96.4065
3105 -98.3756
3106 -97.5051
3107 -98.0778
3108 -98.182
3109 -98.5649
3110 -94.5447
3111 -98.2672
3112 -96.6504
3113 -97.6334
3114 -98.7542
3115 -96.3918
3116 -96.2099
3117 -97.9998
3118 -98.6616
3119 -98.1093
3120 -95.9464
3121 -97.4201
3122 -98.5875
3123 -97.5881
3124 -97.7662
3125 -96.2908
3126 -96.7703
3127 -96.2546
3128 -97.1478
3129 -98.6699
3130 -97.872
3131 -99.5227
3132 -95.6347
3133 -97.7432
3134 -94.2998
3135 -97.5209
3136 -97.4351
3137 -97.1
3138 -98.1848
3139 -97.3674
3140 -97.0203
3141 -97.4558
3142 -97.0696
3143 -95.7633
3144 -97.1966
3145 -97.3879
3146 -97.4707
3147 -95.6702
3148 -96.4722
3149 -98.5841
3150 -97.1986
3151 -96.451
3152 -97.5869
3153 -96.1661
3154 -97.0041
3155 -96.7932
3156 -96.2592
3157 -97.6842
3158 -96.5484
3159 -96.4251
3160 -98.1381
3161 -97.65
3162 -96.5753
3163 -96.0163
3164 -96.6366
3165 -97.339
3166 -96.2529
3167 -97.0163
3168 -97.1316
3169 -98.3391
3170 -96.2994
3171 -97.9658
3172 -96.9764
3173 -94.7883
3174 -95.7944
3175 -97.4344
3176 -96.8292
3177 -96.8998
3178 -96.6852
3179 -96.9507
3180 -97.1715
3181 -96.5695
3182 -97.5564
3183 -97.6856
3184 -98.5876
3185 -96.3332
3186 -95.5742
3187 -97.2371
3188 -96.0023
3189 -97.736
3190 -96.5188
3191 -97.0594
3192 -95.2113
3193 -97.0246
3194 -97.3898
3195 -94.9451
3196 -95.8725
3197 -95.8655
3198 -97.3331
3199 -97.2658
3200 -98.1431
3201 -97.3033
3202 -97.8427
3203 -96.2648
3204 -98.034
3205 -97.257
3206 -98.1373
3207 -98.6069
3208 -96.2653
3209 -96.7637
3210 -97.3184
3211 -97.8424
3212 -97.9176
3213 -95.9398
3214 -96.7505
3215 -95.958
3216 -95.6141
3217 -97.2077
3218 -97.3831
3219 -96.9073
3220 -98.0561
3221 -97.3993
3222 -97.3634
3223 -97.7934
3224 -97.2502
3225 -94.948
3226 -97.0572
3227 -97.0008
3228 -96.1541
3229 -98.9363
3230 -96.3246
3231 -97.1719
3232 -97.6849
3233 -96.6497
3234 -97.6654
3235 -95.914
3236 -97.3561
3237 -96.9726
3238 -96.8175
3239 -97.7631
3240 -97.3978
3241 -97.6606
3242 -97.1804
3243 -97.7966
3244 -96.8765
3245 -97.7565
3246 -96.9802
3247 -96.7327
3248 -97.9636
3249 -97.6262
3250 -96.8501
3251 -97.0324
3252 -97.7367
3253 -96.5565
3254 -98.6607
3255 -95.9324
3256 -97.9354
3257 -98.6261
3258 -98.0787
3259 -97.9342
3260 -97.129
3261 -98.2978
3262 -97.6465
3263 -97.0308
3264 -97.0962
3265 -96.527
3266 -96.2195
3267 -96.5831
3268 -97.3961
3269 -97.598
3270 -97.1011
3271 -97.0939
3272 -95.5906
3273 -96.857
3274 -98.2506
3275 -98.4764
3276 -97.8299
3277 -95.4685
3278 -97.0654
3279 -98.9113
3280 -98.3927
3281 -98.2271
3282 -99.2283
3283 -97.9936
3284 -97.4379
3285 -96.7979
3286 -97.5507
3287 -93.9837
3288 -97.1063
3289 -97.0039
3290 -98.9936
3291 -96.6988
3292 -98.1894
3293 -97.8874
3294 -99.078
3295 -96.9441
3296 -96.274
3297 -95.5117
3298 -96.8003
3299 -98.1833
3300 -96.9578
3301 -96.8588
3302 -96.2803
3303 -98.0216
3304 -98.3168
3305 -97.1005
3306 -97.0233
3307 -95.6717
3308 -97.2386
3309 -98.2625
3310 -96.085
3311 -97.7747
3312 -96.4869
3313 -95.4129
3314 -97.1584
3315 -96.0208
3316 -97.9564
3317 -97.3944
3318 -97.5821
3319 -96.4829
3320 -94.738
3321 -96.9163
3322 -95.6714
3323 -96.0218
3324 -96.8349
3325 -98.4677
3326 -96.4335
3327 -96.7919
3328 -96.0223
3329 -97.085
3330 -97.3362
3331 -96.0225
3332 -98.8278
3333 -97.0722
3334 -98.7537
3335 -96.849
3336 -96.4416
3337 -97.5613
3338 -99.8856
3339 -97.6622
3340 -96.4056
3341 -98.7436
3342 -97.8339
3343 -97.6809
3344 -96.9918
3345 -96.3372
3346 -97.2711
3347 -97.9763
3348 -99.063
3349 -98.0546
3350 -97.566
3351 -96.9252
3352 -96.2933
3353 -97.4701
3354 -99.1019
3355 -96.0488
3356 -97.8071
3357 -97.1212
3358 -97.2863
3359 -97.0008
3360 -96.5781
3361 -97.9506
3362 -96.2412
3363 -98.3427
3364 -97.2089
3365 -96.5623
3366 -97.6261
3367 -97.4878
3368 -97.3174
3369 -97.3333
3370 -96.6222
3371 -96.8546
3372 -97.1066
3373 -98.7327
3374 -96.4335
3375 -96.5482
3376 -97.7906
3377 -97.4417
3378 -98.4009
3379 -95.4517
3380 -96.8326
3381 -98.36
3382 -97.7036
3383 -98.9067
3384 -96.4667
3385 -97.0823
3386 -96.5066
3387 -97.1743
3388 -98.0757
3389 -96.8186
3390 -98.1889
3391 -97.5513
3392 -96.6775
3393 -97.9769
3394 -96.3481
3395 -99.9466
3396 -97.1476
3397 -97.2487
3398 -98.2396
3399 -98.2647
