0 -141.006
1 -139.421
2 -138.654
3 -139.732
4 -140.815
5 -140.974
6 -140.298
7 -140.412
8 -140.602
9 -140.589
10 -139.065
11 -140.163
12 -139.417
13 -139.476
14 -138.846
15 -140.455
16 -139.878
17 -141.373
18 -138.669
19 -139.026
20 -139.029
21 -138.643
22 -140.028
23 -140.689
24 -141.168
25 -140.441
26 -140.435
27 -141.666
28 -142.478
29 -142.688
30 -143.004
31 -145.077
32 -145.032
33 -145.216
34 -145.448
35 -146.628
36 -147.857
37 -148.462
38 -151.079
39 -149.823
40 -151.635
41 -150.068
42 -152.065
43 -152.327
44 -153.554
45 -153.735
46 -155.189
47 -157.387
48 -157.244
49 -155.903
50 -159.066
51 -161.231
52 -160.14
53 -161.633
54 -162.382
55 -161.53
56 -161.749
57 -163.644
58 -163.117
59 -162.722
60 -161.913
61 -162.299
62 -161.445
63 -160.272
64 -159.703
65 -160.542
66 -158.843
67 -158.155
68 -158.044
69 -157.694
70 -157.267
71 -155.588
72 -155.49
73 -155.403
74 -155.744
75 -155.011
76 -152.326
77 -152.23
78 -153.131
79 -151.294
80 -151.818
81 -152.673
82 -151.959
83 -149.238
84 -151.422
85 -148.504
86 -149.465
87 -149.267
88 -148.999
89 -148.284
90 -148.27
91 -148.201
92 -148.985
93 -148.479
94 -148.587
95 -148.633
96 -149.421
97 -149.566
98 -148.886
99 -148.859
100 -146.805
101 -149.403
102 -148.345
103 -147.802
104 -149.231
105 -148.733
106 -149.046
107 -146.402
108 -146.951
109 -147.793
110 -147.165
111 -147.123
112 -147.391
113 -145.46
114 -147.312
115 -146.951
116 -144.868
117 -147.376
118 -146.185
119 -146.78
120 -144.877
121 -145.879
122 -146.334
123 -146.849
124 -146.207
125 -145.033
126 -145.392
127 -145.461
128 -145.754
129 -146.333
130 -146.843
131 -147.745
132 -146.533
133 -146.052
134 -147.333
135 -147.191
136 -147.34
137 -147.528
138 -145.558
139 -147.356
140 -148.444
141 -147.453
142 -146.606
143 -146.687
144 -145.53
145 -144.034
146 -145.705
147 -145.679
148 -146.403
149 -146.783
150 -147.542
151 -146.029
152 -144.923
153 -146.036
154 -146.233
155 -145.651
156 -145.504
157 -145.291
158 -146.129
159 -143.701
160 -143.597
161 -145.747
162 -144.595
163 -144.983
164 -145.488
165 -144.189
166 -145.377
167 -146.243
168 -147.594
169 -145.867
170 -147.135
171 -146.171
172 -146.144
173 -145.758
174 -145.017
175 -146.682
176 -145.252
177 -145.165
178 -145.215
179 -144.759
180 -145.404
181 -145.518
182 -145.348
183 -144.97
184 -144.589
185 -144.721
186 -144.336
187 -144.823
188 -144.078
189 -145.322
190 -146.225
191 -144.173
192 -144.654
193 -146.357
194 -145.246
195 -143.696
196 -143.989
197 -143.601
198 -144.148
199 -144.497
200 -144.588
201 -144.412
202 -144.583
203 -146.265
204 -145.942
205 -146.933
206 -145.292
207 -145.178
208 -145.958
209 -145.568
210 -145.551
211 -146.21
212 -144.704
213 -145.079
214 -143.474
215 -144.192
216 -143.742
217 -143.706
218 -144.646
219 -146.023
220 -144.712
221 -144.626
222 -144.177
223 -144.625
224 -145.497
225 -144.542
226 -145.632
227 -145.235
228 -144.066
229 -145.582
230 -144.173
231 -143.931
232 -143.153
233 -145.211
234 -143.872
235 -145.316
236 -145.924
237 -146.45
238 -146.17
239 -146.566
240 -145.6
241 -145.083
242 -146.412
243 -144.194
244 -145.361
245 -144.671
246 -145.464
247 -146.139
248 -144.404
249 -144.207
250 -144.472
251 -142.227
252 -142.76
253 -144.798
254 -144.869
255 -145.83
256 -142.965
257 -145.528
258 -144.469
259 -142.099
260 -143.846
261 -143.536
262 -143.643
263 -141.748
264 -143.398
265 -144.232
266 -143.035
267 -143.802
268 -143.461
269 -144.062
270 -143.18
271 -143.299
272 -145.389
273 -144.09
274 -144.636
275 -144.502
276 -144.856
277 -144.381
278 -145.031
279 -145.043
280 -144.546
281 -145.275
282 -144.221
283 -144.115
284 -143.038
285 -142.562
286 -142.789
287 -144.394
288 -144.346
289 -143.098
290 -142.534
291 -143.547
292 -143.627
293 -143.502
294 -143.446
295 -143.679
296 -142.696
297 -142.409
298 -142.772
299 -143.178
300 -144.581
301 -143.491
302 -143.521
303 -141.158
304 -143.551
305 -143.871
306 -144.053
307 -144.434
308 -143.212
309 -144.095
310 -144.215
311 -145.601
312 -143.976
313 -144.06
314 -145.033
315 -143.346
316 -143.163
317 -143.776
318 -144.037
319 -142.204
320 -142.182
321 -141.952
322 -141.127
323 -142.557
324 -142.403
325 -142.576
326 -142.505
327 -141.904
328 -143.529
329 -142.611
330 -143.77
331 -143.483
332 -142.495
333 -142.498
334 -142.217
335 -141.673
336 -142.296
337 -141.544
338 -141.209
339 -141.56
340 -142.515
341 -142.611
342 -143.829
343 -145.272
344 -143.262
345 -143.875
346 -143.669
347 -143.477
348 -144.892
349 -143.998
350 -144.066
351 -143.186
352 -142.455
353 -142.791
354 -144.036
355 -142.864
356 -142.855
357 -143.498
358 -143.706
359 -144.885
360 -142.21
361 -144.409
362 -143.803
363 -143.911
364 -142.5
365 -142.879
366 -141.524
367 -141.618
368 -143.706
369 -143.306
370 -141.413
371 -141.204
372 -141.378
373 -141.882
374 -142.175
375 -143.879
376 -142.581
377 -141.898
378 -143.346
379 -142.311
380 -143.361
381 -142.438
382 -143.77
383 -142.113
384 -143.684
385 -143.035
386 -142.914
387 -142.945
388 -142.537
389 -139.975
390 -141.048
391 -139.772
392 -142.327
393 -142.698
394 -141.441
395 -142.636
396 -142.04
397 -142.132
398 -142.4
399 -140.795
400 -141.856
401 -140.701
402 -142.239
403 -141.254
404 -140.571
405 -140.824
406 -140.52
407 -141.886
408 -140.752
409 -141.239
410 -142.424
411 -141.777
412 -141.717
413 -142.185
414 -143.55
415 -141.887
416 -141.834
417 -142.668
418 -142.347
419 -141.181
420 -143.28
421 -142.221
422 -143.179
423 -140.821
424 -141.463
425 -142.147
426 -142.075
427 -140.128
428 -140.733
429 -141.27
430 -141.301
431 -142.749
432 -140.589
433 -141.058
434 -141.642
435 -140.15
436 -139.806
437 -140.263
438 -140.746
439 -139.158
440 -139.754
441 -141.052
442 -140.604
443 -140.212
444 -141.114
445 -139.84
446 -141.322
447 -144.055
448 -142.28
449 -141.764
450 -142.468
451 -141.284
452 -141.328
453 -142.929
454 -143.594
455 -141.142
456 -140.671
457 -141.933
458 -141.295
459 -141.446
460 -141.138
461 -141.063
462 -142.283
463 -140.041
464 -140.744
465 -139.406
466 -141.167
467 -140.653
468 -141.475
469 -139.676
470 -140.176
471 -140.814
472 -140.164
473 -139.247
474 -140.179
475 -139.189
476 -139.162
477 -139.986
478 -138.966
479 -138.663
480 -139.325
481 -140.441
482 -140.604
483 -141.854
484 -140.538
485 -141.405
486 -141.679
487 -140.694
488 -143.008
489 -140.265
490 -140.806
491 -140.262
492 -140.651
493 -139.508
494 -141.787
495 -142.047
496 -140.073
497 -138.539
498 -139.06
499 -140.097
500 -140.659
501 -139.053
502 -139.078
503 -140.807
504 -139.295
505 -139.733
506 -138.636
507 -139.635
508 -139.682
509 -139.879
510 -138.7
511 -140.1
512 -138.511
513 -139.783
514 -139.34
515 -139.49
516 -138.5
517 -139.98
518 -139.813
519 -140.143
520 -139.035
521 -141.43
522 -142.857
523 -140.391
524 -140.669
525 -142.056
526 -140.974
527 -140.39
528 -139.28
529 -140.464
530 -139.454
531 -138.79
532 -139.467
533 -139.597
534 -139.322
535 -138.288
536 -138.118
537 -138.832
538 -139.808
539 -139.505
540 -139.096
541 -138.247
542 -137.811
543 -137.304
544 -138.289
545 -138.609
546 -138.109
547 -139.609
548 -139.032
549 -136.659
550 -137.539
551 -138.37
552 -139.599
553 -138.673
554 -137.611
555 -140.102
556 -140.96
557 -137.913
558 -139.738
559 -139.447
560 -139.412
561 -140.816
562 -139.876
563 -139.4
564 -138.633
565 -138.907
566 -136.854
567 -138.812
568 -139.259
569 -138.535
570 -139.074
571 -138.884
572 -138.646
573 -138.764
574 -139.215
575 -138.202
576 -138.991
577 -139.592
578 -138.029
579 -137.912
580 -138.345
581 -137.324
582 -138.285
583 -136.72
584 -138.176
585 -138.512
586 -138.825
587 -138.526
588 -138.828
589 -138.723
590 -139.372
591 -140.117
592 -138.835
593 -139.965
594 -138.426
595 -136.489
596 -139.185
597 -138.86
598 -140.184
599 -137.238
600 -140.299
601 -138.398
602 -137.452
603 -137.45
604 -138.688
605 -138.145
606 -137.838
607 -138.374
608 -138.214
609 -137.649
610 -136.38
611 -138.183
612 -137.123
613 -136.475
614 -139.373
615 -135.526
616 -136.943
617 -135.832
618 -135.956
619 -136.087
620 -136.348
621 -137.673
622 -138.111
623 -137.772
624 -137.403
625 -137.889
626 -137.692
627 -138.536
628 -137.309
629 -138.59
630 -137.091
631 -138.643
632 -138.944
633 -138.91
634 -138.401
635 -136.698
636 -136.512
637 -136.145
638 -134.357
639 -137.328
640 -137.13
641 -135.863
642 -137.707
643 -135.396
644 -137.438
645 -134.626
646 -136.411
647 -136.058
648 -135.287
649 -137.017
650 -136.176
651 -135.687
652 -135.892
653 -134.968
654 -135.981
655 -135.826
656 -136.034
657 -136.348
658 -137.091
659 -136.711
660 -136.011
661 -136.274
662 -136.379
663 -137.334
664 -136.462
665 -136.092
666 -137.287
667 -134.946
668 -137.33
669 -137.142
670 -135.773
671 -136.02
672 -137.021
673 -134.373
674 -136.152
675 -135.354
676 -135.284
677 -135.648
678 -136.077
679 -136.214
680 -135.092
681 -136.216
682 -135.172
683 -135.598
684 -134.78
685 -133.71
686 -135.107
687 -133.866
688 -134.153
689 -133.902
690 -133.842
691 -134.795
692 -134.95
693 -135.504
694 -134.819
695 -136.423
696 -135.453
697 -134.918
698 -136.368
699 -135.329
700 -135.764
701 -136.169
702 -136.222
703 -136.253
704 -135.054
705 -135.337
706 -133.926
707 -134.601
708 -134.219
709 -134.302
710 -134.109
711 -136.181
712 -134.744
713 -134.057
714 -134.722
715 -134.677
716 -134.339
717 -134.759
718 -135.601
719 -134.532
720 -134.438
721 -132.924
722 -134.057
723 -134.269
724 -134.547
725 -134.62
726 -134.746
727 -134.573
728 -134.438
729 -135.701
730 -135.145
731 -135.695
732 -135.149
733 -134.806
734 -134.762
735 -135.902
736 -136.469
737 -134.449
738 -134.793
739 -135.366
740 -134.775
741 -134.196
742 -132.952
743 -133.909
744 -134.707
745 -133.84
746 -134.544
747 -133.099
748 -133.165
749 -134.273
750 -133.648
751 -132.788
752 -134.72
753 -133.202
754 -132.501
755 -133.376
756 -132.537
757 -131.888
758 -131.72
759 -131.466
760 -134.035
761 -130.136
762 -133.847
763 -133.479
764 -133.108
765 -134.319
766 -133.9
767 -133.468
768 -135.545
769 -133.737
770 -133.594
771 -134.564
772 -133.204
773 -134.451
774 -134.481
775 -132.71
776 -133.271
777 -132.15
778 -130.659
779 -133.268
780 -133.875
781 -132.97
782 -133.149
783 -133.642
784 -131.584
785 -133.716
786 -133.571
787 -132.975
788 -132.631
789 -132.509
790 -131.969
791 -132
792 -132.09
793 -132.502
794 -132.769
795 -133.927
796 -132.945
797 -131.759
798 -132.431
799 -134.262
800 -134.695
801 -134.06
802 -134.272
803 -133.654
804 -133.006
805 -133.951
806 -133.656
807 -132.347
808 -132.087
809 -134.159
810 -132.253
811 -132.085
812 -131.127
813 -130.193
814 -131.039
815 -132.748
816 -133.522
817 -131.082
818 -132.218
819 -131.932
820 -132.265
821 -132.299
822 -132.002
823 -131.841
824 -130.168
825 -131.801
826 -129.193
827 -129.389
828 -129.817
829 -127.118
830 -127.986
831 -127.281
832 -127.094
833 -128.032
834 -127.826
835 -127.101
836 -126.339
837 -127.135
838 -125.03
839 -123.907
840 -123.522
841 -124.441
842 -122.209
843 -120.64
844 -121.396
845 -120.398
846 -119.816
847 -119.545
848 -116.63
849 -116.772
850 -116.563
851 -115.802
852 -115.882
853 -116.862
854 -115.875
855 -116.283
856 -115.577
857 -115.438
858 -116.514
859 -114.704
860 -116.804
861 -117.279
862 -115.882
863 -117.418
864 -117.184
865 -116.424
866 -117.881
867 -118.06
868 -119.991
869 -121.154
870 -121.025
871 -119.102
872 -120.327
873 -120.427
874 -122.589
875 -122.157
876 -122.405
877 -123.343
878 -123.027
879 -123.183
880 -123.726
881 -122.068
882 -124.008
883 -126.368
884 -124.927
885 -125.89
886 -125.42
887 -124.486
888 -125.219
889 -125.787
890 -126.291
891 -125.291
892 -125.917
893 -125.874
894 -127.439
895 -126.621
896 -126.306
897 -127.286
898 -127.036
899 -126.47
900 -126.725
901 -125.853
902 -127.738
903 -126.3
904 -126.774
905 -127.542
906 -127.343
907 -127.853
908 -126.031
909 -127.813
910 -128.118
911 -127.563
912 -126.148
913 -126.344
914 -126.809
915 -127.678
916 -126.845
917 -126.818
918 -127.271
919 -128.387
920 -127.392
921 -127.029
922 -126.666
923 -126.939
924 -126.88
925 -127.206
926 -126.369
927 -126.699
928 -127.102
929 -127.784
930 -126.998
931 -127.092
932 -127.958
933 -126.915
934 -128.203
935 -126.563
936 -125.42
937 -126.172
938 -124.969
939 -126.047
940 -126.35
941 -123.196
942 -123.865
943 -121.185
944 -121.402
945 -121.95
946 -119.447
947 -119.816
948 -118.213
949 -115.59
950 -115.949
951 -116.579
952 -116.43
953 -115.737
954 -114.555
955 -112.279
956 -113.497
957 -113.461
958 -111.218
959 -110.873
960 -109.782
961 -108.37
962 -110.671
963 -107.661
964 -107.64
965 -107.338
966 -107.327
967 -107.411
968 -108.726
969 -107.846
970 -108.547
971 -108.609
972 -109.06
973 -110.39
974 -109.531
975 -109.595
976 -110.284
977 -109.955
978 -110.237
979 -111.391
980 -110.828
981 -111.655
982 -111.979
983 -111.993
984 -113.007
985 -112.958
986 -116.24
987 -117.047
988 -117.154
989 -116.822
990 -117.646
991 -118.248
992 -117.395
993 -117.643
994 -117.204
995 -119.329
996 -118.546
997 -118.746
998 -118.73
999 -118.685
1000 -120.327
1001 -119.545
1002 -118.084
1003 -118.37
1004 -117.996
1005 -119.347
1006 -121.115
1007 -118.793
1008 -121.029
1009 -120.544
1010 -120.113
1011 -121.83
1012 -120.963
1013 -121.569
1014 -120.623
1015 -122.737
1016 -122.188
1017 -121.617
1018 -121.625
1019 -123.225
1020 -122.391
1021 -121.38
1022 -121.318
1023 -122.043
1024 -122.738
1025 -122.58
1026 -124.282
1027 -122.873
1028 -123.2
1029 -123.594
1030 -123.199
1031 -121.852
1032 -123.492
1033 -122.053
1034 -122.437
1035 -122.949
1036 -121.822
1037 -122.632
1038 -120.977
1039 -121.693
1040 -119.622
1041 -122.215
1042 -123.012
1043 -122.693
1044 -123.6
1045 -123.444
1046 -122.393
1047 -122.038
1048 -121.911
1049 -122.999
1050 -121.992
1051 -123.194
1052 -124.233
1053 -123.39
1054 -123.275
1055 -123.608
1056 -121.637
1057 -124.333
1058 -121.917
1059 -122.122
1060 -123.078
1061 -123.316
1062 -124.496
1063 -123.931
1064 -122.804
1065 -124.371
1066 -123.24
1067 -122.802
1068 -123.099
1069 -124.639
1070 -123.537
1071 -122.667
1072 -123.256
1073 -121.287
1074 -123.833
1075 -121.937
1076 -121.701
1077 -123.962
1078 -123.825
1079 -124.041
1080 -123.945
1081 -122.978
1082 -121.868
1083 -123.231
1084 -123.878
1085 -122.657
1086 -124.612
1087 -124.42
1088 -124.098
1089 -126.137
1090 -123.216
1091 -123.696
1092 -122.718
1093 -124.348
1094 -124.339
1095 -124.479
1096 -124.576
1097 -125.272
1098 -125.857
1099 -126.278
1100 -124.812
1101 -124.519
1102 -123.807
1103 -124.326
1104 -124.377
1105 -123.037
1106 -124.132
1107 -124.802
1108 -123.859
1109 -122.367
1110 -122.677
1111 -122.816
1112 -122.818
1113 -123.389
1114 -123.496
1115 -123.231
1116 -124.584
1117 -125.075
1118 -124.466
1119 -122.616
1120 -123.445
1121 -123.708
1122 -125.091
1123 -125.463
1124 -125.008
1125 -124.633
1126 -124.63
1127 -125.205
1128 -123.746
1129 -125.353
1130 -124.754
1131 -124.801
1132 -124.797
1133 -127.834
1134 -125.918
1135 -126.464
1136 -126.573
1137 -124.988
1138 -125.666
1139 -124.794
1140 -125.449
1141 -126.115
1142 -125.671
1143 -124.086
1144 -124.571
1145 -124.525
1146 -123.564
1147 -124.593
1148 -124.063
1149 -124.714
1150 -124.43
1151 -124.489
1152 -125.262
1153 -124.575
1154 -124.503
1155 -125.342
1156 -123.286
1157 -125.427
1158 -125.711
1159 -125.966
1160 -125.403
1161 -125.49
1162 -124.436
1163 -125.737
1164 -125.596
1165 -126.398
1166 -125.786
1167 -127.686
1168 -126.679
1169 -125.901
1170 -125.281
1171 -126.458
1172 -127.252
1173 -126.799
1174 -127.005
1175 -125.505
1176 -124.724
1177 -123.022
1178 -126.33
1179 -124.817
1180 -123.939
1181 -123.83
1182 -124.908
1183 -126.358
1184 -127.001
1185 -126.99
1186 -126.657
1187 -125.644
1188 -125.283
1189 -124.063
1190 -125.868
1191 -125.989
1192 -126.5
1193 -126.976
1194 -127.13
1195 -126.23
1196 -126.795
1197 -127.646
1198 -125.804
1199 -126.582
1200 -126.538
1201 -125.899
1202 -129.465
1203 -126.344
1204 -127.454
1205 -129.421
1206 -128.682
1207 -127.989
1208 -126.451
1209 -127.356
1210 -126.395
1211 -125.793
1212 -126.225
1213 -125.807
1214 -126.43
1215 -124.688
1216 -125.187
1217 -127.499
1218 -128.834
1219 -127.086
1220 -126.454
1221 -127.611
1222 -127.158
1223 -126.381
1224 -125.966
1225 -125.095
1226 -126.374
1227 -126.842
1228 -127.83
1229 -127.373
1230 -128.812
1231 -127.673
1232 -129.669
1233 -127.647
1234 -128.096
1235 -127.179
1236 -127.086
1237 -127.551
1238 -127.851
1239 -128.934
1240 -128.021
1241 -129.379
1242 -128.334
1243 -127.734
1244 -127.497
1245 -128.167
1246 -128.581
1247 -127.028
1248 -127.239
1249 -125.515
1250 -125.593
1251 -128.173
1252 -126.666
1253 -126.599
1254 -127.25
1255 -127.707
1256 -126.975
1257 -128.919
1258 -126.843
1259 -127.545
1260 -127.639
1261 -127.885
1262 -126.563
1263 -130.286
1264 -129.402
1265 -128.327
1266 -127.783
1267 -128.523
1268 -129.326
1269 -129.407
1270 -129.628
1271 -126.7
1272 -129.657
1273 -128.289
1274 -130.688
1275 -128.489
1276 -128.251
1277 -127.814
1278 -128.865
1279 -127.245
1280 -128.206
1281 -128.434
1282 -128.767
1283 -126.904
1284 -128.208
1285 -127.412
1286 -127.763
1287 -127.439
1288 -126.339
1289 -128.566
1290 -129.807
1291 -130.792
1292 -128.265
1293 -129.257
1294 -130.02
1295 -129.604
1296 -131.747
1297 -132.901
1298 -134.372
1299 -133.055
1300 -132.472
1301 -135.59
1302 -135.488
1303 -136.747
1304 -136.441
1305 -138.042
1306 -137.545
1307 -138.263
1308 -139.645
1309 -141.031
1310 -140.893
1311 -143.974
1312 -143.337
1313 -144.403
1314 -144.845
1315 -144.313
1316 -144.497
1317 -145.099
1318 -143.767
1319 -144.505
1320 -146.032
1321 -146.601
1322 -144.911
1323 -143.357
1324 -144.844
1325 -143.326
1326 -143.332
1327 -142.892
1328 -142.157
1329 -141.926
1330 -140.119
1331 -139.486
1332 -140.297
1333 -140.808
1334 -139.989
1335 -138.033
1336 -138.935
1337 -138.436
1338 -136.368
1339 -135.413
1340 -134.886
1341 -134.205
1342 -135.287
1343 -134.105
1344 -135.423
1345 -135.617
1346 -134.709
1347 -133.029
1348 -133.959
1349 -133.877
1350 -132.819
1351 -134.673
1352 -132.925
1353 -130.95
1354 -131.844
1355 -131.403
1356 -131.113
1357 -131.485
1358 -132.438
1359 -131.298
1360 -132.111
1361 -131.171
1362 -131.997
1363 -131.853
1364 -131.4
1365 -130.454
1366 -130.656
1367 -130.978
1368 -130.423
1369 -131.034
1370 -130.66
1371 -131.184
1372 -130.094
1373 -128.581
1374 -130.185
1375 -131.06
1376 -131.154
1377 -129.197
1378 -129.434
1379 -131.374
1380 -131.16
1381 -128.386
1382 -129.487
1383 -130.133
1384 -129.828
1385 -130.312
1386 -129.838
1387 -129.369
1388 -128.702
1389 -130.505
1390 -130.182
1391 -129.441
1392 -130.098
1393 -129.776
1394 -131.264
1395 -131.433
1396 -129.747
1397 -130.56
1398 -130.429
1399 -129.245
1400 -132.204
1401 -132.985
1402 -131.682
1403 -131.504
1404 -131.669
1405 -132.654
1406 -134.402
1407 -135.958
1408 -136.621
1409 -136.768
1410 -134.629
1411 -137.051
1412 -138.121
1413 -139.015
1414 -139.093
1415 -141.243
1416 -140.712
1417 -143.279
1418 -143.715
1419 -143.559
1420 -144.061
1421 -145.803
1422 -144.443
1423 -146.566
1424 -147.743
1425 -150.113
1426 -148.723
1427 -151.047
1428 -151.084
1429 -150.988
1430 -149.782
1431 -151.881
1432 -152.4
1433 -152.952
1434 -151.573
1435 -152.023
1436 -153.042
1437 -151.131
1438 -151.414
1439 -150.142
1440 -150.276
1441 -151.027
1442 -149.213
1443 -148.171
1444 -147.512
1445 -147.247
1446 -146.822
1447 -147.881
1448 -145.367
1449 -144.547
1450 -146.061
1451 -143.697
1452 -145.094
1453 -143.538
1454 -142.244
1455 -141.72
1456 -141.447
1457 -141.41
1458 -141.926
1459 -141.131
1460 -141.54
1461 -140.753
1462 -138.325
1463 -138.878
1464 -138.877
1465 -139.195
1466 -138.873
1467 -138.754
1468 -137.901
1469 -137.629
1470 -137.596
1471 -138.638
1472 -140.266
1473 -138.206
1474 -137.041
1475 -137.34
1476 -137.255
1477 -137.15
1478 -135.669
1479 -136.907
1480 -137.234
1481 -139.532
1482 -138.499
1483 -139.124
1484 -137.75
1485 -138.317
1486 -138.415
1487 -137.839
1488 -136.387
1489 -138.106
1490 -137.028
1491 -138.002
1492 -138.005
1493 -136.797
1494 -137.393
1495 -136.379
1496 -136.167
1497 -136.849
1498 -138.435
1499 -135.898
1500 -135.731
1501 -137.525
1502 -135.736
1503 -137.268
1504 -136.376
1505 -136.809
1506 -137.97
1507 -135.156
1508 -136.189
1509 -136.717
1510 -134.613
1511 -136.01
1512 -135.034
1513 -135.148
1514 -136.583
1515 -135.102
1516 -136.434
1517 -137.231
1518 -136.558
1519 -138.717
1520 -135.871
1521 -136.303
1522 -134.603
1523 -136.803
1524 -137.563
1525 -137.602
1526 -137.537
1527 -136.085
1528 -136.325
1529 -135.15
1530 -135.867
1531 -135.467
1532 -134.799
1533 -136.056
1534 -135.309
1535 -136.961
1536 -136.491
1537 -135.397
1538 -135.52
1539 -135.126
1540 -134.649
1541 -135.38
1542 -135.97
1543 -134.444
1544 -135.119
1545 -134.003
1546 -134.365
1547 -135.714
1548 -133.817
1549 -132.531
1550 -134.606
1551 -136.875
1552 -135.297
1553 -135.606
1554 -137.264
1555 -135.243
1556 -137.174
1557 -136.512
1558 -135.796
1559 -135.376
1560 -135.756
1561 -135.642
1562 -134.954
1563 -134.33
1564 -135.125
1565 -135.158
1566 -134.135
1567 -134.654
1568 -135.015
1569 -136.027
1570 -134.667
1571 -132.862
1572 -135.206
1573 -133.81
1574 -134.864
1575 -134.307
1576 -135.3
1577 -133.702
1578 -133.896
1579 -133.798
1580 -133.956
1581 -133.36
1582 -132.621
1583 -134.285
1584 -132.52
1585 -135.04
1586 -133.311
1587 -133.41
1588 -135.826
1589 -134.837
1590 -134.151
1591 -135.211
1592 -135.111
1593 -132.927
1594 -134.244
1595 -135.983
1596 -134.885
1597 -135.123
1598 -134.367
1599 -133.418
1600 -134.826
1601 -133.719
1602 -134.073
1603 -134.067
1604 -135.378
1605 -132.861
1606 -133.781
1607 -133.524
1608 -133.44
1609 -134.297
1610 -134.104
1611 -131.746
1612 -132.393
1613 -134.251
1614 -133.969
1615 -132.746
1616 -132.68
1617 -132.002
1618 -133.492
1619 -132.294
1620 -134.121
1621 -133.949
1622 -133.2
1623 -134.488
1624 -134.02
1625 -133.884
1626 -133.483
1627 -134.296
1628 -134.329
1629 -135.029
1630 -135.427
1631 -133.89
1632 -133.241
1633 -134.731
1634 -132.565
1635 -130.757
1636 -131.138
1637 -132.574
1638 -132.486
1639 -132.286
1640 -132.985
1641 -134.481
1642 -132.919
1643 -133.054
1644 -132.422
1645 -130.743
1646 -132.027
1647 -132.177
1648 -131.878
1649 -131.201
1650 -132.365
1651 -133.061
1652 -130.753
1653 -131.674
1654 -130.792
1655 -132.407
1656 -131.866
1657 -132.856
1658 -133.739
1659 -134.208
1660 -131.817
1661 -132.898
1662 -135.158
1663 -132.625
1664 -134.661
1665 -131.86
1666 -133.251
1667 -134.056
1668 -133.162
1669 -132.559
1670 -132.808
1671 -130.759
1672 -133.189
1673 -131.804
1674 -131.943
1675 -129.637
1676 -132.267
1677 -131.223
1678 -131.099
1679 -132.462
1680 -129.264
1681 -130.841
1682 -130.682
1683 -131.354
1684 -130.591
1685 -131.045
1686 -129.839
1687 -130.925
1688 -129.441
1689 -131.08
1690 -130.274
1691 -131.225
1692 -131.524
1693 -132.219
1694 -132.426
1695 -131.529
1696 -130.537
1697 -131.547
1698 -132.845
1699 -131.183
1700 -132.489
1701 -133.404
1702 -132.717
1703 -131.259
1704 -131.333
1705 -131.523
1706 -129.759
1707 -130.525
1708 -130.204
1709 -130.512
1710 -131.295
1711 -130.652
1712 -131.807
1713 -129.585
1714 -130.533
1715 -130.072
1716 -131.439
1717 -132.084
1718 -129.974
1719 -130.781
1720 -130.744
1721 -130.122
1722 -130.429
1723 -130.842
1724 -130.937
1725 -131.035
1726 -131.82
1727 -131.446
1728 -131.058
1729 -130.041
1730 -131.323
1731 -131.054
1732 -130.943
1733 -130.21
1734 -130.794
1735 -130.572
1736 -132.242
1737 -132.135
1738 -131.926
1739 -132.313
1740 -130.421
1741 -130.065
1742 -128.907
1743 -130.309
1744 -129.285
1745 -130.95
1746 -129.077
1747 -130.55
1748 -130.169
1749 -130.523
1750 -130.82
1751 -129.841
1752 -129.05
1753 -128.393
1754 -126.874
1755 -128.608
1756 -126.998
1757 -127.888
1758 -126.2
1759 -126.305
1760 -125.784
1761 -126.635
1762 -126.308
1763 -125.907
1764 -125.731
1765 -123.386
1766 -124.414
1767 -122.295
1768 -122.739
1769 -122.113
1770 -120.672
1771 -120.175
1772 -121.02
1773 -120.583
1774 -118.794
1775 -118.792
1776 -116.59
1777 -115.201
1778 -114.779
1779 -114.245
1780 -114.099
1781 -115.028
1782 -115.577
1783 -114.771
1784 -114.09
1785 -115.294
1786 -114.171
1787 -114.988
1788 -115.427
1789 -114.148
1790 -114.21
1791 -114.91
1792 -115.873
1793 -115.436
1794 -115.973
1795 -117.382
1796 -116.851
1797 -117.266
1798 -116.94
1799 -117.624
1800 -117.867
1801 -119.196
1802 -118.915
1803 -122.221
1804 -120.586
1805 -120.781
1806 -120.439
1807 -122.416
1808 -122.206
1809 -122.319
1810 -123.26
1811 -122.166
1812 -122.337
1813 -124.225
1814 -124.324
1815 -123.356
1816 -123.257
1817 -123.345
1818 -124.257
1819 -124.906
1820 -125.499
1821 -124.328
1822 -124.513
1823 -124.32
1824 -124.734
1825 -126.128
1826 -125.858
1827 -124.303
1828 -125.786
1829 -125.723
1830 -126.054
1831 -124.944
1832 -124.46
1833 -125.04
1834 -126.382
1835 -125.393
1836 -127.339
1837 -126.401
1838 -126.317
1839 -125.352
1840 -126.436
1841 -126.149
1842 -125.792
1843 -127.098
1844 -126.071
1845 -125.359
1846 -125.911
1847 -125.977
1848 -125.114
1849 -126.878
1850 -126.801
1851 -125.433
1852 -124.989
1853 -125.453
1854 -126.62
1855 -126.631
1856 -124.978
1857 -125.72
1858 -126.564
1859 -125.923
1860 -125.338
1861 -125.84
1862 -125.384
1863 -127.167
1864 -123.828
1865 -124.952
1866 -124.842
1867 -123.705
1868 -123.497
1869 -121.317
1870 -121.589
1871 -120.112
1872 -121.198
1873 -120.496
1874 -118.482
1875 -119.376
1876 -117.228
1877 -116.089
1878 -116.29
1879 -113.032
1880 -114.216
1881 -113.849
1882 -114.114
1883 -112.845
1884 -111.352
1885 -111.933
1886 -110.259
1887 -109.281
1888 -107.83
1889 -106.882
1890 -107.001
1891 -108.261
1892 -106.364
1893 -105.365
1894 -105.797
1895 -106.878
1896 -106.208
1897 -106.975
1898 -107.435
1899 -107.629
1900 -107.006
1901 -107.806
1902 -107.141
1903 -109.408
1904 -107.62
1905 -108.367
1906 -109.944
1907 -108.206
1908 -109.411
1909 -109.285
1910 -110.338
1911 -110.853
1912 -111.888
1913 -114.031
1914 -114.636
1915 -114.267
1916 -116.026
1917 -115.328
1918 -117.451
1919 -116.714
1920 -116.867
1921 -117.862
1922 -116.371
1923 -117.624
1924 -118.209
1925 -117.653
1926 -117.423
1927 -117.978
1928 -117.219
1929 -116.779
1930 -119.061
1931 -118.855
1932 -118.145
1933 -118.241
1934 -118.894
1935 -119.301
1936 -119.02
1937 -119.59
1938 -118.912
1939 -117.72
1940 -119.24
1941 -119.785
1942 -119.243
1943 -120.859
1944 -121.327
1945 -121.308
1946 -121.304
1947 -120.527
1948 -120.742
1949 -119.995
1950 -120.596
1951 -121.537
1952 -123.395
1953 -120.945
1954 -121.628
1955 -121.425
1956 -121.671
1957 -121.001
1958 -123.732
1959 -119.188
1960 -121.508
1961 -121.306
1962 -120.609
1963 -122.318
1964 -120.765
1965 -120.243
1966 -120.312
1967 -120.517
1968 -120.413
1969 -120.302
1970 -123.191
1971 -120.154
1972 -123.477
1973 -122.456
1974 -121.388
1975 -121.736
1976 -121.277
1977 -121.726
1978 -121.478
1979 -121.524
1980 -121.024
1981 -121.166
1982 -121.602
1983 -121.313
1984 -122.588
1985 -122.758
1986 -121.203
1987 -122.548
1988 -121.082
1989 -123.781
1990 -122.874
1991 -122.332
1992 -121.844
1993 -123.285
1994 -121.652
1995 -121.661
1996 -122.092
1997 -122.31
1998 -121.918
1999 -122.32
2000 -122.54
2001 -120.923
2002 -121.555
2003 -121.37
2004 -121.063
2005 -121.012
2006 -120.922
2007 -121.914
2008 -122.793
2009 -122.959
2010 -121.538
2011 -122.49
2012 -121.843
2013 -121.804
2014 -123.469
2015 -124.147
2016 -122.758
2017 -121.345
2018 -123.639
2019 -122.808
2020 -123.34
2021 -123.424
2022 -124.332
2023 -124.341
2024 -123.961
2025 -122.889
2026 -123.535
2027 -123.719
2028 -123.503
2029 -123.666
2030 -121.473
2031 -124.061
2032 -122.036
2033 -122.329
2034 -122.42
2035 -123.462
2036 -121.596
2037 -122.72
2038 -121.18
2039 -121.292
2040 -121.877
2041 -123.991
2042 -122.851
2043 -123.314
2044 -122.41
2045 -122.764
2046 -121.736
2047 -121.85
2048 -122.821
2049 -123.033
2050 -124.034
2051 -122.691
2052 -123.828
2053 -123.518
2054 -124.63
2055 -123.544
2056 -124.786
2057 -125.162
2058 -124.99
2059 -124.766
2060 -123.993
2061 -124.073
2062 -124.464
2063 -123.694
2064 -123.785
2065 -124.443
2066 -124.37
2067 -124.608
2068 -124.636
2069 -123.473
2070 -124.031
2071 -123.408
2072 -120.697
2073 -122.129
2074 -121.761
2075 -123.129
2076 -123.083
2077 -125.823
2078 -124.391
2079 -123.871
2080 -123.397
2081 -124.652
2082 -125.051
2083 -123.985
2084 -124.086
2085 -125.789
2086 -124.115
2087 -126.339
2088 -125.468
2089 -125.468
2090 -125.488
2091 -124.11
2092 -125.293
2093 -125.913
2094 -125.832
2095 -124.812
2096 -124.375
2097 -124.471
2098 -125.852
2099 -125.2
2100 -126.298
2101 -124.537
2102 -125.495
2103 -125.831
2104 -126.021
2105 -123.41
2106 -124.917
2107 -124.411
2108 -124.532
2109 -124.674
2110 -123.963
2111 -124.669
2112 -125.711
2113 -124.166
2114 -125.038
2115 -125.221
2116 -123.623
2117 -125.401
2118 -125.62
2119 -125.587
2120 -124.333
2121 -126.396
2122 -124.705
2123 -124.57
2124 -125.394
2125 -125.139
2126 -125.857
2127 -125.469
2128 -126.138
2129 -125.225
2130 -126.849
2131 -125.915
2132 -127.13
2133 -127.37
2134 -126.94
2135 -126.52
2136 -126.3
2137 -125.121
2138 -125.759
2139 -127.34
2140 -126.03
2141 -125.046
2142 -125.243
2143 -124.913
2144 -124.342
2145 -124.579
2146 -125.5
2147 -125.287
2148 -125.676
2149 -125.37
2150 -126.621
2151 -126.059
2152 -125.79
2153 -125.643
2154 -126.691
2155 -127.264
2156 -128.142
2157 -125.694
2158 -125.041
2159 -127.738
2160 -126.194
2161 -129.007
2162 -125.238
2163 -125.882
2164 -127.08
2165 -127.891
2166 -127.68
2167 -126.353
2168 -126.639
2169 -126.091
2170 -126.425
2171 -126.906
2172 -127.129
2173 -125.631
2174 -127.25
2175 -124.549
2176 -126.11
2177 -126.3
2178 -124.621
2179 -125.791
2180 -126.337
2181 -125.906
2182 -126.893
2183 -127.498
2184 -127.724
2185 -126.242
2186 -126.198
2187 -125.727
2188 -127.85
2189 -125.986
2190 -125.601
2191 -126.476
2192 -126.408
2193 -126.544
2194 -126.519
2195 -127.006
2196 -127.813
2197 -126.733
2198 -127
2199 -128.262
2200 -128.793
2201 -128.467
2202 -127.413
2203 -127.864
2204 -127.748
2205 -129.04
2206 -126.978
2207 -128.209
2208 -126.374
2209 -127.213
2210 -128.195
2211 -124.97
2212 -127.31
2213 -126.553
2214 -126.381
2215 -127.557
2216 -126.656
2217 -126.466
2218 -129.369
2219 -129.348
2220 -129.13
2221 -129.181
2222 -128.681
2223 -129.994
2224 -132.265
2225 -132.149
2226 -132.135
2227 -133.611
2228 -131.343
2229 -134.976
2230 -136.526
2231 -136.388
2232 -135.849
2233 -136.178
2234 -136.881
2235 -138.693
2236 -140.056
2237 -139.521
2238 -140.945
2239 -143.27
2240 -142.468
2241 -142
2242 -142.325
2243 -142.543
2244 -141.966
2245 -144.818
2246 -143.653
2247 -143.575
2248 -143.036
2249 -145.073
2250 -143.968
2251 -145.649
2252 -141.557
2253 -140.441
2254 -142.059
2255 -142.114
2256 -141.955
2257 -140.999
2258 -139.917
2259 -139.409
2260 -138.663
2261 -138.312
2262 -138.251
2263 -140.011
2264 -137.675
2265 -136.735
2266 -134.811
2267 -134.485
2268 -134.346
2269 -135.368
2270 -134.687
2271 -134.339
2272 -131.774
2273 -130.265
2274 -134.438
2275 -131.909
2276 -134.251
2277 -132.901
2278 -132.108
2279 -131.425
2280 -129.446
2281 -130.991
2282 -131.204
2283 -131.001
2284 -130.692
2285 -131.593
2286 -131.635
2287 -130.83
2288 -131.251
2289 -130.024
2290 -129.358
2291 -130.696
2292 -131.955
2293 -130.588
2294 -129.866
2295 -130.078
2296 -130.743
2297 -129.484
2298 -131.299
2299 -129.252
2300 -129.513
2301 -131.473
2302 -129.919
2303 -130.145
2304 -128.987
2305 -129.758
2306 -129.194
2307 -130.833
2308 -130.672
2309 -129.918
2310 -130.036
2311 -129.96
2312 -129.968
2313 -130.693
2314 -129.734
2315 -129.43
2316 -129.838
2317 -128.92
2318 -128.633
2319 -128.799
2320 -127.69
2321 -128.717
2322 -128.232
2323 -129.607
2324 -129.758
2325 -129.291
2326 -128.793
2327 -130.101
2328 -130.793
2329 -131.79
2330 -130.214
2331 -131.121
2332 -132.426
2333 -133.115
2334 -133.304
2335 -134.049
2336 -136.034
2337 -134.577
2338 -135.898
2339 -136.025
2340 -137.527
2341 -139.235
2342 -137.619
2343 -138.456
2344 -140.541
2345 -140.703
2346 -141.715
2347 -141.613
2348 -142.773
2349 -144.229
2350 -144.441
2351 -146.963
2352 -148.202
2353 -147.154
2354 -148.958
2355 -149.697
2356 -150.799
2357 -151.368
2358 -151.021
2359 -150.998
2360 -151.557
2361 -150.912
2362 -151.213
2363 -151.006
2364 -150.616
2365 -150.812
2366 -150.426
2367 -149.893
2368 -149.766
2369 -149.214
2370 -146.432
2371 -148.852
2372 -148.589
2373 -146.131
2374 -146.466
2375 -146.343
2376 -144.137
2377 -142.836
2378 -145.787
2379 -142.678
2380 -143.122
2381 -143.461
2382 -140.512
2383 -141.42
2384 -140.01
2385 -139.645
2386 -139.853
2387 -140.572
2388 -139.212
2389 -138.864
2390 -138.606
2391 -139.004
2392 -136.976
2393 -137.155
2394 -137.489
2395 -138.323
2396 -137.618
2397 -135.935
2398 -137.004
2399 -137.411
2400 -137.113
2401 -137.052
2402 -135.84
2403 -137
2404 -136.684
2405 -136.254
2406 -137.073
2407 -136.992
2408 -137.65
2409 -136.902
2410 -136.82
2411 -136.728
2412 -138.06
2413 -137.842
2414 -137.203
2415 -137.494
2416 -136.576
2417 -135.701
2418 -136.847
2419 -136.453
2420 -138.038
2421 -136.096
2422 -135.057
2423 -133.459
2424 -136.072
2425 -134.563
2426 -134.877
2427 -134.086
2428 -134.882
2429 -135.242
2430 -136.346
2431 -133.635
2432 -135.285
2433 -133.79
2434 -133.448
2435 -135.446
2436 -134.309
2437 -134.786
2438 -135.585
2439 -133.869
2440 -136.64
2441 -135.092
2442 -135.219
2443 -136.435
2444 -136.433
2445 -136.474
2446 -135.475
2447 -136.432
2448 -135.898
2449 -136.351
2450 -135.54
2451 -134.909
2452 -135.909
2453 -135.683
2454 -135.023
2455 -135.109
2456 -135.324
2457 -135.656
2458 -134.43
2459 -134.531
2460 -135.123
2461 -135.698
2462 -135.547
2463 -134.995
2464 -134.028
2465 -135.121
2466 -134.967
2467 -133.826
2468 -134.448
2469 -134.982
2470 -134.543
2471 -132.158
2472 -135.24
2473 -133.965
2474 -134.33
2475 -134.343
2476 -133.806
2477 -134.318
2478 -135.017
2479 -135.071
2480 -134.612
2481 -136.229
2482 -135.517
2483 -134.141
2484 -134.687
2485 -135.321
2486 -135.245
2487 -134.593
2488 -137.165
2489 -134.878
2490 -134.55
2491 -134.924
2492 -134.149
2493 -133.657
2494 -133.837
2495 -134.075
2496 -134.84
2497 -134.82
2498 -133.746
2499 -134.181
2500 -133.508
2501 -132.195
2502 -133.902
2503 -133.002
2504 -133.732
2505 -134.177
2506 -131.949
2507 -134.75
2508 -131.952
2509 -133.445
2510 -132.941
2511 -132.763
2512 -131.826
2513 -133.455
2514 -134.077
2515 -133.025
2516 -134.604
2517 -133.692
2518 -133.754
2519 -133.655
2520 -133.355
2521 -134.307
2522 -134.901
2523 -132.591
2524 -133.465
2525 -133.668
2526 -133.05
2527 -134.148
2528 -133.404
2529 -133.756
2530 -132.796
2531 -134.478
2532 -134.332
2533 -133.691
2534 -132.043
2535 -132.74
2536 -132.918
2537 -132.455
2538 -133.163
2539 -131.152
2540 -132.29
2541 -133.401
2542 -133.095
2543 -132.49
2544 -132.45
2545 -132.833
2546 -131.047
2547 -131.194
2548 -132.386
2549 -131.898
2550 -133.318
2551 -134.001
2552 -131.929
2553 -133.977
2554 -132.454
2555 -134.405
2556 -134.447
2557 -133.072
2558 -134.021
2559 -134.024
2560 -133.588
2561 -133.157
2562 -132.302
2563 -131.218
2564 -131.429
2565 -131.038
2566 -132.614
2567 -130.478
2568 -132.034
2569 -132.328
2570 -131.569
2571 -132.624
2572 -131.307
2573 -132.937
2574 -131.881
2575 -131.908
2576 -131.531
2577 -131.626
2578 -130.948
2579 -131.253
2580 -129.812
2581 -131.141
2582 -130.335
2583 -130.852
2584 -131.798
2585 -131.823
2586 -132.084
2587 -132.469
2588 -132.108
2589 -132.45
2590 -132.67
2591 -132.527
2592 -131.797
2593 -134.231
2594 -132.684
2595 -132.103
2596 -132.789
2597 -131.936
2598 -131.725
2599 -130.239
2600 -130.323
2601 -132.372
2602 -130.872
2603 -131.839
2604 -132.033
2605 -131.063
2606 -131.312
2607 -128.893
2608 -130.846
2609 -130.196
2610 -131.943
2611 -131.034
2612 -129.65
2613 -129.878
2614 -131.944
2615 -130.081
2616 -130.059
2617 -130.873
2618 -129.628
2619 -130.687
2620 -130.135
2621 -130.938
2622 -131.514
2623 -131.831
2624 -130.735
2625 -130.951
2626 -131.59
2627 -132.283
2628 -132.503
2629 -131.853
2630 -131.719
2631 -130.851
2632 -132.256
2633 -130.015
2634 -129.191
2635 -130.506
2636 -130.823
2637 -130.105
2638 -131.363
2639 -130.545
2640 -130.05
2641 -130.674
2642 -131.316
2643 -129.497
2644 -128.304
2645 -129.262
2646 -128.835
2647 -129.872
2648 -129.567
2649 -129.702
2650 -129.593
2651 -128.016
2652 -129.338
2653 -128.974
2654 -129.161
2655 -130.996
2656 -131.009
2657 -130.649
2658 -131.545
2659 -131.501
2660 -129.854
2661 -131.806
2662 -130.223
2663 -132.661
2664 -130.771
2665 -129.289
2666 -130.949
2667 -130.087
2668 -130.25
2669 -129.618
2670 -128.961
2671 -129.88
2672 -128.333
2673 -130.251
2674 -130.606
2675 -128.332
2676 -129.333
2677 -129.639
2678 -128.87
2679 -128.114
2680 -128.686
2681 -128.777
2682 -127.112
2683 -128.549
2684 -126.761
2685 -126.509
2686 -125.697
2687 -126.627
2688 -126.001
2689 -126.006
2690 -126.405
2691 -123.577
2692 -126.051
2693 -124.845
2694 -122.756
2695 -123.045
2696 -121.842
2697 -120.205
2698 -120.463
2699 -121.126
2700 -118.147
2701 -118.815
2702 -119.16
2703 -115.98
2704 -116.12
2705 -114.317
2706 -115.053
2707 -113.798
2708 -114.708
2709 -114.355
2710 -113.216
2711 -113.439
2712 -113.595
2713 -112.131
2714 -113.25
2715 -113.933
2716 -112.991
2717 -114.728
2718 -114.131
2719 -114.345
2720 -113.802
2721 -113.786
2722 -114.984
2723 -116.129
2724 -115.325
2725 -116.522
2726 -115.871
2727 -116.171
2728 -118.163
2729 -116.667
2730 -120.246
2731 -118.374
2732 -118.878
2733 -122.146
2734 -119.801
2735 -119.987
2736 -119.703
2737 -119.089
2738 -122.702
2739 -122.519
2740 -122.897
2741 -122.074
2742 -123.368
2743 -122.962
2744 -122.946
2745 -123.257
2746 -122.935
2747 -124.47
2748 -124.52
2749 -124.655
2750 -123.808
2751 -122.654
2752 -122.627
2753 -123.679
2754 -123.922
2755 -123.291
2756 -124.196
2757 -125.443
2758 -124.091
2759 -125.363
2760 -124.28
2761 -125.399
2762 -126.105
2763 -125.2
2764 -124.95
2765 -124.367
2766 -126.04
2767 -124.459
2768 -124.077
2769 -125.739
2770 -124.229
2771 -122.882
2772 -125.292
2773 -125.788
2774 -124.68
2775 -124.891
2776 -125.528
2777 -125.277
2778 -124.519
2779 -125.484
2780 -126.649
2781 -125.219
2782 -123.526
2783 -124.784
2784 -124.76
2785 -124.095
2786 -124.878
2787 -125.295
2788 -124.782
2789 -124.943
2790 -124.551
2791 -124.241
2792 -124.56
2793 -123.001
2794 -122.819
2795 -124.627
2796 -121.5
2797 -122.627
2798 -121.252
2799 -119.124
2800 -118.756
2801 -118.387
2802 -118.386
2803 -117.338
2804 -116.776
2805 -116.196
2806 -115.149
2807 -113.506
2808 -113.828
2809 -112.492
2810 -111.978
2811 -110.132
2812 -111.497
2813 -110.127
2814 -108.83
2815 -108.377
2816 -106.835
2817 -107.086
2818 -105.771
2819 -106.544
2820 -104.782
2821 -105.865
2822 -104.51
2823 -105.889
2824 -105.126
2825 -105.028
2826 -106.427
2827 -105.654
2828 -106.596
2829 -106.62
2830 -107.269
2831 -106.903
2832 -107.61
2833 -108.444
2834 -109.023
2835 -109.292
2836 -111.144
2837 -111.529
2838 -110.236
2839 -111.717
2840 -110.843
2841 -112.35
2842 -115.262
2843 -114.847
2844 -115.571
2845 -115.656
2846 -116.953
2847 -115.977
2848 -117.086
2849 -115.924
2850 -117.036
2851 -116.729
2852 -118.008
2853 -117.594
2854 -117.338
2855 -117.328
2856 -118.68
2857 -116.632
2858 -117.045
2859 -117.953
2860 -117.852
2861 -117.097
2862 -119.694
2863 -117.61
2864 -118.832
2865 -118.026
2866 -118.479
2867 -120.121
2868 -120.425
2869 -119.058
2870 -121.009
2871 -120.033
2872 -119.829
2873 -120.105
2874 -119.843
2875 -120.462
2876 -120.781
2877 -121.708
2878 -121.464
2879 -121.288
2880 -121.555
2881 -120.452
2882 -120.648
2883 -121.119
2884 -121.729
2885 -122.409
2886 -120.652
2887 -122.208
2888 -120.846
2889 -120.169
2890 -121.433
2891 -120.378
2892 -121.888
2893 -120.599
2894 -120.228
2895 -120.672
2896 -120.652
2897 -119.143
2898 -120.173
2899 -121.04
2900 -121.385
2901 -121.29
2902 -121.56
2903 -121.052
2904 -120.641
2905 -120.805
2906 -122.356
2907 -121.798
2908 -121.434
2909 -120.867
2910 -121.018
2911 -124.021
2912 -121.697
2913 -122.687
2914 -120.931
2915 -122.322
2916 -121.776
2917 -121.353
2918 -121.799
2919 -121.807
2920 -122.572
2921 -121.482
2922 -122.166
2923 -121.518
2924 -122.296
2925 -120.835
2926 -121.061
2927 -122.362
2928 -121.102
2929 -121.901
2930 -119.786
2931 -121.441
2932 -120.873
2933 -120.921
2934 -121.13
2935 -120.757
2936 -121.908
2937 -122.959
2938 -121.917
2939 -122.375
2940 -122.42
2941 -121.726
2942 -123.404
2943 -122.432
2944 -121.979
2945 -123.708
2946 -123.994
2947 -122.866
2948 -122.51
2949 -122.423
2950 -123.306
2951 -121.934
2952 -122.719
2953 -120.766
2954 -122.896
2955 -122.85
2956 -124.683
2957 -123.298
2958 -122.689
2959 -122.34
2960 -122.364
2961 -121.98
2962 -123.949
2963 -122.502
2964 -123.026
2965 -121.532
2966 -122.802
2967 -122.685
2968 -122.407
2969 -121.784
2970 -122.595
2971 -121.982
2972 -122.326
2973 -123.076
2974 -122.176
2975 -123.464
2976 -121.171
2977 -121.647
2978 -124.106
2979 -123.355
2980 -123.605
2981 -124.367
2982 -121.999
2983 -123.557
2984 -123.381
2985 -122.56
2986 -122.814
2987 -123.957
2988 -124.2
2989 -125.049
2990 -124.23
2991 -123.653
2992 -124.814
2993 -124.876
2994 -123.585
2995 -123.927
2996 -124.5
2997 -123.557
2998 -124.028
2999 -124.114
3000 -123.415
3001 -123.13
3002 -122.732
3003 -124.021
3004 -122.146
3005 -123.041
3006 -124.586
3007 -124.833
3008 -123.394
3009 -123.996
3010 -124.495
3011 -123.991
3012 -123.09
3013 -123.4
3014 -125.01
3015 -123.489
3016 -125.748
3017 -125.816
3018 -124.635
3019 -124.533
3020 -124.268
3021 -122.708
3022 -123.32
3023 -124.291
3024 -123.717
3025 -126.049
3026 -123.967
3027 -125.989
3028 -124.822
3029 -124.236
3030 -124.371
3031 -124.596
3032 -125.375
3033 -124.09
3034 -124.212
3035 -123.068
3036 -122.655
3037 -123.281
3038 -123.49
3039 -125.118
3040 -124.184
3041 -125.747
3042 -125.432
3043 -123.954
3044 -122.474
3045 -123.535
3046 -124.733
3047 -124.499
3048 -124.559
3049 -125.012
3050 -125.401
3051 -123.801
3052 -126.437
3053 -125.435
3054 -125.133
3055 -125.581
3056 -125.789
3057 -125.153
3058 -125.028
3059 -126.073
3060 -127.25
3061 -126.715
3062 -126.075
3063 -127.046
3064 -125.212
3065 -127.159
3066 -124.639
3067 -125.674
3068 -125.204
3069 -124.815
3070 -124.46
3071 -124.598
3072 -124.051
3073 -125.337
3074 -125.795
3075 -124.911
3076 -126.562
3077 -126.356
3078 -125.86
3079 -126.602
3080 -126.08
3081 -125.354
3082 -125.706
3083 -124.983
3084 -125.553
3085 -126.116
3086 -126.24
3087 -126.935
3088 -126.858
3089 -128.717
3090 -127.109
3091 -125.356
3092 -125.118
3093 -126.476
3094 -126.687
3095 -126.387
3096 -127.473
3097 -126.745
3098 -127.698
3099 -127.325
3100 -126.082
3101 -126.918
3102 -127.764
3103 -125.755
3104 -125.601
3105 -126.505
3106 -124.614
3107 -125.135
3108 -124.601
3109 -125.842
3110 -126.324
3111 -125.935
3112 -126.11
3113 -125.334
3114 -127.246
3115 -124.573
3116 -127.19
3117 -125.72
3118 -128.572
3119 -126.293
3120 -127.87
3121 -127.211
3122 -126.857
3123 -126.929
3124 -128.606
3125 -126.579
3126 -128.3
3127 -125.641
3128 -128.297
3129 -128.522
3130 -128.123
3131 -126.526
3132 -128.516
3133 -128.409
3134 -126.88
3135 -127.621
3136 -129.099
3137 -126.825
3138 -127.262
3139 -128.242
3140 -124.763
3141 -126.443
3142 -126.858
3143 -125.725
3144 -127.363
3145 -126.815
3146 -128.269
3147 -128.933
3148 -127.616
3149 -128.517
3150 -128.891
3151 -130.121
3152 -130.774
3153 -131.556
3154 -133.252
3155 -132.275
3156 -134.337
3157 -134.606
3158 -134.888
3159 -135.095
3160 -134.27
3161 -136.503
3162 -136.897
3163 -139.601
3164 -138.298
3165 -139.119
3166 -141.204
3167 -140.281
3168 -142.506
3169 -143.875
3170 -142.062
3171 -143.57
3172 -142.03
3173 -143.836
3174 -144.596
3175 -144.084
3176 -143.693
3177 -144.77
3178 -143.392
3179 -143.219
3180 -141.816
3181 -142.037
3182 -142.509
3183 -141.316
3184 -140.65
3185 -140.086
3186 -139.866
3187 -138.529
3188 -139.364
3189 -138.565
3190 -138.06
3191 -139.241
3192 -138.445
3193 -135.777
3194 -135.44
3195 -134.874
3196 -135.057
3197 -134.54
3198 -134.468
3199 -134.003
3200 -133.38
3201 -131.768
3202 -131.675
3203 -132.014
3204 -131.767
3205 -132.542
3206 -131.555
3207 -131.959
3208 -131.649
3209 -129.649
3210 -131.224
3211 -130.219
3212 -130.952
3213 -129.553
3214 -130.392
3215 -129.369
3216 -130.978
3217 -130.628
3218 -129.582
3219 -131.064
3220 -131.165
3221 -128.349
3222 -129.376
3223 -129.704
3224 -129.945
3225 -129.47
3226 -130.995
3227 -128.783
3228 -127.884
3229 -129.781
3230 -130.652
3231 -129.155
3232 -127.781
3233 -129.267
3234 -131.092
3235 -128.929
3236 -129.842
3237 -129.174
3238 -130.937
3239 -127.4
3240 -129.842
3241 -128.87
3242 -130.404
3243 -130.153
3244 -130.065
3245 -129.478
3246 -128.731
3247 -129.924
3248 -128.879
3249 -128.159
3250 -128.433
3251 -130.253
3252 -130.348
3253 -129.236
3254 -129.498
3255 -127.328
3256 -128.839
3257 -129.449
3258 -129.071
3259 -128.297
3260 -129.097
3261 -129.045
3262 -130.694
3263 -127.851
3264 -130.505
3265 -129.067
3266 -128.878
3267 -129.22
3268 -129.239
3269 -127.558
3270 -128.102
3271 -128.783
3272 -128.596
3273 -128.529
3274 -129.648
3275 -128.823
3276 -129.976
3277 -128.557
3278 -128.019
3279 -129.661
3280 -129.987
3281 -128.763
3282 -127.02
3283 -127.892
3284 -130.341
3285 -127.911
3286 -128.469
3287 -129.833
3288 -129.434
3289 -128.803
3290 -130.511
3291 -128.575
3292 -128.972
3293 -130.501
3294 -129.325
3295 -129.233
3296 -129.412
3297 -129.092
3298 -129.235
3299 -131.162
3300 -129.573
3301 -129.207
3302 -131.347
3303 -129.558
3304 -129.202
3305 -128.944
3306 -129.386
3307 -127.731
3308 -128.813
3309 -129.722
3310 -129.556
3311 -127.98
3312 -129.204
3313 -129.411
3314 -128.408
3315 -129.766
3316 -130.128
3317 -131.301
3318 -130.458
3319 -128.877
3320 -129.514
3321 -128.168
3322 -129.124
3323 -129.518
3324 -128.745
3325 -128.002
3326 -129.147
3327 -129.805
3328 -129.265
3329 -129.259
3330 -129.341
3331 -129.716
3332 -128.408
3333 -129.588
3334 -128.626
3335 -128.836
3336 -129.089
3337 -130.636
3338 -128.554
3339 -130.297
3340 -129.439
3341 -129.111
3342 -128.663
3343 -129.334
3344 -127.609
3345 -129.858
3346 -128.997
3347 -129.393
3348 -129.49
3349 -129.52
3350 -128.119
3351 -128.233
3352 -128.952
3353 -129.343
3354 -129.482
3355 -128.254
3356 -130.12
3357 -129.476
3358 -128.325
3359 -129.68
3360 -129.437
3361 -128.602
3362 -129.028
3363 -130.495
3364 -129.862
3365 -130.252
3366 -129.738
3367 -130.033
3368 -130.442
3369 -129.443
3370 -128.696
3371 -129.969
3372 -129.318
3373 -129.666
3374 -129.452
3375 -128.347
3376 -130.02
3377 -128.439
3378 -129.235
3379 -130.044
3380 -128.874
3381 -129.349
3382 -130.354
3383 -128.855
3384 -128.676
3385 -129.663
3386 -130.332
3387 -129.784
3388 -129.079
3389 -129.127
3390 -129.674
3391 -128.89
3392 -130.022
3393 -131.934
3394 -129.669
3395 -130.667
3396 -129.06
3397 -129.754
3398 -129.492
3399 -129.906
