0 -142.121
1 -142.261
2 -142.353
3 -142.29
4 -143.453
5 -142.75
6 -141.987
7 -142.374
8 -143.758
9 -142.505
10 -143.042
11 -142.73
12 -143.538
13 -143.447
14 -142.606
15 -142.949
16 -143.204
17 -142.665
18 -144.522
19 -142.364
20 -142.218
21 -145.605
22 -142.028
23 -142.029
24 -142.047
25 -142.237
26 -142.479
27 -142.382
28 -143.2
29 -143.349
30 -142.409
31 -143.436
32 -145.847
33 -143.301
34 -145.187
35 -145.51
36 -145.199
37 -144.23
38 -146.077
39 -146.581
40 -147.048
41 -147.266
42 -147.561
43 -147.315
44 -148.956
45 -149.402
46 -150.131
47 -151.231
48 -150.683
49 -149.954
50 -154.107
51 -152.63
52 -153.162
53 -154.51
54 -154.105
55 -154.069
56 -153.201
57 -155.405
58 -153.959
59 -156.156
60 -156.984
61 -156.659
62 -158.092
63 -158.438
64 -159.558
65 -159.52
66 -159.546
67 -160.659
68 -160.017
69 -161.928
70 -162.452
71 -162.985
72 -162.249
73 -163.366
74 -164.047
75 -163.786
76 -164.089
77 -163.507
78 -164.453
79 -162.513
80 -163.969
81 -163.573
82 -163.414
83 -162.122
84 -161.966
85 -162.02
86 -162.367
87 -161.72
88 -160.134
89 -162.217
90 -158.754
91 -159.245
92 -159.549
93 -158.857
94 -157.726
95 -158.056
96 -158.032
97 -157.305
98 -157.222
99 -157.398
100 -156.082
101 -156.767
102 -154.526
103 -155.732
104 -153.611
105 -153.293
106 -151.924
107 -153.652
108 -151.677
109 -152.271
110 -151.135
111 -152.165
112 -151.441
113 -151.719
114 -152.649
115 -151.533
116 -152.438
117 -151.771
118 -151.062
119 -149.916
120 -151.202
121 -150.31
122 -150.327
123 -150.112
124 -149.039
125 -149.385
126 -150.887
127 -148.834
128 -151.717
129 -152.19
130 -151.359
131 -152.308
132 -151.702
133 -150.759
134 -149.629
135 -149.024
136 -150.682
137 -152.149
138 -150.266
139 -149.554
140 -150.726
141 -148.759
142 -150.838
143 -150.522
144 -148.451
145 -149.581
146 -149.932
147 -148.443
148 -147.503
149 -148.423
150 -149.814
151 -151.901
152 -147.891
153 -148.591
154 -148.977
155 -148.171
156 -147.294
157 -146.437
158 -147.586
159 -148.941
160 -146.856
161 -148.565
162 -148.379
163 -147.971
164 -148.868
165 -149.774
166 -148.28
167 -149.486
168 -148.374
169 -148.651
170 -147.72
171 -148.614
172 -147.727
173 -147.828
174 -148.166
175 -149.978
176 -149.228
177 -148.793
178 -150.287
179 -150.014
180 -147.789
181 -150.448
182 -149.231
183 -149.898
184 -149.02
185 -147.985
186 -150.2
187 -150.569
188 -150.137
189 -148.35
190 -149.793
191 -149.992
192 -147.392
193 -147.923
194 -147.727
195 -149.245
196 -148.342
197 -148.917
198 -148.924
199 -150.767
200 -148.761
201 -147.954
202 -148.551
203 -148.05
204 -147.873
205 -147.806
206 -147.866
207 -148.578
208 -148.321
209 -149.009
210 -149.144
211 -149.163
212 -147.794
213 -150.024
214 -148.027
215 -146.46
216 -148.046
217 -147.757
218 -146.384
219 -148.339
220 -147.978
221 -149.212
222 -149.176
223 -149.362
224 -149.593
225 -149.377
226 -148.895
227 -148.566
228 -148.248
229 -147.69
230 -148.895
231 -148.569
232 -148.715
233 -149.026
234 -147.987
235 -148.234
236 -149.646
237 -147.58
238 -149.953
239 -147.177
240 -147.186
241 -145.94
242 -145.999
243 -148.591
244 -147.594
245 -149.886
246 -149.161
247 -150.004
248 -148.144
249 -148.466
250 -147.581
251 -147.089
252 -146.326
253 -148.01
254 -147.755
255 -148.051
256 -147.998
257 -149.828
258 -149.691
259 -148.284
260 -148.817
261 -147.291
262 -146.589
263 -147.28
264 -146.157
265 -147.176
266 -148.324
267 -147.017
268 -148.929
269 -148.664
270 -149.43
271 -149.169
272 -148.81
273 -148.61
274 -149.276
275 -147.04
276 -147.483
277 -147.49
278 -148.108
279 -149.257
280 -150.079
281 -148.257
282 -149.155
283 -148.842
284 -147.508
285 -147.644
286 -146.677
287 -145.732
288 -147.427
289 -145.941
290 -147.825
291 -147.573
292 -148.886
293 -148.778
294 -148.636
295 -148.365
296 -147.477
297 -147.624
298 -147.553
299 -146.126
300 -147.054
301 -147.424
302 -148.152
303 -147.231
304 -147.255
305 -147.247
306 -150.573
307 -148.122
308 -147.158
309 -147.705
310 -147.773
311 -147.628
312 -148.07
313 -147.46
314 -147.835
315 -146.777
316 -149.122
317 -149.76
318 -147.806
319 -150.422
320 -147.663
321 -149.545
322 -149.125
323 -148.243
324 -148.212
325 -148.639
326 -147.868
327 -150.757
328 -149.272
329 -149.573
330 -149.734
331 -151.056
332 -147.206
333 -148.599
334 -148.271
335 -147.751
336 -148.109
337 -150.151
338 -149.546
339 -148.262
340 -149.301
341 -149.754
342 -148.019
343 -147.166
344 -146.938
345 -147.166
346 -146.964
347 -145.596
348 -148.714
349 -149.24
350 -148.543
351 -148.884
352 -148.103
353 -148.586
354 -148.092
355 -148.6
356 -147.272
357 -146.59
358 -146.733
359 -145.846
360 -147.551
361 -149.234
362 -147
363 -149.615
364 -148.467
365 -149.144
366 -148.1
367 -148.26
368 -148.176
369 -149.604
370 -149.091
371 -148.719
372 -148.67
373 -149.116
374 -150.843
375 -149.233
376 -149.298
377 -150.55
378 -148.713
379 -147.569
380 -147.295
381 -147.767
382 -145.878
383 -146.816
384 -148.231
385 -148.314
386 -148.731
387 -149.901
388 -149.131
389 -146.686
390 -147.427
391 -146.604
392 -147.138
393 -145.536
394 -148.623
395 -147.501
396 -147.164
397 -149.182
398 -148.103
399 -147.546
400 -147.964
401 -146.558
402 -146.844
403 -146.865
404 -146.467
405 -146.793
406 -147.216
407 -147.446
408 -147.351
409 -147.791
410 -148.004
411 -148.768
412 -148.33
413 -148.719
414 -149.121
415 -147.763
416 -148.183
417 -147.737
418 -148.174
419 -150.306
420 -147.778
421 -147.942
422 -148.881
423 -149.351
424 -147.238
425 -146.197
426 -147.943
427 -146.49
428 -147.532
429 -147.435
430 -147.175
431 -148.164
432 -147.098
433 -148.264
434 -148.224
435 -148.442
436 -146.863
437 -146.655
438 -146.686
439 -147.373
440 -147.397
441 -146.854
442 -147.649
443 -147.068
444 -146.861
445 -147.272
446 -147.055
447 -148.729
448 -146.794
449 -147.517
450 -147.276
451 -147.69
452 -145.07
453 -146.159
454 -146.32
455 -147.792
456 -148.072
457 -147.703
458 -148.11
459 -148.521
460 -147.405
461 -148.278
462 -148.24
463 -147.664
464 -148.036
465 -146.837
466 -148.148
467 -149.228
468 -149.699
469 -151.264
470 -148.748
471 -148.38
472 -148.049
473 -147.429
474 -147.313
475 -145.83
476 -147.463
477 -145.017
478 -147.072
479 -148.366
480 -148.316
481 -148.62
482 -148.001
483 -145.82
484 -146.473
485 -146.654
486 -146.231
487 -146.549
488 -147.359
489 -148.91
490 -147.293
491 -145.327
492 -146.395
493 -146.993
494 -147.63
495 -146.28
496 -147.886
497 -146.573
498 -145.807
499 -145.427
500 -146.55
501 -147.566
502 -147.53
503 -148.811
504 -147.636
505 -147.609
506 -148.608
507 -148.191
508 -147.867
509 -146.518
510 -148.011
511 -147.712
512 -148.053
513 -146.613
514 -147.237
515 -147.2
516 -147.097
517 -145.966
518 -145.473
519 -145.112
520 -143.874
521 -142.054
522 -143.583
523 -143.136
524 -142.71
525 -142.637
526 -139.251
527 -142.168
528 -140.849
529 -139.226
530 -139.797
531 -138.862
532 -137.609
533 -136.325
534 -136.237
535 -134.739
536 -136.528
537 -134.574
538 -135.201
539 -135.923
540 -136.131
541 -135.317
542 -134.349
543 -134.448
544 -133.253
545 -131.868
546 -132.631
547 -132.602
548 -131.768
549 -131.603
550 -131.183
551 -131.273
552 -131.898
553 -131.053
554 -131.445
555 -129.862
556 -130.686
557 -130.557
558 -129.339
559 -129.808
560 -130.801
561 -130.904
562 -130.822
563 -129.464
564 -129.777
565 -130.225
566 -129.949
567 -129.394
568 -127.773
569 -127.007
570 -128.335
571 -129.681
572 -128.021
573 -128.073
574 -127.869
575 -127.627
576 -126.778
577 -125.976
578 -124.582
579 -124.813
580 -124.317
581 -123.801
582 -124.809
583 -122.172
584 -124.011
585 -123.088
586 -123.698
587 -123.744
588 -123.207
589 -122.019
590 -122.308
591 -120.876
592 -122.167
593 -121.833
594 -121.653
595 -122.005
596 -121.63
597 -121.418
598 -121.838
599 -122.901
600 -123.614
601 -123.251
602 -123.167
603 -123.212
604 -123.013
605 -124.181
606 -124.934
607 -124.869
608 -127.336
609 -127.068
610 -128.22
611 -129.578
612 -128.729
613 -129.588
614 -130.257
615 -129.902
616 -129.906
617 -131.321
618 -132.55
619 -133.907
620 -133.172
621 -135.722
622 -133.891
623 -134.05
624 -135.077
625 -134.187
626 -134.327
627 -135.161
628 -135.933
629 -135.771
630 -136.202
631 -135.994
632 -136.94
633 -135.8
634 -136.995
635 -136.995
636 -136.314
637 -136.176
638 -138.252
639 -137.512
640 -137.133
641 -138.549
642 -138.275
643 -139.283
644 -138.733
645 -138.743
646 -138.814
647 -137.63
648 -138.26
649 -138.437
650 -136.508
651 -137.536
652 -137.401
653 -138.935
654 -135.642
655 -137.582
656 -136.506
657 -137.1
658 -136.647
659 -137.852
660 -137.585
661 -137.966
662 -137.225
663 -137.791
664 -137.335
665 -139.918
666 -139.068
667 -138.846
668 -138.968
669 -138.681
670 -138.499
671 -136.935
672 -137.328
673 -138.75
674 -138.59
675 -137.299
676 -139.358
677 -138.37
678 -139.345
679 -139.29
680 -138.304
681 -138.509
682 -139.138
683 -137.91
684 -137.42
685 -136.993
686 -139.12
687 -138.662
688 -137.892
689 -138.849
690 -140.796
691 -140.43
692 -139.858
693 -140.727
694 -139.294
695 -138.621
696 -137.392
697 -137.737
698 -137.844
699 -138.161
700 -137.897
701 -137.451
702 -137.497
703 -138.34
704 -138.706
705 -137.997
706 -137.313
707 -135.381
708 -136.979
709 -137.997
710 -137.936
711 -139.506
712 -139.133
713 -140.572
714 -138.959
715 -138.885
716 -138.087
717 -138.068
718 -138.716
719 -137.92
720 -136.868
721 -140.042
722 -138.243
723 -139.079
724 -139.351
725 -139.284
726 -139.725
727 -138.839
728 -138.272
729 -138.58
730 -138.396
731 -139.153
732 -140.462
733 -139.037
734 -139.905
735 -140.381
736 -141.014
737 -140.153
738 -141.005
739 -139.758
740 -139.747
741 -140.102
742 -140.505
743 -139.141
744 -138.739
745 -138.658
746 -138.033
747 -138.686
748 -138.512
749 -138.708
750 -138.375
751 -137.045
752 -137.617
753 -137.813
754 -136.092
755 -136.538
756 -137.143
757 -139.153
758 -138.228
759 -138.762
760 -139.332
761 -139.785
762 -139.205
763 -138.982
764 -137.882
765 -139.418
766 -139.234
767 -140.149
768 -138.839
769 -139.222
770 -138.407
771 -140.709
772 -139.658
773 -140.358
774 -137.955
775 -139.969
776 -138.818
777 -138.923
778 -138.262
779 -138.154
780 -140.752
781 -141.203
782 -139.042
783 -140.775
784 -140.021
785 -140.671
786 -140.398
787 -140.07
788 -139.314
789 -137.816
790 -138.574
791 -137.888
792 -138.648
793 -140.151
794 -138.762
795 -138.699
796 -138.97
797 -138.558
798 -139.119
799 -137.503
800 -138.484
801 -137.937
802 -137.391
803 -138.967
804 -138.881
805 -139.604
806 -139.596
807 -139.381
808 -139.063
809 -138.456
810 -138.912
811 -138.039
812 -136.938
813 -139.195
814 -139.472
815 -139.465
816 -140.159
817 -138.019
818 -139.559
819 -140.452
820 -140.231
821 -140.458
822 -140.534
823 -141.429
824 -137.175
825 -138.79
826 -139.584
827 -139.873
828 -138.519
829 -139.346
830 -140.089
831 -140.991
832 -140.912
833 -139.967
834 -139.909
835 -141.028
836 -140.558
837 -138.464
838 -139.273
839 -139.74
840 -139.152
841 -139.83
842 -138.563
843 -138.265
844 -138.667
845 -138.741
846 -138.38
847 -137.23
848 -138.211
849 -138.285
850 -138.372
851 -139.587
852 -139.676
853 -140.103
854 -138.917
855 -139.126
856 -138.558
857 -140.938
858 -140.368
859 -139.116
860 -137.958
861 -138.866
862 -138.568
863 -140.527
864 -139.18
865 -139.895
866 -140.014
867 -140.582
868 -139.022
869 -139.66
870 -139.908
871 -137.826
872 -139.89
873 -139.847
874 -139.111
875 -139.234
876 -141.091
877 -141.269
878 -140.632
879 -140.757
880 -139.561
881 -140.785
882 -139.939
883 -140.174
884 -139.718
885 -137.665
886 -138.223
887 -140.412
888 -139.08
889 -139.362
890 -138.078
891 -138.352
892 -136.79
893 -137.166
894 -137.272
895 -137.984
896 -139.069
897 -140.142
898 -140.007
899 -140.347
900 -139.135
901 -140.773
902 -139.968
903 -140.211
904 -139.299
905 -139.717
906 -140.464
907 -140.7
908 -140.047
909 -139.973
910 -139.408
911 -139.82
912 -141.41
913 -138.741
914 -139.389
915 -140.159
916 -140.825
917 -140.001
918 -139.311
919 -140.215
920 -139.501
921 -139.938
922 -141.345
923 -140.677
924 -139.958
925 -140.876
926 -141.297
927 -139.349
928 -139.839
929 -139.465
930 -140.793
931 -138.852
932 -138.945
933 -139.46
934 -139.81
935 -139.753
936 -139.943
937 -137.973
938 -137.979
939 -139.622
940 -139.361
941 -139.283
942 -140.502
943 -138.901
944 -139.021
945 -140.377
946 -138.816
947 -139.913
948 -139.209
949 -140.046
950 -139.609
951 -138.861
952 -141.501
953 -140.621
954 -139.141
955 -138.91
956 -140.814
957 -139.31
958 -139.663
959 -139.049
960 -140.205
961 -139.997
962 -139.705
963 -140.632
964 -139.383
965 -140.218
966 -139.285
967 -140.119
968 -141.244
969 -140.839
970 -139.799
971 -139.46
972 -140.492
973 -141.497
974 -139.429
975 -139.648
976 -139.059
977 -140.178
978 -140.14
979 -139.414
980 -139.007
981 -139.454
982 -140.432
983 -139.795
984 -139.221
985 -138.817
986 -138.353
987 -139.607
988 -139.209
989 -137.487
990 -138.624
991 -139.152
992 -141.079
993 -140.427
994 -139.625
995 -138.753
996 -140.597
997 -140.889
998 -139.894
999 -139.892
1000 -138.853
1001 -139.994
1002 -140.807
1003 -140.674
1004 -140.721
1005 -138.795
1006 -140.072
1007 -140.577
1008 -139.33
1009 -140.354
1010 -140.894
1011 -140.435
1012 -141.067
1013 -139.894
1014 -141.264
1015 -142.081
1016 -139.897
1017 -141.559
1018 -140.711
1019 -139.996
1020 -141.932
1021 -141.472
1022 -142.746
1023 -143.363
1024 -142.681
1025 -141.813
1026 -140.32
1027 -142.907
1028 -143.164
1029 -143.099
1030 -143.538
1031 -144.821
1032 -143.976
1033 -144.324
1034 -144.876
1035 -145.153
1036 -145.291
1037 -148.917
1038 -148.366
1039 -147.855
1040 -149.819
1041 -148.887
1042 -150.178
1043 -151.431
1044 -152.303
1045 -151.982
1046 -151.852
1047 -150.656
1048 -151.053
1049 -152.522
1050 -152.853
1051 -152.936
1052 -154.271
1053 -154.208
1054 -154.84
1055 -154.674
1056 -155.135
1057 -155.672
1058 -156.373
1059 -156.104
1060 -157.567
1061 -157.712
1062 -157.983
1063 -156.494
1064 -156.776
1065 -156.022
1066 -158.942
1067 -157.143
1068 -156.372
1069 -158.612
1070 -157.225
1071 -158.256
1072 -159.595
1073 -158.184
1074 -160.612
1075 -158.648
1076 -159.77
1077 -158.609
1078 -159.911
1079 -161.089
1080 -160.314
1081 -160.565
1082 -159.847
1083 -160.883
1084 -162.799
1085 -162.212
1086 -163.252
1087 -164.314
1088 -164.15
1089 -163.933
1090 -163.391
1091 -165.726
1092 -163.938
1093 -166.031
1094 -164.552
1095 -165.857
1096 -163.482
1097 -164.37
1098 -164.323
1099 -165.777
1100 -164.839
1101 -164.936
1102 -165.15
1103 -164.442
1104 -164.045
1105 -163.329
1106 -164.112
1107 -165.077
1108 -163.013
1109 -163.679
1110 -164.032
1111 -164.47
1112 -162.064
1113 -161.852
1114 -162.487
1115 -160.329
1116 -159.551
1117 -160.056
1118 -158.538
1119 -157.021
1120 -159.057
1121 -158.229
1122 -156.6
1123 -157.465
1124 -155.919
1125 -155.173
1126 -155.099
1127 -155.167
1128 -154.105
1129 -152.911
1130 -153.366
1131 -152.389
1132 -153.182
1133 -151.916
1134 -152.427
1135 -151.821
1136 -151.615
1137 -151.366
1138 -150.973
1139 -150.848
1140 -150.093
1141 -150.126
1142 -149.867
1143 -149.16
1144 -148.364
1145 -149.197
1146 -149.371
1147 -150.562
1148 -151.095
1149 -151.176
1150 -150.134
1151 -151.477
1152 -149.571
1153 -149.634
1154 -149.584
1155 -151.02
1156 -148.512
1157 -149.136
1158 -150.639
1159 -150.555
1160 -149.201
1161 -151.409
1162 -148.641
1163 -149.122
1164 -147.554
1165 -150.452
1166 -148.609
1167 -147.312
1168 -148.18
1169 -148.969
1170 -147.355
1171 -147.375
1172 -148.198
1173 -148.724
1174 -147.623
1175 -149.027
1176 -147.314
1177 -147.207
1178 -147.542
1179 -146.604
1180 -146.962
1181 -147.598
1182 -147.945
1183 -148.389
1184 -149.418
1185 -147.738
1186 -148.552
1187 -146.804
1188 -147.514
1189 -147.925
1190 -147.262
1191 -146.56
1192 -146.547
1193 -147.295
1194 -147.983
1195 -147.414
1196 -148.758
1197 -149.904
1198 -149.398
1199 -149.5
1200 -148.722
1201 -148.739
1202 -147.276
1203 -146.595
1204 -148.91
1205 -147.738
1206 -147.933
1207 -149.841
1208 -148.628
1209 -148.209
1210 -147.648
1211 -146.729
1212 -147.048
1213 -147.287
1214 -147.189
1215 -147.2
1216 -148.299
1217 -147.326
1218 -148.834
1219 -148.929
1220 -149.555
1221 -147.483
1222 -147.654
1223 -148.445
1224 -146.684
1225 -145.839
1226 -146.885
1227 -146.784
1228 -147.664
1229 -148.918
1230 -148.272
1231 -147.814
1232 -147.485
1233 -149.139
1234 -145.912
1235 -144.823
1236 -146.083
1237 -146.706
1238 -147.474
1239 -147.131
1240 -148.045
1241 -147.744
1242 -147.834
1243 -148.772
1244 -146.973
1245 -148.175
1246 -147.494
1247 -147.902
1248 -147.887
1249 -146.854
1250 -145.469
1251 -147.694
1252 -149.424
1253 -149.306
1254 -147.931
1255 -148.342
1256 -148.271
1257 -149.628
1258 -148.48
1259 -147.852
1260 -147.73
1261 -146.028
1262 -145.595
1263 -146.583
1264 -146.211
1265 -147.724
1266 -147.725
1267 -148.635
1268 -148.016
1269 -148.693
1270 -147.393
1271 -147.143
1272 -146.734
1273 -147.981
1274 -146.714
1275 -145.92
1276 -147.463
1277 -148.996
1278 -146.456
1279 -147.072
1280 -148.076
1281 -147.624
1282 -147.095
1283 -147.5
1284 -146.73
1285 -146.274
1286 -145.887
1287 -147.692
1288 -147.873
1289 -146.35
1290 -147.676
1291 -148.433
1292 -148.53
1293 -147.345
1294 -148.584
1295 -148.814
1296 -147.421
1297 -146.705
1298 -146.594
1299 -147.978
1300 -147.902
1301 -149.428
1302 -148.624
1303 -146.383
1304 -147.864
1305 -147.269
1306 -146.092
1307 -147.259
1308 -146.803
1309 -146.581
1310 -146.672
1311 -148.065
1312 -148.09
1313 -148.12
1314 -146.496
1315 -147.484
1316 -147.276
1317 -146.463
1318 -145.4
1319 -145.43
1320 -145.442
1321 -147.913
1322 -148.515
1323 -146.258
1324 -148.702
1325 -146.962
1326 -147.681
1327 -146.924
1328 -147.198
1329 -145.158
1330 -145.608
1331 -146.22
1332 -147.509
1333 -145.57
1334 -146.411
1335 -148.205
1336 -147.466
1337 -148.264
1338 -149.331
1339 -145.769
1340 -147.628
1341 -147.679
1342 -147.041
1343 -148.453
1344 -147.639
1345 -147.338
1346 -147.482
1347 -148.319
1348 -148.585
1349 -146.287
1350 -147.91
1351 -146.351
1352 -147.582
1353 -147.812
1354 -147.386
1355 -145.861
1356 -145.711
1357 -147.172
1358 -147.258
1359 -146.65
1360 -148.114
1361 -146.958
1362 -146.279
1363 -145.868
1364 -144.78
1365 -145.726
1366 -146.782
1367 -146.318
1368 -145.936
1369 -147.48
1370 -146.888
1371 -147.067
1372 -147.316
1373 -147.605
1374 -146.958
1375 -146.032
1376 -146.417
1377 -146.764
1378 -145.47
1379 -146.275
1380 -145.588
1381 -146.393
1382 -147.598
1383 -147.136
1384 -147.5
1385 -148.429
1386 -146.915
1387 -147.765
1388 -147.735
1389 -147.645
1390 -147.873
1391 -148.578
1392 -147.537
1393 -149.711
1394 -148.376
1395 -147.881
1396 -147.875
1397 -147.398
1398 -148.245
1399 -146.299
1400 -145.946
1401 -146.059
1402 -145.851
1403 -145.901
1404 -146.217
1405 -146.139
1406 -146.543
1407 -146.91
1408 -146.468
1409 -147.116
1410 -147.264
1411 -145.842
1412 -145.522
1413 -144.683
1414 -145.785
1415 -145.21
1416 -146.512
1417 -145.236
1418 -146.165
1419 -147.696
1420 -146.26
1421 -147.105
1422 -145.96
1423 -146.086
1424 -145.252
1425 -144.308
1426 -146.359
1427 -144.911
1428 -146.4
1429 -146.911
1430 -147.044
1431 -147.417
1432 -147.955
1433 -147.932
1434 -148.409
1435 -147.551
1436 -146.838
1437 -146.641
1438 -148.061
1439 -149.544
1440 -147.076
1441 -147.261
1442 -147.308
1443 -148.528
1444 -147.48
1445 -147.546
1446 -147.495
1447 -145.959
1448 -145.289
1449 -146.428
1450 -144.813
1451 -146.149
1452 -144.988
1453 -146.015
1454 -146.761
1455 -146.68
1456 -146.557
1457 -146.895
1458 -145.185
1459 -144.548
1460 -145.411
1461 -146.498
1462 -146.057
1463 -146.225
1464 -146.198
1465 -145.397
1466 -145.686
1467 -145.727
1468 -146.308
1469 -146.659
1470 -146.309
1471 -143.963
1472 -144.482
1473 -145.415
1474 -144.128
1475 -146.698
1476 -146.623
1477 -146.551
1478 -147.076
1479 -148.289
1480 -146.955
1481 -145.188
1482 -146.854
1483 -146.741
1484 -147.512
1485 -147.389
1486 -146.187
1487 -148.278
1488 -146.363
1489 -147.554
1490 -147.442
1491 -146.483
1492 -145.567
1493 -146.257
1494 -145.811
1495 -146.075
1496 -145.53
1497 -145.566
1498 -145.815
1499 -145.863
1500 -146.652
1501 -147.962
1502 -145.929
1503 -148.573
1504 -146.968
1505 -144.343
1506 -145.222
1507 -145.032
1508 -145.242
1509 -144.951
1510 -144.853
1511 -146.32
1512 -146.754
1513 -147.671
1514 -146.66
1515 -145.666
1516 -144.409
1517 -146.385
1518 -146.178
1519 -145.144
1520 -145.156
1521 -145.656
1522 -146.242
1523 -146.187
1524 -146.792
1525 -146.91
1526 -147.375
1527 -144.702
1528 -144.964
1529 -144.644
1530 -144.707
1531 -145.497
1532 -145.179
1533 -145.754
1534 -144.351
1535 -145.557
1536 -146.709
1537 -144.813
1538 -147.152
1539 -144.543
1540 -143.54
1541 -140.999
1542 -142.045
1543 -140.478
1544 -140.942
1545 -141.242
1546 -140.308
1547 -140.989
1548 -139.342
1549 -138.645
1550 -138.602
1551 -138.728
1552 -139.461
1553 -136.949
1554 -136.346
1555 -136.345
1556 -134.505
1557 -132.705
1558 -135.181
1559 -133.955
1560 -134.915
1561 -133.212
1562 -133.896
1563 -135.404
1564 -132.949
1565 -131.396
1566 -132.038
1567 -131.62
1568 -131.638
1569 -131.302
1570 -130.675
1571 -131.741
1572 -130.792
1573 -131.67
1574 -130.881
1575 -128.988
1576 -128.264
1577 -130.041
1578 -129.048
1579 -129.363
1580 -130.189
1581 -127.99
1582 -127.878
1583 -129.294
1584 -129.906
1585 -128.057
1586 -128.643
1587 -128.38
1588 -127.874
1589 -128.766
1590 -129.181
1591 -128.593
1592 -127.496
1593 -128.543
1594 -127.917
1595 -126.105
1596 -125.414
1597 -124.599
1598 -123.814
1599 -123.717
1600 -124.127
1601 -125.635
1602 -122.514
1603 -122.692
1604 -122.653
1605 -122.075
1606 -123.335
1607 -123.8
1608 -122.028
1609 -121.056
1610 -122.19
1611 -121.607
1612 -121.37
1613 -120.599
1614 -121.801
1615 -120.404
1616 -120.933
1617 -122.329
1618 -122.442
1619 -122.995
1620 -122.321
1621 -122.52
1622 -123.695
1623 -122.455
1624 -125.334
1625 -125.229
1626 -124.285
1627 -125.578
1628 -126.214
1629 -126.093
1630 -127.326
1631 -127.43
1632 -127.42
1633 -127.529
1634 -129.445
1635 -128.522
1636 -130.405
1637 -129.135
1638 -130.344
1639 -131.461
1640 -133.248
1641 -133.252
1642 -134.311
1643 -132.513
1644 -133.887
1645 -134.787
1646 -134.562
1647 -134.373
1648 -136.024
1649 -133.808
1650 -134.813
1651 -134.665
1652 -136.3
1653 -135.302
1654 -135.029
1655 -134.964
1656 -136.291
1657 -136.456
1658 -135.368
1659 -137.462
1660 -137.668
1661 -138.084
1662 -138.008
1663 -137.586
1664 -138.581
1665 -138.495
1666 -136.87
1667 -138.445
1668 -138.125
1669 -138.726
1670 -137.728
1671 -137.366
1672 -138.631
1673 -136.769
1674 -137.383
1675 -136.186
1676 -136.713
1677 -137.111
1678 -135.958
1679 -136.647
1680 -137.027
1681 -137.741
1682 -137.238
1683 -137.453
1684 -137.405
1685 -138.253
1686 -137.625
1687 -138.267
1688 -138.228
1689 -138.445
1690 -137.942
1691 -136.524
1692 -136.956
1693 -137.719
1694 -138.638
1695 -138.123
1696 -138.418
1697 -137.574
1698 -139.733
1699 -137.988
1700 -138.458
1701 -138.444
1702 -138.179
1703 -136.775
1704 -137.801
1705 -138.569
1706 -138.62
1707 -138.984
1708 -138.393
1709 -138.519
1710 -139.217
1711 -138.905
1712 -139.498
1713 -139.53
1714 -138.598
1715 -137.818
1716 -137.918
1717 -136.859
1718 -137.548
1719 -140.133
1720 -137.842
1721 -136.323
1722 -138.311
1723 -137.707
1724 -136.877
1725 -139.464
1726 -136.246
1727 -136.242
1728 -136.614
1729 -137.247
1730 -137.436
1731 -137.982
1732 -138.337
1733 -138.184
1734 -139.734
1735 -138.685
1736 -140.327
1737 -138.658
1738 -138.29
1739 -138.503
1740 -138.69
1741 -138.485
1742 -139.302
1743 -138.709
1744 -139.075
1745 -139.297
1746 -139.559
1747 -138.374
1748 -137.585
1749 -138.81
1750 -138.581
1751 -137.491
1752 -137.215
1753 -138.346
1754 -139.665
1755 -137.852
1756 -138.556
1757 -138.962
1758 -139.324
1759 -140.287
1760 -139.667
1761 -139.956
1762 -139.662
1763 -139.151
1764 -138.234
1765 -138.937
1766 -138.419
1767 -139.553
1768 -139.199
1769 -139.099
1770 -137.228
1771 -137.833
1772 -136.213
1773 -138.35
1774 -139.024
1775 -137.937
1776 -137.598
1777 -137.775
1778 -138.331
1779 -140.585
1780 -139.027
1781 -138.878
1782 -138.042
1783 -137.306
1784 -139.727
1785 -139.329
1786 -138.517
1787 -139.135
1788 -138.379
1789 -137.709
1790 -138.796
1791 -138.491
1792 -138.51
1793 -138.815
1794 -139.383
1795 -139.729
1796 -139.763
1797 -138.261
1798 -139.877
1799 -139.156
1800 -139.663
1801 -139.725
1802 -139.345
1803 -139.557
1804 -140.824
1805 -140.374
1806 -139.52
1807 -138.869
1808 -141.36
1809 -138.193
1810 -139.943
1811 -140.022
1812 -137.46
1813 -138.989
1814 -139.168
1815 -138.134
1816 -137.383
1817 -136.901
1818 -136.587
1819 -138.759
1820 -137.919
1821 -136.112
1822 -136.963
1823 -138.458
1824 -138.803
1825 -137.579
1826 -137.167
1827 -138.848
1828 -140.477
1829 -138.274
1830 -139.081
1831 -138.378
1832 -138.707
1833 -138.101
1834 -138.845
1835 -139.738
1836 -139.97
1837 -138.586
1838 -139.683
1839 -138.737
1840 -139.7
1841 -138.875
1842 -140.649
1843 -139.851
1844 -138.934
1845 -138.958
1846 -138.449
1847 -140.04
1848 -139.663
1849 -139.982
1850 -139.959
1851 -141.705
1852 -140.972
1853 -141.095
1854 -139.738
1855 -140.221
1856 -139.814
1857 -139.947
1858 -140.387
1859 -139.185
1860 -139.009
1861 -140.141
1862 -139.593
1863 -137.741
1864 -138.417
1865 -138.476
1866 -138.143
1867 -138.877
1868 -138.314
1869 -137.848
1870 -138.639
1871 -139.753
1872 -140.262
1873 -140.753
1874 -141.376
1875 -139.862
1876 -140.387
1877 -139.788
1878 -139.624
1879 -140.079
1880 -138.366
1881 -138.498
1882 -139.297
1883 -138.256
1884 -139.209
1885 -139.814
1886 -140.168
1887 -140.953
1888 -139.113
1889 -139.197
1890 -138.137
1891 -139.304
1892 -139.355
1893 -138.992
1894 -138.966
1895 -140.465
1896 -140.722
1897 -141.639
1898 -141.668
1899 -140.193
1900 -139.898
1901 -138.816
1902 -139.445
1903 -139.587
1904 -137.5
1905 -139.022
1906 -139.386
1907 -139.839
1908 -138.793
1909 -139.182
1910 -141.231
1911 -137.3
1912 -139.197
1913 -137.411
1914 -138.19
1915 -138.164
1916 -138.216
1917 -139.43
1918 -138.131
1919 -138.116
1920 -138.865
1921 -139.707
1922 -140.571
1923 -139.557
1924 -138.719
1925 -139.24
1926 -138.495
1927 -140.402
1928 -138.903
1929 -138.882
1930 -138.583
1931 -138.782
1932 -139.497
1933 -140.011
1934 -140.507
1935 -138.653
1936 -139.077
1937 -138.865
1938 -140.586
1939 -141.168
1940 -139.754
1941 -139.733
1942 -138.997
1943 -140.771
1944 -142.176
1945 -141.288
1946 -139.871
1947 -140.627
1948 -140.293
1949 -139.323
1950 -140.647
1951 -140.017
1952 -139.794
1953 -141.088
1954 -140.627
1955 -139.021
1956 -138.971
1957 -139.305
1958 -139.21
1959 -138.227
1960 -139.004
1961 -138.673
1962 -137.618
1963 -138.527
1964 -139.293
1965 -140.315
1966 -139.236
1967 -140.794
1968 -141.293
1969 -140.862
1970 -140.085
1971 -139.236
1972 -138.664
1973 -139.046
1974 -140.625
1975 -139.211
1976 -138.947
1977 -139.487
1978 -140.354
1979 -138.929
1980 -139.296
1981 -140.322
1982 -140.138
1983 -140.294
1984 -139.501
1985 -139.159
1986 -139.611
1987 -140.467
1988 -140.131
1989 -141.207
1990 -141.145
1991 -141.245
1992 -140.229
1993 -140.699
1994 -140.291
1995 -139.991
1996 -139.61
1997 -141.976
1998 -140.881
1999 -140.528
2000 -139.259
2001 -139.503
2002 -138.006
2003 -138.831
2004 -141.591
2005 -139.257
2006 -138.225
2007 -136.648
2008 -137.956
2009 -139.417
2010 -139.408
2011 -138.518
2012 -139.298
2013 -140.381
2014 -142.109
2015 -139.778
2016 -140.18
2017 -140.215
2018 -139.472
2019 -139.665
2020 -140.306
2021 -140.161
2022 -140.222
2023 -141.23
2024 -139.791
2025 -140.31
2026 -139.876
2027 -140.858
2028 -140.598
2029 -139.587
2030 -140.27
2031 -139.522
2032 -137.942
2033 -139.012
2034 -140.605
2035 -140.449
2036 -141.301
2037 -140.553
2038 -141.711
2039 -144.115
2040 -141.304
2041 -140.007
2042 -140.626
2043 -140.098
2044 -141.627
2045 -141.525
2046 -142.377
2047 -141.542
2048 -142.489
2049 -143.76
2050 -145.97
2051 -145.042
2052 -143.991
2053 -142.536
2054 -143.111
2055 -143.841
2056 -144.602
2057 -144.912
2058 -146.104
2059 -146.331
2060 -149.581
2061 -148.465
2062 -149.673
2063 -150.365
2064 -150.996
2065 -150.545
2066 -151.325
2067 -152.386
2068 -151.861
2069 -151.431
2070 -153.741
2071 -153.016
2072 -153.014
2073 -153.639
2074 -154.815
2075 -154.984
2076 -154.551
2077 -154.473
2078 -155.26
2079 -156.264
2080 -156.326
2081 -155.575
2082 -156.061
2083 -156.872
2084 -157.015
2085 -156.758
2086 -156.875
2087 -157.187
2088 -158.446
2089 -157.791
2090 -157.426
2091 -158.876
2092 -157.922
2093 -160.224
2094 -161.225
2095 -159.037
2096 -159.322
2097 -160.359
2098 -160.756
2099 -159.692
2100 -158.309
2101 -160.747
2102 -159.726
2103 -160.801
2104 -160.244
2105 -161.686
2106 -161.242
2107 -163.685
2108 -162.069
2109 -164.398
2110 -163.016
2111 -164.699
2112 -165.226
2113 -165.992
2114 -163.604
2115 -164.14
2116 -164.767
2117 -166.45
2118 -165.237
2119 -165.339
2120 -165.946
2121 -165.114
2122 -164.848
2123 -164.072
2124 -164.143
2125 -163.905
2126 -163.223
2127 -163.204
2128 -164.445
2129 -163.436
2130 -162.903
2131 -163.174
2132 -161.431
2133 -162.252
2134 -160.319
2135 -161.624
2136 -160.327
2137 -160.593
2138 -158.147
2139 -159.465
2140 -158.631
2141 -158.63
2142 -157.73
2143 -157.247
2144 -155.574
2145 -154.604
2146 -155.531
2147 -154.349
2148 -155.077
2149 -154.193
2150 -153.457
2151 -152.433
2152 -152.419
2153 -152.81
2154 -153.123
2155 -152.747
2156 -151.25
2157 -151.525
2158 -150.257
2159 -152.966
2160 -152.052
2161 -152.173
2162 -149.847
2163 -150.371
2164 -148.9
2165 -149.785
2166 -149.963
2167 -149.766
2168 -149.992
2169 -149.928
2170 -150.997
2171 -149.755
2172 -150.517
2173 -149.857
2174 -149.457
2175 -149.006
2176 -149.78
2177 -149.431
2178 -149.551
2179 -148.773
2180 -150.091
2181 -150.014
2182 -150.409
2183 -148.453
2184 -148.902
2185 -148.88
2186 -148.318
2187 -148.24
2188 -149.009
2189 -148.566
2190 -148.088
2191 -147.814
2192 -150.362
2193 -148.594
2194 -149.18
2195 -147.634
2196 -148.109
2197 -147.466
2198 -147.292
2199 -147.024
2200 -147.026
2201 -144.975
2202 -146.877
2203 -146.512
2204 -148.776
2205 -147.139
2206 -147.465
2207 -147.858
2208 -147.847
2209 -148.383
2210 -148.434
2211 -147.205
2212 -146.527
2213 -147.993
2214 -147.986
2215 -148.346
2216 -147.11
2217 -147.954
2218 -148.061
2219 -147.146
2220 -146.275
2221 -148.451
2222 -148.995
2223 -147.359
2224 -147.278
2225 -146.265
2226 -147.298
2227 -147.572
2228 -149.072
2229 -147.558
2230 -148.62
2231 -148.526
2232 -147.205
2233 -147.995
2234 -146.876
2235 -147.118
2236 -147.053
2237 -146.844
2238 -145.167
2239 -148.096
2240 -147.604
2241 -149.207
2242 -147.784
2243 -147.358
2244 -147.501
2245 -147.636
2246 -147.418
2247 -146.652
2248 -147.662
2249 -147.747
2250 -146.664
2251 -147.802
2252 -146.666
2253 -147.385
2254 -147.926
2255 -147.51
2256 -146.046
2257 -146.119
2258 -146.776
2259 -146.899
2260 -147.31
2261 -147.677
2262 -148.418
2263 -147.268
2264 -148.847
2265 -149.105
2266 -146.045
2267 -148.043
2268 -147.59
2269 -147.484
2270 -147.329
2271 -147.58
2272 -148.274
2273 -147.664
2274 -149.697
2275 -149.116
2276 -148.087
2277 -148.923
2278 -147.689
2279 -147.419
2280 -148.256
2281 -145.896
2282 -145.586
2283 -144.726
2284 -146.917
2285 -147.187
2286 -147.975
2287 -147.61
2288 -146.825
2289 -147.179
2290 -146.543
2291 -146.691
2292 -146.908
2293 -145.497
2294 -146.571
2295 -144.695
2296 -146.981
2297 -146.436
2298 -147.402
2299 -148.651
2300 -147.686
2301 -145.641
2302 -146.34
2303 -145.693
2304 -145.904
2305 -145.747
2306 -146.383
2307 -146.565
2308 -147.028
2309 -145.652
2310 -147.595
2311 -148.968
2312 -148.501
2313 -147.825
2314 -146.929
2315 -148.223
2316 -146.621
2317 -148.166
2318 -147.651
2319 -149.263
2320 -147.981
2321 -148.834
2322 -147.245
2323 -147.236
2324 -147.15
2325 -147.498
2326 -147.591
2327 -147.427
2328 -147.989
2329 -147.393
2330 -147.769
2331 -148.145
2332 -147.534
2333 -145.264
2334 -146.56
2335 -146.516
2336 -146.206
2337 -147.741
2338 -147.183
2339 -147.442
2340 -147.512
2341 -147.013
2342 -147.136
2343 -145.865
2344 -147.216
2345 -146.804
2346 -147.166
2347 -147.887
2348 -145.276
2349 -145.827
2350 -146.441
2351 -144.536
2352 -145.997
2353 -144.533
2354 -145.239
2355 -147.607
2356 -146.763
2357 -148.286
2358 -148.765
2359 -146.988
2360 -147.616
2361 -147.583
2362 -147.969
2363 -146.32
2364 -146.609
2365 -149.237
2366 -147.32
2367 -147.147
2368 -147.529
2369 -148.775
2370 -148.57
2371 -147.577
2372 -148.208
2373 -147.948
2374 -146.397
2375 -145.092
2376 -144.421
2377 -146.695
2378 -145.596
2379 -144.91
2380 -146.616
2381 -146.989
2382 -146.473
2383 -149.031
2384 -145.647
2385 -146.457
2386 -145.488
2387 -144.057
2388 -146.124
2389 -146.06
2390 -147.608
2391 -147.644
2392 -147.902
2393 -146.447
2394 -147.31
2395 -145.891
2396 -145.927
2397 -145.98
2398 -145.792
2399 -145.269
2400 -144.487
2401 -145.456
2402 -147.018
2403 -147.821
2404 -146.575
2405 -148.89
2406 -147.661
2407 -147.849
2408 -146.712
2409 -146.349
2410 -147.611
2411 -146.665
2412 -145.915
2413 -146.574
2414 -147.199
2415 -146.363
2416 -148.256
2417 -148.241
2418 -149.012
2419 -146.999
2420 -145.317
2421 -145.532
2422 -146.383
2423 -145.01
2424 -144.545
2425 -146.207
2426 -146.794
2427 -147.648
2428 -147.697
2429 -148.199
2430 -145.07
2431 -145.423
2432 -145.531
2433 -145.093
2434 -145.311
2435 -145.375
2436 -144.766
2437 -147.266
2438 -147.673
2439 -145.962
2440 -145.103
2441 -144.869
2442 -146.599
2443 -145.273
2444 -146.108
2445 -145.4
2446 -144.212
2447 -145.335
2448 -144.546
2449 -145.785
2450 -147.226
2451 -146.284
2452 -146.714
2453 -147.18
2454 -146.283
2455 -145.74
2456 -146.479
2457 -146.405
2458 -146.854
2459 -146.703
2460 -147.264
2461 -145.538
2462 -146.471
2463 -147.933
2464 -146.035
2465 -148.104
2466 -146.718
2467 -147.499
2468 -144.311
2469 -143.51
2470 -145.421
2471 -146.321
2472 -146.407
2473 -147.385
2474 -146.455
2475 -147.074
2476 -145.581
2477 -146.108
2478 -146.71
2479 -145.313
2480 -144.558
2481 -144.622
2482 -143.728
2483 -145.367
2484 -146.732
2485 -145.648
2486 -146.443
2487 -146.192
2488 -146.584
2489 -146.004
2490 -145.614
2491 -146.146
2492 -145.173
2493 -144.457
2494 -145.375
2495 -144.834
2496 -145.208
2497 -147.196
2498 -146.082
2499 -147.233
2500 -146.94
2501 -147.34
2502 -146.399
2503 -145.763
2504 -145.103
2505 -147.674
2506 -147.196
2507 -145.241
2508 -146.963
2509 -147.032
2510 -146.81
2511 -147.029
2512 -145.615
2513 -145.958
2514 -147.541
2515 -145.339
2516 -145.45
2517 -147.219
2518 -144.521
2519 -147.501
2520 -146.874
2521 -146.26
2522 -146.312
2523 -145.304
2524 -145.042
2525 -144.555
2526 -144.73
2527 -145.254
2528 -146.138
2529 -145.985
2530 -145.083
2531 -144.132
2532 -146.926
2533 -146.991
2534 -146.252
2535 -147.223
2536 -144.865
2537 -144.973
2538 -145.235
2539 -145.57
2540 -144.092
2541 -144.811
2542 -143.872
2543 -147.209
2544 -146.772
2545 -145.365
2546 -147.621
2547 -147.901
2548 -146.749
2549 -147.769
2550 -147.258
2551 -145.414
2552 -145.072
2553 -145.847
2554 -145.73
2555 -144.457
2556 -143.826
2557 -144.943
2558 -145.821
2559 -143.822
2560 -143.47
2561 -142.735
2562 -142.412
2563 -141.584
2564 -140.014
2565 -141.452
2566 -141.369
2567 -141.573
2568 -140.483
2569 -139.81
2570 -139.032
2571 -138.242
2572 -137.116
2573 -137.076
2574 -135.672
2575 -136.465
2576 -134.25
2577 -134.583
2578 -135.785
2579 -134.658
2580 -133.99
2581 -132.867
2582 -132.255
2583 -132.67
2584 -131.67
2585 -131.891
2586 -129.94
2587 -130.807
2588 -130.018
2589 -130.957
2590 -129.312
2591 -129.725
2592 -131.529
2593 -130.819
2594 -129.949
2595 -130.068
2596 -130.757
2597 -130.186
2598 -129.476
2599 -130.141
2600 -128.097
2601 -129.983
2602 -129.75
2603 -128.556
2604 -129.363
2605 -129.317
2606 -127.194
2607 -128.758
2608 -128.352
2609 -127.922
2610 -127.314
2611 -126.872
2612 -128.374
2613 -126.684
2614 -127.644
2615 -126.225
2616 -125.439
2617 -125.026
2618 -124.725
2619 -123.399
2620 -122.919
2621 -122.637
2622 -123.065
2623 -122.894
2624 -122.815
2625 -121.424
2626 -120.722
2627 -122.103
2628 -122.363
2629 -121.34
2630 -121.33
2631 -121.468
2632 -122.423
2633 -119.528
2634 -121.155
2635 -122.368
2636 -122.45
2637 -120.973
2638 -121.54
2639 -122.462
2640 -122.898
2641 -122.024
2642 -122.225
2643 -122.46
2644 -124.531
2645 -124.845
2646 -123.617
2647 -124.931
2648 -123.953
2649 -124.868
2650 -126.792
2651 -126.103
2652 -127.318
2653 -127.579
2654 -128.502
2655 -128.411
2656 -129.488
2657 -129.424
2658 -131.566
2659 -132.476
2660 -131.032
2661 -132.764
2662 -132.725
2663 -132.343
2664 -134.229
2665 -134.44
2666 -134.16
2667 -132.485
2668 -133.868
2669 -134.044
2670 -135.855
2671 -136.266
2672 -135.338
2673 -134.815
2674 -133.03
2675 -134.788
2676 -137.315
2677 -136.149
2678 -135.837
2679 -136.71
2680 -136.284
2681 -136.184
2682 -137.88
2683 -137.413
2684 -138.652
2685 -138.48
2686 -137.792
2687 -138.337
2688 -137.493
2689 -138.754
2690 -138.035
2691 -137.033
2692 -136.46
2693 -137.822
2694 -136.347
2695 -136.761
2696 -136.343
2697 -136.849
2698 -136.795
2699 -138.101
2700 -135.945
2701 -137.704
2702 -136.367
2703 -138.063
2704 -138.137
2705 -136.332
2706 -137.298
2707 -138.443
2708 -137.301
2709 -138.537
2710 -137.671
2711 -137.613
2712 -137.833
2713 -138.579
2714 -136.804
2715 -137.5
2716 -137.9
2717 -138.133
2718 -137.606
2719 -138.461
2720 -139.095
2721 -140.133
2722 -137.703
2723 -137.889
2724 -136.997
2725 -138.309
2726 -138.356
2727 -138.613
2728 -139.846
2729 -138.927
2730 -138.375
2731 -139.328
2732 -139.894
2733 -138.711
2734 -137.95
2735 -139.104
2736 -139.176
2737 -137.501
2738 -136.981
2739 -137.173
2740 -137.627
2741 -138.184
2742 -138.586
2743 -138.849
2744 -137.248
2745 -135.83
2746 -136.81
2747 -137.089
2748 -137.346
2749 -138.636
2750 -136.732
2751 -138.178
2752 -138.95
2753 -136.406
2754 -138.228
2755 -136.889
2756 -138.503
2757 -138.63
2758 -138.878
2759 -138.656
2760 -138.742
2761 -138.399
2762 -139.125
2763 -136.787
2764 -137.785
2765 -137.875
2766 -138.928
2767 -137.182
2768 -140.376
2769 -140.32
2770 -139.544
2771 -139.34
2772 -139.742
2773 -137.692
2774 -138.428
2775 -139.84
2776 -141.077
2777 -141.665
2778 -137.986
2779 -138.938
2780 -138.998
2781 -139.226
2782 -138.885
2783 -137.753
2784 -138.696
2785 -137.956
2786 -138.394
2787 -138.487
2788 -137.427
2789 -137.206
2790 -137.548
2791 -138.067
2792 -137.068
2793 -137.414
2794 -137.199
2795 -136.208
2796 -139.095
2797 -137.919
2798 -138.147
2799 -139.649
2800 -138.978
2801 -139.383
2802 -139.397
2803 -138.359
2804 -139.496
2805 -139.164
2806 -138.3
2807 -137.509
2808 -138.701
2809 -137.676
2810 -138.626
2811 -138.674
2812 -139.867
2813 -139.209
2814 -140.567
2815 -139.618
2816 -139.232
2817 -138.237
2818 -139.151
2819 -139.52
2820 -138.486
2821 -139.446
2822 -138.967
2823 -140.343
2824 -140.639
2825 -139.686
2826 -139.492
2827 -140.601
2828 -139.726
2829 -139.005
2830 -137.871
2831 -139.621
2832 -139.493
2833 -139.409
2834 -138.28
2835 -138.629
2836 -137.474
2837 -138.339
2838 -138.591
2839 -138.577
2840 -138.375
2841 -136.456
2842 -137.998
2843 -138.04
2844 -137.881
2845 -137.689
2846 -138.946
2847 -139.908
2848 -141.081
2849 -139.642
2850 -139.022
2851 -139.569
2852 -137.971
2853 -138.02
2854 -138.8
2855 -138.656
2856 -139.013
2857 -139.97
2858 -139.873
2859 -138.81
2860 -140.863
2861 -141.475
2862 -139.238
2863 -139.079
2864 -138.697
2865 -139.65
2866 -138.927
2867 -140.727
2868 -140.382
2869 -139.313
2870 -139.761
2871 -141.505
2872 -140.217
2873 -139.859
2874 -139.966
2875 -140.098
2876 -139.291
2877 -138.415
2878 -140.056
2879 -139.111
2880 -139.092
2881 -140.034
2882 -138.892
2883 -139.954
2884 -138.638
2885 -139.349
2886 -137.324
2887 -137.004
2888 -136.637
2889 -137.42
2890 -138.755
2891 -138.36
2892 -137.95
2893 -139.312
2894 -140.264
2895 -139.891
2896 -139.669
2897 -139.502
2898 -138.63
2899 -140.154
2900 -139.493
2901 -137.341
2902 -139.053
2903 -139.975
2904 -138.853
2905 -139.524
2906 -140.251
2907 -140.034
2908 -139.662
2909 -137.422
2910 -138.251
2911 -139.332
2912 -139.193
2913 -139.965
2914 -139.467
2915 -139.664
2916 -139.418
2917 -140.829
2918 -140.091
2919 -139.95
2920 -138.764
2921 -141.412
2922 -141.53
2923 -142.208
2924 -138.943
2925 -139.49
2926 -140.059
2927 -139.94
2928 -139.83
2929 -139.456
2930 -137.737
2931 -137.848
2932 -138.495
2933 -138.396
2934 -137.745
2935 -138.582
2936 -138.142
2937 -137.136
2938 -139.323
2939 -138.74
2940 -138.151
2941 -139.922
2942 -138.692
2943 -138.775
2944 -137.375
2945 -140.027
2946 -140.454
2947 -140.168
2948 -139.397
2949 -139.672
2950 -138.584
2951 -138.801
2952 -139.649
2953 -139.02
2954 -140.193
2955 -140.404
2956 -140.406
2957 -138.993
2958 -140.054
2959 -139.126
2960 -140.755
2961 -140.56
2962 -140.02
2963 -140.061
2964 -139.004
2965 -140.842
2966 -140.793
2967 -140.027
2968 -140.381
2969 -141.206
2970 -139.317
2971 -140.063
2972 -139.626
2973 -139.414
2974 -139.246
2975 -139.243
2976 -140.118
2977 -140.481
2978 -139.787
2979 -138.277
2980 -139.57
2981 -138.251
2982 -138.817
2983 -137.523
2984 -139.496
2985 -140.154
2986 -139.171
2987 -139.958
2988 -141.566
2989 -139.115
2990 -139.234
2991 -141.029
2992 -139.267
2993 -139.393
2994 -139.153
2995 -139.668
2996 -140.229
2997 -138.312
2998 -138.325
2999 -139.771
3000 -138.887
3001 -139.055
3002 -140.348
3003 -140.148
3004 -140.387
3005 -139.402
3006 -137.701
3007 -139.851
3008 -140.062
3009 -140.765
3010 -141.945
3011 -141.492
3012 -141.55
3013 -139.667
3014 -140.308
3015 -139.725
3016 -140.553
3017 -140.36
3018 -140.227
3019 -140.023
3020 -139.227
3021 -138.317
3022 -138.947
3023 -140.439
3024 -139.4
3025 -140.039
3026 -138.931
3027 -137.736
3028 -140.241
3029 -137.698
3030 -138.167
3031 -138.954
3032 -139.061
3033 -139.84
3034 -140.615
3035 -140.436
3036 -141.237
3037 -141.159
3038 -140.641
3039 -139.943
3040 -140.26
3041 -138.305
3042 -140.717
3043 -140.809
3044 -139.678
3045 -140.05
3046 -140.702
3047 -139.373
3048 -139.889
3049 -140.371
3050 -138.628
3051 -138.671
3052 -140.507
3053 -141.021
3054 -139.236
3055 -141.599
3056 -142.031
3057 -141.968
3058 -142.667
3059 -141.291
3060 -141.878
3061 -142.203
3062 -140.731
3063 -141.834
3064 -142.701
3065 -141.818
3066 -141.74
3067 -141.661
3068 -142.829
3069 -142.867
3070 -143.216
3071 -143.7
3072 -143.974
3073 -144.398
3074 -144.388
3075 -144.149
3076 -145.033
3077 -146.417
3078 -147.556
3079 -147.093
3080 -148.135
3081 -148.323
3082 -149.759
3083 -148.512
3084 -150.44
3085 -151.149
3086 -151.187
3087 -151.973
3088 -153.605
3089 -151.808
3090 -153.629
3091 -154.715
3092 -152.426
3093 -153.813
3094 -154.186
3095 -153.783
3096 -154.847
3097 -154.113
3098 -154.908
3099 -155.425
3100 -155.43
3101 -158.779
3102 -155.899
3103 -155.781
3104 -154.882
3105 -155.609
3106 -155.953
3107 -154.518
3108 -155.682
3109 -154.647
3110 -154.5
3111 -154.832
3112 -153.679
3113 -155.308
3114 -154.182
3115 -152.934
3116 -154.167
3117 -151.601
3118 -154.297
3119 -151.497
3120 -151.505
3121 -151.608
3122 -150.659
3123 -151.624
3124 -149.489
3125 -148.565
3126 -148.849
3127 -149.239
3128 -146.458
3129 -147.715
3130 -147.904
3131 -146.732
3132 -148.381
3133 -147.392
3134 -146.283
3135 -146.099
3136 -146.614
3137 -145.071
3138 -146.138
3139 -146.344
3140 -146.596
3141 -145.545
3142 -146.368
3143 -143.359
3144 -145.266
3145 -145.491
3146 -143.689
3147 -144.354
3148 -143.479
3149 -144.741
3150 -144.483
3151 -145.891
3152 -144.975
3153 -144.737
3154 -143.803
3155 -143.666
3156 -145.153
3157 -145.315
3158 -143.267
3159 -144.388
3160 -143.06
3161 -143.251
3162 -141.771
3163 -144.382
3164 -143.57
3165 -143.89
3166 -144.526
3167 -142.843
3168 -143.105
3169 -142.997
3170 -143.112
3171 -143.802
3172 -144.308
3173 -143.517
3174 -143.573
3175 -142.316
3176 -142.215
3177 -143.937
3178 -144.226
3179 -144.456
3180 -143.402
3181 -143.305
3182 -143.8
3183 -142.305
3184 -143.255
3185 -141.468
3186 -143.455
3187 -142.602
3188 -141.897
3189 -142.289
3190 -141.986
3191 -142.461
3192 -142.598
3193 -143.406
3194 -143.074
3195 -144.174
3196 -144.345
3197 -142.684
3198 -143.128
3199 -141.853
3200 -144.295
3201 -143.747
3202 -142.414
3203 -141.333
3204 -142.855
3205 -142.643
3206 -143.157
3207 -141.772
3208 -142.315
3209 -143.173
3210 -144.244
3211 -142.06
3212 -141.995
3213 -143.083
3214 -142.064
3215 -143.39
3216 -142.138
3217 -141.603
3218 -142.641
3219 -142.794
3220 -142.684
3221 -142.297
3222 -142.25
3223 -142.319
3224 -142.605
3225 -142.287
3226 -141.553
3227 -143.49
3228 -142.256
3229 -143.448
3230 -142.041
3231 -142.287
3232 -142.346
3233 -142.976
3234 -142.572
3235 -141.954
3236 -142.78
3237 -142.582
3238 -142.569
3239 -141.783
3240 -141.816
3241 -141.895
3242 -141.443
3243 -141.743
3244 -142.68
3245 -143.242
3246 -143.769
3247 -142.773
3248 -142.137
3249 -142.17
3250 -143.38
3251 -143.557
3252 -142.34
3253 -142.566
3254 -142.735
3255 -142.869
3256 -143.414
3257 -142.427
3258 -143.143
3259 -142.817
3260 -144.098
3261 -141.997
3262 -143.01
3263 -141.534
3264 -142.433
3265 -142.968
3266 -142.531
3267 -143.867
3268 -140.914
3269 -141.846
3270 -142.887
3271 -142.418
3272 -142.384
3273 -142.999
3274 -141.811
3275 -143.746
3276 -143.486
3277 -143.837
3278 -142.578
3279 -143.906
3280 -144.156
3281 -142.358
3282 -142.919
3283 -142.094
3284 -142.846
3285 -143.111
3286 -141.286
3287 -142.872
3288 -141.878
3289 -141.825
3290 -142.454
3291 -142.755
3292 -144.107
3293 -140.793
3294 -141.73
3295 -142.286
3296 -142.941
3297 -141.549
3298 -141.07
3299 -142.748
3300 -142.167
3301 -141.474
3302 -142.326
3303 -142.1
3304 -142.274
3305 -142.474
3306 -142.497
3307 -141.43
3308 -142.511
3309 -143.188
3310 -142.746
3311 -142.309
3312 -141.71
3313 -142.264
3314 -144.128
3315 -142.749
3316 -140.351
3317 -145.194
3318 -143.729
3319 -142.755
3320 -142.578
3321 -142.554
3322 -142.508
3323 -143.833
3324 -143.613
3325 -142.964
3326 -143.143
3327 -143.322
3328 -141.591
3329 -142.651
3330 -142.58
3331 -145.064
3332 -142.071
3333 -142.95
3334 -143.875
3335 -144.179
3336 -142.845
3337 -143.227
3338 -144.286
3339 -142.135
3340 -142.502
3341 -142.654
3342 -142.201
3343 -142.864
3344 -142.722
3345 -142.39
3346 -142.226
3347 -143.928
3348 -142.646
3349 -141.601
3350 -141.607
3351 -143.017
3352 -142.921
3353 -143.434
3354 -142.077
3355 -143.252
3356 -143.921
3357 -143.118
3358 -142.707
3359 -142.345
3360 -142.32
3361 -142.376
3362 -143.292
3363 -143.607
3364 -143.438
3365 -143.073
3366 -142.936
3367 -145.026
3368 -144.973
3369 -143.486
3370 -142.51
3371 -142.869
3372 -142.5
3373 -142.874
3374 -143.639
3375 -142.801
3376 -142.893
3377 -142.091
3378 -141.613
3379 -143.198
3380 -142.746
3381 -144.401
3382 -142.996
3383 -143.632
3384 -142.815
3385 -143.066
3386 -142.243
3387 -143.385
3388 -143.711
3389 -142.262
3390 -142.745
3391 -143.724
3392 -143.181
3393 -142.536
3394 -142.97
3395 -141.053
3396 -142.206
3397 -141.475
3398 -141.56
3399 -143.099
