0 -43.055
1 -42.1116
2 -42.8438
3 -43.186
4 -42.0216
5 -42.6871
6 -42.8452
7 -43.0537
8 -43.3494
9 -42.944
10 -42.0096
11 -44.0737
12 -43.9495
13 -43.165
14 -42.1842
15 -44.5288
16 -44.5748
17 -44.9665
18 -43.7368
19 -42.0421
20 -45.1488
21 -43.6432
22 -43.6186
23 -43.3643
24 -43.9924
25 -43.8635
26 -44.4311
27 -44.5571
28 -44.8988
29 -44.423
30 -43.5559
31 -44.7379
32 -45.7231
33 -45.2827
34 -46.0231
35 -46.4901
36 -48.2892
37 -47.3915
38 -48.4483
39 -49.0182
40 -50.3717
41 -51.0129
42 -49.5837
43 -49.4984
44 -52.6649
45 -52.7111
46 -53.3513
47 -53.0061
48 -55.2088
49 -56.1237
50 -56.0292
51 -56.7048
52 -58.4237
53 -58.5797
54 -58.8646
55 -59.042
56 -60.0236
57 -61.2177
58 -62.7827
59 -62.6045
60 -64.0511
61 -65.1464
62 -64.539
63 -64.7566
64 -65.6257
65 -66.0195
66 -64.2817
67 -65.235
68 -64.2446
69 -63.3547
70 -63.1048
71 -62.763
72 -64.3784
73 -63.8328
74 -63.4221
75 -61.3288
76 -61.7352
77 -62.0538
78 -59.3915
79 -61.4456
80 -58.8092
81 -59.4305
82 -59.1234
83 -57.9662
84 -58.3774
85 -55.7587
86 -56.9404
87 -55.8832
88 -56.3873
89 -55.1098
90 -54.6282
91 -55.4944
92 -54.6497
93 -53.1227
94 -52.7875
95 -51.0362
96 -53.0693
97 -54.5621
98 -50.9269
99 -51.6926
100 -50.8101
101 -52.3271
102 -52.2919
103 -50.8204
104 -49.5578
105 -49.3045
106 -50.2398
107 -52.0655
108 -51.1338
109 -53.1945
110 -52.4672
111 -52.8163
112 -50.8557
113 -50.1699
114 -50.6974
115 -52.6847
116 -50.755
117 -52.1604
118 -50.8684
119 -49.2512
120 -51.3392
121 -50.6869
122 -49.9721
123 -48.216
124 -49.9413
125 -46.9797
126 -47.7291
127 -50.3448
128 -50.1391
129 -50.4955
130 -49.8394
131 -50.7728
132 -50.2097
133 -50.1235
134 -49.0103
135 -49.695
136 -48.2804
137 -49.7044
138 -48.8931
139 -49.8978
140 -49.7602
141 -48.3664
142 -48.9155
143 -49.0874
144 -48.713
145 -47.2687
146 -48.9421
147 -47.5504
148 -49.8335
149 -51.0119
150 -50.6658
151 -52.3498
152 -49.9736
153 -49.4843
154 -50.6985
155 -49.6901
156 -49.8712
157 -49.7632
158 -48.6914
159 -49.596
160 -48.7182
161 -50.2559
162 -49.9605
163 -48.1402
164 -47.7392
165 -48.9321
166 -47.7117
167 -48.1837
168 -49.9198
169 -49.5219
170 -49.8329
171 -49.7246
172 -50.8672
173 -49.1029
174 -48.9921
175 -47.754
176 -48.114
177 -48.6459
178 -48.8359
179 -48.2736
180 -47.3517
181 -49.9207
182 -49.0353
183 -49.3764
184 -46.3806
185 -49.4099
186 -47.9438
187 -47.3291
188 -49.5551
189 -49.6799
190 -51.0092
191 -50.5536
192 -50.7296
193 -50.7322
194 -49.3219
195 -49.8375
196 -49.2313
197 -50.4495
198 -49.2822
199 -49.36
200 -49.556
201 -48.3259
202 -48.8389
203 -48.4881
204 -46.6443
205 -49.2947
206 -50.1766
207 -50.0851
208 -48.0352
209 -48.8784
210 -48.7592
211 -49.1896
212 -48.3261
213 -48.3932
214 -48.9947
215 -49.0419
216 -48.1958
217 -49.6368
218 -47.9008
219 -47.5097
220 -47.1204
221 -49.3811
222 -49.6194
223 -47.8224
224 -48.314
225 -48.6395
226 -48.793
227 -49.4679
228 -50.5295
229 -49.3658
230 -50.9314
231 -51.0173
232 -50.9387
233 -50.3655
234 -49.712
235 -49.9164
236 -48.8257
237 -50.0414
238 -51.4392
239 -49.8023
240 -51.149
241 -49.3701
242 -50.8042
243 -48.9
244 -48.6179
245 -48.382
246 -50.5983
247 -49.0253
248 -49.8918
249 -50.2748
250 -50.0015
251 -50.3773
252 -50.4896
253 -49.4156
254 -48.4888
255 -49.4061
256 -49.1805
257 -50.1861
258 -49.7199
259 -48.6343
260 -48.0559
261 -49.6088
262 -49.7954
263 -49.202
264 -49.8439
265 -48.9946
266 -47.8847
267 -49.5362
268 -49.5345
269 -50.3347
270 -50.4204
271 -50.3663
272 -49.5775
273 -50.9332
274 -49.4878
275 -50.2742
276 -49.6936
277 -48.6001
278 -52.1663
279 -50.0361
280 -49.8064
281 -49.9526
282 -49.1959
283 -48.6607
284 -49.3921
285 -49.4806
286 -48.9536
287 -47.8771
288 -48.5085
289 -49.9265
290 -49.4978
291 -48.2809
292 -49.1739
293 -49.2728
294 -48.7504
295 -48.0695
296 -48.3182
297 -49.9917
298 -48.2553
299 -49.5397
300 -49.5374
301 -48.4432
302 -49.4141
303 -47.8232
304 -49.9007
305 -48.7266
306 -48.0372
307 -50.2246
308 -48.4564
309 -51.564
310 -50.7592
311 -51.5091
312 -50.4406
313 -49.866
314 -50.5935
315 -51.5063
316 -49.2581
317 -49.8316
318 -51.2693
319 -50.9864
320 -51.231
321 -48.8394
322 -48.4482
323 -49.9776
324 -48.635
325 -48.1191
326 -48.5414
327 -47.8621
328 -48.5355
329 -50.0791
330 -50.5957
331 -48.506
332 -49.531
333 -50.0923
334 -48.5967
335 -48.5817
336 -47.8772
337 -48.0045
338 -49.6002
339 -49.6119
340 -47.5923
341 -48.2357
342 -48.3432
343 -46.7328
344 -48.6779
345 -46.8233
346 -48.3602
347 -47.3751
348 -48.2636
349 -48.9818
350 -49.6691
351 -49.9978
352 -50.2627
353 -50.0195
354 -49.8507
355 -49.534
356 -50.385
357 -49.3257
358 -50.5909
359 -50.9963
360 -50.2113
361 -49.3816
362 -50.4602
363 -49.9888
364 -47.7207
365 -49.2124
366 -48.5791
367 -48.206
368 -47.3905
369 -49.6909
370 -49.1424
371 -49.4891
372 -49.2836
373 -48.5855
374 -49.6175
375 -48.2687
376 -48.1829
377 -48.615
378 -49.1739
379 -46.9461
380 -48.3767
381 -46.9752
382 -47.5699
383 -48.4129
384 -47.9412
385 -46.0248
386 -47.8106
387 -49.5465
388 -49.9712
389 -47.9091
390 -49.8006
391 -50.805
392 -50.1981
393 -50.3893
394 -50.2561
395 -48.1303
396 -48.2205
397 -50.4015
398 -49.4966
399 -49.9077
400 -49.1809
401 -51.4055
402 -49.6548
403 -49.2158
404 -48.5885
405 -49.4676
406 -47.1768
407 -47.624
408 -48.282
409 -51.0214
410 -49.3776
411 -49.7472
412 -48.3747
413 -48.5099
414 -48.3591
415 -48.5889
416 -46.5436
417 -47.4749
418 -47.1277
419 -46.855
420 -48.5764
421 -46.4937
422 -47.8211
423 -45.5147
424 -47.791
425 -46.615
426 -47.0201
427 -47.8441
428 -49.4265
429 -50.1497
430 -48.9947
431 -49.1969
432 -49.1001
433 -49.6406
434 -49.1919
435 -49.3299
436 -48.181
437 -49.3044
438 -50.9053
439 -49.5273
440 -50.2582
441 -48.9698
442 -50.4711
443 -48.974
444 -48.0892
445 -48.9704
446 -48.2812
447 -47.7854
448 -48.7733
449 -48.1195
450 -47.9943
451 -49.1229
452 -49.0578
453 -47.735
454 -47.5972
455 -47.5504
456 -48.3385
457 -47.939
458 -49.8997
459 -48.4875
460 -48.0874
461 -48.283
462 -47.2589
463 -46.6744
464 -48.1659
465 -47.7531
466 -47.575
467 -49.045
468 -49.5346
469 -50.3407
470 -48.9767
471 -49.6944
472 -49.8246
473 -49.2333
474 -48.9047
475 -50.184
476 -48.1326
477 -48.6991
478 -48.8995
479 -48.8123
480 -50.0062
481 -47.8118
482 -48.5775
483 -48.0749
484 -48.2866
485 -48.5092
486 -46.3079
487 -48.1195
488 -47.8676
489 -48.6477
490 -48.1196
491 -47.4635
492 -49.8369
493 -48.7074
494 -47.1151
495 -47.923
496 -46.3285
497 -46.8886
498 -46.4067
499 -48.565
500 -48.1433
501 -47.7388
502 -47.8203
503 -46.9828
504 -47.3153
505 -46.1672
506 -46.6246
507 -47.5599
508 -47.3717
509 -48.1565
510 -48.9654
511 -49.5089
512 -48.1865
513 -49.1018
514 -48.4318
515 -49.3935
516 -48.7937
517 -47.5848
518 -48.405
519 -47.5046
520 -49.532
521 -48.2071
522 -48.9231
523 -48.209
524 -47.7646
525 -48.0684
526 -48.1418
527 -47.3357
528 -48.1686
529 -47.8078
530 -48.5663
531 -48.4061
532 -47.227
533 -46.5323
534 -46.8413
535 -48.0542
536 -46.8716
537 -47.2832
538 -47.2324
539 -47.7364
540 -46.8176
541 -47.4131
542 -47.3415
543 -46.7299
544 -46.8939
545 -46.9741
546 -45.9096
547 -46.5479
548 -49.1932
549 -48.8492
550 -48.4935
551 -50.0803
552 -49.4275
553 -48.9975
554 -48.6072
555 -48.9674
556 -48.3947
557 -49.2894
558 -47.7203
559 -48.2227
560 -48.0581
561 -48.8081
562 -46.3181
563 -45.8303
564 -47.5004
565 -46.3047
566 -45.7463
567 -48.0705
568 -48.503
569 -49.0077
570 -49.2485
571 -47.1152
572 -48.0487
573 -46.6192
574 -46.2661
575 -47.7258
576 -48.196
577 -47.0374
578 -48.0259
579 -46.8499
580 -46.6437
581 -45.5873
582 -45.5281
583 -48.4537
584 -47.2848
585 -46.0829
586 -48.2108
587 -48.7897
588 -47.5652
589 -48.9168
590 -49.2362
591 -51.1764
592 -47.7776
593 -49.0398
594 -47.528
595 -49.217
596 -47.5954
597 -50.5914
598 -48.0625
599 -48.0491
600 -48.9468
601 -46.4456
602 -47.1643
603 -47.5553
604 -47.3772
605 -47.7387
606 -47.3355
607 -48.5332
608 -47.482
609 -46.6122
610 -45.5325
611 -47.1442
612 -49.5332
613 -46.247
614 -47.1853
615 -45.3347
616 -46.0519
617 -45.9207
618 -46.757
619 -46.778
620 -46.2693
621 -45.8148
622 -46.5792
623 -45.9966
624 -45.7978
625 -46.3109
626 -47.8964
627 -47.1839
628 -48.006
629 -49.4298
630 -48.6804
631 -50.1896
632 -51.5158
633 -47.7353
634 -47.8273
635 -48.3757
636 -47.0899
637 -50.005
638 -47.7685
639 -48.178
640 -47.5437
641 -47.0117
642 -48.2361
643 -47.4428
644 -45.9879
645 -47.9642
646 -46.9116
647 -47.1182
648 -47.3473
649 -48.9026
650 -47.1994
651 -46.6359
652 -47.5729
653 -47.0524
654 -45.5668
655 -47.6611
656 -47.3498
657 -46.0821
658 -47.0329
659 -46.7927
660 -46.5933
661 -47.6752
662 -46.1846
663 -45.3098
664 -45.5968
665 -45.9198
666 -46.7521
667 -46.3278
668 -47.5958
669 -48.1989
670 -47.5647
671 -47.0662
672 -46.9663
673 -45.4557
674 -47.8038
675 -47.5851
676 -47.7061
677 -46.9697
678 -48.0821
679 -49.5909
680 -47.4996
681 -48.4163
682 -47.1268
683 -47.6528
684 -46.4084
685 -45.872
686 -46.7276
687 -47.1069
688 -46.1061
689 -46.3408
690 -46.8686
691 -46.4128
692 -47.014
693 -47.6075
694 -46.7225
695 -46.1722
696 -44.0452
697 -46.3434
698 -47.212
699 -46.3516
700 -45.1654
701 -45.8286
702 -45.5028
703 -44.6514
704 -44.6986
705 -45.9802
706 -47.2234
707 -46.3825
708 -48.8773
709 -48.4216
710 -47.7844
711 -49.006
712 -47.4639
713 -48.125
714 -47.3166
715 -46.876
716 -46.8652
717 -48.1861
718 -46.5854
719 -48.2793
720 -47.7778
721 -46.2781
722 -45.9214
723 -45.1943
724 -45.1695
725 -45.0738
726 -45.8282
727 -46.5953
728 -46.2035
729 -46.8543
730 -46.8992
731 -45.5734
732 -44.7488
733 -45.3057
734 -47.3168
735 -44.7757
736 -45.1532
737 -45.3914
738 -45.5956
739 -47.3362
740 -44.8036
741 -46.3421
742 -44.8398
743 -44.63
744 -45.7747
745 -43.771
746 -43.9687
747 -45.7398
748 -47.5881
749 -48.2156
750 -47.7659
751 -47.6555
752 -46.7714
753 -46.6376
754 -45.6568
755 -47.1198
756 -46.6576
757 -46.3421
758 -46.1294
759 -46.4604
760 -46.1266
761 -45.294
762 -45.1902
763 -44.8482
764 -45.2954
765 -45.3524
766 -45.8714
767 -45.5179
768 -47.012
769 -46.2498
770 -46.1697
771 -44.5107
772 -45.3238
773 -46.4211
774 -45.3124
775 -44.7781
776 -44.1735
777 -44.5715
778 -44.9061
779 -46.4436
780 -45.7673
781 -44.042
782 -44.1349
783 -44.4933
784 -45.8821
785 -45.3306
786 -44.5396
787 -44.9659
788 -46.2562
789 -47.9004
790 -44.653
791 -46.5412
792 -45.7516
793 -46.4721
794 -45.7349
795 -45.9162
796 -44.5428
797 -46.0016
798 -45.4049
799 -45.0939
800 -46.1938
801 -45.083
802 -45.9004
803 -45.4316
804 -47.1909
805 -44.3623
806 -44.4352
807 -43.5246
808 -45.424
809 -44.9156
810 -44.4987
811 -44.7431
812 -44.6487
813 -43.8797
814 -43.7222
815 -44.6578
816 -44.2791
817 -44.2578
818 -44.6051
819 -44.112
820 -43.8971
821 -44.5039
822 -44.1857
823 -44.337
824 -43.8137
825 -44.6156
826 -43.7767
827 -45.9577
828 -45.8481
829 -46.3416
830 -46.3682
831 -45.9913
832 -46.1596
833 -44.4154
834 -45.3362
835 -46.1735
836 -44.6719
837 -45.7811
838 -46.042
839 -45.9435
840 -45.6102
841 -44.5916
842 -45.4194
843 -44.6985
844 -43.1278
845 -44.1511
846 -43.7579
847 -45.0696
848 -45.6913
849 -43.6787
850 -44.745
851 -43.665
852 -44.1305
853 -44.2238
854 -44.333
855 -43.5235
856 -42.3272
857 -44.3036
858 -43.6378
859 -43.5386
860 -45.8348
861 -43.75
862 -43.4421
863 -43.2052
864 -42.2696
865 -42.5868
866 -44.2237
867 -44.3156
868 -45.9582
869 -44.3416
870 -45.4849
871 -45.1251
872 -43.5878
873 -43.2671
874 -44.3306
875 -42.6511
876 -45.0206
877 -45.5415
878 -44.9432
879 -45.1686
880 -45.099
881 -42.6232
882 -44.1519
883 -43.9837
884 -42.9875
885 -44.1543
886 -43.3344
887 -42.4633
888 -44.519
889 -43.2294
890 -43.2847
891 -42.8692
892 -42.7754
893 -43.0038
894 -43.5834
895 -44.3306
896 -42.8323
897 -43.1788
898 -43.483
899 -43.4749
900 -43.0765
901 -41.414
902 -41.216
903 -42.2141
904 -43.0155
905 -44.5446
906 -43.9649
907 -43.8393
908 -44.4328
909 -44.362
910 -44.1584
911 -45.2736
912 -44.0475
913 -42.925
914 -43.7246
915 -45.0558
916 -43.7756
917 -44.3346
918 -43.104
919 -43.1603
920 -42.9144
921 -43.9332
922 -42.0625
923 -42.9398
924 -42.6707
925 -42.8745
926 -42.6184
927 -43.2645
928 -44.2009
929 -42.2655
930 -43.1471
931 -43.2367
932 -42.5605
933 -42.737
934 -41.6891
935 -42.5322
936 -40.9695
937 -41.7031
938 -40.7483
939 -39.3763
940 -40.6016
941 -40.6308
942 -39.9826
943 -38.0139
944 -37.4667
945 -38.0822
946 -39.0244
947 -38.196
948 -38.2297
949 -39.8343
950 -37.9015
951 -39.5648
952 -36.2789
953 -36.3269
954 -35.4774
955 -33.8576
956 -33.7657
957 -34.4647
958 -34.0701
959 -33.4095
960 -32.7296
961 -31.7875
962 -30.8095
963 -30.2457
964 -28.558
965 -27.7055
966 -30.1622
967 -26.9937
968 -28.783
969 -27.406
970 -28.7626
971 -26.896
972 -25.2367
973 -25.1435
974 -24.5783
975 -25.7604
976 -24.4438
977 -23.4905
978 -24.3887
979 -22.2264
980 -23.8776
981 -23.2394
982 -21.6743
983 -24.1796
984 -22.418
985 -22.254
986 -22.0355
987 -22.6264
988 -21.3366
989 -21.4283
990 -21.5483
991 -20.6796
992 -20.506
993 -18.2786
994 -17.7079
995 -18.3987
996 -18.5531
997 -16.9326
998 -15.087
999 -16.3807
1000 -14.9018
1001 -14.7047
1002 -16.4028
1003 -18.4953
1004 -16.3433
1005 -14.9571
1006 -15.7767
1007 -16.1953
1008 -16.6258
1009 -17.3706
1010 -16.0267
1011 -18.5001
1012 -18.1803
1013 -18.78
1014 -19.9287
1015 -20.0471
1016 -19.9698
1017 -20.3862
1018 -19.3198
1019 -21.4573
1020 -22.9021
1021 -21.3429
1022 -23.0342
1023 -23.4879
1024 -23.2769
1025 -23.0176
1026 -25.0242
1027 -25.6903
1028 -26.9891
1029 -26.9689
1030 -27.0072
1031 -29.1202
1032 -27.1077
1033 -28.8028
1034 -29.6217
1035 -28.9032
1036 -30.5758
1037 -30.8087
1038 -29.2859
1039 -30.2377
1040 -30.6156
1041 -30.8294
1042 -29.5332
1043 -29.053
1044 -27.8478
1045 -28.7683
1046 -30.4448
1047 -31.2796
1048 -29.6178
1049 -30.5593
1050 -31.4941
1051 -30.6022
1052 -31.4782
1053 -31.5691
1054 -31.8876
1055 -31.7336
1056 -33.1272
1057 -32.3028
1058 -31.9324
1059 -33.3276
1060 -32.7987
1061 -31.6648
1062 -31.3574
1063 -32.81
1064 -32.3522
1065 -32.392
1066 -32.6962
1067 -31.6558
1068 -34.1993
1069 -33.1109
1070 -34.1082
1071 -33.9214
1072 -34.0255
1073 -34.1044
1074 -34.2706
1075 -34.7898
1076 -35.5486
1077 -33.978
1078 -34.3044
1079 -32.7968
1080 -33.5538
1081 -32.6666
1082 -33.878
1083 -33.6001
1084 -33.5397
1085 -33.3719
1086 -31.6881
1087 -32.2561
1088 -30.5067
1089 -32.2644
1090 -33.1846
1091 -33.0155
1092 -33.608
1093 -32.8733
1094 -34.9171
1095 -33.6343
1096 -33.8188
1097 -34.1726
1098 -33.5864
1099 -34.0306
1100 -33.6047
1101 -34.3831
1102 -33.6204
1103 -34.4921
1104 -33.2755
1105 -33.0404
1106 -33.8036
1107 -31.525
1108 -33.2642
1109 -33.9674
1110 -33.9274
1111 -34.3318
1112 -34.7873
1113 -35.157
1114 -35.1151
1115 -34.7309
1116 -35.0646
1117 -36.4801
1118 -34.1585
1119 -32.7737
1120 -34.3765
1121 -32.5199
1122 -32.4526
1123 -33.9098
1124 -32.7778
1125 -32.9905
1126 -32.4343
1127 -32.932
1128 -31.7561
1129 -31.0034
1130 -33.4437
1131 -33.8459
1132 -33.7002
1133 -33.468
1134 -33.5995
1135 -34.1284
1136 -34.5486
1137 -33.1461
1138 -33.1224
1139 -31.7106
1140 -34.6433
1141 -34.2564
1142 -33.8987
1143 -34.2395
1144 -34.0224
1145 -35.4817
1146 -34.0233
1147 -33.0553
1148 -33.5275
1149 -33.4805
1150 -34.2508
1151 -33.9132
1152 -34.76
1153 -36.0379
1154 -34.7584
1155 -35.3237
1156 -36.2057
1157 -35.2835
1158 -35.7716
1159 -36.6451
1160 -34.1023
1161 -35.9977
1162 -33.4588
1163 -33.8389
1164 -35.5135
1165 -32.6158
1166 -33.0212
1167 -33.0069
1168 -32.3493
1169 -34.3935
1170 -34.6113
1171 -33.5505
1172 -33.0288
1173 -34.2595
1174 -35.2088
1175 -34.9944
1176 -34.4827
1177 -34.1276
1178 -35.1292
1179 -32.7645
1180 -33.8433
1181 -33.3142
1182 -33.3188
1183 -33.8485
1184 -33.6144
1185 -34.6785
1186 -33.9812
1187 -35.843
1188 -33.7689
1189 -35.6771
1190 -34.4103
1191 -37.5398
1192 -34.6799
1193 -36.8057
1194 -36.1874
1195 -35.5637
1196 -36.3672
1197 -35.7626
1198 -35.0792
1199 -34.1447
1200 -34.7175
1201 -35.3226
1202 -36.189
1203 -34.6909
1204 -35.6606
1205 -35.2096
1206 -34.2804
1207 -33.9796
1208 -33.4561
1209 -31.9552
1210 -34.6772
1211 -35.5211
1212 -34.807
1213 -34.0636
1214 -35.2421
1215 -35.4259
1216 -35.8368
1217 -34.9702
1218 -35.4811
1219 -34.3141
1220 -34.366
1221 -36.0581
1222 -33.5004
1223 -36.7118
1224 -35.5564
1225 -35.746
1226 -35.9431
1227 -36.1835
1228 -35.1751
1229 -34.7829
1230 -34.3427
1231 -34.6668
1232 -36.1183
1233 -36.2231
1234 -35.6477
1235 -35.6323
1236 -35.6246
1237 -35.1542
1238 -35.7065
1239 -34.7426
1240 -35.4179
1241 -35.9378
1242 -34.9526
1243 -37.4947
1244 -34.1254
1245 -34.829
1246 -33.4511
1247 -32.8393
1248 -33.6154
1249 -34.5643
1250 -34.2712
1251 -35.394
1252 -33.0223
1253 -34.4582
1254 -37.0393
1255 -36.1483
1256 -35.6741
1257 -36.7554
1258 -35.4692
1259 -34.3276
1260 -33.8994
1261 -34.9293
1262 -37.2524
1263 -36.0794
1264 -36.7215
1265 -36.0867
1266 -35.3951
1267 -36.6987
1268 -34.9376
1269 -36.2114
1270 -36.8902
1271 -36.3261
1272 -37.4338
1273 -36.3666
1274 -37.3061
1275 -36.2866
1276 -37.422
1277 -37.0715
1278 -37.1654
1279 -36.2165
1280 -35.3129
1281 -36.4557
1282 -34.6527
1283 -36.0121
1284 -37.3974
1285 -35.8766
1286 -34.747
1287 -34.342
1288 -34.3325
1289 -36.1484
1290 -34.2983
1291 -35.6698
1292 -36.7771
1293 -35.8929
1294 -36.829
1295 -36.2765
1296 -34.398
1297 -35.0186
1298 -34.3475
1299 -37.139
1300 -35.4486
1301 -35.4874
1302 -35.9094
1303 -35.869
1304 -36.2238
1305 -35.6638
1306 -36.6352
1307 -37.723
1308 -33.9217
1309 -35.3551
1310 -37.548
1311 -36.5757
1312 -37.8292
1313 -37.6113
1314 -35.8669
1315 -36.5804
1316 -37.1186
1317 -38.4487
1318 -36.1249
1319 -35.3411
1320 -35.72
1321 -36.0336
1322 -36.9207
1323 -36.8786
1324 -36.1853
1325 -37.5635
1326 -34.9975
1327 -34.0635
1328 -36.2836
1329 -35.5405
1330 -36.5173
1331 -36.0867
1332 -37.7427
1333 -36.1994
1334 -37.5033
1335 -36.6629
1336 -36.4309
1337 -35.9995
1338 -36.1518
1339 -36.7
1340 -37.4733
1341 -37.0781
1342 -36.7991
1343 -35.1172
1344 -36.3723
1345 -36.4924
1346 -35.7985
1347 -36.4481
1348 -37.3637
1349 -37.6078
1350 -37.9791
1351 -35.3955
1352 -36.5257
1353 -38.8366
1354 -36.2879
1355 -38.9764
1356 -37.4543
1357 -37.2864
1358 -37.4127
1359 -36.3883
1360 -35.4865
1361 -37.2853
1362 -36.3737
1363 -37.1715
1364 -35.6744
1365 -35.3882
1366 -35.722
1367 -35.0228
1368 -35.0784
1369 -35.1125
1370 -37.1772
1371 -37.5048
1372 -38.286
1373 -38.0597
1374 -39.3287
1375 -38.4499
1376 -38.1665
1377 -38.4931
1378 -39.0181
1379 -39.316
1380 -40.7998
1381 -40.3862
1382 -40.5346
1383 -41.0928
1384 -41.7656
1385 -44.3687
1386 -43.6377
1387 -44.2745
1388 -45.1847
1389 -46.8842
1390 -44.8918
1391 -45.2199
1392 -48.5139
1393 -48.2497
1394 -49.6748
1395 -49.153
1396 -50.3965
1397 -52.3578
1398 -51.9922
1399 -51.4502
1400 -51.5907
1401 -53.1499
1402 -52.4125
1403 -53.9063
1404 -53.6858
1405 -54.5828
1406 -54.9785
1407 -54.3914
1408 -56.0769
1409 -55.0763
1410 -55.1436
1411 -54.9369
1412 -54.8208
1413 -55.1569
1414 -54.7251
1415 -57.2349
1416 -55.986
1417 -57.3229
1418 -56.6532
1419 -56.542
1420 -57.4484
1421 -58.6688
1422 -56.9914
1423 -58.6235
1424 -57.9872
1425 -57.2172
1426 -58.3626
1427 -56.9701
1428 -59.3445
1429 -59.7229
1430 -59.2523
1431 -59.6823
1432 -62.375
1433 -61.6699
1434 -61.6189
1435 -63.7604
1436 -62.9191
1437 -64.1332
1438 -63.3583
1439 -60.8976
1440 -62.7802
1441 -63.6733
1442 -63.6178
1443 -61.9068
1444 -61.961
1445 -62.9876
1446 -60.5934
1447 -61.0633
1448 -62.8267
1449 -60.5715
1450 -59.9313
1451 -58.9123
1452 -59.7338
1453 -58.9837
1454 -58.0263
1455 -56.4815
1456 -56.4551
1457 -55.156
1458 -55.7092
1459 -54.3203
1460 -53.5527
1461 -53.9016
1462 -53.5257
1463 -51.8522
1464 -52.684
1465 -51.7798
1466 -52.1873
1467 -50.5056
1468 -50.3279
1469 -49.691
1470 -51.4572
1471 -50.2118
1472 -48.5233
1473 -47.9007
1474 -48.6218
1475 -47.3194
1476 -48.0851
1477 -46.4739
1478 -46.8787
1479 -49.3536
1480 -47.1286
1481 -47.6095
1482 -47.0694
1483 -45.9681
1484 -46.9409
1485 -46.1285
1486 -45.7046
1487 -47.1362
1488 -45.3232
1489 -45.9604
1490 -45.243
1491 -45.4869
1492 -45.2008
1493 -45.3168
1494 -45.0061
1495 -46.0709
1496 -46.7604
1497 -46.8354
1498 -48.6792
1499 -47.6702
1500 -45.6805
1501 -45.8495
1502 -46.1133
1503 -45.1262
1504 -46.7026
1505 -45.3462
1506 -45.2996
1507 -48.0881
1508 -46.0481
1509 -46.259
1510 -47.2062
1511 -45.9392
1512 -45.916
1513 -45.4481
1514 -44.6453
1515 -46.165
1516 -43.8909
1517 -44.6354
1518 -46.5124
1519 -45.4253
1520 -45.5427
1521 -46.0599
1522 -46.4283
1523 -44.234
1524 -44.6993
1525 -45.0951
1526 -43.8927
1527 -44.2068
1528 -44.7389
1529 -44.6157
1530 -45.3351
1531 -44.0749
1532 -43.5427
1533 -42.9348
1534 -44.1429
1535 -43.6487
1536 -45.4993
1537 -46.0935
1538 -46.228
1539 -45.6843
1540 -46.0428
1541 -46.197
1542 -44.7563
1543 -45.1514
1544 -45.468
1545 -44.2757
1546 -43.0917
1547 -45.4123
1548 -45.0096
1549 -44.8092
1550 -45.4076
1551 -45.2907
1552 -45.6463
1553 -45.8526
1554 -45.1136
1555 -43.5177
1556 -44.3629
1557 -44.0636
1558 -44.2553
1559 -45.234
1560 -44.6761
1561 -43.6771
1562 -45.0027
1563 -44.7672
1564 -44.9076
1565 -44.8877
1566 -44.4735
1567 -45.5446
1568 -45.1917
1569 -43.3119
1570 -43.9629
1571 -43.7381
1572 -43.2598
1573 -43.8303
1574 -43.6628
1575 -42.9167
1576 -43.5663
1577 -44.6813
1578 -45.0545
1579 -46.0741
1580 -46.4633
1581 -46.5986
1582 -46.2856
1583 -45.3335
1584 -43.4585
1585 -46.1462
1586 -43.6422
1587 -44.3145
1588 -45.8319
1589 -44.1954
1590 -44.8423
1591 -44.1696
1592 -42.9797
1593 -43.2445
1594 -44.5279
1595 -42.1156
1596 -43.4126
1597 -44.2182
1598 -43.3989
1599 -44.4464
1600 -43.5035
1601 -45.3572
1602 -44.146
1603 -42.9191
1604 -41.8866
1605 -43.9243
1606 -44.5208
1607 -42.4739
1608 -43.861
1609 -42.859
1610 -43.4628
1611 -43.8124
1612 -42.9433
1613 -42.6628
1614 -42.3683
1615 -42.3036
1616 -43.4478
1617 -45.8442
1618 -45.1347
1619 -46.1128
1620 -44.9023
1621 -44.6091
1622 -43.4113
1623 -42.4549
1624 -44.0799
1625 -45.5394
1626 -44.0894
1627 -44.5543
1628 -45.5534
1629 -43.5742
1630 -43.0475
1631 -43.9433
1632 -43.2017
1633 -42.4244
1634 -43.3097
1635 -41.9181
1636 -43.1636
1637 -42.8706
1638 -43.1434
1639 -45.0879
1640 -43.2939
1641 -42.8214
1642 -43.175
1643 -42.5808
1644 -43.526
1645 -43.8778
1646 -43.0823
1647 -42.5508
1648 -43.2272
1649 -43.8323
1650 -43.8609
1651 -42.6144
1652 -41.1919
1653 -44.276
1654 -42.6178
1655 -42.4123
1656 -43.6886
1657 -42.234
1658 -45.0394
1659 -44.2382
1660 -43.2923
1661 -45.0103
1662 -43.2441
1663 -43.5777
1664 -43.7786
1665 -44.3757
1666 -43.8271
1667 -44.7148
1668 -42.6899
1669 -44.3767
1670 -43.0258
1671 -43.1901
1672 -42.4854
1673 -40.9502
1674 -41.2688
1675 -42.3956
1676 -43.2457
1677 -42.7888
1678 -44.1081
1679 -43.0231
1680 -42.8853
1681 -42.9489
1682 -41.3552
1683 -42.1349
1684 -42.258
1685 -42.3113
1686 -43.7882
1687 -41.5408
1688 -42.1401
1689 -43.0892
1690 -41.837
1691 -42.0086
1692 -42.0359
1693 -41.8869
1694 -41.8853
1695 -41.9404
1696 -42.532
1697 -44.2503
1698 -44.732
1699 -44.513
1700 -44.4173
1701 -45.2463
1702 -43.0568
1703 -42.9611
1704 -43.2411
1705 -43.153
1706 -43.474
1707 -43.7986
1708 -42.1204
1709 -43.8292
1710 -42.9038
1711 -43.3611
1712 -42.6706
1713 -42.7192
1714 -41.635
1715 -41.4096
1716 -41.4291
1717 -41.8896
1718 -43.0164
1719 -42.1026
1720 -41.3282
1721 -41.7966
1722 -41.6684
1723 -41.0461
1724 -42.0466
1725 -40.4735
1726 -41.1687
1727 -41.0852
1728 -41.7838
1729 -42.0071
1730 -41.7809
1731 -40.3355
1732 -41.4521
1733 -39.9274
1734 -42.9371
1735 -40.7896
1736 -44.3393
1737 -41.9645
1738 -40.722
1739 -43.814
1740 -43.5265
1741 -43.4873
1742 -45.6435
1743 -41.5577
1744 -42.6292
1745 -41.001
1746 -43.9776
1747 -42.1393
1748 -42.3429
1749 -42.6483
1750 -42.3907
1751 -41.8465
1752 -41.5666
1753 -40.7392
1754 -40.7625
1755 -41.3631
1756 -41.8691
1757 -41.4148
1758 -42.4063
1759 -42.1254
1760 -41.6206
1761 -40.6186
1762 -41.6035
1763 -40.991
1764 -41.9648
1765 -41.1327
1766 -40.6469
1767 -40.629
1768 -40.7355
1769 -40.2444
1770 -39.6984
1771 -41.2607
1772 -41.7701
1773 -40.2139
1774 -39.7354
1775 -40.6479
1776 -41.9939
1777 -42.6896
1778 -41.9302
1779 -42.9532
1780 -41.1903
1781 -41.4508
1782 -44.086
1783 -41.7162
1784 -40.6113
1785 -42.6729
1786 -41.9207
1787 -42.3215
1788 -42.3117
1789 -42.7728
1790 -41.4552
1791 -41.3048
1792 -41.5084
1793 -41.8809
1794 -41.556
1795 -41.308
1796 -39.4601
1797 -41.6485
1798 -40.8445
1799 -40.7215
1800 -41.6025
1801 -40.4968
1802 -41.3326
1803 -41.0414
1804 -41.9856
1805 -40.5531
1806 -39.8185
1807 -40.1028
1808 -39.7594
1809 -39.8056
1810 -38.4578
1811 -37.8963
1812 -38.7985
1813 -36.4731
1814 -38.9587
1815 -37.5215
1816 -36.6087
1817 -37.3585
1818 -37.7415
1819 -36.1907
1820 -37.0971
1821 -35.824
1822 -34.9688
1823 -33.9194
1824 -33.8706
1825 -33.6102
1826 -33.1697
1827 -32.2702
1828 -30.8289
1829 -31.2535
1830 -31.2585
1831 -29.8466
1832 -28.6079
1833 -27.6565
1834 -27.0996
1835 -25.6476
1836 -26.7812
1837 -25.4646
1838 -27.1671
1839 -26.1572
1840 -25.8204
1841 -25.3905
1842 -26.0261
1843 -24.4467
1844 -24.708
1845 -24.7402
1846 -23.4872
1847 -24.5546
1848 -22.821
1849 -23.5928
1850 -21.0217
1851 -22.5951
1852 -21.2052
1853 -23.3459
1854 -20.2392
1855 -20.3434
1856 -21.6606
1857 -19.7656
1858 -20.0087
1859 -20.4406
1860 -19.752
1861 -19.8712
1862 -17.3227
1863 -18.6515
1864 -17.2996
1865 -17.2009
1866 -16.047
1867 -15.9222
1868 -15.0027
1869 -13.3505
1870 -13.6461
1871 -15.7181
1872 -15.3681
1873 -16.356
1874 -16.7377
1875 -15.4285
1876 -16.1745
1877 -15.6588
1878 -16.5992
1879 -18.5635
1880 -17.7593
1881 -17.101
1882 -18.2272
1883 -16.5876
1884 -19.3167
1885 -19.513
1886 -20.0986
1887 -20.6023
1888 -19.9941
1889 -20.5415
1890 -20.3138
1891 -20.2909
1892 -21.5157
1893 -21.3231
1894 -21.2907
1895 -24.0946
1896 -24.085
1897 -25.4094
1898 -26.1802
1899 -27.2396
1900 -26.7339
1901 -26.7749
1902 -28.2106
1903 -28.5199
1904 -29.2627
1905 -30.4965
1906 -29.8618
1907 -27.9755
1908 -29.1184
1909 -28.2528
1910 -28.261
1911 -28.7778
1912 -28.9214
1913 -29.1918
1914 -28.5567
1915 -29.1951
1916 -28.4715
1917 -28.531
1918 -29.715
1919 -29.4202
1920 -29.7776
1921 -31.2729
1922 -29.9584
1923 -32.6183
1924 -30.4296
1925 -29.2108
1926 -30.938
1927 -30.6832
1928 -31.2129
1929 -31.2823
1930 -30.7722
1931 -32.8227
1932 -32.0548
1933 -31.1762
1934 -31.7804
1935 -31.8566
1936 -31.7285
1937 -31.4226
1938 -31.8149
1939 -32.5519
1940 -32.9951
1941 -32.6842
1942 -33.3576
1943 -33.793
1944 -33.823
1945 -32.5429
1946 -33.5003
1947 -33.0236
1948 -33.4793
1949 -32.7856
1950 -31.2275
1951 -30.9584
1952 -33.1428
1953 -33.2238
1954 -33.3687
1955 -31.0674
1956 -31.7509
1957 -31.4899
1958 -30.0424
1959 -30.2859
1960 -32.6231
1961 -31.4456
1962 -33.1003
1963 -33.0714
1964 -32.3464
1965 -33.3773
1966 -32.4698
1967 -32.2259
1968 -32.7055
1969 -32.0549
1970 -33.1555
1971 -31.6959
1972 -32.6265
1973 -33.3019
1974 -33.8268
1975 -33.719
1976 -34.6921
1977 -33.2868
1978 -31.1478
1979 -33.3073
1980 -34.0414
1981 -34.7957
1982 -35.4953
1983 -33.3019
1984 -32.545
1985 -34.1163
1986 -33.9237
1987 -33.1161
1988 -34.1557
1989 -33.3661
1990 -33.3825
1991 -32.997
1992 -31.1681
1993 -32.1276
1994 -30.7729
1995 -33.4302
1996 -31.7736
1997 -32.5017
1998 -30.8641
1999 -32.1825
2000 -32.4964
2001 -32.8441
2002 -32.6256
2003 -33.8552
2004 -33.2388
2005 -34.4069
2006 -35.8982
2007 -33.5767
2008 -35.1278
2009 -33.0933
2010 -32.9625
2011 -32.8575
2012 -34.3302
2013 -33.0795
2014 -33.2429
2015 -34.2184
2016 -34.9323
2017 -32.7437
2018 -33.9311
2019 -32.8135
2020 -35.7628
2021 -32.3584
2022 -35.4661
2023 -35.4106
2024 -34.2915
2025 -35.135
2026 -33.4802
2027 -34.4959
2028 -33.0153
2029 -34.716
2030 -35.2057
2031 -33.4276
2032 -34.1936
2033 -33.7041
2034 -33.4792
2035 -33.1587
2036 -32.1954
2037 -33.214
2038 -31.9668
2039 -32.95
2040 -33.0192
2041 -33.7764
2042 -34.0845
2043 -33.183
2044 -34.1781
2045 -32.3274
2046 -31.551
2047 -33.6289
2048 -33.186
2049 -34.7164
2050 -34.3423
2051 -33.8583
2052 -33.1659
2053 -33.3594
2054 -32.8849
2055 -34.6611
2056 -32.9099
2057 -33.8836
2058 -34.3946
2059 -33.9575
2060 -35.9237
2061 -34.3321
2062 -34.9689
2063 -35.7008
2064 -34.3359
2065 -35.3518
2066 -37.504
2067 -35.664
2068 -33.4193
2069 -34.4813
2070 -34.945
2071 -33.4086
2072 -33.4789
2073 -33.7189
2074 -34.0837
2075 -33.0477
2076 -33.3213
2077 -32.8019
2078 -33.7699
2079 -32.9391
2080 -33.8668
2081 -33.0167
2082 -34.8921
2083 -33.3316
2084 -35.6556
2085 -34.1369
2086 -33.4199
2087 -35.3185
2088 -34.8034
2089 -34.1747
2090 -34.2671
2091 -33.9028
2092 -34.4113
2093 -36.4591
2094 -34.5083
2095 -34.2265
2096 -34.8713
2097 -35.3978
2098 -34.7161
2099 -35.9749
2100 -34.795
2101 -34.9924
2102 -34.7693
2103 -33.7434
2104 -35.2114
2105 -34.9554
2106 -35.2124
2107 -35.882
2108 -34.0827
2109 -35.7587
2110 -34.6323
2111 -32.637
2112 -33.2226
2113 -36.103
2114 -33.7921
2115 -33.9101
2116 -33.7488
2117 -33.1794
2118 -32.9818
2119 -34.0981
2120 -36.0458
2121 -34.5278
2122 -34.9674
2123 -34.7469
2124 -35.3392
2125 -34.8433
2126 -34.8228
2127 -34.1498
2128 -34.807
2129 -34.3198
2130 -34.2042
2131 -36.4946
2132 -34.2856
2133 -34.5743
2134 -35.1847
2135 -35.707
2136 -35.5066
2137 -36.0107
2138 -34.8924
2139 -35.1236
2140 -36.0957
2141 -35.7485
2142 -36.8502
2143 -36.0371
2144 -37.1339
2145 -34.0503
2146 -37.3368
2147 -34.1257
2148 -36.0737
2149 -36.6718
2150 -34.8595
2151 -34.1175
2152 -34.8956
2153 -33.968
2154 -36.0814
2155 -34.2519
2156 -35.75
2157 -34.3128
2158 -34.8218
2159 -35.783
2160 -34.4172
2161 -35.4805
2162 -35.2636
2163 -35.2673
2164 -35.1976
2165 -35.3775
2166 -35.1856
2167 -35.0828
2168 -34.9031
2169 -34.087
2170 -34.6157
2171 -35.9726
2172 -35.8233
2173 -36.7944
2174 -37.4551
2175 -36.4691
2176 -35.0401
2177 -36.2702
2178 -35.905
2179 -36.5165
2180 -37.5882
2181 -37.6065
2182 -37.0213
2183 -36.1077
2184 -36.967
2185 -37.2542
2186 -37.7294
2187 -36.6658
2188 -36.0462
2189 -35.7243
2190 -35.7878
2191 -36.1226
2192 -35.8904
2193 -36.2764
2194 -35.473
2195 -34.1482
2196 -33.6005
2197 -34.238
2198 -34.6302
2199 -34.6645
2200 -34.975
2201 -35.7914
2202 -35.6333
2203 -36.8515
2204 -36.0841
2205 -36.2453
2206 -35.8088
2207 -35.1547
2208 -35.8853
2209 -36.5209
2210 -35.0117
2211 -35.2477
2212 -37.6285
2213 -35.8294
2214 -36.6
2215 -37.6753
2216 -36.9463
2217 -35.8943
2218 -35.8098
2219 -35.6278
2220 -35.9818
2221 -37.0827
2222 -35.9857
2223 -37.2655
2224 -39.002
2225 -37.0782
2226 -35.4405
2227 -36.6605
2228 -36.3514
2229 -36.5673
2230 -37.4053
2231 -35.4585
2232 -36.3107
2233 -36.7459
2234 -36.9713
2235 -35.2892
2236 -34.1649
2237 -35.461
2238 -34.6909
2239 -35.428
2240 -36.1133
2241 -35.8232
2242 -37.8959
2243 -38.1218
2244 -37.1262
2245 -37.8013
2246 -38.8877
2247 -38.2278
2248 -40.163
2249 -39.0126
2250 -40.3339
2251 -39.6552
2252 -40.0103
2253 -41.0553
2254 -44.254
2255 -43.7809
2256 -44.7418
2257 -43.9639
2258 -43.9254
2259 -44.4341
2260 -46.9569
2261 -46.7718
2262 -47.8019
2263 -48.124
2264 -48.7511
2265 -49.0571
2266 -51.0873
2267 -51.8791
2268 -50.4949
2269 -52.2276
2270 -52.1399
2271 -51.8614
2272 -51.1401
2273 -52.1824
2274 -51.9952
2275 -53.9551
2276 -53.6544
2277 -53.7999
2278 -55.8967
2279 -55.0022
2280 -54.5216
2281 -54.6141
2282 -57.1969
2283 -54.8683
2284 -54.5597
2285 -56.3779
2286 -55.0974
2287 -56.0889
2288 -53.8685
2289 -56.0521
2290 -55.6162
2291 -57.5022
2292 -57.3035
2293 -55.8646
2294 -56.8155
2295 -56.4402
2296 -57.8024
2297 -59.533
2298 -59.9868
2299 -59.3519
2300 -60.6553
2301 -60.3152
2302 -60.5224
2303 -61.4325
2304 -63.3315
2305 -62.3309
2306 -62.1336
2307 -60.3594
2308 -62.4359
2309 -63.2768
2310 -61.3974
2311 -62.5573
2312 -61.2426
2313 -63.8472
2314 -63.0605
2315 -62.2231
2316 -61.9139
2317 -60.2035
2318 -60.9928
2319 -58.1942
2320 -58.4558
2321 -57.5589
2322 -57.0896
2323 -58.3379
2324 -57.8408
2325 -56.0507
2326 -56.9339
2327 -55.8349
2328 -55.2443
2329 -53.3429
2330 -53.8541
2331 -53.1822
2332 -53.7911
2333 -52.8628
2334 -52.2283
2335 -52.3881
2336 -51.3285
2337 -49.2519
2338 -50.1918
2339 -49.6122
2340 -48.6188
2341 -49.4274
2342 -48.0512
2343 -47.5003
2344 -47.135
2345 -47.4607
2346 -47.053
2347 -46.3724
2348 -47.6783
2349 -45.9733
2350 -45.4911
2351 -45.9134
2352 -45.8679
2353 -47.204
2354 -45.2022
2355 -47.1463
2356 -47.1295
2357 -44.4636
2358 -44.2676
2359 -45.617
2360 -45.0211
2361 -44.2317
2362 -43.0878
2363 -43.2589
2364 -43.4853
2365 -44.9237
2366 -46.0555
2367 -45.9428
2368 -47.4322
2369 -45.4792
2370 -46.9774
2371 -45.919
2372 -45.7455
2373 -45.9397
2374 -44.9767
2375 -45.6262
2376 -46.2083
2377 -44.6462
2378 -44.9757
2379 -44.8839
2380 -46.0549
2381 -45.8899
2382 -44.4999
2383 -44.9361
2384 -43.817
2385 -44.5819
2386 -43.2352
2387 -43.0247
2388 -45.8013
2389 -43.9977
2390 -44.2857
2391 -45.5411
2392 -44.4893
2393 -43.8353
2394 -43.6187
2395 -43.2863
2396 -44.4644
2397 -44.7224
2398 -43.8773
2399 -43.0361
2400 -42.863
2401 -44.2687
2402 -43.6023
2403 -41.7104
2404 -43.2302
2405 -45.0523
2406 -44.3268
2407 -43.7879
2408 -45.4473
2409 -45.0654
2410 -44.8413
2411 -45.0334
2412 -46.0285
2413 -45.5252
2414 -43.7544
2415 -45.2663
2416 -44.2905
2417 -45.7445
2418 -44.313
2419 -43.1941
2420 -45.6402
2421 -45.5978
2422 -44.7164
2423 -42.784
2424 -43.7931
2425 -43.6132
2426 -43.986
2427 -43.148
2428 -45.1072
2429 -45.5191
2430 -43.8599
2431 -42.4104
2432 -44.4351
2433 -45.3463
2434 -43.2631
2435 -43.1143
2436 -43.2904
2437 -43.4204
2438 -42.618
2439 -43.5519
2440 -42.1135
2441 -42.4438
2442 -42.8625
2443 -43.2868
2444 -42.7537
2445 -43.0406
2446 -44.4708
2447 -44.986
2448 -45.0706
2449 -44.1147
2450 -45.7605
2451 -44.3667
2452 -45.4406
2453 -44.383
2454 -45.054
2455 -44.2835
2456 -46.0787
2457 -44.2751
2458 -44.1125
2459 -43.4722
2460 -44.0255
2461 -44.7676
2462 -43.01
2463 -42.9591
2464 -42.3207
2465 -42.6785
2466 -43.6438
2467 -42.2897
2468 -43.9812
2469 -43.194
2470 -43.6946
2471 -43.6133
2472 -42.4107
2473 -43.6321
2474 -44.3183
2475 -42.9812
2476 -43.1993
2477 -44.044
2478 -41.5088
2479 -43.9518
2480 -42.3778
2481 -42.1343
2482 -41.8409
2483 -41.8759
2484 -42.5089
2485 -42.5446
2486 -42.0098
2487 -42.6844
2488 -44.1494
2489 -44.1876
2490 -44.1515
2491 -43.9845
2492 -43.8265
2493 -43.1762
2494 -43.2775
2495 -43.0617
2496 -44.1616
2497 -43.2635
2498 -44.3627
2499 -42.0125
2500 -44.3482
2501 -42.4514
2502 -43.2984
2503 -42.5028
2504 -43.2487
2505 -42.8756
2506 -42.6955
2507 -42.8224
2508 -44.2242
2509 -43.0368
2510 -43.2514
2511 -44.2724
2512 -43.3328
2513 -43.179
2514 -41.4142
2515 -42.6622
2516 -42.4477
2517 -43.8047
2518 -44.6585
2519 -42.4666
2520 -41.8926
2521 -42.3104
2522 -43.1253
2523 -42.2588
2524 -40.309
2525 -40.7816
2526 -43.9526
2527 -43.4096
2528 -44.7103
2529 -44.858
2530 -43.6477
2531 -44.1681
2532 -45.3809
2533 -43.146
2534 -42.0453
2535 -43.5567
2536 -43.2684
2537 -43.3783
2538 -43.4617
2539 -42.319
2540 -41.6019
2541 -41.9968
2542 -41.9741
2543 -41.7497
2544 -41.1062
2545 -41.6808
2546 -41.118
2547 -42.3916
2548 -43.0379
2549 -41.2845
2550 -41.0811
2551 -41.6413
2552 -43.8555
2553 -42.3829
2554 -41.9879
2555 -43.0737
2556 -42.7064
2557 -42.8554
2558 -41.8109
2559 -41.3639
2560 -41.9827
2561 -40.1059
2562 -42.145
2563 -41.5319
2564 -41.7622
2565 -42.397
2566 -42.4386
2567 -42.7878
2568 -43.6018
2569 -45.0064
2570 -42.3325
2571 -43.9897
2572 -41.9582
2573 -42.156
2574 -42.9636
2575 -42.9947
2576 -43.7393
2577 -42.4839
2578 -43.574
2579 -43.3973
2580 -43.0966
2581 -42.9234
2582 -42.6618
2583 -41.3014
2584 -40.6199
2585 -41.3782
2586 -42.2754
2587 -42.1135
2588 -41.8384
2589 -42.0655
2590 -41.4136
2591 -39.6093
2592 -41.2658
2593 -41.9644
2594 -41.642
2595 -40.812
2596 -40.7436
2597 -40.2312
2598 -41.0791
2599 -42.7027
2600 -41.82
2601 -40.3933
2602 -39.891
2603 -40.8901
2604 -40.1168
2605 -40.5698
2606 -41.4084
2607 -42.1761
2608 -42.647
2609 -44.0375
2610 -41.5745
2611 -41.635
2612 -42.6627
2613 -41.6404
2614 -41.5307
2615 -42.0387
2616 -43.1323
2617 -43.0255
2618 -42.566
2619 -43.5801
2620 -41.6544
2621 -42.2117
2622 -42.8614
2623 -41.4754
2624 -40.899
2625 -41.3715
2626 -40.729
2627 -42.0854
2628 -41.333
2629 -41.724
2630 -41.8751
2631 -41.8593
2632 -41.6206
2633 -41.1541
2634 -40.4514
2635 -41.9081
2636 -41.7831
2637 -41.2595
2638 -39.7986
2639 -40.1167
2640 -39.3877
2641 -40.3435
2642 -41.6962
2643 -39.7417
2644 -39.3914
2645 -39.7389
2646 -43.0027
2647 -42.8943
2648 -42.0785
2649 -41.0726
2650 -43.099
2651 -41.9921
2652 -41.2445
2653 -39.6179
2654 -41.0735
2655 -41.3932
2656 -42.3284
2657 -41.3872
2658 -40.1663
2659 -40.5392
2660 -40.9833
2661 -40.4265
2662 -40.1489
2663 -40.0748
2664 -39.6947
2665 -40.497
2666 -40.2957
2667 -40.0809
2668 -41.0699
2669 -40.1325
2670 -39.6616
2671 -38.851
2672 -40.2528
2673 -38.6721
2674 -41.4791
2675 -40.4845
2676 -38.6353
2677 -40.5539
2678 -37.827
2679 -39.3996
2680 -37.761
2681 -36.1447
2682 -36.7965
2683 -36.8934
2684 -37.6509
2685 -38.2719
2686 -37.8198
2687 -35.6924
2688 -36.6331
2689 -36.0719
2690 -34.6467
2691 -34.7679
2692 -33.7579
2693 -34.1081
2694 -33.7905
2695 -32.7731
2696 -31.6857
2697 -32.5963
2698 -31.7691
2699 -29.2848
2700 -28.6987
2701 -30.3525
2702 -28.9607
2703 -26.4286
2704 -26.7796
2705 -26.3781
2706 -25.4285
2707 -26.6732
2708 -24.844
2709 -24.2002
2710 -24.6513
2711 -23.9333
2712 -24.5332
2713 -25.1932
2714 -24.7686
2715 -23.8434
2716 -23.9932
2717 -21.7288
2718 -20.7319
2719 -21.6555
2720 -21.4984
2721 -22.0037
2722 -20.9866
2723 -20.4729
2724 -23.0317
2725 -21.0366
2726 -20.8464
2727 -19.7059
2728 -20.2331
2729 -21.0386
2730 -18.2611
2731 -19.1899
2732 -18.0306
2733 -17.5768
2734 -17.8597
2735 -15.529
2736 -15.4521
2737 -15.2378
2738 -14.325
2739 -13.761
2740 -14.3197
2741 -15.9027
2742 -17.4245
2743 -15.1184
2744 -16.2173
2745 -14.8188
2746 -17.0192
2747 -15.548
2748 -16.0524
2749 -16.0728
2750 -16.1466
2751 -16.3936
2752 -17.5466
2753 -16.9563
2754 -18.2471
2755 -18.8434
2756 -18.5335
2757 -19.0916
2758 -20.3935
2759 -19.3178
2760 -19.1884
2761 -20.4346
2762 -21.7196
2763 -21.8164
2764 -22.4732
2765 -23.5521
2766 -25.0252
2767 -25.3875
2768 -25.4139
2769 -26.3963
2770 -26.9146
2771 -27.8865
2772 -27.6829
2773 -26.9304
2774 -27.4367
2775 -27.9359
2776 -29.3311
2777 -29.4461
2778 -27.1768
2779 -30.0031
2780 -30.4239
2781 -29.6395
2782 -27.9494
2783 -29.623
2784 -28.1958
2785 -28.1079
2786 -30.0048
2787 -26.8725
2788 -29.1938
2789 -29.3679
2790 -30.4166
2791 -29.6253
2792 -30.2654
2793 -31.2018
2794 -29.896
2795 -30.5836
2796 -30.7237
2797 -29.128
2798 -30.7191
2799 -31.6271
2800 -31.7299
2801 -31.7314
2802 -31.4982
2803 -30.7981
2804 -33.3807
2805 -32.8372
2806 -31.8374
2807 -31.2253
2808 -31.6742
2809 -32.6534
2810 -31.6762
2811 -33.2302
2812 -31.8714
2813 -32.8887
2814 -32.9182
2815 -32.4393
2816 -32.9359
2817 -33.8684
2818 -33.5801
2819 -32.7463
2820 -31.2601
2821 -31.6618
2822 -32.7503
2823 -32.6819
2824 -32.2038
2825 -31.7767
2826 -30.3053
2827 -31.6566
2828 -30.6144
2829 -31.3317
2830 -32.1519
2831 -32.7056
2832 -32.8751
2833 -33.3778
2834 -32.362
2835 -31.7433
2836 -32.4483
2837 -31.2233
2838 -32.568
2839 -30.8898
2840 -31.7054
2841 -31.5249
2842 -31.2818
2843 -31.4453
2844 -32.125
2845 -32.7942
2846 -31.8548
2847 -33.7976
2848 -32.2139
2849 -32.1717
2850 -32.2984
2851 -34.5732
2852 -32.9942
2853 -33.3902
2854 -33.4404
2855 -33.4756
2856 -34.5053
2857 -33.8277
2858 -33.2448
2859 -31.863
2860 -32.0799
2861 -33.8142
2862 -32.6969
2863 -32.271
2864 -32.8912
2865 -32.1438
2866 -32.3397
2867 -32.716
2868 -30.8486
2869 -32.6801
2870 -32.7355
2871 -32.7333
2872 -32.8318
2873 -34.628
2874 -33.2563
2875 -34.5824
2876 -31.7506
2877 -33.5252
2878 -33.8222
2879 -33.4879
2880 -33.5832
2881 -32.7147
2882 -34.3032
2883 -32.7501
2884 -33.8973
2885 -33.6423
2886 -33.1967
2887 -32.909
2888 -33.7397
2889 -34.8643
2890 -33.87
2891 -33.0653
2892 -33.9828
2893 -34.0835
2894 -34.5897
2895 -34.5748
2896 -35.2967
2897 -35.9426
2898 -32.8358
2899 -33.6818
2900 -34.0112
2901 -33.2174
2902 -33.6651
2903 -34.0759
2904 -32.1622
2905 -32.4042
2906 -33.7966
2907 -29.9351
2908 -32.6788
2909 -32.6827
2910 -34.2514
2911 -33.0887
2912 -33.0938
2913 -34.0534
2914 -34.6185
2915 -33.0603
2916 -33.3796
2917 -34.2112
2918 -33.8269
2919 -32.9707
2920 -33.4412
2921 -32.5509
2922 -34.3177
2923 -31.8951
2924 -34.5805
2925 -33.4306
2926 -33.9318
2927 -32.9452
2928 -35.5451
2929 -33.47
2930 -32.3509
2931 -35.4866
2932 -34.3259
2933 -34.0274
2934 -35.0909
2935 -33.8291
2936 -33.6979
2937 -33.8894
2938 -35.7902
2939 -33.4958
2940 -34.1285
2941 -34.5246
2942 -34.728
2943 -33.273
2944 -32.8338
2945 -34.5498
2946 -32.4564
2947 -32.339
2948 -32.9654
2949 -34.4657
2950 -33.2811
2951 -35.0861
2952 -34.3636
2953 -35.1554
2954 -34.5892
2955 -34.9878
2956 -33.911
2957 -35.1189
2958 -33.0947
2959 -35.5099
2960 -35.2291
2961 -34.6281
2962 -33.7459
2963 -34.8061
2964 -34.6885
2965 -34.1129
2966 -35.0714
2967 -35.3811
2968 -34.4031
2969 -34.3191
2970 -33.8783
2971 -35.239
2972 -35.1627
2973 -35.5706
2974 -36.2898
2975 -35.0182
2976 -35.3096
2977 -35.6171
2978 -35.7777
2979 -35.3494
2980 -34.0451
2981 -34.9945
2982 -35.8472
2983 -34.9394
2984 -35.14
2985 -33.7977
2986 -34.2531
2987 -33.3425
2988 -33.0543
2989 -32.4221
2990 -33.6196
2991 -34.5697
2992 -35.7415
2993 -34.8583
2994 -37.5263
2995 -34.9023
2996 -33.9989
2997 -33.0642
2998 -34.9536
2999 -34.8515
3000 -35.2326
3001 -34.7578
3002 -35.2958
3003 -35.0539
3004 -35.4284
3005 -34.4507
3006 -35.111
3007 -35.4918
3008 -35.9151
3009 -36.6329
3010 -34.8465
3011 -36.7096
3012 -35.345
3013 -35.4442
3014 -36.9188
3015 -34.9851
3016 -35.5642
3017 -35.9814
3018 -37.8701
3019 -33.6291
3020 -34.4951
3021 -35.4278
3022 -36.0646
3023 -35.0807
3024 -32.799
3025 -34.6845
3026 -33.9312
3027 -33.3664
3028 -34.3474
3029 -33.233
3030 -36.2252
3031 -34.437
3032 -35.5883
3033 -35.4637
3034 -34.8785
3035 -35.1905
3036 -34.1659
3037 -35.0242
3038 -35.4931
3039 -35.5082
3040 -35.8163
3041 -35.3746
3042 -37.3965
3043 -35.7699
3044 -37.9595
3045 -37.017
3046 -36.1803
3047 -35.1635
3048 -34.937
3049 -36.1997
3050 -36.4766
3051 -35.8626
3052 -36.7168
3053 -37.3046
3054 -36.3801
3055 -35.892
3056 -37.6953
3057 -35.0378
3058 -36.0342
3059 -35.042
3060 -34.9289
3061 -36.9175
3062 -34.5063
3063 -35.5372
3064 -33.7579
3065 -34.9744
3066 -32.5976
3067 -33.3748
3068 -35.1205
3069 -35.2763
3070 -36.7616
3071 -35.7246
3072 -36.5818
3073 -37.2582
3074 -37.0456
3075 -35.0726
3076 -36.5157
3077 -35.877
3078 -35.5469
3079 -36.3946
3080 -37.1922
3081 -35.7391
3082 -35.6537
3083 -35.4428
3084 -35.7186
3085 -35.0176
3086 -36.4976
3087 -37.8446
3088 -34.5943
3089 -35.8111
3090 -36.3839
3091 -36.8994
3092 -35.8265
3093 -39.0091
3094 -36.7227
3095 -37.2986
3096 -36.3879
3097 -37.198
3098 -35.6858
3099 -35.9518
3100 -35.8421
3101 -36.0539
3102 -36.5822
3103 -36.1002
3104 -35.5267
3105 -35.8967
3106 -34.8622
3107 -35.106
3108 -35.7988
3109 -34.2779
3110 -36.5673
3111 -38.4059
3112 -37.2939
3113 -37.8267
3114 -38.2223
3115 -39.5533
3116 -39.0341
3117 -37.9335
3118 -38.8469
3119 -36.8498
3120 -39.5557
3121 -41.2018
3122 -42.092
3123 -42.7548
3124 -43.0128
3125 -42.6351
3126 -44.1797
3127 -45.457
3128 -46.0303
3129 -48.4857
3130 -45.5714
3131 -47.815
3132 -48.9122
3133 -47.7627
3134 -49.6776
3135 -50.54
3136 -50.7741
3137 -52.3821
3138 -52.7418
3139 -53.0275
3140 -51.5278
3141 -51.7256
3142 -52.0105
3143 -53.3179
3144 -52.6686
3145 -54.1946
3146 -52.1303
3147 -53.477
3148 -53.1094
3149 -51.7162
3150 -52.6444
3151 -50.3803
3152 -51.0456
3153 -49.9411
3154 -51.0308
3155 -52.7241
3156 -49.8962
3157 -47.8543
3158 -48.1533
3159 -48.4466
3160 -46.8111
3161 -48.1137
3162 -46.9679
3163 -47.3582
3164 -47.1188
3165 -46.3024
3166 -44.654
3167 -44.6929
3168 -42.9859
3169 -42.3637
3170 -43.0773
3171 -42.0979
3172 -41.0776
3173 -42.0177
3174 -41.8795
3175 -41.1533
3176 -40.9715
3177 -42.1396
3178 -41.5288
3179 -40.5469
3180 -40.4997
3181 -40.6403
3182 -40.3542
3183 -39.0401
3184 -40.0298
3185 -40.478
3186 -39.503
3187 -38.4064
3188 -39.6441
3189 -39.8882
3190 -37.9726
3191 -40.348
3192 -39.0889
3193 -38.2781
3194 -39.9418
3195 -39.0301
3196 -38.7109
3197 -38.5388
3198 -38.02
3199 -38.336
3200 -38.3252
3201 -38.1155
3202 -37.481
3203 -39.0491
3204 -37.8953
3205 -38.5952
3206 -38.7975
3207 -38.447
3208 -39.1511
3209 -38.4898
3210 -38.4462
3211 -38.1329
3212 -38.0436
3213 -38.861
3214 -38.4014
3215 -38.7422
3216 -37.143
3217 -37.8874
3218 -37.2259
3219 -39.2871
3220 -37.1451
3221 -37.5168
3222 -37.6684
3223 -37.2998
3224 -37.4241
3225 -37.8569
3226 -38.2074
3227 -38.1498
3228 -36.6541
3229 -38.5763
3230 -38.9597
3231 -37.8303
3232 -39.0717
3233 -37.7844
3234 -37.745
3235 -37.4014
3236 -38.0809
3237 -36.9364
3238 -37.6836
3239 -38.3054
3240 -38.0591
3241 -37.4396
3242 -38.7263
3243 -38.8783
3244 -38.3628
3245 -37.7675
3246 -36.9165
3247 -37.7468
3248 -37.6442
3249 -37.9027
3250 -37.6503
3251 -38.1207
3252 -37.5003
3253 -38.5448
3254 -38.1723
3255 -38.4554
3256 -39.0442
3257 -38.168
3258 -38.6832
3259 -37.3218
3260 -37.5112
3261 -37.4338
3262 -37.5598
3263 -37.4901
3264 -36.2884
3265 -38.3652
3266 -37.6999
3267 -37.4915
3268 -38.5553
3269 -38.8672
3270 -37.6342
3271 -36.874
3272 -36.6487
3273 -38.1966
3274 -37.0889
3275 -37.0646
3276 -40.5888
3277 -38.2753
3278 -37.1898
3279 -37.9971
3280 -38.352
3281 -38.3279
3282 -38.1983
3283 -37.8515
3284 -37.6154
3285 -36.5335
3286 -36.9476
3287 -37.5537
3288 -38.5614
3289 -38.7211
3290 -38.7307
3291 -38.4152
3292 -37.7886
3293 -37.5348
3294 -38.8646
3295 -38.8583
3296 -38.4892
3297 -37.5906
3298 -38.7313
3299 -38.3524
3300 -38.3138
3301 -38.4474
3302 -36.1774
3303 -37.9103
3304 -36.9565
3305 -38.6101
3306 -37.5577
3307 -38.2679
3308 -38.0347
3309 -38.5633
3310 -39.9242
3311 -36.5452
3312 -37.8322
3313 -37.7941
3314 -37.5644
3315 -37.7712
3316 -37.3528
3317 -37.9223
3318 -37.5936
3319 -37.7608
3320 -38.6408
3321 -38.1171
3322 -38.4338
3323 -38.3098
3324 -37.0787
3325 -37.1502
3326 -37.8578
3327 -37.1975
3328 -38.2098
3329 -38.3765
3330 -37.9658
3331 -38.9222
3332 -37.8172
3333 -37.4733
3334 -38.3221
3335 -37.8168
3336 -38.726
3337 -38.3345
3338 -38.5716
3339 -39.0584
3340 -38.1264
3341 -38.1401
3342 -38.7612
3343 -39.0557
3344 -37.2086
3345 -38.552
3346 -38.5865
3347 -39.1489
3348 -39.2145
3349 -38.5004
3350 -38.6373
3351 -39.1062
3352 -37.5598
3353 -38.8267
3354 -38.6009
3355 -37.5628
3356 -37.6756
3357 -37.6675
3358 -38.129
3359 -38.4892
3360 -37.4326
3361 -37.3607
3362 -37.0924
3363 -37.4006
3364 -37.95
3365 -38.3021
3366 -38.5365
3367 -39.3086
3368 -38.6497
3369 -39.212
3370 -37.3401
3371 -38.2177
3372 -38.0347
3373 -38.6026
3374 -37.1112
3375 -38.2325
3376 -38.8127
3377 -38.0346
3378 -38.1275
3379 -38.8155
3380 -37.1495
3381 -39.3355
3382 -38.715
3383 -37.9973
3384 -36.1871
3385 -35.7592
3386 -39.0862
3387 -37.7893
3388 -37.2425
3389 -37.9867
3390 -38.3897
3391 -39.7343
3392 -38.0753
3393 -38.5391
3394 -38.9886
3395 -38.7629
3396 -36.7095
3397 -40.1368
3398 -38.2174
3399 -39.454
