0 -106.83
1 -106.238
2 -106.373
3 -106.674
4 -106.486
5 -108.005
6 -107.273
7 -105.855
8 -107.524
9 -104.352
10 -107.159
11 -107.05
12 -106.88
13 -108.517
14 -105.409
15 -106.556
16 -106.381
17 -106.147
18 -106.71
19 -106.559
20 -105.294
21 -107.285
22 -105.802
23 -105.838
24 -108.825
25 -105.324
26 -107.912
27 -108.446
28 -108.725
29 -107.012
30 -107.519
31 -108.428
32 -109.933
33 -110.397
34 -110.828
35 -111.383
36 -111.956
37 -110.771
38 -112.197
39 -110.308
40 -113.604
41 -112.996
42 -115.431
43 -115.637
44 -115.759
45 -116.81
46 -117.188
47 -117.425
48 -118.239
49 -119.613
50 -119.137
51 -119.526
52 -121.675
53 -122.117
54 -124.349
55 -123.655
56 -124.079
57 -124.41
58 -126.474
59 -124.975
60 -125.251
61 -125.031
62 -126.631
63 -126.7
64 -125.001
65 -126.276
66 -127.599
67 -125.969
68 -124.86
69 -123.841
70 -124.424
71 -125.983
72 -124.664
73 -125.801
74 -125.147
75 -123.026
76 -121.083
77 -124.225
78 -121.188
79 -122.229
80 -121.46
81 -121.198
82 -120.922
83 -119.398
84 -118.789
85 -118.435
86 -119.129
87 -118.528
88 -117.029
89 -118.965
90 -117.338
91 -117.215
92 -116.148
93 -117.142
94 -114.931
95 -115.678
96 -115.727
97 -114.989
98 -115.86
99 -114.98
100 -114.962
101 -116.919
102 -116.348
103 -116.265
104 -115.549
105 -115.19
106 -115.836
107 -115.965
108 -117.879
109 -118.562
110 -117.265
111 -117.924
112 -117.98
113 -117.131
114 -117.986
115 -118.306
116 -117.457
117 -117.362
118 -117.323
119 -118.106
120 -116.509
121 -117.581
122 -117.28
123 -115.984
124 -116.371
125 -116.422
126 -115.737
127 -114.794
128 -116.605
129 -117.02
130 -118.245
131 -115.923
132 -115.98
133 -116.564
134 -115.197
135 -116.266
136 -114.283
137 -115.374
138 -115.37
139 -115.734
140 -115.096
141 -114.467
142 -115.599
143 -115.564
144 -115.158
145 -114.006
146 -114.446
147 -113.651
148 -115.227
149 -114.975
150 -116.495
151 -115.665
152 -115.56
153 -115.463
154 -116.404
155 -115.537
156 -116.112
157 -115.134
158 -116.406
159 -116.911
160 -115.1
161 -114.043
162 -117.755
163 -117.876
164 -117.947
165 -116.891
166 -115.91
167 -115.806
168 -116.983
169 -116.179
170 -117.131
171 -116.273
172 -115.6
173 -116.265
174 -115.933
175 -115.461
176 -115.842
177 -114.206
178 -114.906
179 -113.604
180 -115.219
181 -114.818
182 -115.039
183 -114.692
184 -115.017
185 -115.414
186 -113.312
187 -113.536
188 -113.088
189 -114.023
190 -115.743
191 -118.426
192 -116.225
193 -117.007
194 -118.182
195 -119.224
196 -116.057
197 -116.792
198 -118.134
199 -118.067
200 -117.437
201 -117.315
202 -116.61
203 -117.213
204 -116.771
205 -117.498
206 -116.387
207 -116.053
208 -116.373
209 -117.313
210 -117.14
211 -118.082
212 -116.132
213 -118.134
214 -116.594
215 -116.635
216 -115.523
217 -115.804
218 -114.557
219 -117.339
220 -115.003
221 -115.466
222 -115.47
223 -114.563
224 -114.877
225 -116.329
226 -114.776
227 -115.076
228 -114.334
229 -115.114
230 -114.63
231 -114.936
232 -115.591
233 -117.832
234 -115.513
235 -117.608
236 -117.051
237 -116.713
238 -116.461
239 -116.843
240 -117.745
241 -118.657
242 -118.421
243 -118.71
244 -117.769
245 -118.442
246 -117.254
247 -119.021
248 -116.701
249 -118.03
250 -117.892
251 -117.07
252 -117.208
253 -117.268
254 -118.35
255 -117.672
256 -118.1
257 -117.317
258 -115.505
259 -116.378
260 -113.404
261 -115.406
262 -114.874
263 -115.598
264 -116.885
265 -115.669
266 -115.68
267 -113.168
268 -113.945
269 -114.314
270 -113.883
271 -114.103
272 -114.515
273 -115.123
274 -116.182
275 -117.147
276 -116.558
277 -117.593
278 -115.225
279 -117.874
280 -115.541
281 -117.335
282 -117.461
283 -117.362
284 -116.244
285 -118.468
286 -117.293
287 -117.101
288 -116.861
289 -117.414
290 -116.171
291 -118.507
292 -116.768
293 -116.091
294 -118.857
295 -119.495
296 -117.639
297 -117.609
298 -116.788
299 -116.191
300 -115.016
301 -115.499
302 -114.968
303 -115.726
304 -116.322
305 -117.452
306 -116.854
307 -117.04
308 -115.803
309 -117.164
310 -115.382
311 -115.109
312 -113.702
313 -114.652
314 -115.856
315 -114.959
316 -117.943
317 -118.32
318 -118.846
319 -117.255
320 -118.014
321 -116.999
322 -118.85
323 -118.595
324 -118.575
325 -116.953
326 -118.331
327 -119.47
328 -119.253
329 -118.252
330 -118.906
331 -118.447
332 -117.452
333 -117.216
334 -117.041
335 -116.952
336 -118.111
337 -117.389
338 -116.764
339 -120.093
340 -117.722
341 -117.294
342 -116.123
343 -117.592
344 -116.052
345 -115.816
346 -116.266
347 -117.036
348 -117.509
349 -115.903
350 -116.987
351 -115.505
352 -114.887
353 -116.161
354 -115.637
355 -114.278
356 -116.268
357 -115.745
358 -115.711
359 -117.308
360 -116.915
361 -117.989
362 -117.102
363 -117.488
364 -117.769
365 -117.075
366 -118.314
367 -118.091
368 -117.634
369 -117.887
370 -118.617
371 -117.648
372 -118.303
373 -116.445
374 -118.139
375 -118.056
376 -118.016
377 -116.716
378 -117.15
379 -117.216
380 -117.849
381 -119.528
382 -116.516
383 -118.367
384 -117.379
385 -116.668
386 -116.8
387 -116.41
388 -115.884
389 -117.279
390 -118.192
391 -116.582
392 -118.559
393 -117.935
394 -118.542
395 -117.587
396 -117.486
397 -117.831
398 -117.962
399 -116.207
400 -118.078
401 -117.155
402 -118.161
403 -117.76
404 -118.897
405 -119.215
406 -119.308
407 -117.433
408 -118.502
409 -118.218
410 -119.081
411 -118.743
412 -119.023
413 -118.665
414 -119.479
415 -118.96
416 -119.64
417 -118.309
418 -118.071
419 -118.338
420 -117.883
421 -114.635
422 -118.441
423 -118.225
424 -118.109
425 -117.884
426 -118.142
427 -116.876
428 -117.266
429 -116.259
430 -118.114
431 -115.359
432 -116.965
433 -116.755
434 -117.546
435 -118.268
436 -117.072
437 -117.861
438 -114.841
439 -115.136
440 -115.573
441 -115.095
442 -117.402
443 -116.854
444 -120.024
445 -118.827
446 -116.922
447 -117.977
448 -118.27
449 -118.088
450 -117.176
451 -117.735
452 -118.348
453 -117.32
454 -117.378
455 -117.417
456 -116.557
457 -115.781
458 -114.73
459 -114.699
460 -112.853
461 -112.037
462 -111.431
463 -112.407
464 -111.873
465 -110.691
466 -112.006
467 -110
468 -109.62
469 -107.21
470 -105.967
471 -107.855
472 -104.661
473 -106.558
474 -104.289
475 -102.871
476 -103.678
477 -101.905
478 -103.085
479 -103.66
480 -101.973
481 -102.281
482 -102.336
483 -102.124
484 -101.087
485 -102.979
486 -103.959
487 -102.013
488 -102.974
489 -102.534
490 -102.674
491 -100.859
492 -102.579
493 -104.428
494 -105.65
495 -104.614
496 -104.354
497 -104.857
498 -106.378
499 -106.479
500 -106.929
501 -108.174
502 -107.135
503 -108.088
504 -109.511
505 -110.415
506 -110.647
507 -109.911
508 -111.573
509 -110.965
510 -109.067
511 -111.735
512 -111.645
513 -111.715
514 -112.852
515 -112.001
516 -112.014
517 -111.99
518 -111.521
519 -111.977
520 -112.31
521 -113.623
522 -113.054
523 -113.781
524 -113.655
525 -112.857
526 -111.438
527 -114.372
528 -113.695
529 -112.902
530 -112.519
531 -113.795
532 -112.838
533 -113.549
534 -114.57
535 -112.836
536 -113.204
537 -112.5
538 -113.518
539 -112.861
540 -112.582
541 -112.447
542 -112.931
543 -114.333
544 -113.764
545 -113.868
546 -114.36
547 -113.71
548 -114.137
549 -114.543
550 -113.052
551 -114.591
552 -113.7
553 -114.028
554 -114.356
555 -114.251
556 -114.316
557 -113.761
558 -113.992
559 -114.659
560 -114.571
561 -114.144
562 -114.455
563 -114.815
564 -113.058
565 -113.209
566 -113.257
567 -113.913
568 -113.798
569 -113.082
570 -112.855
571 -112.108
572 -111.845
573 -112.887
574 -111.739
575 -111.073
576 -109.196
577 -110.297
578 -110.12
579 -108.749
580 -107.95
581 -109.671
582 -107.059
583 -106.549
584 -106.201
585 -107.247
586 -102.646
587 -104.091
588 -104.608
589 -102.459
590 -102.701
591 -101.288
592 -101.491
593 -100.472
594 -98.8145
595 -97.7661
596 -96.991
597 -98.4524
598 -97.0412
599 -95.9564
600 -96.2071
601 -93.3378
602 -93.0904
603 -91.9321
604 -93.8034
605 -93.1457
606 -92.4948
607 -92.9259
608 -93.6633
609 -93.0592
610 -93.8115
611 -92.1026
612 -95.1146
613 -94.1354
614 -94.4126
615 -95.0828
616 -96.0774
617 -96.1431
618 -96.9985
619 -97.7479
620 -96.1487
621 -97.896
622 -99.5083
623 -100.846
624 -100.939
625 -101.759
626 -102.889
627 -102.228
628 -102.756
629 -104.305
630 -102.341
631 -104.482
632 -106.111
633 -104.145
634 -105.715
635 -104.419
636 -106.042
637 -105.872
638 -103.665
639 -104.699
640 -105.103
641 -104.911
642 -106.215
643 -104.813
644 -106.308
645 -106.74
646 -108.906
647 -107.279
648 -105.219
649 -106.916
650 -105.73
651 -105.538
652 -106.142
653 -106.083
654 -106.245
655 -104.752
656 -105.123
657 -104.203
658 -104.671
659 -103.884
660 -105.267
661 -105.134
662 -104.721
663 -105.503
664 -104.206
665 -105.943
666 -106.447
667 -107.51
668 -108.186
669 -107.735
670 -107.503
671 -108.182
672 -106.964
673 -108.123
674 -106.952
675 -107.551
676 -106.895
677 -105.914
678 -106.201
679 -106.801
680 -107.188
681 -107.651
682 -108.457
683 -105.912
684 -106.011
685 -107.052
686 -108.877
687 -108.999
688 -107.331
689 -109.96
690 -110.226
691 -107.981
692 -106.685
693 -106.775
694 -105.016
695 -104.493
696 -105.545
697 -106.586
698 -105.235
699 -105.241
700 -105.811
701 -105.955
702 -105.712
703 -106.629
704 -107.938
705 -106.659
706 -106.585
707 -106.256
708 -105.991
709 -107.579
710 -108.053
711 -108.461
712 -105.663
713 -107.281
714 -107.468
715 -107.369
716 -106.076
717 -108.179
718 -106.845
719 -108.75
720 -107.535
721 -108.302
722 -107.919
723 -108.471
724 -105.919
725 -105.131
726 -107.635
727 -106.832
728 -108.6
729 -107.634
730 -108.487
731 -108.382
732 -107.593
733 -106.35
734 -107.371
735 -106.016
736 -106.449
737 -105.832
738 -106.559
739 -105.41
740 -102.528
741 -104.613
742 -105.225
743 -105.244
744 -104.605
745 -104.728
746 -105.654
747 -106.251
748 -106.322
749 -109.522
750 -107.118
751 -106.996
752 -106.417
753 -107.974
754 -106.798
755 -108.568
756 -106.272
757 -106.54
758 -106.648
759 -106.297
760 -107.127
761 -108.123
762 -107.375
763 -107.456
764 -107.481
765 -105.751
766 -107.948
767 -107.822
768 -107.904
769 -106.586
770 -109.37
771 -107.74
772 -107.807
773 -107.887
774 -106.729
775 -107.005
776 -106.229
777 -103.476
778 -104.959
779 -105.265
780 -105.117
781 -105.909
782 -104.696
783 -104.975
784 -104.807
785 -105.003
786 -104.868
787 -106.167
788 -106.914
789 -106.656
790 -107.834
791 -107.171
792 -108.889
793 -107.274
794 -107.342
795 -106.983
796 -107.222
797 -105.748
798 -107.514
799 -107.108
800 -106.462
801 -108.018
802 -106.061
803 -105.958
804 -107.536
805 -107.476
806 -105.629
807 -107.322
808 -107.578
809 -106.685
810 -108.278
811 -106.678
812 -108.136
813 -106.734
814 -106.221
815 -105.757
816 -105.689
817 -105.013
818 -105.294
819 -105.477
820 -104.327
821 -104.414
822 -105.58
823 -103.312
824 -103.977
825 -104.721
826 -104.771
827 -105.276
828 -105.387
829 -106.228
830 -107.14
831 -107.186
832 -107.799
833 -105.993
834 -106.46
835 -107.528
836 -107.178
837 -106.427
838 -104.312
839 -105.353
840 -106.808
841 -105.949
842 -106.992
843 -106.835
844 -106.869
845 -105.321
846 -106.801
847 -105.784
848 -104.831
849 -107.256
850 -107.353
851 -106.047
852 -107.726
853 -107.408
854 -106.637
855 -106.599
856 -105.307
857 -103.405
858 -104.493
859 -104.824
860 -104.018
861 -104.644
862 -104.061
863 -103.445
864 -104.438
865 -103.931
866 -104.195
867 -104.04
868 -106.163
869 -104.386
870 -106.083
871 -105.338
872 -106.707
873 -105.071
874 -105.663
875 -106.129
876 -107.08
877 -109.267
878 -106.04
879 -104.411
880 -106.299
881 -104.663
882 -106.388
883 -104.449
884 -105.667
885 -106.026
886 -105.131
887 -105.429
888 -104.739
889 -106.886
890 -106.748
891 -105.532
892 -106.912
893 -107.591
894 -106.188
895 -105.875
896 -104.076
897 -105.276
898 -103.843
899 -103.943
900 -103.966
901 -103.793
902 -102.69
903 -102.379
904 -103.514
905 -103.704
906 -102.757
907 -102.22
908 -103.348
909 -104.338
910 -103.601
911 -104.86
912 -105.072
913 -104.989
914 -105.283
915 -105.852
916 -104.5
917 -106.24
918 -104.469
919 -105.145
920 -104.663
921 -103.69
922 -105.646
923 -102.418
924 -105.628
925 -105.778
926 -104.189
927 -105.61
928 -103.85
929 -105.141
930 -104.487
931 -104.166
932 -104.628
933 -105.785
934 -105.158
935 -105.906
936 -106.213
937 -104.249
938 -103.894
939 -103.272
940 -103.082
941 -103.655
942 -102.513
943 -102.623
944 -103.371
945 -101.717
946 -103.85
947 -102.415
948 -101.456
949 -103.532
950 -104.141
951 -104.776
952 -103.029
953 -104.902
954 -104.389
955 -104.02
956 -104.555
957 -104.758
958 -104.613
959 -104.841
960 -104.387
961 -105.551
962 -104.012
963 -104.17
964 -103.701
965 -103.714
966 -104.232
967 -105.495
968 -102.216
969 -103.358
970 -104.097
971 -105.381
972 -104.727
973 -106.123
974 -106.238
975 -105.293
976 -106.813
977 -105.732
978 -105.492
979 -103.613
980 -103.112
981 -103.653
982 -104.439
983 -103.341
984 -103.354
985 -104.889
986 -103.382
987 -104.046
988 -104.439
989 -103.979
990 -105.115
991 -105.911
992 -107.602
993 -108.225
994 -108.047
995 -108.295
996 -110.871
997 -110.966
998 -110.867
999 -110.939
1000 -111.641
1001 -111.265
1002 -114.156
1003 -113.812
1004 -113.936
1005 -115.325
1006 -116.273
1007 -118.583
1008 -118.164
1009 -117.274
1010 -117.814
1011 -118.366
1012 -116.57
1013 -116.883
1014 -118.379
1015 -117.377
1016 -117.735
1017 -118.186
1018 -118.366
1019 -120.106
1020 -118.198
1021 -119.82
1022 -118.176
1023 -117.375
1024 -116.525
1025 -115.858
1026 -116.864
1027 -115.864
1028 -113.558
1029 -115.416
1030 -114.865
1031 -115.23
1032 -115.308
1033 -112.992
1034 -112.333
1035 -112.71
1036 -112.306
1037 -111.98
1038 -110.614
1039 -111.354
1040 -111.708
1041 -111.691
1042 -110.209
1043 -109.398
1044 -109.688
1045 -110.359
1046 -109.185
1047 -107.9
1048 -108.054
1049 -109.894
1050 -105.995
1051 -107.376
1052 -107.658
1053 -107.073
1054 -108.309
1055 -106.545
1056 -107.11
1057 -107.614
1058 -107.626
1059 -106.342
1060 -107.893
1061 -107.123
1062 -107.277
1063 -106.766
1064 -106.886
1065 -107.133
1066 -107.068
1067 -107.017
1068 -107.338
1069 -106.51
1070 -106.845
1071 -107.057
1072 -105.912
1073 -107.477
1074 -104.8
1075 -104.342
1076 -105.558
1077 -105.503
1078 -104.649
1079 -105.82
1080 -105.786
1081 -104.936
1082 -106.071
1083 -106.942
1084 -107.579
1085 -105.974
1086 -105.555
1087 -106.782
1088 -105.997
1089 -106.859
1090 -107.855
1091 -105.674
1092 -107.234
1093 -105.715
1094 -105.643
1095 -106.2
1096 -106.345
1097 -105.124
1098 -104.273
1099 -106.307
1100 -106.227
1101 -106.645
1102 -105.206
1103 -106.077
1104 -105.591
1105 -106.915
1106 -106.369
1107 -108.994
1108 -106.974
1109 -107.867
1110 -109.25
1111 -109.126
1112 -111.305
1113 -110.276
1114 -110.34
1115 -113.656
1116 -112.422
1117 -113.931
1118 -115.192
1119 -115.732
1120 -116.596
1121 -114.678
1122 -116.367
1123 -119.011
1124 -117.045
1125 -117.524
1126 -118.269
1127 -121.483
1128 -121.279
1129 -120.287
1130 -121.904
1131 -123.766
1132 -123.7
1133 -123.589
1134 -125.291
1135 -125.363
1136 -126.239
1137 -127.529
1138 -126.744
1139 -127.062
1140 -127.578
1141 -126.02
1142 -126.121
1143 -126.739
1144 -126.133
1145 -127.012
1146 -124.561
1147 -125.359
1148 -124.26
1149 -124.369
1150 -123.376
1151 -123.346
1152 -122.994
1153 -123.162
1154 -121.107
1155 -120.92
1156 -122.424
1157 -121.877
1158 -119.279
1159 -120.014
1160 -119.601
1161 -119.016
1162 -116.364
1163 -117.702
1164 -117.353
1165 -117.006
1166 -117.004
1167 -115.941
1168 -114.566
1169 -115.466
1170 -116.629
1171 -114.518
1172 -114.635
1173 -114.49
1174 -116.96
1175 -114.247
1176 -115.619
1177 -113.804
1178 -113.438
1179 -112.76
1180 -114.355
1181 -114.626
1182 -115.648
1183 -114.626
1184 -116.162
1185 -116.299
1186 -114.115
1187 -116.463
1188 -115.666
1189 -115.338
1190 -115.346
1191 -115.169
1192 -115.457
1193 -115.504
1194 -115.665
1195 -114.352
1196 -115.405
1197 -115.927
1198 -115.388
1199 -114.747
1200 -114.634
1201 -115.743
1202 -114.96
1203 -115.087
1204 -116.179
1205 -116.402
1206 -115.875
1207 -113.961
1208 -114.634
1209 -114.4
1210 -113.56
1211 -111.956
1212 -112.784
1213 -114.237
1214 -114.573
1215 -113.014
1216 -113.618
1217 -114.147
1218 -113.336
1219 -112.386
1220 -113.796
1221 -112.313
1222 -113.495
1223 -113.757
1224 -114.304
1225 -114.592
1226 -114.85
1227 -116.088
1228 -115.347
1229 -113.758
1230 -115.151
1231 -115.362
1232 -116.27
1233 -116.571
1234 -116.677
1235 -115.415
1236 -115.694
1237 -116.522
1238 -115.431
1239 -114.761
1240 -116.092
1241 -115.505
1242 -113.382
1243 -115.445
1244 -114.756
1245 -114.731
1246 -114.074
1247 -114.958
1248 -114.358
1249 -114.65
1250 -113.745
1251 -114.414
1252 -114.445
1253 -113.22
1254 -115.112
1255 -113.903
1256 -114.988
1257 -114.157
1258 -115.067
1259 -113.528
1260 -114.419
1261 -113.797
1262 -113.342
1263 -113.794
1264 -115.282
1265 -115.123
1266 -115.981
1267 -115.163
1268 -115.786
1269 -115.12
1270 -115.666
1271 -115.762
1272 -114.663
1273 -115.053
1274 -117.289
1275 -116.494
1276 -116.814
1277 -116.935
1278 -117.449
1279 -116.705
1280 -116.833
1281 -116.622
1282 -116.171
1283 -116.303
1284 -115.068
1285 -115.012
1286 -116.187
1287 -116.556
1288 -115.894
1289 -115.235
1290 -116.17
1291 -115.395
1292 -115.257
1293 -115.444
1294 -111.53
1295 -114.315
1296 -114.465
1297 -116.358
1298 -115.913
1299 -115.146
1300 -112.66
1301 -113.634
1302 -113.606
1303 -113.662
1304 -113.6
1305 -113.884
1306 -115.963
1307 -116.53
1308 -117.153
1309 -115.685
1310 -114.834
1311 -115.461
1312 -115.104
1313 -116.015
1314 -117.16
1315 -117.593
1316 -117.387
1317 -117.362
1318 -117.642
1319 -117.425
1320 -117.2
1321 -116.846
1322 -116.271
1323 -116.266
1324 -115.71
1325 -114.955
1326 -115.489
1327 -114.765
1328 -115.919
1329 -115.187
1330 -116.717
1331 -114.53
1332 -115.148
1333 -113.356
1334 -113.779
1335 -115.43
1336 -114.786
1337 -114.975
1338 -115.641
1339 -115.713
1340 -116.839
1341 -115.484
1342 -114.42
1343 -114.329
1344 -114.626
1345 -114.942
1346 -115.591
1347 -116.017
1348 -117.214
1349 -117.213
1350 -118.351
1351 -115.675
1352 -116.955
1353 -116.719
1354 -116.932
1355 -116.652
1356 -117.203
1357 -116.849
1358 -117.006
1359 -116.541
1360 -117.456
1361 -118.098
1362 -117.653
1363 -116.303
1364 -116.467
1365 -116.108
1366 -116.432
1367 -116.423
1368 -116.324
1369 -116.654
1370 -117.128
1371 -116.622
1372 -115.866
1373 -114.574
1374 -113.745
1375 -115.166
1376 -114.311
1377 -116.587
1378 -115.479
1379 -115.618
1380 -115.203
1381 -114.691
1382 -113.878
1383 -114.768
1384 -113.747
1385 -114.885
1386 -114.658
1387 -116.665
1388 -116.62
1389 -117.892
1390 -116.49
1391 -118.172
1392 -117.471
1393 -117.249
1394 -116.142
1395 -116.721
1396 -117.403
1397 -118.003
1398 -118.123
1399 -117.04
1400 -117.761
1401 -117.58
1402 -118.78
1403 -118.03
1404 -115.912
1405 -116.995
1406 -117.296
1407 -115.932
1408 -116.256
1409 -117.386
1410 -116.755
1411 -117.455
1412 -116.154
1413 -114.792
1414 -116.08
1415 -114
1416 -114.525
1417 -114.157
1418 -115.03
1419 -115.277
1420 -115.019
1421 -116.044
1422 -116.055
1423 -115.127
1424 -113.902
1425 -115.254
1426 -116.106
1427 -115.517
1428 -117.078
1429 -115.88
1430 -115.938
1431 -118.62
1432 -117.363
1433 -116.499
1434 -116.571
1435 -116.034
1436 -116.174
1437 -117.182
1438 -116.085
1439 -116.373
1440 -118.376
1441 -117.392
1442 -117.398
1443 -117.342
1444 -117.325
1445 -116.972
1446 -115.713
1447 -117.011
1448 -116.028
1449 -117.754
1450 -117.547
1451 -116.695
1452 -116.108
1453 -115.605
1454 -114.514
1455 -114.171
1456 -116.53
1457 -116.175
1458 -115.692
1459 -116.316
1460 -115.442
1461 -115.236
1462 -116.229
1463 -115.907
1464 -113.731
1465 -115.598
1466 -115.369
1467 -113.726
1468 -115.566
1469 -115.96
1470 -115.978
1471 -117.6
1472 -116.905
1473 -116.96
1474 -117.676
1475 -117.666
1476 -116.491
1477 -115.968
1478 -117.344
1479 -117.331
1480 -116.89
1481 -117.645
1482 -118.397
1483 -118.115
1484 -117.349
1485 -118.236
1486 -117.472
1487 -117.836
1488 -116.334
1489 -117.637
1490 -118.119
1491 -116.208
1492 -117.59
1493 -115.441
1494 -115.279
1495 -117.928
1496 -114.689
1497 -115.886
1498 -116.642
1499 -115.715
1500 -115.137
1501 -116.086
1502 -115.22
1503 -115.568
1504 -115.967
1505 -113.806
1506 -113.899
1507 -114.895
1508 -114.175
1509 -115.657
1510 -115.211
1511 -116.845
1512 -117.519
1513 -117
1514 -117.24
1515 -116.554
1516 -117.255
1517 -116.346
1518 -115.821
1519 -115.681
1520 -114.653
1521 -116.362
1522 -116.417
1523 -116.252
1524 -116.225
1525 -113.283
1526 -112.128
1527 -113.167
1528 -112.827
1529 -111.257
1530 -109.985
1531 -110.386
1532 -109.448
1533 -108.978
1534 -109.246
1535 -107.748
1536 -109.074
1537 -106.922
1538 -105.433
1539 -104.651
1540 -104.35
1541 -103.629
1542 -104.114
1543 -102.685
1544 -101.977
1545 -101.906
1546 -101.397
1547 -101.381
1548 -101.418
1549 -101.066
1550 -102.566
1551 -100.685
1552 -99.7955
1553 -101.297
1554 -100.513
1555 -101.668
1556 -101.766
1557 -100.597
1558 -102.797
1559 -102.783
1560 -103.626
1561 -103.811
1562 -103.856
1563 -103.947
1564 -104.556
1565 -105.623
1566 -105.362
1567 -105.324
1568 -107.001
1569 -107.646
1570 -108.085
1571 -107.894
1572 -108.862
1573 -109.718
1574 -109.929
1575 -109.569
1576 -108.962
1577 -109.568
1578 -111.361
1579 -110.337
1580 -110.771
1581 -111.705
1582 -111.125
1583 -110.527
1584 -110.244
1585 -110.865
1586 -111.306
1587 -111.797
1588 -112.28
1589 -113.206
1590 -111.644
1591 -112.028
1592 -111.539
1593 -114.038
1594 -112.558
1595 -112.847
1596 -113.251
1597 -112.59
1598 -110.773
1599 -112.853
1600 -112.528
1601 -113.024
1602 -112.896
1603 -113.47
1604 -113.976
1605 -111.484
1606 -112.913
1607 -112.791
1608 -114.686
1609 -114.223
1610 -114.448
1611 -114.507
1612 -114.005
1613 -112.811
1614 -112.409
1615 -114.371
1616 -112.73
1617 -114.223
1618 -113.91
1619 -114.211
1620 -113.631
1621 -113.708
1622 -112.494
1623 -113.918
1624 -114.502
1625 -112.72
1626 -115.405
1627 -113.599
1628 -113.595
1629 -113.877
1630 -114.557
1631 -112.627
1632 -114.215
1633 -113.495
1634 -112.667
1635 -112.99
1636 -113.626
1637 -114.229
1638 -112.195
1639 -111.169
1640 -113.56
1641 -112.943
1642 -112.803
1643 -111.595
1644 -109.593
1645 -110.641
1646 -107.657
1647 -107.534
1648 -107.751
1649 -107.985
1650 -108.645
1651 -105.844
1652 -103.587
1653 -104.624
1654 -104.493
1655 -104.212
1656 -102.804
1657 -102.258
1658 -100.928
1659 -100.877
1660 -101.068
1661 -100.643
1662 -99.9342
1663 -97.9653
1664 -97.4067
1665 -95.9029
1666 -97.104
1667 -95.8047
1668 -95.9982
1669 -93.8581
1670 -94.0079
1671 -92.7068
1672 -93.1791
1673 -93.1848
1674 -94.2172
1675 -92.4832
1676 -92.6222
1677 -93.6508
1678 -91.2263
1679 -94.2682
1680 -93.6646
1681 -95.1327
1682 -94.539
1683 -94.168
1684 -94.6694
1685 -95.5804
1686 -96.1621
1687 -98.4467
1688 -98.6643
1689 -98.5576
1690 -99.641
1691 -101.059
1692 -101.702
1693 -100.159
1694 -101.864
1695 -103.852
1696 -103.581
1697 -101.903
1698 -103.321
1699 -102.282
1700 -102.538
1701 -104.109
1702 -105.08
1703 -105.061
1704 -104.517
1705 -104.656
1706 -104.77
1707 -104.383
1708 -105.915
1709 -105.606
1710 -103.816
1711 -105.741
1712 -104.89
1713 -106.428
1714 -106.457
1715 -106.718
1716 -106.983
1717 -107.024
1718 -107.266
1719 -108.152
1720 -105.48
1721 -104.956
1722 -105.248
1723 -104.155
1724 -105.283
1725 -103.873
1726 -102.573
1727 -105.036
1728 -104.991
1729 -105.816
1730 -106.103
1731 -105.888
1732 -106.818
1733 -107.177
1734 -105.55
1735 -107.219
1736 -106.556
1737 -107.994
1738 -107.406
1739 -106.498
1740 -107.863
1741 -106.826
1742 -106.798
1743 -109.361
1744 -106.164
1745 -107.046
1746 -106.395
1747 -108.014
1748 -107.273
1749 -107.121
1750 -105.732
1751 -105.958
1752 -107.262
1753 -108.098
1754 -107.233
1755 -108.503
1756 -108.629
1757 -106.746
1758 -106.766
1759 -106.695
1760 -107.221
1761 -105.63
1762 -103.77
1763 -106.741
1764 -105.821
1765 -105.06
1766 -104.893
1767 -104.37
1768 -105.022
1769 -104.116
1770 -104.635
1771 -105.212
1772 -105.63
1773 -107.378
1774 -106.883
1775 -107.039
1776 -107.046
1777 -108.005
1778 -107.569
1779 -107.622
1780 -109.455
1781 -108.173
1782 -106.595
1783 -107.412
1784 -106.696
1785 -106.428
1786 -106.357
1787 -106.181
1788 -107.016
1789 -106.882
1790 -106.791
1791 -108.439
1792 -108.412
1793 -106.63
1794 -107.62
1795 -107.133
1796 -106.907
1797 -108.031
1798 -108.018
1799 -107.545
1800 -106.414
1801 -107.205
1802 -106.349
1803 -105.059
1804 -105.203
1805 -105.067
1806 -105.603
1807 -105.731
1808 -104.689
1809 -104.658
1810 -104.162
1811 -104.723
1812 -106.286
1813 -104.053
1814 -104.344
1815 -106.681
1816 -107.325
1817 -107.717
1818 -107.72
1819 -108.466
1820 -107.783
1821 -106.679
1822 -106.383
1823 -106.58
1824 -107.194
1825 -105.491
1826 -106.336
1827 -106.675
1828 -107.192
1829 -107.011
1830 -105.801
1831 -106.512
1832 -107.195
1833 -107.617
1834 -108.222
1835 -106.904
1836 -108.788
1837 -107.921
1838 -107.824
1839 -108.471
1840 -108.197
1841 -108.44
1842 -106.383
1843 -107.014
1844 -105.691
1845 -105.508
1846 -106.181
1847 -103.566
1848 -103.93
1849 -103.235
1850 -105.521
1851 -103.142
1852 -103.701
1853 -105.307
1854 -105.161
1855 -107.369
1856 -104.987
1857 -106.048
1858 -107.261
1859 -107.286
1860 -107.84
1861 -107.833
1862 -105.919
1863 -106.789
1864 -105.808
1865 -105.016
1866 -106.519
1867 -108.006
1868 -106.647
1869 -105.816
1870 -107.057
1871 -105.345
1872 -106.973
1873 -105.138
1874 -106.346
1875 -106.917
1876 -106.794
1877 -107.18
1878 -109.229
1879 -107.03
1880 -107.468
1881 -107.206
1882 -107.3
1883 -105.618
1884 -105.012
1885 -105.547
1886 -105.813
1887 -103.446
1888 -104.286
1889 -103.626
1890 -103.31
1891 -104.156
1892 -102.79
1893 -104.321
1894 -104.293
1895 -104.887
1896 -104.695
1897 -104.804
1898 -106.443
1899 -105.98
1900 -106.659
1901 -106.354
1902 -106.389
1903 -107.06
1904 -107.799
1905 -106.137
1906 -106.155
1907 -105.597
1908 -104.866
1909 -106.289
1910 -108.066
1911 -106.964
1912 -107.334
1913 -107.273
1914 -106.15
1915 -104.508
1916 -106.051
1917 -106.661
1918 -106.27
1919 -106.807
1920 -105.971
1921 -107.905
1922 -105.749
1923 -107.281
1924 -105.441
1925 -105.066
1926 -105.042
1927 -104.447
1928 -104.222
1929 -103.191
1930 -104.383
1931 -103.394
1932 -104.092
1933 -103.648
1934 -102.549
1935 -103.663
1936 -105.933
1937 -105.32
1938 -104.628
1939 -106.185
1940 -105.492
1941 -106.334
1942 -105.542
1943 -106.238
1944 -106.623
1945 -104.758
1946 -104.788
1947 -103.852
1948 -105.63
1949 -104.589
1950 -105.595
1951 -107.049
1952 -107.249
1953 -106.595
1954 -105.239
1955 -105.169
1956 -105.184
1957 -105.101
1958 -103.918
1959 -106.51
1960 -105.228
1961 -105.519
1962 -106.295
1963 -106.256
1964 -106.61
1965 -104.454
1966 -103.578
1967 -103.837
1968 -104.345
1969 -104.9
1970 -102.207
1971 -105.042
1972 -101.995
1973 -101.697
1974 -103.332
1975 -103.167
1976 -103.435
1977 -101.982
1978 -103.183
1979 -106.178
1980 -105.541
1981 -105.16
1982 -105.431
1983 -105.788
1984 -104.629
1985 -104.325
1986 -106.064
1987 -104.611
1988 -104.115
1989 -104.602
1990 -104.309
1991 -105.248
1992 -104.415
1993 -105.195
1994 -105.326
1995 -103.665
1996 -105.091
1997 -103.626
1998 -105.074
1999 -105.923
2000 -105.656
2001 -105.872
2002 -105.375
2003 -105.748
2004 -104.718
2005 -104.213
2006 -104.458
2007 -103.008
2008 -103.901
2009 -102.487
2010 -104.017
2011 -104.09
2012 -101.028
2013 -101.372
2014 -100.391
2015 -101.384
2016 -101.732
2017 -102.659
2018 -101.304
2019 -103.151
2020 -103.232
2021 -105.269
2022 -104.17
2023 -103.607
2024 -104.326
2025 -106.356
2026 -104.624
2027 -104.162
2028 -103.824
2029 -104.48
2030 -103.578
2031 -103.101
2032 -102.136
2033 -104.582
2034 -103.561
2035 -105.421
2036 -104.777
2037 -104.507
2038 -103.321
2039 -104.62
2040 -103.384
2041 -105.093
2042 -104.633
2043 -105.231
2044 -104.412
2045 -105.791
2046 -103.382
2047 -103.037
2048 -102.018
2049 -101.446
2050 -103.218
2051 -102.675
2052 -103.83
2053 -103.653
2054 -103.985
2055 -103
2056 -103.343
2057 -106.349
2058 -103.818
2059 -106.302
2060 -107.71
2061 -108.004
2062 -107.955
2063 -108.085
2064 -108.977
2065 -111.117
2066 -110.325
2067 -111.093
2068 -112.549
2069 -113.235
2070 -113.098
2071 -112.712
2072 -114.352
2073 -114.729
2074 -115.126
2075 -117.271
2076 -116.143
2077 -119.195
2078 -118.842
2079 -117.62
2080 -117.177
2081 -117.866
2082 -116.239
2083 -118.887
2084 -117.764
2085 -119.206
2086 -118.247
2087 -116.318
2088 -117.882
2089 -118.104
2090 -117.046
2091 -116.419
2092 -117.674
2093 -116.533
2094 -114.844
2095 -115.896
2096 -115.361
2097 -116.433
2098 -115.769
2099 -115.641
2100 -113.449
2101 -112.408
2102 -111.711
2103 -112.82
2104 -110.098
2105 -112.766
2106 -111.905
2107 -111.685
2108 -110.293
2109 -109.117
2110 -110.209
2111 -109.934
2112 -109.419
2113 -108.168
2114 -107.421
2115 -108.323
2116 -108.213
2117 -107.767
2118 -107.363
2119 -107.12
2120 -107.57
2121 -106.952
2122 -106.237
2123 -106.991
2124 -107.441
2125 -107.95
2126 -106.605
2127 -106.907
2128 -106.582
2129 -108.53
2130 -106.662
2131 -107.09
2132 -106.705
2133 -106.147
2134 -106.422
2135 -106.851
2136 -106.979
2137 -105.548
2138 -106.196
2139 -105.648
2140 -106.14
2141 -106.544
2142 -105.487
2143 -106.493
2144 -105.658
2145 -104.637
2146 -105.843
2147 -106.245
2148 -105.347
2149 -104.483
2150 -106.41
2151 -104.137
2152 -105.613
2153 -105.031
2154 -105.559
2155 -104.392
2156 -105.085
2157 -106.597
2158 -105.411
2159 -104.731
2160 -105.481
2161 -104.902
2162 -107.626
2163 -105.715
2164 -107.902
2165 -105.279
2166 -105.77
2167 -105.395
2168 -105.481
2169 -104.879
2170 -104.281
2171 -105.573
2172 -106.447
2173 -108.587
2174 -106.779
2175 -106.546
2176 -106.716
2177 -109.292
2178 -107.956
2179 -109.772
2180 -111.201
2181 -111.113
2182 -110.041
2183 -112.778
2184 -112.662
2185 -113.162
2186 -114.319
2187 -114.65
2188 -116.033
2189 -114.564
2190 -116.235
2191 -116.138
2192 -117.1
2193 -117.099
2194 -119.717
2195 -120.355
2196 -119.964
2197 -121.021
2198 -121.499
2199 -123.327
2200 -123.379
2201 -122.829
2202 -124.322
2203 -125.069
2204 -127.102
2205 -126.098
2206 -126.261
2207 -127.038
2208 -125.765
2209 -126.309
2210 -125.398
2211 -124.863
2212 -126.612
2213 -126.413
2214 -124.555
2215 -124.613
2216 -124.184
2217 -124.012
2218 -123.635
2219 -122.842
2220 -123.392
2221 -121.858
2222 -121.688
2223 -122.166
2224 -120.491
2225 -121.821
2226 -120.723
2227 -120.833
2228 -117.409
2229 -119.378
2230 -118.29
2231 -118.195
2232 -117.006
2233 -115.661
2234 -117.663
2235 -115.842
2236 -115.787
2237 -115.337
2238 -115.391
2239 -114.429
2240 -114.9
2241 -114.203
2242 -114.825
2243 -113.541
2244 -114.042
2245 -113.024
2246 -113.276
2247 -113.539
2248 -113.616
2249 -114.387
2250 -115.174
2251 -116.825
2252 -115.137
2253 -114.296
2254 -115.209
2255 -113.824
2256 -115.647
2257 -114.793
2258 -114.77
2259 -116.398
2260 -115.747
2261 -115.37
2262 -115.705
2263 -113.949
2264 -114.94
2265 -114.057
2266 -115.317
2267 -114.273
2268 -113.168
2269 -113.977
2270 -113.748
2271 -115.503
2272 -116.247
2273 -115.864
2274 -114.492
2275 -113.352
2276 -113.665
2277 -114.581
2278 -113.807
2279 -112.937
2280 -112.881
2281 -113.881
2282 -111.974
2283 -114.276
2284 -111.54
2285 -112.987
2286 -113.925
2287 -112.876
2288 -110.793
2289 -112.329
2290 -115.294
2291 -114.25
2292 -115.594
2293 -114.181
2294 -114.888
2295 -113.664
2296 -113.248
2297 -114.799
2298 -115.162
2299 -115.798
2300 -113.397
2301 -114.896
2302 -115.081
2303 -115.911
2304 -114.911
2305 -114.68
2306 -114.877
2307 -114.992
2308 -117.469
2309 -115.158
2310 -115.648
2311 -114.675
2312 -113.841
2313 -114.897
2314 -115.266
2315 -114.205
2316 -114.475
2317 -114.33
2318 -113.064
2319 -114.137
2320 -113.615
2321 -114.083
2322 -114.612
2323 -114.577
2324 -114.216
2325 -115.165
2326 -114.754
2327 -114.199
2328 -113.615
2329 -111.463
2330 -113.09
2331 -112.831
2332 -114.201
2333 -117.716
2334 -115.274
2335 -116.991
2336 -114.154
2337 -115.384
2338 -115.274
2339 -115.135
2340 -115.568
2341 -115.81
2342 -115.503
2343 -114.957
2344 -115.753
2345 -117.981
2346 -115.836
2347 -116.569
2348 -116.345
2349 -115.71
2350 -114.701
2351 -114.697
2352 -114.979
2353 -115.202
2354 -113.606
2355 -116.028
2356 -115.77
2357 -116.088
2358 -115.231
2359 -114.478
2360 -113.271
2361 -114.059
2362 -113.476
2363 -114.381
2364 -114.514
2365 -114.038
2366 -114.366
2367 -113.904
2368 -115.043
2369 -113.742
2370 -115.09
2371 -114.331
2372 -113.413
2373 -114.418
2374 -114.991
2375 -117.5
2376 -116.543
2377 -115.257
2378 -116.486
2379 -117.281
2380 -115.383
2381 -115.72
2382 -115.777
2383 -116.929
2384 -115.814
2385 -115.843
2386 -116.899
2387 -115.859
2388 -116.325
2389 -117.138
2390 -117.208
2391 -116.723
2392 -113.723
2393 -117.114
2394 -113.488
2395 -116.693
2396 -114.677
2397 -117.168
2398 -115.491
2399 -115.28
2400 -114.293
2401 -115.527
2402 -113.366
2403 -113.482
2404 -115.119
2405 -114.429
2406 -116.098
2407 -115.635
2408 -115.093
2409 -114.463
2410 -112.487
2411 -113.634
2412 -114.158
2413 -114.916
2414 -115.037
2415 -116.525
2416 -115.803
2417 -116.239
2418 -116.831
2419 -115.85
2420 -116.683
2421 -116.333
2422 -116.379
2423 -116.456
2424 -114.665
2425 -117.171
2426 -115.778
2427 -116.96
2428 -116.795
2429 -116.601
2430 -116.666
2431 -117.228
2432 -116.714
2433 -114.668
2434 -115.963
2435 -116.309
2436 -115.514
2437 -115.748
2438 -115.544
2439 -116.114
2440 -116.118
2441 -114.815
2442 -114.378
2443 -114.967
2444 -115.234
2445 -115.129
2446 -116
2447 -116.289
2448 -115.561
2449 -115.27
2450 -116.206
2451 -115.087
2452 -115.46
2453 -115.422
2454 -114.275
2455 -115.739
2456 -115.54
2457 -117.711
2458 -116.787
2459 -117.42
2460 -116.846
2461 -116.339
2462 -115.234
2463 -116.717
2464 -116.988
2465 -117.616
2466 -118.04
2467 -116.497
2468 -117.302
2469 -118.519
2470 -116.903
2471 -116.718
2472 -116.275
2473 -116.182
2474 -118.136
2475 -116.662
2476 -116.145
2477 -117.449
2478 -116.301
2479 -115.935
2480 -115.441
2481 -115.706
2482 -114.985
2483 -112.733
2484 -114.885
2485 -115.553
2486 -115.449
2487 -115.628
2488 -116.666
2489 -115.12
2490 -114.872
2491 -114.665
2492 -114.611
2493 -114.531
2494 -116.031
2495 -114.678
2496 -116.202
2497 -115.984
2498 -115.918
2499 -117.856
2500 -116.241
2501 -116.417
2502 -117.066
2503 -116.426
2504 -116.25
2505 -115.243
2506 -116.719
2507 -117.846
2508 -117.877
2509 -117.89
2510 -117.238
2511 -118.277
2512 -116.89
2513 -117.608
2514 -115.83
2515 -115.523
2516 -115.865
2517 -115.933
2518 -116.299
2519 -116.252
2520 -115.414
2521 -115.23
2522 -114.596
2523 -115.137
2524 -114.852
2525 -113.817
2526 -113.94
2527 -115.283
2528 -115.996
2529 -114.848
2530 -115.957
2531 -114.669
2532 -114.521
2533 -114.548
2534 -112.947
2535 -114.376
2536 -115.191
2537 -114.393
2538 -116.719
2539 -115.803
2540 -117.265
2541 -117.111
2542 -116.378
2543 -115.624
2544 -116.407
2545 -116.91
2546 -117.851
2547 -117.982
2548 -118.515
2549 -116.891
2550 -118.242
2551 -116.891
2552 -117.144
2553 -117.904
2554 -117.309
2555 -117.383
2556 -115.969
2557 -116.79
2558 -115.702
2559 -118.516
2560 -115.801
2561 -118.389
2562 -115.698
2563 -117.097
2564 -115.334
2565 -114.627
2566 -115.439
2567 -114.986
2568 -115.188
2569 -114.708
2570 -116.04
2571 -114.262
2572 -114.987
2573 -113.759
2574 -114.17
2575 -114.328
2576 -113.468
2577 -116.228
2578 -115.506
2579 -116.784
2580 -116.286
2581 -117.455
2582 -117.434
2583 -116.669
2584 -116.543
2585 -114.702
2586 -114.97
2587 -115.086
2588 -115.472
2589 -114.956
2590 -115.881
2591 -115.851
2592 -116.676
2593 -114.569
2594 -113.248
2595 -111.561
2596 -111.153
2597 -111.415
2598 -109.145
2599 -110.125
2600 -109.58
2601 -110.272
2602 -109.573
2603 -108.388
2604 -107.573
2605 -106.623
2606 -104.224
2607 -104.788
2608 -104.709
2609 -105.782
2610 -103.527
2611 -101.435
2612 -102.038
2613 -101.89
2614 -102.068
2615 -102.183
2616 -101.872
2617 -100.732
2618 -101.929
2619 -100.275
2620 -101.828
2621 -101.463
2622 -103.097
2623 -102.436
2624 -101.817
2625 -102.07
2626 -102.838
2627 -102.565
2628 -102.22
2629 -101.899
2630 -104.348
2631 -103.676
2632 -103.731
2633 -103.834
2634 -105.2
2635 -106.759
2636 -106.413
2637 -107.741
2638 -108.047
2639 -106.306
2640 -106.659
2641 -110.481
2642 -108.251
2643 -109.001
2644 -107.755
2645 -110.78
2646 -109.751
2647 -110.92
2648 -109.62
2649 -111.139
2650 -109.085
2651 -110.627
2652 -112.661
2653 -111.128
2654 -111.257
2655 -111.323
2656 -111.795
2657 -111.403
2658 -111.87
2659 -111.387
2660 -111.028
2661 -112.323
2662 -112.579
2663 -111.267
2664 -112.431
2665 -113.013
2666 -111.693
2667 -112.115
2668 -112.595
2669 -112.378
2670 -112.655
2671 -113.197
2672 -112.777
2673 -114.074
2674 -112.244
2675 -112.704
2676 -113.401
2677 -112.979
2678 -111.859
2679 -112.432
2680 -114.384
2681 -113.138
2682 -114.41
2683 -112.676
2684 -114.087
2685 -113.166
2686 -113.038
2687 -112.76
2688 -112.566
2689 -113.847
2690 -114.137
2691 -113.744
2692 -114.244
2693 -114.512
2694 -113.399
2695 -114.019
2696 -113.333
2697 -113.857
2698 -112.57
2699 -113.926
2700 -113.207
2701 -113.301
2702 -112.746
2703 -113.342
2704 -114.532
2705 -112.426
2706 -113.446
2707 -112.583
2708 -111.836
2709 -112.456
2710 -111.807
2711 -111.175
2712 -109.612
2713 -108.7
2714 -109.096
2715 -106.989
2716 -108.143
2717 -106.78
2718 -108.149
2719 -106.018
2720 -104.667
2721 -103.607
2722 -104.314
2723 -103.438
2724 -103.07
2725 -102.096
2726 -102.637
2727 -100.993
2728 -100.244
2729 -100.301
2730 -100.05
2731 -98.2985
2732 -96.4371
2733 -96.0683
2734 -95.4407
2735 -94.9558
2736 -94.9224
2737 -93.0342
2738 -93.2173
2739 -94.226
2740 -94.0247
2741 -93.4424
2742 -93.0203
2743 -92.1384
2744 -91.7375
2745 -92.0371
2746 -93.0154
2747 -91.6341
2748 -93.2158
2749 -94.8543
2750 -94.9764
2751 -93.9756
2752 -94.5237
2753 -96.048
2754 -95.6077
2755 -97.5777
2756 -97.4835
2757 -98.5155
2758 -98.4429
2759 -98.7547
2760 -99.5484
2761 -100.821
2762 -102.932
2763 -100.34
2764 -101.066
2765 -101.733
2766 -102.943
2767 -103.084
2768 -103.599
2769 -103.935
2770 -103.929
2771 -106.225
2772 -105.524
2773 -105.903
2774 -106.305
2775 -104.794
2776 -104.65
2777 -104.91
2778 -104.758
2779 -105.912
2780 -106.33
2781 -106.54
2782 -105.606
2783 -106.697
2784 -106.019
2785 -105.569
2786 -106.652
2787 -104.987
2788 -104.343
2789 -103.508
2790 -103.983
2791 -104.497
2792 -104.435
2793 -104.486
2794 -103.007
2795 -104.605
2796 -102.978
2797 -104.848
2798 -105.833
2799 -105.703
2800 -106.557
2801 -106.194
2802 -105.283
2803 -105.65
2804 -106.614
2805 -108.308
2806 -107.638
2807 -108.021
2808 -106.314
2809 -104.762
2810 -105.626
2811 -106.715
2812 -105.797
2813 -106.62
2814 -107.419
2815 -106.835
2816 -106.642
2817 -106.473
2818 -106.925
2819 -106.324
2820 -108.543
2821 -107.924
2822 -108.315
2823 -109.387
2824 -108.903
2825 -108.561
2826 -107.364
2827 -108.011
2828 -108.22
2829 -106.792
2830 -107.22
2831 -105.776
2832 -105.575
2833 -105.75
2834 -105.039
2835 -105.253
2836 -103.707
2837 -103.046
2838 -104.794
2839 -105.336
2840 -104.632
2841 -104.043
2842 -106.42
2843 -106.995
2844 -105.768
2845 -107.341
2846 -108.602
2847 -106.59
2848 -107.538
2849 -106.383
2850 -106.135
2851 -105.998
2852 -107.949
2853 -105.876
2854 -105.849
2855 -107.244
2856 -107.407
2857 -106.86
2858 -105.536
2859 -106.009
2860 -107.067
2861 -105.294
2862 -106.872
2863 -107.557
2864 -107.115
2865 -108.084
2866 -109.225
2867 -107.231
2868 -107.154
2869 -106.149
2870 -105.438
2871 -106.492
2872 -103.926
2873 -105.589
2874 -105.204
2875 -106.716
2876 -104.4
2877 -104.026
2878 -104.965
2879 -104.897
2880 -105.031
2881 -104.423
2882 -106.947
2883 -105.849
2884 -107.533
2885 -106.607
2886 -106.428
2887 -108.153
2888 -107.791
2889 -108.296
2890 -107.998
2891 -106.858
2892 -107.194
2893 -107.517
2894 -106.437
2895 -107.678
2896 -107.174
2897 -106.774
2898 -106.527
2899 -106.948
2900 -106.628
2901 -107.196
2902 -108.293
2903 -108.163
2904 -106.972
2905 -108.357
2906 -107.479
2907 -107.097
2908 -107.72
2909 -106.848
2910 -106.462
2911 -106.996
2912 -104.663
2913 -105.129
2914 -107.105
2915 -104.595
2916 -104.816
2917 -105.738
2918 -104.325
2919 -104.834
2920 -105.131
2921 -104.923
2922 -105.676
2923 -106.012
2924 -106.934
2925 -106.805
2926 -106.736
2927 -106.689
2928 -106.705
2929 -107.928
2930 -107.89
2931 -106.938
2932 -105.01
2933 -105.288
2934 -106.73
2935 -105.021
2936 -106.55
2937 -107.629
2938 -107.346
2939 -106.098
2940 -108.261
2941 -105.452
2942 -106.818
2943 -107.279
2944 -106.717
2945 -105.621
2946 -106.927
2947 -106.658
2948 -106.442
2949 -106.907
2950 -107.814
2951 -106.291
2952 -104.504
2953 -103.981
2954 -104.268
2955 -104.894
2956 -104.426
2957 -105.327
2958 -104.909
2959 -104.027
2960 -104.756
2961 -103.534
2962 -105.126
2963 -105.902
2964 -106.507
2965 -106.067
2966 -106.188
2967 -108.309
2968 -107.668
2969 -105.485
2970 -107.859
2971 -106.504
2972 -105.376
2973 -105.544
2974 -105.937
2975 -104.505
2976 -105.688
2977 -106.71
2978 -107.535
2979 -107.729
2980 -106.372
2981 -105.905
2982 -106.145
2983 -105.819
2984 -105.549
2985 -105.128
2986 -107.926
2987 -107.806
2988 -107.314
2989 -106.124
2990 -107.36
2991 -107.104
2992 -105.862
2993 -104.875
2994 -103.672
2995 -103.981
2996 -104.808
2997 -102.932
2998 -103.299
2999 -104.278
3000 -103.698
3001 -103.627
3002 -104.058
3003 -103.494
3004 -103.237
3005 -104.381
3006 -105.046
3007 -105.112
3008 -104.984
3009 -105.427
3010 -105.809
3011 -106.739
3012 -107.088
3013 -106.411
3014 -106.01
3015 -105.837
3016 -103.786
3017 -105.938
3018 -105.431
3019 -106.043
3020 -106.279
3021 -106.125
3022 -105.46
3023 -104.21
3024 -105.824
3025 -104.958
3026 -105.704
3027 -106.372
3028 -106.474
3029 -107.66
3030 -106.413
3031 -104.678
3032 -106.869
3033 -104.402
3034 -104.157
3035 -103.889
3036 -103.644
3037 -102.311
3038 -103.068
3039 -103.008
3040 -100.811
3041 -102.68
3042 -103.523
3043 -101.79
3044 -102.701
3045 -103.881
3046 -103.931
3047 -105.014
3048 -105.374
3049 -105.621
3050 -104.106
3051 -105.991
3052 -105.955
3053 -106.116
3054 -106.531
3055 -104.889
3056 -104.697
3057 -104.118
3058 -105.154
3059 -106.17
3060 -106.486
3061 -105.428
3062 -104.983
3063 -105.126
3064 -104.667
3065 -105.124
3066 -105.379
3067 -104.491
3068 -105.184
3069 -105.297
3070 -106.367
3071 -105.287
3072 -106.025
3073 -103.466
3074 -104.49
3075 -104.786
3076 -103.516
3077 -103.331
3078 -104.027
3079 -101.521
3080 -103.856
3081 -102.349
3082 -100.677
3083 -101.83
3084 -101.616
3085 -101.88
3086 -104.455
3087 -103.391
3088 -104.671
3089 -104.011
3090 -103.335
3091 -103.968
3092 -104.992
3093 -104.529
3094 -105.381
3095 -103.839
3096 -103.442
3097 -104.262
3098 -103.554
3099 -104.742
3100 -104.721
3101 -105.398
3102 -104.106
3103 -104.4
3104 -104.751
3105 -103.883
3106 -102.359
3107 -103.825
3108 -103.346
3109 -104.877
3110 -103.793
3111 -104.63
3112 -103.821
3113 -104.501
3114 -104.415
3115 -103.547
3116 -102.484
3117 -105.762
3118 -103.005
3119 -102.23
3120 -101.981
3121 -103.367
3122 -103.35
3123 -102.814
3124 -103.356
3125 -103.223
3126 -104.662
3127 -104.919
3128 -106.418
3129 -108.111
3130 -109.365
3131 -108.13
3132 -110.468
3133 -110.219
3134 -111.973
3135 -110.893
3136 -111.91
3137 -113.584
3138 -112.877
3139 -111.941
3140 -113.535
3141 -114.707
3142 -115.15
3143 -116.466
3144 -118.8
3145 -119.353
3146 -117.335
3147 -119.27
3148 -117.623
3149 -118.968
3150 -116.789
3151 -117.625
3152 -118.591
3153 -118.329
3154 -118.279
3155 -118.381
3156 -119.646
3157 -117.389
3158 -117.951
3159 -117.633
3160 -117.077
3161 -117.112
3162 -114.955
3163 -115.986
3164 -115.881
3165 -114.693
3166 -114.404
3167 -115.458
3168 -114.522
3169 -112.873
3170 -112.42
3171 -111.425
3172 -111.179
3173 -111.652
3174 -111.275
3175 -110.524
3176 -108.937
3177 -110.404
3178 -109.478
3179 -110.031
3180 -108.005
3181 -108.212
3182 -107.997
3183 -108.885
3184 -110.494
3185 -106.935
3186 -107.143
3187 -107.184
3188 -107.901
3189 -107.215
3190 -107.289
3191 -107.944
3192 -108.059
3193 -107.834
3194 -107.159
3195 -105.4
3196 -106.569
3197 -107.316
3198 -105.703
3199 -108.148
3200 -106.1
3201 -106.354
3202 -105.709
3203 -106.699
3204 -106.875
3205 -106.385
3206 -106.143
3207 -106.223
3208 -107.914
3209 -106.416
3210 -106.947
3211 -105.958
3212 -105.818
3213 -106.354
3214 -104.573
3215 -105.799
3216 -106.448
3217 -106.305
3218 -105.318
3219 -105.463
3220 -105.658
3221 -106.87
3222 -106.446
3223 -106.739
3224 -106.986
3225 -106.82
3226 -105.265
3227 -105.908
3228 -105.373
3229 -105.145
3230 -105.187
3231 -105.499
3232 -107.461
3233 -106.262
3234 -105.587
3235 -105.614
3236 -105.469
3237 -104.433
3238 -105.813
3239 -105.875
3240 -105.344
3241 -106.146
3242 -106.719
3243 -107.013
3244 -106.908
3245 -104.212
3246 -105.911
3247 -105.464
3248 -104.949
3249 -107.22
3250 -106.049
3251 -106.263
3252 -105.379
3253 -106.112
3254 -106.251
3255 -105.497
3256 -105.511
3257 -105.055
3258 -106.174
3259 -104.501
3260 -106.887
3261 -105.202
3262 -105.155
3263 -105.306
3264 -106.111
3265 -105.467
3266 -105.035
3267 -105.804
3268 -104.676
3269 -105.096
3270 -106.299
3271 -105.84
3272 -106.841
3273 -105.214
3274 -105.458
3275 -105.539
3276 -105.858
3277 -105.349
3278 -106.341
3279 -106.339
3280 -105.604
3281 -105.479
3282 -106.223
3283 -106.565
3284 -106.658
3285 -105.557
3286 -105.855
3287 -106.944
3288 -104.555
3289 -107.024
3290 -104.743
3291 -105.201
3292 -106.644
3293 -105.606
3294 -105.043
3295 -106.605
3296 -105.786
3297 -106.769
3298 -104.915
3299 -104.574
3300 -105.783
3301 -105.572
3302 -107.075
3303 -105.175
3304 -103.053
3305 -105.013
3306 -105.925
3307 -105.237
3308 -105.087
3309 -104.69
3310 -106.829
3311 -107.241
3312 -107.238
3313 -106.058
3314 -105.905
3315 -106.955
3316 -105.4
3317 -104.703
3318 -105.18
3319 -105.826
3320 -106.864
3321 -105.174
3322 -105.889
3323 -106.774
3324 -105.334
3325 -105.191
3326 -105.492
3327 -107.813
3328 -106.438
3329 -106.001
3330 -105.396
3331 -105.447
3332 -107.427
3333 -106.554
3334 -106.251
3335 -105.289
3336 -105.617
3337 -105.117
3338 -104.101
3339 -106.995
3340 -107.714
3341 -108.232
3342 -105.593
3343 -106.644
3344 -105.882
3345 -106.77
3346 -106.186
3347 -106.634
3348 -103.967
3349 -105.721
3350 -105.571
3351 -105.784
3352 -106.104
3353 -106.091
3354 -105.912
3355 -106.264
3356 -106.576
3357 -107.323
3358 -105.489
3359 -104.748
3360 -106.399
3361 -106.411
3362 -105.099
3363 -105.758
3364 -105.375
3365 -105.904
3366 -106.208
3367 -107.743
3368 -106.152
3369 -104.89
3370 -107.665
3371 -104.208
3372 -106.467
3373 -104.176
3374 -106.893
3375 -103.301
3376 -106.205
3377 -105.696
3378 -105.532
3379 -105.206
3380 -106.245
3381 -105.569
3382 -106.349
3383 -104.97
3384 -104.948
3385 -106.802
3386 -106.061
3387 -106.255
3388 -105.977
3389 -105.968
3390 -105.023
3391 -105.455
3392 -107.047
3393 -107.618
3394 -106.613
3395 -106.082
3396 -104.854
3397 -105.43
3398 -106.308
3399 -105.197
