0 -53.7097
1 -55.4475
2 -55.0208
3 -53.1777
4 -52.3062
5 -53.1426
6 -53.6318
7 -55.7553
8 -53.4763
9 -53.5018
10 -52.4827
11 -53.7599
12 -53.5022
13 -54.5808
14 -54.1923
15 -54.1709
16 -53.3696
17 -53.4633
18 -53.4397
19 -52.9347
20 -54.379
21 -55.0065
22 -55.9795
23 -55.2993
24 -53.5472
25 -53.2137
26 -54.2945
27 -52.9152
28 -52.5247
29 -54.5424
30 -54.3453
31 -55.3694
32 -53.6573
33 -54.1854
34 -54.9726
35 -55.2061
36 -55.2876
37 -55.7242
38 -55.1437
39 -56.7479
40 -56.7429
41 -56.2198
42 -57.783
43 -57.7558
44 -58.4321
45 -59.0965
46 -59.9763
47 -59.9479
48 -61.6119
49 -61.4692
50 -63.073
51 -62.5579
52 -63.4133
53 -63.4712
54 -62.8149
55 -65.5311
56 -66.6715
57 -63.9096
58 -66.375
59 -66.9618
60 -67.8108
61 -69.4381
62 -69.3237
63 -69.3068
64 -69.1319
65 -71.5698
66 -70.7826
67 -71.962
68 -72.2835
69 -72.0263
70 -72.8689
71 -73.4243
72 -76.0955
73 -74.9152
74 -75.4183
75 -75.0707
76 -75.8097
77 -76.2312
78 -75.5786
79 -76.5456
80 -74.9431
81 -77.0951
82 -74.9842
83 -73.9262
84 -74.2754
85 -72.6998
86 -73.1542
87 -72.8895
88 -70.6819
89 -72.8239
90 -72.9843
91 -70.4089
92 -70.2068
93 -69.645
94 -70.045
95 -70.7643
96 -68.7649
97 -68.1122
98 -67.667
99 -68.4644
100 -66.6826
101 -65.9703
102 -64.9273
103 -65.7554
104 -63.73
105 -64.2804
106 -63.6733
107 -62.5363
108 -64.1329
109 -63.7998
110 -61.9203
111 -62.6303
112 -62.6957
113 -62.8245
114 -61.0333
115 -62.9657
116 -62.1328
117 -63.8983
118 -62.9655
119 -60.9823
120 -60.953
121 -60.8165
122 -61.1768
123 -61.7664
124 -60.5887
125 -60.2407
126 -60.4541
127 -60.2039
128 -60.8043
129 -61.3206
130 -60.2639
131 -59.7976
132 -61.7225
133 -60.7035
134 -61.0191
135 -61.1742
136 -61.5644
137 -61.3726
138 -60.3837
139 -60.4286
140 -60.0522
141 -59.6153
142 -60.1219
143 -61.3052
144 -60.5112
145 -59.101
146 -59.5774
147 -58.4053
148 -58.4561
149 -59.9376
150 -59.5298
151 -58.6648
152 -59.1116
153 -58.174
154 -59.4193
155 -58.8245
156 -58.2494
157 -58.6333
158 -60.0552
159 -60.1018
160 -57.633
161 -59.292
162 -58.7883
163 -60.47
164 -58.6065
165 -58.8128
166 -59.1731
167 -59.0473
168 -59.9524
169 -58.7232
170 -58.0651
171 -57.664
172 -57.7411
173 -60.1513
174 -57.524
175 -58.4279
176 -60.457
177 -60.2196
178 -59.8601
179 -60.6199
180 -60.2504
181 -60.7234
182 -60.6612
183 -59.4057
184 -59.1071
185 -61.1212
186 -59.5821
187 -60.6031
188 -60.5295
189 -60.224
190 -57.944
191 -58.603
192 -59.359
193 -61.0209
194 -58.4749
195 -58.9003
196 -58.7714
197 -59.9261
198 -60.3889
199 -58.8424
200 -59.0819
201 -58.9863
202 -58.1217
203 -57.8058
204 -58.1748
205 -58.1357
206 -57.5935
207 -57.7692
208 -58.9658
209 -57.7526
210 -59.2695
211 -59.5835
212 -59.2478
213 -59.4263
214 -59.3505
215 -57.4949
216 -58.7843
217 -58.2835
218 -55.7698
219 -58.1114
220 -58.4233
221 -59.2111
222 -60.0311
223 -61.0106
224 -60.0083
225 -59.8687
226 -59.198
227 -59.4368
228 -59.793
229 -59.7737
230 -58.593
231 -58.2236
232 -58.6375
233 -58.6482
234 -59.2081
235 -59.6071
236 -60.376
237 -58.8
238 -58.7775
239 -57.8731
240 -58.0125
241 -58.8097
242 -57.6641
243 -59.3852
244 -59.1623
245 -57.6554
246 -60.5399
247 -60.4497
248 -61.5596
249 -59.8798
250 -57.8344
251 -59.4623
252 -58.6638
253 -57.9019
254 -57.872
255 -57.7272
256 -58.5153
257 -58.4053
258 -58.1126
259 -57.8672
260 -58.6264
261 -58.3406
262 -57.1777
263 -57.715
264 -59.8181
265 -58.3296
266 -57.1338
267 -59.5039
268 -58.3155
269 -60.3374
270 -59.9716
271 -58.9036
272 -59.5327
273 -60.4477
274 -58.012
275 -58.8912
276 -59.5709
277 -58.7975
278 -58.4131
279 -58.9715
280 -58.7501
281 -57.8545
282 -59.1564
283 -59.6598
284 -59.1428
285 -59.3893
286 -56.8341
287 -59.1041
288 -57.7833
289 -56.7028
290 -58.1479
291 -58.1665
292 -58.346
293 -60.5538
294 -59.4741
295 -58.4621
296 -58.0569
297 -58.5571
298 -60.0673
299 -59.687
300 -57.9262
301 -58.2656
302 -57.6682
303 -59.0139
304 -58.4874
305 -58.9189
306 -58.6769
307 -58.7132
308 -58.5301
309 -59.2327
310 -57.8107
311 -58.3704
312 -58.3578
313 -57.8236
314 -58.0471
315 -58.7569
316 -59.5146
317 -58.9983
318 -60.0075
319 -59.8697
320 -60.2324
321 -60.2171
322 -58.5749
323 -59.8525
324 -59.8754
325 -60.5326
326 -60.9014
327 -60.9244
328 -60.4159
329 -59.6404
330 -59.9036
331 -58.46
332 -59.7584
333 -59.0795
334 -58.2045
335 -58.1041
336 -59.3699
337 -60.0569
338 -58.1613
339 -58.7658
340 -58.9386
341 -58.178
342 -57.1721
343 -58.7744
344 -58.1825
345 -58.1762
346 -58.0095
347 -57.5266
348 -57.7579
349 -57.9367
350 -56.3191
351 -57.976
352 -57.9697
353 -56.0874
354 -58.2894
355 -58.5034
356 -56.2134
357 -57.6747
358 -57.3339
359 -57.67
360 -58.8819
361 -59.2786
362 -59.8205
363 -60.6668
364 -59.9869
365 -60.4685
366 -60.5859
367 -59.1073
368 -59.2761
369 -58.6756
370 -57.3682
371 -59.0185
372 -58.8
373 -58.8026
374 -59.8229
375 -59.2683
376 -59.8843
377 -59.8368
378 -59.1382
379 -58.0258
380 -57.7468
381 -56.8876
382 -57.3963
383 -57.9111
384 -58.888
385 -58.2412
386 -58.9149
387 -57.8345
388 -57.3091
389 -58.9084
390 -59.3629
391 -58.5031
392 -58.2553
393 -56.3426
394 -56.1167
395 -56.9501
396 -58.2279
397 -57.772
398 -57.2616
399 -58.7341
400 -57.5963
401 -57.3659
402 -58.6873
403 -58.56
404 -57.3574
405 -58.2283
406 -56.6326
407 -58.8578
408 -56.707
409 -57.4258
410 -59.7681
411 -58.2405
412 -58.9769
413 -57.0196
414 -59.7689
415 -59.8143
416 -57.6004
417 -57.518
418 -57.9625
419 -59.2163
420 -58.8516
421 -58.7179
422 -58.7675
423 -58.4164
424 -59.5285
425 -57.2243
426 -57.7965
427 -57.0105
428 -57.5612
429 -58.1276
430 -57.9792
431 -57.6176
432 -57.1708
433 -55.817
434 -59.8363
435 -58.0354
436 -58.5942
437 -57.489
438 -59.8354
439 -56.9395
440 -56.9983
441 -57.8635
442 -55.5482
443 -57.8502
444 -57.2917
445 -58.5507
446 -57.9979
447 -57.56
448 -57.6019
449 -57.9067
450 -55.4075
451 -55.7181
452 -57.0571
453 -57.1803
454 -56.0108
455 -56.9917
456 -57.0434
457 -58.6591
458 -58.3837
459 -58.7231
460 -58.4802
461 -59.4305
462 -58.3946
463 -58.3857
464 -57.6537
465 -57.7489
466 -58.4782
467 -56.914
468 -58.1856
469 -58.1308
470 -59.0923
471 -59.0878
472 -58.0126
473 -58.6635
474 -58.6226
475 -56.4643
476 -57.4196
477 -58.4284
478 -58.8022
479 -57.1331
480 -57.4715
481 -55.881
482 -58.8453
483 -57.5778
484 -57.6034
485 -57.763
486 -55.6651
487 -56.7368
488 -56.3387
489 -57.6314
490 -57.7758
491 -57.8379
492 -57.8037
493 -57.1521
494 -56.1404
495 -58.3738
496 -55.9774
497 -56.5917
498 -55.883
499 -58.5287
500 -58.651
501 -57.2397
502 -57.2888
503 -57.8483
504 -58.6285
505 -57.2731
506 -57.2393
507 -57.915
508 -56.9737
509 -55.9883
510 -54.9542
511 -57.2535
512 -56.3943
513 -55.6561
514 -55.1206
515 -56.091
516 -54.9169
517 -53.4225
518 -54.3499
519 -53.0033
520 -52.713
521 -50.0998
522 -49.7058
523 -48.4505
524 -49.3354
525 -50.6766
526 -48.9196
527 -48.0407
528 -49.4048
529 -47.9783
530 -48.1113
531 -46.4863
532 -46.4094
533 -45.0382
534 -44.9716
535 -42.1895
536 -41.1837
537 -42.0568
538 -42.4132
539 -43.3862
540 -41.7953
541 -42.1095
542 -39.9749
543 -41.0653
544 -40.8933
545 -42.2334
546 -38.2967
547 -38.5162
548 -38.7597
549 -39.9511
550 -38.4577
551 -38.5875
552 -38.1387
553 -38.5255
554 -37.93
555 -37.5231
556 -37.0997
557 -39.0332
558 -36.6751
559 -37.5995
560 -37.3993
561 -37.1765
562 -38.0356
563 -36.2993
564 -36.2388
565 -36.2677
566 -36.1428
567 -35.5099
568 -35.7624
569 -36.1211
570 -36.7252
571 -34.1651
572 -34.7617
573 -33.8953
574 -34.9072
575 -32.3552
576 -31.4045
577 -31.8828
578 -30.2957
579 -31.7427
580 -30.308
581 -31.7701
582 -30.5962
583 -31.157
584 -30.828
585 -30.422
586 -30.3079
587 -28.4942
588 -31.6291
589 -29.9932
590 -30.5859
591 -30.4591
592 -32.2341
593 -30.8516
594 -29.8898
595 -31.3838
596 -31.8969
597 -32.3017
598 -32.1401
599 -32.9934
600 -33.1251
601 -32.8876
602 -35.7318
603 -35.7132
604 -35.3443
605 -35.7884
606 -38.0685
607 -37.6676
608 -38.2771
609 -39.5924
610 -38.6983
611 -39.1367
612 -40.0633
613 -42.0791
614 -42.0856
615 -41.8219
616 -42.9889
617 -42.5081
618 -42.9046
619 -44.7751
620 -46.41
621 -45.5056
622 -43.8863
623 -45.1514
624 -43.5729
625 -44.3017
626 -43.818
627 -47.202
628 -45.3053
629 -44.8474
630 -48.138
631 -46.2051
632 -46.4172
633 -45.053
634 -47.0798
635 -47.4704
636 -48.9839
637 -48.9051
638 -48.2189
639 -47.0582
640 -47.3013
641 -46.7541
642 -47.5119
643 -47.0273
644 -46.2339
645 -46.2611
646 -46.7937
647 -46.943
648 -45.9727
649 -46.3008
650 -46.511
651 -46.7302
652 -45.2164
653 -47.293
654 -47.762
655 -48.6244
656 -46.3267
657 -47.1374
658 -48.9081
659 -47.8703
660 -48.9951
661 -47.819
662 -46.8056
663 -48.4197
664 -48.4576
665 -48.5593
666 -46.7494
667 -48.2339
668 -48.335
669 -47.4768
670 -50.2449
671 -47.4069
672 -48.0951
673 -48.3282
674 -48.8983
675 -47.6421
676 -48.1266
677 -49.3513
678 -47.8349
679 -47.4718
680 -49.1742
681 -50.4477
682 -49.6704
683 -48.587
684 -47.9926
685 -50.1484
686 -48.881
687 -48.4664
688 -48.5015
689 -49.0134
690 -49.4154
691 -46.9393
692 -49.5069
693 -49.4434
694 -47.208
695 -46.9619
696 -47.2239
697 -47.4947
698 -46.7269
699 -46.3298
700 -45.0784
701 -47.4721
702 -48.9967
703 -47.4407
704 -47.2257
705 -47.2387
706 -48.0529
707 -48.7941
708 -48.1941
709 -50.7719
710 -49.6799
711 -49.283
712 -49.6596
713 -48.8422
714 -49.7616
715 -47.9394
716 -48.8155
717 -49.9115
718 -48.7491
719 -47.7595
720 -50.4844
721 -49.032
722 -49.1328
723 -47.6046
724 -49.1735
725 -50.4543
726 -50.5543
727 -49.9
728 -49.3015
729 -50.7959
730 -49.0652
731 -49.6482
732 -49.3774
733 -49.3785
734 -49.554
735 -48.6934
736 -49.0811
737 -49.4582
738 -49.0182
739 -48.3113
740 -47.1622
741 -47.2037
742 -47.6385
743 -48.3711
744 -48.4882
745 -47.3955
746 -48.054
747 -48.0852
748 -49.223
749 -47.7011
750 -48.8817
751 -49.2725
752 -50.7211
753 -50.0509
754 -49.3517
755 -50.1054
756 -50.2755
757 -49.5535
758 -48.5767
759 -49.2476
760 -50.4367
761 -49.5674
762 -49.3258
763 -48.6826
764 -49.685
765 -49.64
766 -49.4579
767 -49.7023
768 -50.1605
769 -50.2481
770 -49.3437
771 -49.2843
772 -50.8545
773 -49.7476
774 -49.9096
775 -49.643
776 -49.3883
777 -50.7822
778 -50.7516
779 -50.8353
780 -51.4353
781 -50.6096
782 -49.9187
783 -49.3435
784 -49.9873
785 -49.772
786 -48.9432
787 -48.2605
788 -48.9298
789 -48.3523
790 -47.9808
791 -48.0456
792 -47.4131
793 -48.5632
794 -47.4716
795 -50.5115
796 -48.3506
797 -48.7873
798 -49.3015
799 -49.7422
800 -50.8744
801 -49.0539
802 -50.0402
803 -49.262
804 -49.9997
805 -48.8089
806 -48.6288
807 -48.5413
808 -49.0369
809 -50.2627
810 -49.3575
811 -51.0087
812 -49.4685
813 -49.654
814 -49.493
815 -49.5741
816 -51.3861
817 -49.6941
818 -49.985
819 -50.4058
820 -51.3985
821 -50.1406
822 -50.7917
823 -52.6272
824 -51.7948
825 -50.2314
826 -49.7656
827 -50.6354
828 -49.0762
829 -50.6245
830 -50.1236
831 -49.2603
832 -50.2458
833 -49.3289
834 -50.0954
835 -48.4502
836 -49.2755
837 -48.7466
838 -49.1516
839 -47.0986
840 -48.5957
841 -47.4538
842 -48.3228
843 -48.1965
844 -50.0457
845 -50.5182
846 -48.9747
847 -50.3562
848 -49.8134
849 -50.3389
850 -49.4189
851 -49.984
852 -50.3535
853 -49.6001
854 -49.4542
855 -49.1615
856 -50.9105
857 -50.1132
858 -50.4316
859 -49.7253
860 -50.0185
861 -51.1273
862 -49.56
863 -49.3959
864 -49.7177
865 -52.0439
866 -50.6422
867 -49.3288
868 -52.2062
869 -50.9583
870 -49.3706
871 -50.4231
872 -51.1031
873 -51.5683
874 -51.9141
875 -49.8913
876 -51.6411
877 -51.9405
878 -50.7524
879 -50.6123
880 -50.7232
881 -49.5662
882 -50.0062
883 -48.2128
884 -48.3116
885 -49.1792
886 -47.6472
887 -46.9244
888 -49.4441
889 -48.7432
890 -50.319
891 -49.2405
892 -48.7495
893 -48.8936
894 -51.5765
895 -50.3922
896 -49.7657
897 -50.393
898 -49.6167
899 -49.8341
900 -48.4465
901 -50.4672
902 -49.3198
903 -49.6618
904 -49.9066
905 -48.6631
906 -49.534
907 -50.4152
908 -50.5747
909 -49.1514
910 -49.1003
911 -49.0942
912 -50.1886
913 -50.4974
914 -49.9679
915 -50.3428
916 -49.6771
917 -51.5508
918 -52.2798
919 -49.4429
920 -50.4679
921 -50.1587
922 -49.5276
923 -50.2093
924 -51.1875
925 -50.3882
926 -50.9038
927 -51.1433
928 -50.6488
929 -49.7728
930 -49.4096
931 -49.6125
932 -49.8149
933 -50.6417
934 -49.3104
935 -50.3661
936 -49.9629
937 -51.5711
938 -49.2979
939 -50.9526
940 -49.9161
941 -50.2973
942 -51.1358
943 -49.9811
944 -49.6349
945 -50.7748
946 -50.5713
947 -51.2775
948 -49.4642
949 -49.7343
950 -49.9793
951 -49.0416
952 -51.4589
953 -50.8177
954 -50.9632
955 -50.9815
956 -51.6429
957 -50.9253
958 -49.7364
959 -50.2182
960 -51.0001
961 -50.6228
962 -50.4147
963 -51.2155
964 -50.853
965 -52.3368
966 -51.8005
967 -50.5799
968 -50.0849
969 -52.0197
970 -50.117
971 -50.2728
972 -49.2352
973 -50.1971
974 -49.2976
975 -49.646
976 -51.9553
977 -50.604
978 -50.2333
979 -49.3759
980 -49.2621
981 -48.6437
982 -50.2682
983 -50.4765
984 -50.3583
985 -50.7726
986 -50.573
987 -49.1787
988 -49.7067
989 -50.8423
990 -49.6289
991 -49.9352
992 -50.0987
993 -51.175
994 -52.3973
995 -50.0914
996 -49.8643
997 -52.5391
998 -51.325
999 -49.9419
1000 -50.3136
1001 -51.6746
1002 -51.1422
1003 -50.6503
1004 -51.2922
1005 -51.6197
1006 -50.618
1007 -50.9067
1008 -51.9016
1009 -50.9033
1010 -51.06
1011 -49.8215
1012 -50.7099
1013 -52.0308
1014 -52.1882
1015 -52.4934
1016 -50.458
1017 -51.4483
1018 -51.9064
1019 -51.0804
1020 -53.2085
1021 -53.0718
1022 -51.6344
1023 -52.263
1024 -52.4777
1025 -53.266
1026 -54.2149
1027 -53.2597
1028 -53.4174
1029 -54.502
1030 -54.2527
1031 -56.4693
1032 -56.628
1033 -58.1654
1034 -57.9164
1035 -59.4804
1036 -58.3576
1037 -60.6622
1038 -60.7268
1039 -60.6332
1040 -60.3663
1041 -60.8776
1042 -61.4544
1043 -63.0368
1044 -64.1506
1045 -63.6841
1046 -63.8999
1047 -66.0908
1048 -64.344
1049 -65.8496
1050 -65.6232
1051 -67.0075
1052 -67.6544
1053 -66.6322
1054 -67.7087
1055 -65.2389
1056 -66.9374
1057 -67.0017
1058 -66.4258
1059 -67.6814
1060 -69.9697
1061 -68.5966
1062 -70.0918
1063 -71.133
1064 -71.0685
1065 -70.5885
1066 -69.7214
1067 -70.0951
1068 -71.0648
1069 -70.0419
1070 -71.0177
1071 -71.0399
1072 -71.728
1073 -72.7054
1074 -71.4405
1075 -72.2791
1076 -71.1669
1077 -70.9424
1078 -73.166
1079 -74.2077
1080 -72.0405
1081 -75.1839
1082 -75.3179
1083 -76.8311
1084 -74.7704
1085 -73.4195
1086 -75.5247
1087 -76.0506
1088 -77.7505
1089 -77.9792
1090 -77.4525
1091 -77.9972
1092 -77.493
1093 -78.2689
1094 -78.0882
1095 -77.4101
1096 -77.1325
1097 -77.333
1098 -77.6114
1099 -77.0975
1100 -76.0657
1101 -77.3294
1102 -76.9182
1103 -76.874
1104 -75.3235
1105 -76.4025
1106 -76.096
1107 -73.8755
1108 -75.9826
1109 -73.073
1110 -72.9759
1111 -74.7408
1112 -72.5619
1113 -72.5964
1114 -71.7336
1115 -69.9109
1116 -70.1159
1117 -69.2372
1118 -68.9715
1119 -69.5467
1120 -67.5172
1121 -67.6955
1122 -66.1876
1123 -67.7523
1124 -66.4991
1125 -65.1096
1126 -63.9448
1127 -66.6008
1128 -65.0561
1129 -64.4235
1130 -62.4779
1131 -62.8338
1132 -62.0102
1133 -64.2598
1134 -63.0136
1135 -63.1082
1136 -61.5589
1137 -62.8481
1138 -62.2666
1139 -62.3167
1140 -61.6928
1141 -60.3158
1142 -60.7686
1143 -61.3137
1144 -60.3398
1145 -61.074
1146 -60.2729
1147 -60.2358
1148 -60.7035
1149 -61.1717
1150 -62.2376
1151 -61.4052
1152 -59.9306
1153 -61.7877
1154 -60.1635
1155 -58.6226
1156 -60.5113
1157 -60.2929
1158 -60.948
1159 -60.1868
1160 -59.8874
1161 -60.8654
1162 -58.8274
1163 -59.4141
1164 -60.2082
1165 -59.2044
1166 -59.5635
1167 -57.9607
1168 -58.0911
1169 -58.068
1170 -58.086
1171 -58.3018
1172 -60.1287
1173 -58.0658
1174 -59.3066
1175 -58.2159
1176 -59.6177
1177 -59.1621
1178 -60.1539
1179 -58.5112
1180 -59.3127
1181 -57.5665
1182 -57.7168
1183 -57.3933
1184 -58.237
1185 -58.8883
1186 -60.0298
1187 -57.265
1188 -57.8095
1189 -57.7254
1190 -58.7534
1191 -56.7662
1192 -57.6837
1193 -59.2933
1194 -57.8251
1195 -58.944
1196 -58.9396
1197 -58.8502
1198 -59.9541
1199 -60.0568
1200 -59.2356
1201 -58.3564
1202 -59.2088
1203 -58.2678
1204 -60.5486
1205 -59.3982
1206 -58.5478
1207 -60.5503
1208 -59.7332
1209 -59.272
1210 -59.8495
1211 -58.9406
1212 -59.6317
1213 -57.0976
1214 -57.7993
1215 -58.5302
1216 -58.5717
1217 -59.0043
1218 -58.103
1219 -59.5961
1220 -57.7947
1221 -59.143
1222 -59.126
1223 -59.7595
1224 -59.1171
1225 -59.1207
1226 -58.2305
1227 -56.6222
1228 -57.4508
1229 -58.1768
1230 -58.8652
1231 -58.1922
1232 -58.3259
1233 -59.5562
1234 -57.0889
1235 -58.2658
1236 -57.8119
1237 -57.6021
1238 -57.749
1239 -57.7016
1240 -56.8626
1241 -58.0055
1242 -59.112
1243 -59.711
1244 -59.8171
1245 -59.1325
1246 -58.7267
1247 -57.6701
1248 -58.7174
1249 -58.9363
1250 -57.978
1251 -58.1778
1252 -57.5226
1253 -57.9131
1254 -58.5207
1255 -59.3285
1256 -58.2713
1257 -58.2866
1258 -59.9619
1259 -60.4069
1260 -58.3464
1261 -58.8321
1262 -58.0329
1263 -57.4586
1264 -58.7615
1265 -58.3764
1266 -58.1565
1267 -58.1062
1268 -58.051
1269 -59.6146
1270 -58.8893
1271 -58.5253
1272 -55.9259
1273 -57.3776
1274 -57.5283
1275 -56.6006
1276 -58.2334
1277 -57.7247
1278 -56.9964
1279 -57.2301
1280 -57.6745
1281 -57.6014
1282 -57.1434
1283 -57.3253
1284 -57.1613
1285 -57.8279
1286 -54.2472
1287 -57.9189
1288 -57.9396
1289 -58.0612
1290 -58.7228
1291 -57.2451
1292 -56.9924
1293 -59.3204
1294 -59.0599
1295 -58.178
1296 -58.5465
1297 -58.4273
1298 -58.235
1299 -58.8584
1300 -59.6371
1301 -58.31
1302 -59.6336
1303 -58.5186
1304 -59.0209
1305 -57.777
1306 -57.2753
1307 -58.7728
1308 -58.1756
1309 -57.4086
1310 -58.3834
1311 -57.7523
1312 -57.7194
1313 -57.7649
1314 -57.8317
1315 -57.293
1316 -57.9256
1317 -57.5515
1318 -57.1201
1319 -58.0972
1320 -57.8718
1321 -57.3662
1322 -59.1966
1323 -56.7343
1324 -56.5827
1325 -58.2656
1326 -57.3032
1327 -58.1245
1328 -57.029
1329 -56.1517
1330 -58.28
1331 -56.0405
1332 -56.6428
1333 -56.9063
1334 -57.043
1335 -57.1124
1336 -58.2173
1337 -58.1031
1338 -57.7406
1339 -58.8364
1340 -59.1202
1341 -58.6197
1342 -57.7207
1343 -58.9799
1344 -56.7759
1345 -58.5681
1346 -57.8378
1347 -58.4735
1348 -58.8666
1349 -58.3931
1350 -57.8092
1351 -59.6789
1352 -59.9732
1353 -58.5274
1354 -56.2585
1355 -58.7041
1356 -57.0083
1357 -58.6438
1358 -57.2646
1359 -56.7042
1360 -58.1088
1361 -57.0774
1362 -57.6014
1363 -57.0758
1364 -57.9469
1365 -57.8053
1366 -57.2801
1367 -56.3373
1368 -56.6818
1369 -55.4484
1370 -57.2254
1371 -56.303
1372 -57.911
1373 -58.4341
1374 -57.8109
1375 -57.1304
1376 -56.6828
1377 -57.3407
1378 -56.4359
1379 -56.2663
1380 -56.6152
1381 -56.0048
1382 -57.1626
1383 -57.7297
1384 -57.2062
1385 -57.0942
1386 -57.3898
1387 -58.1655
1388 -58.8979
1389 -58.5218
1390 -57.6041
1391 -57.8594
1392 -58.4163
1393 -56.2962
1394 -58.5345
1395 -58.5331
1396 -58.3608
1397 -59.5422
1398 -58.1428
1399 -57.4408
1400 -57.7769
1401 -56.992
1402 -57.2168
1403 -57.7512
1404 -55.5144
1405 -55.7787
1406 -57.0339
1407 -56.5913
1408 -57.3031
1409 -57.0663
1410 -57.1914
1411 -57.4421
1412 -57.0588
1413 -55.7813
1414 -56.1812
1415 -56.2227
1416 -56.912
1417 -56.9667
1418 -56.9964
1419 -57.4257
1420 -56.0648
1421 -57.9343
1422 -57.3026
1423 -55.8691
1424 -56.566
1425 -57.1346
1426 -57.3263
1427 -56.5026
1428 -55.5692
1429 -57.5238
1430 -57.9809
1431 -58.1408
1432 -57.8208
1433 -58.0352
1434 -59.3557
1435 -58.7755
1436 -56.6209
1437 -57.8254
1438 -56.8954
1439 -56.7737
1440 -57.1306
1441 -55.8947
1442 -56.4949
1443 -56.1131
1444 -58.1798
1445 -56.7644
1446 -56.9474
1447 -56.1425
1448 -57.9013
1449 -58.6962
1450 -55.8718
1451 -55.8036
1452 -56.1188
1453 -56.5841
1454 -57.8497
1455 -57.2913
1456 -56.6285
1457 -56.7093
1458 -57.872
1459 -57.3786
1460 -53.2627
1461 -54.3346
1462 -55.7248
1463 -56.5829
1464 -56.5256
1465 -55.8818
1466 -55.3535
1467 -55.6147
1468 -55.6835
1469 -56.4685
1470 -57.0864
1471 -56.6781
1472 -55.9049
1473 -55.0985
1474 -54.0697
1475 -55.5777
1476 -57.3243
1477 -56.0884
1478 -57.1161
1479 -56.4248
1480 -57.2034
1481 -55.5259
1482 -57.4569
1483 -57.8621
1484 -56.3172
1485 -57.3917
1486 -57.1746
1487 -55.9988
1488 -57.6735
1489 -56.7467
1490 -57.0335
1491 -56.5699
1492 -58.1072
1493 -56.2212
1494 -56.9007
1495 -55.6364
1496 -56.0117
1497 -57.7719
1498 -56.7129
1499 -56.7385
1500 -56.3541
1501 -56.4523
1502 -55.8148
1503 -58.1212
1504 -55.7737
1505 -57.06
1506 -57.3262
1507 -56.9962
1508 -57.1115
1509 -56.2826
1510 -56.3434
1511 -56.3815
1512 -56.7814
1513 -56.0854
1514 -56.4485
1515 -56.9637
1516 -56.4485
1517 -55.7495
1518 -56.2699
1519 -54.9239
1520 -54.1676
1521 -56.3838
1522 -54.5067
1523 -56.3592
1524 -56.985
1525 -58.5597
1526 -57.7692
1527 -57.9836
1528 -56.5186
1529 -56.5414
1530 -56.3841
1531 -54.8108
1532 -55.69
1533 -55.657
1534 -54.5321
1535 -54.4911
1536 -55.1694
1537 -53.118
1538 -54.0101
1539 -53.9135
1540 -52.0516
1541 -50.6837
1542 -52.525
1543 -50.1139
1544 -48.4524
1545 -48.6632
1546 -48.8992
1547 -49.6162
1548 -49.4479
1549 -48.6058
1550 -48.3301
1551 -47.0642
1552 -45.9178
1553 -45.8911
1554 -45.8059
1555 -42.1916
1556 -41.8358
1557 -42.6177
1558 -42.0966
1559 -41.5121
1560 -41.7016
1561 -40.5467
1562 -42.8805
1563 -41.1206
1564 -40.7867
1565 -39.5957
1566 -40.8511
1567 -40.3232
1568 -39.1009
1569 -39.6638
1570 -39.2192
1571 -38.7557
1572 -36.6908
1573 -37.3806
1574 -38.7914
1575 -37.3863
1576 -36.581
1577 -36.3528
1578 -35.3112
1579 -37.0042
1580 -35.8749
1581 -37.0637
1582 -37.7351
1583 -35.5797
1584 -36.5728
1585 -34.1967
1586 -35.6339
1587 -36.1984
1588 -35.7561
1589 -35.8256
1590 -36.3598
1591 -33.2844
1592 -34.1973
1593 -33.708
1594 -32.792
1595 -33.0308
1596 -32.516
1597 -32.5711
1598 -30.8087
1599 -30.6822
1600 -30.4405
1601 -29.7056
1602 -30.4064
1603 -29.5578
1604 -30.1321
1605 -30.9822
1606 -29.9287
1607 -29.8656
1608 -29.7344
1609 -30.26
1610 -28.0414
1611 -29.8586
1612 -30.4485
1613 -30.3585
1614 -29.9781
1615 -30.5703
1616 -32.2226
1617 -32.1043
1618 -31.0701
1619 -31.7391
1620 -32.373
1621 -34.0106
1622 -34.3291
1623 -34.6119
1624 -35.3479
1625 -35.2906
1626 -35.9841
1627 -36.2248
1628 -36.7425
1629 -37.3264
1630 -38.1226
1631 -38.4209
1632 -39.6091
1633 -39.2231
1634 -39.1408
1635 -40.5426
1636 -41.7804
1637 -42.4041
1638 -42.6559
1639 -42.1628
1640 -43.3783
1641 -45.288
1642 -43.725
1643 -43.6388
1644 -43.9114
1645 -44.8789
1646 -43.3676
1647 -45.4479
1648 -44.7745
1649 -43.8987
1650 -46.6341
1651 -46.5173
1652 -45.793
1653 -46.0002
1654 -48.3152
1655 -45.9523
1656 -44.9311
1657 -46.6497
1658 -47.4812
1659 -46.2734
1660 -47.9182
1661 -46.5504
1662 -46.339
1663 -46.5483
1664 -47.1404
1665 -46.0148
1666 -47.4884
1667 -47.1943
1668 -47.0827
1669 -45.5335
1670 -45.943
1671 -44.8404
1672 -45.4427
1673 -46.217
1674 -47.0234
1675 -47.6596
1676 -48.2399
1677 -48.2864
1678 -49.7867
1679 -48.6662
1680 -49.2051
1681 -48.0571
1682 -49.456
1683 -47.6691
1684 -48.0994
1685 -46.2316
1686 -46.2139
1687 -47.1129
1688 -47.4918
1689 -47.6805
1690 -48.4067
1691 -48.6562
1692 -47.4985
1693 -47.7289
1694 -47.9013
1695 -48.6218
1696 -49.1425
1697 -47.9863
1698 -49.3948
1699 -48.7878
1700 -46.7579
1701 -48.8467
1702 -49.1898
1703 -50.3506
1704 -50.0327
1705 -49.4049
1706 -50.658
1707 -48.043
1708 -48.0822
1709 -47.9573
1710 -46.4937
1711 -48.0921
1712 -47.352
1713 -47.2991
1714 -48.5454
1715 -48.9894
1716 -47.7499
1717 -47.4366
1718 -47.1327
1719 -46.9135
1720 -46.7911
1721 -47.1712
1722 -47.5864
1723 -47.8818
1724 -47.5916
1725 -49.0178
1726 -48.5897
1727 -50.4209
1728 -49.9792
1729 -48.4069
1730 -48.486
1731 -49.0732
1732 -48.8464
1733 -48.2288
1734 -49.7397
1735 -47.6005
1736 -47.8587
1737 -48.2529
1738 -48.1268
1739 -47.2713
1740 -49.2113
1741 -49.5315
1742 -49.4519
1743 -48.2144
1744 -49.5156
1745 -50.4221
1746 -49.8369
1747 -48.7073
1748 -50.5425
1749 -50.7471
1750 -48.2442
1751 -49.7837
1752 -50.311
1753 -49.6969
1754 -49.4529
1755 -50.3266
1756 -50.065
1757 -48.3615
1758 -49.7779
1759 -50.4668
1760 -48.7647
1761 -49.1008
1762 -49.1878
1763 -50.028
1764 -47.894
1765 -49.4986
1766 -48.4695
1767 -48.4672
1768 -47.7595
1769 -46.8586
1770 -47.3259
1771 -49.1654
1772 -48.5072
1773 -49.6983
1774 -49.7203
1775 -49.0756
1776 -49.5746
1777 -50.8165
1778 -48.7055
1779 -48.6733
1780 -48.4477
1781 -50.3105
1782 -49.7841
1783 -50.1565
1784 -50.3348
1785 -49.4474
1786 -50.2914
1787 -49.8042
1788 -49.4608
1789 -48.3837
1790 -48.413
1791 -49.2521
1792 -48.3
1793 -49.9264
1794 -50.157
1795 -49.3409
1796 -49.8443
1797 -50.3359
1798 -50.2845
1799 -50.7417
1800 -50.8898
1801 -50.8275
1802 -50.0713
1803 -52.1199
1804 -49.5747
1805 -50.1175
1806 -49.2898
1807 -48.2861
1808 -49.7766
1809 -50.2499
1810 -49.5532
1811 -48.4401
1812 -49.7211
1813 -47.2135
1814 -48.8174
1815 -49.6012
1816 -48.1143
1817 -47.6318
1818 -49.4541
1819 -48.5489
1820 -48.4707
1821 -51.4304
1822 -50.1589
1823 -50.1305
1824 -50.3195
1825 -48.7442
1826 -49.3663
1827 -49.0923
1828 -49.8736
1829 -50.9296
1830 -49.788
1831 -48.1777
1832 -49.6723
1833 -49.948
1834 -49.4538
1835 -48.3009
1836 -48.7875
1837 -48.5966
1838 -48.4605
1839 -50.4435
1840 -50.3728
1841 -49.6974
1842 -50.3299
1843 -50.1715
1844 -49.6569
1845 -50.2712
1846 -51.7809
1847 -50.4105
1848 -51.0374
1849 -50.3613
1850 -49.5087
1851 -50.9589
1852 -49.9569
1853 -49.8664
1854 -49.3705
1855 -48.9952
1856 -49.0792
1857 -48.6824
1858 -48.1205
1859 -47.894
1860 -48.746
1861 -47.2811
1862 -47.9487
1863 -48.6795
1864 -48.5544
1865 -49.3756
1866 -49.6988
1867 -50.0152
1868 -50.8145
1869 -49.1158
1870 -48.0422
1871 -49.6981
1872 -49.5993
1873 -48.9336
1874 -46.5017
1875 -49.9033
1876 -49.7574
1877 -48.3895
1878 -50.5836
1879 -49.306
1880 -50.0086
1881 -49.9176
1882 -50.7382
1883 -50.9091
1884 -50.8013
1885 -49.7607
1886 -50.6542
1887 -51.8548
1888 -50.4809
1889 -51.5928
1890 -50.1684
1891 -49.3601
1892 -50.5537
1893 -49.9405
1894 -49.5192
1895 -49.7309
1896 -50.9726
1897 -49.4526
1898 -47.03
1899 -51.3995
1900 -49.5866
1901 -49.0391
1902 -48.7537
1903 -49.461
1904 -50.2615
1905 -49.23
1906 -48.1786
1907 -47.8054
1908 -48.4803
1909 -47.6058
1910 -48.1832
1911 -49.547
1912 -49.8667
1913 -51.3838
1914 -49.2759
1915 -49.7819
1916 -50.2494
1917 -49.4325
1918 -50.7227
1919 -50.3228
1920 -49.5162
1921 -50.1091
1922 -49.6985
1923 -49.7942
1924 -51.1083
1925 -48.4239
1926 -49.6951
1927 -50.2229
1928 -51.6654
1929 -49.694
1930 -50.4933
1931 -50.3381
1932 -51.8508
1933 -50.0669
1934 -48.9069
1935 -51.376
1936 -49.6877
1937 -50.3723
1938 -50.5154
1939 -51.327
1940 -52.4882
1941 -52.0624
1942 -50.9089
1943 -51.9406
1944 -50.6732
1945 -49.7427
1946 -50.1069
1947 -49.9937
1948 -49.872
1949 -48.9311
1950 -48.6109
1951 -49.4915
1952 -49.1494
1953 -49.0046
1954 -50.044
1955 -48.9509
1956 -48.6996
1957 -50.356
1958 -49.7252
1959 -49.8036
1960 -51.2217
1961 -50.1912
1962 -50.4543
1963 -51.1316
1964 -50.6952
1965 -50.1626
1966 -50.1333
1967 -51.387
1968 -49.9974
1969 -50.0821
1970 -50.7268
1971 -51.9055
1972 -50.3808
1973 -51.7877
1974 -49.8326
1975 -50.158
1976 -51.2825
1977 -50.359
1978 -50.3359
1979 -50.7616
1980 -50.9765
1981 -50.3463
1982 -50.7654
1983 -51.0719
1984 -50.9588
1985 -51.5596
1986 -51.2523
1987 -52.0093
1988 -50.3059
1989 -51.7103
1990 -49.7783
1991 -49.1267
1992 -50.5544
1993 -50.8304
1994 -48.7564
1995 -51.2092
1996 -50.9484
1997 -49.9742
1998 -50.3178
1999 -50.1479
2000 -50.1479
2001 -50.3661
2002 -49.0219
2003 -50.9409
2004 -50.8287
2005 -50.6033
2006 -49.2328
2007 -50.1263
2008 -50.7649
2009 -50.8296
2010 -50.7276
2011 -51.6159
2012 -50.1317
2013 -50.1969
2014 -49.6265
2015 -50.2822
2016 -49.3318
2017 -49.5419
2018 -48.46
2019 -51.1116
2020 -49.7851
2021 -50.8817
2022 -50.3975
2023 -51.0111
2024 -52.1981
2025 -49.5398
2026 -50.5529
2027 -52.0875
2028 -48.2974
2029 -49.7656
2030 -50.3202
2031 -50.24
2032 -51.7741
2033 -50.5421
2034 -51.4291
2035 -51.7491
2036 -51.7461
2037 -50.1914
2038 -52.3003
2039 -51.6859
2040 -50.6388
2041 -51.4774
2042 -52.1753
2043 -53.6213
2044 -53.0292
2045 -52.8016
2046 -53.8602
2047 -52.2352
2048 -53.8696
2049 -53.5587
2050 -53.9914
2051 -55.0758
2052 -56.422
2053 -55.8171
2054 -58.0202
2055 -58.0874
2056 -57.8803
2057 -58.7939
2058 -60.7754
2059 -59.0718
2060 -60.4958
2061 -60.6227
2062 -59.7526
2063 -60.2566
2064 -61.5794
2065 -62.1374
2066 -62.7694
2067 -63.4863
2068 -64.5226
2069 -65.2956
2070 -66.1591
2071 -65.4719
2072 -67.506
2073 -66.8146
2074 -66.9924
2075 -67.8725
2076 -68.696
2077 -67.7931
2078 -68.8375
2079 -68.1568
2080 -67.5314
2081 -66.8182
2082 -68.4169
2083 -67.4875
2084 -70.406
2085 -70.2611
2086 -71.8429
2087 -71.1725
2088 -69.9291
2089 -70.74
2090 -70.4594
2091 -70.1851
2092 -70.2332
2093 -71.4026
2094 -72.2593
2095 -70.4137
2096 -71.9184
2097 -72.3609
2098 -72.9947
2099 -71.7796
2100 -72.3829
2101 -71.7607
2102 -71.3898
2103 -74.2736
2104 -74.2213
2105 -75.0542
2106 -74.3609
2107 -75.0546
2108 -75.9958
2109 -75.6329
2110 -76.2744
2111 -76.8956
2112 -76.7617
2113 -78.8988
2114 -76.7447
2115 -78.1995
2116 -78.2671
2117 -76.1839
2118 -76.8529
2119 -77.4326
2120 -76.5761
2121 -77.7983
2122 -76.9263
2123 -77.8193
2124 -76.2245
2125 -75.4623
2126 -74.6602
2127 -75.8259
2128 -75.2225
2129 -74.9753
2130 -73.8858
2131 -73.8219
2132 -72.4873
2133 -73.2396
2134 -72.6162
2135 -71.7074
2136 -71.0866
2137 -68.9931
2138 -69.4719
2139 -68.879
2140 -67.7037
2141 -68.1221
2142 -68.0014
2143 -67.2803
2144 -66.0061
2145 -66.9648
2146 -64.7986
2147 -64.8148
2148 -63.6931
2149 -62.9946
2150 -63.686
2151 -64.528
2152 -62.2443
2153 -62.6354
2154 -62.3129
2155 -62.2846
2156 -63.2331
2157 -62.3879
2158 -62.1883
2159 -61.1583
2160 -61.3926
2161 -61.2633
2162 -61.5153
2163 -59.6253
2164 -58.925
2165 -61.0463
2166 -58.7801
2167 -59.5966
2168 -59.4877
2169 -60.3763
2170 -58.983
2171 -61.1579
2172 -62.4122
2173 -62.6065
2174 -61.5913
2175 -61.2116
2176 -59.5356
2177 -60.8651
2178 -60.4944
2179 -59.5982
2180 -59.437
2181 -59.5562
2182 -59.1038
2183 -60.3017
2184 -60.4364
2185 -60.4775
2186 -58.7643
2187 -58.9975
2188 -58.5102
2189 -59.2528
2190 -59.2773
2191 -60.0501
2192 -58.5905
2193 -58.4276
2194 -59.574
2195 -60.9528
2196 -59.0198
2197 -58.1446
2198 -57.8412
2199 -58.0538
2200 -57.6326
2201 -57.3051
2202 -57.414
2203 -58.9005
2204 -58.5375
2205 -57.4663
2206 -57.7725
2207 -57.6314
2208 -57.1552
2209 -58.412
2210 -58.9465
2211 -58.5237
2212 -59.2386
2213 -58.2567
2214 -56.6617
2215 -57.0992
2216 -57.0048
2217 -57.8269
2218 -58.1507
2219 -58.9258
2220 -60.2441
2221 -59.5545
2222 -60.1295
2223 -60.7539
2224 -59.4598
2225 -57.8704
2226 -59.4246
2227 -58.7161
2228 -58.2796
2229 -59.0024
2230 -60.3294
2231 -61.3485
2232 -59.9113
2233 -58.5018
2234 -57.274
2235 -59.1924
2236 -58.1714
2237 -55.774
2238 -56.2552
2239 -58.4655
2240 -56.9419
2241 -55.7861
2242 -59.4913
2243 -59.5505
2244 -58.2305
2245 -57.5984
2246 -57.0929
2247 -58.4797
2248 -58.2319
2249 -57.5528
2250 -58.2681
2251 -58.9102
2252 -58.5196
2253 -57.8724
2254 -57.6606
2255 -58.4753
2256 -60.0862
2257 -57.9748
2258 -57.5372
2259 -58.2353
2260 -57.5531
2261 -56.7548
2262 -56.5712
2263 -58.8152
2264 -58.2616
2265 -59.0179
2266 -58.5297
2267 -57.6771
2268 -59.4711
2269 -60.4647
2270 -59.515
2271 -58.4565
2272 -57.5017
2273 -58.4391
2274 -58.6443
2275 -58.3339
2276 -58.1307
2277 -60.1819
2278 -59.1137
2279 -57.9642
2280 -58.7752
2281 -57.0054
2282 -57.1431
2283 -57.2597
2284 -57.3645
2285 -57.8298
2286 -56.9812
2287 -57.3444
2288 -57.3603
2289 -57.3958
2290 -57.4874
2291 -57.6513
2292 -56.9384
2293 -58.0702
2294 -57.2659
2295 -57.3136
2296 -58.0519
2297 -57.1812
2298 -58.7336
2299 -57.0824
2300 -55.4351
2301 -58.5827
2302 -57.7564
2303 -56.8454
2304 -57.0344
2305 -56.3645
2306 -56.8523
2307 -56.0093
2308 -57.6705
2309 -57.7836
2310 -57.6713
2311 -57.2756
2312 -58.2958
2313 -59.0825
2314 -58.1004
2315 -59.3236
2316 -60.4084
2317 -58.1252
2318 -57.6832
2319 -58.3649
2320 -58.3302
2321 -59.1038
2322 -58.8049
2323 -57.4122
2324 -57.4943
2325 -57.6842
2326 -59.2905
2327 -57.2626
2328 -58.0832
2329 -57.8644
2330 -56.5251
2331 -57.216
2332 -56.4594
2333 -56.6994
2334 -57.2329
2335 -57.501
2336 -56.5768
2337 -58.3514
2338 -57.5628
2339 -58.0114
2340 -56.6519
2341 -56.8121
2342 -57.2289
2343 -56.6703
2344 -55.8215
2345 -55.8071
2346 -57.1836
2347 -56.6508
2348 -56.3458
2349 -57.9556
2350 -57.4605
2351 -57.9484
2352 -56.8144
2353 -56.4207
2354 -56.5069
2355 -55.1277
2356 -56.7029
2357 -57.4857
2358 -58.2208
2359 -58.6401
2360 -57.7243
2361 -57.9159
2362 -57.7011
2363 -58.3044
2364 -58.4677
2365 -57.7657
2366 -56.021
2367 -57.6027
2368 -57.6742
2369 -58.6432
2370 -58.5152
2371 -56.4866
2372 -58.2421
2373 -58.1654
2374 -56.6549
2375 -57.5365
2376 -58.0802
2377 -57.113
2378 -57.0593
2379 -58.4392
2380 -59.9211
2381 -57.981
2382 -57.0153
2383 -57.3306
2384 -57.6602
2385 -57.2267
2386 -57.2689
2387 -55.9695
2388 -56.5373
2389 -56.5494
2390 -56.9066
2391 -57.5094
2392 -54.9208
2393 -57.1119
2394 -56.1089
2395 -57.2723
2396 -57.7521
2397 -57.5863
2398 -56.471
2399 -54.5262
2400 -56.3706
2401 -54.8353
2402 -56.0619
2403 -55.744
2404 -56.5546
2405 -58.4803
2406 -58.1582
2407 -58.8417
2408 -57.7738
2409 -57.5076
2410 -58.6766
2411 -57.9899
2412 -57.3604
2413 -57.8309
2414 -56.7169
2415 -57.1746
2416 -57.9436
2417 -57.3205
2418 -56.5657
2419 -57.8022
2420 -57.2684
2421 -58.787
2422 -57.0213
2423 -58.8591
2424 -57.0727
2425 -56.6547
2426 -56.6513
2427 -56.9254
2428 -56.5591
2429 -56.0573
2430 -57.9119
2431 -57.279
2432 -58.0587
2433 -57.3823
2434 -55.5867
2435 -56.8687
2436 -57.0664
2437 -57.452
2438 -56.2593
2439 -57.5887
2440 -56.6998
2441 -58.029
2442 -56.4303
2443 -55.0956
2444 -56.4741
2445 -55.6839
2446 -54.9508
2447 -55.5198
2448 -56.6598
2449 -55.1628
2450 -56.1293
2451 -55.976
2452 -57.5364
2453 -57.99
2454 -58.6721
2455 -56.8033
2456 -57.3042
2457 -57.0484
2458 -57.3273
2459 -58.5644
2460 -57.9636
2461 -57.0702
2462 -57.4616
2463 -57.5498
2464 -56.7609
2465 -57.8552
2466 -58.3261
2467 -56.8073
2468 -56.6675
2469 -55.3502
2470 -56.7569
2471 -56.4124
2472 -54.7838
2473 -56.0628
2474 -56.2338
2475 -56.346
2476 -56.1747
2477 -56.9775
2478 -56.4866
2479 -57.8841
2480 -54.2514
2481 -56.5314
2482 -56.5697
2483 -55.641
2484 -55.3177
2485 -55.1083
2486 -56.6247
2487 -56.3392
2488 -57.3603
2489 -56.6465
2490 -55.9848
2491 -56.459
2492 -54.4377
2493 -55.3827
2494 -53.9309
2495 -55.418
2496 -56.3931
2497 -55.8311
2498 -56.1998
2499 -55.8869
2500 -56.3373
2501 -56.7726
2502 -57.3942
2503 -58.4066
2504 -56.7678
2505 -55.4772
2506 -55.2462
2507 -56.3514
2508 -56.9297
2509 -56.8779
2510 -56.3669
2511 -58.5277
2512 -55.6484
2513 -57.1753
2514 -55.4039
2515 -56.7467
2516 -56.6656
2517 -56.4597
2518 -55.8531
2519 -55.0852
2520 -55.9348
2521 -55.1695
2522 -56.7777
2523 -57.0032
2524 -55.4121
2525 -55.8361
2526 -55.9114
2527 -56.2353
2528 -56.8579
2529 -56.9852
2530 -57.1147
2531 -56.7687
2532 -54.7438
2533 -55.5874
2534 -56.7221
2535 -55.1532
2536 -54.9417
2537 -55.6168
2538 -55.2874
2539 -55.147
2540 -55.3075
2541 -54.4071
2542 -54.6991
2543 -55.3145
2544 -54.3409
2545 -56.3911
2546 -54.4467
2547 -56.2743
2548 -56.6686
2549 -55.7587
2550 -57.4277
2551 -55.8885
2552 -54.224
2553 -55.5802
2554 -56.1396
2555 -54.0556
2556 -55.061
2557 -54.2323
2558 -54.4085
2559 -53.6485
2560 -53.5469
2561 -50.8486
2562 -52.9946
2563 -52.1701
2564 -50.0314
2565 -48.7357
2566 -49.5925
2567 -48.8065
2568 -48.5018
2569 -46.938
2570 -48.6748
2571 -46.9156
2572 -45.2888
2573 -43.0484
2574 -43.9894
2575 -44.0373
2576 -43.9373
2577 -41.7069
2578 -41.9659
2579 -42.6959
2580 -42.6212
2581 -39.8491
2582 -41.209
2583 -41.8045
2584 -40.1434
2585 -39.9587
2586 -40.2204
2587 -40.6338
2588 -39.2615
2589 -38.0203
2590 -39.7375
2591 -36.9397
2592 -37.673
2593 -37.1031
2594 -36.7569
2595 -36.7148
2596 -37.4368
2597 -37.5242
2598 -37.5487
2599 -36.161
2600 -36.0238
2601 -36.1226
2602 -36.5846
2603 -36.9617
2604 -36.1086
2605 -36.365
2606 -35.4716
2607 -36.9769
2608 -34.5237
2609 -36.157
2610 -34.9868
2611 -35.3404
2612 -34.288
2613 -34.6093
2614 -33.5416
2615 -31.7731
2616 -31.9935
2617 -33.2637
2618 -32.6585
2619 -31.8633
2620 -30.4728
2621 -28.819
2622 -30.8785
2623 -30.122
2624 -29.3565
2625 -30.6459
2626 -30.24
2627 -29.7271
2628 -29.2769
2629 -29.8977
2630 -28.8295
2631 -29.1836
2632 -28.8158
2633 -28.6396
2634 -31.0109
2635 -30.9054
2636 -30.4264
2637 -30.019
2638 -30.2049
2639 -32.5311
2640 -31.2231
2641 -33.1903
2642 -31.2637
2643 -30.6096
2644 -33.9734
2645 -34.2779
2646 -34.9762
2647 -35.1241
2648 -36.2694
2649 -36.5291
2650 -38.186
2651 -38.2485
2652 -37.1761
2653 -38.6117
2654 -40.0945
2655 -39.7945
2656 -39.9589
2657 -40.0422
2658 -41.7922
2659 -42.3702
2660 -41.7072
2661 -42.0092
2662 -43.0853
2663 -43.303
2664 -43.1617
2665 -44.0338
2666 -44.6044
2667 -43.6665
2668 -42.3637
2669 -44.7461
2670 -44.9731
2671 -44.6228
2672 -46.7931
2673 -45.9161
2674 -45.0115
2675 -46.527
2676 -47.8931
2677 -47.0061
2678 -47.798
2679 -48.38
2680 -48.4166
2681 -47.8124
2682 -47.8544
2683 -48.0191
2684 -47.6435
2685 -47.3624
2686 -47.3359
2687 -48.1977
2688 -47.3951
2689 -47.1954
2690 -46.7175
2691 -46.0709
2692 -45.4471
2693 -47.0066
2694 -45.038
2695 -45.9553
2696 -45.4126
2697 -47.0553
2698 -46.921
2699 -46.4156
2700 -48.0059
2701 -48.88
2702 -48.006
2703 -48.9591
2704 -48.1049
2705 -47.0187
2706 -46.8953
2707 -49.1757
2708 -47.9129
2709 -47.8582
2710 -48.2527
2711 -47.4699
2712 -48.4871
2713 -48.4874
2714 -50.2634
2715 -48.8698
2716 -48.9012
2717 -48.3289
2718 -48.1669
2719 -47.8453
2720 -48.1922
2721 -48.4965
2722 -48.6735
2723 -48.0263
2724 -48.3807
2725 -47.88
2726 -48.2706
2727 -48.2823
2728 -49.7281
2729 -48.3559
2730 -49.406
2731 -47.877
2732 -47.1263
2733 -48.6713
2734 -49.7588
2735 -48.5631
2736 -48.7266
2737 -47.5716
2738 -46.943
2739 -47.0347
2740 -46.7182
2741 -47.251
2742 -47.7418
2743 -46.1723
2744 -47.9816
2745 -47.6738
2746 -49.065
2747 -47.5698
2748 -49.1926
2749 -49.9523
2750 -47.7625
2751 -48.4243
2752 -48.7061
2753 -48.5342
2754 -47.7432
2755 -48.1424
2756 -48.0976
2757 -48.2215
2758 -49.4459
2759 -47.8761
2760 -48.8229
2761 -49.6893
2762 -49.7145
2763 -49.4257
2764 -48.6952
2765 -49.5976
2766 -50.3574
2767 -50.4562
2768 -49.9237
2769 -49.7301
2770 -48.8607
2771 -49.279
2772 -50.3875
2773 -49.4305
2774 -50.6099
2775 -49.3752
2776 -49.4455
2777 -49.5745
2778 -49.0008
2779 -48.887
2780 -49.3104
2781 -48.1482
2782 -47.6776
2783 -49.6827
2784 -49.1503
2785 -48.7246
2786 -46.8566
2787 -47.5415
2788 -46.987
2789 -47.2535
2790 -45.0066
2791 -48.2584
2792 -48.0827
2793 -48.0955
2794 -50.6895
2795 -50.382
2796 -50.1977
2797 -50.7776
2798 -50.4992
2799 -50.0281
2800 -48.8474
2801 -48.5122
2802 -49.7257
2803 -50.907
2804 -47.7573
2805 -48.6319
2806 -49.5532
2807 -49.2482
2808 -49.8907
2809 -48.0762
2810 -48.5221
2811 -47.8728
2812 -47.9983
2813 -49.4995
2814 -49.3387
2815 -50.2403
2816 -49.1011
2817 -48.6605
2818 -50.1553
2819 -50.3054
2820 -50.3654
2821 -50.1761
2822 -51.4464
2823 -49.9707
2824 -50.6339
2825 -49.1304
2826 -49.3266
2827 -48.8473
2828 -50.1483
2829 -48.8385
2830 -48.3952
2831 -49.2656
2832 -49.2406
2833 -49.4713
2834 -48.5404
2835 -46.9343
2836 -48.0247
2837 -47.3406
2838 -47.1273
2839 -48.0638
2840 -47.2692
2841 -48.8384
2842 -49.6886
2843 -48.5802
2844 -50.6895
2845 -50.8221
2846 -49.7376
2847 -50.4066
2848 -49.2872
2849 -49.1139
2850 -48.9085
2851 -50.3231
2852 -50.2693
2853 -49.8915
2854 -49.8846
2855 -50.878
2856 -50.1962
2857 -49.6224
2858 -49.7106
2859 -49.1181
2860 -49.2769
2861 -49.8488
2862 -48.7669
2863 -48.8487
2864 -50.0337
2865 -52.4031
2866 -50.024
2867 -50.0938
2868 -51.6205
2869 -48.869
2870 -49.016
2871 -49.2967
2872 -50.2939
2873 -51.0262
2874 -48.8064
2875 -49.5283
2876 -50.2346
2877 -49.6889
2878 -49.7965
2879 -49.9534
2880 -47.798
2881 -48.2603
2882 -48.9556
2883 -47.5542
2884 -49.1671
2885 -48.8928
2886 -49.4742
2887 -50.141
2888 -50.1238
2889 -48.3259
2890 -49.3806
2891 -50.5422
2892 -49.345
2893 -49.2553
2894 -48.9243
2895 -49.3176
2896 -49.6149
2897 -49.1724
2898 -49.5578
2899 -48.851
2900 -50.8499
2901 -49.495
2902 -50.5026
2903 -50.8987
2904 -51.0201
2905 -49.2301
2906 -50.2556
2907 -50.6874
2908 -48.3085
2909 -48.2457
2910 -50.7554
2911 -48.7778
2912 -50.2105
2913 -51.2348
2914 -51.3898
2915 -50.8189
2916 -50.0944
2917 -51.1711
2918 -48.0614
2919 -49.926
2920 -49.1468
2921 -48.7617
2922 -49.3803
2923 -50.2032
2924 -48.9875
2925 -51.6623
2926 -50.1329
2927 -49.3792
2928 -48.9663
2929 -47.9517
2930 -49.2342
2931 -49.757
2932 -49.5859
2933 -49.7327
2934 -49.3369
2935 -49.4109
2936 -50.001
2937 -50.3791
2938 -48.7226
2939 -51.4578
2940 -50.8657
2941 -49.6032
2942 -49.2088
2943 -48.1605
2944 -49.8283
2945 -48.8446
2946 -49.8282
2947 -48.9394
2948 -50.4912
2949 -50.2778
2950 -50.4377
2951 -50.321
2952 -50.2718
2953 -51.3057
2954 -51.1093
2955 -50.7989
2956 -48.8985
2957 -49.4849
2958 -50.9874
2959 -50.1716
2960 -51.2186
2961 -49.2293
2962 -51.8534
2963 -51.2882
2964 -50.1078
2965 -52.0703
2966 -51.8147
2967 -50.9604
2968 -50.6809
2969 -49.1604
2970 -49.8414
2971 -49.0013
2972 -50.338
2973 -49.2156
2974 -49.4297
2975 -48.7069
2976 -47.819
2977 -49.5445
2978 -50.2215
2979 -49.732
2980 -49.7712
2981 -51.3027
2982 -48.8786
2983 -51.2469
2984 -49.4358
2985 -50.3733
2986 -50.1676
2987 -50.3163
2988 -49.8972
2989 -49.8235
2990 -49.0384
2991 -49.1996
2992 -49.3598
2993 -49.7774
2994 -51.4056
2995 -50.8708
2996 -50.8883
2997 -50.3633
2998 -49.8678
2999 -49.263
3000 -49.2042
3001 -51.1876
3002 -50.0285
3003 -50.4027
3004 -50.5622
3005 -48.9946
3006 -51.3197
3007 -50.8656
3008 -51.9738
3009 -51.0521
3010 -51.0824
3011 -51.6636
3012 -51.2522
3013 -50.3919
3014 -48.7459
3015 -51.933
3016 -50.0162
3017 -50.3237
3018 -49.6475
3019 -49.5356
3020 -49.3566
3021 -48.6899
3022 -48.5655
3023 -48.0032
3024 -48.6363
3025 -49.5506
3026 -50.0851
3027 -49.23
3028 -50.2291
3029 -51.1293
3030 -50.4645
3031 -49.5566
3032 -50.2026
3033 -51.2475
3034 -49.8513
3035 -51.7823
3036 -48.9459
3037 -49.7197
3038 -51.0642
3039 -50.2994
3040 -51.4581
3041 -51.6413
3042 -50.2797
3043 -51.5853
3044 -51.3872
3045 -52.2974
3046 -51.827
3047 -50.4252
3048 -50.5646
3049 -49.984
3050 -52.2703
3051 -50.9935
3052 -50.3779
3053 -52.0622
3054 -52.3728
3055 -52.4548
3056 -51.3422
3057 -50.6234
3058 -51.3819
3059 -52.3735
3060 -51.5628
3061 -52.6241
3062 -52.1791
3063 -52.4247
3064 -51.8474
3065 -52.0398
3066 -53.0159
3067 -53.5257
3068 -53.7861
3069 -54.5711
3070 -53.0013
3071 -53.8647
3072 -54.0253
3073 -55.9696
3074 -55.9741
3075 -56.5542
3076 -59.2956
3077 -59.7115
3078 -58.0138
3079 -60.5676
3080 -60.2282
3081 -60.3875
3082 -62.6747
3083 -60.9126
3084 -60.2108
3085 -61.394
3086 -62.3345
3087 -63.5234
3088 -63.8826
3089 -61.6754
3090 -63.8935
3091 -65.7588
3092 -65.9062
3093 -66.4998
3094 -64.5402
3095 -68.3455
3096 -67.1881
3097 -66.2831
3098 -65.5802
3099 -67.4792
3100 -68.5699
3101 -66.8224
3102 -67.1785
3103 -65.8725
3104 -66.4779
3105 -67.7056
3106 -67.7818
3107 -66.3534
3108 -66.7051
3109 -66.6807
3110 -65.802
3111 -64.1691
3112 -66.2891
3113 -65.1741
3114 -63.736
3115 -65.2416
3116 -64.8321
3117 -63.7851
3118 -64.4698
3119 -64.3752
3120 -62.4334
3121 -63.7546
3122 -62.8543
3123 -61.04
3124 -58.8689
3125 -59.4981
3126 -60.4279
3127 -59.3515
3128 -57.4028
3129 -58.8532
3130 -57.2936
3131 -56.9918
3132 -59.0886
3133 -57.3742
3134 -56.9818
3135 -55.325
3136 -57.4338
3137 -56.7423
3138 -55.5301
3139 -55.363
3140 -56.0714
3141 -55.6701
3142 -55.8014
3143 -55.5497
3144 -56.765
3145 -55.06
3146 -55.5046
3147 -56.4522
3148 -53.8727
3149 -53.6217
3150 -55.7005
3151 -54.7847
3152 -52.9273
3153 -55.1984
3154 -54.6307
3155 -54.6837
3156 -55.0821
3157 -54.7437
3158 -53.3473
3159 -54.2135
3160 -54.7596
3161 -56.3733
3162 -54.8841
3163 -54.7514
3164 -53.5997
3165 -54.7742
3166 -54.2761
3167 -54.8607
3168 -53.1573
3169 -54.1974
3170 -53.8151
3171 -54.3792
3172 -54.1453
3173 -54.1559
3174 -54.7727
3175 -56.9819
3176 -53.6259
3177 -52.1295
3178 -54.0277
3179 -55.1706
3180 -54.4854
3181 -51.7607
3182 -52.5765
3183 -53.9795
3184 -53.4246
3185 -54.359
3186 -53.9026
3187 -53.9272
3188 -53.6319
3189 -53.7573
3190 -54.4555
3191 -54.4339
3192 -53.094
3193 -54.2647
3194 -54.4954
3195 -53.3607
3196 -54.1531
3197 -53.5773
3198 -53.0235
3199 -54.4077
3200 -51.5196
3201 -53.9171
3202 -54.3267
3203 -53.9709
3204 -53.1399
3205 -53.3403
3206 -54.3547
3207 -52.7806
3208 -53.0705
3209 -52.1828
3210 -52.9859
3211 -52.2882
3212 -53.182
3213 -51.5217
3214 -52.367
3215 -53.8924
3216 -54.4133
3217 -53.4344
3218 -53.2839
3219 -53.5638
3220 -52.4072
3221 -55.0394
3222 -52.6128
3223 -53.3544
3224 -52.9977
3225 -55.1376
3226 -53.4742
3227 -53.7789
3228 -53.805
3229 -52.5865
3230 -52.5743
3231 -54.051
3232 -53.7245
3233 -52.5219
3234 -53.1237
3235 -53.6701
3236 -52.6089
3237 -52.6732
3238 -52.9921
3239 -55.0216
3240 -54.0296
3241 -53.6374
3242 -53.4715
3243 -54.8241
3244 -53.9112
3245 -54.1073
3246 -53.8347
3247 -53.6542
3248 -53.6185
3249 -52.8285
3250 -54.3497
3251 -53.0979
3252 -52.9974
3253 -53.7726
3254 -53.9432
3255 -53.614
3256 -54.0015
3257 -52.847
3258 -53.8805
3259 -53.8273
3260 -51.4964
3261 -53.728
3262 -53.6021
3263 -54.2827
3264 -53.7826
3265 -52.2882
3266 -52.6447
3267 -52.9268
3268 -52.8079
3269 -53.9416
3270 -54.2831
3271 -51.9998
3272 -53.3985
3273 -52.8564
3274 -53.1074
3275 -53.4858
3276 -53.2946
3277 -54.294
3278 -54.1048
3279 -52.6529
3280 -53.3875
3281 -53.1467
3282 -53.7486
3283 -54.5476
3284 -54.506
3285 -53.6544
3286 -54.6014
3287 -53.4852
3288 -55.5106
3289 -53.7873
3290 -54.6726
3291 -53.5661
3292 -53.1425
3293 -52.3957
3294 -52.8858
3295 -53.0329
3296 -54.3318
3297 -54.5199
3298 -53.3839
3299 -53.3194
3300 -53.0857
3301 -53.5432
3302 -53.1678
3303 -54.292
3304 -54.3822
3305 -53.856
3306 -53.9029
3307 -53.6607
3308 -54.5266
3309 -53.6203
3310 -53.1864
3311 -54.2127
3312 -54.1201
3313 -55.2921
3314 -54.1616
3315 -51.9387
3316 -53.5497
3317 -53.2927
3318 -53.7103
3319 -52.1929
3320 -53.6066
3321 -53.8438
3322 -53.2417
3323 -52.4382
3324 -53.2344
3325 -54.9063
3326 -53.3925
3327 -54.3414
3328 -53.2869
3329 -53.4777
3330 -53.5718
3331 -54.2817
3332 -54.551
3333 -52.7648
3334 -52.7382
3335 -52.0167
3336 -53.8068
3337 -53.0556
3338 -53.8071
3339 -53.8816
3340 -54.792
3341 -52.912
3342 -53.9112
3343 -53.8411
3344 -54.2513
3345 -54.3488
3346 -53.8952
3347 -53.8329
3348 -53.5149
3349 -53.1406
3350 -53.766
3351 -52.9387
3352 -53.5012
3353 -55.9595
3354 -54.3898
3355 -54.5514
3356 -52.9118
3357 -53.4395
3358 -54.8158
3359 -54.8769
3360 -54.1669
3361 -54.325
3362 -53.6509
3363 -54.6082
3364 -53.377
3365 -53.3164
3366 -53.1189
3367 -55.2866
3368 -55.4821
3369 -53.9009
3370 -52.9607
3371 -53.3854
3372 -53.4654
3373 -52.8826
3374 -53.9355
3375 -54.0502
3376 -53.4596
3377 -54.0774
3378 -53.9037
3379 -53.1071
3380 -53.9883
3381 -53.8123
3382 -53.9895
3383 -55.7967
3384 -53.6128
3385 -54.5785
3386 -54.5456
3387 -53.6667
3388 -54.2221
3389 -54.5682
3390 -54.4783
3391 -53.72
3392 -52.3936
3393 -55.1246
3394 -53.1371
3395 -54.7886
3396 -53.3228
3397 -53.1905
3398 -54.3792
3399 -54.0691
