0 -110.96
1 -110.581
2 -110.131
3 -109.742
4 -109.321
5 -108.84
6 -108.597
7 -108.687
8 -108.939
9 -109.274
10 -109.553
11 -109.597
12 -109.601
13 -109.435
14 -109.198
15 -108.871
16 -108.768
17 -109.088
18 -109.722
19 -110.463
20 -110.993
21 -111.243
22 -111.21
23 -111.002
24 -110.784
25 -110.561
26 -110.42
27 -110.488
28 -110.779
29 -111.178
30 -111.584
31 -111.859
32 -111.9
33 -111.782
34 -111.474
35 -111.109
36 -110.766
37 -110.561
38 -110.478
39 -110.615
40 -110.923
41 -111.147
42 -111.255
43 -111.005
44 -110.549
45 -110.084
46 -109.668
47 -109.281
48 -109.136
49 -109.124
50 -109.239
51 -109.558
52 -109.954
53 -110.157
54 -110.122
55 -109.964
56 -109.707
57 -109.438
58 -109.317
59 -109.574
60 -110.111
61 -110.805
62 -111.385
63 -111.762
64 -111.855
65 -111.627
66 -111.376
67 -111.145
68 -111.043
69 -111.102
70 -111.277
71 -111.617
72 -112.035
73 -112.405
74 -112.48
75 -112.379
76 -112.18
77 -111.901
78 -111.583
79 -111.317
80 -111.232
81 -111.349
82 -111.651
83 -111.996
84 -112.135
85 -111.909
86 -111.441
87 -110.916
88 -110.387
89 -109.923
90 -109.618
91 -109.554
92 -109.748
93 -110.089
94 -110.527
95 -110.745
96 -110.721
97 -110.52
98 -110.269
99 -109.985
100 -109.859
101 -109.937
102 -110.421
103 -111.079
104 -111.785
105 -112.204
106 -112.266
107 -112.042
108 -111.856
109 -111.646
110 -111.538
111 -111.611
112 -111.849
113 -112.081
114 -112.46
115 -112.764
116 -112.857
117 -112.862
118 -112.788
119 -112.606
120 -112.292
121 -112.04
122 -111.768
123 -111.719
124 -111.98
125 -112.312
126 -112.466
127 -112.383
128 -111.989
129 -111.547
130 -111.07
131 -110.638
132 -110.27
133 -110.122
134 -110.321
135 -110.671
136 -111.027
137 -111.278
138 -111.272
139 -111.197
140 -111.005
141 -110.881
142 -110.621
143 -110.722
144 -111.115
145 -111.749
146 -112.374
147 -112.837
148 -112.988
149 -112.729
150 -112.416
151 -112.182
152 -112
153 -112.023
154 -112.263
155 -112.548
156 -112.919
157 -113.174
158 -113.356
159 -113.38
160 -113.339
161 -113.086
162 -112.806
163 -112.579
164 -112.446
165 -112.378
166 -112.466
167 -112.701
168 -112.987
169 -112.941
170 -112.472
171 -111.934
172 -111.425
173 -110.999
174 -110.698
175 -110.641
176 -110.785
177 -111.064
178 -111.47
179 -111.749
180 -111.771
181 -111.65
182 -111.446
183 -111.241
184 -111.046
185 -111.136
186 -111.538
187 -112.218
188 -112.949
189 -113.391
190 -113.455
191 -113.239
192 -112.981
193 -112.752
194 -112.542
195 -112.576
196 -112.74
197 -112.965
198 -113.257
199 -113.515
200 -113.643
201 -113.69
202 -113.701
203 -113.54
204 -113.285
205 -112.981
206 -112.705
207 -112.565
208 -112.708
209 -112.963
210 -113.144
211 -113.137
212 -112.877
213 -112.435
214 -111.917
215 -111.46
216 -111.068
217 -110.897
218 -110.959
219 -111.192
220 -111.554
221 -111.862
222 -111.979
223 -111.912
224 -111.695
225 -111.423
226 -111.157
227 -111.291
228 -111.659
229 -112.301
230 -112.979
231 -113.4
232 -113.508
233 -113.372
234 -113.119
235 -112.747
236 -112.5
237 -112.489
238 -112.72
239 -112.995
240 -113.309
241 -113.58
242 -113.822
243 -113.961
244 -113.972
245 -113.81
246 -113.522
247 -113.254
248 -112.984
249 -112.835
250 -112.91
251 -113.16
252 -113.343
253 -113.342
254 -113.03
255 -112.502
256 -112.018
257 -111.617
258 -111.294
259 -111.14
260 -111.231
261 -111.488
262 -111.843
263 -112.115
264 -112.282
265 -112.273
266 -112.113
267 -111.858
268 -111.579
269 -111.547
270 -111.862
271 -112.501
272 -113.193
273 -113.691
274 -113.908
275 -113.742
276 -113.428
277 -113.093
278 -112.869
279 -112.826
280 -112.952
281 -113.32
282 -113.643
283 -113.869
284 -114.034
285 -114.12
286 -114.14
287 -114.038
288 -113.674
289 -113.256
290 -113.074
291 -113.014
292 -113.049
293 -113.247
294 -113.419
295 -113.485
296 -113.292
297 -112.848
298 -112.372
299 -111.876
300 -111.522
301 -111.33
302 -111.397
303 -111.605
304 -111.856
305 -112.106
306 -112.275
307 -112.276
308 -112.135
309 -111.887
310 -111.58
311 -111.507
312 -111.716
313 -112.255
314 -112.945
315 -113.48
316 -113.489
317 -113.084
318 -112.599
319 -112.136
320 -111.698
321 -111.307
322 -111.121
323 -111.135
324 -111.25
325 -111.284
326 -111.086
327 -110.694
328 -110.211
329 -109.741
330 -109.12
331 -108.253
332 -107.334
333 -106.581
334 -106.192
335 -105.897
336 -105.583
337 -105.103
338 -104.541
339 -103.822
340 -102.968
341 -101.99
342 -101.124
343 -100.212
344 -99.5954
345 -99.0198
346 -98.5434
347 -98.1487
348 -97.8159
349 -97.697
350 -97.6421
351 -97.611
352 -97.4603
353 -97.2523
354 -97.0602
355 -96.9598
356 -96.9545
357 -96.995
358 -97.138
359 -97.2888
360 -97.5117
361 -97.7822
362 -98.0404
363 -98.3269
364 -98.5835
365 -98.9
366 -99.2129
367 -99.6161
368 -99.993
369 -100.404
370 -100.898
371 -101.399
372 -101.897
373 -102.368
374 -102.778
375 -103.143
376 -103.557
377 -103.943
378 -104.328
379 -104.654
380 -104.962
381 -105.234
382 -105.482
383 -105.758
384 -106.041
385 -106.26
386 -106.441
387 -106.571
388 -106.686
389 -106.843
390 -107.038
391 -107.257
392 -107.475
393 -107.625
394 -107.779
395 -107.871
396 -107.914
397 -107.983
398 -108.075
399 -108.204
400 -108.335
401 -108.452
402 -108.5
403 -108.504
404 -108.519
405 -108.542
406 -108.613
407 -108.702
408 -108.821
409 -108.95
410 -109.024
411 -109.064
412 -109.065
413 -109.043
414 -109.067
415 -109.169
416 -109.307
417 -109.376
418 -109.392
419 -109.385
420 -109.35
421 -109.32
422 -109.331
423 -109.369
424 -109.405
425 -109.47
426 -109.527
427 -109.55
428 -109.529
429 -109.51
430 -109.5
431 -109.504
432 -109.51
433 -109.51
434 -109.523
435 -109.552
436 -109.6
437 -109.61
438 -109.597
439 -109.602
440 -109.612
441 -109.62
442 -109.63
443 -109.615
444 -109.619
445 -109.627
446 -109.627
447 -109.592
448 -109.515
449 -109.011
450 -108.27
451 -108.215
452 -108.307
453 -108.186
454 -107.673
455 -106.827
456 -105.886
457 -105.113
458 -104.597
459 -104.279
460 -103.994
461 -103.614
462 -103.025
463 -102.335
464 -101.637
465 -100.971
466 -100.332
467 -99.755
468 -99.1686
469 -98.5505
470 -97.9517
471 -97.3324
472 -96.691
473 -96.0662
474 -95.4481
475 -94.7915
476 -94.0652
477 -93.376
478 -92.7158
479 -92.0731
480 -91.4615
481 -90.8304
482 -90.1081
483 -89.4904
484 -88.8166
485 -88.3051
486 -87.9117
487 -87.741
488 -87.7726
489 -87.9551
490 -88.161
491 -88.2364
492 -88.1792
493 -88.1927
494 -88.3893
495 -88.7223
496 -89.0014
497 -89.271
498 -89.5875
499 -90.1121
500 -90.8106
501 -91.4581
502 -92.015
503 -92.5051
504 -93.0304
505 -93.6282
506 -94.1013
507 -94.6325
508 -95.3387
509 -96.0477
510 -96.6744
511 -97.079
512 -97.527
513 -97.8428
514 -98.1231
515 -98.3364
516 -98.6136
517 -98.9649
518 -99.3144
519 -99.6106
520 -99.7996
521 -99.87
522 -99.8734
523 -99.9299
524 -100.014
525 -100.091
526 -100.261
527 -100.601
528 -101.092
529 -101.516
530 -101.697
531 -101.805
532 -101.768
533 -101.495
534 -101.017
535 -100.534
536 -100.149
537 -100.106
538 -99.9674
539 -99.8869
540 -99.7519
541 -99.6142
542 -99.3719
543 -99.2
544 -99.2171
545 -99.3253
546 -99.7876
547 -100.385
548 -101.037
549 -101.32
550 -101.557
551 -101.731
552 -101.995
553 -102.224
554 -102.455
555 -102.536
556 -102.479
557 -102.431
558 -102.219
559 -101.888
560 -101.737
561 -101.839
562 -102.153
563 -102.31
564 -102.293
565 -102.184
566 -102.033
567 -101.813
568 -101.769
569 -101.978
570 -102.387
571 -102.777
572 -103.044
573 -103.222
574 -103.185
575 -102.972
576 -102.431
577 -101.771
578 -101.288
579 -101.022
580 -100.757
581 -100.548
582 -100.46
583 -100.367
584 -100.137
585 -99.9917
586 -99.9511
587 -99.93
588 -100.185
589 -100.579
590 -101.119
591 -101.429
592 -101.652
593 -101.825
594 -102.068
595 -102.31
596 -102.516
597 -102.638
598 -102.53
599 -102.396
600 -102.315
601 -102.081
602 -101.841
603 -101.934
604 -102.296
605 -102.565
606 -102.608
607 -102.456
608 -102.192
609 -101.968
610 -101.805
611 -101.799
612 -102.121
613 -102.575
614 -102.911
615 -103.009
616 -103.027
617 -102.835
618 -102.326
619 -101.659
620 -101.059
621 -100.717
622 -100.497
623 -100.347
624 -100.247
625 -100.22
626 -100.067
627 -99.8983
628 -99.7502
629 -99.7
630 -99.8337
631 -100.222
632 -100.719
633 -101.175
634 -101.482
635 -101.725
636 -102.042
637 -102.229
638 -102.353
639 -102.362
640 -102.22
641 -102.05
642 -101.926
643 -101.733
644 -101.524
645 -101.569
646 -101.882
647 -102.19
648 -102.207
649 -102.076
650 -101.872
651 -101.62
652 -101.571
653 -101.704
654 -102.015
655 -102.415
656 -102.709
657 -102.845
658 -102.787
659 -102.626
660 -102.229
661 -101.711
662 -101.162
663 -100.746
664 -100.394
665 -100.191
666 -100.1
667 -100.1
668 -99.9394
669 -99.7273
670 -99.5794
671 -99.5646
672 -99.6582
673 -99.9706
674 -100.52
675 -100.935
676 -101.225
677 -101.492
678 -101.764
679 -101.955
680 -102.124
681 -102.139
682 -102.002
683 -101.834
684 -101.76
685 -101.53
686 -101.355
687 -101.354
688 -101.615
689 -101.865
690 -101.862
691 -101.695
692 -101.495
693 -101.288
694 -101.214
695 -101.307
696 -101.492
697 -101.834
698 -102.073
699 -102.253
700 -102.31
701 -102.123
702 -101.643
703 -100.997
704 -100.382
705 -100.016
706 -99.7216
707 -99.5529
708 -99.59
709 -99.5651
710 -99.4209
711 -99.1643
712 -98.9991
713 -98.913
714 -99.0299
715 -99.3212
716 -99.8321
717 -100.277
718 -100.647
719 -100.939
720 -101.209
721 -101.38
722 -101.488
723 -101.536
724 -101.43
725 -101.276
726 -101.062
727 -100.791
728 -100.577
729 -100.665
730 -100.93
731 -101.157
732 -101.206
733 -101.12
734 -100.866
735 -100.644
736 -100.541
737 -100.55
738 -100.684
739 -101.106
740 -101.438
741 -101.698
742 -101.77
743 -101.584
744 -101.11
745 -100.461
746 -99.764
747 -99.2772
748 -99.008
749 -98.8836
750 -98.8326
751 -98.9092
752 -98.8951
753 -98.7055
754 -98.4774
755 -98.3204
756 -98.3417
757 -98.6357
758 -99.1584
759 -99.5733
760 -99.8587
761 -100.076
762 -100.294
763 -100.458
764 -100.572
765 -100.659
766 -100.618
767 -100.436
768 -100.301
769 -100.165
770 -99.9856
771 -99.9899
772 -100.217
773 -100.528
774 -100.498
775 -100.321
776 -100.095
777 -99.8154
778 -99.691
779 -99.7621
780 -99.9506
781 -100.301
782 -100.632
783 -100.834
784 -100.87
785 -100.775
786 -100.344
787 -99.7358
788 -99.1271
789 -98.6533
790 -98.213
791 -97.9744
792 -97.8834
793 -97.9264
794 -97.873
795 -97.7388
796 -97.5756
797 -97.397
798 -97.4178
799 -97.672
800 -98.2075
801 -98.6474
802 -99.0091
803 -99.2656
804 -99.5126
805 -99.6447
806 -99.8532
807 -99.9675
808 -99.8735
809 -99.7419
810 -99.5616
811 -99.2973
812 -99.0716
813 -99.0187
814 -99.2483
815 -99.562
816 -99.7443
817 -99.7473
818 -99.5116
819 -99.1905
820 -98.9872
821 -99.0804
822 -99.315
823 -99.5404
824 -99.7936
825 -100.064
826 -100.192
827 -100.016
828 -99.601
829 -99.0408
830 -98.5006
831 -98.1358
832 -97.8792
833 -97.4977
834 -97.32
835 -97.3225
836 -97.3675
837 -97.2417
838 -97.0648
839 -96.8417
840 -96.8258
841 -97.1044
842 -97.5431
843 -97.9871
844 -98.3381
845 -98.5615
846 -98.7676
847 -98.8897
848 -99.0104
849 -99.0836
850 -99.0394
851 -98.939
852 -98.8917
853 -98.7553
854 -98.5276
855 -98.388
856 -98.485
857 -98.7927
858 -98.9505
859 -98.9565
860 -98.7365
861 -98.3599
862 -98.1602
863 -98.1909
864 -98.3556
865 -98.6868
866 -99.0467
867 -99.3461
868 -99.5153
869 -99.4542
870 -99.151
871 -98.6393
872 -98.1124
873 -97.8705
874 -97.8237
875 -97.849
876 -98.0401
877 -98.3495
878 -98.6384
879 -98.9281
880 -99.2153
881 -99.4212
882 -99.7847
883 -100.398
884 -101.249
885 -102.003
886 -102.692
887 -103.417
888 -104.249
889 -104.957
890 -105.609
891 -106.313
892 -106.964
893 -107.45
894 -107.709
895 -107.923
896 -108.177
897 -108.5
898 -109.005
899 -109.831
900 -110.713
901 -111.687
902 -112.526
903 -113.094
904 -113.274
905 -113.129
906 -112.845
907 -112.463
908 -112.307
909 -112.371
910 -112.541
911 -112.616
912 -112.571
913 -112.437
914 -112.255
915 -112.031
916 -111.767
917 -111.532
918 -111.449
919 -111.334
920 -111.121
921 -110.84
922 -110.508
923 -110.145
924 -109.766
925 -109.382
926 -109.006
927 -108.609
928 -108.237
929 -107.754
930 -107.203
931 -106.67
932 -106.238
933 -105.796
934 -105.435
935 -105.195
936 -104.957
937 -104.684
938 -104.32
939 -104.006
940 -103.73
941 -103.473
942 -103.166
943 -102.853
944 -102.643
945 -102.508
946 -102.39
947 -102.323
948 -102.265
949 -102.187
950 -102.051
951 -101.865
952 -101.72
953 -101.634
954 -101.598
955 -101.551
956 -101.479
957 -101.377
958 -101.224
959 -101.072
960 -100.932
961 -100.89
962 -100.9
963 -100.937
964 -100.917
965 -100.885
966 -100.823
967 -100.747
968 -100.637
969 -100.538
970 -100.487
971 -100.478
972 -100.44
973 -100.402
974 -100.35
975 -100.342
976 -100.336
977 -100.301
978 -100.269
979 -100.26
980 -100.26
981 -100.267
982 -100.268
983 -100.27
984 -100.282
985 -100.28
986 -100.275
987 -100.261
988 -100.267
989 -100.238
990 -100.223
991 -100.172
992 -100.12
993 -100.081
994 -100.061
995 -100.053
996 -100.067
997 -100.07
998 -100.064
999 -100.04
1000 -100.04
1001 -100.023
1002 -100.013
1003 -100.027
1004 -100.148
1005 -100.942
1006 -101.435
1007 -101.378
1008 -101.346
1009 -101.657
1010 -102.368
1011 -103.318
1012 -104.265
1013 -105.016
1014 -105.504
1015 -105.828
1016 -106.067
1017 -106.425
1018 -106.902
1019 -107.516
1020 -108.185
1021 -108.851
1022 -109.429
1023 -109.923
1024 -110.437
1025 -110.983
1026 -111.591
1027 -112.237
1028 -112.895
1029 -113.646
1030 -114.451
1031 -115.284
1032 -116.077
1033 -116.841
1034 -117.592
1035 -118.2
1036 -118.771
1037 -119.25
1038 -119.762
1039 -120.394
1040 -120.911
1041 -121.301
1042 -121.419
1043 -121.39
1044 -121.302
1045 -121.156
1046 -121.061
1047 -121.026
1048 -120.978
1049 -120.824
1050 -120.571
1051 -120.225
1052 -119.9
1053 -119.626
1054 -119.326
1055 -118.951
1056 -118.602
1057 -118.32
1058 -118.131
1059 -117.789
1060 -117.272
1061 -116.757
1062 -116.299
1063 -115.778
1064 -115.251
1065 -114.755
1066 -114.441
1067 -114.062
1068 -113.537
1069 -112.907
1070 -112.279
1071 -111.669
1072 -111.014
1073 -110.606
1074 -110.364
1075 -110.313
1076 -110.277
1077 -110.282
1078 -110.212
1079 -110.065
1080 -109.781
1081 -109.553
1082 -109.261
1083 -108.927
1084 -108.635
1085 -108.591
1086 -108.802
1087 -109.338
1088 -109.885
1089 -110.211
1090 -110.354
1091 -110.361
1092 -110.25
1093 -110.102
1094 -109.947
1095 -109.883
1096 -109.908
1097 -110.049
1098 -110.239
1099 -110.465
1100 -110.588
1101 -110.491
1102 -110.346
1103 -110.137
1104 -109.911
1105 -109.643
1106 -109.455
1107 -109.478
1108 -109.618
1109 -109.799
1110 -109.914
1111 -109.994
1112 -109.731
1113 -109.283
1114 -108.761
1115 -108.287
1116 -107.878
1117 -107.802
1118 -107.89
1119 -108.068
1120 -108.3
1121 -108.487
1122 -108.503
1123 -108.495
1124 -108.378
1125 -108.157
1126 -107.908
1127 -107.823
1128 -108.006
1129 -108.539
1130 -109.288
1131 -109.936
1132 -110.263
1133 -110.26
1134 -110.045
1135 -109.76
1136 -109.575
1137 -109.489
1138 -109.625
1139 -109.91
1140 -110.303
1141 -110.553
1142 -110.809
1143 -110.842
1144 -110.742
1145 -110.615
1146 -110.426
1147 -110.198
1148 -109.979
1149 -109.815
1150 -109.833
1151 -109.995
1152 -110.242
1153 -110.375
1154 -110.24
1155 -109.855
1156 -109.422
1157 -108.939
1158 -108.513
1159 -108.238
1160 -108.224
1161 -108.387
1162 -108.754
1163 -109.053
1164 -109.23
1165 -109.205
1166 -109.144
1167 -108.911
1168 -108.678
1169 -108.5
1170 -108.633
1171 -109.025
1172 -109.746
1173 -110.415
1174 -110.803
1175 -110.911
1176 -110.667
1177 -110.353
1178 -110.148
1179 -110.069
1180 -110.15
1181 -110.408
1182 -110.733
1183 -111.103
1184 -111.453
1185 -111.633
1186 -111.492
1187 -111.303
1188 -111.138
1189 -110.879
1190 -110.553
1191 -110.376
1192 -110.403
1193 -110.62
1194 -110.881
1195 -111.045
1196 -110.83
1197 -110.423
1198 -110.028
1199 -109.588
1200 -109.189
1201 -108.939
1202 -108.941
1203 -109.12
1204 -109.431
1205 -109.691
1206 -109.779
1207 -109.746
1208 -109.647
1209 -109.547
1210 -109.366
1211 -109.221
1212 -109.247
1213 -109.624
1214 -110.292
1215 -110.979
1216 -111.36
1217 -111.45
1218 -111.316
1219 -111.079
1220 -110.849
1221 -110.741
1222 -110.724
1223 -110.879
1224 -111.193
1225 -111.597
1226 -111.932
1227 -112.05
1228 -111.986
1229 -111.868
1230 -111.743
1231 -111.525
1232 -111.189
1233 -110.992
1234 -110.902
1235 -111.067
1236 -111.255
1237 -111.44
1238 -111.376
1239 -111.064
1240 -110.628
1241 -110.091
1242 -109.661
1243 -109.367
1244 -109.353
1245 -109.51
1246 -109.755
1247 -110.025
1248 -110.165
1249 -110.203
1250 -110.19
1251 -110.02
1252 -109.815
1253 -109.611
1254 -109.696
1255 -110.032
1256 -110.667
1257 -111.358
1258 -111.834
1259 -111.966
1260 -111.764
1261 -111.483
1262 -111.276
1263 -111.097
1264 -111.007
1265 -111.187
1266 -111.547
1267 -111.982
1268 -112.309
1269 -112.434
1270 -112.34
1271 -112.233
1272 -112.078
1273 -111.916
1274 -111.653
1275 -111.475
1276 -111.373
1277 -111.418
1278 -111.563
1279 -111.789
1280 -111.78
1281 -111.469
1282 -111.054
1283 -110.594
1284 -110.229
1285 -109.857
1286 -109.825
1287 -109.967
1288 -110.229
1289 -110.571
1290 -110.801
1291 -110.778
1292 -110.623
1293 -110.395
1294 -110.241
1295 -110.068
1296 -110.112
1297 -110.507
1298 -111.145
1299 -111.785
1300 -112.248
1301 -112.424
1302 -112.261
1303 -111.99
1304 -111.708
1305 -111.488
1306 -111.422
1307 -111.585
1308 -111.911
1309 -112.27
1310 -112.537
1311 -112.721
1312 -112.703
1313 -112.674
1314 -112.52
1315 -112.285
1316 -111.917
1317 -111.714
1318 -111.651
1319 -111.625
1320 -111.726
1321 -111.946
1322 -112.018
1323 -111.804
1324 -111.366
1325 -110.845
1326 -110.419
1327 -110.059
1328 -109.893
1329 -109.985
1330 -110.284
1331 -110.624
1332 -110.816
1333 -110.829
1334 -110.759
1335 -110.56
1336 -110.325
1337 -110.076
1338 -110.114
1339 -110.484
1340 -111.175
1341 -111.919
1342 -112.432
1343 -112.58
1344 -112.433
1345 -112.171
1346 -111.862
1347 -111.636
1348 -111.544
1349 -111.649
1350 -111.95
1351 -112.3
1352 -112.625
1353 -112.797
1354 -112.881
1355 -112.923
1356 -112.853
1357 -112.542
1358 -112.093
1359 -111.82
1360 -111.843
1361 -111.999
1362 -112.082
1363 -112.225
1364 -112.186
1365 -111.901
1366 -111.488
1367 -111.009
1368 -110.587
1369 -110.334
1370 -110.217
1371 -110.245
1372 -110.485
1373 -110.814
1374 -111.067
1375 -111.119
1376 -111.07
1377 -110.95
1378 -110.754
1379 -110.486
1380 -110.355
1381 -110.691
1382 -111.38
1383 -112.096
1384 -112.622
1385 -112.798
1386 -112.599
1387 -112.266
1388 -111.996
1389 -111.878
1390 -111.803
1391 -111.86
1392 -112.086
1393 -112.454
1394 -112.776
1395 -112.939
1396 -112.95
1397 -112.94
1398 -112.918
1399 -112.746
1400 -112.32
1401 -111.91
1402 -111.899
1403 -111.988
1404 -112.178
1405 -112.356
1406 -112.374
1407 -112.057
1408 -111.683
1409 -111.153
1410 -110.708
1411 -110.343
1412 -110.275
1413 -110.43
1414 -110.634
1415 -110.806
1416 -110.942
1417 -111.001
1418 -111.01
1419 -110.856
1420 -110.668
1421 -110.461
1422 -110.361
1423 -110.699
1424 -111.356
1425 -112.015
1426 -112.42
1427 -112.498
1428 -112.175
1429 -111.622
1430 -111.108
1431 -110.675
1432 -110.328
1433 -110.137
1434 -110.088
1435 -110.06
1436 -110.006
1437 -109.881
1438 -109.587
1439 -109.197
1440 -108.751
1441 -108.225
1442 -107.438
1443 -106.581
1444 -105.816
1445 -105.285
1446 -104.949
1447 -104.652
1448 -104.217
1449 -103.653
1450 -103.008
1451 -102.163
1452 -101.194
1453 -100.21
1454 -99.2999
1455 -98.5967
1456 -98.0005
1457 -97.5325
1458 -97.1295
1459 -96.8476
1460 -96.7789
1461 -96.7485
1462 -96.73
1463 -96.5501
1464 -96.2447
1465 -96.0213
1466 -95.8835
1467 -95.8981
1468 -96.0367
1469 -96.2405
1470 -96.5423
1471 -96.7213
1472 -96.9317
1473 -97.1192
1474 -97.3509
1475 -97.6135
1476 -97.923
1477 -98.1954
1478 -98.5355
1479 -98.9724
1480 -99.4782
1481 -100.085
1482 -100.551
1483 -100.989
1484 -101.383
1485 -101.804
1486 -102.225
1487 -102.681
1488 -103.126
1489 -103.493
1490 -103.804
1491 -104.117
1492 -104.41
1493 -104.645
1494 -104.788
1495 -104.98
1496 -105.257
1497 -105.513
1498 -105.793
1499 -105.971
1500 -106.147
1501 -106.343
1502 -106.537
1503 -106.726
1504 -106.855
1505 -106.978
1506 -107.078
1507 -107.194
1508 -107.262
1509 -107.328
1510 -107.411
1511 -107.495
1512 -107.567
1513 -107.577
1514 -107.578
1515 -107.55
1516 -107.521
1517 -107.528
1518 -107.599
1519 -107.715
1520 -107.834
1521 -107.974
1522 -108.074
1523 -108.137
1524 -108.123
1525 -108.11
1526 -108.114
1527 -108.142
1528 -108.12
1529 -108.139
1530 -108.177
1531 -108.19
1532 -108.217
1533 -108.272
1534 -108.31
1535 -108.391
1536 -108.451
1537 -108.507
1538 -108.52
1539 -108.527
1540 -108.543
1541 -108.566
1542 -108.58
1543 -108.594
1544 -108.583
1545 -108.608
1546 -108.63
1547 -108.67
1548 -108.697
1549 -108.73
1550 -108.748
1551 -108.752
1552 -108.747
1553 -108.72
1554 -108.721
1555 -108.735
1556 -108.75
1557 -108.768
1558 -108.78
1559 -108.741
1560 -108.396
1561 -107.554
1562 -107.385
1563 -107.437
1564 -107.34
1565 -106.949
1566 -106.174
1567 -105.233
1568 -104.334
1569 -103.741
1570 -103.352
1571 -103.023
1572 -102.615
1573 -102.065
1574 -101.391
1575 -100.703
1576 -100.046
1577 -99.4655
1578 -98.9741
1579 -98.4821
1580 -97.9515
1581 -97.409
1582 -96.7836
1583 -96.0994
1584 -95.4325
1585 -94.7539
1586 -94.1126
1587 -93.4468
1588 -92.8111
1589 -92.174
1590 -91.5284
1591 -90.9148
1592 -90.3597
1593 -89.7529
1594 -89.1791
1595 -88.5608
1596 -88.0014
1597 -87.4595
1598 -87.1834
1599 -87.1493
1600 -87.431
1601 -87.7687
1602 -87.8917
1603 -87.9111
1604 -87.8476
1605 -87.8339
1606 -88.0069
1607 -88.3581
1608 -88.7922
1609 -89.1999
1610 -89.6167
1611 -90.1737
1612 -90.8279
1613 -91.4985
1614 -91.998
1615 -92.4098
1616 -92.9849
1617 -93.6263
1618 -94.2146
1619 -94.7764
1620 -95.3735
1621 -95.9518
1622 -96.4199
1623 -96.8721
1624 -97.2414
1625 -97.6543
1626 -97.961
1627 -98.2646
1628 -98.6015
1629 -98.9716
1630 -99.2437
1631 -99.4774
1632 -99.5128
1633 -99.4774
1634 -99.42
1635 -99.476
1636 -99.7665
1637 -100.099
1638 -100.449
1639 -100.652
1640 -100.866
1641 -101.01
1642 -101.128
1643 -101.17
1644 -101.054
1645 -100.73
1646 -100.282
1647 -99.9403
1648 -99.73
1649 -99.6474
1650 -99.5135
1651 -99.47
1652 -99.4541
1653 -99.3117
1654 -99.1328
1655 -98.9914
1656 -99.0644
1657 -99.3683
1658 -99.8477
1659 -100.406
1660 -100.831
1661 -101.17
1662 -101.357
1663 -101.567
1664 -101.747
1665 -101.962
1666 -102.1
1667 -102.068
1668 -101.944
1669 -101.795
1670 -101.551
1671 -101.401
1672 -101.475
1673 -101.762
1674 -102.037
1675 -102.176
1676 -102.129
1677 -101.809
1678 -101.515
1679 -101.397
1680 -101.46
1681 -101.809
1682 -102.259
1683 -102.645
1684 -102.893
1685 -102.937
1686 -102.738
1687 -102.264
1688 -101.646
1689 -101.115
1690 -100.702
1691 -100.483
1692 -100.271
1693 -100.234
1694 -100.2
1695 -100.027
1696 -99.8542
1697 -99.6608
1698 -99.6083
1699 -99.6881
1700 -100.161
1701 -100.715
1702 -101.102
1703 -101.363
1704 -101.505
1705 -101.654
1706 -101.819
1707 -102.061
1708 -102.181
1709 -102.218
1710 -102.133
1711 -101.964
1712 -101.714
1713 -101.476
1714 -101.464
1715 -101.729
1716 -102.012
1717 -102.091
1718 -102.036
1719 -101.813
1720 -101.57
1721 -101.43
1722 -101.464
1723 -101.67
1724 -102.11
1725 -102.421
1726 -102.669
1727 -102.678
1728 -102.546
1729 -102.096
1730 -101.501
1731 -100.836
1732 -100.463
1733 -100.235
1734 -100.17
1735 -100.149
1736 -100.103
1737 -99.9175
1738 -99.6521
1739 -99.5257
1740 -99.4085
1741 -99.4682
1742 -99.8013
1743 -100.357
1744 -100.773
1745 -101.077
1746 -101.313
1747 -101.493
1748 -101.669
1749 -101.837
1750 -101.955
1751 -101.942
1752 -101.813
1753 -101.674
1754 -101.506
1755 -101.376
1756 -101.343
1757 -101.513
1758 -101.858
1759 -102.036
1760 -101.959
1761 -101.651
1762 -101.397
1763 -101.383
1764 -101.66
1765 -101.845
1766 -101.979
1767 -102.014
1768 -102.147
1769 -102.184
1770 -102.091
1771 -101.851
1772 -101.413
1773 -100.975
1774 -100.638
1775 -100.275
1776 -99.9329
1777 -99.8697
1778 -99.9519
1779 -99.9454
1780 -99.8803
1781 -99.7461
1782 -99.5164
1783 -99.4423
1784 -99.6701
1785 -100.107
1786 -100.504
1787 -100.794
1788 -100.981
1789 -101.22
1790 -101.38
1791 -101.494
1792 -101.596
1793 -101.551
1794 -101.422
1795 -101.344
1796 -101.285
1797 -101.142
1798 -101.072
1799 -101.252
1800 -101.586
1801 -101.747
1802 -101.726
1803 -101.49
1804 -101.06
1805 -100.815
1806 -100.916
1807 -101.152
1808 -101.447
1809 -101.654
1810 -101.861
1811 -101.983
1812 -101.931
1813 -101.476
1814 -100.785
1815 -100.166
1816 -99.9163
1817 -99.7321
1818 -99.5494
1819 -99.4781
1820 -99.3916
1821 -99.2918
1822 -99.1775
1823 -99.0315
1824 -98.8067
1825 -98.7268
1826 -98.9549
1827 -99.4908
1828 -100.013
1829 -100.357
1830 -100.551
1831 -100.731
1832 -100.95
1833 -101.115
1834 -101.237
1835 -101.26
1836 -101.125
1837 -100.986
1838 -100.772
1839 -100.605
1840 -100.535
1841 -100.685
1842 -100.93
1843 -101.134
1844 -101.191
1845 -101.008
1846 -100.639
1847 -100.43
1848 -100.46
1849 -100.57
1850 -100.825
1851 -101.093
1852 -101.249
1853 -101.355
1854 -101.375
1855 -101.133
1856 -100.494
1857 -99.7885
1858 -99.2656
1859 -99.0204
1860 -98.9056
1861 -98.8847
1862 -98.8122
1863 -98.6877
1864 -98.5515
1865 -98.3875
1866 -98.1985
1867 -98.1603
1868 -98.3745
1869 -98.9034
1870 -99.3935
1871 -99.7211
1872 -99.8839
1873 -100.075
1874 -100.224
1875 -100.393
1876 -100.582
1877 -100.523
1878 -100.347
1879 -100.237
1880 -100.156
1881 -99.9244
1882 -99.8492
1883 -99.9642
1884 -100.253
1885 -100.432
1886 -100.466
1887 -100.173
1888 -99.8217
1889 -99.6045
1890 -99.5313
1891 -99.6629
1892 -100.012
1893 -100.334
1894 -100.589
1895 -100.74
1896 -100.651
1897 -100.293
1898 -99.745
1899 -99.1154
1900 -98.5507
1901 -98.2728
1902 -97.9829
1903 -98.0057
1904 -98.0599
1905 -97.9765
1906 -97.7457
1907 -97.5535
1908 -97.447
1909 -97.3325
1910 -97.5246
1911 -97.9712
1912 -98.5546
1913 -98.985
1914 -99.2703
1915 -99.4278
1916 -99.5772
1917 -99.7034
1918 -99.8172
1919 -99.7124
1920 -99.5873
1921 -99.4393
1922 -99.2716
1923 -99.0927
1924 -99.0151
1925 -99.1318
1926 -99.3879
1927 -99.6118
1928 -99.7621
1929 -99.6623
1930 -99.2905
1931 -99.1012
1932 -99.0418
1933 -99.1401
1934 -99.2713
1935 -99.4598
1936 -99.7123
1937 -99.9211
1938 -99.913
1939 -99.6924
1940 -99.1596
1941 -98.4828
1942 -97.9255
1943 -97.6557
1944 -97.3991
1945 -97.3576
1946 -97.4146
1947 -97.3709
1948 -97.1997
1949 -97.0101
1950 -96.8535
1951 -96.6807
1952 -96.923
1953 -97.3753
1954 -97.8611
1955 -98.1528
1956 -98.4044
1957 -98.5645
1958 -98.6683
1959 -98.8636
1960 -98.9875
1961 -99.0401
1962 -98.9629
1963 -98.8253
1964 -98.6324
1965 -98.4756
1966 -98.35
1967 -98.406
1968 -98.725
1969 -98.8995
1970 -98.9354
1971 -98.7597
1972 -98.3898
1973 -98.2265
1974 -98.29
1975 -98.4384
1976 -98.638
1977 -98.8635
1978 -99.1623
1979 -99.2933
1980 -99.2737
1981 -99.1018
1982 -98.7094
1983 -98.2142
1984 -97.889
1985 -97.8371
1986 -97.8188
1987 -98.0909
1988 -98.404
1989 -98.6786
1990 -98.8884
1991 -99.0816
1992 -99.2922
1993 -99.601
1994 -100.209
1995 -101.092
1996 -101.914
1997 -102.622
1998 -103.245
1999 -103.891
2000 -104.567
2001 -105.295
2002 -106.028
2003 -106.745
2004 -107.337
2005 -107.673
2006 -107.861
2007 -108.032
2008 -108.353
2009 -108.81
2010 -109.588
2011 -110.517
2012 -111.482
2013 -112.338
2014 -112.97
2015 -113.208
2016 -113.168
2017 -112.992
2018 -112.616
2019 -112.333
2020 -112.274
2021 -112.42
2022 -112.556
2023 -112.505
2024 -112.351
2025 -112.089
2026 -111.775
2027 -111.442
2028 -111.18
2029 -111.09
2030 -111.06
2031 -110.966
2032 -110.733
2033 -110.5
2034 -110.086
2035 -109.666
2036 -109.224
2037 -108.848
2038 -108.499
2039 -108.118
2040 -107.696
2041 -107.227
2042 -106.743
2043 -106.206
2044 -105.661
2045 -105.225
2046 -104.92
2047 -104.607
2048 -104.313
2049 -104.02
2050 -103.819
2051 -103.644
2052 -103.397
2053 -103.087
2054 -102.824
2055 -102.634
2056 -102.451
2057 -102.291
2058 -102.169
2059 -102.112
2060 -102.001
2061 -101.863
2062 -101.7
2063 -101.545
2064 -101.463
2065 -101.321
2066 -101.142
2067 -101.02
2068 -100.988
2069 -101.036
2070 -101.066
2071 -101.006
2072 -100.873
2073 -100.74
2074 -100.604
2075 -100.49
2076 -100.412
2077 -100.432
2078 -100.5
2079 -100.524
2080 -100.521
2081 -100.465
2082 -100.379
2083 -100.261
2084 -100.181
2085 -100.16
2086 -100.173
2087 -100.19
2088 -100.216
2089 -100.23
2090 -100.209
2091 -100.189
2092 -100.131
2093 -100.14
2094 -100.132
2095 -100.122
2096 -100.08
2097 -100.048
2098 -100.03
2099 -100.02
2100 -99.9824
2101 -99.9619
2102 -99.9646
2103 -99.9931
2104 -99.9992
2105 -99.9748
2106 -99.96
2107 -99.98
2108 -99.98
2109 -99.9721
2110 -99.9737
2111 -99.96
2112 -99.9503
2113 -99.9491
2114 -99.9601
2115 -100.018
2116 -100.635
2117 -101.303
2118 -101.348
2119 -101.324
2120 -101.509
2121 -102.076
2122 -102.97
2123 -103.927
2124 -104.698
2125 -105.233
2126 -105.521
2127 -105.74
2128 -106.058
2129 -106.514
2130 -107.099
2131 -107.777
2132 -108.507
2133 -109.129
2134 -109.629
2135 -110.075
2136 -110.58
2137 -111.18
2138 -111.893
2139 -112.654
2140 -113.498
2141 -114.378
2142 -115.239
2143 -115.956
2144 -116.565
2145 -117.195
2146 -117.789
2147 -118.426
2148 -119
2149 -119.508
2150 -120.058
2151 -120.522
2152 -120.865
2153 -120.949
2154 -120.912
2155 -120.903
2156 -120.878
2157 -120.91
2158 -120.919
2159 -120.857
2160 -120.593
2161 -120.211
2162 -119.713
2163 -119.434
2164 -119.215
2165 -119.157
2166 -118.993
2167 -118.713
2168 -118.32
2169 -117.878
2170 -117.436
2171 -116.969
2172 -116.497
2173 -116.107
2174 -115.69
2175 -115.231
2176 -114.775
2177 -114.332
2178 -113.952
2179 -113.286
2180 -112.64
2181 -111.976
2182 -111.451
2183 -110.867
2184 -110.438
2185 -110.178
2186 -110.081
2187 -110.092
2188 -110.055
2189 -109.974
2190 -109.746
2191 -109.492
2192 -109.232
2193 -108.961
2194 -108.673
2195 -108.449
2196 -108.408
2197 -108.63
2198 -109.044
2199 -109.504
2200 -109.807
2201 -110.013
2202 -109.997
2203 -109.95
2204 -109.814
2205 -109.697
2206 -109.597
2207 -109.56
2208 -109.589
2209 -109.755
2210 -110.005
2211 -110.162
2212 -110.208
2213 -110.097
2214 -109.965
2215 -109.698
2216 -109.42
2217 -109.118
2218 -108.988
2219 -109.081
2220 -109.359
2221 -109.561
2222 -109.702
2223 -109.468
2224 -108.974
2225 -108.486
2226 -108.035
2227 -107.608
2228 -107.415
2229 -107.444
2230 -107.656
2231 -107.9
2232 -108.119
2233 -108.103
2234 -108.058
2235 -108.046
2236 -107.917
2237 -107.671
2238 -107.534
2239 -107.662
2240 -108.069
2241 -108.766
2242 -109.477
2243 -109.908
2244 -109.984
2245 -109.845
2246 -109.502
2247 -109.278
2248 -109.183
2249 -109.227
2250 -109.454
2251 -109.826
2252 -110.217
2253 -110.483
2254 -110.681
2255 -110.628
2256 -110.456
2257 -110.253
2258 -110.069
2259 -109.796
2260 -109.583
2261 -109.541
2262 -109.672
2263 -109.908
2264 -110.119
2265 -110.038
2266 -109.69
2267 -109.25
2268 -108.813
2269 -108.361
2270 -108.016
2271 -107.904
2272 -108.149
2273 -108.514
2274 -108.913
2275 -109.025
2276 -108.945
2277 -108.761
2278 -108.584
2279 -108.365
2280 -108.175
2281 -108.226
2282 -108.632
2283 -109.358
2284 -110.122
2285 -110.566
2286 -110.664
2287 -110.413
2288 -110.05
2289 -109.804
2290 -109.732
2291 -109.732
2292 -109.915
2293 -110.301
2294 -110.661
2295 -110.874
2296 -111.038
2297 -111.072
2298 -111.037
2299 -111.028
2300 -110.911
2301 -110.598
2302 -110.378
2303 -110.263
2304 -110.273
2305 -110.429
2306 -110.71
2307 -110.633
2308 -110.267
2309 -109.822
2310 -109.316
2311 -108.834
2312 -108.58
2313 -108.53
2314 -108.627
2315 -108.948
2316 -109.328
2317 -109.524
2318 -109.534
2319 -109.533
2320 -109.384
2321 -109.182
2322 -108.978
2323 -108.915
2324 -109.259
2325 -109.83
2326 -110.622
2327 -111.202
2328 -111.301
2329 -111.126
2330 -110.782
2331 -110.535
2332 -110.379
2333 -110.4
2334 -110.551
2335 -110.875
2336 -111.194
2337 -111.473
2338 -111.709
2339 -111.756
2340 -111.656
2341 -111.52
2342 -111.4
2343 -111.111
2344 -110.801
2345 -110.621
2346 -110.666
2347 -110.923
2348 -111.188
2349 -111.217
2350 -110.916
2351 -110.516
2352 -109.975
2353 -109.537
2354 -109.238
2355 -109.153
2356 -109.226
2357 -109.461
2358 -109.711
2359 -109.857
2360 -109.89
2361 -109.849
2362 -109.711
2363 -109.532
2364 -109.289
2365 -109.221
2366 -109.559
2367 -110.184
2368 -110.893
2369 -111.422
2370 -111.668
2371 -111.52
2372 -111.134
2373 -110.843
2374 -110.753
2375 -110.657
2376 -110.792
2377 -111.121
2378 -111.538
2379 -111.857
2380 -112.125
2381 -112.188
2382 -112.014
2383 -111.817
2384 -111.626
2385 -111.313
2386 -111.078
2387 -111.04
2388 -111.057
2389 -111.285
2390 -111.593
2391 -111.707
2392 -111.329
2393 -110.789
2394 -110.27
2395 -109.853
2396 -109.535
2397 -109.522
2398 -109.598
2399 -109.843
2400 -110.161
2401 -110.389
2402 -110.4
2403 -110.302
2404 -110.159
2405 -109.991
2406 -109.82
2407 -109.77
2408 -110.081
2409 -110.591
2410 -111.264
2411 -111.779
2412 -112.028
2413 -111.94
2414 -111.63
2415 -111.361
2416 -111.178
2417 -111.064
2418 -111.196
2419 -111.505
2420 -111.868
2421 -112.102
2422 -112.361
2423 -112.45
2424 -112.306
2425 -112.137
2426 -111.987
2427 -111.682
2428 -111.376
2429 -111.256
2430 -111.268
2431 -111.391
2432 -111.567
2433 -111.704
2434 -111.495
2435 -111.168
2436 -110.724
2437 -110.281
2438 -109.836
2439 -109.746
2440 -109.782
2441 -109.961
2442 -110.217
2443 -110.48
2444 -110.593
2445 -110.592
2446 -110.429
2447 -110.13
2448 -109.918
2449 -109.794
2450 -110.093
2451 -110.633
2452 -111.318
2453 -111.87
2454 -112.147
2455 -112.055
2456 -111.777
2457 -111.544
2458 -111.358
2459 -111.224
2460 -111.35
2461 -111.621
2462 -112.106
2463 -112.357
2464 -112.51
2465 -112.517
2466 -112.517
2467 -112.434
2468 -112.25
2469 -111.896
2470 -111.604
2471 -111.527
2472 -111.544
2473 -111.632
2474 -111.718
2475 -111.78
2476 -111.512
2477 -111.134
2478 -110.668
2479 -110.234
2480 -109.855
2481 -109.717
2482 -109.815
2483 -110.095
2484 -110.428
2485 -110.673
2486 -110.728
2487 -110.717
2488 -110.521
2489 -110.304
2490 -110.081
2491 -110.039
2492 -110.275
2493 -110.797
2494 -111.488
2495 -112.099
2496 -112.451
2497 -112.431
2498 -112.147
2499 -111.827
2500 -111.664
2501 -111.513
2502 -111.546
2503 -111.702
2504 -112.082
2505 -112.435
2506 -112.693
2507 -112.699
2508 -112.623
2509 -112.582
2510 -112.482
2511 -112.161
2512 -111.823
2513 -111.727
2514 -111.73
2515 -111.816
2516 -111.905
2517 -111.903
2518 -111.657
2519 -111.41
2520 -111.22
2521 -110.964
2522 -110.552
2523 -110.327
2524 -110.252
2525 -110.451
2526 -110.657
2527 -110.771
2528 -110.796
2529 -110.771
2530 -110.693
2531 -110.514
2532 -110.191
2533 -109.955
2534 -110.064
2535 -110.578
2536 -111.353
2537 -111.953
2538 -112.153
2539 -111.953
2540 -111.468
2541 -110.954
2542 -110.557
2543 -110.126
2544 -109.808
2545 -109.72
2546 -109.784
2547 -109.777
2548 -109.702
2549 -109.422
2550 -108.962
2551 -108.364
2552 -107.805
2553 -107.13
2554 -106.237
2555 -105.382
2556 -104.812
2557 -104.439
2558 -104.147
2559 -103.733
2560 -103.148
2561 -102.471
2562 -101.7
2563 -100.964
2564 -100.177
2565 -99.4798
2566 -98.652
2567 -97.857
2568 -97.3013
2569 -96.9706
2570 -96.7209
2571 -96.5071
2572 -96.3657
2573 -96.2517
2574 -96.14
2575 -96.0718
2576 -95.8316
2577 -95.6403
2578 -95.5573
2579 -95.6728
2580 -95.9431
2581 -96.2114
2582 -96.4619
2583 -96.6415
2584 -96.7853
2585 -97.0205
2586 -97.2635
2587 -97.6255
2588 -98.006
2589 -98.4131
2590 -98.824
2591 -99.1879
2592 -99.586
2593 -99.9836
2594 -100.449
2595 -100.996
2596 -101.53
2597 -102.002
2598 -102.4
2599 -102.756
2600 -103.093
2601 -103.464
2602 -103.835
2603 -104.256
2604 -104.614
2605 -104.883
2606 -105.103
2607 -105.318
2608 -105.484
2609 -105.623
2610 -105.788
2611 -105.988
2612 -106.237
2613 -106.424
2614 -106.532
2615 -106.618
2616 -106.759
2617 -106.906
2618 -106.975
2619 -106.941
2620 -106.888
2621 -106.893
2622 -107.054
2623 -107.242
2624 -107.408
2625 -107.494
2626 -107.546
2627 -107.597
2628 -107.67
2629 -107.761
2630 -107.833
2631 -107.909
2632 -108.016
2633 -108.103
2634 -108.109
2635 -108.071
2636 -108.036
2637 -108.088
2638 -108.203
2639 -108.325
2640 -108.384
2641 -108.42
2642 -108.439
2643 -108.436
2644 -108.414
2645 -108.388
2646 -108.393
2647 -108.444
2648 -108.51
2649 -108.539
2650 -108.547
2651 -108.584
2652 -108.626
2653 -108.663
2654 -108.678
2655 -108.645
2656 -108.64
2657 -108.657
2658 -108.693
2659 -108.702
2660 -108.698
2661 -108.71
2662 -108.705
2663 -108.719
2664 -108.68
2665 -108.673
2666 -108.66
2667 -108.678
2668 -108.67
2669 -108.623
2670 -108.564
2671 -108.397
2672 -107.605
2673 -107.244
2674 -107.287
2675 -107.28
2676 -106.96
2677 -106.274
2678 -105.337
2679 -104.438
2680 -103.784
2681 -103.415
2682 -103.154
2683 -102.83
2684 -102.32
2685 -101.66
2686 -100.925
2687 -100.204
2688 -99.5682
2689 -98.9695
2690 -98.4578
2691 -97.9428
2692 -97.3817
2693 -96.7622
2694 -96.0843
2695 -95.463
2696 -94.8693
2697 -94.2371
2698 -93.5851
2699 -92.9153
2700 -92.3309
2701 -91.7348
2702 -91.1124
2703 -90.5176
2704 -89.8465
2705 -89.2288
2706 -88.5751
2707 -88.017
2708 -87.6347
2709 -87.4716
2710 -87.45
2711 -87.5856
2712 -87.6642
2713 -87.6649
2714 -87.6488
2715 -87.6301
2716 -87.6839
2717 -87.8783
2718 -88.1537
2719 -88.5102
2720 -89.0149
2721 -89.4541
2722 -89.9071
2723 -90.4716
2724 -91.1694
2725 -91.8503
2726 -92.3879
2727 -92.7907
2728 -93.194
2729 -93.7664
2730 -94.4573
2731 -95.17
2732 -95.6961
2733 -96.1379
2734 -96.6317
2735 -97.1074
2736 -97.5352
2737 -97.8259
2738 -98.0397
2739 -98.3324
2740 -98.6227
2741 -99.0156
2742 -99.3349
2743 -99.571
2744 -99.5565
2745 -99.5733
2746 -99.498
2747 -99.5401
2748 -99.7715
2749 -100.118
2750 -100.505
2751 -100.965
2752 -101.286
2753 -101.476
2754 -101.369
2755 -101.121
2756 -100.694
2757 -100.256
2758 -99.8871
2759 -99.7168
2760 -99.6243
2761 -99.4876
2762 -99.4496
2763 -99.374
2764 -99.2799
2765 -99.1386
2766 -99.1171
2767 -99.1122
2768 -99.3077
2769 -99.7352
2770 -100.309
2771 -100.809
2772 -101.175
2773 -101.406
2774 -101.582
2775 -101.755
2776 -101.955
2777 -102.086
2778 -102.069
2779 -102.001
2780 -101.873
2781 -101.703
2782 -101.473
2783 -101.467
2784 -101.705
2785 -102.068
2786 -102.212
2787 -102.181
2788 -101.896
2789 -101.611
2790 -101.382
2791 -101.459
2792 -101.798
2793 -102.254
2794 -102.715
2795 -103.014
2796 -103.057
2797 -102.84
2798 -102.361
2799 -101.723
2800 -101.235
2801 -100.894
2802 -100.685
2803 -100.421
2804 -100.28
2805 -100.19
2806 -100.018
2807 -99.8439
2808 -99.7523
2809 -99.6399
2810 -99.6714
2811 -99.979
2812 -100.345
2813 -100.787
2814 -101.218
2815 -101.575
2816 -101.807
2817 -102.025
2818 -102.236
2819 -102.295
2820 -102.182
2821 -102.007
2822 -101.847
2823 -101.675
2824 -101.473
2825 -101.446
2826 -101.617
2827 -101.902
2828 -102.064
2829 -102.09
2830 -101.92
2831 -101.622
2832 -101.441
2833 -101.452
2834 -101.6
2835 -101.977
2836 -102.293
2837 -102.562
2838 -102.72
2839 -102.621
2840 -102.198
2841 -101.533
2842 -100.938
2843 -100.581
2844 -100.294
2845 -100.068
2846 -100.027
2847 -100.06
2848 -100.062
2849 -99.8473
2850 -99.6344
2851 -99.4356
2852 -99.4362
2853 -99.7935
2854 -100.286
2855 -100.77
2856 -101.119
2857 -101.328
2858 -101.524
2859 -101.673
2860 -101.914
2861 -102.114
2862 -102.113
2863 -101.992
2864 -101.84
2865 -101.681
2866 -101.442
2867 -101.33
2868 -101.546
2869 -101.87
2870 -102.055
2871 -102.062
2872 -101.921
2873 -101.614
2874 -101.362
2875 -101.35
2876 -101.551
2877 -101.91
2878 -102.258
2879 -102.525
2880 -102.646
2881 -102.56
2882 -102.224
2883 -101.548
2884 -100.853
2885 -100.366
2886 -100.086
2887 -99.9378
2888 -99.8461
2889 -99.9214
2890 -99.9369
2891 -99.7858
2892 -99.5794
2893 -99.3572
2894 -99.3445
2895 -99.6348
2896 -100.154
2897 -100.587
2898 -100.923
2899 -101.214
2900 -101.435
2901 -101.533
2902 -101.661
2903 -101.74
2904 -101.705
2905 -101.544
2906 -101.476
2907 -101.299
2908 -101.02
2909 -100.886
2910 -101.007
2911 -101.423
2912 -101.678
2913 -101.728
2914 -101.549
2915 -101.233
2916 -100.976
2917 -100.852
2918 -100.986
2919 -101.288
2920 -101.673
2921 -101.924
2922 -102.035
2923 -101.905
2924 -101.589
2925 -101.086
2926 -100.502
2927 -100.025
2928 -99.7033
2929 -99.4863
2930 -99.4439
2931 -99.5694
2932 -99.5338
2933 -99.3694
2934 -99.1976
2935 -98.9289
2936 -98.7943
2937 -99.0486
2938 -99.5515
2939 -100.113
2940 -100.461
2941 -100.737
2942 -100.973
2943 -101.131
2944 -101.225
2945 -101.322
2946 -101.284
2947 -101.234
2948 -101.179
2949 -101.015
2950 -100.733
2951 -100.509
2952 -100.581
2953 -100.966
2954 -101.233
2955 -101.259
2956 -101.084
2957 -100.769
2958 -100.6
2959 -100.69
2960 -100.765
2961 -100.777
2962 -100.833
2963 -100.932
2964 -101.094
2965 -101.117
2966 -100.893
2967 -100.467
2968 -99.9445
2969 -99.5361
2970 -99.2708
2971 -99.0059
2972 -98.86
2973 -98.8986
2974 -99.0577
2975 -99.0989
2976 -98.9695
2977 -98.6133
2978 -98.3691
2979 -98.3815
2980 -98.7273
2981 -99.1789
2982 -99.536
2983 -99.8228
2984 -100.002
2985 -100.23
2986 -100.433
2987 -100.503
2988 -100.485
2989 -100.331
2990 -100.26
2991 -100.189
2992 -100.066
2993 -99.968
2994 -100.146
2995 -100.455
2996 -100.637
2997 -100.66
2998 -100.526
2999 -100.14
3000 -99.7059
3001 -99.5637
3002 -99.6517
3003 -100.033
3004 -100.421
3005 -100.683
3006 -100.857
3007 -100.886
3008 -100.625
3009 -100.025
3010 -99.3452
3011 -98.8126
3012 -98.4792
3013 -98.3427
3014 -98.2636
3015 -98.24
3016 -98.2155
3017 -98.0765
3018 -97.7895
3019 -97.5089
3020 -97.3947
3021 -97.5355
3022 -98.0415
3023 -98.6902
3024 -98.9995
3025 -99.1972
3026 -99.4046
3027 -99.6042
3028 -99.6919
3029 -99.8214
3030 -99.8796
3031 -99.8243
3032 -99.719
3033 -99.5944
3034 -99.3584
3035 -99.15
3036 -99.1901
3037 -99.4596
3038 -99.7293
3039 -99.8949
3040 -99.8241
3041 -99.468
3042 -99.1037
3043 -98.9955
3044 -99.0781
3045 -99.2943
3046 -99.5937
3047 -99.8829
3048 -100.051
3049 -100.037
3050 -99.7878
3051 -99.2979
3052 -98.6316
3053 -98.0583
3054 -97.7962
3055 -97.691
3056 -97.62
3057 -97.6403
3058 -97.5761
3059 -97.4643
3060 -97.2904
3061 -97.0404
3062 -96.7886
3063 -96.8166
3064 -97.2496
3065 -97.8577
3066 -98.2705
3067 -98.5669
3068 -98.6705
3069 -98.7967
3070 -98.9248
3071 -99.0916
3072 -99.1311
3073 -99.0406
3074 -99.0348
3075 -99.0003
3076 -98.7998
3077 -98.5582
3078 -98.4884
3079 -98.7145
3080 -99.012
3081 -99.1688
3082 -99.1059
3083 -98.7411
3084 -98.5008
3085 -98.5744
3086 -98.7091
3087 -98.8023
3088 -98.9178
3089 -98.9732
3090 -99.1027
3091 -99.1494
3092 -99.0247
3093 -98.7292
3094 -98.3782
3095 -98.0958
3096 -98.002
3097 -98.02
3098 -98.0959
3099 -98.4148
3100 -98.8619
3101 -99.3363
3102 -99.6666
3103 -99.8353
3104 -99.9451
3105 -100.222
3106 -100.851
3107 -101.733
3108 -102.536
3109 -103.22
3110 -103.871
3111 -104.654
3112 -105.363
3113 -106.065
3114 -106.629
3115 -107.102
3116 -107.501
3117 -107.807
3118 -108.101
3119 -108.466
3120 -109.12
3121 -109.883
3122 -110.674
3123 -111.4
3124 -112.114
3125 -112.735
3126 -113.131
3127 -113.191
3128 -113.042
3129 -112.713
3130 -112.368
3131 -112.152
3132 -112.247
3133 -112.529
3134 -112.794
3135 -112.819
3136 -112.547
3137 -112.224
3138 -111.859
3139 -111.584
3140 -111.344
3141 -111.273
3142 -111.24
3143 -111.119
3144 -110.77
3145 -110.291
3146 -109.71
3147 -109.2
3148 -108.81
3149 -108.58
3150 -108.375
3151 -108.031
3152 -107.521
3153 -106.942
3154 -106.422
3155 -105.971
3156 -105.549
3157 -105.179
3158 -104.889
3159 -104.593
3160 -104.246
3161 -103.84
3162 -103.451
3163 -103.186
3164 -102.976
3165 -102.781
3166 -102.605
3167 -102.495
3168 -102.424
3169 -102.328
3170 -102.196
3171 -102.03
3172 -101.86
3173 -101.643
3174 -101.458
3175 -101.372
3176 -101.377
3177 -101.42
3178 -101.391
3179 -101.215
3180 -101.067
3181 -100.929
3182 -100.829
3183 -100.737
3184 -100.689
3185 -100.689
3186 -100.704
3187 -100.678
3188 -100.603
3189 -100.504
3190 -100.428
3191 -100.395
3192 -100.38
3193 -100.366
3194 -100.328
3195 -100.296
3196 -100.267
3197 -100.249
3198 -100.24
3199 -100.231
3200 -100.193
3201 -100.149
3202 -100.104
3203 -100.061
3204 -100.009
3205 -99.9806
3206 -99.97
3207 -99.9732
3208 -99.9651
3209 -99.9449
3210 -99.92
3211 -99.9402
3212 -99.9589
3213 -99.9613
3214 -99.924
3215 -99.9028
3216 -99.8885
3217 -99.8743
3218 -99.85
3219 -99.8627
3220 -99.9055
3221 -99.95
3222 -99.943
3223 -99.9475
3224 -99.93
3225 -99.93
3226 -99.9019
3227 -99.8817
3228 -99.8951
3229 -99.9168
3230 -99.92
3231 -99.92
3232 -99.9009
3233 -99.8862
3234 -99.88
3235 -99.8846
3236 -99.9066
3237 -99.91
3238 -99.8998
3239 -99.8807
3240 -99.85
3241 -99.85
3242 -99.85
3243 -99.85
3244 -99.8512
3245 -99.8846
3246 -99.9
3247 -99.8934
3248 -99.8924
3249 -99.8981
3250 -99.9023
3251 -99.9204
3252 -99.9346
3253 -99.9222
3254 -99.9163
3255 -99.9152
3256 -99.9083
3257 -99.9
3258 -99.8903
3259 -99.9188
3260 -99.9473
3261 -99.9471
3262 -99.9257
3263 -99.9114
3264 -99.92
3265 -99.9101
3266 -99.92
3267 -99.9116
3268 -99.9354
3269 -99.9709
3270 -99.99
3271 -99.9845
3272 -99.9703
3273 -99.98
3274 -99.9635
3275 -99.9575
3276 -99.9567
3277 -99.961
3278 -99.97
3279 -99.9795
3280 -99.98
3281 -99.964
3282 -99.9523
3283 -99.96
3284 -99.9708
3285 -99.98
3286 -99.98
3287 -99.97
3288 -99.97
3289 -99.968
3290 -99.9663
3291 -99.9695
3292 -99.9696
3293 -99.98
3294 -100.01
3295 -100.022
3296 -100.005
3297 -99.9739
3298 -100.001
3299 -100.029
3300 -100.067
3301 -100.044
3302 -100.037
3303 -100.022
3304 -100.03
3305 -100.03
3306 -100.036
3307 -100.039
3308 -100.053
3309 -100.06
3310 -100.04
3311 -100.034
3312 -100.04
3313 -100.05
3314 -100.05
3315 -100.047
3316 -100.054
3317 -100.082
3318 -100.111
3319 -100.11
3320 -100.098
3321 -100.08
3322 -100.09
3323 -100.113
3324 -100.109
3325 -100.095
3326 -100.081
3327 -100.09
3328 -100.106
3329 -100.11
3330 -100.11
3331 -100.089
3332 -100.09
3333 -100.1
3334 -100.093
3335 -100.072
3336 -100.08
3337 -100.099
3338 -100.11
3339 -100.111
3340 -100.091
3341 -100.103
3342 -100.133
3343 -100.152
3344 -100.148
3345 -100.12
3346 -100.119
3347 -100.156
3348 -100.17
3349 -100.155
3350 -100.14
3351 -100.14
3352 -100.14
3353 -100.16
3354 -100.151
3355 -100.15
3356 -100.164
3357 -100.17
3358 -100.164
3359 -100.16
3360 -100.144
3361 -100.158
3362 -100.163
3363 -100.177
3364 -100.172
3365 -100.195
3366 -100.21
3367 -100.206
3368 -100.184
3369 -100.17
3370 -100.177
3371 -100.192
3372 -100.205
3373 -100.209
3374 -100.19
3375 -100.19
3376 -100.192
3377 -100.213
3378 -100.22
3379 -100.215
3380 -100.219
3381 -100.213
3382 -100.197
3383 -100.206
3384 -100.19
3385 -100.201
3386 -100.225
3387 -100.239
3388 -100.22
3389 -100.22
3390 -100.232
3391 -100.246
3392 -100.26
3393 -100.251
3394 -100.249
3395 -100.253
3396 -100.26
3397 -100.257
3398 -100.234
3399 -100.21
