0 -112.78
1 -112.735
2 -112.73
3 -112.754
4 -112.769
5 -112.746
6 -112.731
7 -112.734
8 -112.74
9 -112.75
10 -112.75
11 -112.734
12 -112.728
13 -112.733
14 -112.763
15 -112.795
16 -112.817
17 -112.818
18 -112.81
19 -112.79
20 -112.783
21 -112.777
22 -112.76
23 -112.759
24 -112.773
25 -112.781
26 -112.817
27 -113.23
28 -113.832
29 -113.93
30 -113.925
31 -114.027
32 -114.485
33 -115.119
34 -115.76
35 -116.287
36 -116.685
37 -117.082
38 -117.531
39 -118.072
40 -118.696
41 -119.409
42 -120.065
43 -120.686
44 -121.198
45 -121.672
46 -122.232
47 -122.959
48 -123.736
49 -124.525
50 -125.204
51 -125.733
52 -126.218
53 -126.757
54 -127.328
55 -127.917
56 -128.547
57 -129.275
58 -130.011
59 -130.654
60 -131.122
61 -131.324
62 -131.493
63 -131.622
64 -131.935
65 -132.371
66 -132.757
67 -133.105
68 -133.256
69 -133.143
70 -132.889
71 -132.588
72 -132.412
73 -132.281
74 -132.162
75 -131.944
76 -131.692
77 -131.49
78 -131.149
79 -130.601
80 -129.85
81 -129.23
82 -128.815
83 -128.427
84 -127.953
85 -127.469
86 -126.993
87 -126.539
88 -126.133
89 -125.769
90 -125.385
91 -124.912
92 -124.415
93 -123.934
94 -123.384
95 -122.929
96 -122.654
97 -122.467
98 -122.362
99 -122.204
100 -121.971
101 -121.622
102 -121.086
103 -120.694
104 -120.256
105 -120.021
106 -120.024
107 -120.441
108 -121.088
109 -121.608
110 -121.872
111 -121.855
112 -121.608
113 -121.422
114 -121.445
115 -121.653
116 -121.79
117 -121.988
118 -122.215
119 -122.43
120 -122.537
121 -122.471
122 -122.322
123 -122.11
124 -121.891
125 -121.623
126 -121.289
127 -120.991
128 -120.91
129 -121.042
130 -121.161
131 -121.354
132 -121.46
133 -121.307
134 -120.904
135 -120.417
136 -119.952
137 -119.606
138 -119.589
139 -119.758
140 -119.993
141 -120.032
142 -119.869
143 -119.596
144 -119.411
145 -119.139
146 -118.763
147 -118.64
148 -119.06
149 -119.748
150 -120.385
151 -121.03
152 -121.262
153 -121.103
154 -120.976
155 -120.958
156 -120.954
157 -121.02
158 -121.238
159 -121.497
160 -121.66
161 -121.742
162 -121.625
163 -121.57
164 -121.563
165 -121.424
166 -121.013
167 -120.592
168 -120.313
169 -120.301
170 -120.506
171 -120.806
172 -121.12
173 -121.104
174 -120.998
175 -120.49
176 -119.882
177 -119.424
178 -119.236
179 -119.311
180 -119.527
181 -119.711
182 -119.708
183 -119.574
184 -119.303
185 -118.964
186 -118.632
187 -118.353
188 -118.463
189 -118.974
190 -119.692
191 -120.344
192 -120.899
193 -121.119
194 -121.114
195 -120.988
196 -120.851
197 -120.84
198 -121.015
199 -121.36
200 -121.7
201 -121.901
202 -121.92
203 -121.839
204 -121.691
205 -121.494
206 -121.291
207 -120.995
208 -120.636
209 -120.339
210 -120.392
211 -120.616
212 -120.957
213 -121.147
214 -120.948
215 -120.566
216 -120.051
217 -119.578
218 -119.288
219 -119.331
220 -119.47
221 -119.657
222 -119.752
223 -119.687
224 -119.456
225 -119.207
226 -118.858
227 -118.561
228 -118.49
229 -118.766
230 -119.397
231 -120.02
232 -120.682
233 -121.053
234 -121.111
235 -120.947
236 -120.826
237 -120.841
238 -120.942
239 -121.177
240 -121.456
241 -121.725
242 -121.787
243 -121.728
244 -121.664
245 -121.632
246 -121.445
247 -121.098
248 -120.638
249 -120.379
250 -120.356
251 -120.564
252 -120.859
253 -121.1
254 -121.05
255 -120.714
256 -120.326
257 -119.895
258 -119.466
259 -119.29
260 -119.337
261 -119.551
262 -119.699
263 -119.692
264 -119.496
265 -119.232
266 -118.919
267 -118.572
268 -118.348
269 -118.495
270 -119.018
271 -119.708
272 -120.49
273 -121.034
274 -121.17
275 -121.043
276 -120.933
277 -120.887
278 -120.942
279 -121.167
280 -121.463
281 -121.793
282 -121.987
283 -121.967
284 -121.893
285 -121.689
286 -121.424
287 -121.079
288 -120.73
289 -120.478
290 -120.35
291 -120.449
292 -120.686
293 -120.963
294 -121.088
295 -120.932
296 -120.559
297 -119.986
298 -119.49
299 -119.209
300 -119.223
301 -119.424
302 -119.668
303 -119.743
304 -119.577
305 -119.327
306 -119.075
307 -118.822
308 -118.524
309 -118.423
310 -118.646
311 -119.224
312 -120.047
313 -120.803
314 -121.211
315 -121.208
316 -120.975
317 -120.83
318 -120.846
319 -120.962
320 -121.278
321 -121.703
322 -122.051
323 -122.203
324 -122.053
325 -121.827
326 -121.612
327 -121.389
328 -121.075
329 -120.702
330 -120.481
331 -120.46
332 -120.64
333 -120.848
334 -121.017
335 -120.915
336 -120.634
337 -120.232
338 -119.746
339 -119.307
340 -119.173
341 -119.253
342 -119.47
343 -119.568
344 -119.527
345 -119.268
346 -118.971
347 -118.684
348 -118.399
349 -118.295
350 -118.397
351 -118.94
352 -119.671
353 -120.431
354 -120.971
355 -121.12
356 -121.038
357 -120.892
358 -120.874
359 -120.834
360 -120.973
361 -121.292
362 -121.655
363 -121.88
364 -121.836
365 -121.675
366 -121.487
367 -121.306
368 -121.027
369 -120.712
370 -120.455
371 -120.31
372 -120.346
373 -120.588
374 -120.896
375 -120.923
376 -120.664
377 -120.337
378 -119.907
379 -119.486
380 -119.228
381 -119.199
382 -119.311
383 -119.48
384 -119.556
385 -119.454
386 -119.247
387 -118.994
388 -118.732
389 -118.497
390 -118.427
391 -118.682
392 -119.337
393 -120.19
394 -120.92
395 -121.233
396 -121.197
397 -121.01
398 -120.888
399 -120.931
400 -121.09
401 -121.266
402 -121.494
403 -121.735
404 -121.859
405 -121.808
406 -121.609
407 -121.446
408 -121.135
409 -120.701
410 -120.305
411 -120.137
412 -120.098
413 -120.325
414 -120.576
415 -120.753
416 -120.639
417 -120.303
418 -119.846
419 -119.419
420 -119.008
421 -118.82
422 -118.894
423 -119.171
424 -119.364
425 -119.411
426 -119.223
427 -118.906
428 -118.435
429 -118.074
430 -117.956
431 -118.181
432 -118.779
433 -119.461
434 -120.076
435 -120.46
436 -120.391
437 -120.036
438 -119.639
439 -119.387
440 -119.25
441 -119.125
442 -119.184
443 -119.211
444 -119.053
445 -118.743
446 -118.181
447 -117.519
448 -116.884
449 -116.229
450 -115.372
451 -114.593
452 -114.006
453 -113.611
454 -113.299
455 -112.98
456 -112.514
457 -112.038
458 -111.308
459 -110.296
460 -109.19
461 -108.174
462 -107.313
463 -106.562
464 -106.077
465 -105.801
466 -105.602
467 -105.374
468 -105.041
469 -104.699
470 -104.45
471 -104.262
472 -104.238
473 -104.154
474 -104.073
475 -104.178
476 -104.514
477 -104.868
478 -105.188
479 -105.338
480 -105.472
481 -105.512
482 -105.675
483 -105.924
484 -106.408
485 -106.973
486 -107.536
487 -108.002
488 -108.396
489 -108.797
490 -109.294
491 -109.819
492 -110.34
493 -110.774
494 -111.105
495 -111.347
496 -111.598
497 -111.899
498 -112.226
499 -112.559
500 -112.853
501 -113.073
502 -113.253
503 -113.473
504 -113.749
505 -113.983
506 -114.152
507 -114.307
508 -114.416
509 -114.579
510 -114.738
511 -114.863
512 -114.973
513 -115.07
514 -115.105
515 -115.048
516 -114.999
517 -115.002
518 -115.088
519 -115.242
520 -115.384
521 -115.503
522 -115.631
523 -115.735
524 -115.819
525 -115.859
526 -115.908
527 -115.954
528 -115.987
529 -116.01
530 -116.01
531 -116.044
532 -116.075
533 -116.123
534 -116.207
535 -116.269
536 -116.305
537 -116.325
538 -116.355
539 -116.401
540 -116.468
541 -116.516
542 -116.54
543 -116.508
544 -116.506
545 -116.515
546 -116.58
547 -116.633
548 -116.649
549 -116.629
550 -116.599
551 -116.561
552 -116.585
553 -116.619
554 -116.64
555 -116.649
556 -116.641
557 -116.63
558 -116.602
559 -116.608
560 -116.616
561 -116.61
562 -116.567
563 -116.175
564 -115.413
565 -115.308
566 -115.342
567 -115.187
568 -114.622
569 -113.742
570 -112.855
571 -112.174
572 -111.734
573 -111.387
574 -111.001
575 -110.485
576 -109.825
577 -109.065
578 -108.326
579 -107.655
580 -107.073
581 -106.5
582 -105.956
583 -105.38
584 -104.733
585 -104.019
586 -103.319
587 -102.633
588 -101.901
589 -101.149
590 -100.45
591 -99.8287
592 -99.2437
593 -98.7001
594 -98.126
595 -97.498
596 -96.7566
597 -96.0167
598 -95.4964
599 -95.1214
600 -94.9394
601 -95.0503
602 -95.3325
603 -95.6073
604 -95.6116
605 -95.4925
606 -95.2416
607 -95.2427
608 -95.695
609 -96.3065
610 -96.8004
611 -97.2059
612 -97.6488
613 -98.3998
614 -99.2206
615 -99.9219
616 -100.373
617 -100.942
618 -101.634
619 -102.275
620 -102.932
621 -103.464
622 -104.023
623 -104.519
624 -104.94
625 -105.288
626 -105.623
627 -105.919
628 -106.292
629 -106.685
630 -107.037
631 -107.207
632 -107.336
633 -107.368
634 -107.3
635 -107.206
636 -107.248
637 -107.546
638 -107.966
639 -108.406
640 -108.796
641 -109.101
642 -109.284
643 -109.327
644 -109.096
645 -108.504
646 -107.905
647 -107.549
648 -107.237
649 -106.93
650 -106.797
651 -106.666
652 -106.365
653 -106.258
654 -106.414
655 -106.534
656 -106.849
657 -107.31
658 -107.953
659 -108.488
660 -109.024
661 -109.447
662 -109.819
663 -110.047
664 -110.137
665 -110.053
666 -109.892
667 -109.676
668 -109.399
669 -109.28
670 -109.386
671 -109.564
672 -109.785
673 -109.925
674 -109.932
675 -109.805
676 -109.562
677 -109.37
678 -109.303
679 -109.557
680 -109.973
681 -110.38
682 -110.737
683 -110.915
684 -110.822
685 -110.468
686 -109.865
687 -109.152
688 -108.591
689 -108.157
690 -107.731
691 -107.433
692 -107.201
693 -106.93
694 -106.877
695 -107.075
696 -107.304
697 -107.626
698 -108.066
699 -108.594
700 -109.142
701 -109.672
702 -110.109
703 -110.392
704 -110.488
705 -110.407
706 -110.172
707 -109.887
708 -109.666
709 -109.534
710 -109.489
711 -109.602
712 -109.884
713 -110.139
714 -110.156
715 -110.084
716 -109.952
717 -109.653
718 -109.465
719 -109.463
720 -109.772
721 -110.254
722 -110.739
723 -110.979
724 -110.965
725 -110.762
726 -110.178
727 -109.446
728 -108.821
729 -108.306
730 -107.832
731 -107.597
732 -107.406
733 -107.163
734 -106.926
735 -106.996
736 -107.16
737 -107.513
738 -108.047
739 -108.527
740 -108.99
741 -109.457
742 -109.887
743 -110.244
744 -110.514
745 -110.563
746 -110.434
747 -110.171
748 -109.897
749 -109.679
750 -109.567
751 -109.597
752 -109.813
753 -110.112
754 -110.23
755 -110.174
756 -109.972
757 -109.632
758 -109.281
759 -109.19
760 -109.337
761 -109.763
762 -110.291
763 -110.846
764 -111.095
765 -111.027
766 -110.542
767 -109.773
768 -108.992
769 -108.453
770 -108.061
771 -107.744
772 -107.526
773 -107.231
774 -106.928
775 -106.785
776 -106.95
777 -107.234
778 -107.711
779 -108.197
780 -108.744
781 -109.169
782 -109.599
783 -109.944
784 -110.171
785 -110.309
786 -110.253
787 -110.171
788 -109.866
789 -109.687
790 -109.399
791 -109.283
792 -109.349
793 -109.654
794 -109.99
795 -110.095
796 -110.07
797 -109.867
798 -109.527
799 -109.358
800 -109.375
801 -109.661
802 -110.193
803 -110.688
804 -110.968
805 -110.921
806 -110.653
807 -110.031
808 -109.321
809 -108.721
810 -108.248
811 -107.915
812 -107.656
813 -107.424
814 -107.172
815 -107.046
816 -107.049
817 -107.211
818 -107.474
819 -107.993
820 -108.5
821 -108.91
822 -109.319
823 -109.74
824 -110.096
825 -110.326
826 -110.394
827 -110.219
828 -109.93
829 -109.65
830 -109.443
831 -109.242
832 -109.237
833 -109.461
834 -109.825
835 -109.939
836 -109.863
837 -109.652
838 -109.417
839 -109.398
840 -109.591
841 -109.773
842 -109.921
843 -110.01
844 -110.202
845 -110.347
846 -110.328
847 -110.047
848 -109.54
849 -108.896
850 -108.357
851 -107.891
852 -107.516
853 -107.442
854 -107.332
855 -107.196
856 -107.101
857 -107.13
858 -107.268
859 -107.675
860 -108.165
861 -108.606
862 -109.078
863 -109.469
864 -109.88
865 -110.005
866 -110.061
867 -109.928
868 -109.804
869 -109.667
870 -109.554
871 -109.294
872 -109.171
873 -109.355
874 -109.623
875 -109.844
876 -109.841
877 -109.769
878 -109.538
879 -109.264
880 -109.22
881 -109.287
882 -109.525
883 -110.003
884 -110.429
885 -110.691
886 -110.645
887 -110.209
888 -109.709
889 -109.068
890 -108.473
891 -107.997
892 -107.599
893 -107.413
894 -107.214
895 -107.077
896 -106.848
897 -106.899
898 -107.01
899 -107.369
900 -107.94
901 -108.468
902 -108.894
903 -109.202
904 -109.573
905 -109.847
906 -110.054
907 -110.126
908 -110.028
909 -109.82
910 -109.509
911 -109.23
912 -108.991
913 -108.962
914 -109.191
915 -109.56
916 -109.732
917 -109.718
918 -109.592
919 -109.316
920 -109.088
921 -109.069
922 -109.229
923 -109.629
924 -110.108
925 -110.492
926 -110.646
927 -110.486
928 -109.986
929 -109.244
930 -108.533
931 -108.057
932 -107.689
933 -107.466
934 -107.336
935 -107.183
936 -106.954
937 -106.904
938 -106.987
939 -107.128
940 -107.556
941 -108.058
942 -108.586
943 -108.998
944 -109.338
945 -109.618
946 -109.79
947 -109.864
948 -109.785
949 -109.692
950 -109.535
951 -109.369
952 -109.138
953 -108.964
954 -109.105
955 -109.529
956 -109.859
957 -109.948
958 -109.803
959 -109.541
960 -109.208
961 -109.082
962 -109.168
963 -109.388
964 -109.827
965 -110.269
966 -110.501
967 -110.469
968 -110.141
969 -109.637
970 -109.219
971 -109.001
972 -108.893
973 -108.828
974 -109.031
975 -109.202
976 -109.316
977 -109.503
978 -109.855
979 -110.39
980 -111.049
981 -111.942
982 -112.87
983 -113.824
984 -114.666
985 -115.491
986 -116.233
987 -116.855
988 -117.448
989 -117.889
990 -118.28
991 -118.543
992 -118.79
993 -119.112
994 -119.48
995 -120.181
996 -121.049
997 -122.014
998 -122.912
999 -123.647
1000 -124.032
1001 -123.982
1002 -123.797
1003 -123.553
1004 -123.543
1005 -123.725
1006 -123.942
1007 -123.993
1008 -123.78
1009 -123.508
1010 -123.201
1011 -122.966
1012 -122.805
1013 -122.676
1014 -122.587
1015 -122.404
1016 -122.117
1017 -121.741
1018 -121.454
1019 -121.148
1020 -120.813
1021 -120.467
1022 -119.979
1023 -119.567
1024 -119.144
1025 -118.76
1026 -118.29
1027 -117.694
1028 -117.136
1029 -116.627
1030 -116.294
1031 -116.042
1032 -115.807
1033 -115.526
1034 -115.255
1035 -115.003
1036 -114.778
1037 -114.598
1038 -114.406
1039 -114.252
1040 -114.108
1041 -113.936
1042 -113.793
1043 -113.619
1044 -113.468
1045 -113.364
1046 -113.26
1047 -113.207
1048 -113.112
1049 -112.994
1050 -112.82
1051 -112.673
1052 -112.575
1053 -112.536
1054 -112.53
1055 -112.543
1056 -112.48
1057 -112.353
1058 -112.183
1059 -112.035
1060 -111.962
1061 -111.945
1062 -111.996
1063 -112.07
1064 -112.124
1065 -112.137
1066 -112.087
1067 -111.99
1068 -111.905
1069 -111.828
1070 -111.804
1071 -111.801
1072 -111.821
1073 -111.861
1074 -111.885
1075 -111.87
1076 -111.856
1077 -111.773
1078 -111.708
1079 -111.689
1080 -111.692
1081 -111.71
1082 -111.682
1083 -111.644
1084 -111.607
1085 -111.592
1086 -111.583
1087 -111.582
1088 -111.592
1089 -111.57
1090 -111.57
1091 -111.584
1092 -111.594
1093 -111.624
1094 -111.632
1095 -111.64
1096 -111.668
1097 -112.011
1098 -112.808
1099 -112.935
1100 -112.839
1101 -112.924
1102 -113.42
1103 -114.341
1104 -115.319
1105 -116.083
1106 -116.56
1107 -116.827
1108 -117.077
1109 -117.5
1110 -118.058
1111 -118.789
1112 -119.522
1113 -120.147
1114 -120.622
1115 -121.02
1116 -121.521
1117 -122.185
1118 -122.934
1119 -123.686
1120 -124.383
1121 -125.009
1122 -125.728
1123 -126.478
1124 -127.241
1125 -128.006
1126 -128.693
1127 -129.37
1128 -130.064
1129 -130.703
1130 -131.343
1131 -131.757
1132 -132.017
1133 -132.09
1134 -132.017
1135 -131.873
1136 -131.832
1137 -131.897
1138 -132.008
1139 -132.056
1140 -131.903
1141 -131.612
1142 -131.177
1143 -130.793
1144 -130.515
1145 -130.373
1146 -130.163
1147 -129.805
1148 -129.256
1149 -128.685
1150 -128.182
1151 -127.753
1152 -127.309
1153 -126.79
1154 -126.289
1155 -125.771
1156 -125.29
1157 -124.78
1158 -124.301
1159 -123.693
1160 -123.138
1161 -122.66
1162 -122.16
1163 -121.674
1164 -121.376
1165 -121.289
1166 -121.185
1167 -121.159
1168 -120.956
1169 -120.6
1170 -120.237
1171 -119.827
1172 -119.421
1173 -118.936
1174 -118.8
1175 -118.95
1176 -119.373
1177 -119.937
1178 -120.525
1179 -120.878
1180 -120.827
1181 -120.673
1182 -120.583
1183 -120.74
1184 -120.837
1185 -120.935
1186 -121.148
1187 -121.274
1188 -121.352
1189 -121.327
1190 -121.178
1191 -120.93
1192 -120.648
1193 -120.337
1194 -119.956
1195 -119.671
1196 -119.616
1197 -119.691
1198 -119.956
1199 -120.201
1200 -120.141
1201 -119.836
1202 -119.44
1203 -118.973
1204 -118.54
1205 -118.307
1206 -118.337
1207 -118.493
1208 -118.673
1209 -118.706
1210 -118.617
1211 -118.385
1212 -118.112
1213 -117.809
1214 -117.537
1215 -117.401
1216 -117.659
1217 -118.148
1218 -118.845
1219 -119.433
1220 -119.83
1221 -119.96
1222 -119.931
1223 -119.92
1224 -119.855
1225 -119.808
1226 -119.892
1227 -120.189
1228 -120.523
1229 -120.603
1230 -120.553
1231 -120.441
1232 -120.408
1233 -120.226
1234 -119.908
1235 -119.502
1236 -119.188
1237 -119.136
1238 -119.388
1239 -119.702
1240 -119.922
1241 -119.94
1242 -119.645
1243 -119.213
1244 -118.67
1245 -118.186
1246 -117.988
1247 -118.125
1248 -118.308
1249 -118.53
1250 -118.541
1251 -118.365
1252 -118.123
1253 -117.871
1254 -117.599
1255 -117.286
1256 -117.281
1257 -117.596
1258 -118.274
1259 -119.037
1260 -119.737
1261 -120.026
1262 -120.016
1263 -119.823
1264 -119.698
1265 -119.69
1266 -119.822
1267 -120.065
1268 -120.37
1269 -120.576
1270 -120.649
1271 -120.609
1272 -120.508
1273 -120.28
1274 -119.982
1275 -119.615
1276 -119.315
1277 -119.2
1278 -119.221
1279 -119.433
1280 -119.705
1281 -119.896
1282 -119.781
1283 -119.274
1284 -118.661
1285 -118.226
1286 -117.939
1287 -118.054
1288 -118.275
1289 -118.393
1290 -118.512
1291 -118.414
1292 -118.183
1293 -117.863
1294 -117.611
1295 -117.409
1296 -117.365
1297 -117.581
1298 -118.2
1299 -118.814
1300 -119.504
1301 -119.956
1302 -120.049
1303 -119.964
1304 -119.834
1305 -119.827
1306 -119.791
1307 -120.001
1308 -120.332
1309 -120.703
1310 -120.872
1311 -120.873
1312 -120.677
1313 -120.464
1314 -120.309
1315 -120.095
1316 -119.783
1317 -119.498
1318 -119.436
1319 -119.522
1320 -119.745
1321 -119.902
1322 -119.88
1323 -119.621
1324 -119.141
1325 -118.655
1326 -118.217
1327 -118.117
1328 -118.183
1329 -118.414
1330 -118.554
1331 -118.623
1332 -118.432
1333 -118.23
1334 -118.044
1335 -117.785
1336 -117.59
1337 -117.613
1338 -117.982
1339 -118.617
1340 -119.321
1341 -119.837
1342 -120.112
1343 -120.106
1344 -119.996
1345 -119.883
1346 -119.812
1347 -119.987
1348 -120.29
1349 -120.659
1350 -120.948
1351 -120.993
1352 -120.822
1353 -120.65
1354 -120.47
1355 -120.208
1356 -119.771
1357 -119.391
1358 -119.28
1359 -119.373
1360 -119.587
1361 -119.792
1362 -119.946
1363 -119.801
1364 -119.438
1365 -118.947
1366 -118.428
1367 -118.075
1368 -118.126
1369 -118.329
1370 -118.611
1371 -118.725
1372 -118.645
1373 -118.371
1374 -118.08
1375 -117.858
1376 -117.58
1377 -117.442
1378 -117.623
1379 -118.197
1380 -118.902
1381 -119.665
1382 -120.136
1383 -120.258
1384 -120.125
1385 -120.054
1386 -119.987
1387 -120.014
1388 -120.224
1389 -120.545
1390 -120.911
1391 -121.029
1392 -120.963
1393 -120.726
1394 -120.569
1395 -120.366
1396 -120.057
1397 -119.68
1398 -119.419
1399 -119.385
1400 -119.56
1401 -119.746
1402 -119.911
1403 -119.862
1404 -119.579
1405 -119.208
1406 -118.718
1407 -118.317
1408 -118.099
1409 -118.247
1410 -118.463
1411 -118.63
1412 -118.553
1413 -118.385
1414 -118.054
1415 -117.754
1416 -117.518
1417 -117.307
1418 -117.411
1419 -117.821
1420 -118.585
1421 -119.302
1422 -119.932
1423 -120.14
1424 -120.071
1425 -119.962
1426 -119.937
1427 -119.891
1428 -119.998
1429 -120.289
1430 -120.59
1431 -120.857
1432 -120.906
1433 -120.8
1434 -120.589
1435 -120.328
1436 -120.076
1437 -119.683
1438 -119.412
1439 -119.293
1440 -119.403
1441 -119.7
1442 -119.923
1443 -119.914
1444 -119.679
1445 -119.279
1446 -118.844
1447 -118.375
1448 -118.146
1449 -118.111
1450 -118.317
1451 -118.523
1452 -118.669
1453 -118.496
1454 -118.284
1455 -117.957
1456 -117.738
1457 -117.526
1458 -117.511
1459 -117.818
1460 -118.43
1461 -119.171
1462 -119.818
1463 -120.209
1464 -120.222
1465 -120.139
1466 -120.014
1467 -119.972
1468 -120.001
1469 -120.195
1470 -120.481
1471 -120.74
1472 -120.883
1473 -120.857
1474 -120.748
1475 -120.651
1476 -120.381
1477 -119.985
1478 -119.544
1479 -119.257
1480 -119.232
1481 -119.413
1482 -119.744
1483 -119.967
1484 -119.883
1485 -119.497
1486 -119.047
1487 -118.608
1488 -118.218
1489 -117.985
1490 -118.056
1491 -118.212
1492 -118.445
1493 -118.588
1494 -118.435
1495 -118.042
1496 -117.692
1497 -117.403
1498 -117.224
1499 -117.415
1500 -117.95
1501 -118.697
1502 -119.39
1503 -119.825
1504 -119.722
1505 -119.373
1506 -118.986
1507 -118.626
1508 -118.396
1509 -118.315
1510 -118.33
1511 -118.296
1512 -118.064
1513 -117.7
1514 -117.344
1515 -116.82
1516 -116.218
1517 -115.59
1518 -114.864
1519 -113.976
1520 -113.229
1521 -112.796
1522 -112.499
1523 -112.147
1524 -111.709
1525 -111.174
1526 -110.507
1527 -109.581
1528 -108.433
1529 -107.223
1530 -106.346
1531 -105.723
1532 -105.295
1533 -104.907
1534 -104.634
1535 -104.44
1536 -104.268
1537 -104.009
1538 -103.663
1539 -103.289
1540 -103.21
1541 -103.24
1542 -103.46
1543 -103.624
1544 -103.754
1545 -103.873
1546 -104.119
1547 -104.315
1548 -104.546
1549 -104.756
1550 -105.111
1551 -105.417
1552 -105.741
1553 -106.06
1554 -106.399
1555 -106.925
1556 -107.588
1557 -108.216
1558 -108.772
1559 -109.16
1560 -109.436
1561 -109.745
1562 -110.143
1563 -110.564
1564 -110.906
1565 -111.192
1566 -111.451
1567 -111.829
1568 -112.213
1569 -112.564
1570 -112.758
1571 -112.858
1572 -112.947
1573 -113.117
1574 -113.28
1575 -113.513
1576 -113.703
1577 -113.922
1578 -114.064
1579 -114.153
1580 -114.204
1581 -114.262
1582 -114.344
1583 -114.438
1584 -114.542
1585 -114.67
1586 -114.796
1587 -114.891
1588 -114.953
1589 -114.96
1590 -114.992
1591 -115.069
1592 -115.2
1593 -115.313
1594 -115.378
1595 -115.41
1596 -115.431
1597 -115.43
1598 -115.465
1599 -115.5
1600 -115.528
1601 -115.588
1602 -115.667
1603 -115.717
1604 -115.786
1605 -115.836
1606 -115.877
1607 -115.873
1608 -115.864
1609 -115.834
1610 -115.814
1611 -115.777
1612 -115.77
1613 -115.777
1614 -115.802
1615 -115.824
1616 -115.826
1617 -115.817
1618 -115.812
1619 -115.826
1620 -115.821
1621 -115.842
1622 -115.853
1623 -115.896
1624 -115.92
1625 -115.93
1626 -115.91
1627 -115.915
1628 -115.89
1629 -115.91
1630 -115.891
1631 -115.643
1632 -114.806
1633 -114.604
1634 -114.645
1635 -114.569
1636 -114.14
1637 -113.308
1638 -112.385
1639 -111.666
1640 -111.166
1641 -110.853
1642 -110.542
1643 -110.134
1644 -109.546
1645 -108.81
1646 -108.024
1647 -107.268
1648 -106.615
1649 -106.068
1650 -105.561
1651 -105.034
1652 -104.406
1653 -103.693
1654 -102.929
1655 -102.243
1656 -101.621
1657 -100.959
1658 -100.271
1659 -99.5849
1660 -98.9724
1661 -98.4032
1662 -97.8758
1663 -97.2712
1664 -96.6267
1665 -95.9319
1666 -95.3524
1667 -94.8672
1668 -94.6608
1669 -94.6442
1670 -94.8541
1671 -95.0544
1672 -95.1021
1673 -94.9976
1674 -94.9132
1675 -95.0439
1676 -95.3725
1677 -95.8639
1678 -96.29
1679 -96.6908
1680 -97.1794
1681 -97.9069
1682 -98.6446
1683 -99.335
1684 -99.9367
1685 -100.57
1686 -101.242
1687 -101.837
1688 -102.419
1689 -102.972
1690 -103.562
1691 -104.151
1692 -104.631
1693 -104.976
1694 -105.262
1695 -105.562
1696 -105.864
1697 -106.173
1698 -106.528
1699 -106.902
1700 -107.147
1701 -107.194
1702 -107.083
1703 -106.981
1704 -107.007
1705 -107.246
1706 -107.644
1707 -108.114
1708 -108.593
1709 -108.868
1710 -108.996
1711 -109.066
1712 -108.856
1713 -108.334
1714 -107.79
1715 -107.295
1716 -107.017
1717 -106.758
1718 -106.591
1719 -106.354
1720 -106.098
1721 -105.941
1722 -105.9
1723 -106.061
1724 -106.428
1725 -107.051
1726 -107.725
1727 -108.272
1728 -108.557
1729 -108.786
1730 -109.04
1731 -109.316
1732 -109.562
1733 -109.707
1734 -109.636
1735 -109.477
1736 -109.289
1737 -108.995
1738 -108.873
1739 -109.03
1740 -109.426
1741 -109.838
1742 -110.008
1743 -109.79
1744 -109.464
1745 -109.165
1746 -108.976
1747 -109.131
1748 -109.534
1749 -110.037
1750 -110.403
1751 -110.609
1752 -110.584
1753 -110.275
1754 -109.67
1755 -108.963
1756 -108.38
1757 -107.942
1758 -107.557
1759 -107.362
1760 -107.172
1761 -106.91
1762 -106.693
1763 -106.759
1764 -106.868
1765 -107.122
1766 -107.592
1767 -108.258
1768 -108.744
1769 -109.273
1770 -109.682
1771 -109.991
1772 -110.05
1773 -110.07
1774 -109.982
1775 -109.788
1776 -109.579
1777 -109.344
1778 -109.14
1779 -109.101
1780 -109.383
1781 -109.8
1782 -110.07
1783 -110.037
1784 -109.786
1785 -109.4
1786 -109.154
1787 -109.117
1788 -109.347
1789 -109.873
1790 -110.395
1791 -110.792
1792 -110.81
1793 -110.477
1794 -109.897
1795 -109.129
1796 -108.494
1797 -108.093
1798 -107.797
1799 -107.51
1800 -107.327
1801 -107.049
1802 -106.674
1803 -106.724
1804 -106.845
1805 -107.046
1806 -107.459
1807 -108.05
1808 -108.631
1809 -109.128
1810 -109.647
1811 -109.963
1812 -110.208
1813 -110.249
1814 -110.114
1815 -109.906
1816 -109.736
1817 -109.586
1818 -109.476
1819 -109.404
1820 -109.474
1821 -109.787
1822 -110.115
1823 -110.271
1824 -110.07
1825 -109.809
1826 -109.543
1827 -109.462
1828 -109.582
1829 -109.895
1830 -110.256
1831 -110.607
1832 -110.758
1833 -110.733
1834 -110.359
1835 -109.654
1836 -108.986
1837 -108.478
1838 -108.047
1839 -107.624
1840 -107.41
1841 -107.167
1842 -106.977
1843 -106.869
1844 -106.952
1845 -107.049
1846 -107.411
1847 -108.027
1848 -108.622
1849 -109.049
1850 -109.304
1851 -109.559
1852 -109.833
1853 -109.975
1854 -109.981
1855 -109.944
1856 -109.784
1857 -109.599
1858 -109.358
1859 -109.26
1860 -109.3
1861 -109.578
1862 -109.882
1863 -110.024
1864 -109.993
1865 -109.86
1866 -109.673
1867 -109.504
1868 -109.418
1869 -109.537
1870 -109.817
1871 -110.187
1872 -110.531
1873 -110.639
1874 -110.416
1875 -109.948
1876 -109.291
1877 -108.665
1878 -108.257
1879 -107.898
1880 -107.59
1881 -107.47
1882 -107.245
1883 -107.033
1884 -107.006
1885 -107.095
1886 -107.293
1887 -107.639
1888 -108.227
1889 -108.687
1890 -109.114
1891 -109.507
1892 -109.98
1893 -110.266
1894 -110.374
1895 -110.27
1896 -109.942
1897 -109.611
1898 -109.4
1899 -109.295
1900 -109.288
1901 -109.525
1902 -109.817
1903 -109.942
1904 -109.971
1905 -109.847
1906 -109.537
1907 -109.144
1908 -109.07
1909 -109.249
1910 -109.666
1911 -110.169
1912 -110.536
1913 -110.617
1914 -110.526
1915 -110.105
1916 -109.449
1917 -108.833
1918 -108.314
1919 -107.972
1920 -107.592
1921 -107.486
1922 -107.292
1923 -107.101
1924 -106.922
1925 -106.914
1926 -107.049
1927 -107.41
1928 -107.941
1929 -108.497
1930 -109.028
1931 -109.452
1932 -109.8
1933 -109.981
1934 -110.05
1935 -109.902
1936 -109.748
1937 -109.564
1938 -109.396
1939 -109.28
1940 -109.155
1941 -109.103
1942 -109.363
1943 -109.711
1944 -109.906
1945 -109.846
1946 -109.604
1947 -109.342
1948 -109.176
1949 -109.16
1950 -109.352
1951 -109.765
1952 -110.238
1953 -110.63
1954 -110.611
1955 -110.297
1956 -109.716
1957 -108.981
1958 -108.475
1959 -108.12
1960 -107.846
1961 -107.58
1962 -107.413
1963 -107.168
1964 -106.99
1965 -107.004
1966 -107.109
1967 -107.402
1968 -107.846
1969 -108.362
1970 -108.795
1971 -109.157
1972 -109.483
1973 -109.793
1974 -109.972
1975 -110.045
1976 -110.02
1977 -109.874
1978 -109.656
1979 -109.456
1980 -109.234
1981 -109.106
1982 -109.18
1983 -109.529
1984 -109.817
1985 -109.933
1986 -109.858
1987 -109.601
1988 -109.244
1989 -109.029
1990 -109.083
1991 -109.442
1992 -109.966
1993 -110.44
1994 -110.608
1995 -110.506
1996 -110.091
1997 -109.452
1998 -108.815
1999 -108.361
2000 -107.957
2001 -107.672
2002 -107.512
2003 -107.376
2004 -107.159
2005 -107.02
2006 -107.015
2007 -107.068
2008 -107.425
2009 -107.952
2010 -108.534
2011 -108.922
2012 -109.244
2013 -109.515
2014 -109.734
2015 -109.861
2016 -109.826
2017 -109.715
2018 -109.576
2019 -109.457
2020 -109.306
2021 -109.074
2022 -109.138
2023 -109.427
2024 -109.818
2025 -110.025
2026 -110.013
2027 -109.707
2028 -109.307
2029 -109.151
2030 -109.148
2031 -109.357
2032 -109.679
2033 -110.118
2034 -110.488
2035 -110.581
2036 -110.387
2037 -109.924
2038 -109.481
2039 -109.131
2040 -108.953
2041 -108.911
2042 -109.024
2043 -109.377
2044 -109.539
2045 -109.696
2046 -109.914
2047 -110.331
2048 -110.896
2049 -111.718
2050 -112.681
2051 -113.598
2052 -114.454
2053 -115.261
2054 -116.025
2055 -116.653
2056 -117.276
2057 -117.843
2058 -118.283
2059 -118.59
2060 -118.778
2061 -119.006
2062 -119.378
2063 -119.957
2064 -120.746
2065 -121.722
2066 -122.618
2067 -123.42
2068 -123.835
2069 -123.93
2070 -123.833
2071 -123.719
2072 -123.586
2073 -123.438
2074 -123.363
2075 -123.433
2076 -123.614
2077 -123.733
2078 -123.638
2079 -123.306
2080 -122.892
2081 -122.596
2082 -122.428
2083 -122.381
2084 -122.273
2085 -122.019
2086 -121.621
2087 -121.129
2088 -120.562
2089 -120.148
2090 -119.805
2091 -119.543
2092 -119.201
2093 -118.743
2094 -118.205
2095 -117.645
2096 -117.154
2097 -116.72
2098 -116.382
2099 -116.149
2100 -115.969
2101 -115.772
2102 -115.548
2103 -115.207
2104 -114.827
2105 -114.501
2106 -114.249
2107 -114.091
2108 -114.001
2109 -113.926
2110 -113.795
2111 -113.601
2112 -113.362
2113 -113.189
2114 -113.095
2115 -113.078
2116 -113.031
2117 -112.945
2118 -112.831
2119 -112.668
2120 -112.569
2121 -112.49
2122 -112.441
2123 -112.42
2124 -112.387
2125 -112.342
2126 -112.255
2127 -112.149
2128 -111.992
2129 -111.844
2130 -111.743
2131 -111.738
2132 -111.795
2133 -111.869
2134 -111.93
2135 -111.922
2136 -111.865
2137 -111.807
2138 -111.752
2139 -111.693
2140 -111.668
2141 -111.647
2142 -111.617
2143 -111.588
2144 -111.548
2145 -111.518
2146 -111.499
2147 -111.475
2148 -111.47
2149 -111.45
2150 -111.42
2151 -111.42
2152 -111.449
2153 -111.459
2154 -111.442
2155 -111.414
2156 -111.363
2157 -111.35
2158 -111.35
2159 -111.36
2160 -111.344
2161 -111.35
2162 -111.366
2163 -111.385
2164 -111.43
2165 -111.585
2166 -112.367
2167 -112.71
2168 -112.622
2169 -112.676
2170 -113.117
2171 -113.942
2172 -114.938
2173 -115.781
2174 -116.313
2175 -116.651
2176 -116.893
2177 -117.2
2178 -117.701
2179 -118.379
2180 -119.116
2181 -119.803
2182 -120.314
2183 -120.749
2184 -121.198
2185 -121.803
2186 -122.527
2187 -123.258
2188 -123.931
2189 -124.575
2190 -125.273
2191 -126.075
2192 -126.852
2193 -127.623
2194 -128.305
2195 -129.009
2196 -129.65
2197 -130.161
2198 -130.693
2199 -131.12
2200 -131.512
2201 -131.706
2202 -131.787
2203 -131.772
2204 -131.714
2205 -131.754
2206 -131.819
2207 -131.734
2208 -131.52
2209 -131.17
2210 -130.789
2211 -130.527
2212 -130.348
2213 -130.087
2214 -129.645
2215 -129.17
2216 -128.622
2217 -128.281
2218 -127.932
2219 -127.6
2220 -127.139
2221 -126.576
2222 -125.97
2223 -125.423
2224 -124.941
2225 -124.444
2226 -123.97
2227 -123.448
2228 -122.921
2229 -122.417
2230 -121.857
2231 -121.312
2232 -120.982
2233 -120.796
2234 -120.74
2235 -120.758
2236 -120.628
2237 -120.37
2238 -119.945
2239 -119.511
2240 -119.087
2241 -118.631
2242 -118.39
2243 -118.428
2244 -118.8
2245 -119.366
2246 -119.89
2247 -120.312
2248 -120.51
2249 -120.455
2250 -120.347
2251 -120.363
2252 -120.418
2253 -120.424
2254 -120.561
2255 -120.797
2256 -120.988
2257 -120.858
2258 -120.593
2259 -120.385
2260 -120.186
2261 -119.978
2262 -119.751
2263 -119.363
2264 -119.16
2265 -119.191
2266 -119.38
2267 -119.503
2268 -119.569
2269 -119.377
2270 -118.98
2271 -118.512
2272 -118.169
2273 -117.966
2274 -118.012
2275 -118.148
2276 -118.27
2277 -118.306
2278 -118.193
2279 -117.959
2280 -117.701
2281 -117.429
2282 -117.148
2283 -116.9
2284 -117.017
2285 -117.433
2286 -118.088
2287 -118.828
2288 -119.424
2289 -119.612
2290 -119.446
2291 -119.318
2292 -119.329
2293 -119.413
2294 -119.573
2295 -119.86
2296 -120.048
2297 -120.226
2298 -120.242
2299 -120.164
2300 -120.023
2301 -119.862
2302 -119.553
2303 -119.225
2304 -118.982
2305 -118.84
2306 -118.95
2307 -119.187
2308 -119.515
2309 -119.607
2310 -119.384
2311 -118.941
2312 -118.499
2313 -118.017
2314 -117.811
2315 -117.773
2316 -117.928
2317 -118.146
2318 -118.275
2319 -118.189
2320 -117.96
2321 -117.708
2322 -117.373
2323 -117.097
2324 -117.04
2325 -117.361
2326 -117.965
2327 -118.713
2328 -119.402
2329 -119.687
2330 -119.701
2331 -119.506
2332 -119.398
2333 -119.337
2334 -119.367
2335 -119.592
2336 -119.913
2337 -120.232
2338 -120.37
2339 -120.306
2340 -120.157
2341 -120.005
2342 -119.848
2343 -119.62
2344 -119.272
2345 -118.926
2346 -118.937
2347 -119.034
2348 -119.352
2349 -119.545
2350 -119.483
2351 -119.078
2352 -118.562
2353 -118.119
2354 -117.818
2355 -117.788
2356 -117.923
2357 -118.168
2358 -118.27
2359 -118.322
2360 -118.03
2361 -117.725
2362 -117.428
2363 -117.097
2364 -116.954
2365 -117.157
2366 -117.73
2367 -118.436
2368 -119.146
2369 -119.562
2370 -119.669
2371 -119.535
2372 -119.399
2373 -119.376
2374 -119.447
2375 -119.681
2376 -119.965
2377 -120.288
2378 -120.454
2379 -120.506
2380 -120.39
2381 -120.348
2382 -120.209
2383 -119.914
2384 -119.46
2385 -119.136
2386 -119.079
2387 -119.181
2388 -119.3
2389 -119.534
2390 -119.629
2391 -119.329
2392 -118.985
2393 -118.541
2394 -118.159
2395 -117.856
2396 -117.82
2397 -117.969
2398 -118.156
2399 -118.329
2400 -118.186
2401 -117.942
2402 -117.595
2403 -117.3
2404 -117.058
2405 -117.063
2406 -117.427
2407 -118.028
2408 -118.805
2409 -119.441
2410 -119.736
2411 -119.77
2412 -119.696
2413 -119.524
2414 -119.502
2415 -119.536
2416 -119.751
2417 -120.12
2418 -120.387
2419 -120.562
2420 -120.498
2421 -120.353
2422 -120.14
2423 -119.886
2424 -119.52
2425 -119.21
2426 -119.083
2427 -119.118
2428 -119.202
2429 -119.383
2430 -119.508
2431 -119.338
2432 -119.046
2433 -118.762
2434 -118.416
2435 -118.09
2436 -117.96
2437 -117.977
2438 -118.165
2439 -118.327
2440 -118.359
2441 -118.157
2442 -117.896
2443 -117.616
2444 -117.344
2445 -117.166
2446 -117.268
2447 -117.866
2448 -118.683
2449 -119.391
2450 -119.853
2451 -119.895
2452 -119.752
2453 -119.62
2454 -119.608
2455 -119.695
2456 -119.798
2457 -120.094
2458 -120.504
2459 -120.767
2460 -120.747
2461 -120.516
2462 -120.257
2463 -120.001
2464 -119.72
2465 -119.327
2466 -119.125
2467 -119.095
2468 -119.257
2469 -119.421
2470 -119.584
2471 -119.581
2472 -119.351
2473 -118.948
2474 -118.466
2475 -118.09
2476 -117.891
2477 -117.865
2478 -118.06
2479 -118.287
2480 -118.295
2481 -118.076
2482 -117.778
2483 -117.479
2484 -117.228
2485 -117.064
2486 -117.165
2487 -117.553
2488 -118.246
2489 -118.905
2490 -119.463
2491 -119.764
2492 -119.799
2493 -119.743
2494 -119.63
2495 -119.624
2496 -119.725
2497 -119.924
2498 -120.242
2499 -120.554
2500 -120.63
2501 -120.508
2502 -120.279
2503 -120.108
2504 -119.942
2505 -119.62
2506 -119.213
2507 -119.02
2508 -119.062
2509 -119.205
2510 -119.4
2511 -119.5
2512 -119.32
2513 -119.033
2514 -118.759
2515 -118.4
2516 -118.041
2517 -117.95
2518 -117.97
2519 -118.105
2520 -118.259
2521 -118.206
2522 -117.921
2523 -117.725
2524 -117.466
2525 -117.243
2526 -117.075
2527 -117.293
2528 -117.86
2529 -118.675
2530 -119.377
2531 -119.901
2532 -119.996
2533 -119.89
2534 -119.741
2535 -119.736
2536 -119.774
2537 -119.839
2538 -120.063
2539 -120.424
2540 -120.591
2541 -120.547
2542 -120.425
2543 -120.284
2544 -120.086
2545 -119.846
2546 -119.427
2547 -119.111
2548 -118.99
2549 -119.113
2550 -119.292
2551 -119.461
2552 -119.371
2553 -119.164
2554 -118.862
2555 -118.559
2556 -118.208
2557 -117.901
2558 -117.782
2559 -117.896
2560 -118.082
2561 -118.232
2562 -118.089
2563 -117.876
2564 -117.603
2565 -117.284
2566 -117.018
2567 -117.121
2568 -117.507
2569 -118.167
2570 -118.863
2571 -119.388
2572 -119.545
2573 -119.309
2574 -118.894
2575 -118.514
2576 -118.264
2577 -118.051
2578 -118.038
2579 -118.063
2580 -118.001
2581 -117.648
2582 -117.21
2583 -116.651
2584 -116.002
2585 -115.325
2586 -114.564
2587 -113.734
2588 -113.048
2589 -112.51
2590 -112.093
2591 -111.639
2592 -111.273
2593 -110.811
2594 -110.277
2595 -109.519
2596 -108.496
2597 -107.458
2598 -106.47
2599 -105.701
2600 -105.11
2601 -104.783
2602 -104.46
2603 -104.182
2604 -103.903
2605 -103.707
2606 -103.538
2607 -103.337
2608 -103.054
2609 -102.852
2610 -102.807
2611 -103.163
2612 -103.573
2613 -103.934
2614 -104.09
2615 -104.071
2616 -104.069
2617 -104.238
2618 -104.65
2619 -105.127
2620 -105.645
2621 -106.074
2622 -106.403
2623 -106.684
2624 -106.968
2625 -107.366
2626 -107.904
2627 -108.456
2628 -108.959
2629 -109.361
2630 -109.798
2631 -110.242
2632 -110.731
2633 -111.181
2634 -111.61
2635 -111.907
2636 -112.13
2637 -112.254
2638 -112.408
2639 -112.574
2640 -112.824
2641 -113.087
2642 -113.293
2643 -113.411
2644 -113.505
2645 -113.618
2646 -113.791
2647 -113.973
2648 -114.118
2649 -114.215
2650 -114.244
2651 -114.267
2652 -114.291
2653 -114.394
2654 -114.529
2655 -114.67
2656 -114.77
2657 -114.77
2658 -114.778
2659 -114.837
2660 -114.948
2661 -115.059
2662 -115.096
2663 -115.133
2664 -115.153
2665 -115.195
2666 -115.246
2667 -115.332
2668 -115.423
2669 -115.477
2670 -115.511
2671 -115.535
2672 -115.55
2673 -115.595
2674 -115.62
2675 -115.655
2676 -115.669
2677 -115.7
2678 -115.718
2679 -115.698
2680 -115.654
2681 -115.633
2682 -115.645
2683 -115.68
2684 -115.716
2685 -115.721
2686 -115.7
2687 -115.687
2688 -115.687
2689 -115.717
2690 -115.754
2691 -115.782
2692 -115.783
2693 -115.757
2694 -115.727
2695 -115.731
2696 -115.74
2697 -115.75
2698 -115.722
2699 -115.628
2700 -114.835
2701 -114.401
2702 -114.495
2703 -114.52
2704 -114.155
2705 -113.383
2706 -112.427
2707 -111.587
2708 -111.046
2709 -110.725
2710 -110.445
2711 -110.091
2712 -109.514
2713 -108.791
2714 -107.979
2715 -107.239
2716 -106.566
2717 -106.047
2718 -105.547
2719 -105.03
2720 -104.45
2721 -103.786
2722 -103.133
2723 -102.506
2724 -101.888
2725 -101.236
2726 -100.572
2727 -99.8671
2728 -99.1018
2729 -98.2737
2730 -97.6041
2731 -97.0061
2732 -96.5653
2733 -96.1035
2734 -95.6359
2735 -95.2287
2736 -94.8978
2737 -94.6903
2738 -94.6425
2739 -94.7823
2740 -94.9663
2741 -95.149
2742 -95.2865
2743 -95.3113
2744 -95.2977
2745 -95.5089
2746 -95.9533
2747 -96.6163
2748 -97.2858
2749 -97.8467
2750 -98.4346
2751 -99.1063
2752 -99.7969
2753 -100.438
2754 -101.04
2755 -101.627
2756 -102.274
2757 -102.877
2758 -103.381
2759 -103.865
2760 -104.339
2761 -104.814
2762 -105.172
2763 -105.451
2764 -105.626
2765 -105.946
2766 -106.342
2767 -106.802
2768 -107.12
2769 -107.218
2770 -107.144
2771 -107.102
2772 -107.191
2773 -107.468
2774 -107.777
2775 -108.11
2776 -108.432
2777 -108.665
2778 -108.731
2779 -108.867
2780 -108.825
2781 -108.512
2782 -108.082
2783 -107.625
2784 -107.213
2785 -106.877
2786 -106.606
2787 -106.498
2788 -106.418
2789 -106.27
2790 -106.249
2791 -106.218
2792 -106.43
2793 -106.823
2794 -107.405
2795 -108.046
2796 -108.546
2797 -108.923
2798 -109.323
2799 -109.629
2800 -109.774
2801 -109.767
2802 -109.69
2803 -109.526
2804 -109.393
2805 -109.267
2806 -109.115
2807 -109.192
2808 -109.565
2809 -109.895
2810 -109.986
2811 -109.973
2812 -109.669
2813 -109.355
2814 -109.145
2815 -109.176
2816 -109.44
2817 -109.936
2818 -110.45
2819 -110.767
2820 -110.837
2821 -110.544
2822 -109.872
2823 -109.086
2824 -108.429
2825 -108.01
2826 -107.746
2827 -107.532
2828 -107.361
2829 -107.102
2830 -106.921
2831 -106.827
2832 -106.833
2833 -107.033
2834 -107.446
2835 -108.084
2836 -108.649
2837 -109.095
2838 -109.548
2839 -109.925
2840 -110.107
2841 -110.178
2842 -110.133
2843 -109.853
2844 -109.652
2845 -109.435
2846 -109.279
2847 -109.23
2848 -109.447
2849 -109.797
2850 -110.043
2851 -110.057
2852 -109.854
2853 -109.553
2854 -109.288
2855 -109.213
2856 -109.344
2857 -109.831
2858 -110.368
2859 -110.756
2860 -110.851
2861 -110.685
2862 -110.173
2863 -109.392
2864 -108.758
2865 -108.27
2866 -107.972
2867 -107.693
2868 -107.542
2869 -107.337
2870 -107.107
2871 -106.872
2872 -106.913
2873 -107.084
2874 -107.501
2875 -108.099
2876 -108.781
2877 -109.256
2878 -109.628
2879 -109.939
2880 -110.107
2881 -110.185
2882 -110.206
2883 -110.094
2884 -109.889
2885 -109.698
2886 -109.514
2887 -109.355
2888 -109.475
2889 -109.84
2890 -110.224
2891 -110.365
2892 -110.247
2893 -109.951
2894 -109.663
2895 -109.53
2896 -109.546
2897 -109.764
2898 -110.117
2899 -110.473
2900 -110.793
2901 -110.797
2902 -110.529
2903 -109.935
2904 -109.192
2905 -108.619
2906 -108.165
2907 -107.831
2908 -107.54
2909 -107.424
2910 -107.158
2911 -107.018
2912 -107.035
2913 -107.098
2914 -107.316
2915 -107.759
2916 -108.39
2917 -108.935
2918 -109.409
2919 -109.813
2920 -110.116
2921 -110.15
2922 -110.129
2923 -110.003
2924 -109.869
2925 -109.689
2926 -109.534
2927 -109.334
2928 -109.32
2929 -109.545
2930 -109.837
2931 -110.096
2932 -110.178
2933 -110.057
2934 -109.799
2935 -109.512
2936 -109.41
2937 -109.467
2938 -109.959
2939 -110.406
2940 -110.742
2941 -110.891
2942 -110.744
2943 -110.246
2944 -109.521
2945 -108.874
2946 -108.392
2947 -108.09
2948 -107.741
2949 -107.63
2950 -107.347
2951 -107.149
2952 -106.98
2953 -107.027
2954 -107.181
2955 -107.586
2956 -108.11
2957 -108.688
2958 -109.169
2959 -109.457
2960 -109.798
2961 -110.005
2962 -110.169
2963 -110.09
2964 -109.952
2965 -109.728
2966 -109.603
2967 -109.441
2968 -109.326
2969 -109.386
2970 -109.656
2971 -109.874
2972 -109.95
2973 -109.95
2974 -109.792
2975 -109.509
2976 -109.285
2977 -109.248
2978 -109.464
2979 -109.884
2980 -110.292
2981 -110.494
2982 -110.449
2983 -110.184
2984 -109.67
2985 -108.972
2986 -108.363
2987 -107.942
2988 -107.674
2989 -107.551
2990 -107.494
2991 -107.306
2992 -107.059
2993 -107.119
2994 -107.132
2995 -107.399
2996 -107.783
2997 -108.311
2998 -108.853
2999 -109.336
3000 -109.759
3001 -110.023
3002 -110.07
3003 -109.984
3004 -109.864
3005 -109.702
3006 -109.638
3007 -109.49
3008 -109.295
3009 -109.26
3010 -109.451
3011 -109.81
3012 -110.036
3013 -110.107
3014 -109.922
3015 -109.66
3016 -109.412
3017 -109.307
3018 -109.39
3019 -109.674
3020 -110.116
3021 -110.421
3022 -110.589
3023 -110.435
3024 -110.092
3025 -109.477
3026 -108.826
3027 -108.301
3028 -107.892
3029 -107.594
3030 -107.499
3031 -107.453
3032 -107.232
3033 -107.101
3034 -107.088
3035 -107.199
3036 -107.534
3037 -108.057
3038 -108.694
3039 -109.197
3040 -109.566
3041 -109.891
3042 -110.045
3043 -110.186
3044 -110.193
3045 -110.04
3046 -109.742
3047 -109.52
3048 -109.268
3049 -109.101
3050 -109.226
3051 -109.577
3052 -109.891
3053 -109.951
3054 -109.921
3055 -109.617
3056 -109.385
3057 -109.189
3058 -109.247
3059 -109.456
3060 -109.87
3061 -110.246
3062 -110.424
3063 -110.48
3064 -110.183
3065 -109.648
3066 -108.97
3067 -108.413
3068 -108.012
3069 -107.764
3070 -107.612
3071 -107.517
3072 -107.348
3073 -107.121
3074 -107.101
3075 -107.079
3076 -107.254
3077 -107.73
3078 -108.399
3079 -108.973
3080 -109.388
3081 -109.77
3082 -109.985
3083 -110.11
3084 -110.128
3085 -110.007
3086 -109.767
3087 -109.521
3088 -109.318
3089 -109.15
3090 -109.212
3091 -109.529
3092 -109.885
3093 -110.098
3094 -110.03
3095 -109.819
3096 -109.5
3097 -109.25
3098 -109.15
3099 -109.401
3100 -109.873
3101 -110.3
3102 -110.61
3103 -110.686
3104 -110.54
3105 -110.175
3106 -109.734
3107 -109.267
3108 -109.114
3109 -109.139
3110 -109.149
3111 -109.38
3112 -109.547
3113 -109.74
3114 -109.919
3115 -110.337
3116 -110.853
3117 -111.658
3118 -112.619
3119 -113.565
3120 -114.46
3121 -115.222
3122 -115.949
3123 -116.58
3124 -117.231
3125 -117.845
3126 -118.292
3127 -118.669
3128 -118.861
3129 -119.086
3130 -119.435
3131 -119.973
3132 -120.643
3133 -121.598
3134 -122.575
3135 -123.393
3136 -124.004
3137 -124.165
3138 -124.101
3139 -123.81
3140 -123.528
3141 -123.562
3142 -123.76
3143 -123.924
3144 -123.907
3145 -123.673
3146 -123.27
3147 -122.913
3148 -122.702
3149 -122.664
3150 -122.666
3151 -122.572
3152 -122.305
3153 -121.949
3154 -121.578
3155 -121.146
3156 -120.719
3157 -120.405
3158 -120.107
3159 -119.787
3160 -119.411
3161 -118.962
3162 -118.38
3163 -117.807
3164 -117.238
3165 -116.743
3166 -116.352
3167 -116.091
3168 -115.902
3169 -115.792
3170 -115.595
3171 -115.315
3172 -114.954
3173 -114.64
3174 -114.45
3175 -114.297
3176 -114.173
3177 -114.033
3178 -113.909
3179 -113.773
3180 -113.574
3181 -113.382
3182 -113.264
3183 -113.217
3184 -113.176
3185 -113.153
3186 -113.04
3187 -112.875
3188 -112.701
3189 -112.615
3190 -112.593
3191 -112.62
3192 -112.599
3193 -112.542
3194 -112.488
3195 -112.389
3196 -112.32
3197 -112.26
3198 -112.25
3199 -112.259
3200 -112.27
3201 -112.296
3202 -112.245
3203 -112.189
3204 -112.119
3205 -112.043
3206 -111.961
3207 -111.895
3208 -111.844
3209 -111.85
3210 -111.888
3211 -111.927
3212 -111.95
3213 -111.92
3214 -111.853
3215 -111.793
3216 -111.754
3217 -111.759
3218 -111.732
3219 -111.707
3220 -111.68
3221 -111.658
3222 -111.619
3223 -111.58
3224 -111.57
3225 -111.56
3226 -111.585
3227 -111.609
3228 -111.639
3229 -111.659
3230 -111.646
3231 -111.658
3232 -111.64
3233 -111.623
3234 -111.62
3235 -111.632
3236 -111.623
3237 -111.614
3238 -111.602
3239 -111.603
3240 -111.605
3241 -111.627
3242 -111.628
3243 -111.627
3244 -111.607
3245 -111.583
3246 -111.574
3247 -111.612
3248 -111.64
3249 -111.652
3250 -111.669
3251 -111.634
3252 -111.629
3253 -111.615
3254 -111.63
3255 -111.63
3256 -111.63
3257 -111.634
3258 -111.649
3259 -111.658
3260 -111.661
3261 -111.656
3262 -111.633
3263 -111.66
3264 -111.668
3265 -111.703
3266 -111.718
3267 -111.735
3268 -111.75
3269 -111.713
3270 -111.683
3271 -111.686
3272 -111.677
3273 -111.71
3274 -111.71
3275 -111.71
3276 -111.704
3277 -111.722
3278 -111.74
3279 -111.751
3280 -111.749
3281 -111.73
3282 -111.73
3283 -111.73
3284 -111.74
3285 -111.76
3286 -111.764
3287 -111.751
3288 -111.728
3289 -111.719
3290 -111.724
3291 -111.747
3292 -111.737
3293 -111.722
3294 -111.714
3295 -111.732
3296 -111.763
3297 -111.778
3298 -111.78
3299 -111.766
3300 -111.756
3301 -111.747
3302 -111.763
3303 -111.793
3304 -111.82
3305 -111.82
3306 -111.816
3307 -111.78
3308 -111.771
3309 -111.785
3310 -111.801
3311 -111.815
3312 -111.8
3313 -111.815
3314 -111.81
3315 -111.833
3316 -111.831
3317 -111.81
3318 -111.819
3319 -111.82
3320 -111.837
3321 -111.837
3322 -111.85
3323 -111.867
3324 -111.852
3325 -111.833
3326 -111.832
3327 -111.822
3328 -111.823
3329 -111.84
3330 -111.84
3331 -111.842
3332 -111.85
3333 -111.87
3334 -111.876
3335 -111.87
3336 -111.852
3337 -111.849
3338 -111.851
3339 -111.87
3340 -111.89
3341 -111.89
3342 -111.885
3343 -111.861
3344 -111.84
3345 -111.859
3346 -111.87
3347 -111.888
3348 -111.876
3349 -111.861
3350 -111.87
3351 -111.895
3352 -111.929
3353 -111.958
3354 -111.935
3355 -111.897
3356 -111.868
3357 -111.867
3358 -111.898
3359 -111.944
3360 -111.95
3361 -111.943
3362 -111.907
3363 -111.89
3364 -111.882
3365 -111.912
3366 -111.929
3367 -111.931
3368 -111.939
3369 -111.92
3370 -111.93
3371 -111.94
3372 -111.95
3373 -111.936
3374 -111.93
3375 -111.922
3376 -111.94
3377 -111.96
3378 -111.977
3379 -111.97
3380 -111.962
3381 -111.954
3382 -111.932
3383 -111.943
3384 -111.942
3385 -111.952
3386 -111.96
3387 -111.972
3388 -111.98
3389 -112
3390 -111.993
3391 -111.977
3392 -111.96
3393 -111.941
3394 -111.956
3395 -111.973
3396 -112.016
3397 -112.01
3398 -111.994
3399 -111.98
