0 -102.59
1 -102.595
2 -102.578
3 -102.56
4 -102.56
5 -102.553
6 -102.542
7 -102.542
8 -102.534
9 -102.537
10 -102.526
11 -102.52
12 -102.56
13 -102.57
14 -102.569
15 -102.529
16 -102.52
17 -102.522
18 -102.544
19 -102.562
20 -102.586
21 -102.577
22 -102.579
23 -102.578
24 -102.599
25 -102.625
26 -103.052
27 -103.677
28 -103.755
29 -103.697
30 -103.823
31 -104.314
32 -105.043
33 -105.742
34 -106.294
35 -106.727
36 -107.099
37 -107.545
38 -108.077
39 -108.694
40 -109.381
41 -110.113
42 -110.839
43 -111.478
44 -111.988
45 -112.54
46 -113.281
47 -114.13
48 -114.915
49 -115.533
50 -116.068
51 -116.616
52 -117.28
53 -118.027
54 -118.825
55 -119.683
56 -120.486
57 -121.089
58 -121.466
59 -121.65
60 -121.931
61 -122.192
62 -122.454
63 -122.51
64 -122.425
65 -122.307
66 -122.272
67 -122.291
68 -122.266
69 -122.16
70 -121.838
71 -121.438
72 -121.028
73 -120.575
74 -120.265
75 -120.016
76 -119.664
77 -119.146
78 -118.575
79 -118.017
80 -117.507
81 -116.958
82 -116.448
83 -116.048
84 -115.65
85 -115.314
86 -114.89
87 -114.453
88 -113.907
89 -113.421
90 -112.93
91 -112.498
92 -112.061
93 -111.812
94 -111.722
95 -111.752
96 -111.836
97 -111.867
98 -111.75
99 -111.579
100 -111.465
101 -111.372
102 -111.229
103 -111.045
104 -110.99
105 -111.293
106 -111.894
107 -112.578
108 -113.193
109 -113.484
110 -113.584
111 -113.49
112 -113.386
113 -113.303
114 -113.245
115 -113.251
116 -113.314
117 -113.258
118 -113.227
119 -113.277
120 -113.296
121 -113.18
122 -112.846
123 -112.381
124 -111.986
125 -111.679
126 -111.533
127 -111.687
128 -112.125
129 -112.382
130 -112.434
131 -112.158
132 -111.758
133 -111.349
134 -111.073
135 -110.828
136 -110.643
137 -110.528
138 -110.631
139 -110.785
140 -111.07
141 -111.178
142 -111.016
143 -110.682
144 -110.254
145 -109.809
146 -109.629
147 -109.776
148 -110.315
149 -110.952
150 -111.58
151 -111.986
152 -112.187
153 -112.205
154 -112.24
155 -112.262
156 -112.325
157 -112.44
158 -112.627
159 -112.797
160 -112.963
161 -113.053
162 -113.018
163 -112.827
164 -112.533
165 -112.243
166 -111.946
167 -111.674
168 -111.61
169 -111.843
170 -112.226
171 -112.523
172 -112.555
173 -112.316
174 -111.906
175 -111.501
176 -111.072
177 -110.781
178 -110.809
179 -110.989
180 -111.274
181 -111.527
182 -111.574
183 -111.391
184 -111.092
185 -110.738
186 -110.348
187 -110.146
188 -110.242
189 -110.713
190 -111.387
191 -112.021
192 -112.49
193 -112.718
194 -112.688
195 -112.68
196 -112.694
197 -112.807
198 -112.884
199 -113.051
200 -113.305
201 -113.518
202 -113.607
203 -113.596
204 -113.598
205 -113.313
206 -113.037
207 -112.697
208 -112.438
209 -112.358
210 -112.512
211 -112.807
212 -113.129
213 -113.193
214 -112.949
215 -112.469
216 -111.97
217 -111.485
218 -111.234
219 -111.243
220 -111.463
221 -111.676
222 -111.905
223 -111.977
224 -111.89
225 -111.683
226 -111.353
227 -111.015
228 -110.786
229 -110.829
230 -111.191
231 -111.806
232 -112.534
233 -113.062
234 -113.286
235 -113.182
236 -113.052
237 -113.054
238 -113.123
239 -113.157
240 -113.34
241 -113.613
242 -113.941
243 -114.14
244 -114.132
245 -114.037
246 -113.914
247 -113.662
248 -113.193
249 -112.778
250 -112.654
251 -112.865
252 -113.106
253 -113.362
254 -113.518
255 -113.356
256 -112.914
257 -112.468
258 -112.028
259 -111.679
260 -111.536
261 -111.62
262 -111.754
263 -111.993
264 -112.043
265 -111.903
266 -111.623
267 -111.184
268 -110.596
269 -110.105
270 -109.902
271 -110.182
272 -110.731
273 -111.453
274 -112.077
275 -112.444
276 -112.508
277 -112.421
278 -112.464
279 -112.509
280 -112.59
281 -112.734
282 -113.078
283 -113.411
284 -113.753
285 -113.929
286 -113.968
287 -113.837
288 -113.607
289 -113.277
290 -113.002
291 -112.787
292 -112.883
293 -113.051
294 -113.28
295 -113.429
296 -113.489
297 -113.199
298 -112.743
299 -112.344
300 -112.09
301 -111.904
302 -111.884
303 -112.044
304 -112.3
305 -112.612
306 -112.799
307 -112.672
308 -112.358
309 -112.023
310 -111.724
311 -111.521
312 -111.44
313 -111.667
314 -112.16
315 -112.806
316 -113.311
317 -113.594
318 -113.715
319 -113.708
320 -113.64
321 -113.658
322 -113.752
323 -113.842
324 -113.872
325 -114.082
326 -114.345
327 -114.601
328 -114.66
329 -114.622
330 -114.464
331 -114.24
332 -113.912
333 -113.546
334 -113.218
335 -113.163
336 -113.333
337 -113.606
338 -113.839
339 -113.898
340 -113.675
341 -113.261
342 -112.893
343 -112.507
344 -112.168
345 -112.022
346 -112.133
347 -112.335
348 -112.527
349 -112.622
350 -112.57
351 -112.457
352 -112.367
353 -112.097
354 -111.798
355 -111.573
356 -111.668
357 -112.077
358 -112.596
359 -113.224
360 -113.694
361 -113.901
362 -113.891
363 -113.784
364 -113.689
365 -113.64
366 -113.716
367 -113.815
368 -114.053
369 -114.279
370 -114.514
371 -114.567
372 -114.499
373 -114.506
374 -114.48
375 -114.3
376 -113.877
377 -113.534
378 -113.345
379 -113.264
380 -113.344
381 -113.614
382 -113.9
383 -113.936
384 -113.609
385 -113.208
386 -112.778
387 -112.49
388 -112.362
389 -112.548
390 -112.903
391 -113.397
392 -113.943
393 -114.165
394 -114.054
395 -113.909
396 -113.75
397 -113.552
398 -113.426
399 -113.439
400 -113.672
401 -114.105
402 -114.605
403 -114.933
404 -115.127
405 -115.053
406 -114.858
407 -114.681
408 -114.642
409 -114.753
410 -114.798
411 -114.966
412 -115.185
413 -115.343
414 -115.284
415 -115.13
416 -114.933
417 -114.667
418 -114.431
419 -114.071
420 -113.81
421 -113.721
422 -113.836
423 -114
424 -114.185
425 -114.271
426 -113.967
427 -113.548
428 -113.081
429 -112.665
430 -112.254
431 -112.141
432 -112.422
433 -112.772
434 -113.021
435 -113.005
436 -112.825
437 -112.491
438 -112.137
439 -111.844
440 -111.704
441 -111.921
442 -112.481
443 -113.155
444 -113.796
445 -114.146
446 -114.169
447 -113.99
448 -113.735
449 -113.465
450 -113.276
451 -113.105
452 -113.058
453 -113.002
454 -112.877
455 -112.692
456 -112.437
457 -111.9
458 -111.304
459 -110.537
460 -109.698
461 -108.811
462 -108.179
463 -107.782
464 -107.542
465 -107.265
466 -106.874
467 -106.26
468 -105.401
469 -104.432
470 -103.411
471 -102.421
472 -101.627
473 -100.992
474 -100.475
475 -100.036
476 -99.6622
477 -99.3324
478 -99.0784
479 -98.7773
480 -98.478
481 -98.1912
482 -97.9976
483 -97.9059
484 -97.9411
485 -98.1214
486 -98.2924
487 -98.4639
488 -98.6117
489 -98.7265
490 -98.9593
491 -99.2997
492 -99.7339
493 -100.215
494 -100.609
495 -100.928
496 -101.295
497 -101.716
498 -102.254
499 -102.864
500 -103.368
501 -103.826
502 -104.226
503 -104.609
504 -104.979
505 -105.37
506 -105.797
507 -106.159
508 -106.5
509 -106.724
510 -106.944
511 -107.134
512 -107.343
513 -107.541
514 -107.693
515 -107.863
516 -108.08
517 -108.263
518 -108.388
519 -108.493
520 -108.62
521 -108.737
522 -108.87
523 -108.982
524 -109.071
525 -109.145
526 -109.187
527 -109.188
528 -109.202
529 -109.267
530 -109.4
531 -109.501
532 -109.558
533 -109.556
534 -109.56
535 -109.575
536 -109.549
537 -109.534
538 -109.554
539 -109.62
540 -109.735
541 -109.842
542 -109.964
543 -110.05
544 -110.1
545 -110.118
546 -110.08
547 -110.07
548 -110.08
549 -110.101
550 -110.114
551 -110.119
552 -110.11
553 -110.096
554 -110.072
555 -110.053
556 -110.077
557 -110.128
558 -110.167
559 -110.175
560 -110.18
561 -110.15
562 -110.151
563 -110.166
564 -110.16
565 -110.174
566 -110.18
567 -110.157
568 -110.105
569 -110.011
570 -109.29
571 -108.76
572 -108.808
573 -108.839
574 -108.499
575 -107.716
576 -106.725
577 -105.815
578 -105.234
579 -104.902
580 -104.602
581 -104.158
582 -103.534
583 -102.803
584 -102.023
585 -101.345
586 -100.755
587 -100.215
588 -99.6722
589 -99.0629
590 -98.4022
591 -97.7024
592 -96.9968
593 -96.2804
594 -95.5284
595 -94.7192
596 -93.9338
597 -93.2329
598 -92.6146
599 -92.1302
600 -91.555
601 -90.9496
602 -90.1785
603 -89.6059
604 -89.3305
605 -89.2848
606 -89.3662
607 -89.4807
608 -89.5664
609 -89.5932
610 -89.6275
611 -89.7697
612 -90.0274
613 -90.318
614 -90.6401
615 -91.073
616 -91.679
617 -92.4127
618 -93.0773
619 -93.731
620 -94.337
621 -94.9373
622 -95.5675
623 -96.1473
624 -96.8839
625 -97.6129
626 -98.293
627 -98.7866
628 -99.233
629 -99.6248
630 -99.8939
631 -100.13
632 -100.337
633 -100.643
634 -100.943
635 -101.183
636 -101.358
637 -101.395
638 -101.402
639 -101.214
640 -101.066
641 -101.114
642 -101.381
643 -101.771
644 -102.321
645 -102.985
646 -103.3
647 -103.323
648 -103.198
649 -102.912
650 -102.384
651 -101.803
652 -101.519
653 -101.33
654 -101.146
655 -100.938
656 -100.616
657 -100.282
658 -100.066
659 -100.197
660 -100.369
661 -100.758
662 -101.26
663 -101.814
664 -102.216
665 -102.518
666 -102.763
667 -103.192
668 -103.584
669 -103.83
670 -103.897
671 -103.759
672 -103.453
673 -103.105
674 -102.883
675 -102.882
676 -103.156
677 -103.498
678 -103.605
679 -103.571
680 -103.353
681 -103.15
682 -102.967
683 -102.97
684 -103.114
685 -103.473
686 -103.97
687 -104.332
688 -104.5
689 -104.406
690 -104.176
691 -103.704
692 -103.075
693 -102.45
694 -102.071
695 -101.802
696 -101.686
697 -101.474
698 -101.112
699 -100.779
700 -100.725
701 -100.803
702 -101.027
703 -101.563
704 -102.157
705 -102.602
706 -102.897
707 -103.06
708 -103.269
709 -103.519
710 -103.798
711 -103.941
712 -103.92
713 -103.619
714 -103.309
715 -102.988
716 -102.886
717 -103.185
718 -103.556
719 -103.719
720 -103.649
721 -103.423
722 -103.157
723 -102.873
724 -102.843
725 -102.919
726 -103.264
727 -103.786
728 -104.195
729 -104.395
730 -104.37
731 -104.054
732 -103.44
733 -102.788
734 -102.283
735 -101.985
736 -101.763
737 -101.501
738 -101.233
739 -100.909
740 -100.576
741 -100.574
742 -100.741
743 -101.053
744 -101.468
745 -101.913
746 -102.343
747 -102.658
748 -102.941
749 -103.365
750 -103.644
751 -103.81
752 -103.718
753 -103.566
754 -103.286
755 -103.005
756 -102.794
757 -102.709
758 -102.847
759 -103.16
760 -103.346
761 -103.389
762 -103.303
763 -103.105
764 -102.91
765 -102.883
766 -103.002
767 -103.217
768 -103.618
769 -104.036
770 -104.27
771 -104.253
772 -103.956
773 -103.444
774 -102.784
775 -102.201
776 -101.873
777 -101.558
778 -101.364
779 -101.125
780 -100.821
781 -100.513
782 -100.416
783 -100.568
784 -100.916
785 -101.44
786 -101.936
787 -102.314
788 -102.592
789 -102.863
790 -103.205
791 -103.471
792 -103.615
793 -103.634
794 -103.421
795 -103.112
796 -102.79
797 -102.489
798 -102.441
799 -102.641
800 -102.946
801 -103.156
802 -103.16
803 -103.044
804 -102.798
805 -102.58
806 -102.58
807 -102.645
808 -102.9
809 -103.258
810 -103.605
811 -103.872
812 -103.868
813 -103.535
814 -103.02
815 -102.32
816 -101.748
817 -101.408
818 -101.061
819 -100.837
820 -100.639
821 -100.374
822 -100.074
823 -99.9935
824 -100.07
825 -100.327
826 -100.804
827 -101.294
828 -101.77
829 -102.073
830 -102.394
831 -102.699
832 -102.988
833 -103.104
834 -103.135
835 -102.978
836 -102.621
837 -102.319
838 -102.045
839 -101.971
840 -102.029
841 -102.356
842 -102.598
843 -102.706
844 -102.672
845 -102.359
846 -102.047
847 -101.955
848 -102.043
849 -102.309
850 -102.74
851 -103.103
852 -103.292
853 -103.27
854 -102.977
855 -102.369
856 -101.596
857 -101.04
858 -100.761
859 -100.509
860 -100.294
861 -100.039
862 -99.7873
863 -99.5605
864 -99.5187
865 -99.5721
866 -99.7934
867 -100.216
868 -100.718
869 -101.16
870 -101.527
871 -101.766
872 -101.977
873 -102.248
874 -102.463
875 -102.455
876 -102.217
877 -101.949
878 -101.659
879 -101.388
880 -101.324
881 -101.538
882 -101.796
883 -101.985
884 -101.967
885 -101.836
886 -101.604
887 -101.329
888 -101.212
889 -101.406
890 -101.817
891 -102.234
892 -102.504
893 -102.65
894 -102.602
895 -102.264
896 -101.711
897 -101.12
898 -100.562
899 -100.21
900 -99.9172
901 -99.6224
902 -99.3274
903 -99.085
904 -98.8243
905 -98.7214
906 -98.8318
907 -99.0859
908 -99.4688
909 -100.005
910 -100.555
911 -100.808
912 -101.003
913 -101.363
914 -101.681
915 -101.774
916 -101.809
917 -101.607
918 -101.356
919 -101.013
920 -100.717
921 -100.543
922 -100.705
923 -101.073
924 -101.373
925 -101.405
926 -101.293
927 -101.066
928 -100.765
929 -100.661
930 -100.671
931 -100.897
932 -101.328
933 -101.82
934 -102.021
935 -101.912
936 -101.635
937 -101.155
938 -100.486
939 -99.9163
940 -99.642
941 -99.4057
942 -99.1902
943 -98.8864
944 -98.49
945 -98.1206
946 -97.9831
947 -98.0417
948 -98.3278
949 -98.8129
950 -99.3531
951 -99.8014
952 -100.168
953 -100.448
954 -100.641
955 -100.872
956 -101.113
957 -101.162
958 -100.942
959 -100.64
960 -100.406
961 -100.128
962 -99.9608
963 -100.108
964 -100.382
965 -100.61
966 -100.64
967 -100.528
968 -100.287
969 -100.062
970 -99.9359
971 -100.086
972 -100.393
973 -100.805
974 -101.076
975 -101.297
976 -101.35
977 -101.087
978 -100.589
979 -99.9414
980 -99.4024
981 -99.0776
982 -98.9943
983 -99.0498
984 -99.2077
985 -99.2794
986 -99.3418
987 -99.4952
988 -99.8615
989 -100.482
990 -101.296
991 -102.195
992 -103.098
993 -103.836
994 -104.508
995 -105.195
996 -105.918
997 -106.653
998 -107.393
999 -107.973
1000 -108.31
1001 -108.587
1002 -108.88
1003 -109.196
1004 -109.774
1005 -110.585
1006 -111.703
1007 -112.721
1008 -113.542
1009 -114.033
1010 -114.217
1011 -114.048
1012 -113.748
1013 -113.516
1014 -113.679
1015 -113.952
1016 -114.32
1017 -114.416
1018 -114.371
1019 -114.082
1020 -113.809
1021 -113.592
1022 -113.416
1023 -113.161
1024 -112.893
1025 -112.646
1026 -112.328
1027 -111.988
1028 -111.619
1029 -111.344
1030 -111.022
1031 -110.542
1032 -110.039
1033 -109.507
1034 -108.953
1035 -108.281
1036 -107.708
1037 -107.276
1038 -106.992
1039 -106.701
1040 -106.434
1041 -106.226
1042 -105.973
1043 -105.648
1044 -105.289
1045 -105.009
1046 -104.821
1047 -104.664
1048 -104.525
1049 -104.401
1050 -104.246
1051 -104.015
1052 -103.815
1053 -103.646
1054 -103.566
1055 -103.474
1056 -103.426
1057 -103.349
1058 -103.24
1059 -103.071
1060 -102.917
1061 -102.862
1062 -102.884
1063 -102.85
1064 -102.773
1065 -102.667
1066 -102.559
1067 -102.48
1068 -102.403
1069 -102.41
1070 -102.409
1071 -102.379
1072 -102.317
1073 -102.284
1074 -102.256
1075 -102.211
1076 -102.182
1077 -102.152
1078 -102.16
1079 -102.178
1080 -102.208
1081 -102.239
1082 -102.22
1083 -102.178
1084 -102.103
1085 -102.028
1086 -102.01
1087 -102.006
1088 -101.997
1089 -102.005
1090 -101.966
1091 -101.895
1092 -101.814
1093 -101.81
1094 -101.82
1095 -101.825
1096 -101.82
1097 -101.814
1098 -101.787
1099 -101.75
1100 -101.744
1101 -101.775
1102 -101.837
1103 -101.913
1104 -102.628
1105 -103.203
1106 -103.148
1107 -103.14
1108 -103.502
1109 -104.309
1110 -105.356
1111 -106.288
1112 -106.869
1113 -107.239
1114 -107.508
1115 -107.893
1116 -108.506
1117 -109.271
1118 -110.056
1119 -110.673
1120 -111.147
1121 -111.62
1122 -112.212
1123 -112.972
1124 -113.773
1125 -114.509
1126 -115.167
1127 -115.852
1128 -116.651
1129 -117.5
1130 -118.336
1131 -119.103
1132 -119.725
1133 -120.35
1134 -120.893
1135 -121.524
1136 -122.124
1137 -122.572
1138 -122.641
1139 -122.443
1140 -122.205
1141 -122.03
1142 -122.064
1143 -122.235
1144 -122.339
1145 -122.228
1146 -121.866
1147 -121.329
1148 -120.794
1149 -120.404
1150 -120.08
1151 -119.746
1152 -119.456
1153 -119.086
1154 -118.609
1155 -118.141
1156 -117.617
1157 -117.117
1158 -116.577
1159 -115.971
1160 -115.349
1161 -114.897
1162 -114.453
1163 -114.061
1164 -113.517
1165 -112.993
1166 -112.461
1167 -111.973
1168 -111.489
1169 -111.296
1170 -111.366
1171 -111.504
1172 -111.537
1173 -111.304
1174 -111.002
1175 -110.624
1176 -110.221
1177 -109.773
1178 -109.486
1179 -109.428
1180 -109.593
1181 -110.049
1182 -110.616
1183 -111.12
1184 -111.45
1185 -111.486
1186 -111.388
1187 -111.295
1188 -111.396
1189 -111.47
1190 -111.529
1191 -111.662
1192 -111.785
1193 -111.853
1194 -111.768
1195 -111.671
1196 -111.542
1197 -111.382
1198 -111.138
1199 -110.758
1200 -110.467
1201 -110.353
1202 -110.55
1203 -110.905
1204 -111.15
1205 -111.167
1206 -110.829
1207 -110.321
1208 -109.905
1209 -109.543
1210 -109.395
1211 -109.471
1212 -109.742
1213 -109.926
1214 -110.013
1215 -109.91
1216 -109.703
1217 -109.439
1218 -109.211
1219 -109.012
1220 -108.904
1221 -109.104
1222 -109.618
1223 -110.353
1224 -110.97
1225 -111.318
1226 -111.342
1227 -111.3
1228 -111.235
1229 -111.312
1230 -111.355
1231 -111.466
1232 -111.583
1233 -111.817
1234 -112.055
1235 -112.22
1236 -112.208
1237 -112.162
1238 -111.974
1239 -111.653
1240 -111.255
1241 -110.961
1242 -110.931
1243 -111.104
1244 -111.372
1245 -111.56
1246 -111.601
1247 -111.386
1248 -110.965
1249 -110.487
1250 -110.097
1251 -109.907
1252 -109.92
1253 -110.02
1254 -110.175
1255 -110.421
1256 -110.457
1257 -110.404
1258 -110.194
1259 -109.948
1260 -109.652
1261 -109.492
1262 -109.686
1263 -110.09
1264 -110.714
1265 -111.338
1266 -111.799
1267 -111.952
1268 -111.82
1269 -111.716
1270 -111.743
1271 -111.825
1272 -111.898
1273 -112.035
1274 -112.276
1275 -112.527
1276 -112.713
1277 -112.76
1278 -112.742
1279 -112.611
1280 -112.333
1281 -111.951
1282 -111.698
1283 -111.622
1284 -111.722
1285 -111.906
1286 -112.141
1287 -112.192
1288 -111.858
1289 -111.387
1290 -111.077
1291 -110.721
1292 -110.374
1293 -110.266
1294 -110.445
1295 -110.714
1296 -111.06
1297 -111.132
1298 -111.022
1299 -110.758
1300 -110.501
1301 -110.264
1302 -110.12
1303 -110.255
1304 -110.718
1305 -111.385
1306 -112.101
1307 -112.52
1308 -112.556
1309 -112.427
1310 -112.301
1311 -112.29
1312 -112.254
1313 -112.237
1314 -112.415
1315 -112.763
1316 -113.088
1317 -113.322
1318 -113.307
1319 -113.157
1320 -112.984
1321 -112.763
1322 -112.428
1323 -112.137
1324 -111.94
1325 -111.949
1326 -112.157
1327 -112.418
1328 -112.424
1329 -112.228
1330 -111.893
1331 -111.476
1332 -110.984
1333 -110.769
1334 -110.732
1335 -110.92
1336 -111.104
1337 -111.381
1338 -111.451
1339 -111.306
1340 -111.082
1341 -110.785
1342 -110.518
1343 -110.328
1344 -110.43
1345 -110.881
1346 -111.566
1347 -112.244
1348 -112.753
1349 -112.915
1350 -112.858
1351 -112.721
1352 -112.679
1353 -112.657
1354 -112.676
1355 -112.808
1356 -113.034
1357 -113.194
1358 -113.357
1359 -113.419
1360 -113.458
1361 -113.343
1362 -113.066
1363 -112.711
1364 -112.34
1365 -112.188
1366 -112.348
1367 -112.609
1368 -112.854
1369 -112.963
1370 -112.68
1371 -112.175
1372 -111.612
1373 -111.175
1374 -110.944
1375 -111.056
1376 -111.327
1377 -111.572
1378 -111.715
1379 -111.717
1380 -111.614
1381 -111.352
1382 -111.125
1383 -110.912
1384 -110.769
1385 -110.883
1386 -111.305
1387 -111.999
1388 -112.575
1389 -112.984
1390 -113.068
1391 -113.025
1392 -112.89
1393 -112.83
1394 -112.838
1395 -112.92
1396 -113.036
1397 -113.276
1398 -113.553
1399 -113.778
1400 -113.741
1401 -113.546
1402 -113.362
1403 -113.171
1404 -112.835
1405 -112.507
1406 -112.357
1407 -112.456
1408 -112.685
1409 -112.866
1410 -112.919
1411 -112.79
1412 -112.45
1413 -112.041
1414 -111.527
1415 -111.184
1416 -111.147
1417 -111.273
1418 -111.532
1419 -111.749
1420 -111.795
1421 -111.651
1422 -111.448
1423 -111.164
1424 -110.807
1425 -110.629
1426 -110.793
1427 -111.343
1428 -112.033
1429 -112.715
1430 -113.163
1431 -113.266
1432 -113.181
1433 -113.043
1434 -112.998
1435 -112.904
1436 -112.898
1437 -113.032
1438 -113.302
1439 -113.511
1440 -113.571
1441 -113.677
1442 -113.734
1443 -113.607
1444 -113.286
1445 -112.856
1446 -112.503
1447 -112.413
1448 -112.49
1449 -112.71
1450 -112.924
1451 -112.94
1452 -112.702
1453 -112.336
1454 -111.979
1455 -111.558
1456 -111.229
1457 -111.245
1458 -111.46
1459 -111.761
1460 -111.984
1461 -112.056
1462 -111.898
1463 -111.675
1464 -111.355
1465 -111.164
1466 -110.969
1467 -111.054
1468 -111.493
1469 -112.184
1470 -112.842
1471 -113.236
1472 -113.33
1473 -113.302
1474 -113.161
1475 -113.07
1476 -113.04
1477 -113.126
1478 -113.278
1479 -113.503
1480 -113.699
1481 -113.877
1482 -113.855
1483 -113.74
1484 -113.557
1485 -113.401
1486 -113.074
1487 -112.752
1488 -112.558
1489 -112.589
1490 -112.79
1491 -113.075
1492 -113.168
1493 -113.022
1494 -112.634
1495 -112.182
1496 -111.718
1497 -111.368
1498 -111.22
1499 -111.344
1500 -111.66
1501 -111.939
1502 -112
1503 -111.8
1504 -111.454
1505 -111.13
1506 -110.869
1507 -110.796
1508 -110.899
1509 -111.353
1510 -112.087
1511 -112.699
1512 -113.069
1513 -113.167
1514 -113.05
1515 -112.829
1516 -112.537
1517 -112.265
1518 -112.013
1519 -111.868
1520 -111.881
1521 -111.786
1522 -111.624
1523 -111.36
1524 -110.956
1525 -110.359
1526 -109.728
1527 -108.919
1528 -108.002
1529 -107.182
1530 -106.681
1531 -106.433
1532 -106.223
1533 -105.969
1534 -105.493
1535 -104.719
1536 -103.746
1537 -102.749
1538 -101.776
1539 -100.889
1540 -100.156
1541 -99.6323
1542 -99.2228
1543 -98.9321
1544 -98.5422
1545 -98.2673
1546 -97.9758
1547 -97.6705
1548 -97.3781
1549 -97.1595
1550 -97.0737
1551 -97.1434
1552 -97.3048
1553 -97.4898
1554 -97.5818
1555 -97.7104
1556 -97.9094
1557 -98.2298
1558 -98.5916
1559 -99.0402
1560 -99.3923
1561 -99.6977
1562 -99.9324
1563 -100.234
1564 -100.643
1565 -101.149
1566 -101.778
1567 -102.399
1568 -102.983
1569 -103.492
1570 -103.873
1571 -104.259
1572 -104.65
1573 -105.043
1574 -105.443
1575 -105.72
1576 -105.918
1577 -106.123
1578 -106.356
1579 -106.643
1580 -106.888
1581 -107.096
1582 -107.262
1583 -107.374
1584 -107.501
1585 -107.608
1586 -107.772
1587 -107.958
1588 -108.089
1589 -108.147
1590 -108.164
1591 -108.219
1592 -108.342
1593 -108.462
1594 -108.526
1595 -108.55
1596 -108.55
1597 -108.603
1598 -108.711
1599 -108.873
1600 -109.051
1601 -109.159
1602 -109.208
1603 -109.182
1604 -109.13
1605 -109.095
1606 -109.106
1607 -109.199
1608 -109.268
1609 -109.338
1610 -109.402
1611 -109.425
1612 -109.417
1613 -109.381
1614 -109.356
1615 -109.35
1616 -109.399
1617 -109.45
1618 -109.512
1619 -109.554
1620 -109.59
1621 -109.59
1622 -109.583
1623 -109.6
1624 -109.669
1625 -109.74
1626 -109.786
1627 -109.752
1628 -109.712
1629 -109.676
1630 -109.67
1631 -109.676
1632 -109.69
1633 -109.696
1634 -109.686
1635 -109.648
1636 -109.587
1637 -109.502
1638 -108.816
1639 -108.268
1640 -108.353
1641 -108.381
1642 -108.018
1643 -107.22
1644 -106.215
1645 -105.353
1646 -104.801
1647 -104.472
1648 -104.165
1649 -103.681
1650 -103.009
1651 -102.237
1652 -101.477
1653 -100.792
1654 -100.203
1655 -99.6542
1656 -99.0838
1657 -98.4719
1658 -97.7988
1659 -97.0665
1660 -96.4006
1661 -95.7701
1662 -95.1053
1663 -94.3963
1664 -93.7106
1665 -93.0373
1666 -92.2889
1667 -91.6214
1668 -90.9498
1669 -90.3381
1670 -89.7094
1671 -89.2526
1672 -88.9963
1673 -88.9637
1674 -88.9924
1675 -89.0788
1676 -89.1335
1677 -89.14
1678 -89.2215
1679 -89.3845
1680 -89.6475
1681 -89.9761
1682 -90.3569
1683 -90.7605
1684 -91.3093
1685 -91.9626
1686 -92.7211
1687 -93.4064
1688 -94.0734
1689 -94.6332
1690 -95.2721
1691 -95.8881
1692 -96.5795
1693 -97.2179
1694 -97.7729
1695 -98.2383
1696 -98.6476
1697 -98.9273
1698 -99.239
1699 -99.5315
1700 -99.8085
1701 -100.102
1702 -100.359
1703 -100.642
1704 -100.86
1705 -100.949
1706 -100.949
1707 -100.824
1708 -100.85
1709 -101.01
1710 -101.236
1711 -101.573
1712 -102.076
1713 -102.606
1714 -102.899
1715 -102.977
1716 -102.86
1717 -102.583
1718 -102.147
1719 -101.635
1720 -101.258
1721 -101.113
1722 -100.823
1723 -100.521
1724 -100.302
1725 -100.112
1726 -99.9888
1727 -100.086
1728 -100.236
1729 -100.549
1730 -100.957
1731 -101.501
1732 -101.886
1733 -102.243
1734 -102.648
1735 -103.07
1736 -103.367
1737 -103.44
1738 -103.404
1739 -103.288
1740 -103.103
1741 -102.916
1742 -102.688
1743 -102.601
1744 -102.889
1745 -103.226
1746 -103.392
1747 -103.295
1748 -103.188
1749 -102.953
1750 -102.69
1751 -102.689
1752 -102.862
1753 -103.285
1754 -103.81
1755 -104.223
1756 -104.339
1757 -104.138
1758 -103.757
1759 -103.255
1760 -102.623
1761 -102.107
1762 -101.771
1763 -101.511
1764 -101.325
1765 -101.062
1766 -100.725
1767 -100.475
1768 -100.451
1769 -100.549
1770 -100.729
1771 -101.142
1772 -101.735
1773 -102.218
1774 -102.588
1775 -102.872
1776 -103.065
1777 -103.271
1778 -103.487
1779 -103.574
1780 -103.411
1781 -103.174
1782 -102.981
1783 -102.73
1784 -102.574
1785 -102.733
1786 -103.071
1787 -103.307
1788 -103.332
1789 -103.14
1790 -102.852
1791 -102.661
1792 -102.697
1793 -102.851
1794 -103.207
1795 -103.49
1796 -103.724
1797 -103.879
1798 -103.918
1799 -103.654
1800 -103.131
1801 -102.518
1802 -101.88
1803 -101.466
1804 -101.196
1805 -101.098
1806 -101.015
1807 -100.819
1808 -100.538
1809 -100.373
1810 -100.367
1811 -100.553
1812 -100.979
1813 -101.482
1814 -102.002
1815 -102.454
1816 -102.798
1817 -103.142
1818 -103.319
1819 -103.428
1820 -103.436
1821 -103.305
1822 -102.972
1823 -102.726
1824 -102.542
1825 -102.454
1826 -102.571
1827 -102.881
1828 -103.096
1829 -103.147
1830 -103.125
1831 -102.917
1832 -102.619
1833 -102.51
1834 -102.616
1835 -102.906
1836 -103.302
1837 -103.723
1838 -103.997
1839 -103.968
1840 -103.624
1841 -102.978
1842 -102.25
1843 -101.666
1844 -101.393
1845 -101.234
1846 -101.094
1847 -100.963
1848 -100.672
1849 -100.354
1850 -100.22
1851 -100.278
1852 -100.553
1853 -101.076
1854 -101.645
1855 -102.031
1856 -102.275
1857 -102.563
1858 -102.846
1859 -103.057
1860 -103.315
1861 -103.394
1862 -103.202
1863 -102.926
1864 -102.586
1865 -102.3
1866 -102.197
1867 -102.306
1868 -102.658
1869 -102.937
1870 -102.939
1871 -102.752
1872 -102.495
1873 -102.266
1874 -102.204
1875 -102.293
1876 -102.614
1877 -103.025
1878 -103.357
1879 -103.56
1880 -103.535
1881 -103.205
1882 -102.633
1883 -101.997
1884 -101.391
1885 -101.05
1886 -100.777
1887 -100.715
1888 -100.588
1889 -100.354
1890 -100.022
1891 -99.8529
1892 -99.7893
1893 -99.9035
1894 -100.332
1895 -100.921
1896 -101.451
1897 -101.811
1898 -102.056
1899 -102.282
1900 -102.504
1901 -102.675
1902 -102.799
1903 -102.736
1904 -102.551
1905 -102.319
1906 -102.044
1907 -101.89
1908 -101.954
1909 -102.27
1910 -102.581
1911 -102.629
1912 -102.529
1913 -102.171
1914 -101.765
1915 -101.586
1916 -101.661
1917 -102.018
1918 -102.486
1919 -102.869
1920 -103.09
1921 -102.967
1922 -102.683
1923 -102.177
1924 -101.492
1925 -100.944
1926 -100.665
1927 -100.457
1928 -100.216
1929 -99.9231
1930 -99.7076
1931 -99.4792
1932 -99.4376
1933 -99.4679
1934 -99.6448
1935 -100.065
1936 -100.54
1937 -100.921
1938 -101.158
1939 -101.375
1940 -101.665
1941 -101.92
1942 -102.137
1943 -102.218
1944 -102.046
1945 -101.716
1946 -101.368
1947 -101.173
1948 -101.096
1949 -101.32
1950 -101.65
1951 -101.954
1952 -101.907
1953 -101.639
1954 -101.338
1955 -101.083
1956 -100.998
1957 -101.129
1958 -101.467
1959 -101.878
1960 -102.157
1961 -102.326
1962 -102.338
1963 -101.97
1964 -101.4
1965 -100.739
1966 -100.231
1967 -99.9765
1968 -99.7327
1969 -99.5449
1970 -99.3476
1971 -99.1047
1972 -98.7804
1973 -98.6302
1974 -98.6731
1975 -98.8655
1976 -99.2835
1977 -99.8637
1978 -100.335
1979 -100.574
1980 -100.72
1981 -100.926
1982 -101.233
1983 -101.439
1984 -101.479
1985 -101.373
1986 -101.229
1987 -100.932
1988 -100.607
1989 -100.423
1990 -100.615
1991 -101.039
1992 -101.327
1993 -101.364
1994 -101.272
1995 -100.956
1996 -100.551
1997 -100.355
1998 -100.517
1999 -100.763
2000 -101.153
2001 -101.5
2002 -101.713
2003 -101.578
2004 -101.243
2005 -100.745
2006 -100.168
2007 -99.7376
2008 -99.5087
2009 -99.3332
2010 -99.0988
2011 -98.8076
2012 -98.5557
2013 -98.2899
2014 -98.1298
2015 -98.0721
2016 -98.2752
2017 -98.6817
2018 -99.1601
2019 -99.5437
2020 -99.8138
2021 -100.012
2022 -100.268
2023 -100.484
2024 -100.6
2025 -100.64
2026 -100.59
2027 -100.408
2028 -100.18
2029 -99.937
2030 -99.8035
2031 -99.9213
2032 -100.198
2033 -100.512
2034 -100.663
2035 -100.537
2036 -100.227
2037 -99.8336
2038 -99.6013
2039 -99.7469
2040 -100.159
2041 -100.682
2042 -100.972
2043 -101.152
2044 -101.089
2045 -100.83
2046 -100.242
2047 -99.5916
2048 -99.1256
2049 -98.9714
2050 -98.9552
2051 -98.9644
2052 -99.0816
2053 -99.1821
2054 -99.3408
2055 -99.514
2056 -99.7904
2057 -100.227
2058 -101.008
2059 -102.044
2060 -103.051
2061 -103.8
2062 -104.454
2063 -105.074
2064 -105.736
2065 -106.525
2066 -107.211
2067 -107.708
2068 -108.135
2069 -108.397
2070 -108.531
2071 -108.835
2072 -109.481
2073 -110.419
2074 -111.427
2075 -112.489
2076 -113.368
2077 -113.957
2078 -114.009
2079 -113.858
2080 -113.629
2081 -113.476
2082 -113.507
2083 -113.728
2084 -114.07
2085 -114.227
2086 -114.06
2087 -113.735
2088 -113.489
2089 -113.299
2090 -113.13
2091 -112.961
2092 -112.795
2093 -112.501
2094 -112.054
2095 -111.662
2096 -111.338
2097 -111.066
2098 -110.744
2099 -110.318
2100 -109.856
2101 -109.352
2102 -108.758
2103 -108.189
2104 -107.709
2105 -107.225
2106 -106.748
2107 -106.356
2108 -106.065
2109 -105.843
2110 -105.555
2111 -105.276
2112 -104.989
2113 -104.727
2114 -104.455
2115 -104.282
2116 -104.208
2117 -104.138
2118 -103.984
2119 -103.776
2120 -103.576
2121 -103.421
2122 -103.289
2123 -103.223
2124 -103.216
2125 -103.152
2126 -102.965
2127 -102.716
2128 -102.564
2129 -102.465
2130 -102.397
2131 -102.354
2132 -102.337
2133 -102.354
2134 -102.307
2135 -102.202
2136 -102.096
2137 -102.037
2138 -102.001
2139 -101.99
2140 -102.031
2141 -102.046
2142 -102.015
2143 -101.94
2144 -101.848
2145 -101.763
2146 -101.679
2147 -101.633
2148 -101.637
2149 -101.641
2150 -101.646
2151 -101.62
2152 -101.615
2153 -101.589
2154 -101.57
2155 -101.573
2156 -101.597
2157 -101.618
2158 -101.595
2159 -101.574
2160 -101.56
2161 -101.57
2162 -101.57
2163 -101.56
2164 -101.58
2165 -101.595
2166 -101.588
2167 -101.554
2168 -101.562
2169 -101.584
2170 -101.615
2171 -101.653
2172 -102.304
2173 -102.876
2174 -102.833
2175 -102.818
2176 -103.171
2177 -103.963
2178 -104.964
2179 -105.876
2180 -106.457
2181 -106.789
2182 -107.024
2183 -107.312
2184 -107.828
2185 -108.562
2186 -109.385
2187 -110.187
2188 -110.854
2189 -111.328
2190 -111.765
2191 -112.322
2192 -113.009
2193 -113.834
2194 -114.717
2195 -115.65
2196 -116.58
2197 -117.387
2198 -118.055
2199 -118.697
2200 -119.259
2201 -119.935
2202 -120.5
2203 -121.129
2204 -121.61
2205 -121.918
2206 -121.951
2207 -121.956
2208 -122.034
2209 -122.158
2210 -122.242
2211 -122.202
2212 -121.908
2213 -121.422
2214 -120.885
2215 -120.491
2216 -120.267
2217 -120.14
2218 -119.964
2219 -119.557
2220 -119.057
2221 -118.486
2222 -117.975
2223 -117.622
2224 -117.199
2225 -116.745
2226 -116.151
2227 -115.62
2228 -115.023
2229 -114.576
2230 -114.148
2231 -113.684
2232 -113.147
2233 -112.669
2234 -112.2
2235 -111.765
2236 -111.345
2237 -111.236
2238 -111.219
2239 -111.231
2240 -111.151
2241 -110.906
2242 -110.627
2243 -110.303
2244 -109.983
2245 -109.581
2246 -109.204
2247 -109.11
2248 -109.317
2249 -109.746
2250 -110.315
2251 -110.842
2252 -111.169
2253 -111.25
2254 -111.209
2255 -111.195
2256 -111.13
2257 -111.134
2258 -111.174
2259 -111.267
2260 -111.313
2261 -111.392
2262 -111.412
2263 -111.303
2264 -111.195
2265 -110.992
2266 -110.72
2267 -110.386
2268 -110.154
2269 -110.074
2270 -110.287
2271 -110.534
2272 -110.766
2273 -110.774
2274 -110.429
2275 -109.965
2276 -109.512
2277 -109.22
2278 -109.041
2279 -109.101
2280 -109.285
2281 -109.484
2282 -109.668
2283 -109.573
2284 -109.313
2285 -109.005
2286 -108.82
2287 -108.661
2288 -108.511
2289 -108.689
2290 -109.15
2291 -109.895
2292 -110.586
2293 -110.955
2294 -111.01
2295 -110.894
2296 -110.846
2297 -110.866
2298 -110.967
2299 -111
2300 -111.25
2301 -111.602
2302 -111.748
2303 -111.808
2304 -111.795
2305 -111.754
2306 -111.472
2307 -111.239
2308 -110.953
2309 -110.725
2310 -110.591
2311 -110.672
2312 -110.985
2313 -111.245
2314 -111.319
2315 -111.064
2316 -110.689
2317 -110.259
2318 -109.82
2319 -109.519
2320 -109.495
2321 -109.706
2322 -109.96
2323 -110.256
2324 -110.252
2325 -110.116
2326 -109.83
2327 -109.57
2328 -109.269
2329 -109.044
2330 -109.204
2331 -109.764
2332 -110.508
2333 -111.138
2334 -111.524
2335 -111.595
2336 -111.495
2337 -111.387
2338 -111.38
2339 -111.399
2340 -111.523
2341 -111.697
2342 -111.938
2343 -112.107
2344 -112.202
2345 -112.254
2346 -112.291
2347 -112.266
2348 -112.047
2349 -111.617
2350 -111.326
2351 -111.253
2352 -111.333
2353 -111.453
2354 -111.661
2355 -111.74
2356 -111.562
2357 -111.119
2358 -110.682
2359 -110.264
2360 -110.03
2361 -110.038
2362 -110.215
2363 -110.412
2364 -110.677
2365 -110.802
2366 -110.679
2367 -110.439
2368 -110.109
2369 -109.818
2370 -109.633
2371 -109.814
2372 -110.32
2373 -111.045
2374 -111.752
2375 -112.19
2376 -112.274
2377 -112.1
2378 -111.974
2379 -112.006
2380 -112.04
2381 -112.12
2382 -112.207
2383 -112.486
2384 -112.742
2385 -112.965
2386 -112.926
2387 -112.795
2388 -112.65
2389 -112.444
2390 -112.099
2391 -111.742
2392 -111.526
2393 -111.584
2394 -111.735
2395 -112.004
2396 -112.124
2397 -111.98
2398 -111.608
2399 -111.148
2400 -110.7
2401 -110.394
2402 -110.337
2403 -110.511
2404 -110.795
2405 -111.103
2406 -111.09
2407 -110.864
2408 -110.635
2409 -110.428
2410 -110.142
2411 -109.904
2412 -110.042
2413 -110.499
2414 -111.196
2415 -111.881
2416 -112.283
2417 -112.326
2418 -112.32
2419 -112.245
2420 -112.277
2421 -112.214
2422 -112.166
2423 -112.33
2424 -112.687
2425 -112.864
2426 -113.053
2427 -113.143
2428 -113.182
2429 -113.024
2430 -112.694
2431 -112.305
2432 -112.058
2433 -111.879
2434 -111.872
2435 -111.996
2436 -112.322
2437 -112.495
2438 -112.289
2439 -111.876
2440 -111.375
2441 -110.969
2442 -110.704
2443 -110.713
2444 -110.859
2445 -111.176
2446 -111.486
2447 -111.57
2448 -111.416
2449 -111.069
2450 -110.734
2451 -110.541
2452 -110.404
2453 -110.517
2454 -110.987
2455 -111.702
2456 -112.239
2457 -112.6
2458 -112.679
2459 -112.603
2460 -112.483
2461 -112.427
2462 -112.487
2463 -112.577
2464 -112.647
2465 -112.863
2466 -113.171
2467 -113.422
2468 -113.451
2469 -113.27
2470 -113.079
2471 -112.85
2472 -112.463
2473 -112.02
2474 -111.852
2475 -112.009
2476 -112.227
2477 -112.403
2478 -112.563
2479 -112.44
2480 -111.981
2481 -111.527
2482 -111.079
2483 -110.768
2484 -110.714
2485 -110.925
2486 -111.214
2487 -111.484
2488 -111.486
2489 -111.313
2490 -111.044
2491 -110.749
2492 -110.45
2493 -110.366
2494 -110.503
2495 -110.918
2496 -111.515
2497 -112.181
2498 -112.71
2499 -112.883
2500 -112.733
2501 -112.605
2502 -112.534
2503 -112.417
2504 -112.313
2505 -112.453
2506 -112.794
2507 -113.113
2508 -113.345
2509 -113.419
2510 -113.343
2511 -113.192
2512 -112.851
2513 -112.47
2514 -112.229
2515 -112.183
2516 -112.215
2517 -112.267
2518 -112.352
2519 -112.472
2520 -112.373
2521 -111.951
2522 -111.554
2523 -111.179
2524 -110.959
2525 -110.984
2526 -111.129
2527 -111.305
2528 -111.533
2529 -111.648
2530 -111.501
2531 -111.3
2532 -111.037
2533 -110.812
2534 -110.668
2535 -110.714
2536 -111.116
2537 -111.765
2538 -112.449
2539 -112.823
2540 -112.948
2541 -112.887
2542 -112.726
2543 -112.615
2544 -112.572
2545 -112.657
2546 -112.85
2547 -113.114
2548 -113.31
2549 -113.485
2550 -113.533
2551 -113.501
2552 -113.287
2553 -113.018
2554 -112.713
2555 -112.448
2556 -112.268
2557 -112.271
2558 -112.402
2559 -112.59
2560 -112.645
2561 -112.447
2562 -112.075
2563 -111.795
2564 -111.607
2565 -111.317
2566 -111.026
2567 -111.088
2568 -111.345
2569 -111.464
2570 -111.47
2571 -111.372
2572 -111.157
2573 -110.878
2574 -110.666
2575 -110.508
2576 -110.518
2577 -110.864
2578 -111.545
2579 -112.273
2580 -112.77
2581 -112.855
2582 -112.777
2583 -112.519
2584 -112.203
2585 -111.845
2586 -111.59
2587 -111.431
2588 -111.479
2589 -111.406
2590 -111.303
2591 -111.07
2592 -110.614
2593 -109.976
2594 -109.323
2595 -108.585
2596 -107.733
2597 -106.88
2598 -106.35
2599 -106.045
2600 -105.846
2601 -105.532
2602 -105.065
2603 -104.345
2604 -103.336
2605 -102.205
2606 -101.175
2607 -100.371
2608 -99.7386
2609 -99.3068
2610 -98.9729
2611 -98.6659
2612 -98.2644
2613 -97.9517
2614 -97.613
2615 -97.3323
2616 -96.9932
2617 -96.7571
2618 -96.6505
2619 -96.8037
2620 -97.0065
2621 -97.201
2622 -97.2989
2623 -97.3709
2624 -97.4549
2625 -97.644
2626 -97.9816
2627 -98.5647
2628 -99.1185
2629 -99.5742
2630 -99.8445
2631 -100.017
2632 -100.238
2633 -100.597
2634 -101.2
2635 -101.857
2636 -102.534
2637 -103.13
2638 -103.549
2639 -103.892
2640 -104.201
2641 -104.547
2642 -104.94
2643 -105.298
2644 -105.628
2645 -105.921
2646 -106.244
2647 -106.538
2648 -106.75
2649 -106.888
2650 -106.977
2651 -107.118
2652 -107.299
2653 -107.477
2654 -107.632
2655 -107.701
2656 -107.74
2657 -107.783
2658 -107.866
2659 -108.032
2660 -108.163
2661 -108.271
2662 -108.343
2663 -108.403
2664 -108.449
2665 -108.505
2666 -108.566
2667 -108.64
2668 -108.709
2669 -108.767
2670 -108.771
2671 -108.748
2672 -108.73
2673 -108.779
2674 -108.862
2675 -108.974
2676 -109.064
2677 -109.119
2678 -109.112
2679 -109.127
2680 -109.145
2681 -109.184
2682 -109.227
2683 -109.231
2684 -109.236
2685 -109.23
2686 -109.225
2687 -109.24
2688 -109.244
2689 -109.261
2690 -109.27
2691 -109.284
2692 -109.315
2693 -109.353
2694 -109.352
2695 -109.36
2696 -109.378
2697 -109.384
2698 -109.38
2699 -109.395
2700 -109.441
2701 -109.466
2702 -109.481
2703 -109.477
2704 -109.452
2705 -109.39
2706 -108.75
2707 -108.142
2708 -108.174
2709 -108.164
2710 -107.766
2711 -106.982
2712 -105.969
2713 -105.066
2714 -104.469
2715 -104.066
2716 -103.702
2717 -103.237
2718 -102.669
2719 -101.986
2720 -101.269
2721 -100.563
2722 -99.9069
2723 -99.2848
2724 -98.6944
2725 -98.1353
2726 -97.6032
2727 -96.9753
2728 -96.293
2729 -95.5712
2730 -94.7867
2731 -93.9859
2732 -93.2989
2733 -92.6495
2734 -92.0027
2735 -91.4394
2736 -90.7877
2737 -90.1603
2738 -89.5931
2739 -89.2784
2740 -89.0783
2741 -88.9581
2742 -88.7983
2743 -88.7147
2744 -88.7532
2745 -88.9739
2746 -89.2661
2747 -89.4905
2748 -89.6838
2749 -89.8312
2750 -90.0927
2751 -90.5182
2752 -91.0932
2753 -91.7847
2754 -92.4467
2755 -93.2119
2756 -93.978
2757 -94.6082
2758 -95.1239
2759 -95.6394
2760 -96.3392
2761 -97.0532
2762 -97.6195
2763 -98.0155
2764 -98.4367
2765 -98.7817
2766 -99.1459
2767 -99.4402
2768 -99.6373
2769 -99.8186
2770 -100.127
2771 -100.59
2772 -100.905
2773 -100.965
2774 -100.892
2775 -100.805
2776 -100.78
2777 -100.858
2778 -101.087
2779 -101.537
2780 -102.068
2781 -102.527
2782 -102.763
2783 -102.792
2784 -102.679
2785 -102.423
2786 -101.927
2787 -101.402
2788 -101.12
2789 -100.943
2790 -100.674
2791 -100.415
2792 -100.301
2793 -100.156
2794 -99.9641
2795 -99.9739
2796 -100.116
2797 -100.413
2798 -100.904
2799 -101.428
2800 -101.922
2801 -102.227
2802 -102.471
2803 -102.8
2804 -103.118
2805 -103.273
2806 -103.275
2807 -103.22
2808 -103.037
2809 -102.822
2810 -102.516
2811 -102.494
2812 -102.786
2813 -103.137
2814 -103.351
2815 -103.318
2816 -103.218
2817 -102.963
2818 -102.597
2819 -102.502
2820 -102.747
2821 -103.198
2822 -103.715
2823 -103.995
2824 -104.088
2825 -103.932
2826 -103.651
2827 -103.116
2828 -102.567
2829 -102.117
2830 -101.871
2831 -101.551
2832 -101.408
2833 -101.224
2834 -100.894
2835 -100.671
2836 -100.605
2837 -100.611
2838 -100.672
2839 -100.982
2840 -101.587
2841 -102.069
2842 -102.515
2843 -102.874
2844 -103.176
2845 -103.332
2846 -103.393
2847 -103.391
2848 -103.218
2849 -102.992
2850 -102.778
2851 -102.611
2852 -102.602
2853 -102.804
2854 -103.032
2855 -103.207
2856 -103.231
2857 -103.062
2858 -102.79
2859 -102.476
2860 -102.5
2861 -102.647
2862 -103.006
2863 -103.416
2864 -103.743
2865 -103.931
2866 -103.902
2867 -103.573
2868 -102.964
2869 -102.402
2870 -101.883
2871 -101.643
2872 -101.372
2873 -101.139
2874 -100.967
2875 -100.835
2876 -100.597
2877 -100.385
2878 -100.402
2879 -100.552
2880 -100.874
2881 -101.392
2882 -101.946
2883 -102.389
2884 -102.751
2885 -103.102
2886 -103.325
2887 -103.399
2888 -103.398
2889 -103.204
2890 -102.923
2891 -102.737
2892 -102.623
2893 -102.48
2894 -102.47
2895 -102.859
2896 -103.261
2897 -103.397
2898 -103.2
2899 -102.982
2900 -102.817
2901 -102.781
2902 -102.819
2903 -103.023
2904 -103.386
2905 -103.77
2906 -103.986
2907 -103.859
2908 -103.603
2909 -103.066
2910 -102.472
2911 -101.84
2912 -101.464
2913 -101.197
2914 -101.163
2915 -101.051
2916 -100.792
2917 -100.462
2918 -100.311
2919 -100.355
2920 -100.564
2921 -100.96
2922 -101.453
2923 -101.882
2924 -102.281
2925 -102.59
2926 -102.971
2927 -103.161
2928 -103.24
2929 -103.181
2930 -102.986
2931 -102.721
2932 -102.51
2933 -102.231
2934 -102.197
2935 -102.391
2936 -102.721
2937 -102.904
2938 -102.924
2939 -102.855
2940 -102.724
2941 -102.51
2942 -102.521
2943 -102.615
2944 -102.839
2945 -102.972
2946 -102.909
2947 -103.02
2948 -103.127
2949 -103.111
2950 -102.771
2951 -102.164
2952 -101.543
2953 -101.173
2954 -100.817
2955 -100.662
2956 -100.591
2957 -100.53
2958 -100.445
2959 -100.334
2960 -100.182
2961 -100.122
2962 -100.451
2963 -100.994
2964 -101.515
2965 -101.959
2966 -102.259
2967 -102.535
2968 -102.754
2969 -102.876
2970 -102.814
2971 -102.643
2972 -102.421
2973 -102.292
2974 -102.101
2975 -101.959
2976 -102.009
2977 -102.345
2978 -102.722
2979 -102.815
2980 -102.66
2981 -102.312
2982 -101.991
2983 -101.897
2984 -101.906
2985 -102.143
2986 -102.514
2987 -102.943
2988 -103.248
2989 -103.145
2990 -102.712
2991 -102.12
2992 -101.504
2993 -100.959
2994 -100.659
2995 -100.455
2996 -100.306
2997 -100.201
2998 -100.01
2999 -99.6921
3000 -99.4505
3001 -99.3894
3002 -99.5942
3003 -100.012
3004 -100.565
3005 -100.982
3006 -101.33
3007 -101.536
3008 -101.766
3009 -102.016
3010 -102.173
3011 -102.235
3012 -102.145
3013 -101.889
3014 -101.614
3015 -101.407
3016 -101.324
3017 -101.489
3018 -101.791
3019 -101.998
3020 -102.022
3021 -101.828
3022 -101.511
3023 -101.238
3024 -101.122
3025 -101.277
3026 -101.609
3027 -102.125
3028 -102.448
3029 -102.555
3030 -102.399
3031 -102.125
3032 -101.622
3033 -100.983
3034 -100.416
3035 -100.142
3036 -99.896
3037 -99.6883
3038 -99.4814
3039 -99.2021
3040 -98.938
3041 -98.8224
3042 -98.7887
3043 -98.9435
3044 -99.3126
3045 -99.7617
3046 -100.27
3047 -100.625
3048 -101.019
3049 -101.366
3050 -101.625
3051 -101.787
3052 -101.765
3053 -101.551
3054 -101.182
3055 -100.996
3056 -100.827
3057 -100.676
3058 -100.81
3059 -101.122
3060 -101.425
3061 -101.461
3062 -101.297
3063 -100.957
3064 -100.669
3065 -100.511
3066 -100.637
3067 -100.941
3068 -101.315
3069 -101.589
3070 -101.852
3071 -101.822
3072 -101.506
3073 -100.982
3074 -100.359
3075 -99.8633
3076 -99.6179
3077 -99.4106
3078 -99.1772
3079 -98.9596
3080 -98.6858
3081 -98.3833
3082 -98.1751
3083 -98.0564
3084 -98.222
3085 -98.7202
3086 -99.3385
3087 -99.8488
3088 -100.116
3089 -100.221
3090 -100.427
3091 -100.761
3092 -100.88
3093 -100.88
3094 -100.794
3095 -100.594
3096 -100.392
3097 -100.142
3098 -99.8954
3099 -99.9543
3100 -100.347
3101 -100.655
3102 -100.723
3103 -100.613
3104 -100.294
3105 -99.9585
3106 -99.8005
3107 -99.9744
3108 -100.303
3109 -100.759
3110 -101.14
3111 -101.344
3112 -101.222
3113 -100.868
3114 -100.303
3115 -99.7556
3116 -99.3646
3117 -99.1399
3118 -99.0939
3119 -99.1102
3120 -99.2242
3121 -99.33
3122 -99.4169
3123 -99.7056
3124 -100.022
3125 -100.506
3126 -101.201
3127 -102.146
3128 -103.015
3129 -103.811
3130 -104.739
3131 -105.515
3132 -106.075
3133 -106.668
3134 -107.297
3135 -107.843
3136 -108.164
3137 -108.415
3138 -108.722
3139 -109.076
3140 -109.654
3141 -110.53
3142 -111.56
3143 -112.613
3144 -113.427
3145 -114.054
3146 -114.233
3147 -114.11
3148 -113.776
3149 -113.565
3150 -113.619
3151 -113.84
3152 -114.146
3153 -114.257
3154 -114.197
3155 -113.918
3156 -113.648
3157 -113.42
3158 -113.286
3159 -113.108
3160 -112.924
3161 -112.683
3162 -112.301
3163 -111.845
3164 -111.425
3165 -111.153
3166 -110.914
3167 -110.586
3168 -110.089
3169 -109.425
3170 -108.732
3171 -108.096
3172 -107.609
3173 -107.239
3174 -106.957
3175 -106.666
3176 -106.305
3177 -105.92
3178 -105.551
3179 -105.267
3180 -105.064
3181 -104.895
3182 -104.762
3183 -104.634
3184 -104.504
3185 -104.335
3186 -104.109
3187 -103.856
3188 -103.659
3189 -103.542
3190 -103.494
3191 -103.455
3192 -103.378
3193 -103.24
3194 -103.052
3195 -102.861
3196 -102.749
3197 -102.743
3198 -102.78
3199 -102.764
3200 -102.675
3201 -102.522
3202 -102.391
3203 -102.305
3204 -102.262
3205 -102.305
3206 -102.33
3207 -102.321
3208 -102.25
3209 -102.209
3210 -102.188
3211 -102.182
3212 -102.177
3213 -102.167
3214 -102.138
3215 -102.099
3216 -102.051
3217 -101.996
3218 -101.976
3219 -101.979
3220 -101.99
3221 -101.97
3222 -101.955
3223 -101.938
3224 -101.914
3225 -101.908
3226 -101.9
3227 -101.903
3228 -101.849
3229 -101.824
3230 -101.81
3231 -101.82
3232 -101.839
3233 -101.825
3234 -101.81
3235 -101.784
3236 -101.76
3237 -101.754
3238 -101.754
3239 -101.763
3240 -101.757
3241 -101.742
3242 -101.737
3243 -101.73
3244 -101.72
3245 -101.739
3246 -101.72
3247 -101.711
3248 -101.724
3249 -101.722
3250 -101.727
3251 -101.716
3252 -101.693
3253 -101.697
3254 -101.698
3255 -101.693
3256 -101.698
3257 -101.7
3258 -101.719
3259 -101.72
3260 -101.711
3261 -101.718
3262 -101.711
3263 -101.727
3264 -101.764
3265 -101.773
3266 -101.76
3267 -101.744
3268 -101.72
3269 -101.729
3270 -101.759
3271 -101.789
3272 -101.8
3273 -101.789
3274 -101.758
3275 -101.76
3276 -101.753
3277 -101.78
3278 -101.787
3279 -101.8
3280 -101.792
3281 -101.773
3282 -101.751
3283 -101.744
3284 -101.779
3285 -101.8
3286 -101.829
3287 -101.81
3288 -101.789
3289 -101.78
3290 -101.782
3291 -101.805
3292 -101.824
3293 -101.81
3294 -101.802
3295 -101.781
3296 -101.799
3297 -101.8
3298 -101.805
3299 -101.809
3300 -101.8
3301 -101.812
3302 -101.806
3303 -101.808
3304 -101.808
3305 -101.813
3306 -101.812
3307 -101.824
3308 -101.839
3309 -101.84
3310 -101.85
3311 -101.855
3312 -101.852
3313 -101.864
3314 -101.852
3315 -101.86
3316 -101.87
3317 -101.87
3318 -101.887
3319 -101.871
3320 -101.866
3321 -101.851
3322 -101.87
3323 -101.88
3324 -101.891
3325 -101.899
3326 -101.884
3327 -101.88
3328 -101.88
3329 -101.92
3330 -101.928
3331 -101.91
3332 -101.91
3333 -101.914
3334 -101.901
3335 -101.925
3336 -101.91
3337 -101.916
3338 -101.92
3339 -101.926
3340 -101.92
3341 -101.913
3342 -101.91
3343 -101.918
3344 -101.923
3345 -101.921
3346 -101.92
3347 -101.92
3348 -101.925
3349 -101.931
3350 -101.944
3351 -101.949
3352 -101.94
3353 -101.932
3354 -101.947
3355 -101.963
3356 -101.962
3357 -101.96
3358 -101.96
3359 -101.954
3360 -101.95
3361 -101.96
3362 -101.96
3363 -101.976
3364 -101.969
3365 -101.967
3366 -101.976
3367 -101.967
3368 -101.98
3369 -101.988
3370 -101.98
3371 -101.98
3372 -101.996
3373 -102.01
3374 -102.005
3375 -102.009
3376 -101.996
3377 -102.011
3378 -102.02
3379 -102.018
3380 -102.002
3381 -102.013
3382 -102.012
3383 -102.01
3384 -102.019
3385 -102.03
3386 -102.02
3387 -102.025
3388 -102.02
3389 -102.032
3390 -102.03
3391 -102.03
3392 -102.028
3393 -102.043
3394 -102.047
3395 -102.04
3396 -102.036
3397 -102.039
3398 -102.055
3399 -102.06
