0 -113.954
1 -113.481
2 -114.102
3 -114.104
4 -112.402
5 -110.997
6 -111.642
7 -112.729
8 -112.775
9 -112.482
10 -113.915
11 -114.091
12 -114.166
13 -113.382
14 -112.122
15 -112.035
16 -112.227
17 -113.714
18 -113.268
19 -114.26
20 -114.07
21 -115.188
22 -114.821
23 -115.67
24 -113.797
25 -114.498
26 -114.993
27 -115.737
28 -115.692
29 -116.002
30 -116.078
31 -116.286
32 -115.744
33 -115.19
34 -115.291
35 -114.214
36 -114.811
37 -112.442
38 -114.511
39 -113.436
40 -115.26
41 -115.832
42 -115.293
43 -113.97
44 -114.895
45 -113.637
46 -113.853
47 -113.12
48 -113.001
49 -113.87
50 -114.442
51 -114.272
52 -112.756
53 -114.612
54 -113.909
55 -112.437
56 -114.114
57 -113.708
58 -111.926
59 -112.632
60 -113.536
61 -113.617
62 -114.799
63 -117.234
64 -116.523
65 -117.407
66 -115.044
67 -114.536
68 -113.792
69 -115.54
70 -114.955
71 -116.274
72 -116.128
73 -114.929
74 -116.076
75 -117.051
76 -115.851
77 -116.463
78 -115.798
79 -115.243
80 -115.943
81 -115.537
82 -116.63
83 -116.548
84 -114.794
85 -113.935
86 -115.851
87 -114.548
88 -114.844
89 -114.628
90 -113.438
91 -113.727
92 -111.709
93 -114.013
94 -113.2
95 -113.665
96 -113.667
97 -114.692
98 -114.9
99 -113.57
100 -113.353
101 -113.689
102 -113.595
103 -112.781
104 -115.066
105 -115.226
106 -115.506
107 -116.275
108 -116.002
109 -115.151
110 -115.442
111 -114.721
112 -116.394
113 -117.053
114 -116.905
115 -118.169
116 -116.346
117 -116.231
118 -117.49
119 -116.44
120 -117.294
121 -115.672
122 -115.68
123 -116.317
124 -115.936
125 -116.629
126 -116.133
127 -115.294
128 -115.731
129 -115.588
130 -114.41
131 -115.02
132 -114.321
133 -115.046
134 -115.151
135 -114.11
136 -114.612
137 -115.736
138 -115.033
139 -116.199
140 -115.349
141 -116.133
142 -113.792
143 -115.595
144 -114.846
145 -116.731
146 -117.523
147 -116.083
148 -117.515
149 -117.358
150 -115.349
151 -116.776
152 -117.06
153 -116.409
154 -116.04
155 -116.746
156 -116.457
157 -116.668
158 -117.821
159 -118.612
160 -116.979
161 -116.42
162 -117.523
163 -117.409
164 -115.638
165 -116.831
166 -116.181
167 -116.049
168 -115.721
169 -116.744
170 -115.558
171 -114.682
172 -114.051
173 -114.424
174 -114.599
175 -114.728
176 -115.462
177 -114.686
178 -116.328
179 -116.147
180 -116.928
181 -115.619
182 -115.297
183 -113.828
184 -115.142
185 -115.199
186 -115.378
187 -115.721
188 -117.568
189 -116.624
190 -117.956
191 -117.908
192 -116.955
193 -116.474
194 -115.956
195 -116.233
196 -117.638
197 -117.011
198 -115.982
199 -117.872
200 -119.24
201 -116.508
202 -117.442
203 -117.154
204 -117.137
205 -117.44
206 -117.037
207 -114.768
208 -117.106
209 -116.029
210 -117.852
211 -117.346
212 -117.277
213 -116.293
214 -113.917
215 -115.428
216 -115.835
217 -114.371
218 -113.924
219 -115.25
220 -115.996
221 -115.388
222 -116.509
223 -115.312
224 -117.041
225 -116.109
226 -115.147
227 -114.171
228 -115.986
229 -116.402
230 -116.01
231 -115.889
232 -117.709
233 -117.157
234 -116.582
235 -115.772
236 -115.896
237 -115.248
238 -117.345
239 -116.973
240 -117.699
241 -116.393
242 -115.734
243 -118.564
244 -117.459
245 -116.727
246 -117.23
247 -116.354
248 -118.001
249 -117.47
250 -116.741
251 -116.418
252 -115.98
253 -117.536
254 -117.096
255 -117.629
256 -116.047
257 -116.303
258 -114.412
259 -115.817
260 -115.83
261 -113.583
262 -114.845
263 -116.078
264 -117.046
265 -116.27
266 -115.822
267 -116.038
268 -115.565
269 -115.031
270 -116.061
271 -117.289
272 -115.955
273 -117.597
274 -118.995
275 -118.291
276 -117.798
277 -118.118
278 -116.735
279 -116.975
280 -117.576
281 -116.774
282 -117.663
283 -118.554
284 -117.549
285 -118.629
286 -117.782
287 -116.777
288 -117.002
289 -116.324
290 -116.132
291 -116.807
292 -117.838
293 -116.426
294 -116.726
295 -116.605
296 -119.157
297 -116.766
298 -117.005
299 -115.933
300 -115.665
301 -115.177
302 -115.308
303 -115.386
304 -116.793
305 -116.595
306 -115.739
307 -116.642
308 -114.203
309 -116.994
310 -117.03
311 -115.884
312 -116.72
313 -114.065
314 -117.179
315 -118.931
316 -117.578
317 -117.145
318 -117.232
319 -115.734
320 -115.664
321 -115.371
322 -115.501
323 -115.019
324 -116.733
325 -115.111
326 -114.882
327 -113.588
328 -113.201
329 -113.85
330 -114.064
331 -112.151
332 -110.519
333 -110.302
334 -110.543
335 -109.629
336 -109.421
337 -110.248
338 -109.554
339 -107.391
340 -108.104
341 -106.383
342 -106.077
343 -103.48
344 -104.355
345 -102.848
346 -101.806
347 -101.906
348 -102.614
349 -101.568
350 -100.613
351 -101.002
352 -100.328
353 -100.167
354 -101.273
355 -102.773
356 -101.183
357 -99.7807
358 -101.391
359 -101.755
360 -101.727
361 -102.147
362 -101.388
363 -103.235
364 -102.458
365 -103.375
366 -103.641
367 -103.582
368 -103.461
369 -103.184
370 -104.28
371 -105.695
372 -105.36
373 -106.104
374 -107.886
375 -108.208
376 -107.67
377 -108.795
378 -108.087
379 -109.05
380 -109.691
381 -109.519
382 -110.533
383 -109.247
384 -108.969
385 -108.239
386 -109.213
387 -110.376
388 -109.428
389 -110.669
390 -111.083
391 -110.409
392 -112.364
393 -113.364
394 -111.633
395 -113.365
396 -112.58
397 -110.401
398 -112.189
399 -112.763
400 -111.9
401 -112.15
402 -113.545
403 -114.106
404 -112.89
405 -111.28
406 -112.526
407 -112.123
408 -113.542
409 -113.021
410 -113.532
411 -113.763
412 -113.358
413 -112.693
414 -112.991
415 -113.068
416 -113.96
417 -112.869
418 -113.294
419 -113.177
420 -114.104
421 -114.734
422 -113.189
423 -114.616
424 -113.12
425 -113.206
426 -113.837
427 -113.669
428 -113.067
429 -113.065
430 -114.522
431 -112.729
432 -114.22
433 -113.092
434 -113.527
435 -113.927
436 -113.38
437 -112.957
438 -112.996
439 -113.691
440 -113.256
441 -112.968
442 -112.679
443 -112.599
444 -113.079
445 -113.853
446 -115.371
447 -114.134
448 -112.421
449 -111.858
450 -112.81
451 -112.526
452 -112.2
453 -112.807
454 -110.55
455 -111.841
456 -108.626
457 -108.898
458 -109.662
459 -108.513
460 -107.27
461 -107.252
462 -107.346
463 -104.943
464 -105.589
465 -105.055
466 -104.781
467 -103.725
468 -102.147
469 -102.767
470 -103.403
471 -101.156
472 -100.718
473 -99.8177
474 -99.9547
475 -100.749
476 -96.6838
477 -99.1785
478 -96.8493
479 -95.353
480 -95.6471
481 -95.3262
482 -93.9334
483 -94.3316
484 -92.6822
485 -93.6741
486 -92.4619
487 -91.9175
488 -91.8449
489 -92.6542
490 -91.2894
491 -91.7915
492 -91.7417
493 -92.3361
494 -91.8356
495 -92.3401
496 -92.0508
497 -93.627
498 -94.2769
499 -94.9821
500 -94.5778
501 -95.1304
502 -94.6039
503 -96.1881
504 -98.1152
505 -97.5892
506 -99.3196
507 -97.7729
508 -99.4431
509 -100.571
510 -101.37
511 -100.399
512 -103.174
513 -101.48
514 -103.419
515 -102.61
516 -102.62
517 -102.587
518 -102.8
519 -102.456
520 -103.482
521 -104.442
522 -104.836
523 -104.001
524 -104.462
525 -104.302
526 -103.74
527 -104.935
528 -104.045
529 -106.052
530 -105.944
531 -104.785
532 -105.527
533 -103.524
534 -106.177
535 -104.365
536 -103.909
537 -103.668
538 -105.538
539 -103.306
540 -103.749
541 -102.879
542 -103.089
543 -103.319
544 -103.145
545 -103.027
546 -104.658
547 -104.724
548 -105.186
549 -105.659
550 -105.513
551 -105.865
552 -106.615
553 -106.499
554 -107.563
555 -106.94
556 -107.077
557 -105.872
558 -105.187
559 -105.74
560 -106.17
561 -105.618
562 -105.487
563 -106.064
564 -104.948
565 -103.052
566 -108.007
567 -105.497
568 -104.842
569 -105.886
570 -105.582
571 -106.469
572 -107.113
573 -107.032
574 -108.411
575 -106.779
576 -105.424
577 -105.277
578 -106.175
579 -103.592
580 -104.794
581 -103.979
582 -105.596
583 -102.908
584 -104.278
585 -102.68
586 -104.829
587 -102.737
588 -103.251
589 -104.942
590 -106.982
591 -104.807
592 -104.477
593 -105.905
594 -106.483
595 -106.645
596 -107.395
597 -107.942
598 -107.431
599 -107.054
600 -106.26
601 -106.915
602 -105.043
603 -106.078
604 -106.647
605 -106.885
606 -106.889
607 -105.608
608 -105.713
609 -104.866
610 -105.303
611 -105.913
612 -106.065
613 -106.74
614 -106.557
615 -107.563
616 -107.183
617 -106.353
618 -106.409
619 -106.335
620 -104.673
621 -104.727
622 -104.351
623 -104.64
624 -103.926
625 -105.88
626 -104.24
627 -104.913
628 -104.095
629 -103.863
630 -104.587
631 -104.983
632 -105.724
633 -105.98
634 -105.641
635 -106.14
636 -105.251
637 -104.504
638 -106.869
639 -107.078
640 -105.845
641 -106.744
642 -105.312
643 -105.481
644 -106.319
645 -106.304
646 -105.845
647 -105.677
648 -106.09
649 -105.854
650 -105.11
651 -105.986
652 -106.575
653 -105.796
654 -105.366
655 -107.192
656 -105.298
657 -106.557
658 -107.032
659 -106.629
660 -107.072
661 -105.069
662 -105.652
663 -104.792
664 -103.224
665 -104.711
666 -103.817
667 -105.81
668 -105.194
669 -103.905
670 -103.803
671 -104.186
672 -104.019
673 -103.356
674 -104.438
675 -105.139
676 -106.081
677 -106.736
678 -105.394
679 -106.636
680 -106.23
681 -103.602
682 -105.815
683 -106.506
684 -106.294
685 -104.415
686 -103.472
687 -104.649
688 -105.962
689 -106.028
690 -105.15
691 -104.557
692 -105.571
693 -105.416
694 -105.028
695 -105.16
696 -104.932
697 -106.786
698 -105.127
699 -106.918
700 -106.328
701 -105.943
702 -105.837
703 -105.139
704 -104.36
705 -103.034
706 -101.501
707 -102.931
708 -104.247
709 -104.467
710 -102.61
711 -102.714
712 -100.349
713 -104.089
714 -103.104
715 -102.639
716 -103.803
717 -103.2
718 -105.273
719 -106.164
720 -104.427
721 -105.131
722 -104.329
723 -104.72
724 -105.311
725 -105.525
726 -105.002
727 -104.592
728 -104.779
729 -105.522
730 -104.002
731 -105.001
732 -105.036
733 -103.883
734 -104.992
735 -102.214
736 -103.299
737 -104.528
738 -105.829
739 -106.011
740 -104.624
741 -106.276
742 -106.011
743 -105.967
744 -104.139
745 -104.234
746 -102.864
747 -101.657
748 -102.133
749 -103.716
750 -102.778
751 -103.423
752 -103.278
753 -102.505
754 -101.594
755 -102.518
756 -103.598
757 -101.174
758 -103.856
759 -102.485
760 -104.226
761 -104.321
762 -105.424
763 -105.732
764 -105.172
765 -104.619
766 -105.846
767 -104.353
768 -103.931
769 -103.132
770 -103.698
771 -105.314
772 -103.828
773 -104.667
774 -106.65
775 -104.992
776 -104.176
777 -103.284
778 -104.154
779 -104.155
780 -103.616
781 -104.228
782 -105.093
783 -103.514
784 -104.29
785 -105.164
786 -104.252
787 -103.964
788 -103.576
789 -102.271
790 -101.345
791 -102.673
792 -101.533
793 -102.632
794 -102.091
795 -101.931
796 -101.19
797 -101.193
798 -102.676
799 -104.023
800 -102.243
801 -103.043
802 -102.561
803 -102.57
804 -102.217
805 -103.928
806 -103.858
807 -103.772
808 -103.946
809 -103.319
810 -104.672
811 -103.048
812 -102.535
813 -103.018
814 -104.027
815 -103.692
816 -103.638
817 -103.734
818 -104.772
819 -103.479
820 -102.884
821 -103.592
822 -103.575
823 -104.651
824 -104.468
825 -104.082
826 -103.581
827 -104.544
828 -104.305
829 -103.514
830 -102.875
831 -102.232
832 -103.191
833 -102.368
834 -101.901
835 -101.576
836 -101.31
837 -102.398
838 -101.476
839 -101.797
840 -99.3821
841 -101.068
842 -102.432
843 -102.295
844 -101.345
845 -102.787
846 -101.518
847 -103.559
848 -103.068
849 -102.514
850 -102.551
851 -102.706
852 -103.286
853 -101.537
854 -102.734
855 -102.103
856 -101.659
857 -102.645
858 -103.7
859 -103.102
860 -102.951
861 -102.22
862 -103.103
863 -102.851
864 -102.814
865 -102.488
866 -103.477
867 -103.492
868 -104.383
869 -102.448
870 -103.171
871 -103.358
872 -102.59
873 -101.525
874 -101.588
875 -104.085
876 -103.027
877 -102.419
878 -101.636
879 -102.112
880 -104.66
881 -102.847
882 -103.662
883 -105.029
884 -104.07
885 -106.882
886 -106.29
887 -107.56
888 -108.227
889 -108.782
890 -110.983
891 -109.785
892 -109.464
893 -110.715
894 -111.514
895 -112.308
896 -111.819
897 -112.476
898 -112.108
899 -113.943
900 -114.892
901 -115.972
902 -117.688
903 -115.884
904 -117.807
905 -116.018
906 -116.482
907 -115.69
908 -117.154
909 -118.142
910 -115.679
911 -116.047
912 -115.711
913 -116.666
914 -116.058
915 -116.976
916 -114.427
917 -116.277
918 -117.075
919 -115.005
920 -114.171
921 -115.91
922 -114.453
923 -115.389
924 -114.19
925 -114.118
926 -113.247
927 -111.401
928 -111.911
929 -112.986
930 -111.955
931 -111.016
932 -110.247
933 -110.302
934 -110.117
935 -109.893
936 -109.361
937 -109.689
938 -106.343
939 -107.591
940 -108.199
941 -106.633
942 -107.995
943 -106.058
944 -105.893
945 -106.437
946 -106.396
947 -106.214
948 -107.271
949 -105.699
950 -105.233
951 -105.868
952 -105.249
953 -105.225
954 -105.335
955 -105.761
956 -106.741
957 -105.543
958 -104.845
959 -105.829
960 -104.784
961 -104.02
962 -104.293
963 -104.894
964 -105.276
965 -105.334
966 -103.578
967 -104.878
968 -104.973
969 -104.123
970 -104.25
971 -103.906
972 -104.342
973 -104.048
974 -104.83
975 -104.451
976 -102.905
977 -103.437
978 -103.29
979 -104.458
980 -105.453
981 -102.811
982 -103.329
983 -104.54
984 -105.16
985 -103.93
986 -105.396
987 -103.292
988 -106.304
989 -104.846
990 -101.916
991 -102.606
992 -103.391
993 -104.364
994 -103.567
995 -103.77
996 -104.843
997 -104.643
998 -105.306
999 -103.864
1000 -104.151
1001 -103.626
1002 -104.938
1003 -103.808
1004 -103.279
1005 -105.072
1006 -105.273
1007 -105.857
1008 -104.977
1009 -105.467
1010 -105.978
1011 -108.016
1012 -106.525
1013 -109.85
1014 -109.597
1015 -111.171
1016 -108.587
1017 -108.898
1018 -111.489
1019 -112.387
1020 -111.96
1021 -113.999
1022 -112.881
1023 -113.22
1024 -114.553
1025 -115.414
1026 -114.741
1027 -118.485
1028 -116.717
1029 -118.182
1030 -117.18
1031 -118.479
1032 -120.253
1033 -120.818
1034 -121.349
1035 -120.758
1036 -122.506
1037 -123.645
1038 -124.498
1039 -124.689
1040 -124.873
1041 -125.059
1042 -124.781
1043 -125.394
1044 -124.627
1045 -124.072
1046 -127.254
1047 -124.727
1048 -126.112
1049 -124.455
1050 -123.852
1051 -124.836
1052 -123.522
1053 -124.352
1054 -122.73
1055 -123.212
1056 -122.059
1057 -121.899
1058 -122.404
1059 -122.26
1060 -120.795
1061 -121.062
1062 -118.938
1063 -119.234
1064 -117.859
1065 -119.215
1066 -117.792
1067 -117.234
1068 -117.316
1069 -116.752
1070 -116.351
1071 -115.952
1072 -115.87
1073 -113.809
1074 -114.669
1075 -113.967
1076 -114.311
1077 -114.413
1078 -113.721
1079 -114.597
1080 -114.557
1081 -112.927
1082 -113.621
1083 -112.621
1084 -114.74
1085 -112.798
1086 -112.173
1087 -113.666
1088 -114.356
1089 -114.965
1090 -113.894
1091 -114.571
1092 -112.21
1093 -115.556
1094 -113.972
1095 -113.823
1096 -113.196
1097 -114.574
1098 -114.978
1099 -113.368
1100 -115.579
1101 -115.003
1102 -114.901
1103 -113.099
1104 -113.092
1105 -113.83
1106 -113.451
1107 -113.934
1108 -113.732
1109 -114.685
1110 -111.956
1111 -113.097
1112 -114.088
1113 -113.996
1114 -113.36
1115 -111.889
1116 -112.609
1117 -113.052
1118 -112.26
1119 -113.104
1120 -111.62
1121 -113.72
1122 -113.291
1123 -113.219
1124 -111.979
1125 -112.247
1126 -112.771
1127 -112.093
1128 -111.934
1129 -111.277
1130 -113.28
1131 -113.424
1132 -114.546
1133 -112.501
1134 -114.822
1135 -113.681
1136 -114.261
1137 -113.601
1138 -114.173
1139 -114.875
1140 -114.579
1141 -115.832
1142 -115.358
1143 -115.01
1144 -114.344
1145 -115.356
1146 -114.931
1147 -114.355
1148 -114.657
1149 -115.125
1150 -113.618
1151 -112.925
1152 -115.172
1153 -114.102
1154 -115.08
1155 -112.885
1156 -112.285
1157 -112.242
1158 -112.886
1159 -113.004
1160 -113.932
1161 -114.209
1162 -112.222
1163 -113.869
1164 -113.131
1165 -113.053
1166 -114.035
1167 -112.837
1168 -113.363
1169 -113.214
1170 -113.407
1171 -113.189
1172 -114.374
1173 -115.444
1174 -113.746
1175 -115.424
1176 -114.054
1177 -115.024
1178 -114.832
1179 -114.196
1180 -112.274
1181 -113.916
1182 -114.748
1183 -114.934
1184 -115.396
1185 -115.374
1186 -115.965
1187 -116.016
1188 -116.27
1189 -114.126
1190 -114.625
1191 -113.868
1192 -115.642
1193 -114.327
1194 -116.285
1195 -114.96
1196 -115.784
1197 -113.325
1198 -113.595
1199 -114.348
1200 -114.255
1201 -112.136
1202 -112.878
1203 -113.322
1204 -113.47
1205 -113.761
1206 -113.546
1207 -113.592
1208 -114.504
1209 -112.622
1210 -113.255
1211 -113.131
1212 -112.583
1213 -113.7
1214 -114.424
1215 -115.209
1216 -114.012
1217 -114.809
1218 -115.663
1219 -114.067
1220 -114.651
1221 -115.237
1222 -115.541
1223 -115.423
1224 -114.958
1225 -116.146
1226 -115.95
1227 -117.225
1228 -116.185
1229 -116.607
1230 -116.346
1231 -116.594
1232 -114.452
1233 -113.93
1234 -115.052
1235 -114.852
1236 -114.856
1237 -115.278
1238 -115.064
1239 -115.855
1240 -114.692
1241 -113.142
1242 -113.995
1243 -113.658
1244 -113.135
1245 -113.479
1246 -112.936
1247 -114.747
1248 -114.367
1249 -114.99
1250 -114.778
1251 -114.092
1252 -114.178
1253 -112.916
1254 -113.624
1255 -115.068
1256 -114.866
1257 -115.393
1258 -115.778
1259 -115.879
1260 -116.062
1261 -115.059
1262 -115.756
1263 -114.511
1264 -114.618
1265 -113.843
1266 -115.52
1267 -117.613
1268 -118.359
1269 -118.279
1270 -116.402
1271 -116.023
1272 -116.843
1273 -116.125
1274 -114.706
1275 -115.643
1276 -113.525
1277 -116.024
1278 -115.85
1279 -116.797
1280 -115.743
1281 -115.595
1282 -114.033
1283 -114.399
1284 -113.911
1285 -113.784
1286 -114.01
1287 -115.206
1288 -113.178
1289 -115.19
1290 -115.118
1291 -115.553
1292 -114.939
1293 -112.461
1294 -114.206
1295 -113.601
1296 -114.422
1297 -114.035
1298 -114.935
1299 -116.599
1300 -116.194
1301 -116.888
1302 -116.203
1303 -117.162
1304 -115.017
1305 -116.635
1306 -115.7
1307 -115.97
1308 -116.08
1309 -114.802
1310 -116.728
1311 -116.634
1312 -117.909
1313 -117.823
1314 -115.394
1315 -116.519
1316 -117.516
1317 -115.229
1318 -116.623
1319 -116.131
1320 -114.245
1321 -115.345
1322 -116.259
1323 -116.464
1324 -115.586
1325 -114.883
1326 -114.77
1327 -114.697
1328 -113.664
1329 -112.977
1330 -114.294
1331 -114.278
1332 -114.912
1333 -114.613
1334 -114.105
1335 -114.253
1336 -113.47
1337 -112.835
1338 -114.017
1339 -114.084
1340 -114.426
1341 -115.644
1342 -115.064
1343 -117.524
1344 -117.462
1345 -117.15
1346 -114.986
1347 -115.722
1348 -114.861
1349 -114.643
1350 -116.147
1351 -116.431
1352 -117.562
1353 -117.515
1354 -118.877
1355 -117.357
1356 -116.318
1357 -117.017
1358 -116.334
1359 -116.273
1360 -115.363
1361 -115.637
1362 -117.156
1363 -117.793
1364 -115.615
1365 -118.143
1366 -114.686
1367 -114.118
1368 -112.717
1369 -113.852
1370 -113.246
1371 -114.517
1372 -114.082
1373 -115.04
1374 -115.207
1375 -116.821
1376 -115.588
1377 -114.322
1378 -115.564
1379 -114.877
1380 -112.776
1381 -113.137
1382 -114.153
1383 -114.772
1384 -115.961
1385 -117.44
1386 -117.273
1387 -116.067
1388 -116.075
1389 -115.125
1390 -115.776
1391 -114.653
1392 -115.574
1393 -117.236
1394 -116.759
1395 -117.043
1396 -117.269
1397 -116.813
1398 -116.569
1399 -115.167
1400 -115.44
1401 -114.826
1402 -115.793
1403 -115.892
1404 -115.1
1405 -116.226
1406 -117.179
1407 -116.696
1408 -115.71
1409 -115.616
1410 -115.463
1411 -115.383
1412 -114.354
1413 -115.156
1414 -113.359
1415 -114.649
1416 -116.592
1417 -113.979
1418 -115.57
1419 -113.66
1420 -114.382
1421 -113.664
1422 -112.267
1423 -113.89
1424 -115.456
1425 -116.644
1426 -114.966
1427 -115.572
1428 -116.209
1429 -114.781
1430 -114.693
1431 -116.09
1432 -114.341
1433 -114.573
1434 -115.169
1435 -114.771
1436 -113.995
1437 -114.991
1438 -114.772
1439 -113.13
1440 -112.485
1441 -113.324
1442 -111.257
1443 -109.795
1444 -109.615
1445 -109.125
1446 -108.894
1447 -109.216
1448 -107.823
1449 -108.13
1450 -106.297
1451 -107.197
1452 -106.363
1453 -104.152
1454 -103.622
1455 -103.215
1456 -103.101
1457 -100.822
1458 -102.197
1459 -101.276
1460 -99.9275
1461 -100.595
1462 -99.5151
1463 -100.436
1464 -101.998
1465 -99.1948
1466 -100.328
1467 -99.9192
1468 -99.7929
1469 -98.8066
1470 -100.689
1471 -101.01
1472 -100.211
1473 -101.206
1474 -100.627
1475 -101.389
1476 -101.295
1477 -101.348
1478 -102.225
1479 -103.594
1480 -103.562
1481 -101.837
1482 -104.4
1483 -104.756
1484 -103.427
1485 -105.651
1486 -106.643
1487 -106.941
1488 -107.923
1489 -108.222
1490 -107.564
1491 -107.544
1492 -108.416
1493 -109.762
1494 -107.397
1495 -108.62
1496 -110.371
1497 -108.625
1498 -109.583
1499 -109.739
1500 -109.832
1501 -109.138
1502 -111.359
1503 -110.663
1504 -109.31
1505 -110.231
1506 -110.512
1507 -109.769
1508 -111.161
1509 -109.856
1510 -112.444
1511 -112.668
1512 -111.852
1513 -110.308
1514 -111.586
1515 -111.456
1516 -110.758
1517 -112.566
1518 -111.019
1519 -113.704
1520 -110.885
1521 -112.911
1522 -112.625
1523 -111.173
1524 -111.855
1525 -110.359
1526 -111.639
1527 -113.547
1528 -112.711
1529 -112.618
1530 -112.365
1531 -112.354
1532 -111.923
1533 -111.746
1534 -111.215
1535 -112.844
1536 -112.487
1537 -112.815
1538 -111.992
1539 -111.199
1540 -112.472
1541 -114.146
1542 -113.919
1543 -111.614
1544 -112.952
1545 -113.675
1546 -113.722
1547 -112.98
1548 -112.828
1549 -113.418
1550 -112.998
1551 -113.725
1552 -111.708
1553 -112.898
1554 -112.866
1555 -112.404
1556 -112.882
1557 -112.033
1558 -112.04
1559 -112.639
1560 -113.447
1561 -110.93
1562 -111.828
1563 -112.449
1564 -111.644
1565 -110.752
1566 -111.591
1567 -108.93
1568 -107.25
1569 -107.943
1570 -107.251
1571 -106.111
1572 -107.393
1573 -106.018
1574 -105.944
1575 -103.979
1576 -104.408
1577 -104.757
1578 -102.36
1579 -102.849
1580 -102.644
1581 -101.888
1582 -101.3
1583 -99.6889
1584 -98.7767
1585 -99.2307
1586 -97.5541
1587 -96.8304
1588 -96.8772
1589 -96.841
1590 -95.89
1591 -94.7548
1592 -95.1113
1593 -93.3416
1594 -92.7326
1595 -92.8748
1596 -91.2333
1597 -93.1634
1598 -91.3404
1599 -91.6504
1600 -91.7857
1601 -92.175
1602 -92.5935
1603 -91.3015
1604 -91.3496
1605 -90.6067
1606 -92.3812
1607 -92.3523
1608 -94.3659
1609 -92.0982
1610 -93.7141
1611 -95.1489
1612 -94.7236
1613 -95.9162
1614 -96.82
1615 -96.962
1616 -98.0171
1617 -98.0397
1618 -99.6025
1619 -97.7565
1620 -99.6842
1621 -99.9271
1622 -100.463
1623 -100.382
1624 -101.832
1625 -102.462
1626 -101.996
1627 -103.004
1628 -102.636
1629 -103.143
1630 -103.191
1631 -103.44
1632 -102.148
1633 -102.562
1634 -103.369
1635 -104.689
1636 -103.644
1637 -103.367
1638 -104.118
1639 -105.444
1640 -105.543
1641 -105.584
1642 -104.758
1643 -104.963
1644 -104.557
1645 -103.967
1646 -104.387
1647 -105.012
1648 -105.494
1649 -103.346
1650 -103.665
1651 -102.046
1652 -103.651
1653 -104.717
1654 -103.752
1655 -102.885
1656 -102.499
1657 -104.451
1658 -103.512
1659 -104.949
1660 -105.145
1661 -104.28
1662 -104.771
1663 -105.894
1664 -105.947
1665 -106.072
1666 -106.515
1667 -105.185
1668 -106.793
1669 -107.13
1670 -105.903
1671 -105.489
1672 -105.462
1673 -106.021
1674 -108.243
1675 -104.848
1676 -106.717
1677 -105.227
1678 -105.169
1679 -105.488
1680 -106.2
1681 -105.484
1682 -104.906
1683 -105.44
1684 -107.751
1685 -107.223
1686 -107.225
1687 -104.974
1688 -105.543
1689 -104.802
1690 -106.412
1691 -106.151
1692 -105.473
1693 -104.949
1694 -104.164
1695 -101.303
1696 -104.455
1697 -103.885
1698 -103.663
1699 -102.739
1700 -104.695
1701 -106.406
1702 -104.037
1703 -106.057
1704 -104.34
1705 -106.195
1706 -106.848
1707 -105.899
1708 -105.858
1709 -106.662
1710 -106.577
1711 -105.39
1712 -104.947
1713 -106.045
1714 -106.325
1715 -105.76
1716 -106.358
1717 -104.745
1718 -106.686
1719 -106.128
1720 -105.382
1721 -107.242
1722 -105.997
1723 -105.294
1724 -104.697
1725 -106.209
1726 -106.245
1727 -106.819
1728 -106.793
1729 -105.456
1730 -105.506
1731 -104.281
1732 -103.814
1733 -103.252
1734 -105.633
1735 -103.601
1736 -103.833
1737 -103.936
1738 -102.606
1739 -102.786
1740 -103.145
1741 -103.722
1742 -103.462
1743 -103.177
1744 -103.455
1745 -104.162
1746 -105.879
1747 -105.184
1748 -104.856
1749 -106.038
1750 -106.937
1751 -105.727
1752 -104.721
1753 -105.647
1754 -105.778
1755 -104.365
1756 -104.43
1757 -104.331
1758 -105.011
1759 -106.104
1760 -106.048
1761 -104.524
1762 -104.352
1763 -104.23
1764 -104.837
1765 -104.471
1766 -105.691
1767 -104.905
1768 -106.018
1769 -105.775
1770 -107.667
1771 -106.239
1772 -104.043
1773 -103.986
1774 -103.172
1775 -105.147
1776 -104.846
1777 -103.222
1778 -103.409
1779 -103.621
1780 -105.312
1781 -103.391
1782 -103.106
1783 -103.086
1784 -104.592
1785 -105.722
1786 -104.518
1787 -104.483
1788 -105.048
1789 -106.419
1790 -106.196
1791 -105.773
1792 -105.398
1793 -106.615
1794 -105.454
1795 -105.268
1796 -106.555
1797 -105.219
1798 -104.504
1799 -104.951
1800 -106.87
1801 -105.142
1802 -105.57
1803 -103.51
1804 -104.569
1805 -104.816
1806 -104.382
1807 -104.95
1808 -105.632
1809 -104.491
1810 -105.96
1811 -106.334
1812 -107.11
1813 -105.731
1814 -104.368
1815 -104.329
1816 -104.355
1817 -102.863
1818 -103.777
1819 -105.435
1820 -102.556
1821 -104.245
1822 -102.761
1823 -102.88
1824 -103.042
1825 -102.815
1826 -100.998
1827 -102.828
1828 -103.872
1829 -106.138
1830 -105.173
1831 -105.567
1832 -104.368
1833 -104.392
1834 -104.963
1835 -105.059
1836 -104.995
1837 -105.646
1838 -106.128
1839 -103.286
1840 -105.367
1841 -103.686
1842 -104.954
1843 -104.636
1844 -106.747
1845 -104.985
1846 -103.899
1847 -103.334
1848 -104.836
1849 -105.15
1850 -105.127
1851 -105.549
1852 -106.551
1853 -105.203
1854 -105.696
1855 -106.608
1856 -105.255
1857 -104.138
1858 -103.166
1859 -101.849
1860 -101.958
1861 -103.862
1862 -103.982
1863 -103.178
1864 -102.254
1865 -102.266
1866 -101.543
1867 -102.417
1868 -103.02
1869 -101.649
1870 -103.143
1871 -105.256
1872 -103.12
1873 -104.102
1874 -103.586
1875 -104.757
1876 -103.755
1877 -103.882
1878 -105.52
1879 -104.903
1880 -103.376
1881 -103.819
1882 -103.789
1883 -103.682
1884 -104.598
1885 -104.254
1886 -104.242
1887 -103.033
1888 -103.214
1889 -103.508
1890 -104.85
1891 -103.886
1892 -104.46
1893 -104.335
1894 -104.33
1895 -104.951
1896 -105.366
1897 -104.026
1898 -104.704
1899 -102.7
1900 -103.831
1901 -102.362
1902 -101.259
1903 -101.195
1904 -102.59
1905 -101.332
1906 -101.944
1907 -101.311
1908 -101.216
1909 -101.628
1910 -101.629
1911 -103.794
1912 -102.615
1913 -102.545
1914 -101.501
1915 -103.102
1916 -104.014
1917 -104.102
1918 -103.886
1919 -104.554
1920 -103.457
1921 -103.427
1922 -103.914
1923 -103.09
1924 -103.238
1925 -103.702
1926 -102.861
1927 -104.091
1928 -104.301
1929 -104.363
1930 -103.961
1931 -104.161
1932 -102.976
1933 -103.631
1934 -103.458
1935 -103.407
1936 -104.435
1937 -104.191
1938 -103.084
1939 -103.437
1940 -102.522
1941 -101.915
1942 -101.78
1943 -100.139
1944 -101.206
1945 -101.614
1946 -100.751
1947 -100.69
1948 -101.06
1949 -101.721
1950 -101.025
1951 -100.876
1952 -101.452
1953 -102.084
1954 -101.075
1955 -102.248
1956 -102.899
1957 -102.264
1958 -102.929
1959 -103.062
1960 -103.981
1961 -101.207
1962 -102.164
1963 -103.089
1964 -102.254
1965 -102.67
1966 -102.188
1967 -101.492
1968 -101.79
1969 -101.955
1970 -103.777
1971 -103.325
1972 -101.367
1973 -103.496
1974 -102.25
1975 -101.196
1976 -102.441
1977 -101.663
1978 -102.195
1979 -104.393
1980 -101.587
1981 -102.137
1982 -101.931
1983 -101.969
1984 -101.82
1985 -100.401
1986 -101.938
1987 -102.672
1988 -101.765
1989 -103.222
1990 -103.018
1991 -102.351
1992 -103.03
1993 -102.917
1994 -103.508
1995 -105.176
1996 -106.42
1997 -106.323
1998 -105.254
1999 -107.521
2000 -107.918
2001 -110.378
2002 -110.187
2003 -110.404
2004 -111.793
2005 -112.199
2006 -111.91
2007 -112.163
2008 -112.057
2009 -112.9
2010 -114.525
2011 -114.46
2012 -115.122
2013 -116.449
2014 -117.212
2015 -117.252
2016 -117.32
2017 -117.833
2018 -116.405
2019 -114.784
2020 -114.742
2021 -116.493
2022 -117.146
2023 -115.713
2024 -116.274
2025 -116.313
2026 -116.189
2027 -115.191
2028 -114.619
2029 -114.622
2030 -114.275
2031 -115.171
2032 -115.257
2033 -114.42
2034 -113.704
2035 -113.22
2036 -114.37
2037 -113.428
2038 -112.672
2039 -111.474
2040 -111.494
2041 -110.482
2042 -111.098
2043 -110.077
2044 -109.646
2045 -108.718
2046 -109.075
2047 -109.428
2048 -108.5
2049 -108.501
2050 -106.135
2051 -107.981
2052 -107.232
2053 -107.689
2054 -108.253
2055 -107.344
2056 -107.512
2057 -108.14
2058 -106.838
2059 -107.665
2060 -107.051
2061 -106.297
2062 -105.474
2063 -106.602
2064 -105.866
2065 -105.899
2066 -104.784
2067 -106.586
2068 -106.557
2069 -105.154
2070 -105.218
2071 -105.408
2072 -105.598
2073 -104.968
2074 -104.375
2075 -103.543
2076 -102.679
2077 -104.312
2078 -104.898
2079 -103.716
2080 -105.248
2081 -103.147
2082 -103.996
2083 -104.499
2084 -103.839
2085 -103.909
2086 -103.448
2087 -104.181
2088 -104.856
2089 -103.75
2090 -103.703
2091 -104.111
2092 -102.235
2093 -104.212
2094 -105.674
2095 -102.965
2096 -103.818
2097 -104.322
2098 -104.152
2099 -105.414
2100 -104.35
2101 -105.042
2102 -105.031
2103 -104.884
2104 -102.089
2105 -103.677
2106 -104.856
2107 -103.073
2108 -105.033
2109 -105.044
2110 -103.849
2111 -105.021
2112 -105.236
2113 -103.845
2114 -104.112
2115 -103.297
2116 -104.827
2117 -104.747
2118 -104.097
2119 -103.99
2120 -104.103
2121 -107.548
2122 -107.52
2123 -106.907
2124 -106.951
2125 -110.418
2126 -109.003
2127 -111.044
2128 -109.696
2129 -111.036
2130 -111.502
2131 -112.067
2132 -113.658
2133 -114.178
2134 -113.261
2135 -113.805
2136 -114.828
2137 -115.352
2138 -115.262
2139 -118.227
2140 -117.286
2141 -118.019
2142 -119.749
2143 -119.338
2144 -119.116
2145 -120.645
2146 -122.367
2147 -123.283
2148 -123.386
2149 -124.103
2150 -123.744
2151 -124.2
2152 -124.569
2153 -123.939
2154 -124.559
2155 -124.069
2156 -125.097
2157 -124.667
2158 -125.284
2159 -123.89
2160 -124.789
2161 -123.925
2162 -122.978
2163 -122.676
2164 -123.36
2165 -122.7
2166 -123.509
2167 -122.614
2168 -122.618
2169 -121.079
2170 -120.853
2171 -120.13
2172 -120.375
2173 -118.677
2174 -118.041
2175 -117.928
2176 -119.791
2177 -119.287
2178 -117.874
2179 -117.923
2180 -116.991
2181 -115.012
2182 -115.138
2183 -116.031
2184 -112.706
2185 -114.435
2186 -112.359
2187 -114.968
2188 -113.246
2189 -114.905
2190 -112.828
2191 -114.866
2192 -114.261
2193 -112.629
2194 -112.042
2195 -113.476
2196 -112.04
2197 -113.047
2198 -112.973
2199 -114.165
2200 -114.109
2201 -114.459
2202 -114.094
2203 -113.631
2204 -115.235
2205 -114.453
2206 -113.319
2207 -114.013
2208 -114.25
2209 -114.639
2210 -114.668
2211 -115.634
2212 -114.968
2213 -113.528
2214 -114.727
2215 -114.349
2216 -112.873
2217 -113.393
2218 -112.05
2219 -111.288
2220 -113.704
2221 -113.025
2222 -115.096
2223 -115.141
2224 -112.868
2225 -112.078
2226 -112.382
2227 -112.187
2228 -109.64
2229 -112.694
2230 -112.376
2231 -110.152
2232 -111.309
2233 -111.532
2234 -111.755
2235 -111.982
2236 -112.968
2237 -110.679
2238 -110.783
2239 -111.855
2240 -113.784
2241 -111.887
2242 -115.385
2243 -115.321
2244 -113.407
2245 -115.504
2246 -113.182
2247 -112.749
2248 -113.395
2249 -112.523
2250 -113.381
2251 -114.306
2252 -113.558
2253 -113.146
2254 -116.608
2255 -112.906
2256 -114.09
2257 -114.716
2258 -114.558
2259 -114.231
2260 -113.992
2261 -113.689
2262 -113.052
2263 -114.06
2264 -116.029
2265 -114.282
2266 -113.984
2267 -114.116
2268 -112.236
2269 -113.072
2270 -114.09
2271 -113.234
2272 -113.019
2273 -113.311
2274 -113.876
2275 -113.685
2276 -111.826
2277 -111.914
2278 -112.742
2279 -112.185
2280 -112.527
2281 -111.963
2282 -111.624
2283 -114.311
2284 -113.24
2285 -114.025
2286 -114.088
2287 -113.55
2288 -114.856
2289 -112.413
2290 -114.451
2291 -113.417
2292 -114.684
2293 -115.541
2294 -113.681
2295 -115.047
2296 -114.559
2297 -114.12
2298 -113.556
2299 -117.419
2300 -114.487
2301 -113.154
2302 -113.398
2303 -114.796
2304 -115.312
2305 -116.215
2306 -114.637
2307 -115.321
2308 -114.081
2309 -114.255
2310 -112.677
2311 -113.009
2312 -113.508
2313 -112.264
2314 -112.932
2315 -112.865
2316 -113.51
2317 -112.852
2318 -113.14
2319 -114.08
2320 -112.922
2321 -112.546
2322 -113.334
2323 -111.959
2324 -113.552
2325 -113.88
2326 -114.666
2327 -114.479
2328 -115.118
2329 -114.907
2330 -114.879
2331 -114.534
2332 -115.106
2333 -115.185
2334 -114.757
2335 -115.323
2336 -114.419
2337 -115.358
2338 -114.838
2339 -116.619
2340 -115.634
2341 -115.175
2342 -115.857
2343 -116.245
2344 -113.903
2345 -115.367
2346 -115.658
2347 -116.244
2348 -114.309
2349 -115.171
2350 -114.195
2351 -114.243
2352 -115.26
2353 -113.964
2354 -112.678
2355 -113.624
2356 -112.326
2357 -113.428
2358 -114.614
2359 -114.31
2360 -112.829
2361 -114.014
2362 -114.05
2363 -114.679
2364 -113.664
2365 -113.802
2366 -112.819
2367 -115.16
2368 -113.787
2369 -115.832
2370 -116.852
2371 -116.426
2372 -115.203
2373 -115.369
2374 -115.009
2375 -114.733
2376 -115.049
2377 -115.529
2378 -114.577
2379 -117.788
2380 -114.711
2381 -116.791
2382 -115.25
2383 -116.466
2384 -115.576
2385 -114.1
2386 -115.141
2387 -115.705
2388 -116.195
2389 -114.746
2390 -115.871
2391 -115.935
2392 -115.318
2393 -115.314
2394 -114.884
2395 -113.825
2396 -113.357
2397 -112.488
2398 -113.187
2399 -114.65
2400 -113.228
2401 -114.63
2402 -114.084
2403 -114.112
2404 -114.622
2405 -114.104
2406 -114.386
2407 -111.458
2408 -115.009
2409 -115.063
2410 -114.758
2411 -116.206
2412 -115.604
2413 -115.399
2414 -115.719
2415 -114.643
2416 -116.044
2417 -116.374
2418 -114.915
2419 -113.746
2420 -115.174
2421 -116.554
2422 -115.404
2423 -116.666
2424 -117.345
2425 -116.23
2426 -115.237
2427 -114.887
2428 -116.051
2429 -116.038
2430 -114.82
2431 -115.097
2432 -115.273
2433 -116.945
2434 -115.526
2435 -114.401
2436 -115.337
2437 -115.025
2438 -114.851
2439 -113.182
2440 -115.386
2441 -113.802
2442 -113.821
2443 -115.372
2444 -114.25
2445 -112.652
2446 -114.291
2447 -112.849
2448 -114.014
2449 -113.757
2450 -113.178
2451 -113.867
2452 -115.286
2453 -115.36
2454 -116.654
2455 -116.333
2456 -116.059
2457 -117.435
2458 -115.352
2459 -115.239
2460 -116.248
2461 -115.624
2462 -116.166
2463 -116.265
2464 -116.138
2465 -116.681
2466 -117.93
2467 -116.305
2468 -116.784
2469 -115.958
2470 -114.342
2471 -113.915
2472 -115.338
2473 -117.041
2474 -115.668
2475 -115.994
2476 -114.937
2477 -113.963
2478 -115.86
2479 -113.838
2480 -114.253
2481 -113.048
2482 -114.589
2483 -114.729
2484 -115.543
2485 -113.394
2486 -115.415
2487 -114.102
2488 -114.002
2489 -115.721
2490 -113.746
2491 -113.026
2492 -114.158
2493 -115.591
2494 -115.162
2495 -116.235
2496 -117.56
2497 -115.991
2498 -117.084
2499 -116.398
2500 -113.937
2501 -114.599
2502 -115.712
2503 -114.421
2504 -115.745
2505 -117.663
2506 -117.163
2507 -115.938
2508 -115.845
2509 -116.619
2510 -116.987
2511 -116.133
2512 -115.566
2513 -115.269
2514 -114.749
2515 -116.105
2516 -115.981
2517 -116.047
2518 -115.501
2519 -115.024
2520 -114.172
2521 -116.951
2522 -114.524
2523 -113.495
2524 -114.216
2525 -113.688
2526 -114.725
2527 -115.276
2528 -114.561
2529 -115.195
2530 -114.424
2531 -114.55
2532 -113.343
2533 -112.96
2534 -115.178
2535 -115.184
2536 -115.027
2537 -116.262
2538 -116.598
2539 -115.469
2540 -115.78
2541 -115.085
2542 -113.163
2543 -112.666
2544 -114.881
2545 -114.074
2546 -113.97
2547 -113.063
2548 -112.33
2549 -113.164
2550 -112.786
2551 -112.253
2552 -111.082
2553 -111.32
2554 -110.024
2555 -107.454
2556 -109.624
2557 -107.966
2558 -108.307
2559 -107.949
2560 -108.049
2561 -106.594
2562 -104.469
2563 -105.342
2564 -104.106
2565 -102.584
2566 -101.948
2567 -101.801
2568 -100.475
2569 -99.8439
2570 -99.2008
2571 -101.09
2572 -99.6024
2573 -100.633
2574 -100.336
2575 -99.448
2576 -100.429
2577 -99.6522
2578 -98.8969
2579 -98.6283
2580 -100.729
2581 -99.8079
2582 -99.2602
2583 -100.199
2584 -100.23
2585 -100.675
2586 -102.143
2587 -101.533
2588 -102.474
2589 -101.709
2590 -102.898
2591 -104.287
2592 -103.977
2593 -102.785
2594 -104.44
2595 -103.137
2596 -105.567
2597 -104.785
2598 -105.72
2599 -107.067
2600 -107.16
2601 -107.121
2602 -108.266
2603 -108.134
2604 -108.561
2605 -109.156
2606 -110.035
2607 -110.028
2608 -111.23
2609 -109.864
2610 -110.022
2611 -110.411
2612 -109.635
2613 -110.759
2614 -108.603
2615 -110.209
2616 -112.447
2617 -109.999
2618 -109.133
2619 -112.482
2620 -111.347
2621 -111.268
2622 -110.899
2623 -110.085
2624 -111.074
2625 -112.211
2626 -112.11
2627 -112.162
2628 -112.545
2629 -111.765
2630 -112.648
2631 -113.334
2632 -112.927
2633 -112.183
2634 -112.528
2635 -111.758
2636 -111.602
2637 -111.441
2638 -112.125
2639 -112.272
2640 -112.664
2641 -112.804
2642 -111.822
2643 -112.398
2644 -112.107
2645 -111.655
2646 -112.506
2647 -113.071
2648 -113.654
2649 -113.042
2650 -111.517
2651 -110.012
2652 -113.507
2653 -112.477
2654 -112.178
2655 -112.07
2656 -112.102
2657 -112.719
2658 -112.788
2659 -113.796
2660 -112.819
2661 -111.994
2662 -111.948
2663 -113.072
2664 -113.597
2665 -112.976
2666 -114.122
2667 -112.589
2668 -113.183
2669 -112.564
2670 -112.932
2671 -112.063
2672 -111.267
2673 -111.659
2674 -111.28
2675 -110.159
2676 -110.26
2677 -109.695
2678 -109.006
2679 -108.508
2680 -106.431
2681 -108.124
2682 -106.115
2683 -105.337
2684 -105.674
2685 -106.082
2686 -106.146
2687 -104.805
2688 -102.784
2689 -103.333
2690 -103.521
2691 -101.061
2692 -101.832
2693 -101.027
2694 -101.778
2695 -101.298
2696 -99.1224
2697 -98.8847
2698 -96.8491
2699 -96.2286
2700 -96.5361
2701 -95.3387
2702 -95.2657
2703 -94.1287
2704 -93.2885
2705 -92.9694
2706 -92.2771
2707 -92.6538
2708 -90.0625
2709 -88.6616
2710 -90.5362
2711 -91.044
2712 -92.5465
2713 -92.6696
2714 -91.138
2715 -92.5922
2716 -91.6032
2717 -91.4237
2718 -91.7209
2719 -92.0622
2720 -91.8895
2721 -94.1081
2722 -95.8426
2723 -95.0353
2724 -95.0981
2725 -95.7036
2726 -96.9135
2727 -95.0595
2728 -97.497
2729 -97.8016
2730 -98.1993
2731 -99.3899
2732 -100.307
2733 -100.55
2734 -102.167
2735 -99.8771
2736 -100.962
2737 -101.8
2738 -103.446
2739 -101.904
2740 -103.313
2741 -103.807
2742 -103.22
2743 -103.883
2744 -104.433
2745 -103.625
2746 -102.979
2747 -102.547
2748 -103.264
2749 -102.968
2750 -103.545
2751 -104.467
2752 -104.272
2753 -104.434
2754 -106.328
2755 -106.997
2756 -105.735
2757 -103.364
2758 -104.328
2759 -103.985
2760 -104.517
2761 -103.041
2762 -103.857
2763 -102.541
2764 -103.365
2765 -103.476
2766 -102.151
2767 -103.95
2768 -102.409
2769 -103.358
2770 -104.552
2771 -104.594
2772 -105.116
2773 -107.177
2774 -106.157
2775 -105.391
2776 -106.939
2777 -106.16
2778 -105.512
2779 -105.68
2780 -106.539
2781 -106.412
2782 -106.489
2783 -107.467
2784 -104.764
2785 -105.933
2786 -106.798
2787 -106.78
2788 -106.123
2789 -105.367
2790 -105.175
2791 -105.993
2792 -105.866
2793 -108.196
2794 -106.596
2795 -107.635
2796 -106.884
2797 -106.475
2798 -106.95
2799 -105.541
2800 -104.488
2801 -104.916
2802 -105.908
2803 -103.901
2804 -103.793
2805 -104.955
2806 -102.772
2807 -103.981
2808 -103.626
2809 -103.058
2810 -103.115
2811 -103.77
2812 -104.69
2813 -105.343
2814 -106.696
2815 -105.777
2816 -104.25
2817 -106.9
2818 -105.179
2819 -106.601
2820 -106.475
2821 -106.243
2822 -105.59
2823 -106.494
2824 -105.077
2825 -105.827
2826 -105.168
2827 -106.352
2828 -105.488
2829 -106.428
2830 -105.564
2831 -104.765
2832 -104.606
2833 -103.937
2834 -105.396
2835 -104.973
2836 -106.164
2837 -107.958
2838 -107
2839 -106.665
2840 -106.763
2841 -106.457
2842 -107.708
2843 -105.686
2844 -104.056
2845 -103.518
2846 -104.173
2847 -104.52
2848 -103.691
2849 -104.224
2850 -105.367
2851 -105.825
2852 -103.685
2853 -103.073
2854 -104.952
2855 -105.039
2856 -105.233
2857 -105.71
2858 -105.486
2859 -106.965
2860 -107.141
2861 -105.613
2862 -106.74
2863 -106.387
2864 -104.827
2865 -103.944
2866 -104.723
2867 -104.49
2868 -105.401
2869 -106.679
2870 -105.845
2871 -106.547
2872 -105.501
2873 -106.569
2874 -105.482
2875 -106.038
2876 -105.023
2877 -105.822
2878 -107.055
2879 -107.445
2880 -107.815
2881 -105.987
2882 -105.739
2883 -105.392
2884 -104.683
2885 -104.518
2886 -105.665
2887 -104.785
2888 -104.642
2889 -103.982
2890 -104.28
2891 -103.556
2892 -103.136
2893 -104.509
2894 -103.828
2895 -103.238
2896 -105.179
2897 -104.036
2898 -105.141
2899 -104.69
2900 -105.253
2901 -106.101
2902 -105.49
2903 -103.759
2904 -105.372
2905 -107.241
2906 -105.251
2907 -105.933
2908 -104.752
2909 -104.813
2910 -105.239
2911 -106.514
2912 -106.54
2913 -105.277
2914 -105.511
2915 -104.526
2916 -105.226
2917 -105.936
2918 -104.819
2919 -104.709
2920 -104.029
2921 -104.596
2922 -104.038
2923 -105.512
2924 -105.722
2925 -106.191
2926 -104.465
2927 -104.033
2928 -103.833
2929 -103.586
2930 -102.991
2931 -103.069
2932 -103.272
2933 -103.964
2934 -103.791
2935 -102.756
2936 -102.905
2937 -103.087
2938 -103.159
2939 -101.967
2940 -104.921
2941 -105.511
2942 -105.222
2943 -104.499
2944 -104.93
2945 -105.415
2946 -105.75
2947 -106.115
2948 -106.051
2949 -105.239
2950 -103.93
2951 -104.735
2952 -104.465
2953 -104.654
2954 -105.744
2955 -105.232
2956 -105.765
2957 -104.973
2958 -106.363
2959 -104.599
2960 -105.287
2961 -106.118
2962 -104.592
2963 -106.115
2964 -105.899
2965 -106.085
2966 -105.451
2967 -102.876
2968 -103.628
2969 -105.96
2970 -102.338
2971 -101.084
2972 -102.573
2973 -103.2
2974 -104.91
2975 -102.565
2976 -102.818
2977 -101.487
2978 -102.4
2979 -102.419
2980 -103.07
2981 -103.804
2982 -103.212
2983 -104.311
2984 -104.418
2985 -104.779
2986 -105.908
2987 -104.41
2988 -105.298
2989 -104.777
2990 -105.128
2991 -104.91
2992 -103.338
2993 -102.757
2994 -104.288
2995 -105.045
2996 -106.013
2997 -105.843
2998 -105.202
2999 -105.669
3000 -103.539
3001 -102.281
3002 -104.183
3003 -105.584
3004 -103.399
3005 -104.435
3006 -105.656
3007 -103.837
3008 -104.669
3009 -104.256
3010 -104.766
3011 -105.413
3012 -102.668
3013 -102.196
3014 -100.939
3015 -101.306
3016 -102.782
3017 -101.408
3018 -101.634
3019 -100.463
3020 -100.553
3021 -99.8005
3022 -101.755
3023 -102.115
3024 -104.385
3025 -103.527
3026 -103.313
3027 -103.952
3028 -103.498
3029 -102.479
3030 -104.214
3031 -103.638
3032 -104.634
3033 -103.053
3034 -102.791
3035 -102.895
3036 -103.122
3037 -104.197
3038 -104.291
3039 -104.079
3040 -102.754
3041 -103.46
3042 -102.375
3043 -102.313
3044 -103.169
3045 -103.704
3046 -104.262
3047 -103.932
3048 -103.634
3049 -103.61
3050 -104.411
3051 -101.906
3052 -103.291
3053 -102.551
3054 -102.007
3055 -101.339
3056 -102.221
3057 -102.017
3058 -103.645
3059 -102.258
3060 -101.646
3061 -101.496
3062 -100.644
3063 -100.826
3064 -102.006
3065 -103.192
3066 -102.482
3067 -102.134
3068 -104.028
3069 -103.306
3070 -102.665
3071 -101.414
3072 -102.083
3073 -102.199
3074 -102.864
3075 -102.938
3076 -102.925
3077 -102.513
3078 -102.245
3079 -102.997
3080 -102.868
3081 -101.543
3082 -102.82
3083 -103.479
3084 -102.077
3085 -102.837
3086 -103.836
3087 -102.596
3088 -103.972
3089 -103.526
3090 -102.874
3091 -104.154
3092 -103.051
3093 -101.481
3094 -103.93
3095 -103.75
3096 -102.125
3097 -102.516
3098 -102.244
3099 -102.596
3100 -102.813
3101 -103.291
3102 -103.383
3103 -103.921
3104 -104.235
3105 -102.473
3106 -104.191
3107 -106.439
3108 -106.982
3109 -106.469
3110 -108.922
3111 -109.425
3112 -107.636
3113 -111.451
3114 -111.863
3115 -110.947
3116 -112.323
3117 -111.099
3118 -112.86
3119 -112.238
3120 -113.984
3121 -114.9
3122 -114.681
3123 -115.889
3124 -116.964
3125 -116.97
3126 -117.353
3127 -117.62
3128 -116.371
3129 -115.547
3130 -116.013
3131 -116.417
3132 -115.348
3133 -117.726
3134 -117.14
3135 -116.274
3136 -115.361
3137 -116.975
3138 -116.119
3139 -115.577
3140 -114.941
3141 -115.463
3142 -115.391
3143 -115.386
3144 -115.881
3145 -114.274
3146 -113.744
3147 -112.817
3148 -112.723
3149 -112.374
3150 -113.547
3151 -112.093
3152 -111.887
3153 -111.317
3154 -109.756
3155 -109.642
3156 -108.971
3157 -107.707
3158 -108.899
3159 -108.476
3160 -108.223
3161 -108.362
3162 -106.998
3163 -106.957
3164 -107.647
3165 -107.535
3166 -106.68
3167 -106.304
3168 -106.237
3169 -106.328
3170 -106.208
3171 -104.727
3172 -106.842
3173 -106.063
3174 -105.414
3175 -105.395
3176 -105.911
3177 -106.01
3178 -104.717
3179 -105.585
3180 -104.562
3181 -103.908
3182 -105.373
3183 -103.761
3184 -105.125
3185 -103.551
3186 -105.517
3187 -104.495
3188 -104.452
3189 -105.343
3190 -105.346
3191 -104.923
3192 -105.678
3193 -103.861
3194 -104.64
3195 -105.059
3196 -103.049
3197 -102.217
3198 -104.691
3199 -103.922
3200 -104.367
3201 -104.449
3202 -103.674
3203 -105.148
3204 -103.743
3205 -104.754
3206 -104.724
3207 -105.198
3208 -104.886
3209 -104.31
3210 -105.398
3211 -103.924
3212 -104.756
3213 -104.177
3214 -104.154
3215 -103.144
3216 -103.774
3217 -104.21
3218 -103.051
3219 -104.956
3220 -103.889
3221 -105.246
3222 -103.65
3223 -104.05
3224 -104.355
3225 -104.73
3226 -104.332
3227 -104.036
3228 -104.053
3229 -105.145
3230 -103.23
3231 -103.768
3232 -104.36
3233 -104.883
3234 -104.089
3235 -103.052
3236 -104.916
3237 -103.754
3238 -104.443
3239 -102.822
3240 -104.084
3241 -104.041
3242 -103.089
3243 -103.326
3244 -104.398
3245 -104.201
3246 -103.85
3247 -104.02
3248 -103.376
3249 -104.305
3250 -105.505
3251 -103.047
3252 -104.992
3253 -104.515
3254 -104.218
3255 -103.655
3256 -102.267
3257 -104.994
3258 -104.208
3259 -103.962
3260 -105.332
3261 -102.394
3262 -104.162
3263 -105.391
3264 -103.703
3265 -103.226
3266 -104.06
3267 -104.414
3268 -102.7
3269 -102.863
3270 -104.1
3271 -104.733
3272 -103.984
3273 -104.421
3274 -104.7
3275 -104.122
3276 -104.873
3277 -104.432
3278 -105.369
3279 -104.091
3280 -105.144
3281 -103.376
3282 -105.263
3283 -103.994
3284 -103.647
3285 -104.867
3286 -105.642
3287 -104.324
3288 -104.767
3289 -103.805
3290 -104.287
3291 -104.487
3292 -103.803
3293 -104.477
3294 -104.269
3295 -104.411
3296 -104.04
3297 -104.443
3298 -105.594
3299 -104.77
3300 -106.047
3301 -104.356
3302 -102.707
3303 -105.167
3304 -104.93
3305 -103.931
3306 -103.932
3307 -103.799
3308 -104.076
3309 -105.065
3310 -104.199
3311 -103.714
3312 -102.554
3313 -104.203
3314 -104.405
3315 -103.395
3316 -103.812
3317 -103.716
3318 -104.792
3319 -104.608
3320 -105.274
3321 -104.469
3322 -103.85
3323 -104.16
3324 -104.42
3325 -103.754
3326 -104.921
3327 -105.27
3328 -105.439
3329 -104.813
3330 -105.071
3331 -105.357
3332 -104.977
3333 -105.983
3334 -103.407
3335 -103.176
3336 -103.693
3337 -104.362
3338 -103.383
3339 -102.601
3340 -104.293
3341 -104.649
3342 -103.044
3343 -103.031
3344 -104.514
3345 -104.284
3346 -104.066
3347 -104.671
3348 -105.079
3349 -104.724
3350 -101.681
3351 -103.658
3352 -103.343
3353 -103.968
3354 -105.011
3355 -103.347
3356 -103.641
3357 -104.526
3358 -103.354
3359 -102.513
3360 -103.698
3361 -105.57
3362 -104.148
3363 -104.697
3364 -104.232
3365 -103.737
3366 -104.09
3367 -105.093
3368 -104.266
3369 -103.818
3370 -104.276
3371 -105.331
3372 -103.743
3373 -105.259
3374 -103.305
3375 -102.476
3376 -104.747
3377 -104.314
3378 -104.716
3379 -104.918
3380 -104.174
3381 -104.195
3382 -103.293
3383 -104.43
3384 -104.403
3385 -103.605
3386 -103.368
3387 -102.827
3388 -104.776
3389 -103.266
3390 -103.946
3391 -104.806
3392 -104.971
3393 -105.834
3394 -103.705
3395 -102.357
3396 -103.893
3397 -105.125
3398 -105.046
3399 -104.276
