0 -110.859
1 -109.088
2 -108.098
3 -109.739
4 -109.912
5 -110.297
6 -110.331
7 -110.592
8 -109.054
9 -109.198
10 -109.023
11 -109.637
12 -108.821
13 -110.497
14 -110.257
15 -109.507
16 -109.556
17 -108.79
18 -108.866
19 -110.01
20 -110.767
21 -110.869
22 -109.535
23 -110.219
24 -109.423
25 -110.047
26 -109.527
27 -109.74
28 -110.514
29 -109.89
30 -111.581
31 -109.94
32 -110.459
33 -113.672
34 -112.886
35 -113.374
36 -114.308
37 -113.145
38 -114.048
39 -115.696
40 -116.29
41 -117.401
42 -116.392
43 -118.36
44 -117.114
45 -117.531
46 -119.368
47 -120.175
48 -121.514
49 -122.316
50 -121.922
51 -122.907
52 -122.317
53 -123.67
54 -125.153
55 -124.902
56 -127.115
57 -126.02
58 -127.999
59 -127.987
60 -127.4
61 -128.313
62 -128.211
63 -128.439
64 -129.386
65 -128.699
66 -129.964
67 -128.661
68 -130.062
69 -130.311
70 -128.913
71 -129.652
72 -128.776
73 -129.166
74 -128.416
75 -128.73
76 -128.194
77 -129.494
78 -127.731
79 -127.982
80 -128.554
81 -125.704
82 -125.491
83 -127.59
84 -125.552
85 -122.558
86 -123.879
87 -122.182
88 -121.925
89 -123.423
90 -123.288
91 -122.396
92 -122.221
93 -122.042
94 -120.944
95 -120.154
96 -119.037
97 -118.931
98 -119.731
99 -120.034
100 -117.895
101 -117.546
102 -118.315
103 -117.473
104 -117.663
105 -116.886
106 -117.19
107 -117.67
108 -118.561
109 -119.338
110 -119.435
111 -118.448
112 -117.747
113 -118.465
114 -117.472
115 -117.948
116 -118.363
117 -119.132
118 -119.935
119 -118.354
120 -119.498
121 -118.09
122 -118.487
123 -118.996
124 -118.697
125 -117.521
126 -117.277
127 -118.201
128 -117.304
129 -117.918
130 -117.573
131 -119.274
132 -118.01
133 -119.803
134 -118.007
135 -117.168
136 -116.13
137 -114.946
138 -115.878
139 -115.97
140 -117.099
141 -116.686
142 -116.885
143 -116.541
144 -116.601
145 -114.506
146 -114.067
147 -115.46
148 -115.687
149 -117.789
150 -117.505
151 -117.455
152 -118.227
153 -117.43
154 -118.576
155 -117.681
156 -117.479
157 -119.281
158 -117.314
159 -119.416
160 -119.575
161 -119.078
162 -119.99
163 -117.941
164 -119.179
165 -118.479
166 -116.934
167 -118.945
168 -117.391
169 -117.437
170 -117.734
171 -116.285
172 -118.668
173 -118.35
174 -120.602
175 -116.682
176 -118.626
177 -114.965
178 -116.558
179 -116.283
180 -116.778
181 -116.746
182 -116.338
183 -116.44
184 -115.433
185 -116.834
186 -115.636
187 -114.174
188 -115.085
189 -116.287
190 -116.592
191 -117.914
192 -117.473
193 -118.332
194 -118.916
195 -118.012
196 -117.904
197 -117.188
198 -118.291
199 -118.524
200 -118.199
201 -119.737
202 -119.187
203 -119.394
204 -118.916
205 -120.022
206 -117.517
207 -119.316
208 -116.326
209 -117.079
210 -118.245
211 -117.769
212 -119.663
213 -117.544
214 -118.542
215 -117.931
216 -118.691
217 -116.67
218 -116.454
219 -114.97
220 -116.6
221 -117.265
222 -115.69
223 -116.778
224 -115.873
225 -114.531
226 -116.55
227 -115.86
228 -116.485
229 -116.493
230 -116.103
231 -116.173
232 -118.249
233 -117.214
234 -117.453
235 -117.489
236 -118.533
237 -117.947
238 -117.997
239 -118.959
240 -117.361
241 -117.826
242 -117.482
243 -117.875
244 -118.126
245 -118.945
246 -117.764
247 -118.093
248 -118.111
249 -118.038
250 -117.363
251 -118
252 -116.819
253 -118.062
254 -117.51
255 -117.048
256 -117.406
257 -115.911
258 -117.282
259 -116.237
260 -116.825
261 -118.243
262 -117.05
263 -118.481
264 -114.758
265 -116.384
266 -115.504
267 -115.459
268 -114.136
269 -116.125
270 -115.498
271 -116.179
272 -116.094
273 -117.375
274 -118.339
275 -118.432
276 -118.569
277 -117.877
278 -118.577
279 -118.12
280 -117.953
281 -119.179
282 -117.939
283 -117.925
284 -119.52
285 -119.466
286 -119.848
287 -118.115
288 -117.465
289 -117.453
290 -115.562
291 -118.771
292 -117.645
293 -118.398
294 -118.483
295 -117.095
296 -115.944
297 -117.156
298 -116.201
299 -115.705
300 -115.754
301 -116.35
302 -116.635
303 -118.045
304 -116.662
305 -118.285
306 -117.415
307 -116.26
308 -115.47
309 -114.55
310 -113.854
311 -115.337
312 -117.715
313 -116.55
314 -117.711
315 -118.403
316 -117.846
317 -118.394
318 -117.417
319 -119.239
320 -119.092
321 -119.023
322 -119.045
323 -119.888
324 -119.254
325 -120.345
326 -119.285
327 -118.61
328 -118.013
329 -117.418
330 -118.15
331 -117.356
332 -117.668
333 -117.777
334 -118.361
335 -118.997
336 -118.235
337 -117.189
338 -116.826
339 -115.647
340 -117.146
341 -115.7
342 -117.475
343 -116.612
344 -118.155
345 -115.028
346 -115.532
347 -116.188
348 -114.839
349 -114.982
350 -114.819
351 -116.03
352 -117.12
353 -118.639
354 -118.172
355 -118.008
356 -116.218
357 -118.749
358 -117.744
359 -117.892
360 -117.751
361 -118.36
362 -118.855
363 -119.141
364 -120.305
365 -119.319
366 -117.239
367 -117.015
368 -119.218
369 -115.581
370 -117.937
371 -116.169
372 -116.656
373 -116.326
374 -117.83
375 -117.902
376 -118.454
377 -116.075
378 -117.228
379 -115.962
380 -116.634
381 -117.254
382 -116.677
383 -117.699
384 -116.305
385 -116.878
386 -117.115
387 -116.991
388 -116.403
389 -115.456
390 -114.876
391 -114.57
392 -116.378
393 -116.741
394 -117.321
395 -117.43
396 -117.953
397 -117.32
398 -117.39
399 -117.141
400 -117.894
401 -118.815
402 -119.041
403 -118.37
404 -117.711
405 -118.465
406 -118.21
407 -117.954
408 -119.679
409 -118.435
410 -118.117
411 -119.204
412 -118.036
413 -117.364
414 -117.914
415 -118.239
416 -117.41
417 -116.401
418 -117.424
419 -116.731
420 -115.961
421 -116.53
422 -117.099
423 -116.377
424 -115.649
425 -117.509
426 -116.219
427 -115.627
428 -115.121
429 -115.823
430 -116.444
431 -115.443
432 -116.142
433 -115.677
434 -116.028
435 -118.69
436 -118.012
437 -117.433
438 -116.881
439 -115.723
440 -115.893
441 -116.796
442 -116.368
443 -117.55
444 -115.671
445 -113.83
446 -114.271
447 -114.399
448 -113.323
449 -113.684
450 -112.882
451 -113.536
452 -110.561
453 -110.618
454 -110.504
455 -109.745
456 -110.007
457 -108.17
458 -107.204
459 -105.987
460 -105.932
461 -105.43
462 -103.992
463 -103.681
464 -103.673
465 -102.577
466 -102.337
467 -102.842
468 -102.004
469 -103.178
470 -101.149
471 -101.617
472 -100.365
473 -101.507
474 -101.782
475 -101.691
476 -101.094
477 -101.957
478 -101.522
479 -101.617
480 -102.214
481 -101.484
482 -102.56
483 -103.886
484 -102.756
485 -104.234
486 -104.652
487 -104.94
488 -105.446
489 -105.723
490 -107.059
491 -107.423
492 -107.682
493 -106.828
494 -108.105
495 -108.492
496 -108.581
497 -108.506
498 -109.424
499 -109.844
500 -109.519
501 -111.305
502 -110.197
503 -111.694
504 -110.597
505 -111.54
506 -110.598
507 -111.981
508 -111.564
509 -111.231
510 -112.448
511 -111.557
512 -111.28
513 -110.481
514 -110.783
515 -113.071
516 -112.539
517 -112.449
518 -111.297
519 -112.354
520 -111.17
521 -111.676
522 -112.961
523 -112.419
524 -113.21
525 -112.509
526 -112.574
527 -111.189
528 -112.443
529 -112.9
530 -114.203
531 -112.701
532 -112.183
533 -113.703
534 -111.782
535 -112.754
536 -114.032
537 -114.23
538 -113.491
539 -111.67
540 -113.382
541 -113.068
542 -114.299
543 -113.886
544 -113.239
545 -115.922
546 -114.056
547 -113.901
548 -112.361
549 -112.567
550 -112.895
551 -115.391
552 -115.225
553 -111.499
554 -114.362
555 -113.31
556 -113.064
557 -114.447
558 -113.853
559 -113.444
560 -115.141
561 -114.476
562 -113.815
563 -114.378
564 -114.284
565 -112.606
566 -112.219
567 -110.939
568 -111.565
569 -110.451
570 -111.237
571 -108.693
572 -109.126
573 -108.872
574 -107.909
575 -106.662
576 -106.646
577 -105.723
578 -106.352
579 -103.57
580 -104.191
581 -102.852
582 -104.18
583 -102.832
584 -100.976
585 -100.696
586 -101.203
587 -100.076
588 -99.1238
589 -97.6957
590 -99.0316
591 -97.5085
592 -96.3707
593 -96.6461
594 -94.5048
595 -94.4287
596 -94.0023
597 -93.1661
598 -92.4901
599 -92.9777
600 -91.3309
601 -92.9252
602 -92.2637
603 -91.6974
604 -93.2893
605 -90.8372
606 -91.1223
607 -92.14
608 -94.2368
609 -94.0921
610 -93.1101
611 -92.3371
612 -94.541
613 -97.6549
614 -96.1357
615 -99.2263
616 -97.0968
617 -96.7154
618 -98.8151
619 -97.6297
620 -100.83
621 -101.688
622 -101.185
623 -101.431
624 -101.569
625 -102.564
626 -102.106
627 -102.801
628 -102.869
629 -104.082
630 -103.995
631 -103.051
632 -104.985
633 -102.943
634 -103.95
635 -105.116
636 -103.816
637 -105.635
638 -104.205
639 -104.592
640 -105.517
641 -104.514
642 -107.082
643 -106.608
644 -106.018
645 -105.776
646 -104.298
647 -104.853
648 -104.704
649 -103.342
650 -105.132
651 -103.143
652 -103.513
653 -104.151
654 -102.538
655 -103.726
656 -103.399
657 -104.815
658 -105.121
659 -104.583
660 -106.733
661 -105.858
662 -106.994
663 -105.806
664 -108.774
665 -107.492
666 -106.593
667 -106.526
668 -105.996
669 -105.895
670 -106.637
671 -106.5
672 -106.305
673 -106.097
674 -107.11
675 -107.5
676 -106.298
677 -106.874
678 -106.103
679 -105.489
680 -108.09
681 -107.019
682 -108.218
683 -107.117
684 -107.845
685 -108.309
686 -107.121
687 -105.587
688 -104.426
689 -105.7
690 -105.592
691 -105.386
692 -104.39
693 -103.392
694 -104.452
695 -104.274
696 -105.195
697 -104.522
698 -105.618
699 -105.235
700 -105.354
701 -106.52
702 -108.954
703 -107.654
704 -107.273
705 -107.498
706 -106.893
707 -104.463
708 -105.579
709 -106.648
710 -105.441
711 -107.668
712 -106.934
713 -106.303
714 -107.04
715 -106.474
716 -107.229
717 -107.104
718 -106.906
719 -106.334
720 -107.92
721 -107.823
722 -108.71
723 -108.7
724 -107.698
725 -108.129
726 -107.813
727 -106.312
728 -104.241
729 -103.881
730 -104.917
731 -104.62
732 -104.421
733 -104.66
734 -103.89
735 -104.155
736 -104.322
737 -105.207
738 -106.03
739 -106.528
740 -105.424
741 -106.37
742 -107.182
743 -106.839
744 -107.867
745 -107.244
746 -108.4
747 -106.729
748 -108.172
749 -106.999
750 -107.655
751 -107.598
752 -106.399
753 -106.808
754 -107.026
755 -107.988
756 -108.689
757 -105.225
758 -105.43
759 -105.891
760 -105.431
761 -106.832
762 -106.7
763 -107.265
764 -108.89
765 -108.902
766 -107.782
767 -105.801
768 -106.57
769 -104.822
770 -104.854
771 -104.043
772 -104.324
773 -105.268
774 -103.281
775 -104.707
776 -104.809
777 -104.14
778 -104.633
779 -105.5
780 -106.545
781 -105.078
782 -106.387
783 -106.934
784 -108.949
785 -108.771
786 -108.264
787 -106.803
788 -105.693
789 -105.913
790 -107.1
791 -106.473
792 -105.599
793 -107.029
794 -107.384
795 -106.666
796 -106.636
797 -106.471
798 -106.635
799 -106.514
800 -106.688
801 -106.364
802 -106.068
803 -107.542
804 -107.755
805 -108.762
806 -107.351
807 -107.227
808 -105.208
809 -105.408
810 -103.439
811 -104.385
812 -105.07
813 -104.893
814 -104.021
815 -106.03
816 -104.258
817 -104.714
818 -103.777
819 -105.424
820 -104.746
821 -105.64
822 -105.315
823 -105.697
824 -106.408
825 -106.039
826 -106.748
827 -107.316
828 -107.798
829 -106.748
830 -106.057
831 -105.054
832 -105.287
833 -107.195
834 -107.323
835 -108.15
836 -106.898
837 -105.891
838 -106.124
839 -106.356
840 -106.024
841 -106.131
842 -107.456
843 -107.109
844 -108.144
845 -106.339
846 -106.362
847 -106.056
848 -107.213
849 -104.235
850 -104.225
851 -102.456
852 -104.685
853 -103.759
854 -104.324
855 -104.511
856 -103.691
857 -105.127
858 -105.64
859 -105.442
860 -105.192
861 -106.266
862 -106.779
863 -107.571
864 -105.952
865 -106.586
866 -106.864
867 -108.122
868 -106.922
869 -107.639
870 -106.473
871 -107.39
872 -107.692
873 -106.081
874 -106.761
875 -106.406
876 -106.996
877 -108.217
878 -106.945
879 -106.119
880 -106.741
881 -105.77
882 -106.582
883 -107.178
884 -107.077
885 -108.398
886 -108.176
887 -106.81
888 -106.692
889 -106.959
890 -105.106
891 -103.961
892 -102.49
893 -105.489
894 -104.543
895 -105.244
896 -104.036
897 -102.635
898 -103.469
899 -105.138
900 -104.841
901 -105.559
902 -105.226
903 -108.351
904 -106.018
905 -106.787
906 -105.085
907 -105.894
908 -107.292
909 -107.675
910 -107.025
911 -105.937
912 -105.795
913 -105.032
914 -106.737
915 -106.604
916 -106.734
917 -106.144
918 -107.367
919 -106.558
920 -105.315
921 -105.46
922 -104.471
923 -106.558
924 -106.131
925 -106.547
926 -105.595
927 -106.852
928 -106.592
929 -106.553
930 -106.713
931 -105.249
932 -104.297
933 -103.716
934 -103.194
935 -104.689
936 -103.921
937 -104.41
938 -102.771
939 -105.167
940 -105.225
941 -105.436
942 -105.386
943 -106.035
944 -107.083
945 -106.047
946 -106.037
947 -105.83
948 -105.789
949 -106.124
950 -106.281
951 -106.763
952 -105.118
953 -106.096
954 -106.358
955 -107.75
956 -107.625
957 -108.654
958 -106.702
959 -106.892
960 -107.235
961 -105.028
962 -105.647
963 -105.942
964 -107.075
965 -107.73
966 -107.307
967 -106.82
968 -106.042
969 -106.633
970 -106.027
971 -105.145
972 -105.672
973 -105.621
974 -107.366
975 -106.157
976 -107.057
977 -105.88
978 -106.815
979 -106.944
980 -108.953
981 -109.125
982 -110.908
983 -110.596
984 -112.017
985 -112.039
986 -112.455
987 -113.212
988 -115.454
989 -114.355
990 -114.249
991 -115.968
992 -116.232
993 -116.134
994 -117.546
995 -117.56
996 -117.276
997 -118.854
998 -119.339
999 -120.259
1000 -119.555
1001 -122.221
1002 -120.617
1003 -120.84
1004 -120.551
1005 -120.374
1006 -120.698
1007 -121.334
1008 -119.859
1009 -121.355
1010 -119.531
1011 -119.006
1012 -119.914
1013 -118.7
1014 -119.436
1015 -119.284
1016 -120.069
1017 -117.273
1018 -118.192
1019 -117.959
1020 -118.275
1021 -118.958
1022 -116.854
1023 -117.788
1024 -116.918
1025 -116.342
1026 -115.077
1027 -115.744
1028 -113.175
1029 -114.711
1030 -111.969
1031 -111.355
1032 -112.303
1033 -111.878
1034 -111.816
1035 -111.92
1036 -112.036
1037 -110.973
1038 -113.147
1039 -110.756
1040 -112.04
1041 -111.08
1042 -111.238
1043 -110.021
1044 -110.795
1045 -110.243
1046 -110.659
1047 -110.294
1048 -110.703
1049 -110.331
1050 -110.268
1051 -110.048
1052 -110.132
1053 -109.834
1054 -109.673
1055 -109.614
1056 -108.876
1057 -108.885
1058 -109.334
1059 -109.237
1060 -110.386
1061 -107.694
1062 -108.831
1063 -109.118
1064 -110.129
1065 -108.93
1066 -108.08
1067 -109.928
1068 -110.096
1069 -107.447
1070 -108.715
1071 -109.014
1072 -108.976
1073 -110.344
1074 -107.743
1075 -109.355
1076 -108.098
1077 -109.201
1078 -109.573
1079 -108.782
1080 -108.308
1081 -108.972
1082 -109.53
1083 -107.485
1084 -109.613
1085 -108.804
1086 -108.804
1087 -107.272
1088 -108.787
1089 -109.743
1090 -108.315
1091 -108.531
1092 -107.877
1093 -107.936
1094 -108.275
1095 -109.17
1096 -108.291
1097 -110.004
1098 -110.898
1099 -110.306
1100 -108.948
1101 -110.398
1102 -109.928
1103 -111.683
1104 -112.015
1105 -112.698
1106 -112.932
1107 -114.175
1108 -113.974
1109 -114.817
1110 -114.149
1111 -115.669
1112 -115.085
1113 -118.607
1114 -117.463
1115 -117.172
1116 -118.399
1117 -119.459
1118 -121.17
1119 -120.575
1120 -121.337
1121 -121.713
1122 -122.094
1123 -122.966
1124 -124.694
1125 -125.55
1126 -126.195
1127 -125.562
1128 -127.791
1129 -126.38
1130 -129.199
1131 -126.471
1132 -128.986
1133 -128.793
1134 -128.921
1135 -129.218
1136 -129.358
1137 -129.947
1138 -129.651
1139 -128.288
1140 -129.249
1141 -128.1
1142 -127.352
1143 -126.089
1144 -127.227
1145 -126.82
1146 -127.048
1147 -126.004
1148 -126.617
1149 -126.184
1150 -125.056
1151 -124.432
1152 -124.821
1153 -124.358
1154 -123.648
1155 -123.279
1156 -121.044
1157 -121.413
1158 -121.597
1159 -120.214
1160 -120.629
1161 -118.75
1162 -118.739
1163 -118.682
1164 -117.484
1165 -118.957
1166 -118.817
1167 -117.928
1168 -116.48
1169 -117.394
1170 -116.998
1171 -116.974
1172 -116.81
1173 -115.528
1174 -115.398
1175 -115.941
1176 -116.837
1177 -116.003
1178 -117.06
1179 -118.037
1180 -119.147
1181 -117.318
1182 -117.323
1183 -115.521
1184 -118.049
1185 -117.874
1186 -117.665
1187 -118.248
1188 -117.755
1189 -118.809
1190 -118.272
1191 -117.456
1192 -117.846
1193 -115.785
1194 -116.662
1195 -117.352
1196 -115.79
1197 -117.189
1198 -116.743
1199 -117.518
1200 -117.117
1201 -116.854
1202 -116.49
1203 -116.091
1204 -116.336
1205 -115.696
1206 -114.119
1207 -115.874
1208 -114.104
1209 -116.077
1210 -116.46
1211 -116.116
1212 -114.035
1213 -115.041
1214 -112.824
1215 -115.582
1216 -115.775
1217 -114.556
1218 -116.578
1219 -116.522
1220 -117.342
1221 -117.268
1222 -117.656
1223 -116.494
1224 -117.74
1225 -116.368
1226 -117.887
1227 -118.163
1228 -117.347
1229 -117.359
1230 -116.757
1231 -117.962
1232 -116.977
1233 -117.211
1234 -116.206
1235 -115.956
1236 -117.679
1237 -116.689
1238 -116.835
1239 -117.142
1240 -116.993
1241 -117.037
1242 -116.726
1243 -118.192
1244 -115.863
1245 -114.024
1246 -114.329
1247 -115.863
1248 -114.723
1249 -115.629
1250 -115.138
1251 -115.068
1252 -113.886
1253 -114.94
1254 -114.38
1255 -115.118
1256 -113.426
1257 -113.81
1258 -114.909
1259 -116.207
1260 -116.699
1261 -117.936
1262 -117.863
1263 -116.848
1264 -116.856
1265 -117.363
1266 -116.885
1267 -117.093
1268 -116.347
1269 -118.218
1270 -118.008
1271 -117.553
1272 -117.426
1273 -117.994
1274 -117.826
1275 -116.163
1276 -117.085
1277 -117.342
1278 -118.051
1279 -115.879
1280 -117.741
1281 -117.466
1282 -118.686
1283 -115.405
1284 -116.838
1285 -115.339
1286 -116.264
1287 -115.216
1288 -114.21
1289 -116.111
1290 -116.173
1291 -116.24
1292 -115.232
1293 -114.399
1294 -115.386
1295 -113.968
1296 -113.948
1297 -114.611
1298 -114.122
1299 -116.441
1300 -116.218
1301 -115.913
1302 -117.539
1303 -118.122
1304 -117.373
1305 -116.396
1306 -117.088
1307 -116.051
1308 -117.542
1309 -117.177
1310 -118.285
1311 -117.184
1312 -117.418
1313 -117.619
1314 -116.729
1315 -115.169
1316 -118.635
1317 -118.388
1318 -115.76
1319 -117.25
1320 -115.918
1321 -116.727
1322 -116.28
1323 -116.573
1324 -115.891
1325 -114.777
1326 -115.417
1327 -114.589
1328 -114.911
1329 -115.217
1330 -115.162
1331 -115.691
1332 -115.275
1333 -114.456
1334 -115.53
1335 -115.319
1336 -112.398
1337 -115.231
1338 -115.533
1339 -114.923
1340 -115.808
1341 -115.553
1342 -115.748
1343 -116.288
1344 -117.558
1345 -113.89
1346 -117.262
1347 -116.638
1348 -117.404
1349 -117.293
1350 -117.955
1351 -117.878
1352 -117.803
1353 -117.345
1354 -117.71
1355 -116.13
1356 -116.888
1357 -115.697
1358 -116.49
1359 -116.756
1360 -116.495
1361 -116.847
1362 -117.138
1363 -115.273
1364 -116.243
1365 -115.846
1366 -115.401
1367 -115.346
1368 -115.26
1369 -115.139
1370 -115.758
1371 -116.19
1372 -115.384
1373 -115.469
1374 -114.626
1375 -114.414
1376 -114.973
1377 -114.725
1378 -115.551
1379 -114.928
1380 -114.588
1381 -116.019
1382 -116.271
1383 -117.527
1384 -115.999
1385 -115.194
1386 -116.027
1387 -116.827
1388 -116.466
1389 -117.928
1390 -116.922
1391 -117.947
1392 -118.835
1393 -117.926
1394 -117.157
1395 -116.845
1396 -117.025
1397 -115.6
1398 -115.475
1399 -116.384
1400 -115.968
1401 -117.271
1402 -116.357
1403 -116.427
1404 -115.508
1405 -115.272
1406 -115.59
1407 -115.637
1408 -115.177
1409 -115.545
1410 -114.957
1411 -115.268
1412 -115.409
1413 -116.186
1414 -114.872
1415 -114.858
1416 -114.982
1417 -115.092
1418 -114.064
1419 -115.705
1420 -115.441
1421 -115.454
1422 -118.15
1423 -115.908
1424 -117.196
1425 -117.035
1426 -116.079
1427 -115.913
1428 -117.562
1429 -115.835
1430 -116.985
1431 -116.393
1432 -117.537
1433 -116.073
1434 -117.802
1435 -117.213
1436 -117.186
1437 -116.349
1438 -115.755
1439 -116.461
1440 -115.108
1441 -117.543
1442 -117.468
1443 -117.082
1444 -118.53
1445 -116.891
1446 -115.822
1447 -115.519
1448 -115.598
1449 -115.406
1450 -115.006
1451 -115.129
1452 -114.902
1453 -115.793
1454 -114.351
1455 -114.226
1456 -114.031
1457 -114.362
1458 -116.049
1459 -115.101
1460 -116.659
1461 -116.711
1462 -117.222
1463 -117.84
1464 -117.573
1465 -116.492
1466 -116.892
1467 -117.539
1468 -116.936
1469 -116.792
1470 -115.697
1471 -117.473
1472 -118.071
1473 -119.758
1474 -117.652
1475 -117.112
1476 -117.193
1477 -116.554
1478 -115.633
1479 -116.156
1480 -115.594
1481 -115.054
1482 -117.903
1483 -115.807
1484 -117.691
1485 -117.638
1486 -116.408
1487 -115.084
1488 -115.963
1489 -113.92
1490 -114.215
1491 -114.953
1492 -115.596
1493 -116.422
1494 -115.225
1495 -115.596
1496 -113.994
1497 -113.292
1498 -113.393
1499 -115.288
1500 -113.508
1501 -117.137
1502 -116.522
1503 -117.358
1504 -116.271
1505 -116.712
1506 -114.941
1507 -116.121
1508 -115.463
1509 -115.14
1510 -115.713
1511 -114.602
1512 -115.783
1513 -115.086
1514 -112.916
1515 -113.232
1516 -112.237
1517 -112.134
1518 -111.598
1519 -110.518
1520 -110.551
1521 -110.218
1522 -110.112
1523 -109.355
1524 -109.328
1525 -110.021
1526 -106.994
1527 -106.105
1528 -105.143
1529 -103.633
1530 -103.997
1531 -101.82
1532 -102.572
1533 -101.134
1534 -100.207
1535 -99.2893
1536 -100.004
1537 -102.422
1538 -101.271
1539 -100.989
1540 -99.4604
1541 -99.5645
1542 -101.04
1543 -99.6078
1544 -100.886
1545 -100.42
1546 -101.506
1547 -102.673
1548 -100.817
1549 -101.37
1550 -102.642
1551 -102.574
1552 -102.994
1553 -103.274
1554 -103.569
1555 -103.899
1556 -105.633
1557 -105.883
1558 -105.864
1559 -106.87
1560 -106.604
1561 -105.797
1562 -107.163
1563 -107.158
1564 -107.602
1565 -109.027
1566 -108.762
1567 -109.457
1568 -111.745
1569 -108.42
1570 -108.725
1571 -110.56
1572 -109.426
1573 -109.236
1574 -110.568
1575 -110.198
1576 -110.678
1577 -110.607
1578 -110.4
1579 -111.125
1580 -109.375
1581 -110.177
1582 -110.957
1583 -112.914
1584 -111.467
1585 -111.443
1586 -113.15
1587 -111.183
1588 -111.963
1589 -111.566
1590 -112.267
1591 -113.351
1592 -113.084
1593 -112.136
1594 -113.294
1595 -112.302
1596 -112.67
1597 -112.926
1598 -112.096
1599 -111.964
1600 -111.907
1601 -112.081
1602 -112.865
1603 -112.806
1604 -113.227
1605 -112.612
1606 -112.694
1607 -113.151
1608 -113.179
1609 -113.377
1610 -111.652
1611 -112.339
1612 -112.702
1613 -113.052
1614 -113.229
1615 -112.891
1616 -112.367
1617 -113.29
1618 -112.613
1619 -112.558
1620 -110.791
1621 -112.479
1622 -112.615
1623 -112.086
1624 -115.078
1625 -112.961
1626 -112.286
1627 -113.251
1628 -113.043
1629 -114.115
1630 -113.462
1631 -111.921
1632 -112.082
1633 -114.307
1634 -111.9
1635 -110.62
1636 -110.32
1637 -109.649
1638 -108.067
1639 -108.308
1640 -107.47
1641 -107.362
1642 -106.74
1643 -106.693
1644 -106.946
1645 -105.139
1646 -105.073
1647 -105.514
1648 -104.144
1649 -104.047
1650 -101.263
1651 -102.389
1652 -101.703
1653 -100.239
1654 -100.716
1655 -100.164
1656 -97.9052
1657 -97.8944
1658 -99.7842
1659 -95.2739
1660 -96.6707
1661 -96.5081
1662 -94.6886
1663 -94.1942
1664 -94.7247
1665 -92.4764
1666 -91.3373
1667 -93.1685
1668 -90.2152
1669 -92.1869
1670 -93.3555
1671 -93.1344
1672 -92.6429
1673 -90.9158
1674 -91.8957
1675 -92.971
1676 -92.5627
1677 -92.6242
1678 -92.3372
1679 -93.8342
1680 -94.7874
1681 -95.093
1682 -94.3522
1683 -96.7032
1684 -97.337
1685 -97.4302
1686 -96.9494
1687 -99.2557
1688 -98.7987
1689 -99.4287
1690 -99.2141
1691 -102.43
1692 -102.269
1693 -102.587
1694 -102.432
1695 -101.06
1696 -103.24
1697 -102.188
1698 -102.383
1699 -104.529
1700 -104.729
1701 -104.479
1702 -104.839
1703 -103.914
1704 -103.667
1705 -104.496
1706 -105.949
1707 -104.603
1708 -105.476
1709 -105.024
1710 -103.735
1711 -106.675
1712 -105.945
1713 -105.482
1714 -104.121
1715 -105.489
1716 -103.971
1717 -103.925
1718 -104.063
1719 -103.961
1720 -102.318
1721 -102.273
1722 -103.075
1723 -104.461
1724 -103.082
1725 -104.032
1726 -105.52
1727 -105.672
1728 -105.278
1729 -106.294
1730 -106.054
1731 -107.033
1732 -105.996
1733 -107.532
1734 -106.129
1735 -106.982
1736 -105.215
1737 -105.173
1738 -104.47
1739 -105.582
1740 -105.391
1741 -106.905
1742 -108.903
1743 -105.624
1744 -106.124
1745 -106.342
1746 -103.68
1747 -106.547
1748 -107.296
1749 -105.751
1750 -106.03
1751 -107.728
1752 -107.546
1753 -106.876
1754 -107.205
1755 -107.659
1756 -105.52
1757 -106.011
1758 -105.431
1759 -104.531
1760 -102.952
1761 -105.73
1762 -105.388
1763 -103.593
1764 -103.036
1765 -103.328
1766 -105.066
1767 -106.054
1768 -104.909
1769 -105.751
1770 -106.908
1771 -107.794
1772 -106.561
1773 -106.658
1774 -106.778
1775 -107.39
1776 -106.238
1777 -107.887
1778 -104.661
1779 -104.806
1780 -105.711
1781 -104.969
1782 -106.369
1783 -108.086
1784 -105.471
1785 -106.465
1786 -106.219
1787 -105.275
1788 -107.052
1789 -107.443
1790 -107.209
1791 -107.153
1792 -106.615
1793 -107.585
1794 -107.817
1795 -106.353
1796 -105.515
1797 -104.551
1798 -103.384
1799 -104.722
1800 -103.964
1801 -104.247
1802 -103.514
1803 -103.756
1804 -105.739
1805 -103.826
1806 -104.755
1807 -103.684
1808 -107.787
1809 -106.572
1810 -106.427
1811 -108.347
1812 -107.747
1813 -107.262
1814 -106.682
1815 -106.923
1816 -106.927
1817 -106.138
1818 -106.145
1819 -105.284
1820 -106.187
1821 -105.302
1822 -105.178
1823 -107.757
1824 -107.201
1825 -106.943
1826 -106.292
1827 -105.247
1828 -107.607
1829 -107.062
1830 -107.581
1831 -108.106
1832 -108.733
1833 -108.72
1834 -107.494
1835 -105.378
1836 -105.54
1837 -104.805
1838 -105.604
1839 -102.631
1840 -105.141
1841 -103.55
1842 -104.971
1843 -105.171
1844 -104.019
1845 -104.066
1846 -103.963
1847 -105.408
1848 -106.801
1849 -106.267
1850 -105.798
1851 -106.066
1852 -106.918
1853 -107.14
1854 -107.142
1855 -106.451
1856 -106.997
1857 -106.101
1858 -106.423
1859 -106.963
1860 -106.616
1861 -107.208
1862 -106.738
1863 -107.177
1864 -106.324
1865 -106.126
1866 -105.733
1867 -105.895
1868 -106.08
1869 -105.543
1870 -106.355
1871 -107.745
1872 -107.991
1873 -107.814
1874 -108.398
1875 -106.058
1876 -105.983
1877 -105.563
1878 -104.836
1879 -105.624
1880 -102.909
1881 -105.87
1882 -104.158
1883 -103.625
1884 -103.611
1885 -103.569
1886 -104.544
1887 -104.906
1888 -105.665
1889 -105.981
1890 -106.085
1891 -106.392
1892 -107.273
1893 -107.229
1894 -106.979
1895 -105.74
1896 -107.403
1897 -107.789
1898 -106.523
1899 -105.57
1900 -107.16
1901 -107.156
1902 -106.316
1903 -107.964
1904 -107.224
1905 -106.48
1906 -106.811
1907 -105.515
1908 -105.579
1909 -107.207
1910 -106.541
1911 -106.953
1912 -108.726
1913 -108.363
1914 -107.611
1915 -107.687
1916 -105.294
1917 -105.441
1918 -105.864
1919 -106.212
1920 -104.578
1921 -104.391
1922 -104.488
1923 -104.371
1924 -104.12
1925 -102.398
1926 -103.907
1927 -104.73
1928 -104.47
1929 -104.988
1930 -106.31
1931 -106.947
1932 -106.426
1933 -106.907
1934 -107.177
1935 -106.808
1936 -105.777
1937 -105.701
1938 -107.288
1939 -106.545
1940 -105.43
1941 -105.626
1942 -106.233
1943 -105.624
1944 -106.597
1945 -106.955
1946 -107.06
1947 -106.559
1948 -106.924
1949 -106.593
1950 -106.346
1951 -105.564
1952 -106.835
1953 -106.502
1954 -107.112
1955 -108.332
1956 -106.25
1957 -105.498
1958 -105.697
1959 -105.037
1960 -105.575
1961 -105.596
1962 -102.701
1963 -103.062
1964 -104.471
1965 -104.055
1966 -103.992
1967 -104.35
1968 -105.902
1969 -106.235
1970 -104.844
1971 -106.712
1972 -108.407
1973 -106.501
1974 -107.02
1975 -106.21
1976 -107.383
1977 -106.382
1978 -107.379
1979 -107.081
1980 -105.129
1981 -105.984
1982 -106.473
1983 -107.878
1984 -106.026
1985 -108.349
1986 -107.713
1987 -105.628
1988 -105.508
1989 -105.962
1990 -106.659
1991 -107.091
1992 -108.329
1993 -109.571
1994 -107.888
1995 -106.937
1996 -107.358
1997 -105.807
1998 -104.823
1999 -105.718
2000 -104.449
2001 -105.057
2002 -103.514
2003 -103.668
2004 -104.137
2005 -103.145
2006 -103.651
2007 -105.27
2008 -103.629
2009 -103.753
2010 -106.136
2011 -105.782
2012 -105.031
2013 -107.832
2014 -107.701
2015 -106.461
2016 -107.046
2017 -106.847
2018 -108.316
2019 -106.92
2020 -106.085
2021 -105.435
2022 -105.648
2023 -108.506
2024 -106.708
2025 -107.065
2026 -107.012
2027 -106.695
2028 -107.642
2029 -106.759
2030 -106.036
2031 -106.907
2032 -104.983
2033 -106.627
2034 -108.159
2035 -107.386
2036 -106.928
2037 -106.063
2038 -105.317
2039 -105.076
2040 -105.468
2041 -105.66
2042 -105.682
2043 -106.69
2044 -106.767
2045 -106.559
2046 -106.874
2047 -107.002
2048 -107.84
2049 -109.51
2050 -109.133
2051 -111.111
2052 -113.109
2053 -112.569
2054 -112.56
2055 -113.582
2056 -115.035
2057 -115.115
2058 -115.614
2059 -114.009
2060 -115.809
2061 -115.23
2062 -114.73
2063 -118.277
2064 -116.991
2065 -118.697
2066 -118.166
2067 -118.955
2068 -122.102
2069 -121.523
2070 -121.045
2071 -121.054
2072 -120.003
2073 -121.443
2074 -121.621
2075 -121.132
2076 -120.035
2077 -120.825
2078 -122.187
2079 -119.267
2080 -119.254
2081 -119.994
2082 -119.258
2083 -119.489
2084 -119.061
2085 -119.2
2086 -118.773
2087 -116.839
2088 -117.897
2089 -117.881
2090 -117.229
2091 -116.472
2092 -116.39
2093 -115.605
2094 -115.744
2095 -114.487
2096 -113.873
2097 -112.922
2098 -114.979
2099 -112.367
2100 -112.972
2101 -111.926
2102 -112.683
2103 -112.525
2104 -111.848
2105 -112.074
2106 -111.777
2107 -110.263
2108 -110.568
2109 -111.812
2110 -110.908
2111 -112.406
2112 -109.563
2113 -111.028
2114 -110.105
2115 -108.298
2116 -109.717
2117 -108.875
2118 -110.205
2119 -109.704
2120 -108.891
2121 -109.412
2122 -108.559
2123 -109.275
2124 -108.668
2125 -108.922
2126 -109.759
2127 -109.537
2128 -109.669
2129 -109.009
2130 -107.878
2131 -107.54
2132 -108.767
2133 -108.687
2134 -110.114
2135 -108.547
2136 -108.122
2137 -108.768
2138 -108.133
2139 -108.272
2140 -108.897
2141 -108.799
2142 -108.824
2143 -109.043
2144 -109.804
2145 -108.867
2146 -107.492
2147 -108.058
2148 -110.28
2149 -108.49
2150 -107.894
2151 -108.28
2152 -108.823
2153 -108.674
2154 -107.879
2155 -107.688
2156 -108.896
2157 -108.267
2158 -107.471
2159 -107.485
2160 -111.159
2161 -109.401
2162 -108.351
2163 -109.451
2164 -107.673
2165 -107.655
2166 -109.093
2167 -109.445
2168 -108.389
2169 -109.723
2170 -109.512
2171 -111.141
2172 -111.719
2173 -113.035
2174 -113.37
2175 -112.908
2176 -114.092
2177 -115.18
2178 -113.536
2179 -113.47
2180 -116.269
2181 -116.434
2182 -116.502
2183 -118.841
2184 -119.858
2185 -118.331
2186 -118.687
2187 -120.005
2188 -121.62
2189 -121.853
2190 -122.181
2191 -123.918
2192 -124.005
2193 -124.909
2194 -125.094
2195 -125.364
2196 -126.567
2197 -126.385
2198 -128.926
2199 -128.717
2200 -128.564
2201 -127.966
2202 -127.341
2203 -128.65
2204 -128.35
2205 -129.706
2206 -128.644
2207 -130.044
2208 -127.32
2209 -129.458
2210 -129.145
2211 -128.707
2212 -127.877
2213 -126.511
2214 -127.683
2215 -126.127
2216 -124.885
2217 -124.148
2218 -124.708
2219 -125.665
2220 -125.643
2221 -123.398
2222 -122.56
2223 -122.366
2224 -120.884
2225 -121.744
2226 -121.772
2227 -120.223
2228 -118.951
2229 -119.003
2230 -119.594
2231 -117.468
2232 -117.841
2233 -117.838
2234 -117.97
2235 -119.099
2236 -118.336
2237 -115.955
2238 -116.903
2239 -115.871
2240 -116.266
2241 -115.614
2242 -115.245
2243 -115.398
2244 -115.446
2245 -115.061
2246 -117.774
2247 -117.242
2248 -117.313
2249 -117.88
2250 -117.228
2251 -117.448
2252 -116.681
2253 -116.35
2254 -116.671
2255 -118.682
2256 -117.482
2257 -118.385
2258 -119.092
2259 -117.031
2260 -118.342
2261 -116.414
2262 -117.514
2263 -116.458
2264 -117.451
2265 -117.071
2266 -115.786
2267 -116.151
2268 -117.14
2269 -115.858
2270 -116.643
2271 -115.45
2272 -115.153
2273 -114.398
2274 -116.16
2275 -114.653
2276 -114.819
2277 -115.757
2278 -116.458
2279 -115.176
2280 -115.782
2281 -115.889
2282 -115.258
2283 -113.965
2284 -112.637
2285 -115.054
2286 -115.114
2287 -115.248
2288 -116.617
2289 -117.477
2290 -117.123
2291 -117.178
2292 -118.279
2293 -117.83
2294 -116.136
2295 -116.903
2296 -117.624
2297 -116.363
2298 -117.072
2299 -117.248
2300 -117.075
2301 -117.355
2302 -115.418
2303 -116.506
2304 -116.242
2305 -116.911
2306 -116.125
2307 -115.959
2308 -117.051
2309 -115.775
2310 -116.55
2311 -115.755
2312 -116.138
2313 -114.053
2314 -114.28
2315 -117.307
2316 -115.105
2317 -115.69
2318 -114.796
2319 -115.92
2320 -115.205
2321 -114.904
2322 -115.992
2323 -115.043
2324 -112.588
2325 -114.276
2326 -113.363
2327 -116.442
2328 -116.613
2329 -115.821
2330 -114.939
2331 -116.583
2332 -116.815
2333 -115.818
2334 -116.181
2335 -117.822
2336 -117.68
2337 -118.144
2338 -116.907
2339 -117.311
2340 -117.406
2341 -118.525
2342 -117.307
2343 -116.836
2344 -117.291
2345 -115.588
2346 -115.791
2347 -116.242
2348 -116.618
2349 -116.059
2350 -116.928
2351 -117.048
2352 -114.631
2353 -114.728
2354 -115.373
2355 -114.979
2356 -115.166
2357 -114.994
2358 -113.899
2359 -115.355
2360 -113.602
2361 -114.563
2362 -114.254
2363 -114.779
2364 -113.358
2365 -113.154
2366 -114.839
2367 -114.185
2368 -116.761
2369 -115.534
2370 -117.307
2371 -116.29
2372 -114.5
2373 -115.514
2374 -117.464
2375 -116.828
2376 -117.881
2377 -117.387
2378 -119.343
2379 -116.781
2380 -117.394
2381 -117.55
2382 -118.026
2383 -116.859
2384 -114.919
2385 -116.654
2386 -116.171
2387 -116.262
2388 -117.114
2389 -116.863
2390 -116.178
2391 -115.89
2392 -117.351
2393 -115.232
2394 -116.031
2395 -115.662
2396 -115.432
2397 -114.942
2398 -114.577
2399 -116.769
2400 -116.196
2401 -113.635
2402 -115.873
2403 -113.154
2404 -113.898
2405 -114.056
2406 -113.72
2407 -117.039
2408 -115.371
2409 -117.381
2410 -115.367
2411 -118.107
2412 -116.965
2413 -116.401
2414 -116.26
2415 -116.895
2416 -116.699
2417 -116.331
2418 -117.73
2419 -118.996
2420 -118.733
2421 -116.83
2422 -117.364
2423 -116.021
2424 -116.962
2425 -117.431
2426 -115.685
2427 -115.892
2428 -115.806
2429 -116.977
2430 -115.767
2431 -116.703
2432 -115.435
2433 -116.068
2434 -115.541
2435 -114.901
2436 -114.455
2437 -114.09
2438 -115.461
2439 -116.42
2440 -115.815
2441 -114.219
2442 -114.712
2443 -114.417
2444 -113.095
2445 -113.991
2446 -114.947
2447 -116.244
2448 -117.433
2449 -116.26
2450 -117.337
2451 -116.172
2452 -115.916
2453 -117.412
2454 -115.915
2455 -115.118
2456 -116.575
2457 -116.472
2458 -116.369
2459 -117.689
2460 -116.643
2461 -118.187
2462 -116.622
2463 -117.31
2464 -117.512
2465 -114.7
2466 -115.421
2467 -116.863
2468 -116.957
2469 -114.869
2470 -116.651
2471 -115.448
2472 -114.999
2473 -116.308
2474 -116.158
2475 -113.758
2476 -115.343
2477 -115.999
2478 -114.385
2479 -115.407
2480 -113.647
2481 -115.739
2482 -115.17
2483 -116.014
2484 -115.154
2485 -113.16
2486 -113.691
2487 -114.804
2488 -115.009
2489 -115.638
2490 -115.699
2491 -117.038
2492 -116.618
2493 -116.66
2494 -116.41
2495 -117.536
2496 -116.164
2497 -116.026
2498 -117.11
2499 -117.669
2500 -117.572
2501 -117.856
2502 -119.797
2503 -114.882
2504 -117.204
2505 -118.351
2506 -116.238
2507 -115.564
2508 -115.889
2509 -115.179
2510 -116.645
2511 -116.615
2512 -115.898
2513 -116.783
2514 -116.323
2515 -115.076
2516 -115.679
2517 -114.961
2518 -115.059
2519 -116.084
2520 -114.859
2521 -115.878
2522 -115.167
2523 -116.449
2524 -114.196
2525 -112.359
2526 -114.467
2527 -114.66
2528 -113.976
2529 -114.931
2530 -115.955
2531 -116.177
2532 -117.727
2533 -115.225
2534 -116.865
2535 -116.495
2536 -116.19
2537 -116.437
2538 -116.328
2539 -117.949
2540 -117.121
2541 -118.261
2542 -117.642
2543 -115.84
2544 -115.645
2545 -116.242
2546 -116.68
2547 -115.613
2548 -115.369
2549 -116.91
2550 -116.774
2551 -115.255
2552 -116.827
2553 -116.314
2554 -116.57
2555 -115.532
2556 -117.507
2557 -115.649
2558 -114.648
2559 -114.986
2560 -113.378
2561 -114.117
2562 -114.41
2563 -115.146
2564 -115.327
2565 -114.005
2566 -113.946
2567 -114.145
2568 -113.377
2569 -115.764
2570 -114.92
2571 -117.182
2572 -116.075
2573 -116.331
2574 -116.446
2575 -114.493
2576 -115.022
2577 -115.409
2578 -115.129
2579 -115.577
2580 -114.288
2581 -114.824
2582 -114.264
2583 -114.326
2584 -114.061
2585 -112.407
2586 -110.759
2587 -110.193
2588 -110.507
2589 -109.792
2590 -108.379
2591 -109.841
2592 -107.757
2593 -106.683
2594 -106.083
2595 -106.759
2596 -105.501
2597 -104.898
2598 -104.076
2599 -102.933
2600 -102.176
2601 -101.593
2602 -101.252
2603 -99.8608
2604 -101.49
2605 -101.789
2606 -100.503
2607 -101.8
2608 -99.7088
2609 -99.0559
2610 -98.8448
2611 -100.018
2612 -100.379
2613 -101.095
2614 -100.686
2615 -100.91
2616 -100.705
2617 -101.128
2618 -101.099
2619 -102.392
2620 -101.809
2621 -101.995
2622 -103.366
2623 -102.812
2624 -101.939
2625 -103.739
2626 -103.714
2627 -104.258
2628 -105.818
2629 -107.111
2630 -107.709
2631 -106.283
2632 -106.116
2633 -109.284
2634 -109.873
2635 -107.932
2636 -109.298
2637 -109.121
2638 -110.596
2639 -110.884
2640 -109.626
2641 -108.869
2642 -110.168
2643 -109.688
2644 -109.481
2645 -110.661
2646 -111.555
2647 -110.962
2648 -111.68
2649 -110.063
2650 -111.309
2651 -111.653
2652 -110.093
2653 -111.518
2654 -111.577
2655 -111.054
2656 -111.811
2657 -111.502
2658 -110.052
2659 -111.502
2660 -112.073
2661 -112.479
2662 -113.624
2663 -112.854
2664 -112.558
2665 -112.219
2666 -112.215
2667 -113.186
2668 -112.105
2669 -112.128
2670 -110.522
2671 -111.81
2672 -112.171
2673 -115
2674 -113.164
2675 -112.127
2676 -113.519
2677 -111.779
2678 -111.659
2679 -111.333
2680 -111.897
2681 -112.05
2682 -111.399
2683 -112.721
2684 -112.612
2685 -112.789
2686 -111.979
2687 -113.517
2688 -112.144
2689 -112.416
2690 -113.21
2691 -112.076
2692 -113.271
2693 -112.805
2694 -113.381
2695 -112.9
2696 -113.146
2697 -114.272
2698 -112.381
2699 -111.715
2700 -113.357
2701 -111.738
2702 -110.832
2703 -111.515
2704 -111.774
2705 -110.518
2706 -110.041
2707 -108.254
2708 -108.69
2709 -106.707
2710 -107.595
2711 -107.627
2712 -106.847
2713 -106.428
2714 -104.784
2715 -104.853
2716 -103.37
2717 -103.707
2718 -102.83
2719 -103.29
2720 -100.423
2721 -100.745
2722 -102.459
2723 -99.3334
2724 -100.605
2725 -98.7206
2726 -97.7653
2727 -97.3198
2728 -97.8814
2729 -95.4694
2730 -94.775
2731 -94.1242
2732 -94.0252
2733 -93.2341
2734 -93.8094
2735 -91.8871
2736 -90.7764
2737 -91.9821
2738 -91.8238
2739 -91.7406
2740 -92.1615
2741 -91.89
2742 -93.0215
2743 -92.049
2744 -90.815
2745 -91.6172
2746 -93.7458
2747 -93.4001
2748 -94.8364
2749 -93.7643
2750 -95.9349
2751 -96.3953
2752 -98.3809
2753 -98.3511
2754 -96.7673
2755 -98.7053
2756 -98.9859
2757 -99.5437
2758 -98.6051
2759 -101.293
2760 -102.107
2761 -102.641
2762 -103.043
2763 -104.961
2764 -102.484
2765 -101.622
2766 -103.485
2767 -103.664
2768 -105.27
2769 -104.557
2770 -103.747
2771 -103.096
2772 -103.468
2773 -103.979
2774 -105.195
2775 -106.087
2776 -104.966
2777 -105.341
2778 -106.057
2779 -105.447
2780 -106.229
2781 -105.335
2782 -106.507
2783 -104.471
2784 -103.646
2785 -104.055
2786 -103.596
2787 -104.732
2788 -103.61
2789 -102.863
2790 -102.322
2791 -102.465
2792 -104.971
2793 -104.061
2794 -103.702
2795 -106.086
2796 -105.143
2797 -106.318
2798 -107.1
2799 -106.206
2800 -105.638
2801 -107.921
2802 -105.845
2803 -106.144
2804 -104.205
2805 -105.853
2806 -105.563
2807 -106.641
2808 -106.83
2809 -106.103
2810 -106.616
2811 -106.832
2812 -106.157
2813 -106.12
2814 -106.145
2815 -105.187
2816 -107.028
2817 -106.8
2818 -106.064
2819 -109.218
2820 -107.831
2821 -108.4
2822 -107.34
2823 -106.155
2824 -104.476
2825 -107.028
2826 -105.508
2827 -105.733
2828 -104.428
2829 -104.1
2830 -104.57
2831 -102.881
2832 -102.358
2833 -104.601
2834 -105.268
2835 -105.635
2836 -105.445
2837 -104.942
2838 -106.017
2839 -106.319
2840 -106.675
2841 -107.1
2842 -108.892
2843 -106.313
2844 -107.111
2845 -105.796
2846 -106.203
2847 -107.254
2848 -105.719
2849 -107.618
2850 -107.51
2851 -106.665
2852 -107.895
2853 -106.519
2854 -106.198
2855 -106.566
2856 -107.908
2857 -107.469
2858 -107.161
2859 -107.081
2860 -108.383
2861 -108.06
2862 -107.834
2863 -106.534
2864 -105.752
2865 -106.248
2866 -105.492
2867 -103.231
2868 -104.58
2869 -102.93
2870 -102.622
2871 -104.636
2872 -103.503
2873 -103.933
2874 -103.715
2875 -105.096
2876 -105.423
2877 -105.496
2878 -105.872
2879 -106.127
2880 -105.708
2881 -109.477
2882 -107.22
2883 -107.106
2884 -106.654
2885 -107.46
2886 -105.036
2887 -106.053
2888 -106.547
2889 -106.961
2890 -106.277
2891 -107.164
2892 -107.95
2893 -105.709
2894 -106.022
2895 -105.469
2896 -106.916
2897 -106.922
2898 -107.077
2899 -106.75
2900 -108.69
2901 -110.018
2902 -105.232
2903 -105.56
2904 -106.705
2905 -105.791
2906 -104.758
2907 -104.649
2908 -105.716
2909 -104.397
2910 -104.461
2911 -103.738
2912 -105.045
2913 -104.501
2914 -105.176
2915 -105.389
2916 -107.401
2917 -106.597
2918 -107.434
2919 -107.313
2920 -106.764
2921 -105.719
2922 -107.957
2923 -107.014
2924 -106.321
2925 -106.53
2926 -106.003
2927 -106.983
2928 -107.546
2929 -105.597
2930 -106.842
2931 -106.881
2932 -106.513
2933 -108.049
2934 -107.198
2935 -106.073
2936 -106.471
2937 -106.081
2938 -107.567
2939 -106.292
2940 -106.785
2941 -108.297
2942 -107.309
2943 -106.742
2944 -106.548
2945 -106.053
2946 -104.419
2947 -103.286
2948 -106.3
2949 -104.869
2950 -104.029
2951 -103.402
2952 -105.431
2953 -103.707
2954 -104.226
2955 -105.496
2956 -104.589
2957 -106.807
2958 -107.899
2959 -107.476
2960 -107.38
2961 -107.013
2962 -107.552
2963 -106.858
2964 -105.277
2965 -107.11
2966 -108.386
2967 -107.928
2968 -106.749
2969 -106.866
2970 -107.96
2971 -106.625
2972 -106.9
2973 -106.027
2974 -107.564
2975 -105.574
2976 -104.967
2977 -105.625
2978 -107.274
2979 -108.11
2980 -106.366
2981 -106.633
2982 -106.68
2983 -108.62
2984 -106.451
2985 -107.012
2986 -104.692
2987 -105.532
2988 -103.299
2989 -103.156
2990 -103.468
2991 -104.202
2992 -105.248
2993 -104.814
2994 -103.009
2995 -103.167
2996 -103.77
2997 -104.418
2998 -105.933
2999 -107.275
3000 -108.3
3001 -107.619
3002 -107.956
3003 -107.779
3004 -106.658
3005 -107.883
3006 -106.715
3007 -108.051
3008 -105.915
3009 -105.286
3010 -106.362
3011 -106.728
3012 -108.202
3013 -107.874
3014 -106.967
3015 -105.769
3016 -106.176
3017 -106.279
3018 -104.968
3019 -106.587
3020 -108.335
3021 -109.167
3022 -106.067
3023 -107.311
3024 -107.568
3025 -105.614
3026 -106.388
3027 -105.347
3028 -105.644
3029 -105.212
3030 -103.555
3031 -103.818
3032 -103.9
3033 -104.547
3034 -105.178
3035 -104.593
3036 -104.59
3037 -105.286
3038 -106.11
3039 -107.521
3040 -106.208
3041 -106.002
3042 -106.407
3043 -105.566
3044 -107.625
3045 -106.315
3046 -106.688
3047 -105.794
3048 -105.202
3049 -106.245
3050 -106.553
3051 -106.511
3052 -106.066
3053 -107.903
3054 -106.457
3055 -104.898
3056 -106.373
3057 -105.098
3058 -106.646
3059 -106.753
3060 -107.512
3061 -106.389
3062 -107.122
3063 -106.035
3064 -108.081
3065 -106.732
3066 -105.794
3067 -105.993
3068 -106.474
3069 -104.539
3070 -104.572
3071 -104.43
3072 -106.004
3073 -104.846
3074 -104.239
3075 -102.806
3076 -104.688
3077 -104.377
3078 -106.274
3079 -106.518
3080 -106.221
3081 -107.275
3082 -107.417
3083 -105.935
3084 -106.882
3085 -106.969
3086 -107.369
3087 -105.963
3088 -106.366
3089 -107.137
3090 -107.503
3091 -108.122
3092 -106.852
3093 -106.641
3094 -106.161
3095 -106.958
3096 -105.925
3097 -107.032
3098 -105.422
3099 -107.3
3100 -107.624
3101 -106.374
3102 -107.058
3103 -106.451
3104 -106.945
3105 -106.347
3106 -105.848
3107 -105.687
3108 -105.953
3109 -105.963
3110 -107.034
3111 -104.82
3112 -108.578
3113 -108.667
3114 -105.95
3115 -108.071
3116 -108.418
3117 -108.082
3118 -108.658
3119 -109.512
3120 -111.681
3121 -111.596
3122 -113.464
3123 -115.259
3124 -114.492
3125 -114.021
3126 -116.88
3127 -116.138
3128 -117.992
3129 -116.2
3130 -116.402
3131 -116.604
3132 -116.936
3133 -119.513
3134 -118.728
3135 -120.772
3136 -121.175
3137 -121.362
3138 -120.366
3139 -121.203
3140 -121.607
3141 -120.671
3142 -120.853
3143 -120.773
3144 -121.999
3145 -119.957
3146 -120.189
3147 -119.579
3148 -119.607
3149 -120.043
3150 -120
3151 -119.59
3152 -120.679
3153 -118.743
3154 -118.889
3155 -119.268
3156 -117.644
3157 -117.662
3158 -117.686
3159 -116.944
3160 -117.135
3161 -116.857
3162 -114.472
3163 -115.601
3164 -114.768
3165 -113.796
3166 -112.595
3167 -113.29
3168 -113.142
3169 -112.75
3170 -113.729
3171 -111.481
3172 -113.56
3173 -110.165
3174 -111.862
3175 -111.206
3176 -109.752
3177 -110.719
3178 -111.186
3179 -111.323
3180 -110.819
3181 -110.14
3182 -110.818
3183 -110.022
3184 -110.46
3185 -110.494
3186 -109.636
3187 -111.746
3188 -109.696
3189 -110.217
3190 -109.811
3191 -110.237
3192 -110.61
3193 -107.983
3194 -109.577
3195 -109.042
3196 -108.473
3197 -108.459
3198 -107.872
3199 -110.156
3200 -109.308
3201 -108.647
3202 -109.947
3203 -109.279
3204 -109.954
3205 -108.001
3206 -107.741
3207 -108.228
3208 -107.354
3209 -107.969
3210 -109.064
3211 -110.57
3212 -108.938
3213 -109.567
3214 -109.791
3215 -107.441
3216 -108.881
3217 -106.79
3218 -108.82
3219 -108.015
3220 -108.341
3221 -107.537
3222 -108.473
3223 -109.239
3224 -107.397
3225 -107.751
3226 -109.22
3227 -108.139
3228 -109.599
3229 -108.068
3230 -107.967
3231 -108.465
3232 -108.277
3233 -109.904
3234 -108.214
3235 -108.825
3236 -108.311
3237 -109.423
3238 -108.115
3239 -107.736
3240 -108.26
3241 -108.551
3242 -108.261
3243 -108.646
3244 -109.02
3245 -109.48
3246 -107.943
3247 -108.476
3248 -109.405
3249 -109.424
3250 -110.253
3251 -107.491
3252 -107.849
3253 -108.152
3254 -108.781
3255 -108.582
3256 -108.957
3257 -109.232
3258 -107.912
3259 -108.143
3260 -109.209
3261 -107.87
3262 -108.285
3263 -108.209
3264 -108.567
3265 -107.781
3266 -108.079
3267 -109.178
3268 -108.984
3269 -109.655
3270 -108.914
3271 -109.496
3272 -109.845
3273 -108.584
3274 -108.621
3275 -108.166
3276 -108.762
3277 -108.449
3278 -109.453
3279 -110.397
3280 -108.485
3281 -108.76
3282 -108.129
3283 -107.861
3284 -108.5
3285 -110.994
3286 -109.197
3287 -109.55
3288 -108.459
3289 -108.581
3290 -108.304
3291 -109.046
3292 -109.329
3293 -108.064
3294 -109.227
3295 -109.169
3296 -108.723
3297 -109.032
3298 -108.985
3299 -108.95
3300 -108.697
3301 -108.63
3302 -108.504
3303 -109.047
3304 -109.329
3305 -108.669
3306 -108.574
3307 -109.621
3308 -109.569
3309 -108.323
3310 -110.204
3311 -109.772
3312 -109.359
3313 -109.411
3314 -107.837
3315 -109.635
3316 -107.14
3317 -109.271
3318 -109.355
3319 -109.251
3320 -109.038
3321 -108.465
3322 -109.44
3323 -108.932
3324 -109.914
3325 -108.47
3326 -109.331
3327 -109.064
3328 -109.871
3329 -109.713
3330 -108.727
3331 -108.723
3332 -109.157
3333 -108.264
3334 -108.201
3335 -109.398
3336 -108.578
3337 -106.667
3338 -109.685
3339 -108.04
3340 -108.351
3341 -109.684
3342 -108.451
3343 -109.554
3344 -108.695
3345 -110.047
3346 -108.751
3347 -108.95
3348 -108.718
3349 -108.903
3350 -108.684
3351 -109.314
3352 -108.682
3353 -107.743
3354 -109.192
3355 -108.367
3356 -108.638
3357 -108.28
3358 -108.672
3359 -108.86
3360 -110.56
3361 -107.668
3362 -109.95
3363 -108.512
3364 -106.892
3365 -108.687
3366 -108.847
3367 -108.575
3368 -107.223
3369 -108.581
3370 -108.109
3371 -108.646
3372 -108.982
3373 -109.304
3374 -108.003
3375 -108.388
3376 -109.451
3377 -109.38
3378 -108.882
3379 -110.721
3380 -109.736
3381 -110.085
3382 -110.256
3383 -107.967
3384 -108.913
3385 -108.908
3386 -109.05
3387 -108.52
3388 -108.764
3389 -109.519
3390 -108.728
3391 -108.805
3392 -107.772
3393 -108.133
3394 -108.793
3395 -108.731
3396 -110.818
3397 -109.047
3398 -108.782
3399 -108.01
