0 -28.5713
1 -26.5998
2 -26.1091
3 -25.8282
4 -26.3215
5 -26.124
6 -26.8734
7 -26.7484
8 -28.0388
9 -27.3402
10 -27.153
11 -27.4686
12 -26.6771
13 -27.7102
14 -27.954
15 -28.3556
16 -26.6859
17 -27.5521
18 -28.4379
19 -27.1038
20 -27.6072
21 -25.8365
22 -26.5342
23 -26.5883
24 -29.1787
25 -27.6787
26 -27.2932
27 -26.9113
28 -28.252
29 -28.3038
30 -25.9814
31 -28.3975
32 -30.2816
33 -28.0178
34 -28.4903
35 -29.2118
36 -27.7218
37 -29.0196
38 -28.643
39 -30.0043
40 -31.1733
41 -30.892
42 -32.3535
43 -33.1391
44 -33.4315
45 -33.0514
46 -32.4508
47 -33.7167
48 -34.2984
49 -34.6242
50 -35.5164
51 -35.3682
52 -37.1345
53 -37.3407
54 -37.2681
55 -37.1119
56 -38.5634
57 -38.9677
58 -39.7269
59 -39.7966
60 -41.1369
61 -40.8547
62 -41.2669
63 -41.0708
64 -41.7844
65 -44.1517
66 -45.0246
67 -43.8909
68 -43.9607
69 -44.9966
70 -46.1766
71 -44.8917
72 -46.2448
73 -46.5324
74 -48.5909
75 -47.5159
76 -47.8892
77 -47.9038
78 -47.4084
79 -47.7974
80 -47.9123
81 -47.4357
82 -48.794
83 -46.9996
84 -46.6284
85 -45.8912
86 -42.9723
87 -46.5225
88 -45.6737
89 -45.585
90 -44.1135
91 -43.5654
92 -43.5146
93 -44.1163
94 -42.6223
95 -42.4043
96 -43.2444
97 -42.5029
98 -42.1162
99 -43.0498
100 -40.508
101 -40.7491
102 -40.8922
103 -40.2375
104 -39.8794
105 -39.746
106 -39.0684
107 -36.841
108 -37.8945
109 -37.8821
110 -36.5934
111 -37.3748
112 -36.1419
113 -36.8194
114 -37.4
115 -36.9666
116 -37.8426
117 -37.1398
118 -36.0349
119 -36.602
120 -35.5525
121 -35.6267
122 -34.7067
123 -34.2626
124 -35.6549
125 -38.0257
126 -36.1617
127 -36.2511
128 -36.881
129 -36.6431
130 -35.8884
131 -35.988
132 -35.2137
133 -36.5598
134 -36.5976
135 -35.5316
136 -36.956
137 -36.8809
138 -37.7149
139 -36.5043
140 -36.5797
141 -35.3308
142 -35.4403
143 -34.8685
144 -34.9462
145 -36.1135
146 -35.8826
147 -35.235
148 -34.4659
149 -37.2388
150 -36.949
151 -36.7306
152 -37.0606
153 -34.6264
154 -34.3806
155 -34.8669
156 -34.424
157 -35.1238
158 -35.7981
159 -34.4273
160 -34.877
161 -33.3442
162 -33.4282
163 -34.6699
164 -35.8028
165 -34.4488
166 -33.3918
167 -34.7071
168 -34.1146
169 -33.5897
170 -32.9336
171 -33.9761
172 -33.9556
173 -34.9661
174 -36.3398
175 -36.568
176 -35.2249
177 -35.1315
178 -36.5268
179 -35.0265
180 -36.5036
181 -37.3308
182 -35.9436
183 -37.0501
184 -36.005
185 -36.5039
186 -36.6415
187 -35.7025
188 -36.7842
189 -35.6903
190 -33.3473
191 -35.8307
192 -34.619
193 -33.9014
194 -34.703
195 -36.059
196 -35.4673
197 -36.706
198 -37.5917
199 -36.6854
200 -34.4506
201 -34.9217
202 -33.6721
203 -36.1914
204 -33.8903
205 -33.1766
206 -34.9386
207 -35.3539
208 -35.8788
209 -35.072
210 -33.1389
211 -34.9516
212 -34.422
213 -32.9894
214 -33.6298
215 -32.5563
216 -32.4776
217 -31.9567
218 -32.9127
219 -33.653
220 -34.6142
221 -34.5103
222 -36.4593
223 -36.022
224 -37.1702
225 -35.1862
226 -35.1588
227 -35.3313
228 -34.6995
229 -37.4623
230 -36.7344
231 -35.2951
232 -35.6131
233 -37.4513
234 -36.2138
235 -36.0096
236 -34.5308
237 -33.961
238 -35.9581
239 -34.7122
240 -34.6312
241 -34.8007
242 -35.4795
243 -36.2024
244 -35.5135
245 -35.5844
246 -35.7148
247 -34.2037
248 -34.8676
249 -33.9613
250 -34.989
251 -34.801
252 -33.5445
253 -35.4009
254 -35.2562
255 -35.3541
256 -33.1175
257 -33.3798
258 -32.9086
259 -33.8557
260 -32.2861
261 -34.5373
262 -33.7386
263 -33.63
264 -33.3064
265 -32.8353
266 -33.0886
267 -35.0835
268 -35.6968
269 -36.4989
270 -34.8023
271 -34.33
272 -33.9973
273 -36.6048
274 -35.9761
275 -35.4019
276 -35.5836
277 -35.7116
278 -36.0561
279 -35.6499
280 -36.8339
281 -37.0074
282 -34.5935
283 -34.7169
284 -34.5339
285 -33.5704
286 -35.7101
287 -35.9161
288 -35.278
289 -33.7828
290 -35.9181
291 -36.0871
292 -37.1427
293 -36.1597
294 -35.3218
295 -34.4388
296 -34.6944
297 -34.5103
298 -34.1675
299 -35.2942
300 -34.8993
301 -35.2211
302 -34.7511
303 -33.9639
304 -33.6275
305 -33.8832
306 -34.9221
307 -34.1747
308 -34.0771
309 -32.7908
310 -33.3058
311 -34.6066
312 -34.7731
313 -35.3084
314 -36.1314
315 -35.3378
316 -36.3009
317 -36.4481
318 -35.5476
319 -35.3375
320 -36.7637
321 -35.0578
322 -35.8649
323 -37.447
324 -36.9756
325 -36.9901
326 -36.2802
327 -36.5183
328 -38.9102
329 -36.8561
330 -36.7217
331 -34.4754
332 -36.2044
333 -34.9211
334 -34.4899
335 -35.1483
336 -35.6805
337 -35.8334
338 -34.7599
339 -36.2842
340 -35.4123
341 -36.2427
342 -36.0087
343 -35.2994
344 -34.2597
345 -34.1815
346 -35.9783
347 -35.5027
348 -37.0697
349 -32.9444
350 -34.085
351 -35.1308
352 -34.1506
353 -33.9856
354 -34.0054
355 -33.2139
356 -33.231
357 -35.03
358 -34.2064
359 -34.0992
360 -34.0249
361 -34.4467
362 -35.8186
363 -34.239
364 -36.4356
365 -36.1433
366 -36.2108
367 -36.5153
368 -36.6701
369 -36.5538
370 -34.43
371 -35.3728
372 -37.3303
373 -37.895
374 -36.8095
375 -37.8682
376 -37.2791
377 -35.4174
378 -35.9295
379 -36.903
380 -34.8349
381 -36.2369
382 -34.5287
383 -35.7694
384 -37.5474
385 -35.7048
386 -36.6835
387 -36.0133
388 -36.4908
389 -33.2723
390 -36.063
391 -35.477
392 -35.2644
393 -35.0918
394 -35.0084
395 -33.8007
396 -35.2238
397 -35.2866
398 -34.4221
399 -33.1258
400 -33.4678
401 -33.9485
402 -33.8044
403 -30.3744
404 -33.3858
405 -33.3802
406 -33.2557
407 -35.8288
408 -35.537
409 -34.6699
410 -36.0243
411 -35.6514
412 -35.7556
413 -34.6074
414 -35.7697
415 -36.2633
416 -35.4749
417 -34.8557
418 -36.3804
419 -36.5642
420 -37.7714
421 -38.1647
422 -36.7991
423 -36.0421
424 -33.0715
425 -34.8431
426 -34.4081
427 -35.5362
428 -32.8101
429 -34.2319
430 -35.9909
431 -37.8522
432 -37.2881
433 -35.8228
434 -35.2349
435 -35.6369
436 -34.347
437 -35.1205
438 -34.0404
439 -35.6808
440 -35.9762
441 -35.1821
442 -35.2305
443 -34.7613
444 -36.0285
445 -35.4529
446 -33.4717
447 -33.9813
448 -33.7104
449 -33.6345
450 -32.7181
451 -33.6346
452 -34.0466
453 -34.8817
454 -34.7118
455 -34.3656
456 -36.3979
457 -35.1109
458 -36.3518
459 -36.462
460 -37.1295
461 -35.7615
462 -36.926
463 -37.3863
464 -35.0842
465 -37.1366
466 -36.361
467 -37.4903
468 -36.5936
469 -37.484
470 -36.2696
471 -36.8393
472 -33.8392
473 -35.1242
474 -35.9044
475 -34.4601
476 -35.6717
477 -36.0532
478 -35.518
479 -35.9213
480 -36.4502
481 -33.6788
482 -35.487
483 -35.1905
484 -34.0205
485 -35.4923
486 -35.8364
487 -36.3564
488 -35.3784
489 -35.8293
490 -34.6631
491 -34.594
492 -35.3511
493 -34.2938
494 -33.6948
495 -35.457
496 -32.5158
497 -32.9677
498 -34.8235
499 -32.8342
500 -34.5029
501 -35.7463
502 -36.0334
503 -37.4233
504 -36.0977
505 -35.3729
506 -35.4565
507 -36.5722
508 -37.2432
509 -35.5756
510 -34.9943
511 -33.8687
512 -34.3729
513 -36.1776
514 -32.8188
515 -34.5968
516 -34.4364
517 -33.2836
518 -32.0959
519 -30.3109
520 -32.2708
521 -32.5106
522 -30.8762
523 -30.2072
524 -31.2698
525 -31.5261
526 -30.1118
527 -27.5804
528 -27.7961
529 -27.658
530 -27.9039
531 -26.4772
532 -26.7801
533 -24.5469
534 -24.2503
535 -24.8942
536 -24.0376
537 -22.7641
538 -23.8327
539 -23.7712
540 -23.8735
541 -22.2184
542 -22.541
543 -21.7301
544 -22.0261
545 -19.7214
546 -19.1762
547 -19.6634
548 -20.96
549 -19.9377
550 -18.7232
551 -20.904
552 -18.5891
553 -18.1068
554 -18.9203
555 -18.5953
556 -18.0351
557 -18.5692
558 -17.6814
559 -17.8391
560 -18.4614
561 -17.4005
562 -17.7155
563 -18.0552
564 -19.5409
565 -18.1313
566 -18.5812
567 -17.227
568 -18.5366
569 -16.9023
570 -14.215
571 -16.1557
572 -14.2928
573 -15.8112
574 -16.9542
575 -13.7256
576 -13.5567
577 -12.0845
578 -13.6295
579 -12.6734
580 -11.7419
581 -11.0644
582 -13.371
583 -12.239
584 -12.1322
585 -12.0285
586 -10.2442
587 -9.46065
588 -9.55691
589 -10.3412
590 -11.3757
591 -9.70857
592 -10.4177
593 -10.5322
594 -9.56523
595 -11.6782
596 -10.1686
597 -11.4199
598 -13.056
599 -11.3303
600 -12.4282
601 -13.4005
602 -13.2422
603 -13.6058
604 -15.0389
605 -15.3843
606 -16.9726
607 -16.8678
608 -18.0223
609 -18.8387
610 -17.6156
611 -18.8501
612 -17.9335
613 -20.6354
614 -21.518
615 -20.1989
616 -21.0607
617 -22.181
618 -21.0869
619 -21.6761
620 -25.8089
621 -23.5465
622 -22.9633
623 -23.0689
624 -21.4762
625 -22.0158
626 -21.6404
627 -23.0157
628 -24.1488
629 -22.7806
630 -22.8782
631 -23.5225
632 -25.1711
633 -24.7829
634 -24.547
635 -25.4601
636 -25.353
637 -25.0054
638 -24.1266
639 -24.1246
640 -23.7451
641 -23.7622
642 -23.5374
643 -25.0147
644 -24.8531
645 -24.8865
646 -23.6997
647 -23.7231
648 -24.379
649 -21.4597
650 -22.4965
651 -22.3774
652 -21.5752
653 -22.7413
654 -24.1882
655 -25.8885
656 -24.9585
657 -25.432
658 -26.3818
659 -23.8961
660 -26.2622
661 -25.5949
662 -25.7393
663 -24.7533
664 -25.8187
665 -25.5395
666 -27.6533
667 -24.5513
668 -27.2263
669 -26.3256
670 -26.3121
671 -24.9155
672 -25.3258
673 -26.3269
674 -25.6723
675 -25.4737
676 -24.4204
677 -24.1331
678 -25.2008
679 -26.0856
680 -25.0551
681 -25.3499
682 -25.0359
683 -25.7549
684 -24.5045
685 -25.1574
686 -24.2011
687 -24.1041
688 -24.2622
689 -24.5545
690 -24.267
691 -24.6915
692 -25.2721
693 -24.3975
694 -24.8879
695 -23.3784
696 -22.426
697 -22.6751
698 -23.3305
699 -22.6002
700 -22.0619
701 -23.8113
702 -24.852
703 -23.5895
704 -23.5245
705 -25.8175
706 -25.0247
707 -24.3157
708 -24.5981
709 -26.3365
710 -25.8751
711 -26.4463
712 -26.1789
713 -26.2029
714 -26.9184
715 -26.6383
716 -27.3439
717 -26.5099
718 -24.7656
719 -25.3285
720 -26.0864
721 -24.1212
722 -24.7417
723 -24.7851
724 -25.1777
725 -24.7855
726 -25.5879
727 -26.3491
728 -26.349
729 -24.9575
730 -25.5762
731 -25.0404
732 -25.239
733 -24.9364
734 -24.1674
735 -23.6437
736 -23.9005
737 -25.7116
738 -24.3708
739 -24.4752
740 -24.5877
741 -24.0775
742 -22.9891
743 -22.9152
744 -21.5345
745 -22.4312
746 -23.3074
747 -22.4795
748 -23.1161
749 -24.1326
750 -25.5438
751 -25.3973
752 -26.0698
753 -26.6746
754 -23.916
755 -26.7143
756 -23.6416
757 -25.4387
758 -26.3643
759 -25.8354
760 -26.1998
761 -25.5936
762 -28.185
763 -26.5254
764 -25.8394
765 -26.4723
766 -26.3101
767 -24.8127
768 -24.6957
769 -25.4311
770 -24.5469
771 -25.3298
772 -24.4051
773 -26.0282
774 -26.4445
775 -24.7406
776 -26.4503
777 -25.5738
778 -26.3936
779 -26.2924
780 -26.3105
781 -24.6513
782 -25.4498
783 -25.0313
784 -24.2511
785 -24.5438
786 -23.1222
787 -24.4366
788 -23.5143
789 -23.6408
790 -23.7254
791 -22.1098
792 -23.5266
793 -21.6565
794 -22.2676
795 -22.4427
796 -24.199
797 -26.1484
798 -26.0314
799 -23.8725
800 -25.4623
801 -25.3694
802 -24.091
803 -24.9706
804 -26.5146
805 -26.3282
806 -25.1132
807 -25.4487
808 -24.7052
809 -25.2648
810 -26.243
811 -26.9281
812 -26.7258
813 -25.2022
814 -24.5855
815 -25.2734
816 -24.1709
817 -25.2556
818 -24.9286
819 -25.4277
820 -26.5015
821 -26.0847
822 -25.2447
823 -25.5291
824 -24.8039
825 -25.6396
826 -24.0085
827 -25.8305
828 -24.9842
829 -24.7367
830 -23.7554
831 -25.1263
832 -23.5565
833 -24.5287
834 -25.3433
835 -24.7778
836 -23.5732
837 -23.3681
838 -22.9241
839 -20.4453
840 -21.7762
841 -24.7171
842 -24.5937
843 -22.9792
844 -24.8493
845 -24.2903
846 -23.9921
847 -24.3447
848 -24.0821
849 -24.3199
850 -25.1991
851 -24.6005
852 -24.0578
853 -25.1158
854 -25.6166
855 -25.3054
856 -25.1859
857 -25.6764
858 -24.527
859 -25.4165
860 -25.7208
861 -24.9187
862 -24.125
863 -24.1657
864 -24.385
865 -24.5096
866 -25.5644
867 -25.812
868 -25.8777
869 -25.6942
870 -25.9691
871 -24.6197
872 -23.5142
873 -24.89
874 -25.3024
875 -25.6981
876 -26.2464
877 -25.2478
878 -23.5356
879 -23.968
880 -25.0196
881 -25.3248
882 -23.6849
883 -21.344
884 -22.7563
885 -23.6679
886 -22.3242
887 -23.2743
888 -23.2268
889 -23.6482
890 -23.4739
891 -23.0321
892 -24.1354
893 -23.7163
894 -25.0299
895 -24.865
896 -24.9882
897 -25.4835
898 -24.3387
899 -24.4306
900 -25.6324
901 -25.3002
902 -26.4541
903 -25.1733
904 -25.4302
905 -25.7938
906 -25.2016
907 -24.7848
908 -25.0009
909 -24.1861
910 -23.4523
911 -23.5968
912 -24.4048
913 -25.2967
914 -25.3674
915 -23.8428
916 -24.7282
917 -24.5968
918 -25.928
919 -24.4671
920 -22.9508
921 -24.0416
922 -22.7539
923 -24.9067
924 -25.3126
925 -23.747
926 -24.0716
927 -23.9892
928 -23.5127
929 -23.0179
930 -24.1066
931 -22.061
932 -22.2339
933 -21.8397
934 -21.2591
935 -23.4722
936 -24.1978
937 -26.0135
938 -24.1215
939 -24.9123
940 -23.764
941 -23.4674
942 -25.0378
943 -26.1644
944 -27.3923
945 -25.7665
946 -23.6768
947 -25.2146
948 -25.0116
949 -26.1103
950 -25.6833
951 -25.2568
952 -27.079
953 -24.9272
954 -25.3036
955 -25.1946
956 -25.0655
957 -22.672
958 -23.932
959 -24.6323
960 -24.0831
961 -23.9472
962 -24.1998
963 -24.9912
964 -24.5221
965 -24.8188
966 -22.9408
967 -23.1905
968 -24.4417
969 -25.0636
970 -25.2021
971 -24.1841
972 -23.772
973 -23.4811
974 -23.6779
975 -24.9087
976 -23.5267
977 -23.6453
978 -21.5071
979 -22.279
980 -21.4088
981 -22.0212
982 -22.9272
983 -24.2614
984 -24.0141
985 -24.5556
986 -24.0655
987 -23.411
988 -25.0413
989 -25.389
990 -25.1617
991 -22.7219
992 -24.303
993 -26.5039
994 -26.241
995 -23.7508
996 -24.4121
997 -22.3188
998 -26.5719
999 -25.5367
1000 -23.7602
1001 -23.5835
1002 -25.77
1003 -24.4642
1004 -24.2091
1005 -21.4222
1006 -23.1491
1007 -25.1667
1008 -25.2674
1009 -23.3945
1010 -24.2455
1011 -24.8966
1012 -23.2581
1013 -24.401
1014 -23.8366
1015 -22.9911
1016 -23.1772
1017 -25.1978
1018 -24.9907
1019 -25.7099
1020 -24.792
1021 -27.1294
1022 -24.6502
1023 -25.1355
1024 -24.986
1025 -25.4043
1026 -24.3703
1027 -26.6835
1028 -26.4799
1029 -27.4238
1030 -27.0946
1031 -27.8523
1032 -29.0001
1033 -28.3913
1034 -28.6305
1035 -29.9258
1036 -30.6022
1037 -31.7335
1038 -32.305
1039 -32.9494
1040 -34.664
1041 -34.4011
1042 -34.2746
1043 -35.0477
1044 -34.6396
1045 -35.75
1046 -35.9403
1047 -36.8632
1048 -35.8439
1049 -36.0808
1050 -36.3964
1051 -36.6205
1052 -39.233
1053 -37.2811
1054 -36.2088
1055 -36.888
1056 -37.3695
1057 -38.3285
1058 -39.4756
1059 -37.0627
1060 -37.5977
1061 -38.1525
1062 -39.8414
1063 -39.6178
1064 -39.2792
1065 -41.1228
1066 -39.8666
1067 -42.2462
1068 -41.0429
1069 -41.379
1070 -41.3498
1071 -41.6655
1072 -42.6524
1073 -42.285
1074 -42.2335
1075 -42.5065
1076 -43.0878
1077 -41.9045
1078 -42.1785
1079 -42.4341
1080 -44.1805
1081 -44.7864
1082 -44.7084
1083 -44.6812
1084 -46.0396
1085 -45.6161
1086 -44.4248
1087 -46.0292
1088 -46.6071
1089 -47.0778
1090 -48.5584
1091 -48.1631
1092 -47.9462
1093 -46.1015
1094 -46.7568
1095 -46.3009
1096 -46.8681
1097 -48.7573
1098 -48.0305
1099 -47.4934
1100 -48.8494
1101 -47.5344
1102 -47.4223
1103 -47.8721
1104 -48.4293
1105 -46.622
1106 -46.9194
1107 -45.8387
1108 -47.4646
1109 -47.0588
1110 -44.4737
1111 -43.8085
1112 -45.7272
1113 -43.7665
1114 -43.6934
1115 -43.2105
1116 -44.1097
1117 -42.8784
1118 -43.2533
1119 -40.0729
1120 -41.3967
1121 -41.63
1122 -40.8888
1123 -38.4123
1124 -38.8989
1125 -39.0171
1126 -37.1671
1127 -38.3515
1128 -38.1662
1129 -36.7744
1130 -38.706
1131 -35.6993
1132 -36.1496
1133 -35.1026
1134 -36.0733
1135 -35.804
1136 -35.8082
1137 -34.2475
1138 -35.3621
1139 -34.4229
1140 -34.8907
1141 -33.2252
1142 -34.4685
1143 -34.6823
1144 -33.8796
1145 -34.3273
1146 -34.9085
1147 -35.0842
1148 -35.8167
1149 -35.5762
1150 -34.4486
1151 -33.9592
1152 -33.6457
1153 -35.2274
1154 -34.3432
1155 -33.6776
1156 -34.3039
1157 -34.4605
1158 -34.6247
1159 -36.3955
1160 -34.7479
1161 -36.5336
1162 -35.5336
1163 -34.55
1164 -34.2432
1165 -36.1343
1166 -32.6085
1167 -33.8562
1168 -35.4647
1169 -34.7622
1170 -35.2219
1171 -36.3735
1172 -33.6832
1173 -35.4983
1174 -34.6804
1175 -33.2125
1176 -33.3839
1177 -33.0922
1178 -33.5395
1179 -32.9276
1180 -32.2876
1181 -33.335
1182 -33.8389
1183 -31.7618
1184 -32.4161
1185 -33.3936
1186 -32.4719
1187 -31.231
1188 -33.3234
1189 -31.4912
1190 -31.9786
1191 -30.4083
1192 -30.8232
1193 -30.9592
1194 -31.4059
1195 -35.4344
1196 -34.8971
1197 -33.7938
1198 -33.7577
1199 -33.9092
1200 -34.6463
1201 -32.8648
1202 -34.1859
1203 -33.7931
1204 -32.8571
1205 -35.0819
1206 -34.7603
1207 -35.1341
1208 -33.9168
1209 -34.9006
1210 -34.5271
1211 -35.3246
1212 -32.1073
1213 -32.2013
1214 -33.4728
1215 -31.8848
1216 -34.4528
1217 -33.953
1218 -34.4095
1219 -35.9258
1220 -34.0893
1221 -34.6781
1222 -33.2338
1223 -33.6205
1224 -32.9814
1225 -32.5064
1226 -35.0685
1227 -34.001
1228 -33.7495
1229 -32.3627
1230 -32.5669
1231 -33.4645
1232 -32.5629
1233 -33.1932
1234 -32.6034
1235 -33.1205
1236 -31.176
1237 -31.5222
1238 -31.5961
1239 -30.6148
1240 -30.8433
1241 -33.4693
1242 -33.9723
1243 -34.9102
1244 -34.5355
1245 -34.3821
1246 -32.7032
1247 -33.0305
1248 -33.8987
1249 -34.3375
1250 -34.5028
1251 -33.9255
1252 -34.0424
1253 -34.8342
1254 -33.4685
1255 -35.0815
1256 -34.2535
1257 -33.1024
1258 -34.7133
1259 -32.7583
1260 -32.9193
1261 -33.7706
1262 -33.1953
1263 -31.9919
1264 -33.6819
1265 -34.8994
1266 -35.3377
1267 -34.9543
1268 -34.1099
1269 -32.9796
1270 -32.8482
1271 -32.3546
1272 -32.8411
1273 -32.4546
1274 -33.7986
1275 -32.8776
1276 -34.1487
1277 -33.6688
1278 -32.8282
1279 -31.947
1280 -32.0565
1281 -31.8023
1282 -32.8585
1283 -32.5466
1284 -31.766
1285 -32.2565
1286 -32.4453
1287 -31.9621
1288 -32.6874
1289 -34.1781
1290 -35.1837
1291 -33.9593
1292 -32.8122
1293 -34.791
1294 -31.9994
1295 -34.3396
1296 -34.6665
1297 -34.4587
1298 -34.6809
1299 -36.0585
1300 -36.0639
1301 -35.328
1302 -34.6282
1303 -35.2651
1304 -34.0748
1305 -33.7292
1306 -34.2009
1307 -32.8721
1308 -33.3834
1309 -34.6085
1310 -33.5524
1311 -35.4413
1312 -34.2926
1313 -34.1926
1314 -35.9044
1315 -34.5184
1316 -34.8014
1317 -33.223
1318 -33.5077
1319 -32.9954
1320 -33.1067
1321 -34.5047
1322 -33.3879
1323 -34.2043
1324 -32.5217
1325 -33.7274
1326 -32.034
1327 -32.7775
1328 -32.1029
1329 -30.6708
1330 -33.5236
1331 -33.6797
1332 -33.2694
1333 -32.7662
1334 -32.2315
1335 -32.9073
1336 -33.8759
1337 -35.2688
1338 -33.9441
1339 -33.4582
1340 -34.8693
1341 -33.8496
1342 -33.2751
1343 -35.1892
1344 -35.0437
1345 -34.1907
1346 -34.8201
1347 -34.4757
1348 -34.9704
1349 -35.004
1350 -32.6268
1351 -34.6761
1352 -34.2923
1353 -34.8876
1354 -33.6304
1355 -34.6893
1356 -34.6667
1357 -34.2297
1358 -33.5652
1359 -33.7728
1360 -33.7811
1361 -35.2703
1362 -34.445
1363 -33.3134
1364 -33.1913
1365 -33.1415
1366 -32.5845
1367 -32.387
1368 -33.6629
1369 -34.533
1370 -34.1606
1371 -33.3756
1372 -32.2645
1373 -32.3017
1374 -31.2955
1375 -33.1636
1376 -31.9174
1377 -31.6113
1378 -32.1413
1379 -31.5383
1380 -31.9083
1381 -33.1094
1382 -33.4059
1383 -33.3718
1384 -33.7666
1385 -34.8357
1386 -34.6694
1387 -34.8475
1388 -34.1192
1389 -33.6714
1390 -33.5904
1391 -34.9242
1392 -35.8945
1393 -36.0317
1394 -35.4397
1395 -35.0115
1396 -36.8268
1397 -34.4339
1398 -34.6474
1399 -34.6221
1400 -35.0698
1401 -32.1616
1402 -33.2166
1403 -33.5441
1404 -35.5755
1405 -35.0699
1406 -35.8989
1407 -34.4751
1408 -35.0293
1409 -34.8113
1410 -32.7722
1411 -32.8048
1412 -33.3245
1413 -32.9631
1414 -32.302
1415 -31.9883
1416 -33.1101
1417 -32.6518
1418 -33.3768
1419 -32.8498
1420 -31.31
1421 -33.174
1422 -32.886
1423 -32.9487
1424 -32.205
1425 -32.31
1426 -31.247
1427 -32.0233
1428 -33.0467
1429 -33.7431
1430 -35.7679
1431 -33.9645
1432 -34.5543
1433 -33.8085
1434 -33.475
1435 -33.2179
1436 -35.1182
1437 -34.2031
1438 -35.2579
1439 -36.0749
1440 -35.343
1441 -36.49
1442 -35.2446
1443 -35.8818
1444 -34.4431
1445 -33.4664
1446 -35.3566
1447 -33.7706
1448 -32.8866
1449 -34.0375
1450 -32.1563
1451 -35.2144
1452 -35.4765
1453 -35.4553
1454 -34.0202
1455 -34.8624
1456 -34.0957
1457 -33.1728
1458 -33.8066
1459 -34.2991
1460 -32.2776
1461 -33.8125
1462 -34.6054
1463 -33.8818
1464 -32.7896
1465 -33.7679
1466 -33.0951
1467 -33.575
1468 -32.1622
1469 -33.1719
1470 -32.1226
1471 -31.9395
1472 -32.8573
1473 -32.4395
1474 -32.0407
1475 -34.0197
1476 -35.3056
1477 -34.3259
1478 -33.9721
1479 -35.4328
1480 -34.7743
1481 -33.2211
1482 -33.7953
1483 -34.5882
1484 -34.541
1485 -35.2815
1486 -36.387
1487 -35.5704
1488 -35.2603
1489 -35.574
1490 -36.2849
1491 -35.0718
1492 -33.9083
1493 -34.6075
1494 -34.0228
1495 -34.8343
1496 -33.6493
1497 -33.7155
1498 -33.0143
1499 -34.9318
1500 -35.1709
1501 -33.7922
1502 -33.6378
1503 -33.5718
1504 -33.3276
1505 -32.948
1506 -34.1019
1507 -33.8079
1508 -32.5768
1509 -33.0982
1510 -33.6926
1511 -33.3806
1512 -33.1436
1513 -34.7283
1514 -33.168
1515 -32.3574
1516 -32.5115
1517 -33.3374
1518 -33.5863
1519 -32.4827
1520 -33.0251
1521 -32.4413
1522 -34.6726
1523 -34.7568
1524 -35.1036
1525 -35.2983
1526 -34.2793
1527 -34.6771
1528 -33.6057
1529 -32.9774
1530 -34.1757
1531 -34.7563
1532 -33.7615
1533 -35.0509
1534 -33.1997
1535 -33.1292
1536 -33.6783
1537 -33.1822
1538 -31.2012
1539 -31.127
1540 -31.263
1541 -29.8283
1542 -29.515
1543 -28.3537
1544 -27.9801
1545 -28.3638
1546 -29.442
1547 -28.3871
1548 -27.809
1549 -28.2581
1550 -26.8025
1551 -25.0737
1552 -23.8973
1553 -23.4976
1554 -24.9128
1555 -24.8218
1556 -23.2593
1557 -21.6314
1558 -22.3213
1559 -21.6688
1560 -22.0847
1561 -21.8727
1562 -20.7098
1563 -19.8826
1564 -19.8515
1565 -19.644
1566 -18.0169
1567 -18.8821
1568 -18.0053
1569 -18.5404
1570 -18.9664
1571 -18.2721
1572 -17.0799
1573 -17.7451
1574 -14.7923
1575 -17.4271
1576 -17.239
1577 -17.2794
1578 -16.9388
1579 -18.045
1580 -16.9616
1581 -17.1802
1582 -17.6844
1583 -16.8896
1584 -17.3238
1585 -17.4141
1586 -15.1932
1587 -16.471
1588 -15.5844
1589 -16.1061
1590 -13.5229
1591 -14.8661
1592 -14.56
1593 -13.8441
1594 -13.4725
1595 -12.2918
1596 -12.1508
1597 -12.6078
1598 -10.7592
1599 -10.9374
1600 -11.1978
1601 -10.0633
1602 -9.66564
1603 -12.2294
1604 -10.1832
1605 -10.8211
1606 -11.0558
1607 -9.64266
1608 -9.52712
1609 -8.43913
1610 -8.11644
1611 -8.90341
1612 -9.27251
1613 -9.3733
1614 -8.98167
1615 -9.82438
1616 -9.99349
1617 -11.8591
1618 -9.48483
1619 -9.49408
1620 -9.93668
1621 -12.7474
1622 -12.7959
1623 -14.3053
1624 -13.3962
1625 -14.8223
1626 -15.4906
1627 -16.3153
1628 -16.6435
1629 -16.876
1630 -17.4324
1631 -17.6808
1632 -19.437
1633 -17.8671
1634 -18.246
1635 -17.6855
1636 -20.0956
1637 -20.7147
1638 -20.9608
1639 -20.7977
1640 -21.8639
1641 -22.0894
1642 -22.0964
1643 -21.0232
1644 -21.5688
1645 -21.4371
1646 -22.674
1647 -22.4725
1648 -21.0697
1649 -20.0303
1650 -20.9425
1651 -21.3129
1652 -22.9461
1653 -23.3181
1654 -23.1593
1655 -24.1819
1656 -23.9321
1657 -24.9759
1658 -25.3086
1659 -25.1055
1660 -21.219
1661 -24.5179
1662 -23.4291
1663 -23.7542
1664 -23.9581
1665 -24.1546
1666 -22.7616
1667 -23.9122
1668 -24.8438
1669 -22.6194
1670 -21.7171
1671 -22.6911
1672 -22.5007
1673 -21.2618
1674 -21.3322
1675 -21.1453
1676 -23.5588
1677 -23.5155
1678 -25.0643
1679 -23.6311
1680 -24.5008
1681 -24.0533
1682 -23.7437
1683 -25.2758
1684 -24.7164
1685 -24.7869
1686 -26.0429
1687 -25.648
1688 -25.514
1689 -25.1507
1690 -25.9868
1691 -25.9306
1692 -25.2861
1693 -24.6234
1694 -24.7472
1695 -26.3628
1696 -26.3503
1697 -26.1829
1698 -25.775
1699 -23.6604
1700 -25.2322
1701 -25.2815
1702 -24.475
1703 -24.3138
1704 -26.1131
1705 -25.3849
1706 -23.3226
1707 -25.0332
1708 -24.0432
1709 -23.2767
1710 -24.1467
1711 -24.4136
1712 -24.4026
1713 -24.5896
1714 -23.8353
1715 -25.0834
1716 -23.3588
1717 -24.1614
1718 -21.9086
1719 -22.3194
1720 -20.7965
1721 -22.7558
1722 -22.3322
1723 -23.8304
1724 -23.747
1725 -23.0428
1726 -24.9447
1727 -25.0766
1728 -22.4603
1729 -25.6634
1730 -25.0449
1731 -23.6655
1732 -25.8451
1733 -25.3719
1734 -25.1678
1735 -25.7062
1736 -24.4412
1737 -25.6598
1738 -25.9368
1739 -26.5947
1740 -26.1234
1741 -26.1805
1742 -24.3994
1743 -25.6333
1744 -25.8213
1745 -24.5232
1746 -25.5704
1747 -24.9152
1748 -25.8656
1749 -26.2873
1750 -26.3624
1751 -24.849
1752 -25.2893
1753 -23.8527
1754 -24.1454
1755 -23.7561
1756 -24.3648
1757 -23.5503
1758 -25.3268
1759 -23.8359
1760 -24.9214
1761 -23.8096
1762 -23.507
1763 -22.3814
1764 -23.3944
1765 -22.0756
1766 -21.2314
1767 -20.7255
1768 -21.6166
1769 -23.7562
1770 -24.444
1771 -25.1456
1772 -24.268
1773 -25.6801
1774 -26.0709
1775 -25.0352
1776 -24.3429
1777 -24.6647
1778 -23.3322
1779 -25.7828
1780 -24.2357
1781 -25.8182
1782 -25.4013
1783 -24.7263
1784 -25.2952
1785 -25.3004
1786 -26.6435
1787 -25.404
1788 -24.2396
1789 -24.4934
1790 -24.582
1791 -24.614
1792 -26.4126
1793 -24.4861
1794 -25.5314
1795 -25.6666
1796 -25.0614
1797 -23.4001
1798 -23.2782
1799 -23.9025
1800 -24.2867
1801 -24.9264
1802 -25.1213
1803 -22.9038
1804 -23.6072
1805 -23.6042
1806 -23.7743
1807 -23.738
1808 -22.1999
1809 -23.5174
1810 -22.7223
1811 -24.122
1812 -23.7489
1813 -22.028
1814 -22.6046
1815 -23.3646
1816 -21.6875
1817 -24.2371
1818 -24.6305
1819 -24.4263
1820 -24.6719
1821 -24.1892
1822 -24.9454
1823 -26.2504
1824 -24.3782
1825 -24.2114
1826 -24.5001
1827 -25.3363
1828 -24.3058
1829 -24.6288
1830 -24.9559
1831 -25.1999
1832 -24.6617
1833 -25.8522
1834 -24.3131
1835 -24.789
1836 -26.0719
1837 -24.8219
1838 -24.7694
1839 -23.6603
1840 -25.4579
1841 -25.7359
1842 -24.3457
1843 -26.4282
1844 -25.4937
1845 -24.3177
1846 -25.0461
1847 -25.3018
1848 -24.8205
1849 -23.3994
1850 -24.7546
1851 -25.2133
1852 -24.0316
1853 -24.901
1854 -25.0172
1855 -25.0993
1856 -23.3832
1857 -22.6569
1858 -22.5938
1859 -22.623
1860 -23.9903
1861 -21.5025
1862 -22.7951
1863 -23.0589
1864 -23.4077
1865 -24.2069
1866 -23.4573
1867 -24.5571
1868 -24.6355
1869 -24.2676
1870 -24.8651
1871 -27.2587
1872 -25.2171
1873 -24.3444
1874 -26.6064
1875 -24.335
1876 -25.9606
1877 -26.586
1878 -25.8209
1879 -26.2411
1880 -26.5582
1881 -25.5911
1882 -25.4007
1883 -23.8814
1884 -24.611
1885 -24.7283
1886 -24.4991
1887 -24.3552
1888 -24.802
1889 -24.3189
1890 -24.2655
1891 -24.1182
1892 -22.6948
1893 -24.5523
1894 -24.999
1895 -24.0194
1896 -23.8969
1897 -24.4001
1898 -22.7846
1899 -24.7283
1900 -25.9585
1901 -22.6276
1902 -23.0055
1903 -23.7559
1904 -23.163
1905 -22.8293
1906 -21.0953
1907 -22.7364
1908 -22.6567
1909 -22.9755
1910 -22.3512
1911 -24.1084
1912 -24.4557
1913 -21.8738
1914 -24.611
1915 -24.3978
1916 -25.3216
1917 -24.5147
1918 -23.8343
1919 -24.6001
1920 -24.9088
1921 -23.5502
1922 -24.4999
1923 -25.7763
1924 -25.942
1925 -25.0199
1926 -25.436
1927 -24.8965
1928 -25.7583
1929 -24.429
1930 -24.4144
1931 -22.8336
1932 -24.931
1933 -24.7225
1934 -23.6178
1935 -24.2591
1936 -24.0554
1937 -24.3745
1938 -25.2554
1939 -24.919
1940 -25.4987
1941 -24.8148
1942 -22.8392
1943 -24.8993
1944 -24.0901
1945 -25.1795
1946 -22.4476
1947 -22.8809
1948 -23.8327
1949 -23.5254
1950 -22.7114
1951 -23.1818
1952 -22.1448
1953 -23.0202
1954 -22.2913
1955 -22.7269
1956 -21.6466
1957 -24.6086
1958 -24.2206
1959 -24.7326
1960 -23.4732
1961 -24.1641
1962 -23.5892
1963 -24.7178
1964 -25.9062
1965 -24.8244
1966 -24.7863
1967 -23.745
1968 -24.2768
1969 -23.7837
1970 -24.6874
1971 -24.9102
1972 -23.49
1973 -26.343
1974 -25.1449
1975 -23.2243
1976 -23.6846
1977 -23.9688
1978 -23.1388
1979 -23.7611
1980 -23.6464
1981 -25.3027
1982 -24.8025
1983 -24.9761
1984 -23.7245
1985 -23.7693
1986 -24.0421
1987 -23.4534
1988 -24.3972
1989 -23.5111
1990 -22.7349
1991 -24.8766
1992 -25.99
1993 -24.3603
1994 -24.2889
1995 -21.9966
1996 -23.9303
1997 -23.3423
1998 -23.8327
1999 -20.8864
2000 -21.1823
2001 -21.0873
2002 -21.9096
2003 -23.5579
2004 -22.5232
2005 -23.9059
2006 -23.2639
2007 -26.5343
2008 -24.4994
2009 -23.9608
2010 -24.2449
2011 -24.2458
2012 -24.4953
2013 -23.3626
2014 -25.2673
2015 -24.9069
2016 -26.0323
2017 -25.4037
2018 -25.0895
2019 -25.4001
2020 -24.2405
2021 -23.6106
2022 -25.7113
2023 -23.7458
2024 -23.4898
2025 -24.1522
2026 -22.8542
2027 -23.5324
2028 -24.5646
2029 -24.6869
2030 -23.4592
2031 -25.3258
2032 -24.1171
2033 -22.9376
2034 -23.3672
2035 -22.5445
2036 -24.2072
2037 -23.6885
2038 -23.1146
2039 -24.4861
2040 -24.1438
2041 -24.4145
2042 -25.3008
2043 -25.6347
2044 -26.2239
2045 -25.211
2046 -25.8451
2047 -25.2277
2048 -25.1389
2049 -24.7318
2050 -25.3902
2051 -27.1317
2052 -27.008
2053 -30.1009
2054 -29.2754
2055 -28.4582
2056 -28.3501
2057 -30.8409
2058 -30.8066
2059 -31.333
2060 -32.9781
2061 -33.8865
2062 -34.9667
2063 -33.8841
2064 -33.932
2065 -33.1229
2066 -34.8833
2067 -34.7935
2068 -36.5645
2069 -36.1124
2070 -36.4102
2071 -36.5025
2072 -35.035
2073 -36.2224
2074 -36.9786
2075 -37.3041
2076 -38.1795
2077 -37.5836
2078 -37.6122
2079 -38.0449
2080 -39.5848
2081 -39.0446
2082 -39.8368
2083 -40.1801
2084 -39.8449
2085 -39.109
2086 -39.7427
2087 -40.0178
2088 -40.9807
2089 -40.0561
2090 -39.8696
2091 -40.3257
2092 -40.0452
2093 -41.0792
2094 -39.6305
2095 -42.5493
2096 -41.7792
2097 -42.6442
2098 -42.4007
2099 -41.7933
2100 -42.3715
2101 -41.7009
2102 -42.5775
2103 -44.8047
2104 -44.3115
2105 -44.0722
2106 -45.77
2107 -46.6244
2108 -46.4042
2109 -48.0072
2110 -45.9789
2111 -48.122
2112 -47.4433
2113 -46.099
2114 -46.9159
2115 -46.7604
2116 -47.8618
2117 -48.0171
2118 -48.5153
2119 -48.3371
2120 -46.9734
2121 -47.5072
2122 -47.5792
2123 -46.6299
2124 -47.0446
2125 -45.8462
2126 -44.5186
2127 -45.0031
2128 -46.113
2129 -45.4929
2130 -45.1423
2131 -45.1217
2132 -44.0271
2133 -44.5654
2134 -45.8011
2135 -43.5052
2136 -42.7658
2137 -40.76
2138 -43.1183
2139 -42.2675
2140 -41.1474
2141 -40.8116
2142 -40.2779
2143 -40.0529
2144 -40.2154
2145 -38.7897
2146 -38.0218
2147 -38.8497
2148 -38.3298
2149 -37.5393
2150 -36.5859
2151 -36.2397
2152 -35.4368
2153 -35.3345
2154 -35.9722
2155 -35.2128
2156 -35.3613
2157 -36.2116
2158 -34.4808
2159 -33.3629
2160 -33.0783
2161 -32.4585
2162 -33.2385
2163 -33.1686
2164 -33.891
2165 -34.0208
2166 -31.8684
2167 -34.5826
2168 -34.4883
2169 -34.9076
2170 -34.0641
2171 -34.8203
2172 -34.5836
2173 -36.7833
2174 -33.814
2175 -34.2974
2176 -33.3545
2177 -35.4825
2178 -33.576
2179 -34.0365
2180 -34.5559
2181 -35.6976
2182 -34.6519
2183 -34.6673
2184 -33.5366
2185 -33.8901
2186 -34.0353
2187 -33.5793
2188 -31.5381
2189 -33.0081
2190 -32.0634
2191 -32.8893
2192 -33.4324
2193 -34.1884
2194 -33.0175
2195 -33.5719
2196 -32.7783
2197 -32.7242
2198 -33.1331
2199 -33.253
2200 -32.0627
2201 -31.2268
2202 -33.0959
2203 -33.5672
2204 -32.5169
2205 -32.1233
2206 -33.3652
2207 -33.2659
2208 -30.3635
2209 -30.5138
2210 -31.5466
2211 -31.5289
2212 -31.5656
2213 -32.1302
2214 -31.441
2215 -32.5235
2216 -32.4442
2217 -33.4658
2218 -34.3915
2219 -33.3911
2220 -33.9992
2221 -34.9637
2222 -32.7016
2223 -32.0289
2224 -32.8103
2225 -33.6699
2226 -34.4526
2227 -32.6542
2228 -34.68
2229 -35.7358
2230 -35.4835
2231 -35.2057
2232 -33.5926
2233 -33.1411
2234 -32.9943
2235 -32.4039
2236 -33.1335
2237 -32.914
2238 -33.6725
2239 -33.8093
2240 -34.6845
2241 -33.1487
2242 -32.8595
2243 -32.8229
2244 -34.0443
2245 -33.5737
2246 -33.6568
2247 -32.5064
2248 -33.4931
2249 -32.4895
2250 -33.498
2251 -32.2936
2252 -33.2326
2253 -31.8089
2254 -32.1608
2255 -30.6327
2256 -31.9341
2257 -32.4979
2258 -32.8727
2259 -30.6104
2260 -31.92
2261 -31.0002
2262 -31.3723
2263 -32.858
2264 -33.5225
2265 -34.197
2266 -33.5219
2267 -32.3675
2268 -33.6474
2269 -32.1144
2270 -33.6453
2271 -33.9686
2272 -34.0953
2273 -34.4699
2274 -35.0064
2275 -35.1753
2276 -35.1371
2277 -33.6928
2278 -32.9455
2279 -33.7343
2280 -32.7857
2281 -32.0446
2282 -30.7633
2283 -32.0142
2284 -34.946
2285 -33.7896
2286 -34.6089
2287 -33.7145
2288 -34.7499
2289 -33.4601
2290 -33.0801
2291 -33.2027
2292 -32.6
2293 -33.2822
2294 -32.894
2295 -33.1548
2296 -32.157
2297 -31.737
2298 -31.6767
2299 -31.922
2300 -32.1401
2301 -33.114
2302 -31.5754
2303 -32.5721
2304 -31.0925
2305 -31.0759
2306 -30.8566
2307 -30.7294
2308 -32.2898
2309 -33.364
2310 -33.592
2311 -33.6216
2312 -33.3089
2313 -33.4391
2314 -32.4723
2315 -32.6834
2316 -34.4504
2317 -32.7946
2318 -34.4181
2319 -33.4611
2320 -33.0757
2321 -33.4189
2322 -34.3593
2323 -34.0516
2324 -34.9344
2325 -34.8391
2326 -32.856
2327 -32.8733
2328 -32.1874
2329 -32.4358
2330 -31.9558
2331 -30.9455
2332 -33.7822
2333 -34.9622
2334 -34.6051
2335 -33.219
2336 -34.4012
2337 -34.2296
2338 -32.596
2339 -32.0198
2340 -33.1963
2341 -33.1714
2342 -33.2869
2343 -32.7679
2344 -33.1784
2345 -31.1329
2346 -30.8492
2347 -31.8334
2348 -32.1575
2349 -31.1407
2350 -31.3521
2351 -32.9441
2352 -30.4998
2353 -30.3476
2354 -31.5813
2355 -33.6603
2356 -32.2029
2357 -32.5188
2358 -32.8347
2359 -34.8025
2360 -34.8848
2361 -32.9045
2362 -32.5292
2363 -33.6252
2364 -33.3037
2365 -32.9574
2366 -34.9688
2367 -34.4495
2368 -34.8543
2369 -33.7516
2370 -34.0586
2371 -33.8604
2372 -32.6503
2373 -34.6396
2374 -33.4797
2375 -33.2966
2376 -33.8657
2377 -35.4727
2378 -34.2634
2379 -33.2615
2380 -34.5552
2381 -34.8966
2382 -34.7945
2383 -32.6336
2384 -32.0958
2385 -32.9278
2386 -32.4864
2387 -33.974
2388 -33.3161
2389 -33.4
2390 -32.7016
2391 -33.3804
2392 -33.4248
2393 -31.4695
2394 -31.7003
2395 -32.3884
2396 -31.4628
2397 -31.3407
2398 -30.7407
2399 -30.5307
2400 -29.9938
2401 -32.2562
2402 -30.9535
2403 -33.3114
2404 -34.1049
2405 -32.5524
2406 -33.7488
2407 -32.5174
2408 -32.4097
2409 -33.7934
2410 -33.0658
2411 -34.3753
2412 -33.1738
2413 -34.9422
2414 -33.1696
2415 -34.8329
2416 -33.3485
2417 -34.0802
2418 -33.229
2419 -32.1554
2420 -33.5167
2421 -33.0295
2422 -33.13
2423 -35.603
2424 -32.931
2425 -33.6899
2426 -34.6054
2427 -35.4015
2428 -35.5975
2429 -33.3659
2430 -34.3807
2431 -33.422
2432 -33.1952
2433 -31.5049
2434 -31.6231
2435 -32.0938
2436 -33.7668
2437 -33.4837
2438 -31.2842
2439 -32.5089
2440 -33.1132
2441 -32.6443
2442 -32.0254
2443 -31.5968
2444 -30.7517
2445 -32.2069
2446 -30.8998
2447 -30.2883
2448 -32.4271
2449 -32.0628
2450 -32.7012
2451 -34.1744
2452 -32.8635
2453 -33.5971
2454 -34.2389
2455 -33.3933
2456 -33.416
2457 -33.7496
2458 -33.7373
2459 -33.6432
2460 -35.1477
2461 -33.9566
2462 -33.6585
2463 -33.6559
2464 -34.7963
2465 -34.8079
2466 -34.2049
2467 -33.0299
2468 -33.7153
2469 -32.0609
2470 -32.287
2471 -33.0519
2472 -34.4682
2473 -35.2125
2474 -34.6391
2475 -34.6182
2476 -33.2263
2477 -32.9908
2478 -32.4272
2479 -32.7213
2480 -32.0115
2481 -32.0341
2482 -33.9138
2483 -33.1
2484 -31.943
2485 -32.6525
2486 -32.0403
2487 -32.2177
2488 -33.0357
2489 -34.6572
2490 -33.1174
2491 -32.5351
2492 -30.6869
2493 -30.7962
2494 -30.8533
2495 -32.9832
2496 -32.3526
2497 -33.1898
2498 -33.4799
2499 -32.9392
2500 -33.5447
2501 -34.5207
2502 -33.7438
2503 -33.7026
2504 -34.6894
2505 -32.5359
2506 -33.0879
2507 -35.0611
2508 -35.6215
2509 -35.149
2510 -35.9778
2511 -34.6112
2512 -35.6737
2513 -34.529
2514 -34.4449
2515 -34.1798
2516 -32.4821
2517 -33.3247
2518 -33.3645
2519 -33.926
2520 -34.3081
2521 -35.4396
2522 -35.1955
2523 -34.1582
2524 -34.0494
2525 -32.559
2526 -33.0723
2527 -33.2938
2528 -34.1349
2529 -32.7429
2530 -32.4702
2531 -33.7762
2532 -31.604
2533 -33.5844
2534 -31.5191
2535 -32.9053
2536 -31.8441
2537 -32.6399
2538 -32.1604
2539 -31.5282
2540 -31.2268
2541 -32.6427
2542 -30.4417
2543 -32.6715
2544 -35.0038
2545 -33.6458
2546 -34.2587
2547 -32.8965
2548 -35.1121
2549 -34.3884
2550 -32.384
2551 -32.0516
2552 -32.9029
2553 -33.3464
2554 -32.5232
2555 -33.2193
2556 -32.1696
2557 -32.3325
2558 -31.1316
2559 -33.2796
2560 -32.0406
2561 -32.2848
2562 -29.632
2563 -27.7019
2564 -28.5829
2565 -28.0126
2566 -28.1645
2567 -28.3176
2568 -29.6213
2569 -28.1022
2570 -27.4194
2571 -24.789
2572 -26.3714
2573 -25.006
2574 -24.4397
2575 -24.7697
2576 -23.9347
2577 -22.7488
2578 -22.1943
2579 -21.4844
2580 -20.5112
2581 -21.106
2582 -21.1893
2583 -19.9294
2584 -19.5589
2585 -20.4354
2586 -18.3831
2587 -18.2746
2588 -18.2631
2589 -18.85
2590 -19.3895
2591 -18.5227
2592 -17.3346
2593 -17.4258
2594 -17.8147
2595 -17.4347
2596 -18.313
2597 -16.3321
2598 -17.361
2599 -18.149
2600 -18.0771
2601 -16.1284
2602 -16.3212
2603 -16.5486
2604 -15.8205
2605 -16.2815
2606 -15.9279
2607 -15.4764
2608 -16.6774
2609 -14.6142
2610 -15.331
2611 -15.1814
2612 -15.2338
2613 -13.8314
2614 -14.4425
2615 -13.5636
2616 -13.7441
2617 -13.4826
2618 -12.0218
2619 -12.0108
2620 -11.4358
2621 -11.9432
2622 -9.75688
2623 -9.78946
2624 -10.3213
2625 -10.0122
2626 -8.30954
2627 -8.53957
2628 -9.46304
2629 -8.20071
2630 -8.10187
2631 -8.88845
2632 -8.98687
2633 -10.3658
2634 -7.54976
2635 -11.026
2636 -9.79199
2637 -9.79287
2638 -8.75858
2639 -9.71735
2640 -8.43884
2641 -10.8867
2642 -11.8945
2643 -12.3274
2644 -11.3841
2645 -12.6835
2646 -13.3721
2647 -15.2221
2648 -15.4467
2649 -15.2373
2650 -15.8217
2651 -17.8776
2652 -16.3626
2653 -17.5191
2654 -17.867
2655 -17.8197
2656 -18.62
2657 -19.4213
2658 -18.5062
2659 -19.6336
2660 -20.234
2661 -21.7492
2662 -22.2792
2663 -22.6724
2664 -23.0653
2665 -22.6374
2666 -21.5323
2667 -21.3605
2668 -21.1678
2669 -21.7215
2670 -22.7887
2671 -21.6172
2672 -23.6835
2673 -22.5643
2674 -22.5424
2675 -23.5949
2676 -22.8005
2677 -22.0802
2678 -23.3551
2679 -23.8545
2680 -25.7551
2681 -23.5845
2682 -23.508
2683 -23.1791
2684 -24.0434
2685 -24.1497
2686 -24.2171
2687 -23.1817
2688 -22.7912
2689 -23.8005
2690 -21.8976
2691 -23.71
2692 -21.8787
2693 -21.4726
2694 -20.3906
2695 -21.2395
2696 -22.3222
2697 -24.4944
2698 -23.1458
2699 -23.4495
2700 -23.805
2701 -27.3489
2702 -24.2549
2703 -25.002
2704 -24.7194
2705 -25.2458
2706 -23.9488
2707 -24.5051
2708 -24.505
2709 -24.575
2710 -25.0577
2711 -27.2758
2712 -24.8938
2713 -24.7211
2714 -24.6968
2715 -26.3729
2716 -23.6143
2717 -25.0302
2718 -23.5029
2719 -23.8597
2720 -23.3146
2721 -24.1584
2722 -23.7646
2723 -25.0761
2724 -24.3442
2725 -25.317
2726 -24.5598
2727 -23.0389
2728 -23.1094
2729 -24.304
2730 -23.1684
2731 -24.1048
2732 -24.5202
2733 -24.9809
2734 -24.818
2735 -24.6559
2736 -22.7214
2737 -24.6783
2738 -22.322
2739 -21.7634
2740 -21.2319
2741 -21.7559
2742 -23.0017
2743 -23.2498
2744 -23.3652
2745 -24.3717
2746 -24.2246
2747 -26.6672
2748 -24.528
2749 -24.7146
2750 -24.6638
2751 -23.7286
2752 -24.0864
2753 -24.0617
2754 -24.4567
2755 -25.5221
2756 -24.5168
2757 -25.2333
2758 -26.2119
2759 -24.2177
2760 -24.2312
2761 -26.9521
2762 -24.9427
2763 -24.9198
2764 -24.9881
2765 -25.9331
2766 -24.2533
2767 -24.0844
2768 -25.77
2769 -23.8994
2770 -26.1538
2771 -25.92
2772 -25.1747
2773 -24.5448
2774 -23.1164
2775 -25.5777
2776 -24.3278
2777 -24.1764
2778 -24.1317
2779 -22.7539
2780 -23.8358
2781 -22.9103
2782 -23.9058
2783 -23.8554
2784 -24.0776
2785 -24.9827
2786 -22.5031
2787 -22.0314
2788 -22.1831
2789 -21.7886
2790 -23.24
2791 -23.7161
2792 -24.3845
2793 -23.754
2794 -25.6992
2795 -25.4669
2796 -24.896
2797 -24.2991
2798 -24.8949
2799 -24.1426
2800 -25.0251
2801 -25.9996
2802 -25.0265
2803 -25.4559
2804 -26.7174
2805 -24.9774
2806 -25.6484
2807 -26.6606
2808 -24.6759
2809 -26.1937
2810 -24.8151
2811 -24.6609
2812 -25.5877
2813 -24.3452
2814 -25.9842
2815 -26.1313
2816 -24.9068
2817 -24.5532
2818 -23.8062
2819 -27.2278
2820 -25.7014
2821 -25.016
2822 -24.8571
2823 -24.401
2824 -24.6753
2825 -24.9136
2826 -24.4754
2827 -23.6088
2828 -24.6899
2829 -23.8457
2830 -23.2481
2831 -23.0602
2832 -22.6353
2833 -21.8491
2834 -23.144
2835 -23.3717
2836 -22.9466
2837 -22.2828
2838 -23.7216
2839 -23.6434
2840 -24.0632
2841 -25.4749
2842 -23.3235
2843 -24.7234
2844 -24.7224
2845 -25.04
2846 -25.3568
2847 -25.2007
2848 -24.3573
2849 -24.7136
2850 -25.1525
2851 -25.1593
2852 -24.9523
2853 -24.8764
2854 -24.6054
2855 -26.0926
2856 -25.47
2857 -24.5809
2858 -24.3262
2859 -24.6032
2860 -24.0964
2861 -26.8999
2862 -26.1952
2863 -24.875
2864 -25.0203
2865 -27.4586
2866 -24.7891
2867 -24.2722
2868 -24.7537
2869 -23.8188
2870 -23.2625
2871 -25.3825
2872 -24.7183
2873 -24.0465
2874 -23.3219
2875 -24.0569
2876 -23.3416
2877 -23.7443
2878 -21.5288
2879 -24.2944
2880 -22.4505
2881 -22.6936
2882 -22.0627
2883 -22.9555
2884 -23.4189
2885 -24.2636
2886 -23.8489
2887 -22.3014
2888 -22.6232
2889 -24.3497
2890 -25.7529
2891 -25.2274
2892 -24.4274
2893 -24.8574
2894 -23.6632
2895 -24.84
2896 -26.67
2897 -25.1912
2898 -25.5364
2899 -24.9355
2900 -23.6768
2901 -25.1596
2902 -25.8328
2903 -26.2262
2904 -24.3488
2905 -24.7836
2906 -23.8591
2907 -24.0713
2908 -24.1056
2909 -25.8481
2910 -25.8479
2911 -24.5414
2912 -24.2795
2913 -25.5643
2914 -25.0902
2915 -25.0125
2916 -24.1743
2917 -24.2118
2918 -24.9316
2919 -23.9985
2920 -25.0194
2921 -23.7313
2922 -22.5877
2923 -23.4316
2924 -23.8909
2925 -23.4072
2926 -23.6528
2927 -22.8107
2928 -20.4797
2929 -21.6851
2930 -23.0265
2931 -23.042
2932 -24.4759
2933 -22.5911
2934 -23.2232
2935 -25.3321
2936 -23.7799
2937 -24.1729
2938 -25.3446
2939 -23.1269
2940 -24.7942
2941 -24.8171
2942 -25.0851
2943 -24.6552
2944 -24.4218
2945 -25.7393
2946 -26.1297
2947 -25.5735
2948 -25.576
2949 -24.878
2950 -25.6014
2951 -23.1846
2952 -24.1606
2953 -24.5719
2954 -24.9019
2955 -25.6561
2956 -25.0904
2957 -25.8178
2958 -25.224
2959 -24.2468
2960 -25.6405
2961 -22.8093
2962 -24.3716
2963 -23.1921
2964 -22.8098
2965 -23.3904
2966 -24.6877
2967 -24.2283
2968 -23.7509
2969 -23.674
2970 -24.8131
2971 -24.1603
2972 -23.0584
2973 -22.9427
2974 -22.4669
2975 -21.5956
2976 -22.0722
2977 -22.6379
2978 -22.1897
2979 -22.8578
2980 -23.9717
2981 -23.3717
2982 -25.7673
2983 -25.5256
2984 -25.0591
2985 -24.1209
2986 -23.5701
2987 -24.8832
2988 -25.074
2989 -24.6878
2990 -24.5286
2991 -24.7176
2992 -24.0066
2993 -25.2564
2994 -25.295
2995 -24.6499
2996 -26.5266
2997 -25.0128
2998 -24.0406
2999 -25.2154
3000 -23.0913
3001 -23.7586
3002 -24.3012
3003 -25.3384
3004 -24.6187
3005 -24.144
3006 -23.9877
3007 -23.8326
3008 -24.6584
3009 -25.6356
3010 -23.073
3011 -23.7971
3012 -22.9293
3013 -24.3326
3014 -22.6513
3015 -23.6127
3016 -24.115
3017 -23.5142
3018 -22.9465
3019 -23.7613
3020 -23.4906
3021 -22.488
3022 -22.3334
3023 -22.9706
3024 -22.6995
3025 -21.7915
3026 -21.7881
3027 -24.6729
3028 -24.7057
3029 -24.2489
3030 -24.486
3031 -24.1607
3032 -24.3708
3033 -24.9452
3034 -23.975
3035 -23.289
3036 -24.6343
3037 -23.5259
3038 -24.9247
3039 -24.124
3040 -26.145
3041 -24.2769
3042 -23.2691
3043 -23.9678
3044 -24.1537
3045 -23.3548
3046 -24.0242
3047 -24.083
3048 -23.6455
3049 -23.7332
3050 -25.2229
3051 -25.8515
3052 -24.9681
3053 -24.4086
3054 -22.9549
3055 -23.8995
3056 -22.6309
3057 -23.7448
3058 -25.2181
3059 -25.0532
3060 -23.363
3061 -26.0726
3062 -23.9286
3063 -25.07
3064 -25.6831
3065 -25.7846
3066 -25.3834
3067 -24.6057
3068 -25.4915
3069 -25.1405
3070 -25.514
3071 -26.3442
3072 -27.9232
3073 -27.326
3074 -29.0082
3075 -29.2491
3076 -28.9612
3077 -29.4034
3078 -29.9035
3079 -30.7042
3080 -32.0717
3081 -33.3051
3082 -33.6564
3083 -32.419
3084 -34.0804
3085 -33.5092
3086 -34.5442
3087 -34.3734
3088 -34.7155
3089 -36.5421
3090 -36.2027
3091 -37.011
3092 -38.3876
3093 -36.7164
3094 -37.8334
3095 -37.1785
3096 -37.1593
3097 -36.778
3098 -38.2982
3099 -37.1564
3100 -37.8513
3101 -37.0727
3102 -36.6524
3103 -37.2151
3104 -36.9671
3105 -37.0476
3106 -35.9039
3107 -35.9492
3108 -36.6074
3109 -36.6929
3110 -37.8626
3111 -38.4412
3112 -37.2905
3113 -37.2715
3114 -36.6714
3115 -35.9324
3116 -34.2203
3117 -34.8055
3118 -35.7603
3119 -35.0335
3120 -34.1841
3121 -33.4835
3122 -32.7746
3123 -33.3643
3124 -33.6482
3125 -31.5237
3126 -32.7239
3127 -32.9753
3128 -30.9209
3129 -32.879
3130 -31.5258
3131 -31.6058
3132 -31.1388
3133 -30.3862
3134 -28.9284
3135 -29.5043
3136 -28.9095
3137 -28.7865
3138 -27.8183
3139 -28.9972
3140 -28.5058
3141 -28.767
3142 -29.0628
3143 -28.4483
3144 -30.2839
3145 -27.9971
3146 -26.4537
3147 -28.1314
3148 -26.3518
3149 -27.1305
3150 -28.5303
3151 -27.9147
3152 -27.8217
3153 -27.9819
3154 -28.5566
3155 -28.488
3156 -26.6892
3157 -27.4589
3158 -26.9494
3159 -26.4176
3160 -26.2271
3161 -26.1965
3162 -27.2638
3163 -26.9481
3164 -26.7526
3165 -28.2234
3166 -27.2186
3167 -26.594
3168 -27.022
3169 -26.7076
3170 -25.7204
3171 -24.8163
3172 -27.8237
3173 -26.7146
3174 -24.7429
3175 -27.0686
3176 -27.2486
3177 -25.7139
3178 -28.4913
3179 -26.4373
3180 -27.2645
3181 -27.7492
3182 -25.1596
3183 -26.006
3184 -26.2029
3185 -25.6428
3186 -27.0611
3187 -25.855
3188 -26.6722
3189 -24.4641
3190 -26.6253
3191 -26.282
3192 -26.6808
3193 -25.9764
3194 -25.3343
3195 -26.1516
3196 -27.043
3197 -26.5247
3198 -26.3489
3199 -26.0008
3200 -26.5331
3201 -26.5799
3202 -26.4557
3203 -24.3523
3204 -25.3458
3205 -24.4305
3206 -26.8835
3207 -24.8666
3208 -26.3281
3209 -25.917
3210 -26.2646
3211 -25.9963
3212 -26.2549
3213 -26.2965
3214 -27.2652
3215 -25.0259
3216 -27.3977
3217 -26.7723
3218 -24.9535
3219 -25.9479
3220 -24.7553
3221 -24.9062
3222 -25.9995
3223 -26.8148
3224 -26.7334
3225 -26.1975
3226 -26.1556
3227 -26.395
3228 -26.7902
3229 -25.3919
3230 -26.067
3231 -24.8942
3232 -25.2781
3233 -25.8173
3234 -26.4109
3235 -26.6498
3236 -26.7672
3237 -26.0591
3238 -26.6504
3239 -26.9749
3240 -25.9561
3241 -25.4356
3242 -26.1457
3243 -25.3479
3244 -25.9604
3245 -25.8956
3246 -25.1133
3247 -26.7031
3248 -25.7646
3249 -25.671
3250 -26.5704
3251 -27.4785
3252 -26.4864
3253 -27.055
3254 -26.4576
3255 -26.5666
3256 -26.8085
3257 -27.1276
3258 -26.4571
3259 -26.903
3260 -26.0517
3261 -26.1445
3262 -26.2614
3263 -26.2556
3264 -26.2444
3265 -25.8354
3266 -26.0534
3267 -25.6454
3268 -25.8319
3269 -26.1419
3270 -27.2828
3271 -25.7804
3272 -26.1287
3273 -27.3821
3274 -26.1171
3275 -25.2746
3276 -25.9206
3277 -25.6355
3278 -26.6549
3279 -27.5289
3280 -25.9167
3281 -25.5368
3282 -26.5826
3283 -25.7575
3284 -27.0147
3285 -25.6491
3286 -25.7803
3287 -25.5872
3288 -25.7767
3289 -25.8883
3290 -26.9047
3291 -27.1579
3292 -26.6238
3293 -26.6849
3294 -25.9225
3295 -26.823
3296 -25.3081
3297 -27.4819
3298 -24.7919
3299 -25.5726
3300 -24.8964
3301 -25.7608
3302 -26.394
3303 -27.2407
3304 -26.5805
3305 -26.9972
3306 -28.786
3307 -24.3229
3308 -27.049
3309 -26.5396
3310 -27.5515
3311 -26.79
3312 -26.0317
3313 -24.756
3314 -25.8757
3315 -25.7143
3316 -27.1105
3317 -25.7818
3318 -26.5736
3319 -26.0883
3320 -25.9822
3321 -26.1492
3322 -25.8005
3323 -26.3386
3324 -25.0356
3325 -23.5734
3326 -25.4827
3327 -26.8862
3328 -26.2172
3329 -26.6043
3330 -26.4194
3331 -24.7055
3332 -25.7862
3333 -26.0765
3334 -25.1482
3335 -27.8137
3336 -26.6611
3337 -26.9367
3338 -27.1871
3339 -26.7857
3340 -26.1943
3341 -26.3173
3342 -27.2068
3343 -26.2745
3344 -25.9127
3345 -26.6006
3346 -24.6317
3347 -25.8789
3348 -27.2859
3349 -26.076
3350 -26.1453
3351 -25.465
3352 -26.9986
3353 -26.8517
3354 -25.5971
3355 -26.0944
3356 -25.4585
3357 -24.6954
3358 -25.7635
3359 -24.3244
3360 -25.8073
3361 -26.4401
3362 -24.7808
3363 -25.3179
3364 -26.3048
3365 -26.6198
3366 -26.0543
3367 -26.8112
3368 -27.4921
3369 -27.3032
3370 -29.1821
3371 -24.3214
3372 -27.321
3373 -25.8443
3374 -27.0039
3375 -27.9554
3376 -26.7364
3377 -26.9361
3378 -27.9895
3379 -26.1371
3380 -26.588
3381 -27.005
3382 -27.0797
3383 -26.794
3384 -26.1435
3385 -25.9857
3386 -26.4864
3387 -26.4379
3388 -26.6517
3389 -27.6457
3390 -26.3271
3391 -25.6018
3392 -25.1894
3393 -25.9187
3394 -26.1349
3395 -27.163
3396 -26.1894
3397 -26.2956
3398 -26.2509
3399 -26.2638
