0 -123.986
1 -124.923
2 -123.625
3 -121.453
4 -122.96
5 -122.168
6 -123.414
7 -121.723
8 -121.252
9 -119.676
10 -119.605
11 -119.052
12 -117.983
13 -118.761
14 -116.816
15 -114.958
16 -115.158
17 -117.668
18 -115.315
19 -114.545
20 -115.052
21 -114.175
22 -113.552
23 -113.417
24 -113.206
25 -112.991
26 -112.211
27 -112.82
28 -113.358
29 -113.857
30 -111.909
31 -112.983
32 -113.331
33 -115.791
34 -115.045
35 -115.768
36 -114.824
37 -113.848
38 -114.464
39 -114.624
40 -114.707
41 -116.563
42 -117.195
43 -116.176
44 -116.723
45 -116.69
46 -116.898
47 -116.859
48 -117.3
49 -118.085
50 -119.292
51 -119.151
52 -119.816
53 -121.078
54 -121.247
55 -121.579
56 -122.434
57 -120.696
58 -122.289
59 -121.348
60 -123.598
61 -121.58
62 -121.342
63 -123.261
64 -123.532
65 -122.601
66 -121.709
67 -124.203
68 -122.836
69 -123.466
70 -125.41
71 -125.094
72 -124.364
73 -124.422
74 -124.463
75 -123.429
76 -123.931
77 -124.399
78 -124.845
79 -123.883
80 -125.151
81 -122.776
82 -123.044
83 -125.85
84 -124.666
85 -124.059
86 -124.105
87 -124.815
88 -123.528
89 -124.113
90 -124.241
91 -125.001
92 -124.258
93 -124.101
94 -124.461
95 -125.033
96 -124.704
97 -124.915
98 -126.175
99 -125.243
100 -124.597
101 -125.165
102 -125.133
103 -124.821
104 -125.019
105 -124.85
106 -127.049
107 -125.277
108 -125.897
109 -125.695
110 -124.797
111 -125.85
112 -123.897
113 -124.495
114 -124.183
115 -124.62
116 -125.085
117 -125.55
118 -125.77
119 -122.926
120 -124.918
121 -124.316
122 -124.159
123 -125.16
124 -125.357
125 -123.96
126 -124.64
127 -125.913
128 -125.262
129 -127.085
130 -126.609
131 -124.906
132 -123.09
133 -122.057
134 -124.607
135 -124.68
136 -123.496
137 -124.057
138 -122.502
139 -122.803
140 -120.23
141 -119.546
142 -120.943
143 -120.357
144 -120.06
145 -119.326
146 -119.844
147 -117.79
148 -117.947
149 -117.578
150 -116.615
151 -116.577
152 -116.743
153 -116.299
154 -113.699
155 -113.805
156 -113.473
157 -114.383
158 -111.525
159 -111.64
160 -110.875
161 -110.334
162 -111.508
163 -110.521
164 -109.084
165 -107.805
166 -107.198
167 -106.07
168 -105.958
169 -105.295
170 -103.524
171 -103.581
172 -105.022
173 -104.676
174 -104.929
175 -103.223
176 -104.18
177 -102.96
178 -102.191
179 -104.422
180 -104.608
181 -105.024
182 -105.72
183 -105.23
184 -104.475
185 -105.512
186 -105.988
187 -107.174
188 -106.261
189 -105.903
190 -107.444
191 -108.319
192 -109.571
193 -109.572
194 -109.602
195 -110.121
196 -110.599
197 -110.945
198 -111.915
199 -112.308
200 -111.27
201 -113.906
202 -114.217
203 -114.125
204 -114.249
205 -116.356
206 -116.334
207 -115.435
208 -115.336
209 -116.824
210 -115.805
211 -115.68
212 -115.508
213 -115.744
214 -116.287
215 -116.663
216 -115.571
217 -116.619
218 -117.635
219 -118.778
220 -117.372
221 -117.715
222 -118.546
223 -119.179
224 -117.02
225 -118.894
226 -115.958
227 -116.125
228 -115.814
229 -115.568
230 -114.56
231 -115.499
232 -115.517
233 -114.128
234 -114.578
235 -114.209
236 -115.88
237 -115.695
238 -116.14
239 -116.967
240 -115.569
241 -117.854
242 -119.336
243 -118.512
244 -118.638
245 -117.426
246 -118.904
247 -119.1
248 -119.39
249 -119.017
250 -117.275
251 -117.8
252 -119.141
253 -118.644
254 -118.424
255 -118.846
256 -118.703
257 -119.098
258 -118.777
259 -118.897
260 -118.317
261 -119.305
262 -118.656
263 -118.501
264 -118.356
265 -117.772
266 -117.438
267 -118.052
268 -119.678
269 -119.362
270 -118.942
271 -120.473
272 -118.982
273 -118.322
274 -117.5
275 -117.5
276 -117.046
277 -115.693
278 -116.052
279 -116.502
280 -117.298
281 -114.907
282 -115.695
283 -116.379
284 -115.324
285 -116.785
286 -116.746
287 -116.792
288 -116.783
289 -118.337
290 -118.294
291 -118.068
292 -119.562
293 -118.505
294 -119.357
295 -120.324
296 -118.43
297 -116.773
298 -118.099
299 -119.08
300 -116.251
301 -118.626
302 -117.425
303 -119.154
304 -118.998
305 -118.999
306 -117.798
307 -118.656
308 -119.704
309 -118.379
310 -118.779
311 -118.406
312 -117.239
313 -118.079
314 -117.398
315 -117.006
316 -117.005
317 -119.961
318 -117.649
319 -117.573
320 -118.11
321 -117.753
322 -116.338
323 -116.579
324 -115.834
325 -116.118
326 -115.267
327 -114.378
328 -115.786
329 -114.827
330 -114.515
331 -114.81
332 -115.701
333 -115.592
334 -118.15
335 -117.154
336 -118.709
337 -118.763
338 -117.104
339 -118.392
340 -118.468
341 -118.397
342 -118.231
343 -119.465
344 -118.557
345 -118.318
346 -116.785
347 -117.58
348 -117.56
349 -116.185
350 -118.729
351 -119.167
352 -117.354
353 -117.959
354 -117.251
355 -116.757
356 -118.733
357 -117.954
358 -118.032
359 -117.049
360 -119.473
361 -119.993
362 -118.991
363 -118.748
364 -118.656
365 -117.295
366 -118.203
367 -116.815
368 -116.74
369 -115.509
370 -116.136
371 -115.442
372 -115.478
373 -115.819
374 -116.194
375 -115.674
376 -114.061
377 -116.15
378 -115.99
379 -116.157
380 -116.286
381 -117.052
382 -117.211
383 -117.891
384 -119.403
385 -118.755
386 -117.959
387 -120.116
388 -117.939
389 -118.228
390 -116.715
391 -116.34
392 -118.662
393 -116.654
394 -116.591
395 -118.252
396 -117.674
397 -116.303
398 -117.083
399 -117.386
400 -116.796
401 -117.469
402 -117.296
403 -116.488
404 -117.783
405 -117.835
406 -118.248
407 -117.946
408 -119.038
409 -119.307
410 -118.587
411 -119.671
412 -118.132
413 -116.257
414 -115.838
415 -117.042
416 -116.624
417 -116.143
418 -115.795
419 -114.798
420 -114.408
421 -114.68
422 -114.445
423 -113.404
424 -113.574
425 -115.13
426 -115.1
427 -115.177
428 -115.452
429 -115.976
430 -115.801
431 -116.743
432 -118.322
433 -117.924
434 -117.668
435 -117.973
436 -117.364
437 -116.446
438 -117.044
439 -116.875
440 -116.618
441 -116.314
442 -118.423
443 -116.088
444 -118.815
445 -117.87
446 -117.271
447 -117.197
448 -117.881
449 -117.178
450 -116.246
451 -117.377
452 -117.269
453 -116.035
454 -117.585
455 -118.368
456 -118.018
457 -118.407
458 -118.745
459 -118.269
460 -115.584
461 -114.229
462 -115.406
463 -114.859
464 -116.037
465 -114.902
466 -115.011
467 -114.4
468 -114.981
469 -114.26
470 -114.612
471 -112.627
472 -113.581
473 -115.171
474 -115.388
475 -114.08
476 -115.713
477 -117.919
478 -116.444
479 -116.91
480 -116.772
481 -116.707
482 -115.398
483 -116.529
484 -116.661
485 -116.093
486 -115.679
487 -115.826
488 -115.958
489 -117.244
490 -116.592
491 -117.343
492 -117.682
493 -118.538
494 -116.409
495 -114.707
496 -116.394
497 -115.88
498 -116.052
499 -116.259
500 -116.618
501 -116.886
502 -119.198
503 -117.46
504 -116.506
505 -115.082
506 -115.918
507 -116.15
508 -115.258
509 -114.715
510 -113.051
511 -113.949
512 -114.571
513 -113.669
514 -113.007
515 -113.232
516 -114.332
517 -113.288
518 -114.236
519 -113.423
520 -113.94
521 -113.69
522 -114.884
523 -115.226
524 -115.236
525 -115.238
526 -117.171
527 -116.946
528 -115.587
529 -114.555
530 -116.349
531 -115.991
532 -115.702
533 -113.66
534 -115.424
535 -114.457
536 -116.342
537 -115.919
538 -116.74
539 -115.64
540 -115.264
541 -115.044
542 -115.543
543 -115.161
544 -116.811
545 -114.844
546 -115.47
547 -116.83
548 -116.451
549 -116.37
550 -117.373
551 -117.592
552 -116.571
553 -115.91
554 -115.912
555 -114.094
556 -113.906
557 -114.288
558 -113.863
559 -113.705
560 -114.113
561 -113.6
562 -114.224
563 -113.274
564 -114.551
565 -111.332
566 -114.09
567 -115.008
568 -115.99
569 -114.565
570 -114.723
571 -115.461
572 -116.008
573 -115.205
574 -114.829
575 -116.752
576 -115.217
577 -116.069
578 -115.289
579 -113.925
580 -116.118
581 -115.339
582 -114.992
583 -116.365
584 -116.395
585 -115.074
586 -115.886
587 -114.933
588 -116.356
589 -115.62
590 -113.703
591 -115.76
592 -115.659
593 -116.916
594 -115.537
595 -115.54
596 -116.885
597 -114.879
598 -116.338
599 -115.357
600 -115.558
601 -114.301
602 -114.122
603 -114.664
604 -116.116
605 -114.753
606 -116.396
607 -115.172
608 -116.662
609 -115.852
610 -117.284
611 -116.077
612 -118.019
613 -118.256
614 -118.082
615 -119.837
616 -121.609
617 -121.402
618 -122.735
619 -123.43
620 -122.508
621 -123.806
622 -125.328
623 -125.325
624 -123.937
625 -123.699
626 -124.449
627 -124.696
628 -126.115
629 -124.864
630 -125.822
631 -126.034
632 -128.316
633 -130.236
634 -130.88
635 -131.196
636 -129.806
637 -130.875
638 -130.615
639 -129.114
640 -129.075
641 -130.307
642 -129.767
643 -128.62
644 -128.441
645 -127.327
646 -129.662
647 -129.25
648 -128.434
649 -128.647
650 -128.642
651 -128.557
652 -129.281
653 -128.078
654 -128.703
655 -128.908
656 -127.956
657 -126.778
658 -127.083
659 -127.128
660 -126.303
661 -127.25
662 -124.362
663 -125.428
664 -124.399
665 -124.86
666 -123.773
667 -122.808
668 -122.355
669 -121.091
670 -121.881
671 -123.162
672 -122.793
673 -121.357
674 -120.885
675 -120.836
676 -117.645
677 -119.656
678 -119.924
679 -120.866
680 -119.619
681 -119.259
682 -118.837
683 -119.346
684 -119.767
685 -120.108
686 -119.413
687 -119.178
688 -117.995
689 -119.097
690 -118.492
691 -117.779
692 -118.334
693 -120.513
694 -118.384
695 -118.478
696 -119.692
697 -116.118
698 -117.44
699 -118.94
700 -118.695
701 -117.17
702 -117.755
703 -118.539
704 -118.366
705 -118.318
706 -117.644
707 -119.165
708 -117.629
709 -118.105
710 -117.367
711 -118.207
712 -116.892
713 -118.109
714 -117.579
715 -117.306
716 -118.102
717 -117.918
718 -118.053
719 -118.152
720 -118.486
721 -117.796
722 -117.075
723 -117.485
724 -117.476
725 -117.467
726 -118.594
727 -117.946
728 -118.924
729 -117.672
730 -117.638
731 -117.328
732 -116.37
733 -117.919
734 -117.737
735 -117.846
736 -118.276
737 -116.71
738 -117.822
739 -117.824
740 -118.224
741 -116.756
742 -117.106
743 -117.979
744 -117.473
745 -118.45
746 -117.679
747 -118.394
748 -117.717
749 -118.754
750 -118.709
751 -118.439
752 -119.092
753 -119.207
754 -120.473
755 -120.918
756 -121.744
757 -122.66
758 -122.916
759 -121.941
760 -122.189
761 -122.508
762 -124.52
763 -126.04
764 -124.01
765 -125.028
766 -126.131
767 -125.598
768 -127.305
769 -128.209
770 -129.178
771 -127.682
772 -129.443
773 -130.11
774 -131.522
775 -132.214
776 -130.985
777 -131.664
778 -133.034
779 -134.046
780 -134.404
781 -133.645
782 -135.302
783 -135.96
784 -135.493
785 -136.382
786 -137.188
787 -138.532
788 -137.3
789 -137.167
790 -136.194
791 -137.532
792 -137.155
793 -137.707
794 -137.033
795 -136.077
796 -137.461
797 -137.79
798 -137.901
799 -136.057
800 -135.731
801 -137.093
802 -135.429
803 -134.769
804 -135.299
805 -132.999
806 -134.782
807 -133.645
808 -133.617
809 -133.313
810 -132.673
811 -132.702
812 -131.594
813 -132.744
814 -131.445
815 -130.436
816 -129.737
817 -129.708
818 -128.462
819 -128.116
820 -129.198
821 -128.204
822 -128.028
823 -126.815
824 -126.481
825 -127.234
826 -125.844
827 -127.176
828 -127.792
829 -128.628
830 -126.286
831 -126.307
832 -126.495
833 -124.12
834 -124.492
835 -125.318
836 -124.487
837 -124.186
838 -125.435
839 -126.19
840 -126.452
841 -129.121
842 -127.507
843 -125.86
844 -126.796
845 -126.54
846 -125.355
847 -125.747
848 -125.077
849 -126.441
850 -126.516
851 -126.165
852 -126.167
853 -126.806
854 -125.185
855 -126.378
856 -125.616
857 -124.038
858 -125.961
859 -125.725
860 -125.396
861 -124.288
862 -126.22
863 -125.145
864 -125.274
865 -126.39
866 -125.225
867 -125.763
868 -124.302
869 -124.783
870 -123.029
871 -123.613
872 -123.663
873 -125.018
874 -124.557
875 -125.535
876 -124.557
877 -125.02
878 -124.76
879 -124.933
880 -124.481
881 -123.815
882 -124.675
883 -123.684
884 -124.06
885 -123.03
886 -122.95
887 -124.93
888 -125.603
889 -124.241
890 -125.382
891 -126.666
892 -126.149
893 -126.47
894 -125.617
895 -125.627
896 -126.486
897 -126.527
898 -127.035
899 -125.651
900 -124.921
901 -126.358
902 -126.506
903 -126.357
904 -124.412
905 -125.372
906 -125.506
907 -124.801
908 -123.939
909 -124.928
910 -125.39
911 -126.819
912 -125.178
913 -126.428
914 -124.331
915 -124.286
916 -124.604
917 -125.243
918 -124.549
919 -123.71
920 -124.75
921 -127.003
922 -125.038
923 -124.606
924 -124.175
925 -125.574
926 -124.536
927 -123.642
928 -123.283
929 -123.778
930 -123.49
931 -123.904
932 -124.555
933 -125.144
934 -125.429
935 -127.11
936 -126.639
937 -126.299
938 -125.317
939 -126.427
940 -125.616
941 -126.451
942 -126.108
943 -126.27
944 -126.781
945 -127.315
946 -126.77
947 -128.05
948 -128.252
949 -126.078
950 -126.081
951 -127.668
952 -126.579
953 -126.802
954 -126.343
955 -125.281
956 -125.626
957 -125.818
958 -127.249
959 -126.275
960 -126.918
961 -125.426
962 -123.399
963 -124.695
964 -125.051
965 -125.28
966 -125.583
967 -126.616
968 -125.558
969 -125.961
970 -124.532
971 -124.301
972 -125.758
973 -124.044
974 -125.334
975 -125.047
976 -125.053
977 -125.131
978 -126.17
979 -125.411
980 -126.461
981 -125.659
982 -126.615
983 -125.7
984 -126.584
985 -127.248
986 -128.338
987 -126.062
988 -126.746
989 -128.417
990 -128.464
991 -127.853
992 -127.141
993 -128.325
994 -127.246
995 -127.508
996 -128.341
997 -127.791
998 -125.508
999 -126.351
1000 -128.032
1001 -127.766
1002 -126.787
1003 -127.469
1004 -126.672
1005 -127.284
1006 -127.031
1007 -128.052
1008 -126.081
1009 -126.858
1010 -126.379
1011 -126.497
1012 -126.867
1013 -126.158
1014 -127.786
1015 -125.664
1016 -125.13
1017 -126.354
1018 -126.569
1019 -126.233
1020 -125.589
1021 -125.071
1022 -125.559
1023 -125.846
1024 -125.565
1025 -126.529
1026 -126.148
1027 -127.443
1028 -126.458
1029 -126.724
1030 -128.631
1031 -127.148
1032 -127.827
1033 -127.182
1034 -126.282
1035 -125.915
1036 -126.828
1037 -129.079
1038 -129.518
1039 -129.261
1040 -128.173
1041 -127.456
1042 -128.247
1043 -129.291
1044 -127.725
1045 -127.641
1046 -126.317
1047 -127.389
1048 -126.17
1049 -128.496
1050 -128.806
1051 -127.918
1052 -128.27
1053 -126.977
1054 -127.342
1055 -126.378
1056 -127.894
1057 -125.543
1058 -126.383
1059 -126.753
1060 -126.261
1061 -126.651
1062 -126.286
1063 -127.255
1064 -127.771
1065 -127.695
1066 -128.412
1067 -125.411
1068 -125.917
1069 -125.183
1070 -126.338
1071 -125.651
1072 -126.946
1073 -126.983
1074 -128.731
1075 -128.691
1076 -127.421
1077 -127.706
1078 -128.022
1079 -128.484
1080 -128.876
1081 -127.327
1082 -128.49
1083 -128.949
1084 -129.274
1085 -128.474
1086 -130.106
1087 -129.226
1088 -128.843
1089 -128.238
1090 -129.714
1091 -128.484
1092 -127.042
1093 -127.462
1094 -128.533
1095 -128.374
1096 -128.957
1097 -129.315
1098 -126.321
1099 -128.16
1100 -128.456
1101 -127.501
1102 -128.29
1103 -126.898
1104 -128.156
1105 -125.858
1106 -125.967
1107 -126.409
1108 -126.27
1109 -129.647
1110 -128.204
1111 -126.834
1112 -127.561
1113 -126.336
1114 -126.55
1115 -125.53
1116 -127.166
1117 -127.279
1118 -126.489
1119 -125.529
1120 -127.464
1121 -128.102
1122 -128.348
1123 -127.827
1124 -129.876
1125 -129.205
1126 -126.693
1127 -127.044
1128 -127.609
1129 -128.979
1130 -129.242
1131 -129.662
1132 -130.373
1133 -128.553
1134 -128.127
1135 -127.741
1136 -129.549
1137 -127.908
1138 -127.523
1139 -127.168
1140 -127.976
1141 -127.334
1142 -128.74
1143 -128.257
1144 -128.672
1145 -127.98
1146 -127.348
1147 -128.183
1148 -127.773
1149 -127.577
1150 -126.594
1151 -126.234
1152 -128.224
1153 -126.619
1154 -126.832
1155 -126.175
1156 -128.746
1157 -127.752
1158 -126.562
1159 -126.398
1160 -126.281
1161 -126.799
1162 -127.53
1163 -126.689
1164 -128.144
1165 -128.36
1166 -127.517
1167 -128.013
1168 -128.524
1169 -129.176
1170 -128.735
1171 -129.024
1172 -130.66
1173 -129.154
1174 -129.596
1175 -128.393
1176 -129.208
1177 -129.822
1178 -129.573
1179 -129.845
1180 -128.279
1181 -129.94
1182 -126.524
1183 -128.62
1184 -129.511
1185 -129.942
1186 -129.689
1187 -127.591
1188 -127.809
1189 -127.148
1190 -127.992
1191 -127.56
1192 -127.044
1193 -129.439
1194 -128.497
1195 -128.952
1196 -127.156
1197 -128.172
1198 -127.567
1199 -128.511
1200 -127.491
1201 -127.811
1202 -128.663
1203 -128.158
1204 -127.92
1205 -128.363
1206 -128.74
1207 -126.025
1208 -126.349
1209 -126.963
1210 -125.914
1211 -126.493
1212 -128.118
1213 -128.759
1214 -127.268
1215 -127.496
1216 -127.575
1217 -128.925
1218 -128.095
1219 -128.551
1220 -128.399
1221 -126.372
1222 -126.868
1223 -127.449
1224 -125.674
1225 -127.024
1226 -126.656
1227 -126.077
1228 -125.635
1229 -125.043
1230 -122.92
1231 -122.324
1232 -123.454
1233 -121.741
1234 -123.385
1235 -121.451
1236 -122.573
1237 -121.496
1238 -121.817
1239 -120.172
1240 -119.719
1241 -118.997
1242 -118.618
1243 -117.561
1244 -116.146
1245 -115.721
1246 -114.877
1247 -114.002
1248 -114.987
1249 -114.324
1250 -114.021
1251 -113.741
1252 -112.515
1253 -112.652
1254 -113.91
1255 -113.856
1256 -112.663
1257 -112.842
1258 -113.891
1259 -112.225
1260 -112.478
1261 -113.424
1262 -112.605
1263 -112.025
1264 -112.97
1265 -113.792
1266 -112.954
1267 -113.588
1268 -112.412
1269 -114.855
1270 -113.444
1271 -115.654
1272 -115.66
1273 -116.112
1274 -117.273
1275 -115.948
1276 -116.039
1277 -115.495
1278 -116.165
1279 -118.025
1280 -119.619
1281 -118.647
1282 -120.362
1283 -120.988
1284 -118.527
1285 -119.915
1286 -119.349
1287 -120.587
1288 -120.253
1289 -120.719
1290 -120.361
1291 -121.819
1292 -121.536
1293 -122.429
1294 -121.64
1295 -121.772
1296 -122.294
1297 -123.273
1298 -122.311
1299 -122.988
1300 -122.791
1301 -121.931
1302 -123.537
1303 -123.921
1304 -124.876
1305 -124.292
1306 -123.283
1307 -123.599
1308 -123.166
1309 -124.256
1310 -123.168
1311 -124.216
1312 -123.517
1313 -123.895
1314 -123.496
1315 -123.115
1316 -124.706
1317 -124.322
1318 -123.023
1319 -124.346
1320 -124.626
1321 -124.244
1322 -123.893
1323 -124.551
1324 -123.694
1325 -125.711
1326 -124.397
1327 -124.216
1328 -126.096
1329 -124.09
1330 -123.765
1331 -124.19
1332 -123.853
1333 -124.987
1334 -125.491
1335 -123.79
1336 -124.691
1337 -125.289
1338 -124.29
1339 -123.61
1340 -124.595
1341 -124.747
1342 -124.799
1343 -124.666
1344 -125.731
1345 -125.537
1346 -125.596
1347 -125.235
1348 -125.619
1349 -124.75
1350 -125.767
1351 -125.44
1352 -124.759
1353 -125.368
1354 -125.4
1355 -124.873
1356 -126.974
1357 -124.863
1358 -124.509
1359 -125.377
1360 -125.262
1361 -123.557
1362 -124.031
1363 -122.521
1364 -122.82
1365 -123.513
1366 -123.906
1367 -123.968
1368 -123.251
1369 -120.871
1370 -121.929
1371 -120.031
1372 -118.769
1373 -119.498
1374 -119.263
1375 -119.603
1376 -118.083
1377 -117.251
1378 -118.533
1379 -116.984
1380 -115.176
1381 -114.96
1382 -116.094
1383 -114.788
1384 -112.885
1385 -114.388
1386 -113.459
1387 -112.733
1388 -112.073
1389 -111.262
1390 -110.104
1391 -109.965
1392 -109.282
1393 -108.381
1394 -109.121
1395 -107.775
1396 -106.991
1397 -108.001
1398 -105.626
1399 -104.722
1400 -104.494
1401 -105.025
1402 -104.997
1403 -104.804
1404 -104.324
1405 -103.746
1406 -103.64
1407 -103.292
1408 -103.052
1409 -104.326
1410 -103.728
1411 -104.224
1412 -103.115
1413 -104.426
1414 -104.914
1415 -103.455
1416 -104.427
1417 -104.934
1418 -106.16
1419 -104.661
1420 -106.31
1421 -108.705
1422 -108.513
1423 -109.359
1424 -109.071
1425 -109.986
1426 -111.688
1427 -110.68
1428 -110.661
1429 -111.034
1430 -112.515
1431 -112.09
1432 -113.013
1433 -114.833
1434 -114.102
1435 -114.181
1436 -113.228
1437 -114.875
1438 -115.007
1439 -116.567
1440 -116.842
1441 -116.408
1442 -113.567
1443 -115.508
1444 -113.681
1445 -115.359
1446 -115.836
1447 -116.031
1448 -115.076
1449 -116.711
1450 -115.832
1451 -117.924
1452 -116.331
1453 -117.605
1454 -117.64
1455 -117.25
1456 -116.528
1457 -117.905
1458 -117.189
1459 -116.348
1460 -115.7
1461 -115.196
1462 -113.987
1463 -115.257
1464 -115.946
1465 -115.707
1466 -116.433
1467 -114.478
1468 -117.199
1469 -115.652
1470 -116.755
1471 -116.665
1472 -116.246
1473 -116.457
1474 -117.258
1475 -117.956
1476 -117.681
1477 -118.527
1478 -118.341
1479 -118
1480 -119.29
1481 -118.611
1482 -117.535
1483 -117.596
1484 -117.044
1485 -117.425
1486 -117.016
1487 -117.342
1488 -118.041
1489 -117.777
1490 -118.081
1491 -118.03
1492 -116.747
1493 -117.861
1494 -116.755
1495 -117.553
1496 -118.066
1497 -119.026
1498 -118.049
1499 -118.372
1500 -118.868
1501 -119.004
1502 -119.905
1503 -119.456
1504 -118.808
1505 -118.236
1506 -119.099
1507 -115.651
1508 -115.576
1509 -115.035
1510 -115.339
1511 -115.445
1512 -115.078
1513 -115.823
1514 -115.936
1515 -116.985
1516 -117.008
1517 -115.829
1518 -115.375
1519 -116.158
1520 -115.764
1521 -118.17
1522 -118.765
1523 -118.613
1524 -120.02
1525 -118.742
1526 -119.158
1527 -118.748
1528 -118.99
1529 -117.961
1530 -117.83
1531 -117.615
1532 -118.071
1533 -117.786
1534 -116.161
1535 -120.158
1536 -118.832
1537 -118.352
1538 -117.692
1539 -117.52
1540 -118.023
1541 -117.962
1542 -118.985
1543 -117.941
1544 -119.607
1545 -118.823
1546 -119.704
1547 -119.13
1548 -119.286
1549 -119.12
1550 -118.001
1551 -117.508
1552 -118.293
1553 -116.429
1554 -116.25
1555 -115.249
1556 -115.687
1557 -116.061
1558 -117.872
1559 -116.484
1560 -115.394
1561 -115.691
1562 -116.702
1563 -115.952
1564 -116.23
1565 -117.102
1566 -117.418
1567 -116.685
1568 -118.335
1569 -117.765
1570 -117.612
1571 -118.727
1572 -120.569
1573 -118.759
1574 -118.276
1575 -118.658
1576 -118.807
1577 -118.425
1578 -118.675
1579 -118.361
1580 -116.424
1581 -119.354
1582 -118.396
1583 -118.82
1584 -118.773
1585 -116.885
1586 -117.607
1587 -117.275
1588 -116.844
1589 -115.639
1590 -118.988
1591 -118.085
1592 -117.95
1593 -117.562
1594 -118.875
1595 -117.962
1596 -118.678
1597 -116.376
1598 -118.563
1599 -115.949
1600 -115.593
1601 -115.735
1602 -116.453
1603 -114.964
1604 -114.334
1605 -114.754
1606 -114.73
1607 -115.2
1608 -115.044
1609 -114.647
1610 -115.471
1611 -115.978
1612 -116.312
1613 -116.954
1614 -119.12
1615 -117.697
1616 -117.745
1617 -117.236
1618 -118.487
1619 -116.543
1620 -116.946
1621 -118.544
1622 -116.962
1623 -117.66
1624 -115.656
1625 -115.755
1626 -117.263
1627 -118.711
1628 -117.619
1629 -118.128
1630 -118.133
1631 -116.36
1632 -115.483
1633 -116.828
1634 -117.967
1635 -115.2
1636 -117.923
1637 -118.02
1638 -118
1639 -118.342
1640 -118.685
1641 -116.674
1642 -117.522
1643 -117.135
1644 -116.431
1645 -115.105
1646 -115.931
1647 -115.185
1648 -113.854
1649 -116.449
1650 -114.238
1651 -113.738
1652 -113.376
1653 -113.733
1654 -114.599
1655 -114.613
1656 -114.899
1657 -115.005
1658 -115.453
1659 -116.293
1660 -116.583
1661 -115.695
1662 -115.097
1663 -117.004
1664 -117.285
1665 -116.676
1666 -118.426
1667 -118.18
1668 -117.407
1669 -117.119
1670 -116.292
1671 -117.743
1672 -117.767
1673 -118.062
1674 -116.918
1675 -116.323
1676 -117.214
1677 -117.559
1678 -117.755
1679 -118.141
1680 -118.186
1681 -117.035
1682 -118.213
1683 -118.198
1684 -117.077
1685 -116.857
1686 -117.316
1687 -116.178
1688 -117.735
1689 -117.572
1690 -116.145
1691 -117.328
1692 -115.869
1693 -115.456
1694 -116.079
1695 -113.916
1696 -115.153
1697 -114.593
1698 -114.236
1699 -115.346
1700 -114.888
1701 -112.496
1702 -114.294
1703 -114.322
1704 -114.039
1705 -114.605
1706 -115.528
1707 -116.35
1708 -116.926
1709 -116.737
1710 -116.774
1711 -115.224
1712 -117.905
1713 -115.078
1714 -116.265
1715 -117.342
1716 -116.734
1717 -115.345
1718 -115.905
1719 -115.444
1720 -114.152
1721 -116.314
1722 -116.924
1723 -115.546
1724 -115.035
1725 -114.811
1726 -116.462
1727 -116.516
1728 -116.6
1729 -117.279
1730 -116.438
1731 -115.87
1732 -117.444
1733 -117.351
1734 -116.557
1735 -116.248
1736 -114.794
1737 -115.682
1738 -115.913
1739 -114.769
1740 -114.087
1741 -114.312
1742 -114.585
1743 -113.606
1744 -112.565
1745 -114.012
1746 -115.395
1747 -114.668
1748 -113.746
1749 -113.053
1750 -112.984
1751 -112.72
1752 -116.105
1753 -115.901
1754 -115.519
1755 -116.383
1756 -115.549
1757 -117.325
1758 -115.989
1759 -117.166
1760 -117.038
1761 -117.403
1762 -115.228
1763 -116.559
1764 -114.362
1765 -114.909
1766 -114.45
1767 -114.599
1768 -116.543
1769 -116.799
1770 -116.567
1771 -116.064
1772 -114.616
1773 -114.84
1774 -115.483
1775 -116.321
1776 -116.563
1777 -115.319
1778 -116.26
1779 -114.822
1780 -115.563
1781 -118.375
1782 -117.121
1783 -115.806
1784 -113.541
1785 -114.672
1786 -115.004
1787 -114.039
1788 -112.776
1789 -113.45
1790 -112.877
1791 -112.508
1792 -112.045
1793 -113.563
1794 -112.085
1795 -112.629
1796 -115.122
1797 -112.885
1798 -112.253
1799 -113.242
1800 -114.636
1801 -115.411
1802 -113.822
1803 -116.886
1804 -114.811
1805 -115.886
1806 -117.081
1807 -114.177
1808 -115.255
1809 -115.797
1810 -114.779
1811 -113.708
1812 -114.452
1813 -113.437
1814 -115.396
1815 -114.896
1816 -115.374
1817 -115.431
1818 -114.54
1819 -114.704
1820 -115.059
1821 -115.418
1822 -115.254
1823 -114.565
1824 -116.203
1825 -114.887
1826 -116.431
1827 -116.179
1828 -116.117
1829 -116.849
1830 -117.373
1831 -115.384
1832 -115.452
1833 -113.956
1834 -115.374
1835 -115.751
1836 -113.77
1837 -114.923
1838 -115.324
1839 -114.946
1840 -115.481
1841 -116.283
1842 -115.618
1843 -116.843
1844 -119.676
1845 -119.6
1846 -120.214
1847 -120.204
1848 -120.219
1849 -120.994
1850 -121.099
1851 -122.467
1852 -122.87
1853 -123.609
1854 -125.769
1855 -125.76
1856 -124.558
1857 -125.773
1858 -125.2
1859 -125.508
1860 -125.607
1861 -126.476
1862 -128.359
1863 -130.222
1864 -130.278
1865 -128.605
1866 -129.72
1867 -130.817
1868 -129.468
1869 -130.8
1870 -129.383
1871 -130.648
1872 -127.559
1873 -129.737
1874 -130.443
1875 -130.192
1876 -130.603
1877 -128.825
1878 -127.665
1879 -129.817
1880 -128.144
1881 -128.981
1882 -129.18
1883 -128.842
1884 -127.956
1885 -127.265
1886 -127.31
1887 -127.309
1888 -127.088
1889 -127.058
1890 -125.547
1891 -125.932
1892 -124.393
1893 -126.84
1894 -124.46
1895 -124.084
1896 -124.355
1897 -123.127
1898 -123.07
1899 -122.491
1900 -120.25
1901 -121.147
1902 -122.002
1903 -120.725
1904 -120.069
1905 -121.282
1906 -121.407
1907 -119.529
1908 -119.831
1909 -121.281
1910 -121.917
1911 -119.775
1912 -120.009
1913 -119.151
1914 -120.275
1915 -120.289
1916 -119.384
1917 -119.531
1918 -119.171
1919 -119.291
1920 -118.21
1921 -119.391
1922 -119.097
1923 -120.246
1924 -118.632
1925 -119.583
1926 -118.432
1927 -117.754
1928 -117.823
1929 -118.27
1930 -117.392
1931 -117.858
1932 -118.242
1933 -117.079
1934 -117.242
1935 -118.217
1936 -119.366
1937 -118.012
1938 -119.004
1939 -117.364
1940 -117.77
1941 -118.113
1942 -118.42
1943 -117.242
1944 -117.598
1945 -117.664
1946 -118.238
1947 -116.667
1948 -118.308
1949 -117.158
1950 -116.353
1951 -116.862
1952 -117.48
1953 -116.694
1954 -117.759
1955 -117.167
1956 -117.708
1957 -117.878
1958 -118.746
1959 -116.774
1960 -118.012
1961 -118.123
1962 -116.741
1963 -115.125
1964 -116.921
1965 -115.842
1966 -116.957
1967 -117.702
1968 -117.823
1969 -117.279
1970 -115.708
1971 -118.054
1972 -116.725
1973 -116.63
1974 -117.283
1975 -117.925
1976 -117.55
1977 -117.792
1978 -118.17
1979 -118.723
1980 -119.336
1981 -117.203
1982 -117.452
1983 -118.047
1984 -118.13
1985 -120.852
1986 -122.204
1987 -122.104
1988 -122.651
1989 -122.926
1990 -121.953
1991 -122.45
1992 -122.888
1993 -124.495
1994 -123.334
1995 -124.931
1996 -125.179
1997 -124.627
1998 -127.173
1999 -126.785
2000 -126.79
2001 -126.846
2002 -130.298
2003 -129.738
2004 -130.024
2005 -129.522
2006 -130.684
2007 -131.548
2008 -131.504
2009 -133.358
2010 -134.42
2011 -132.253
2012 -134.577
2013 -135.532
2014 -136.629
2015 -134.826
2016 -137.223
2017 -136.294
2018 -136.998
2019 -137.273
2020 -137.932
2021 -136.214
2022 -137.198
2023 -137.097
2024 -137.406
2025 -137.507
2026 -136.846
2027 -136.758
2028 -136.378
2029 -136.314
2030 -135.865
2031 -136.788
2032 -136.026
2033 -134.185
2034 -135.368
2035 -134.821
2036 -134.147
2037 -133.686
2038 -133.384
2039 -132.697
2040 -133.971
2041 -131.459
2042 -130.149
2043 -131.541
2044 -131.732
2045 -130.586
2046 -130.762
2047 -130.482
2048 -129.043
2049 -127.989
2050 -126.417
2051 -126.663
2052 -126.715
2053 -127.399
2054 -125.981
2055 -126.079
2056 -125.638
2057 -126.682
2058 -126.957
2059 -125.317
2060 -127.173
2061 -123.33
2062 -125.152
2063 -126.867
2064 -125.449
2065 -124.775
2066 -123.24
2067 -125.46
2068 -124.314
2069 -125.634
2070 -126.247
2071 -125.371
2072 -126.524
2073 -126.265
2074 -125.922
2075 -125.517
2076 -126.415
2077 -127.418
2078 -126.667
2079 -126.473
2080 -126.833
2081 -126.115
2082 -125.955
2083 -127.451
2084 -126.45
2085 -124.855
2086 -126.22
2087 -125.363
2088 -123.34
2089 -124.705
2090 -124.839
2091 -123.149
2092 -125.527
2093 -125.04
2094 -124.466
2095 -125.568
2096 -125.422
2097 -124.808
2098 -123.312
2099 -123.469
2100 -124.177
2101 -124.45
2102 -123.005
2103 -123.954
2104 -123.983
2105 -125.729
2106 -123.626
2107 -123.42
2108 -122.535
2109 -122.724
2110 -123.022
2111 -121.594
2112 -124.05
2113 -122.985
2114 -124.242
2115 -123.903
2116 -123.662
2117 -124.842
2118 -125.29
2119 -125.29
2120 -125.382
2121 -125.189
2122 -126.655
2123 -123.902
2124 -125.37
2125 -125.453
2126 -125.169
2127 -125.161
2128 -125.255
2129 -125.709
2130 -125.907
2131 -125.096
2132 -125.681
2133 -125.454
2134 -125.195
2135 -123.458
2136 -125.129
2137 -125.979
2138 -125.686
2139 -124.88
2140 -125.273
2141 -124.76
2142 -125.431
2143 -126.03
2144 -125.429
2145 -124.77
2146 -123.513
2147 -125.047
2148 -123.774
2149 -124.039
2150 -122.778
2151 -125.176
2152 -125.026
2153 -124.843
2154 -122.916
2155 -124.417
2156 -124.217
2157 -123.374
2158 -124.173
2159 -123.219
2160 -123.624
2161 -123.482
2162 -124.085
2163 -124.085
2164 -125.227
2165 -125.435
2166 -125.6
2167 -126.771
2168 -126.297
2169 -125.303
2170 -125.092
2171 -126.589
2172 -127.223
2173 -127.053
2174 -127.66
2175 -127.107
2176 -125.623
2177 -127.083
2178 -127.852
2179 -128.728
2180 -126.262
2181 -126.026
2182 -125.55
2183 -124.768
2184 -126.143
2185 -125.769
2186 -126.99
2187 -124.68
2188 -126.241
2189 -126.466
2190 -124.881
2191 -126.724
2192 -125.892
2193 -125.85
2194 -124.606
2195 -124.353
2196 -123.584
2197 -124.439
2198 -124.046
2199 -124.474
2200 -125.75
2201 -125.715
2202 -125.67
2203 -125.886
2204 -123.756
2205 -125.947
2206 -124.432
2207 -124.635
2208 -123.863
2209 -124.66
2210 -125.859
2211 -125.971
2212 -127.085
2213 -126.49
2214 -126.559
2215 -126.037
2216 -125.897
2217 -127.722
2218 -127.165
2219 -127.397
2220 -127.469
2221 -126.473
2222 -129.069
2223 -128.11
2224 -127.935
2225 -129.107
2226 -128.577
2227 -127.425
2228 -126.274
2229 -127.226
2230 -127.148
2231 -125.101
2232 -125.839
2233 -125.79
2234 -125.732
2235 -126.591
2236 -126.666
2237 -126.545
2238 -126.801
2239 -126.649
2240 -126.323
2241 -126.222
2242 -126.579
2243 -125.228
2244 -125.73
2245 -125.471
2246 -125.344
2247 -126.32
2248 -125.208
2249 -125.34
2250 -126.047
2251 -125.003
2252 -124.431
2253 -124.196
2254 -124.584
2255 -123.33
2256 -126.096
2257 -126.134
2258 -126.414
2259 -126.243
2260 -127.2
2261 -127.055
2262 -127.541
2263 -126.957
2264 -126.666
2265 -127.245
2266 -127.203
2267 -126.939
2268 -128.539
2269 -128.944
2270 -128.707
2271 -128.754
2272 -128.178
2273 -128.435
2274 -128.844
2275 -127.376
2276 -128.941
2277 -126.768
2278 -126.973
2279 -127.138
2280 -125.376
2281 -127.455
2282 -125.877
2283 -125.811
2284 -129.274
2285 -126.99
2286 -124.605
2287 -126.342
2288 -127.503
2289 -125.312
2290 -126.118
2291 -127.213
2292 -126.753
2293 -126.389
2294 -128.444
2295 -126.39
2296 -126.753
2297 -126.256
2298 -124.827
2299 -125.821
2300 -126.32
2301 -124.595
2302 -126.922
2303 -126.444
2304 -126.747
2305 -127.223
2306 -127.469
2307 -126.269
2308 -127.602
2309 -128.11
2310 -128.667
2311 -126.965
2312 -126.965
2313 -128.264
2314 -128.015
2315 -127.691
2316 -129.156
2317 -129.055
2318 -128.206
2319 -129.719
2320 -128.563
2321 -128.449
2322 -127.811
2323 -127.911
2324 -128.365
2325 -129.14
2326 -127.552
2327 -127.895
2328 -127.564
2329 -128.737
2330 -127.752
2331 -129.261
2332 -126.62
2333 -125.645
2334 -126.798
2335 -127.185
2336 -125.819
2337 -125.841
2338 -127.36
2339 -127.305
2340 -126.306
2341 -126.157
2342 -126.511
2343 -127.082
2344 -125.459
2345 -125.499
2346 -127.256
2347 -125.593
2348 -125.665
2349 -124.339
2350 -126.854
2351 -127.358
2352 -127.718
2353 -128.716
2354 -128.015
2355 -129.854
2356 -130.026
2357 -128.35
2358 -129.01
2359 -129.069
2360 -126.935
2361 -128.641
2362 -127.855
2363 -129.249
2364 -129.827
2365 -128.726
2366 -128.888
2367 -127.988
2368 -128.27
2369 -129.596
2370 -127.786
2371 -128.065
2372 -125.442
2373 -127.317
2374 -126.028
2375 -128.149
2376 -129.114
2377 -129.332
2378 -127.741
2379 -128.748
2380 -127.288
2381 -127.474
2382 -127.201
2383 -126.496
2384 -126.934
2385 -126.723
2386 -128.153
2387 -126.476
2388 -127.133
2389 -126.992
2390 -127.917
2391 -125.232
2392 -127.458
2393 -125.449
2394 -126.449
2395 -125.621
2396 -126.216
2397 -126.614
2398 -127.431
2399 -128.228
2400 -129.19
2401 -129.23
2402 -128.429
2403 -128.665
2404 -126.117
2405 -126.954
2406 -126.417
2407 -128.32
2408 -128.207
2409 -130.301
2410 -129.839
2411 -130.174
2412 -129.705
2413 -128.624
2414 -128.804
2415 -128.549
2416 -129.349
2417 -127.534
2418 -127.397
2419 -126.6
2420 -128.717
2421 -128.148
2422 -130.394
2423 -128.824
2424 -127.931
2425 -127.608
2426 -127.672
2427 -127.14
2428 -127.705
2429 -127.312
2430 -126.844
2431 -127.515
2432 -127.693
2433 -129.019
2434 -127.483
2435 -127.536
2436 -126.636
2437 -127.709
2438 -125.549
2439 -125.635
2440 -126.959
2441 -125.558
2442 -126.923
2443 -127.28
2444 -129.223
2445 -127.845
2446 -126.582
2447 -126.942
2448 -126.209
2449 -125.906
2450 -127.523
2451 -126.306
2452 -126.502
2453 -126.887
2454 -125.865
2455 -126.306
2456 -125.312
2457 -126.946
2458 -126.55
2459 -124.989
2460 -124.588
2461 -125.101
2462 -124.628
2463 -121.948
2464 -120.789
2465 -121.642
2466 -122.245
2467 -121.673
2468 -122.64
2469 -121.097
2470 -119.002
2471 -119.473
2472 -117.797
2473 -117.559
2474 -117.007
2475 -117.544
2476 -115.096
2477 -114.739
2478 -113.426
2479 -113.443
2480 -114.156
2481 -113.49
2482 -112.772
2483 -113.923
2484 -113.552
2485 -112.616
2486 -113.369
2487 -112.078
2488 -112.08
2489 -113.046
2490 -110.869
2491 -112.365
2492 -112.807
2493 -111.442
2494 -113.27
2495 -112.635
2496 -112.49
2497 -111.871
2498 -113.729
2499 -114.8
2500 -113.973
2501 -113.443
2502 -114.257
2503 -115.738
2504 -114.455
2505 -115.436
2506 -115.602
2507 -117.078
2508 -115.877
2509 -115.468
2510 -117.559
2511 -117.31
2512 -118.226
2513 -119.324
2514 -117.18
2515 -120.626
2516 -119.479
2517 -120.833
2518 -119.873
2519 -120.933
2520 -121.569
2521 -120.759
2522 -120.345
2523 -119.309
2524 -120.582
2525 -122.197
2526 -121.806
2527 -121.382
2528 -122.561
2529 -122.946
2530 -122.178
2531 -121.253
2532 -121.935
2533 -122.69
2534 -121.567
2535 -122.82
2536 -123.989
2537 -123.012
2538 -123.216
2539 -123.459
2540 -123.274
2541 -123.719
2542 -123.586
2543 -123.042
2544 -124.292
2545 -125.798
2546 -123.123
2547 -122.514
2548 -121.865
2549 -122.567
2550 -123.219
2551 -124.007
2552 -124.444
2553 -123.135
2554 -124.842
2555 -124.487
2556 -122.77
2557 -124.397
2558 -124.449
2559 -124.58
2560 -123.35
2561 -123.624
2562 -125.41
2563 -124.535
2564 -124.853
2565 -125.199
2566 -126.655
2567 -125.103
2568 -124.569
2569 -123.938
2570 -124.021
2571 -124.249
2572 -123.666
2573 -123.007
2574 -124.535
2575 -124.221
2576 -124.117
2577 -123.091
2578 -124.698
2579 -125.336
2580 -122.666
2581 -125.869
2582 -124.89
2583 -125.72
2584 -124.187
2585 -125.214
2586 -125.482
2587 -123.65
2588 -123.883
2589 -124.923
2590 -124.806
2591 -124.784
2592 -124.668
2593 -125.146
2594 -123.178
2595 -123.865
2596 -123.977
2597 -122.212
2598 -121.726
2599 -122.567
2600 -121.924
2601 -123.061
2602 -120.132
2603 -119.398
2604 -119.392
2605 -118.498
2606 -117.494
2607 -117.093
2608 -117.686
2609 -115.599
2610 -115.541
2611 -115.36
2612 -115.527
2613 -114.876
2614 -113.588
2615 -113.89
2616 -113.29
2617 -112.762
2618 -113.089
2619 -110.66
2620 -112.531
2621 -110.715
2622 -110.555
2623 -109.918
2624 -109.859
2625 -108.596
2626 -106.252
2627 -107.922
2628 -106.467
2629 -106.461
2630 -105.571
2631 -105.808
2632 -102.792
2633 -106.311
2634 -104.585
2635 -102.989
2636 -104.379
2637 -104.312
2638 -102.975
2639 -101.868
2640 -104.495
2641 -104.582
2642 -104.866
2643 -103.896
2644 -104.747
2645 -105.016
2646 -102.548
2647 -105.081
2648 -105.391
2649 -106.751
2650 -105.559
2651 -105.796
2652 -106.365
2653 -107.285
2654 -108.547
2655 -108.779
2656 -111.345
2657 -111.143
2658 -110.199
2659 -111.4
2660 -110.413
2661 -111.661
2662 -112.931
2663 -112.524
2664 -114.133
2665 -114.264
2666 -113.375
2667 -114.764
2668 -114.557
2669 -114.592
2670 -114.209
2671 -117.052
2672 -115.009
2673 -115.597
2674 -117.141
2675 -116.945
2676 -116.174
2677 -114.186
2678 -117.127
2679 -116.121
2680 -117.215
2681 -116.153
2682 -117.509
2683 -118.678
2684 -119.244
2685 -116.922
2686 -117.429
2687 -117.687
2688 -117.839
2689 -116.399
2690 -115.768
2691 -115.927
2692 -116.476
2693 -114.708
2694 -115.853
2695 -116.065
2696 -116.521
2697 -114.541
2698 -115.311
2699 -115.738
2700 -116.04
2701 -115.794
2702 -116.887
2703 -116.881
2704 -116.717
2705 -116.772
2706 -118.151
2707 -117.209
2708 -118.928
2709 -118.558
2710 -118.79
2711 -119.178
2712 -118.285
2713 -119.891
2714 -118.802
2715 -118.297
2716 -118.591
2717 -119.032
2718 -118.272
2719 -119.057
2720 -118.582
2721 -117.911
2722 -118.521
2723 -117.159
2724 -117.923
2725 -117.944
2726 -119.58
2727 -116.579
2728 -117.002
2729 -118.13
2730 -118.597
2731 -119.346
2732 -119.576
2733 -120.351
2734 -118.607
2735 -118.855
2736 -116.205
2737 -117.111
2738 -115.661
2739 -116.038
2740 -116.13
2741 -117.354
2742 -115.926
2743 -116.394
2744 -115.313
2745 -116.718
2746 -116.847
2747 -115.853
2748 -114.569
2749 -116.078
2750 -116.353
2751 -118.351
2752 -118.181
2753 -119.029
2754 -116.958
2755 -118.075
2756 -118.249
2757 -119.438
2758 -119.687
2759 -117.942
2760 -117.912
2761 -117.047
2762 -118.936
2763 -116.403
2764 -118.21
2765 -117.823
2766 -119.261
2767 -117.013
2768 -120.07
2769 -118.464
2770 -116.823
2771 -118.931
2772 -118.566
2773 -117.336
2774 -117.217
2775 -118.053
2776 -118.806
2777 -118.168
2778 -118.236
2779 -117.592
2780 -117.342
2781 -117.71
2782 -117.815
2783 -116.727
2784 -116.484
2785 -116.741
2786 -117.327
2787 -115.933
2788 -115.893
2789 -116.216
2790 -114.431
2791 -114.771
2792 -114.551
2793 -113.56
2794 -115.977
2795 -116.238
2796 -116.21
2797 -116.05
2798 -117.741
2799 -119.747
2800 -116.95
2801 -118.609
2802 -118.779
2803 -119.566
2804 -117.631
2805 -118.655
2806 -118.113
2807 -116.787
2808 -117.782
2809 -116.936
2810 -117.323
2811 -118.272
2812 -117.285
2813 -118.024
2814 -118.324
2815 -118.39
2816 -116.683
2817 -117.888
2818 -116.815
2819 -117.216
2820 -116.203
2821 -117.6
2822 -118.687
2823 -117.824
2824 -118.864
2825 -118.26
2826 -116.986
2827 -119.176
2828 -116.09
2829 -117.338
2830 -116.199
2831 -115.869
2832 -116.138
2833 -114.801
2834 -114.069
2835 -116.444
2836 -115.092
2837 -114.362
2838 -114.664
2839 -116.448
2840 -115.369
2841 -114.833
2842 -115.663
2843 -115.823
2844 -117.977
2845 -116.691
2846 -117.264
2847 -118.184
2848 -119.166
2849 -119.467
2850 -119.67
2851 -117.635
2852 -117.002
2853 -115.309
2854 -117.606
2855 -118.546
2856 -116.48
2857 -117.561
2858 -117.067
2859 -117.923
2860 -116.934
2861 -116.901
2862 -118.597
2863 -117.549
2864 -118.201
2865 -117.474
2866 -118.103
2867 -116.758
2868 -119.214
2869 -117.79
2870 -118.724
2871 -119.426
2872 -119.444
2873 -117.336
2874 -116.678
2875 -117.03
2876 -115.231
2877 -115.851
2878 -114.661
2879 -115.781
2880 -114.422
2881 -114.924
2882 -115.589
2883 -114.318
2884 -113.565
2885 -113.991
2886 -114.198
2887 -115.544
2888 -115.225
2889 -115.073
2890 -116.036
2891 -118
2892 -116.299
2893 -117.255
2894 -118.546
2895 -118.226
2896 -116.962
2897 -118.253
2898 -117.791
2899 -116.887
2900 -117.584
2901 -116.386
2902 -116.528
2903 -116.654
2904 -118.663
2905 -117.174
2906 -116.8
2907 -116.878
2908 -118.148
2909 -116.874
2910 -115.5
2911 -116.637
2912 -117.265
2913 -116.364
2914 -117.807
2915 -116.422
2916 -117.107
2917 -118.329
2918 -115.836
2919 -118.228
2920 -116.778
2921 -115.907
2922 -116.638
2923 -115.505
2924 -116.644
2925 -117.104
2926 -116.791
2927 -115.343
2928 -113.615
2929 -114.884
2930 -114.241
2931 -113.73
2932 -114.263
2933 -114.035
2934 -114.451
2935 -114.568
2936 -115.559
2937 -114.268
2938 -114.658
2939 -115.935
2940 -116.116
2941 -116.595
2942 -116.71
2943 -119.621
2944 -117.623
2945 -116.893
2946 -117.461
2947 -116.274
2948 -116.085
2949 -114.684
2950 -114.279
2951 -116.806
2952 -116.723
2953 -117.213
2954 -116.753
2955 -116.759
2956 -115.535
2957 -115.544
2958 -115.576
2959 -114.832
2960 -116.973
2961 -115.592
2962 -116.933
2963 -116.714
2964 -117.052
2965 -117.733
2966 -117.255
2967 -116.995
2968 -115.124
2969 -114.21
2970 -114.95
2971 -114.686
2972 -114.701
2973 -114.199
2974 -113.252
2975 -113.364
2976 -113.344
2977 -112.828
2978 -114.091
2979 -112.829
2980 -113.694
2981 -114.996
2982 -115.268
2983 -115.753
2984 -115.505
2985 -114.6
2986 -114.933
2987 -115.207
2988 -113.929
2989 -115.589
2990 -116.055
2991 -114.336
2992 -116.835
2993 -117.096
2994 -115.962
2995 -115.324
2996 -115.062
2997 -115.353
2998 -113.59
2999 -115.939
3000 -116.277
3001 -115.941
3002 -115.94
3003 -114.294
3004 -115.256
3005 -115.499
3006 -115.022
3007 -116.035
3008 -115.961
3009 -115.435
3010 -116.369
3011 -116.106
3012 -116.206
3013 -117.629
3014 -114.327
3015 -113.925
3016 -115.832
3017 -114.663
3018 -114.103
3019 -112.133
3020 -113.445
3021 -114.222
3022 -113.173
3023 -113.363
3024 -113.438
3025 -114.265
3026 -114.777
3027 -112.819
3028 -112.745
3029 -113.337
3030 -113.979
3031 -115.305
3032 -116.321
3033 -115.499
3034 -115.153
3035 -116.035
3036 -116.757
3037 -116.391
3038 -115.695
3039 -115.559
3040 -116.922
3041 -116.598
3042 -115.766
3043 -114.389
3044 -116.012
3045 -115.159
3046 -115.061
3047 -117.402
3048 -115.455
3049 -114.33
3050 -115.72
3051 -116.178
3052 -115.676
3053 -115.894
3054 -115.696
3055 -114.318
3056 -115.545
3057 -115.392
3058 -116.972
3059 -117.011
3060 -116.416
3061 -115.687
3062 -115.922
3063 -114.701
3064 -114.549
3065 -114.224
3066 -115.073
3067 -113.962
3068 -113.674
3069 -115.71
3070 -116.366
3071 -115.871
3072 -117.2
3073 -116.743
3074 -119.261
3075 -118.428
3076 -118.346
3077 -118.21
3078 -119.644
3079 -121.376
3080 -120.886
3081 -121.684
3082 -122.808
3083 -122.43
3084 -123.56
3085 -123.741
3086 -124.16
3087 -124.728
3088 -126.095
3089 -125.429
3090 -126.824
3091 -127.034
3092 -126.038
3093 -127.138
3094 -129.02
3095 -130.61
3096 -128.884
3097 -129.618
3098 -130.342
3099 -128.401
3100 -130.46
3101 -130.811
3102 -128.951
3103 -129.643
3104 -130.541
3105 -130.63
3106 -129.253
3107 -130.971
3108 -129.354
3109 -127.379
3110 -127.729
3111 -128.861
3112 -128.01
3113 -129.351
3114 -127.899
3115 -128.124
3116 -128.463
3117 -129.522
3118 -127.917
3119 -126.448
3120 -126.564
3121 -126.734
3122 -127.933
3123 -126.155
3124 -124.729
3125 -124.187
3126 -124.396
3127 -126.589
3128 -124.096
3129 -121.93
3130 -121.2
3131 -120.659
3132 -121.842
3133 -121.265
3134 -120.736
3135 -121.83
3136 -122.15
3137 -121.698
3138 -120.279
3139 -120.393
3140 -121.905
3141 -120.536
3142 -118.661
3143 -120.374
3144 -119.148
3145 -120.176
3146 -118.139
3147 -119
3148 -119.709
3149 -118.944
3150 -119.292
3151 -117.949
3152 -118.909
3153 -119.035
3154 -118.956
3155 -119.543
3156 -117.936
3157 -118.657
3158 -118.55
3159 -119.499
3160 -118.103
3161 -118.01
3162 -118.644
3163 -117.343
3164 -118.281
3165 -118.384
3166 -117.677
3167 -117.955
3168 -118.381
3169 -117.228
3170 -115.963
3171 -117.979
3172 -117.632
3173 -117.517
3174 -117.306
3175 -117.842
3176 -118.792
3177 -118.143
3178 -117.165
3179 -116.343
3180 -118.269
3181 -117.311
3182 -118.565
3183 -118.239
3184 -117.47
3185 -117.381
3186 -117.844
3187 -118.246
3188 -116.782
3189 -116.73
3190 -117.592
3191 -117.711
3192 -116.97
3193 -117.604
3194 -116.874
3195 -117.03
3196 -117.97
3197 -117.463
3198 -117.556
3199 -117.621
3200 -117.708
3201 -116.979
3202 -116.982
3203 -116.833
3204 -117.062
3205 -117.131
3206 -117.129
3207 -116.907
3208 -117.537
3209 -116.771
3210 -115.424
3211 -115.969
3212 -116.359
3213 -116.735
3214 -116.674
3215 -116.887
3216 -117.812
3217 -116.499
3218 -116.975
3219 -117.852
3220 -117.071
3221 -116.213
3222 -117.643
3223 -118.096
3224 -117.022
3225 -117.07
3226 -118.01
3227 -117.81
3228 -117.395
3229 -116.939
3230 -117.558
3231 -116.623
3232 -118.915
3233 -117.002
3234 -115.858
3235 -117.31
3236 -118.145
3237 -118.364
3238 -117.501
3239 -117.388
3240 -117.223
3241 -115.702
3242 -120.44
3243 -118.494
3244 -116.941
3245 -118.298
3246 -116.555
3247 -119.262
3248 -118.927
3249 -116.194
3250 -117.139
3251 -117.25
3252 -116.237
3253 -116.59
3254 -119.204
3255 -118.251
3256 -117.413
3257 -117.749
3258 -118.28
3259 -116.744
3260 -116.933
3261 -117.131
3262 -117.246
3263 -116.244
3264 -117.375
3265 -117.597
3266 -117.261
3267 -117.954
3268 -117.61
3269 -118.179
3270 -118.649
3271 -117.395
3272 -117.299
3273 -119.637
3274 -117.211
3275 -117.467
3276 -118.011
3277 -117.596
3278 -118.502
3279 -117.468
3280 -118.529
3281 -118.352
3282 -116.131
3283 -117.569
3284 -116.97
3285 -117.56
3286 -117.889
3287 -116.455
3288 -117.079
3289 -116.097
3290 -115.429
3291 -118.666
3292 -117.524
3293 -118.226
3294 -116.909
3295 -118.263
3296 -116.22
3297 -117.027
3298 -118.431
3299 -118.888
3300 -117.953
3301 -117.55
3302 -118.386
3303 -116.472
3304 -117.013
3305 -118.265
3306 -116.54
3307 -117.52
3308 -116.967
3309 -118.345
3310 -117.252
3311 -116.921
3312 -118.214
3313 -116.802
3314 -116.638
3315 -118.387
3316 -117.485
3317 -117.61
3318 -117.933
3319 -117.038
3320 -117.339
3321 -116.493
3322 -117.967
3323 -119.001
3324 -117.983
3325 -117.187
3326 -116.895
3327 -116.707
3328 -116.361
3329 -117.024
3330 -116.136
3331 -116.083
3332 -117.532
3333 -117.836
3334 -118.264
3335 -116.405
3336 -118.53
3337 -116.341
3338 -117.353
3339 -116.91
3340 -117.571
3341 -116.046
3342 -118.023
3343 -118.338
3344 -116.573
3345 -117.949
3346 -117.363
3347 -116.651
3348 -117.34
3349 -117.33
3350 -116.808
3351 -116.966
3352 -116.917
3353 -118.611
3354 -118.22
3355 -118.638
3356 -117.159
3357 -116.199
3358 -118.328
3359 -117.432
3360 -116.755
3361 -117.799
3362 -117.843
3363 -118.116
3364 -116.544
3365 -118.496
3366 -117.228
3367 -118.654
3368 -118.106
3369 -117.854
3370 -117.593
3371 -118.058
3372 -117.569
3373 -117.28
3374 -116.955
3375 -116.464
3376 -117.836
3377 -117.778
3378 -117.324
3379 -118.256
3380 -118.513
3381 -118.71
3382 -118.412
3383 -117.375
3384 -116.59
3385 -117.186
3386 -118.359
3387 -116.885
3388 -117.177
3389 -116.405
3390 -116.471
3391 -116.813
3392 -118.682
3393 -116.708
3394 -117.593
3395 -117.304
3396 -117.675
3397 -117.075
3398 -115.939
3399 -117.582
