0 -113.791
1 -113.549
2 -113.992
3 -114.545
4 -115.647
5 -114.695
6 -114.568
7 -114.589
8 -114.722
9 -114.225
10 -113.434
11 -113.687
12 -112.686
13 -113.42
14 -115.661
15 -114.376
16 -114.961
17 -113.482
18 -113.055
19 -113.633
20 -112.718
21 -113.608
22 -114.893
23 -114.683
24 -115.549
25 -113.45
26 -115.518
27 -115.444
28 -114.006
29 -115.616
30 -114.255
31 -115.17
32 -115.522
33 -113.602
34 -116.616
35 -118.041
36 -117.331
37 -117.53
38 -118.775
39 -119.822
40 -119.834
41 -120.413
42 -120.782
43 -120.477
44 -122.341
45 -121.277
46 -123.407
47 -122.891
48 -123.095
49 -124.086
50 -126.381
51 -126.368
52 -126.52
53 -128.295
54 -127.774
55 -127.657
56 -128.542
57 -128.379
58 -129.207
59 -129.655
60 -130.842
61 -132.044
62 -132.069
63 -131.24
64 -133.258
65 -133.438
66 -132.655
67 -132.882
68 -134.188
69 -134.047
70 -134.994
71 -134.751
72 -135.211
73 -133.049
74 -133.418
75 -133.273
76 -133.119
77 -132.469
78 -132.585
79 -132.89
80 -132.395
81 -131.761
82 -131.561
83 -130.894
84 -131.393
85 -129.386
86 -129.714
87 -130.636
88 -129.487
89 -129.799
90 -127.474
91 -128.146
92 -126.382
93 -126.106
94 -125.961
95 -124.53
96 -123.644
97 -127.078
98 -124.587
99 -123.815
100 -122.509
101 -122.458
102 -123.185
103 -124.548
104 -124.645
105 -123.084
106 -122.547
107 -124.133
108 -121.63
109 -121.057
110 -120.979
111 -121.86
112 -122.02
113 -123.768
114 -122.713
115 -123.877
116 -124.323
117 -123.544
118 -123.106
119 -123.273
120 -122.555
121 -122.864
122 -124.166
123 -123.357
124 -123.197
125 -124.164
126 -123.619
127 -123.936
128 -122.467
129 -123.305
130 -121.404
131 -122.382
132 -122.146
133 -121.583
134 -121.014
135 -121.347
136 -122.376
137 -122.485
138 -121.733
139 -121.763
140 -121.775
141 -121.295
142 -119.067
143 -120.713
144 -119.499
145 -120.227
146 -122.254
147 -121.427
148 -121.753
149 -119.348
150 -121.002
151 -119.575
152 -121.814
153 -120.679
154 -120.748
155 -121.769
156 -121.124
157 -122.72
158 -122.438
159 -122.83
160 -121.682
161 -123.703
162 -122.891
163 -123.329
164 -121.592
165 -122.354
166 -122.743
167 -124.26
168 -123.045
169 -123.954
170 -123.038
171 -125.307
172 -123.177
173 -123.328
174 -123.76
175 -122.153
176 -122.078
177 -122.034
178 -124.248
179 -122.786
180 -122.103
181 -122.469
182 -121.182
183 -120.292
184 -119.103
185 -120.253
186 -121.006
187 -121.036
188 -121.272
189 -120.147
190 -121.261
191 -122.081
192 -119.139
193 -120.002
194 -120.496
195 -120.693
196 -120.378
197 -120.631
198 -122.004
199 -123.24
200 -121.792
201 -123.276
202 -122.158
203 -121.605
204 -121.719
205 -121.702
206 -121.64
207 -121.264
208 -123.531
209 -123.842
210 -123.944
211 -123.105
212 -123.165
213 -122.931
214 -123.363
215 -123.125
216 -121.607
217 -121.277
218 -123.4
219 -122.498
220 -123.408
221 -124.725
222 -123.183
223 -121.567
224 -120.606
225 -119.791
226 -121.704
227 -121.009
228 -118.723
229 -119.876
230 -120.016
231 -121.316
232 -121.685
233 -121.626
234 -120.587
235 -121.331
236 -120.013
237 -121.019
238 -119.654
239 -121.696
240 -121.713
241 -123.038
242 -121.888
243 -122.028
244 -122.675
245 -122.82
246 -121.802
247 -123.16
248 -122.806
249 -121.99
250 -122.133
251 -123.552
252 -122.998
253 -122.397
254 -122.745
255 -123.759
256 -123.498
257 -121.937
258 -122.378
259 -123.09
260 -121.65
261 -121.458
262 -123.105
263 -123.713
264 -122.563
265 -122.699
266 -122.461
267 -121.602
268 -122.164
269 -119.714
270 -119.91
271 -121.112
272 -120.411
273 -120.99
274 -121.132
275 -121.116
276 -120.886
277 -121.552
278 -119.458
279 -119.874
280 -120.622
281 -121.133
282 -121.714
283 -121.883
284 -122.862
285 -122.919
286 -123.696
287 -122.341
288 -121.942
289 -122.223
290 -123.562
291 -122.176
292 -123.725
293 -124.32
294 -123.002
295 -122.97
296 -123.168
297 -123.937
298 -123.404
299 -122.887
300 -122.198
301 -123.121
302 -121.598
303 -120.658
304 -123.179
305 -122.605
306 -123.606
307 -122.874
308 -122.607
309 -120.562
310 -119.526
311 -118.887
312 -119.477
313 -120.671
314 -119.342
315 -117.288
316 -118.71
317 -117.726
318 -117.986
319 -118.265
320 -117.51
321 -114.797
322 -114.976
323 -115.809
324 -114.517
325 -115.837
326 -117.11
327 -114.273
328 -114.805
329 -113.598
330 -113.434
331 -113.504
332 -113.466
333 -112.14
334 -111.922
335 -110.946
336 -110.782
337 -110.638
338 -110.522
339 -109.812
340 -109.776
341 -109.407
342 -108.914
343 -110.044
344 -107.729
345 -108.562
346 -107.052
347 -108.213
348 -109.255
349 -108.054
350 -107.91
351 -109.2
352 -108.038
353 -108.541
354 -107.433
355 -109.232
356 -110.102
357 -110.645
358 -109.357
359 -110.62
360 -107.904
361 -110.016
362 -111.274
363 -109.256
364 -110.063
365 -110.42
366 -111.903
367 -111.465
368 -113.01
369 -112.897
370 -114.751
371 -112.571
372 -115.194
373 -114.562
374 -113.996
375 -114.675
376 -115.621
377 -115.297
378 -115.777
379 -115.832
380 -115.714
381 -117.002
382 -116.23
383 -116.713
384 -117.085
385 -117.438
386 -117.14
387 -115.328
388 -116.965
389 -115.76
390 -116.081
391 -116.3
392 -117.423
393 -117.861
394 -116.965
395 -117.774
396 -116.987
397 -117.009
398 -117.761
399 -117.627
400 -115.981
401 -119.183
402 -116.627
403 -117.505
404 -117.059
405 -118.217
406 -118.263
407 -116.919
408 -116.292
409 -117.325
410 -116.042
411 -117.967
412 -117.46
413 -118.87
414 -117.359
415 -117.573
416 -117.337
417 -116.809
418 -117.532
419 -117.216
420 -117.407
421 -118.867
422 -118.413
423 -117.46
424 -117.948
425 -117.109
426 -117.553
427 -117.615
428 -118.104
429 -116.588
430 -118.367
431 -117.622
432 -117.593
433 -117.373
434 -118.537
435 -117.875
436 -120.835
437 -118.362
438 -116.918
439 -117.427
440 -117.523
441 -117.677
442 -117.359
443 -117.033
444 -116.897
445 -116.655
446 -117.371
447 -116.073
448 -114.875
449 -114.492
450 -113.32
451 -111.1
452 -112.326
453 -111.69
454 -111.283
455 -112.696
456 -111.305
457 -107.576
458 -108.93
459 -109.402
460 -109.087
461 -109.075
462 -107.319
463 -107.174
464 -106.578
465 -105.071
466 -106.002
467 -106.287
468 -103.057
469 -104.082
470 -104.002
471 -102.03
472 -101.206
473 -102.006
474 -99.7986
475 -99.5802
476 -99.1425
477 -99.3217
478 -99.5517
479 -98.7744
480 -99.1303
481 -98.6372
482 -100.701
483 -98.1108
484 -98.8491
485 -99.7029
486 -98.8183
487 -100.504
488 -99.051
489 -99.1847
490 -99.067
491 -100.386
492 -100.162
493 -100.167
494 -100.6
495 -101.118
496 -101.978
497 -103.459
498 -103.441
499 -105.171
500 -104.809
501 -104.273
502 -104.711
503 -107.001
504 -105.552
505 -105.982
506 -106.205
507 -105.569
508 -105.686
509 -106.269
510 -107.346
511 -106.365
512 -107.472
513 -105.17
514 -107.499
515 -104.895
516 -105.546
517 -107.238
518 -105.481
519 -105.991
520 -107.383
521 -108.143
522 -110.357
523 -107.756
524 -108.532
525 -111.005
526 -108.7
527 -111.061
528 -111.277
529 -111.248
530 -110.248
531 -109.181
532 -109.142
533 -109.698
534 -110.543
535 -111.015
536 -110.618
537 -111.46
538 -111.235
539 -110.644
540 -109.483
541 -111.444
542 -109.52
543 -110.745
544 -110.81
545 -109.929
546 -111.64
547 -110.844
548 -111.147
549 -111.014
550 -111.017
551 -109.4
552 -111.087
553 -108.499
554 -108.483
555 -108.946
556 -108.984
557 -108.622
558 -107.529
559 -106.533
560 -107.68
561 -107.078
562 -107.605
563 -109.98
564 -110.581
565 -109.79
566 -110.194
567 -111.406
568 -110.884
569 -112.498
570 -111.296
571 -111.404
572 -111.654
573 -111.213
574 -111.202
575 -110.62
576 -110.066
577 -110.671
578 -110.767
579 -110.189
580 -111.507
581 -111.292
582 -111.008
583 -111.601
584 -111.265
585 -112.529
586 -110.492
587 -111.006
588 -112.544
589 -110.825
590 -112.229
591 -110.983
592 -110.939
593 -110.494
594 -109.704
595 -109.084
596 -109.291
597 -109.771
598 -108.524
599 -108.408
600 -107.866
601 -108.95
602 -108.905
603 -109.293
604 -108.274
605 -109.058
606 -108.783
607 -109.67
608 -110.041
609 -110.33
610 -110.18
611 -111.796
612 -111.398
613 -111.846
614 -111.366
615 -112.609
616 -110.787
617 -111.019
618 -110.895
619 -110.138
620 -110.353
621 -108.372
622 -109.679
623 -109.701
624 -111.187
625 -110.861
626 -108.623
627 -110.06
628 -110.968
629 -112.358
630 -110.677
631 -111.368
632 -112.094
633 -110.672
634 -110.631
635 -108.989
636 -109.91
637 -109.024
638 -108.82
639 -108.627
640 -108.383
641 -108.682
642 -109.543
643 -108.53
644 -107.561
645 -108.501
646 -109.245
647 -110.112
648 -109.91
649 -109.094
650 -110.559
651 -110.437
652 -110.461
653 -111.216
654 -110.006
655 -110.677
656 -111.777
657 -110.558
658 -111.515
659 -109.075
660 -108.073
661 -110.201
662 -109.433
663 -110.537
664 -111.601
665 -112.068
666 -110.538
667 -110.512
668 -109.497
669 -111.704
670 -109.883
671 -112.195
672 -110.446
673 -112.405
674 -112.178
675 -111.545
676 -112.098
677 -111.074
678 -108.817
679 -110.023
680 -108.896
681 -110.462
682 -107.886
683 -108.858
684 -108.375
685 -107.529
686 -108.681
687 -106.906
688 -107.27
689 -109.419
690 -108.444
691 -109.784
692 -108.067
693 -110.424
694 -109.492
695 -111.615
696 -111.166
697 -112.257
698 -110.629
699 -110.62
700 -109.77
701 -109.82
702 -108.861
703 -109.506
704 -111.163
705 -109.997
706 -109.572
707 -110.213
708 -110.144
709 -111.544
710 -110.703
711 -110.369
712 -109.444
713 -110.555
714 -110.357
715 -111.002
716 -111.12
717 -112.554
718 -111.182
719 -110.063
720 -108.652
721 -109.58
722 -108.813
723 -107.33
724 -108.695
725 -108.482
726 -108.321
727 -108.053
728 -107.965
729 -108.304
730 -107.797
731 -107.231
732 -107.78
733 -110.116
734 -110.488
735 -108.826
736 -108.791
737 -110.707
738 -109.284
739 -109.934
740 -110.926
741 -112.994
742 -111.684
743 -108.888
744 -109.73
745 -110.352
746 -110.486
747 -111.616
748 -110.195
749 -111.328
750 -109.252
751 -109.607
752 -110.916
753 -108.183
754 -108.858
755 -109.235
756 -110.132
757 -112.426
758 -113.045
759 -110.762
760 -111.822
761 -111.377
762 -109.401
763 -109.613
764 -109.119
765 -109.185
766 -107.779
767 -107.769
768 -108.609
769 -108.083
770 -107.978
771 -107.522
772 -107.021
773 -108.336
774 -107.818
775 -110.367
776 -108.871
777 -110.536
778 -111.563
779 -110.146
780 -110.787
781 -110.396
782 -110.274
783 -109.641
784 -109.188
785 -108.287
786 -110.841
787 -108.825
788 -110.08
789 -110.327
790 -110.924
791 -111.501
792 -109.418
793 -109.57
794 -107.965
795 -109.32
796 -109.064
797 -110.526
798 -109.537
799 -109.354
800 -110.419
801 -111.508
802 -110.346
803 -110.692
804 -109.732
805 -109.126
806 -107.853
807 -108.882
808 -107.25
809 -108.687
810 -107.919
811 -108.838
812 -108.691
813 -107.292
814 -106.508
815 -106.828
816 -107.992
817 -108.499
818 -107.142
819 -109.384
820 -110.408
821 -109.224
822 -110.598
823 -110.497
824 -111.511
825 -108.684
826 -110.646
827 -110.123
828 -108.407
829 -108.958
830 -109.219
831 -109.76
832 -109.193
833 -109.565
834 -108.834
835 -109.112
836 -109.071
837 -109.238
838 -108.453
839 -109.709
840 -108.356
841 -109.537
842 -108.477
843 -110.985
844 -112.889
845 -110.241
846 -108.145
847 -108.776
848 -108.853
849 -107.596
850 -106.199
851 -107.333
852 -108.387
853 -106.78
854 -108.095
855 -106.177
856 -108.125
857 -107.099
858 -107.039
859 -106.995
860 -109.064
861 -108.134
862 -109.141
863 -111.277
864 -109.697
865 -109.893
866 -110.977
867 -110.516
868 -111.176
869 -110.514
870 -111.688
871 -111.248
872 -110.706
873 -112.14
874 -111.513
875 -113.225
876 -112.702
877 -115.114
878 -113.045
879 -113.683
880 -113.8
881 -114.372
882 -115.564
883 -116.187
884 -115.836
885 -117.557
886 -118.882
887 -118.819
888 -117.759
889 -117.91
890 -118.927
891 -119.987
892 -118.483
893 -120.76
894 -120.756
895 -119.403
896 -121.366
897 -122.121
898 -121.08
899 -122.845
900 -121.878
901 -121.065
902 -122.469
903 -119.567
904 -120.008
905 -120.182
906 -120.388
907 -122.065
908 -120.46
909 -120.757
910 -122.051
911 -119.966
912 -120.426
913 -119.698
914 -120.957
915 -119.666
916 -119.801
917 -117.844
918 -120.708
919 -119.203
920 -119.449
921 -117.839
922 -117.78
923 -117.622
924 -116.761
925 -118.372
926 -116.37
927 -116.291
928 -116.733
929 -115.485
930 -113.798
931 -114.323
932 -115.173
933 -113.897
934 -114.189
935 -114.681
936 -112.618
937 -111.885
938 -112.752
939 -112.75
940 -112.757
941 -112.166
942 -112.114
943 -111.665
944 -113.561
945 -111.012
946 -113.207
947 -111.58
948 -113.186
949 -111.303
950 -111.778
951 -111.856
952 -111.456
953 -113.277
954 -112.082
955 -112.187
956 -112.105
957 -111.784
958 -110.956
959 -110.846
960 -111.115
961 -110.954
962 -111.663
963 -110.313
964 -111.078
965 -110.049
966 -110.201
967 -111.099
968 -111.338
969 -110.18
970 -111.642
971 -110.776
972 -111.746
973 -110.637
974 -110.669
975 -111.421
976 -110.619
977 -110.355
978 -111.181
979 -111.163
980 -109.955
981 -110.71
982 -110.556
983 -111.567
984 -109.85
985 -110.714
986 -111.47
987 -110.3
988 -111.558
989 -109.763
990 -110.955
991 -112.801
992 -110.817
993 -110.637
994 -110.683
995 -111.079
996 -110.581
997 -110.453
998 -111.069
999 -112.231
1000 -112.367
1001 -112.123
1002 -112.927
1003 -112.976
1004 -113.629
1005 -114.656
1006 -115.339
1007 -115.687
1008 -116.372
1009 -115.417
1010 -116.189
1011 -117.3
1012 -117.232
1013 -118.132
1014 -118.586
1015 -119.189
1016 -120.411
1017 -119.893
1018 -120.181
1019 -120.948
1020 -121.432
1021 -123.373
1022 -122.696
1023 -123.34
1024 -124.982
1025 -124.76
1026 -127.248
1027 -125.78
1028 -125.6
1029 -127.214
1030 -127.293
1031 -126.906
1032 -127.863
1033 -130.065
1034 -130.802
1035 -129.297
1036 -130.619
1037 -131.443
1038 -129.588
1039 -129.867
1040 -129.394
1041 -128.89
1042 -129.903
1043 -130.13
1044 -129.596
1045 -128.489
1046 -128.257
1047 -128.6
1048 -130.448
1049 -129.55
1050 -125.943
1051 -126.919
1052 -127.316
1053 -127.853
1054 -126.444
1055 -125.965
1056 -126.545
1057 -123.346
1058 -126.434
1059 -126.601
1060 -125.569
1061 -125.737
1062 -125.019
1063 -123.021
1064 -124.017
1065 -123.538
1066 -122.327
1067 -124.111
1068 -122.6
1069 -123.792
1070 -124.007
1071 -122.517
1072 -123.683
1073 -121.845
1074 -121.132
1075 -121.575
1076 -118.831
1077 -120.814
1078 -120.599
1079 -121.054
1080 -122.607
1081 -121.925
1082 -120.935
1083 -121.216
1084 -120.488
1085 -119.32
1086 -119.825
1087 -118.551
1088 -118.546
1089 -119.477
1090 -120.171
1091 -120.242
1092 -119.966
1093 -120.253
1094 -118.599
1095 -118.446
1096 -117.751
1097 -120.43
1098 -117.807
1099 -118.911
1100 -119.164
1101 -120.493
1102 -118.727
1103 -120.376
1104 -120.014
1105 -119.53
1106 -119.764
1107 -119.12
1108 -120.126
1109 -119.986
1110 -121.33
1111 -119.628
1112 -119.92
1113 -120.908
1114 -119.371
1115 -120.878
1116 -121.326
1117 -119.52
1118 -120.765
1119 -119.983
1120 -118.253
1121 -118.912
1122 -120.646
1123 -118.609
1124 -119.556
1125 -118.56
1126 -118.433
1127 -118.167
1128 -119.04
1129 -119.426
1130 -119.019
1131 -119.295
1132 -119.718
1133 -119.447
1134 -119.878
1135 -119.766
1136 -118.278
1137 -119.254
1138 -118.843
1139 -118.628
1140 -118.241
1141 -117.695
1142 -118.461
1143 -118.757
1144 -120.397
1145 -120.66
1146 -120.317
1147 -119.199
1148 -118.846
1149 -120.423
1150 -119.925
1151 -118.867
1152 -119.009
1153 -119.006
1154 -120.128
1155 -121.4
1156 -120.796
1157 -120.12
1158 -122.521
1159 -119.913
1160 -121.638
1161 -120.633
1162 -120.451
1163 -119.876
1164 -119.068
1165 -119.468
1166 -121.918
1167 -119.402
1168 -118.891
1169 -118.246
1170 -118.765
1171 -118.895
1172 -119.68
1173 -118.257
1174 -120.694
1175 -119.39
1176 -119.447
1177 -119.531
1178 -118.705
1179 -118.48
1180 -117.426
1181 -119.026
1182 -118.715
1183 -117.99
1184 -118.736
1185 -120.727
1186 -120.167
1187 -120.879
1188 -120.761
1189 -120.898
1190 -121.152
1191 -120.487
1192 -119.543
1193 -119.417
1194 -118.274
1195 -120.43
1196 -121.605
1197 -121.213
1198 -120.885
1199 -122.154
1200 -119.929
1201 -121.078
1202 -121.574
1203 -120.313
1204 -119.065
1205 -119.317
1206 -121.224
1207 -119.702
1208 -121.494
1209 -120.077
1210 -120.016
1211 -120.842
1212 -120.592
1213 -119.198
1214 -118.075
1215 -117.83
1216 -117.597
1217 -119.095
1218 -119.742
1219 -119.55
1220 -119.198
1221 -119.55
1222 -117.482
1223 -117.753
1224 -118.03
1225 -117.174
1226 -117.78
1227 -119.446
1228 -119.34
1229 -118.661
1230 -120.839
1231 -121.124
1232 -120.089
1233 -120.222
1234 -121.058
1235 -120.657
1236 -120.157
1237 -121.548
1238 -120.785
1239 -121.019
1240 -120.657
1241 -121.502
1242 -119.295
1243 -122.025
1244 -121.306
1245 -122.051
1246 -120.183
1247 -120.305
1248 -121.097
1249 -120.245
1250 -120.898
1251 -119.334
1252 -118.375
1253 -119.939
1254 -119.505
1255 -117.859
1256 -119.362
1257 -117.979
1258 -119.213
1259 -117.691
1260 -120.036
1261 -121.045
1262 -120.098
1263 -119.875
1264 -119.158
1265 -120.041
1266 -117.68
1267 -116.552
1268 -120.633
1269 -119.166
1270 -121.503
1271 -120.784
1272 -120.803
1273 -120.419
1274 -120.996
1275 -119.85
1276 -120.707
1277 -120.386
1278 -120.323
1279 -120.962
1280 -120.766
1281 -121.941
1282 -122.473
1283 -121.499
1284 -121.754
1285 -120.81
1286 -122.36
1287 -120.675
1288 -120.156
1289 -120.894
1290 -120.98
1291 -120.521
1292 -121.602
1293 -120.967
1294 -121.406
1295 -120.364
1296 -119.159
1297 -118.468
1298 -119.574
1299 -119.316
1300 -120.481
1301 -116.841
1302 -117.803
1303 -120.012
1304 -118.667
1305 -119.131
1306 -118.564
1307 -117.799
1308 -118.218
1309 -119.551
1310 -118.251
1311 -120.145
1312 -120.014
1313 -120.196
1314 -120.786
1315 -122.141
1316 -122.448
1317 -120.52
1318 -121.17
1319 -120.408
1320 -120.696
1321 -121.127
1322 -120.135
1323 -122.067
1324 -121.678
1325 -122.168
1326 -121.736
1327 -121.84
1328 -120.438
1329 -122.463
1330 -121.752
1331 -119.674
1332 -122.402
1333 -119.534
1334 -120.881
1335 -119.967
1336 -120.573
1337 -120.102
1338 -119.343
1339 -118.889
1340 -119.614
1341 -119.268
1342 -118.832
1343 -118.963
1344 -120.719
1345 -119.675
1346 -119.523
1347 -120.518
1348 -121.678
1349 -119.094
1350 -117.567
1351 -118.022
1352 -118.29
1353 -119.381
1354 -119.449
1355 -119.824
1356 -120.383
1357 -120.938
1358 -121.463
1359 -120.78
1360 -120.699
1361 -120.26
1362 -119.797
1363 -121.304
1364 -121.541
1365 -121.695
1366 -121.419
1367 -121.495
1368 -120.349
1369 -121.466
1370 -122.656
1371 -121.604
1372 -121.09
1373 -119.167
1374 -120.477
1375 -120.234
1376 -121.186
1377 -120.733
1378 -121.434
1379 -119.692
1380 -119.746
1381 -119.263
1382 -120.767
1383 -120.417
1384 -119.025
1385 -119.858
1386 -118.444
1387 -119.327
1388 -119.304
1389 -120.062
1390 -119.471
1391 -118.81
1392 -119.584
1393 -118.257
1394 -120.277
1395 -118.503
1396 -118.999
1397 -121.67
1398 -121.043
1399 -120.811
1400 -121.227
1401 -119.648
1402 -120.957
1403 -120.928
1404 -119.26
1405 -120.377
1406 -121.199
1407 -121.102
1408 -121.338
1409 -123.149
1410 -122.704
1411 -122.025
1412 -122.332
1413 -122.202
1414 -120.512
1415 -121.419
1416 -120.135
1417 -120.606
1418 -120.422
1419 -119.405
1420 -119.93
1421 -119.244
1422 -120.053
1423 -120.263
1424 -119.975
1425 -119.84
1426 -117.288
1427 -117.118
1428 -117.996
1429 -117.279
1430 -116.837
1431 -117.251
1432 -116.427
1433 -114.582
1434 -116.199
1435 -114.302
1436 -113.476
1437 -114.197
1438 -114.227
1439 -113.526
1440 -112.579
1441 -113.815
1442 -114.158
1443 -113.587
1444 -112.591
1445 -112
1446 -110.128
1447 -110.139
1448 -109.342
1449 -109.351
1450 -109.402
1451 -109.958
1452 -110.909
1453 -110.749
1454 -108.24
1455 -107.838
1456 -108.504
1457 -109.039
1458 -108.039
1459 -107.599
1460 -108.593
1461 -107.949
1462 -106.316
1463 -106.137
1464 -105.7
1465 -106.787
1466 -107.401
1467 -107.061
1468 -107.166
1469 -107.544
1470 -108.015
1471 -108.139
1472 -108.385
1473 -109.625
1474 -108.759
1475 -110.334
1476 -112.08
1477 -109.648
1478 -111.78
1479 -109.801
1480 -110.873
1481 -111.005
1482 -113.337
1483 -113.686
1484 -111.749
1485 -111.67
1486 -113.437
1487 -113.284
1488 -113.151
1489 -113.132
1490 -115.052
1491 -114.125
1492 -115.491
1493 -114.145
1494 -114.891
1495 -114.922
1496 -114.167
1497 -115.452
1498 -115.318
1499 -116.171
1500 -117.504
1501 -115.292
1502 -115.22
1503 -115.844
1504 -115.694
1505 -115.42
1506 -115.034
1507 -117.663
1508 -116.349
1509 -115.032
1510 -115.166
1511 -116.726
1512 -116.845
1513 -116.824
1514 -115.361
1515 -116.059
1516 -115.994
1517 -115.738
1518 -116.642
1519 -118.446
1520 -116.076
1521 -116.411
1522 -114.97
1523 -116.844
1524 -117.316
1525 -117.082
1526 -116.091
1527 -117.524
1528 -116.632
1529 -115.666
1530 -116.462
1531 -115.896
1532 -117.049
1533 -117.36
1534 -117.787
1535 -115.749
1536 -116.395
1537 -117.407
1538 -118.515
1539 -116.917
1540 -115.619
1541 -118.244
1542 -117.23
1543 -116.879
1544 -116.961
1545 -116.851
1546 -116.696
1547 -117.262
1548 -118.268
1549 -116.058
1550 -116.092
1551 -116.084
1552 -117.048
1553 -118.154
1554 -117.247
1555 -116.722
1556 -116.441
1557 -115.904
1558 -115.62
1559 -115.383
1560 -116.25
1561 -114.076
1562 -112.812
1563 -113.716
1564 -113.31
1565 -112.63
1566 -111.677
1567 -111.679
1568 -111.51
1569 -110.733
1570 -109.922
1571 -109.154
1572 -108.129
1573 -108.769
1574 -108.133
1575 -108.199
1576 -107.562
1577 -107.026
1578 -106.147
1579 -105.915
1580 -105.698
1581 -105.075
1582 -105.014
1583 -101.84
1584 -102.918
1585 -101.955
1586 -102.396
1587 -101.872
1588 -99.4372
1589 -100.483
1590 -100.168
1591 -100.134
1592 -100.55
1593 -98.2552
1594 -98.9605
1595 -100.071
1596 -98.6616
1597 -98.686
1598 -97.5733
1599 -98.7454
1600 -99.8669
1601 -98.4098
1602 -99.3075
1603 -99.3748
1604 -98.8236
1605 -100.746
1606 -100.15
1607 -101.334
1608 -101.098
1609 -100.578
1610 -103.403
1611 -103.541
1612 -101.93
1613 -103.392
1614 -103.98
1615 -103.777
1616 -104.689
1617 -105.697
1618 -104.656
1619 -106.935
1620 -105.475
1621 -106.845
1622 -107.145
1623 -106.998
1624 -106.129
1625 -106.303
1626 -105.793
1627 -105.542
1628 -107.669
1629 -107.466
1630 -106.18
1631 -107.389
1632 -106.143
1633 -107.921
1634 -107.162
1635 -108.026
1636 -109.12
1637 -107.89
1638 -110.11
1639 -109.325
1640 -110.875
1641 -111.285
1642 -110.368
1643 -110.219
1644 -109.159
1645 -110.508
1646 -109.328
1647 -108.679
1648 -108.706
1649 -109.203
1650 -110.802
1651 -110.105
1652 -109.513
1653 -109.553
1654 -109.77
1655 -110.068
1656 -109.948
1657 -111.35
1658 -110.894
1659 -109.727
1660 -110.476
1661 -110.267
1662 -111.285
1663 -111.059
1664 -110.438
1665 -109.433
1666 -109.105
1667 -108.877
1668 -109.209
1669 -108.142
1670 -109.258
1671 -107.446
1672 -107.938
1673 -108.638
1674 -108.173
1675 -108.921
1676 -109.832
1677 -108.604
1678 -108.202
1679 -109.632
1680 -108.979
1681 -108.562
1682 -111.665
1683 -109.599
1684 -110.947
1685 -110.942
1686 -110.787
1687 -110.703
1688 -111.422
1689 -111.189
1690 -108.96
1691 -110.643
1692 -110.416
1693 -110.029
1694 -110.039
1695 -111.635
1696 -110.657
1697 -109.627
1698 -110.582
1699 -108.667
1700 -111.281
1701 -111.335
1702 -110.881
1703 -111.917
1704 -111.628
1705 -109.788
1706 -111.295
1707 -111.085
1708 -109.378
1709 -110.67
1710 -108.829
1711 -109.764
1712 -107.733
1713 -108.246
1714 -107.859
1715 -108.868
1716 -108.928
1717 -109.619
1718 -106.92
1719 -107.653
1720 -108.451
1721 -109.809
1722 -109.712
1723 -110.814
1724 -110.653
1725 -109.927
1726 -111.21
1727 -110.858
1728 -109.274
1729 -111.621
1730 -111.317
1731 -110.722
1732 -109.297
1733 -110.676
1734 -110.014
1735 -109.322
1736 -110.542
1737 -110.703
1738 -109.923
1739 -110.437
1740 -111.452
1741 -109.777
1742 -109.836
1743 -110.609
1744 -110.915
1745 -112.603
1746 -111.444
1747 -110.835
1748 -110.787
1749 -109.78
1750 -110.391
1751 -108.848
1752 -108.751
1753 -107.303
1754 -108.833
1755 -109.092
1756 -107.64
1757 -107.962
1758 -107.573
1759 -108.827
1760 -107.155
1761 -110.367
1762 -107.705
1763 -109.966
1764 -110.467
1765 -110.493
1766 -109.709
1767 -110.774
1768 -111.045
1769 -110.111
1770 -112.069
1771 -111.302
1772 -111.876
1773 -109.755
1774 -109.111
1775 -110.909
1776 -111.602
1777 -111.321
1778 -109.767
1779 -110.957
1780 -110.818
1781 -108.759
1782 -110.632
1783 -111.508
1784 -109.786
1785 -110.68
1786 -110.006
1787 -111.144
1788 -111.644
1789 -112.746
1790 -110.641
1791 -109.9
1792 -110.548
1793 -109.133
1794 -107.787
1795 -108.792
1796 -109.511
1797 -109.042
1798 -107.982
1799 -109.196
1800 -108.523
1801 -108.378
1802 -106.974
1803 -107.91
1804 -109.327
1805 -107.085
1806 -110.295
1807 -111.676
1808 -110.432
1809 -111.076
1810 -110.556
1811 -110.614
1812 -111.02
1813 -108.766
1814 -109.762
1815 -109.136
1816 -111.175
1817 -110.655
1818 -110.66
1819 -109.623
1820 -110.45
1821 -111.078
1822 -109.522
1823 -113.427
1824 -111.818
1825 -109.836
1826 -109.828
1827 -109.698
1828 -112.235
1829 -111.582
1830 -110.465
1831 -110.537
1832 -111.399
1833 -110.609
1834 -108.401
1835 -108.721
1836 -109.585
1837 -109.312
1838 -108.989
1839 -109.08
1840 -108.899
1841 -109.227
1842 -107.739
1843 -106.999
1844 -108.241
1845 -109.11
1846 -108.302
1847 -108.621
1848 -109.799
1849 -110.67
1850 -109.429
1851 -109.762
1852 -111.351
1853 -111.296
1854 -108.21
1855 -110.528
1856 -111.975
1857 -110.918
1858 -107.331
1859 -109.661
1860 -109.935
1861 -110.04
1862 -108.715
1863 -108.823
1864 -109.159
1865 -110.414
1866 -109.024
1867 -108.79
1868 -109.735
1869 -109.545
1870 -111.121
1871 -110.459
1872 -113.044
1873 -110.908
1874 -111.683
1875 -111.257
1876 -110.563
1877 -108.556
1878 -109.058
1879 -107.702
1880 -109.313
1881 -108.019
1882 -108.559
1883 -109.02
1884 -108.908
1885 -107.483
1886 -106.861
1887 -108.643
1888 -106.781
1889 -109.307
1890 -110.548
1891 -110.661
1892 -111.045
1893 -110.093
1894 -110.947
1895 -110.631
1896 -110.118
1897 -108.691
1898 -108.772
1899 -109.331
1900 -110.726
1901 -109.254
1902 -109.889
1903 -110.127
1904 -110.041
1905 -111.526
1906 -111.179
1907 -109.996
1908 -109.349
1909 -109.683
1910 -109.616
1911 -109.712
1912 -110.598
1913 -110.092
1914 -110.832
1915 -111.499
1916 -109.81
1917 -110.954
1918 -109.608
1919 -107.856
1920 -108.106
1921 -108.39
1922 -109.163
1923 -108.124
1924 -107.712
1925 -106.794
1926 -107.999
1927 -106.423
1928 -107.558
1929 -106.605
1930 -108.793
1931 -108.01
1932 -108.618
1933 -108.126
1934 -108.727
1935 -109.275
1936 -110.301
1937 -110.326
1938 -111.418
1939 -110.071
1940 -110.249
1941 -110.043
1942 -109.025
1943 -109.154
1944 -109.578
1945 -109.398
1946 -109.963
1947 -110.243
1948 -110.26
1949 -109.133
1950 -107.671
1951 -109.938
1952 -109.91
1953 -109.512
1954 -109.371
1955 -111.105
1956 -110.258
1957 -110.643
1958 -110.444
1959 -111.026
1960 -110.329
1961 -110.032
1962 -109.064
1963 -107.982
1964 -107.363
1965 -106.127
1966 -107.691
1967 -107.474
1968 -108.789
1969 -108.976
1970 -107.097
1971 -107.105
1972 -106.583
1973 -108.115
1974 -108.717
1975 -109.764
1976 -109.128
1977 -109.156
1978 -110.704
1979 -107.946
1980 -110.496
1981 -110.148
1982 -110.863
1983 -110.438
1984 -111.031
1985 -110.811
1986 -109.836
1987 -111.341
1988 -111.163
1989 -113.487
1990 -113.106
1991 -115.073
1992 -114.586
1993 -114.362
1994 -114.7
1995 -114.99
1996 -114.813
1997 -115.833
1998 -117.866
1999 -118.549
2000 -117.829
2001 -119.024
2002 -119.267
2003 -118.579
2004 -119.685
2005 -119.29
2006 -119.101
2007 -118.767
2008 -119.536
2009 -120.433
2010 -119.313
2011 -120.981
2012 -122.046
2013 -122.117
2014 -122.528
2015 -122.339
2016 -120.978
2017 -121.14
2018 -121.153
2019 -120.204
2020 -121.792
2021 -121.888
2022 -122.508
2023 -119.75
2024 -120.541
2025 -120.719
2026 -120.618
2027 -121.16
2028 -120.758
2029 -120.189
2030 -120.444
2031 -119.935
2032 -118.389
2033 -120.031
2034 -118.76
2035 -116.804
2036 -117.783
2037 -116.263
2038 -117.43
2039 -117.818
2040 -116.477
2041 -116.26
2042 -115.94
2043 -115.169
2044 -115.065
2045 -115.875
2046 -112.941
2047 -113.438
2048 -114.217
2049 -113.779
2050 -114.391
2051 -112.224
2052 -113.119
2053 -112.549
2054 -113.326
2055 -113.033
2056 -112.789
2057 -112.516
2058 -114.082
2059 -112.746
2060 -111.397
2061 -112.385
2062 -113.796
2063 -112.308
2064 -112.569
2065 -113.302
2066 -112.138
2067 -112.434
2068 -111.398
2069 -111.666
2070 -111.714
2071 -110.716
2072 -110.927
2073 -112.277
2074 -110.825
2075 -111.848
2076 -112.014
2077 -111.23
2078 -111.127
2079 -109.761
2080 -112.173
2081 -110.463
2082 -109.829
2083 -109.369
2084 -110.975
2085 -111.733
2086 -110.549
2087 -111.721
2088 -111.021
2089 -111.748
2090 -112.047
2091 -109.981
2092 -110.168
2093 -110.206
2094 -111.862
2095 -109.233
2096 -110.832
2097 -112.135
2098 -110.212
2099 -112.82
2100 -111.296
2101 -110.99
2102 -111.009
2103 -110.839
2104 -110.837
2105 -109.877
2106 -111.446
2107 -110.234
2108 -110.34
2109 -110.56
2110 -111.139
2111 -110.226
2112 -110.299
2113 -111.991
2114 -112.297
2115 -111.999
2116 -111.654
2117 -112.489
2118 -113.758
2119 -113.379
2120 -115.269
2121 -113.612
2122 -115.515
2123 -115.222
2124 -116.218
2125 -116.934
2126 -118.134
2127 -117.544
2128 -119.012
2129 -119.755
2130 -118.744
2131 -117.549
2132 -119.149
2133 -122.077
2134 -121.869
2135 -121.959
2136 -123.147
2137 -122.034
2138 -123.425
2139 -124.133
2140 -123.906
2141 -126.278
2142 -126.593
2143 -126.784
2144 -127.46
2145 -130.388
2146 -128.599
2147 -130.492
2148 -129.41
2149 -130.885
2150 -130.941
2151 -130.13
2152 -130.104
2153 -129.287
2154 -130.096
2155 -129.462
2156 -129.354
2157 -128.2
2158 -128.439
2159 -126.357
2160 -128.118
2161 -129.911
2162 -129.52
2163 -129.355
2164 -129.449
2165 -126.935
2166 -127.636
2167 -127.429
2168 -126.541
2169 -127.029
2170 -126.317
2171 -124.623
2172 -126.919
2173 -125.16
2174 -123.947
2175 -123.075
2176 -124.517
2177 -121.953
2178 -123.915
2179 -124.057
2180 -122.345
2181 -123.344
2182 -123.94
2183 -122.475
2184 -123.347
2185 -123.253
2186 -121.239
2187 -122.134
2188 -124.409
2189 -120.53
2190 -120.998
2191 -120.536
2192 -120.333
2193 -120.797
2194 -119.656
2195 -120.683
2196 -120.699
2197 -120.914
2198 -120.24
2199 -119.975
2200 -119.232
2201 -117.796
2202 -116.938
2203 -120.285
2204 -117.624
2205 -117.059
2206 -119.17
2207 -119.171
2208 -118.606
2209 -119.081
2210 -118.657
2211 -118.008
2212 -117.142
2213 -118.213
2214 -117.898
2215 -119.416
2216 -119.076
2217 -121.186
2218 -119.584
2219 -121.389
2220 -120.07
2221 -118.157
2222 -121.152
2223 -119.54
2224 -119.792
2225 -119.832
2226 -120.871
2227 -122.187
2228 -121.447
2229 -120.033
2230 -118.487
2231 -120.164
2232 -120.476
2233 -118.554
2234 -118.362
2235 -119.191
2236 -118.05
2237 -120.148
2238 -117.888
2239 -119.481
2240 -120.412
2241 -118.835
2242 -120.377
2243 -116.96
2244 -119.002
2245 -117.098
2246 -119.405
2247 -119.092
2248 -118.917
2249 -118.225
2250 -118.786
2251 -118.965
2252 -118.728
2253 -116.66
2254 -117.719
2255 -118.421
2256 -117.586
2257 -118.461
2258 -119.732
2259 -121.537
2260 -120.254
2261 -119.873
2262 -119.472
2263 -118.903
2264 -120.257
2265 -120.384
2266 -117.956
2267 -120.355
2268 -119.934
2269 -119.594
2270 -120.455
2271 -121.417
2272 -121.013
2273 -121.321
2274 -120.778
2275 -119.581
2276 -118.659
2277 -119.918
2278 -117.757
2279 -120.717
2280 -119.66
2281 -119.133
2282 -119.855
2283 -119.646
2284 -118.852
2285 -117.026
2286 -118.217
2287 -118.1
2288 -119.951
2289 -118.649
2290 -118.61
2291 -118.841
2292 -119.285
2293 -119.012
2294 -118.673
2295 -117.04
2296 -119.053
2297 -117.192
2298 -118.563
2299 -120.398
2300 -119.468
2301 -120.021
2302 -121.539
2303 -119.9
2304 -120.83
2305 -120.194
2306 -119.1
2307 -119.206
2308 -120.388
2309 -119.753
2310 -119.557
2311 -121.584
2312 -120.436
2313 -121.148
2314 -120.031
2315 -119.681
2316 -120.094
2317 -120.16
2318 -119.539
2319 -120.677
2320 -120.154
2321 -120.112
2322 -118.771
2323 -118.251
2324 -120.217
2325 -118.447
2326 -119.491
2327 -119.256
2328 -119.864
2329 -119.006
2330 -118.298
2331 -119.336
2332 -120.641
2333 -119.152
2334 -117.784
2335 -119.459
2336 -118.713
2337 -119.253
2338 -118.722
2339 -119.404
2340 -118.225
2341 -118.604
2342 -120.742
2343 -118.979
2344 -120.03
2345 -120.964
2346 -121.475
2347 -121.292
2348 -119.87
2349 -119.286
2350 -118.959
2351 -120.506
2352 -120.292
2353 -120.644
2354 -120.517
2355 -120.235
2356 -120.959
2357 -120.91
2358 -121.226
2359 -119.388
2360 -119.124
2361 -118.475
2362 -120.928
2363 -120.12
2364 -121.543
2365 -120.665
2366 -118.757
2367 -120.803
2368 -118.142
2369 -118.545
2370 -118.344
2371 -119.257
2372 -118.733
2373 -119.245
2374 -117.871
2375 -119.205
2376 -119.529
2377 -118.288
2378 -119.428
2379 -117.199
2380 -119.367
2381 -118.944
2382 -118.68
2383 -118.227
2384 -119.946
2385 -120.489
2386 -121.516
2387 -119.946
2388 -120.727
2389 -121.3
2390 -119.992
2391 -121.28
2392 -120.048
2393 -120.502
2394 -120.082
2395 -120.134
2396 -120.838
2397 -121.08
2398 -120.708
2399 -123.183
2400 -121.32
2401 -120.679
2402 -120.014
2403 -120.893
2404 -120.055
2405 -121.345
2406 -121.313
2407 -119.14
2408 -118.621
2409 -118.866
2410 -118.84
2411 -120.271
2412 -118.85
2413 -118.519
2414 -119.442
2415 -118.64
2416 -117.009
2417 -117.877
2418 -118.298
2419 -119.303
2420 -118.173
2421 -117.576
2422 -117.688
2423 -118.473
2424 -118.206
2425 -118.57
2426 -118.731
2427 -119.748
2428 -121.054
2429 -119.525
2430 -119.928
2431 -119.8
2432 -120.711
2433 -120.527
2434 -118.738
2435 -120.207
2436 -120.958
2437 -120.497
2438 -120.823
2439 -121.347
2440 -120.82
2441 -120.198
2442 -119.704
2443 -119.761
2444 -120.093
2445 -119.001
2446 -119.373
2447 -121.077
2448 -121.032
2449 -119.923
2450 -120.174
2451 -119.984
2452 -119.936
2453 -118.627
2454 -118.517
2455 -117.783
2456 -117.274
2457 -118.477
2458 -119.99
2459 -119.6
2460 -118.305
2461 -119.987
2462 -120.028
2463 -118.342
2464 -119.24
2465 -117.911
2466 -119.447
2467 -118.311
2468 -120.505
2469 -119.02
2470 -121.728
2471 -119.733
2472 -121.302
2473 -120.072
2474 -121.044
2475 -121.404
2476 -119.6
2477 -120.264
2478 -120.618
2479 -121.779
2480 -121.203
2481 -120.458
2482 -121.187
2483 -121.451
2484 -121.558
2485 -120.162
2486 -120.467
2487 -119.466
2488 -118.66
2489 -122.281
2490 -120.417
2491 -120.616
2492 -120.27
2493 -118.423
2494 -120.373
2495 -119.042
2496 -118.108
2497 -119.455
2498 -118.674
2499 -118.715
2500 -118.36
2501 -119.568
2502 -119.565
2503 -121.025
2504 -119.605
2505 -118.54
2506 -117.782
2507 -117.484
2508 -118.506
2509 -118.277
2510 -117.703
2511 -119.389
2512 -119.786
2513 -121.517
2514 -120.771
2515 -120.151
2516 -119.166
2517 -121.442
2518 -119.707
2519 -121.788
2520 -119.98
2521 -121.642
2522 -120.128
2523 -121.195
2524 -122.838
2525 -121.712
2526 -121.337
2527 -122.14
2528 -120.641
2529 -119.194
2530 -119.712
2531 -121.017
2532 -121.757
2533 -121.071
2534 -119.285
2535 -120.474
2536 -120.249
2537 -117.907
2538 -118.215
2539 -117.108
2540 -117.735
2541 -116.162
2542 -118.939
2543 -116.844
2544 -116.516
2545 -115.836
2546 -116.166
2547 -115.577
2548 -116.616
2549 -114.642
2550 -114.526
2551 -112.586
2552 -114.068
2553 -113.614
2554 -114.258
2555 -114.546
2556 -113.237
2557 -111.097
2558 -113.371
2559 -111.932
2560 -111.279
2561 -110.069
2562 -110.62
2563 -109.247
2564 -109.532
2565 -108.445
2566 -108.515
2567 -109.773
2568 -108.742
2569 -107.399
2570 -106.099
2571 -106.371
2572 -108.154
2573 -105.955
2574 -105.843
2575 -106.621
2576 -108.057
2577 -106.815
2578 -105.871
2579 -108.396
2580 -107.59
2581 -106.899
2582 -106.992
2583 -106.422
2584 -107.026
2585 -107.248
2586 -106.78
2587 -108.684
2588 -107.172
2589 -110.757
2590 -108.788
2591 -110.918
2592 -110.305
2593 -109.94
2594 -110.673
2595 -109.81
2596 -110.467
2597 -110.906
2598 -112.1
2599 -112.267
2600 -112.569
2601 -113.09
2602 -111.991
2603 -113.607
2604 -113.6
2605 -114.052
2606 -114.843
2607 -116.091
2608 -114.373
2609 -114.684
2610 -114.658
2611 -114.463
2612 -115.242
2613 -115.092
2614 -116
2615 -115.351
2616 -115.758
2617 -115.988
2618 -115.505
2619 -114.906
2620 -115.975
2621 -115.449
2622 -115.836
2623 -115.524
2624 -115.973
2625 -115.137
2626 -116.022
2627 -115.684
2628 -115.691
2629 -115.801
2630 -115.201
2631 -116.123
2632 -116.885
2633 -116.341
2634 -117.363
2635 -117.289
2636 -117.142
2637 -117.541
2638 -116.325
2639 -116.897
2640 -116.211
2641 -116.764
2642 -117.093
2643 -117.478
2644 -117.05
2645 -117.254
2646 -116.452
2647 -114.948
2648 -116.529
2649 -115.839
2650 -115.11
2651 -117.086
2652 -115.715
2653 -115.9
2654 -117.697
2655 -116.878
2656 -116.187
2657 -115.309
2658 -117.359
2659 -118.109
2660 -115.065
2661 -117.028
2662 -118.274
2663 -116.608
2664 -115.935
2665 -115.641
2666 -116.739
2667 -116.82
2668 -116.923
2669 -117.012
2670 -115.414
2671 -117.177
2672 -115.82
2673 -116.852
2674 -115.633
2675 -114.746
2676 -113.218
2677 -111.991
2678 -111.699
2679 -111.146
2680 -110.522
2681 -109.871
2682 -109.887
2683 -108.109
2684 -109.444
2685 -107.876
2686 -108.391
2687 -107.726
2688 -107.362
2689 -107.516
2690 -108.295
2691 -106.375
2692 -106.286
2693 -105.557
2694 -105.061
2695 -105.027
2696 -104.705
2697 -103.156
2698 -102.349
2699 -102.74
2700 -100.23
2701 -101.117
2702 -101.14
2703 -98.7768
2704 -98.9925
2705 -98.8795
2706 -99.0742
2707 -99.7327
2708 -97.9691
2709 -99.043
2710 -99.3103
2711 -98.8971
2712 -98.8214
2713 -97.832
2714 -99.2022
2715 -99.4677
2716 -98.1219
2717 -97.9217
2718 -99.2773
2719 -100.875
2720 -99.9247
2721 -100.333
2722 -101.619
2723 -100.399
2724 -101.499
2725 -103.365
2726 -103.015
2727 -103.656
2728 -104.376
2729 -104.543
2730 -103.659
2731 -105.253
2732 -105.703
2733 -106.604
2734 -105.524
2735 -107.279
2736 -106.706
2737 -105.558
2738 -106.88
2739 -107.371
2740 -107.44
2741 -106.186
2742 -106.934
2743 -106.436
2744 -106.478
2745 -105.68
2746 -105.24
2747 -107.438
2748 -106.625
2749 -107.953
2750 -107.53
2751 -109.394
2752 -108.677
2753 -109.856
2754 -109.768
2755 -109.557
2756 -109.685
2757 -110.722
2758 -110.277
2759 -107.885
2760 -108.792
2761 -109.612
2762 -110.461
2763 -109.799
2764 -110.132
2765 -110.302
2766 -109.687
2767 -109.042
2768 -111.083
2769 -109.793
2770 -110.729
2771 -111.307
2772 -110.115
2773 -109.728
2774 -110.731
2775 -111.08
2776 -111.681
2777 -111.267
2778 -110.322
2779 -109.796
2780 -110.062
2781 -109.596
2782 -108.312
2783 -108.234
2784 -106.603
2785 -107.514
2786 -108.985
2787 -107.85
2788 -107.92
2789 -108.247
2790 -108.87
2791 -108.721
2792 -110.489
2793 -111.233
2794 -111.084
2795 -110.696
2796 -111.044
2797 -110.562
2798 -109.498
2799 -111.017
2800 -110.496
2801 -109.569
2802 -110.433
2803 -110.823
2804 -109.816
2805 -110.916
2806 -109.464
2807 -110.119
2808 -110.715
2809 -111.372
2810 -112.741
2811 -110.318
2812 -111.194
2813 -110.755
2814 -111.183
2815 -112.267
2816 -111.572
2817 -112.05
2818 -111.725
2819 -111.191
2820 -110.748
2821 -110.695
2822 -109.624
2823 -109.659
2824 -109.509
2825 -108.198
2826 -109.361
2827 -108.507
2828 -109.525
2829 -107.999
2830 -107.949
2831 -106.432
2832 -109.68
2833 -109.378
2834 -110.045
2835 -110.319
2836 -109.622
2837 -109.733
2838 -109.667
2839 -110.678
2840 -111.652
2841 -110.27
2842 -109.683
2843 -111.558
2844 -109.757
2845 -109.672
2846 -110.305
2847 -109.172
2848 -110.84
2849 -110.703
2850 -110.709
2851 -110.765
2852 -109.432
2853 -109.261
2854 -109.518
2855 -110.126
2856 -111.377
2857 -109.819
2858 -112.077
2859 -112.375
2860 -111.483
2861 -111.804
2862 -112.174
2863 -109.444
2864 -110.166
2865 -108.248
2866 -109.874
2867 -108.748
2868 -109.821
2869 -108.659
2870 -108.136
2871 -109.63
2872 -107.104
2873 -108.052
2874 -109.383
2875 -108.209
2876 -108.996
2877 -108.37
2878 -110.051
2879 -110.689
2880 -111.608
2881 -109.846
2882 -112.262
2883 -112.103
2884 -111.639
2885 -110.021
2886 -111.274
2887 -109.411
2888 -109.353
2889 -110.292
2890 -109.921
2891 -110.228
2892 -111.668
2893 -111.056
2894 -112.188
2895 -109.91
2896 -109.136
2897 -110.069
2898 -110.097
2899 -111.302
2900 -110.925
2901 -111.294
2902 -112.217
2903 -111.012
2904 -110.928
2905 -111.065
2906 -111.453
2907 -110.29
2908 -107.589
2909 -108.589
2910 -108.014
2911 -107.227
2912 -108.761
2913 -108.682
2914 -108.269
2915 -106.731
2916 -108.828
2917 -109.741
2918 -107.456
2919 -107.189
2920 -109.562
2921 -110.316
2922 -109.55
2923 -110.992
2924 -111.2
2925 -113.557
2926 -112.103
2927 -109.945
2928 -109.463
2929 -108.749
2930 -110.122
2931 -109.098
2932 -110.879
2933 -110.145
2934 -109.675
2935 -110.685
2936 -109.422
2937 -110.87
2938 -109.821
2939 -110.628
2940 -109.282
2941 -109.681
2942 -110.62
2943 -110.86
2944 -111.657
2945 -111.78
2946 -110.543
2947 -110.738
2948 -110.587
2949 -110.196
2950 -108.83
2951 -108.206
2952 -108.799
2953 -108.338
2954 -107.626
2955 -108.341
2956 -106.969
2957 -108.35
2958 -106.466
2959 -107.095
2960 -108.343
2961 -109.866
2962 -109.864
2963 -111.09
2964 -110.824
2965 -110.372
2966 -110.481
2967 -111.357
2968 -110.809
2969 -110.519
2970 -109.689
2971 -109.261
2972 -108.87
2973 -109.73
2974 -110.753
2975 -109.116
2976 -110.708
2977 -109.895
2978 -111.574
2979 -110.047
2980 -108.955
2981 -110.863
2982 -108.524
2983 -109.433
2984 -111.853
2985 -110.491
2986 -110.782
2987 -112.297
2988 -110.743
2989 -110.259
2990 -110.615
2991 -109.128
2992 -110.183
2993 -109.446
2994 -107.132
2995 -108.334
2996 -109.734
2997 -108.475
2998 -108.03
2999 -107.854
3000 -108.024
3001 -106.067
3002 -108.047
3003 -109.34
3004 -110.223
3005 -109.141
3006 -109.306
3007 -109.11
3008 -111.548
3009 -110.445
3010 -109.569
3011 -110.491
3012 -109.565
3013 -110.23
3014 -109.202
3015 -110.434
3016 -109.25
3017 -109.95
3018 -111.489
3019 -109.908
3020 -110.981
3021 -109.197
3022 -109.343
3023 -109.481
3024 -109.239
3025 -110.993
3026 -109.438
3027 -111.332
3028 -109.829
3029 -110.878
3030 -109.778
3031 -110.708
3032 -108.773
3033 -109.433
3034 -108.729
3035 -109.578
3036 -106.825
3037 -107.383
3038 -106.728
3039 -107.655
3040 -106.348
3041 -107.835
3042 -107.414
3043 -107.767
3044 -107.369
3045 -107.157
3046 -108.366
3047 -109.774
3048 -108.605
3049 -109.946
3050 -110.122
3051 -109.306
3052 -109.346
3053 -110.552
3054 -109.774
3055 -109.487
3056 -108.583
3057 -108.964
3058 -110.017
3059 -110.088
3060 -110.741
3061 -109.596
3062 -108.275
3063 -109.718
3064 -109.805
3065 -109.088
3066 -110.201
3067 -109.974
3068 -109.481
3069 -110.348
3070 -110.087
3071 -110.536
3072 -110.208
3073 -110.523
3074 -109.809
3075 -110.305
3076 -106.923
3077 -106.755
3078 -107.33
3079 -106.205
3080 -107.207
3081 -107.189
3082 -108.148
3083 -107.85
3084 -106.353
3085 -106.892
3086 -109.21
3087 -107.629
3088 -108.889
3089 -108.47
3090 -109.545
3091 -109.653
3092 -109.219
3093 -111.658
3094 -110.977
3095 -109.101
3096 -111.351
3097 -111.024
3098 -108.701
3099 -112.344
3100 -112.378
3101 -113.205
3102 -112.325
3103 -111.546
3104 -114.277
3105 -111.98
3106 -114.13
3107 -113.709
3108 -115.563
3109 -114.844
3110 -115.126
3111 -115.632
3112 -114.576
3113 -117.492
3114 -118.598
3115 -119.052
3116 -119.777
3117 -119.504
3118 -120.959
3119 -119.385
3120 -118.601
3121 -121.633
3122 -120.297
3123 -120.688
3124 -120.849
3125 -122.563
3126 -121.302
3127 -121.853
3128 -120.887
3129 -121.41
3130 -121.387
3131 -123.569
3132 -121.835
3133 -122.859
3134 -122.78
3135 -120.465
3136 -121.787
3137 -121.792
3138 -120.686
3139 -120.488
3140 -119.168
3141 -119.478
3142 -119.981
3143 -119.678
3144 -120.454
3145 -119.151
3146 -119.393
3147 -120.009
3148 -118.106
3149 -118.829
3150 -117.976
3151 -116.34
3152 -117.359
3153 -116.003
3154 -116.844
3155 -114.623
3156 -116.849
3157 -115.222
3158 -114.531
3159 -114.099
3160 -114.257
3161 -114.694
3162 -113.507
3163 -114.77
3164 -112.963
3165 -113.799
3166 -112.187
3167 -113.438
3168 -113.57
3169 -112.579
3170 -112.794
3171 -113.577
3172 -111.864
3173 -111.5
3174 -110.798
3175 -111.492
3176 -112.533
3177 -112.557
3178 -112.361
3179 -114.198
3180 -111.708
3181 -111.219
3182 -111.084
3183 -112.287
3184 -111.824
3185 -113.029
3186 -111.956
3187 -111.347
3188 -111.237
3189 -111.102
3190 -112.667
3191 -111.594
3192 -112.006
3193 -109.906
3194 -110.946
3195 -110.901
3196 -110.012
3197 -112.08
3198 -113.127
3199 -111.067
3200 -112.338
3201 -111.052
3202 -112.537
3203 -111.608
3204 -111.466
3205 -111.581
3206 -110.931
3207 -110.547
3208 -109.744
3209 -109.536
3210 -111.506
3211 -111.298
3212 -111.641
3213 -109.813
3214 -109.608
3215 -111.766
3216 -110.315
3217 -111.982
3218 -112.166
3219 -110.798
3220 -110.49
3221 -111.296
3222 -112.225
3223 -110.73
3224 -111.095
3225 -111.036
3226 -111.604
3227 -109.506
3228 -109.295
3229 -109.91
3230 -112.283
3231 -111.842
3232 -110.765
3233 -111.415
3234 -110.593
3235 -110.668
3236 -112.057
3237 -110.692
3238 -110.129
3239 -111.953
3240 -111.789
3241 -111.464
3242 -112.016
3243 -110.352
3244 -111.087
3245 -110.051
3246 -111.605
3247 -111.092
3248 -109.829
3249 -110.943
3250 -110.97
3251 -111.099
3252 -110.972
3253 -110.846
3254 -111.814
3255 -110.98
3256 -111.532
3257 -113.642
3258 -110.433
3259 -111.395
3260 -111.624
3261 -112.053
3262 -110.845
3263 -111.827
3264 -112.192
3265 -110.855
3266 -110.41
3267 -109.653
3268 -110.923
3269 -111.78
3270 -111.107
3271 -109.579
3272 -110.84
3273 -111.42
3274 -111.002
3275 -111.369
3276 -111.022
3277 -111.236
3278 -110.56
3279 -111.509
3280 -108.995
3281 -111
3282 -111.51
3283 -112.914
3284 -113.727
3285 -112.558
3286 -111.92
3287 -111.272
3288 -110.856
3289 -111.98
3290 -110.807
3291 -110.997
3292 -110.25
3293 -111.657
3294 -109.413
3295 -110.768
3296 -111.45
3297 -111.282
3298 -111.401
3299 -110.421
3300 -109.077
3301 -111.167
3302 -109.578
3303 -110.924
3304 -110.189
3305 -112.068
3306 -111.838
3307 -109.152
3308 -111.061
3309 -111.025
3310 -110.248
3311 -111.17
3312 -111.352
3313 -109.931
3314 -112.274
3315 -109.585
3316 -111.714
3317 -110.566
3318 -110.713
3319 -113.796
3320 -112.974
3321 -110.778
3322 -111.985
3323 -110.521
3324 -112.001
3325 -110.626
3326 -112.178
3327 -111.686
3328 -111.359
3329 -110.936
3330 -110.539
3331 -112.03
3332 -110.076
3333 -111.684
3334 -110.625
3335 -110.299
3336 -111.175
3337 -109.78
3338 -110.511
3339 -109.853
3340 -111.759
3341 -110.173
3342 -110.907
3343 -112.127
3344 -112.189
3345 -113.536
3346 -112.009
3347 -110.746
3348 -111.894
3349 -113.104
3350 -111.16
3351 -112.053
3352 -112.334
3353 -112.356
3354 -111.389
3355 -110.691
3356 -111.608
3357 -111.267
3358 -111.531
3359 -111.799
3360 -110.697
3361 -112.016
3362 -111.85
3363 -110.45
3364 -111.714
3365 -111.599
3366 -111.156
3367 -112.264
3368 -110.213
3369 -110.552
3370 -111.753
3371 -112.938
3372 -112.415
3373 -111.142
3374 -111.734
3375 -110.852
3376 -111.891
3377 -111.738
3378 -110.686
3379 -111.149
3380 -109.999
3381 -111.498
3382 -112.033
3383 -112.029
3384 -110.481
3385 -111.258
3386 -110.821
3387 -111.905
3388 -111.142
3389 -110.004
3390 -110.469
3391 -112.17
3392 -112.773
3393 -109.759
3394 -111.35
3395 -112.482
3396 -110.41
3397 -113.462
3398 -111.536
3399 -111.532
