0 -111.23
1 -111.222
2 -111.21
3 -111.2
4 -111.2
5 -111.189
6 -111.18
7 -111.19
8 -111.174
9 -111.164
10 -111.13
11 -111.136
12 -111.151
13 -111.16
14 -111.16
15 -111.167
16 -111.175
17 -111.192
18 -111.2
19 -111.18
20 -111.176
21 -111.161
22 -111.17
23 -111.177
24 -111.193
25 -111.21
26 -111.22
27 -111.206
28 -111.501
29 -112.131
30 -112.283
31 -112.343
32 -112.45
33 -112.806
34 -113.399
35 -114.088
36 -114.694
37 -115.141
38 -115.56
39 -116.015
40 -116.514
41 -117.078
42 -117.689
43 -118.321
44 -118.838
45 -119.364
46 -119.851
47 -120.36
48 -120.963
49 -121.68
50 -122.382
51 -122.991
52 -123.49
53 -123.924
54 -124.368
55 -124.883
56 -125.452
57 -126.059
58 -126.632
59 -127.261
60 -127.876
61 -128.358
62 -128.791
63 -129.018
64 -129.21
65 -129.515
66 -129.858
67 -130.269
68 -130.625
69 -130.847
70 -130.964
71 -130.893
72 -130.68
73 -130.484
74 -130.347
75 -130.294
76 -130.254
77 -130.131
78 -129.928
79 -129.614
80 -129.317
81 -129.009
82 -128.717
83 -128.284
84 -127.75
85 -127.253
86 -126.825
87 -126.42
88 -125.976
89 -125.445
90 -124.901
91 -124.407
92 -123.844
93 -123.365
94 -122.919
95 -122.614
96 -122.315
97 -121.895
98 -121.299
99 -120.878
100 -120.647
101 -120.566
102 -120.616
103 -120.458
104 -120.367
105 -120.151
106 -119.822
107 -119.332
108 -118.831
109 -118.394
110 -118.439
111 -118.864
112 -119.446
113 -120.059
114 -120.389
115 -120.434
116 -120.306
117 -120.042
118 -119.87
119 -119.969
120 -120.155
121 -120.302
122 -120.369
123 -120.488
124 -120.607
125 -120.769
126 -120.791
127 -120.665
128 -120.49
129 -120.282
130 -120.021
131 -119.694
132 -119.347
133 -119.242
134 -119.297
135 -119.416
136 -119.546
137 -119.558
138 -119.385
139 -118.997
140 -118.606
141 -118.303
142 -117.981
143 -117.813
144 -117.828
145 -118.003
146 -118.152
147 -118.25
148 -118.23
149 -118.127
150 -117.862
151 -117.507
152 -117.237
153 -117.21
154 -117.561
155 -118.198
156 -118.854
157 -119.411
158 -119.656
159 -119.597
160 -119.395
161 -119.312
162 -119.274
163 -119.381
164 -119.542
165 -119.76
166 -119.996
167 -120.188
168 -120.342
169 -120.369
170 -120.27
171 -120.134
172 -119.856
173 -119.533
174 -119.142
175 -118.909
176 -118.903
177 -119.121
178 -119.413
179 -119.561
180 -119.448
181 -119.073
182 -118.568
183 -118.114
184 -117.8
185 -117.653
186 -117.748
187 -117.924
188 -118.156
189 -118.214
190 -118.243
191 -118.086
192 -117.82
193 -117.601
194 -117.3
195 -117.189
196 -117.378
197 -117.865
198 -118.567
199 -119.23
200 -119.648
201 -119.72
202 -119.508
203 -119.283
204 -119.142
205 -119.189
206 -119.283
207 -119.469
208 -119.848
209 -120.148
210 -120.292
211 -120.28
212 -120.261
213 -120.198
214 -120.037
215 -119.768
216 -119.349
217 -119.021
218 -118.912
219 -118.986
220 -119.124
221 -119.404
222 -119.427
223 -119.151
224 -118.659
225 -118.213
226 -117.79
227 -117.543
228 -117.517
229 -117.676
230 -117.936
231 -118.155
232 -118.229
233 -118.238
234 -118.131
235 -117.86
236 -117.422
237 -117.132
238 -117.244
239 -117.679
240 -118.387
241 -119.158
242 -119.633
243 -119.719
244 -119.605
245 -119.366
246 -119.215
247 -119.231
248 -119.423
249 -119.63
250 -119.962
251 -120.308
252 -120.463
253 -120.49
254 -120.44
255 -120.361
256 -120.219
257 -119.964
258 -119.574
259 -119.26
260 -119.166
261 -119.25
262 -119.41
263 -119.604
264 -119.632
265 -119.362
266 -118.92
267 -118.53
268 -118.161
269 -117.787
270 -117.671
271 -117.793
272 -118.116
273 -118.324
274 -118.31
275 -118.228
276 -118.087
277 -117.856
278 -117.624
279 -117.312
280 -117.301
281 -117.638
282 -118.364
283 -119.173
284 -119.753
285 -119.898
286 -119.721
287 -119.389
288 -119.24
289 -119.285
290 -119.431
291 -119.578
292 -119.843
293 -120.109
294 -120.365
295 -120.528
296 -120.497
297 -120.316
298 -120.18
299 -120.03
300 -119.669
301 -119.273
302 -119.091
303 -119.053
304 -119.125
305 -119.258
306 -119.311
307 -118.963
308 -118.47
309 -117.857
310 -117.354
311 -116.854
312 -116.443
313 -116.156
314 -116.071
315 -115.987
316 -115.781
317 -115.411
318 -114.912
319 -114.336
320 -113.668
321 -112.991
322 -112.47
323 -112.232
324 -112.258
325 -112.399
326 -112.62
327 -112.69
328 -112.335
329 -111.785
330 -111.215
331 -110.63
332 -109.946
333 -109.245
334 -108.681
335 -108.353
336 -108.082
337 -107.767
338 -107.352
339 -107.129
340 -107.029
341 -106.947
342 -106.726
343 -106.313
344 -105.889
345 -105.559
346 -105.372
347 -105.314
348 -105.315
349 -105.303
350 -105.273
351 -105.287
352 -105.365
353 -105.462
354 -105.589
355 -105.796
356 -106.007
357 -106.277
358 -106.57
359 -106.982
360 -107.414
361 -107.759
362 -108.072
363 -108.326
364 -108.576
365 -108.848
366 -109.205
367 -109.612
368 -110.026
369 -110.339
370 -110.615
371 -110.849
372 -111.129
373 -111.417
374 -111.704
375 -111.97
376 -112.267
377 -112.488
378 -112.673
379 -112.774
380 -112.866
381 -112.967
382 -113.127
383 -113.363
384 -113.53
385 -113.623
386 -113.589
387 -113.515
388 -113.472
389 -113.539
390 -113.653
391 -113.815
392 -113.944
393 -114.04
394 -114.111
395 -114.163
396 -114.202
397 -114.24
398 -114.268
399 -114.31
400 -114.318
401 -114.342
402 -114.362
403 -114.38
404 -114.418
405 -114.431
406 -114.389
407 -114.339
408 -114.285
409 -114.261
410 -114.358
411 -114.47
412 -114.612
413 -114.697
414 -114.713
415 -114.687
416 -114.64
417 -114.621
418 -114.597
419 -114.595
420 -114.634
421 -114.656
422 -114.691
423 -114.705
424 -114.718
425 -114.716
426 -114.723
427 -114.731
428 -114.746
429 -114.76
430 -114.758
431 -114.762
432 -114.755
433 -114.747
434 -114.753
435 -114.785
436 -114.799
437 -114.79
438 -114.759
439 -114.728
440 -114.695
441 -114.626
442 -113.905
443 -113.447
444 -113.416
445 -113.43
446 -113.173
447 -112.491
448 -111.586
449 -110.727
450 -110.073
451 -109.66
452 -109.361
453 -109.085
454 -108.723
455 -108.225
456 -107.617
457 -106.967
458 -106.376
459 -105.939
460 -105.586
461 -105.238
462 -104.742
463 -104.253
464 -103.693
465 -103.175
466 -102.728
467 -102.301
468 -101.719
469 -101.056
470 -100.34
471 -99.6081
472 -98.9313
473 -98.4052
474 -97.7914
475 -97.1991
476 -96.6751
477 -96.3135
478 -96.2234
479 -96.1908
480 -96.1899
481 -96.1429
482 -95.965
483 -95.7533
484 -95.5825
485 -95.5654
486 -95.7391
487 -96.0896
488 -96.4769
489 -96.8447
490 -97.1078
491 -97.3777
492 -97.5768
493 -97.9672
494 -98.5076
495 -99.1608
496 -99.7148
497 -100.109
498 -100.431
499 -100.735
500 -101.142
501 -101.67
502 -102.269
503 -102.791
504 -103.218
505 -103.487
506 -103.354
507 -103.116
508 -102.94
509 -103.049
510 -103.236
511 -103.332
512 -103.4
513 -103.424
514 -103.421
515 -103.375
516 -103.436
517 -103.582
518 -103.804
519 -104.061
520 -104.573
521 -105.182
522 -105.662
523 -105.976
524 -106.263
525 -106.587
526 -106.932
527 -107.137
528 -107.202
529 -107.174
530 -107.052
531 -107.02
532 -106.982
533 -106.96
534 -107.032
535 -107.281
536 -107.505
537 -107.628
538 -107.621
539 -107.462
540 -107.316
541 -107.3
542 -107.327
543 -107.476
544 -107.721
545 -107.967
546 -108.257
547 -108.496
548 -108.56
549 -108.378
550 -107.884
551 -107.291
552 -106.761
553 -106.384
554 -106.028
555 -105.8
556 -105.59
557 -105.52
558 -105.31
559 -105.177
560 -105.135
561 -105.211
562 -105.428
563 -105.969
564 -106.529
565 -106.932
566 -107.24
567 -107.575
568 -107.919
569 -108.237
570 -108.389
571 -108.312
572 -108.065
573 -107.836
574 -107.596
575 -107.332
576 -107.261
577 -107.51
578 -107.792
579 -107.985
580 -107.937
581 -107.754
582 -107.571
583 -107.453
584 -107.504
585 -107.665
586 -107.91
587 -108.249
588 -108.593
589 -108.799
590 -108.813
591 -108.603
592 -108.167
593 -107.587
594 -106.975
595 -106.573
596 -106.193
597 -105.913
598 -105.781
599 -105.76
600 -105.543
601 -105.336
602 -105.143
603 -105.15
604 -105.298
605 -105.75
606 -106.256
607 -106.82
608 -107.157
609 -107.429
610 -107.717
611 -107.93
612 -108.068
613 -108.014
614 -107.985
615 -107.805
616 -107.589
617 -107.257
618 -107.003
619 -107.047
620 -107.36
621 -107.669
622 -107.738
623 -107.687
624 -107.499
625 -107.387
626 -107.434
627 -107.654
628 -107.835
629 -107.916
630 -107.96
631 -108.031
632 -108.089
633 -108.127
634 -107.998
635 -107.695
636 -107.168
637 -106.526
638 -105.959
639 -105.53
640 -105.351
641 -105.482
642 -105.544
643 -105.551
644 -105.521
645 -105.423
646 -105.435
647 -105.625
648 -106.086
649 -106.594
650 -107.023
651 -107.261
652 -107.556
653 -107.864
654 -108.071
655 -108.137
656 -108.062
657 -107.867
658 -107.593
659 -107.333
660 -106.987
661 -106.919
662 -107.174
663 -107.572
664 -107.868
665 -107.887
666 -107.664
667 -107.352
668 -107.209
669 -107.324
670 -107.603
671 -107.983
672 -108.317
673 -108.475
674 -108.495
675 -108.349
676 -108.053
677 -107.563
678 -107.064
679 -106.524
680 -106.082
681 -105.76
682 -105.597
683 -105.564
684 -105.45
685 -105.291
686 -105.066
687 -105.032
688 -104.976
689 -105.227
690 -105.63
691 -106.265
692 -106.781
693 -107.198
694 -107.407
695 -107.531
696 -107.646
697 -107.719
698 -107.686
699 -107.57
700 -107.388
701 -107.194
702 -106.952
703 -106.895
704 -107.142
705 -107.438
706 -107.617
707 -107.606
708 -107.472
709 -107.251
710 -107.099
711 -107.157
712 -107.335
713 -107.65
714 -108.036
715 -108.294
716 -108.394
717 -108.251
718 -107.923
719 -107.415
720 -106.803
721 -106.319
722 -105.945
723 -105.664
724 -105.387
725 -105.197
726 -105.137
727 -105.066
728 -105.023
729 -104.924
730 -104.958
731 -105.126
732 -105.604
733 -106.195
734 -106.673
735 -106.947
736 -107.191
737 -107.465
738 -107.665
739 -107.761
740 -107.726
741 -107.543
742 -107.323
743 -107.077
744 -106.83
745 -106.682
746 -106.797
747 -107.042
748 -107.3
749 -107.4
750 -107.326
751 -107.066
752 -106.877
753 -106.83
754 -107.008
755 -107.323
756 -107.745
757 -108.049
758 -108.245
759 -108.224
760 -107.931
761 -107.484
762 -106.83
763 -106.266
764 -105.842
765 -105.588
766 -105.347
767 -105.189
768 -104.999
769 -104.796
770 -104.597
771 -104.589
772 -104.637
773 -104.866
774 -105.233
775 -105.794
776 -106.371
777 -106.79
778 -107.247
779 -107.594
780 -107.752
781 -107.795
782 -107.755
783 -107.469
784 -107.163
785 -106.852
786 -106.595
787 -106.432
788 -106.578
789 -106.781
790 -106.89
791 -106.904
792 -106.832
793 -106.698
794 -106.582
795 -106.61
796 -106.744
797 -106.952
798 -107.237
799 -107.46
800 -107.591
801 -107.648
802 -107.547
803 -107.225
804 -106.621
805 -105.968
806 -105.408
807 -105.037
808 -104.824
809 -104.771
810 -104.692
811 -104.578
812 -104.302
813 -104.18
814 -104.169
815 -104.378
816 -104.865
817 -105.495
818 -106.023
819 -106.299
820 -106.455
821 -106.636
822 -106.849
823 -107.104
824 -107.281
825 -107.15
826 -106.865
827 -106.496
828 -106.135
829 -105.913
830 -105.987
831 -106.294
832 -106.531
833 -106.673
834 -106.69
835 -106.53
836 -106.352
837 -106.231
838 -106.267
839 -106.454
840 -106.904
841 -107.329
842 -107.623
843 -107.661
844 -107.414
845 -107.061
846 -106.533
847 -105.98
848 -105.403
849 -104.985
850 -104.721
851 -104.599
852 -104.548
853 -104.442
854 -104.208
855 -104.073
856 -103.994
857 -104.121
858 -104.484
859 -104.997
860 -105.557
861 -106.041
862 -106.47
863 -106.799
864 -107.067
865 -107.308
866 -107.564
867 -107.734
868 -107.718
869 -107.602
870 -107.528
871 -107.555
872 -107.878
873 -108.441
874 -109.145
875 -109.74
876 -110.152
877 -110.429
878 -110.604
879 -110.84
880 -111.192
881 -111.744
882 -112.375
883 -113.099
884 -113.776
885 -114.351
886 -114.91
887 -115.331
888 -115.743
889 -116.039
890 -116.248
891 -116.274
892 -116.312
893 -116.522
894 -116.959
895 -117.56
896 -118.185
897 -118.693
898 -118.943
899 -118.926
900 -118.799
901 -118.632
902 -118.451
903 -118.391
904 -118.382
905 -118.37
906 -118.313
907 -118.238
908 -118.183
909 -118.025
910 -117.803
911 -117.546
912 -117.338
913 -117.093
914 -116.917
915 -116.726
916 -116.555
917 -116.378
918 -116.151
919 -115.817
920 -115.352
921 -114.854
922 -114.386
923 -114.037
924 -113.76
925 -113.54
926 -113.28
927 -112.936
928 -112.531
929 -112.034
930 -111.612
931 -111.307
932 -111.126
933 -111.014
934 -110.875
935 -110.709
936 -110.489
937 -110.235
938 -109.973
939 -109.781
940 -109.695
941 -109.65
942 -109.583
943 -109.476
944 -109.314
945 -109.213
946 -109.146
947 -109.084
948 -108.955
949 -108.83
950 -108.732
951 -108.729
952 -108.779
953 -108.758
954 -108.691
955 -108.569
956 -108.441
957 -108.278
958 -108.166
959 -108.082
960 -108.05
961 -108.102
962 -108.173
963 -108.197
964 -108.162
965 -108.119
966 -108.126
967 -108.169
968 -108.198
969 -108.186
970 -108.131
971 -108.061
972 -107.998
973 -107.97
974 -107.961
975 -107.957
976 -107.942
977 -107.918
978 -107.91
979 -107.889
980 -107.861
981 -107.85
982 -107.85
983 -107.85
984 -107.863
985 -107.869
986 -107.86
987 -107.836
988 -107.813
989 -107.805
990 -107.783
991 -107.768
992 -107.76
993 -107.789
994 -107.807
995 -107.82
996 -107.828
997 -107.832
998 -107.911
999 -108.635
1000 -109.084
1001 -109.015
1002 -108.989
1003 -109.276
1004 -109.992
1005 -110.939
1006 -111.849
1007 -112.525
1008 -112.91
1009 -113.139
1010 -113.354
1011 -113.693
1012 -114.172
1013 -114.765
1014 -115.426
1015 -116.02
1016 -116.514
1017 -116.93
1018 -117.404
1019 -117.933
1020 -118.547
1021 -119.187
1022 -119.8
1023 -120.383
1024 -121.047
1025 -121.758
1026 -122.452
1027 -123.086
1028 -123.761
1029 -124.344
1030 -124.878
1031 -125.408
1032 -125.926
1033 -126.486
1034 -126.913
1035 -127.192
1036 -127.186
1037 -127.075
1038 -126.964
1039 -126.89
1040 -126.867
1041 -126.871
1042 -126.806
1043 -126.575
1044 -126.283
1045 -125.965
1046 -125.7
1047 -125.53
1048 -125.455
1049 -125.227
1050 -124.983
1051 -124.747
1052 -124.546
1053 -124.393
1054 -124.126
1055 -123.728
1056 -123.25
1057 -122.809
1058 -122.439
1059 -122.143
1060 -121.866
1061 -121.593
1062 -121.287
1063 -120.846
1064 -120.384
1065 -119.995
1066 -119.769
1067 -119.796
1068 -120.05
1069 -120.2
1070 -120.137
1071 -119.858
1072 -119.532
1073 -119.311
1074 -119.062
1075 -118.804
1076 -118.472
1077 -118.169
1078 -117.947
1079 -117.853
1080 -117.86
1081 -117.932
1082 -117.902
1083 -117.567
1084 -117.056
1085 -116.463
1086 -116.052
1087 -115.775
1088 -115.722
1089 -115.924
1090 -116.303
1091 -116.537
1092 -116.523
1093 -116.41
1094 -116.155
1095 -115.837
1096 -115.621
1097 -115.449
1098 -115.355
1099 -115.541
1100 -116.04
1101 -116.69
1102 -117.035
1103 -117.197
1104 -117.161
1105 -117.004
1106 -116.872
1107 -116.82
1108 -116.825
1109 -116.795
1110 -116.963
1111 -117.234
1112 -117.494
1113 -117.713
1114 -117.8
1115 -117.782
1116 -117.72
1117 -117.523
1118 -117.239
1119 -116.819
1120 -116.574
1121 -116.539
1122 -116.546
1123 -116.618
1124 -116.79
1125 -116.879
1126 -116.676
1127 -116.255
1128 -115.796
1129 -115.401
1130 -115.191
1131 -115.177
1132 -115.362
1133 -115.69
1134 -115.941
1135 -115.985
1136 -115.87
1137 -115.647
1138 -115.403
1139 -115.106
1140 -114.916
1141 -115.02
1142 -115.431
1143 -116.165
1144 -116.809
1145 -117.206
1146 -117.295
1147 -117.136
1148 -116.831
1149 -116.685
1150 -116.692
1151 -116.786
1152 -116.973
1153 -117.239
1154 -117.612
1155 -117.903
1156 -118.117
1157 -118.152
1158 -118.062
1159 -118.011
1160 -117.83
1161 -117.414
1162 -117.029
1163 -116.927
1164 -116.999
1165 -117.17
1166 -117.295
1167 -117.158
1168 -116.848
1169 -116.528
1170 -116.292
1171 -116.024
1172 -115.753
1173 -115.564
1174 -115.731
1175 -116.015
1176 -116.304
1177 -116.379
1178 -116.271
1179 -116.085
1180 -115.899
1181 -115.665
1182 -115.436
1183 -115.352
1184 -115.656
1185 -116.28
1186 -116.972
1187 -117.581
1188 -117.766
1189 -117.656
1190 -117.394
1191 -117.224
1192 -117.124
1193 -117.109
1194 -117.211
1195 -117.491
1196 -117.826
1197 -118.04
1198 -118.178
1199 -118.182
1200 -118.046
1201 -117.946
1202 -117.8
1203 -117.496
1204 -117.141
1205 -116.967
1206 -116.954
1207 -117.028
1208 -117.271
1209 -117.333
1210 -117.118
1211 -116.764
1212 -116.434
1213 -116.132
1214 -115.881
1215 -115.822
1216 -115.882
1217 -116.082
1218 -116.277
1219 -116.352
1220 -116.309
1221 -116.162
1222 -115.866
1223 -115.605
1224 -115.371
1225 -115.277
1226 -115.48
1227 -116.066
1228 -116.741
1229 -117.395
1230 -117.802
1231 -117.839
1232 -117.627
1233 -117.334
1234 -117.183
1235 -117.132
1236 -117.268
1237 -117.578
1238 -117.932
1239 -118.208
1240 -118.386
1241 -118.414
1242 -118.351
1243 -118.235
1244 -118.037
1245 -117.667
1246 -117.291
1247 -117.06
1248 -117.07
1249 -117.146
1250 -117.314
1251 -117.402
1252 -117.221
1253 -116.783
1254 -116.44
1255 -116.188
1256 -116.005
1257 -115.965
1258 -116.086
1259 -116.326
1260 -116.624
1261 -116.84
1262 -116.733
1263 -116.642
1264 -116.447
1265 -116.165
1266 -115.791
1267 -115.592
1268 -115.655
1269 -116.182
1270 -116.873
1271 -117.531
1272 -117.851
1273 -117.85
1274 -117.666
1275 -117.502
1276 -117.45
1277 -117.4
1278 -117.439
1279 -117.643
1280 -117.934
1281 -118.272
1282 -118.493
1283 -118.519
1284 -118.434
1285 -118.335
1286 -118.137
1287 -117.837
1288 -117.48
1289 -117.294
1290 -117.289
1291 -117.396
1292 -117.54
1293 -117.66
1294 -117.568
1295 -117.199
1296 -116.75
1297 -116.319
1298 -115.978
1299 -115.769
1300 -115.796
1301 -115.964
1302 -116.278
1303 -116.412
1304 -116.436
1305 -116.348
1306 -116.211
1307 -115.902
1308 -115.599
1309 -115.433
1310 -115.618
1311 -116.052
1312 -116.752
1313 -117.401
1314 -117.829
1315 -118.028
1316 -117.921
1317 -117.67
1318 -117.49
1319 -117.438
1320 -117.417
1321 -117.597
1322 -117.919
1323 -118.223
1324 -118.47
1325 -118.58
1326 -118.515
1327 -118.355
1328 -118.279
1329 -118.027
1330 -117.585
1331 -117.262
1332 -117.268
1333 -117.402
1334 -117.59
1335 -117.599
1336 -117.431
1337 -117.093
1338 -116.738
1339 -116.429
1340 -116.207
1341 -116.04
1342 -115.983
1343 -116.113
1344 -116.384
1345 -116.627
1346 -116.622
1347 -116.537
1348 -116.303
1349 -116.069
1350 -115.728
1351 -115.465
1352 -115.395
1353 -115.812
1354 -116.557
1355 -117.393
1356 -117.95
1357 -118.185
1358 -118.079
1359 -117.838
1360 -117.729
1361 -117.694
1362 -117.753
1363 -117.877
1364 -118.202
1365 -118.527
1366 -118.726
1367 -118.824
1368 -118.743
1369 -118.583
1370 -118.441
1371 -118.182
1372 -117.816
1373 -117.517
1374 -117.439
1375 -117.547
1376 -117.657
1377 -117.851
1378 -117.719
1379 -117.457
1380 -117
1381 -116.581
1382 -116.202
1383 -116.007
1384 -115.951
1385 -116.16
1386 -116.467
1387 -116.737
1388 -116.691
1389 -116.619
1390 -116.407
1391 -116.231
1392 -115.95
1393 -115.753
1394 -115.683
1395 -116.037
1396 -116.726
1397 -117.513
1398 -118.118
1399 -118.324
1400 -118.186
1401 -117.873
1402 -117.76
1403 -117.686
1404 -117.673
1405 -117.798
1406 -118.084
1407 -118.415
1408 -118.663
1409 -118.839
1410 -118.85
1411 -118.679
1412 -118.48
1413 -118.226
1414 -117.851
1415 -117.477
1416 -117.422
1417 -117.386
1418 -117.401
1419 -117.586
1420 -117.608
1421 -117.339
1422 -116.895
1423 -116.388
1424 -115.832
1425 -115.366
1426 -115.07
1427 -114.855
1428 -114.666
1429 -114.467
1430 -114.221
1431 -113.894
1432 -113.455
1433 -112.898
1434 -112.275
1435 -111.602
1436 -111.094
1437 -110.882
1438 -110.877
1439 -110.947
1440 -111.036
1441 -111.069
1442 -110.788
1443 -110.312
1444 -109.689
1445 -109.069
1446 -108.428
1447 -107.835
1448 -107.308
1449 -106.864
1450 -106.503
1451 -106.224
1452 -105.962
1453 -105.709
1454 -105.515
1455 -105.389
1456 -105.228
1457 -105.022
1458 -104.682
1459 -104.342
1460 -104.01
1461 -103.855
1462 -103.902
1463 -103.993
1464 -104.066
1465 -104.106
1466 -104.166
1467 -104.204
1468 -104.333
1469 -104.594
1470 -104.889
1471 -105.22
1472 -105.535
1473 -105.863
1474 -106.144
1475 -106.523
1476 -106.921
1477 -107.26
1478 -107.554
1479 -107.796
1480 -107.969
1481 -108.223
1482 -108.678
1483 -109.224
1484 -109.767
1485 -110.201
1486 -110.423
1487 -110.514
1488 -110.66
1489 -110.879
1490 -111.092
1491 -111.254
1492 -111.407
1493 -111.538
1494 -111.706
1495 -111.891
1496 -112.077
1497 -112.225
1498 -112.359
1499 -112.422
1500 -112.423
1501 -112.412
1502 -112.376
1503 -112.397
1504 -112.507
1505 -112.673
1506 -112.842
1507 -112.927
1508 -112.99
1509 -112.99
1510 -113.013
1511 -113.094
1512 -113.174
1513 -113.22
1514 -113.262
1515 -113.306
1516 -113.352
1517 -113.38
1518 -113.429
1519 -113.448
1520 -113.447
1521 -113.461
1522 -113.48
1523 -113.485
1524 -113.48
1525 -113.494
1526 -113.508
1527 -113.5
1528 -113.487
1529 -113.471
1530 -113.485
1531 -113.526
1532 -113.573
1533 -113.623
1534 -113.645
1535 -113.7
1536 -113.76
1537 -113.793
1538 -113.81
1539 -113.823
1540 -113.837
1541 -113.863
1542 -113.891
1543 -113.939
1544 -113.974
1545 -113.98
1546 -113.963
1547 -113.92
1548 -113.911
1549 -113.93
1550 -113.959
1551 -113.997
1552 -114.01
1553 -113.976
1554 -113.942
1555 -113.853
1556 -113.131
1557 -112.649
1558 -112.615
1559 -112.657
1560 -112.426
1561 -111.786
1562 -110.867
1563 -110.032
1564 -109.403
1565 -108.986
1566 -108.681
1567 -108.383
1568 -107.978
1569 -107.481
1570 -106.892
1571 -106.277
1572 -105.665
1573 -105.184
1574 -104.776
1575 -104.388
1576 -103.943
1577 -103.488
1578 -103.006
1579 -102.561
1580 -102.146
1581 -101.748
1582 -101.186
1583 -100.524
1584 -99.8541
1585 -99.1501
1586 -98.5072
1587 -97.965
1588 -97.3579
1589 -96.818
1590 -96.3871
1591 -96.1275
1592 -95.9982
1593 -95.9586
1594 -95.9253
1595 -95.8279
1596 -95.5631
1597 -95.3139
1598 -95.1729
1599 -95.218
1600 -95.5373
1601 -96.0021
1602 -96.3618
1603 -96.6045
1604 -96.7822
1605 -97.025
1606 -97.3726
1607 -97.9004
1608 -98.4148
1609 -99.0158
1610 -99.5864
1611 -100.089
1612 -100.407
1613 -100.661
1614 -100.916
1615 -101.407
1616 -101.961
1617 -102.446
1618 -102.794
1619 -102.922
1620 -102.952
1621 -102.886
1622 -102.876
1623 -102.919
1624 -102.924
1625 -102.95
1626 -103.039
1627 -103.195
1628 -103.252
1629 -103.28
1630 -103.314
1631 -103.369
1632 -103.497
1633 -103.748
1634 -104.268
1635 -104.887
1636 -105.363
1637 -105.771
1638 -106.12
1639 -106.376
1640 -106.532
1641 -106.749
1642 -106.854
1643 -106.858
1644 -106.838
1645 -106.799
1646 -106.684
1647 -106.573
1648 -106.575
1649 -106.795
1650 -107.017
1651 -107.231
1652 -107.221
1653 -107.112
1654 -107.01
1655 -107.043
1656 -107.23
1657 -107.446
1658 -107.589
1659 -107.659
1660 -107.747
1661 -107.83
1662 -107.924
1663 -107.856
1664 -107.611
1665 -107.032
1666 -106.541
1667 -106.052
1668 -105.739
1669 -105.457
1670 -105.364
1671 -105.204
1672 -105.186
1673 -105.134
1674 -105.189
1675 -105.097
1676 -105.237
1677 -105.653
1678 -106.261
1679 -106.713
1680 -107.11
1681 -107.331
1682 -107.469
1683 -107.707
1684 -107.917
1685 -107.951
1686 -107.757
1687 -107.629
1688 -107.452
1689 -107.282
1690 -107.17
1691 -107.31
1692 -107.556
1693 -107.728
1694 -107.746
1695 -107.651
1696 -107.512
1697 -107.394
1698 -107.359
1699 -107.505
1700 -107.693
1701 -107.9
1702 -108.218
1703 -108.398
1704 -108.449
1705 -108.252
1706 -107.841
1707 -107.268
1708 -106.704
1709 -106.228
1710 -105.94
1711 -105.692
1712 -105.593
1713 -105.52
1714 -105.374
1715 -105.266
1716 -105.232
1717 -105.147
1718 -105.094
1719 -105.487
1720 -105.99
1721 -106.588
1722 -106.963
1723 -107.256
1724 -107.491
1725 -107.736
1726 -107.901
1727 -107.938
1728 -107.788
1729 -107.605
1730 -107.379
1731 -107.113
1732 -106.914
1733 -106.951
1734 -107.164
1735 -107.417
1736 -107.61
1737 -107.615
1738 -107.496
1739 -107.324
1740 -107.167
1741 -107.181
1742 -107.332
1743 -107.542
1744 -107.88
1745 -108.16
1746 -108.252
1747 -108.071
1748 -107.712
1749 -107.16
1750 -106.648
1751 -106.227
1752 -105.874
1753 -105.573
1754 -105.47
1755 -105.429
1756 -105.316
1757 -105.119
1758 -105.06
1759 -104.986
1760 -105.103
1761 -105.415
1762 -105.954
1763 -106.461
1764 -106.843
1765 -107.141
1766 -107.401
1767 -107.656
1768 -107.83
1769 -107.914
1770 -107.833
1771 -107.699
1772 -107.417
1773 -107.168
1774 -106.88
1775 -106.8
1776 -106.928
1777 -107.233
1778 -107.498
1779 -107.549
1780 -107.444
1781 -107.253
1782 -107.218
1783 -107.376
1784 -107.578
1785 -107.622
1786 -107.66
1787 -107.661
1788 -107.77
1789 -107.868
1790 -107.798
1791 -107.405
1792 -106.822
1793 -106.377
1794 -105.931
1795 -105.609
1796 -105.446
1797 -105.421
1798 -105.332
1799 -105.251
1800 -105.13
1801 -105.042
1802 -104.944
1803 -105.173
1804 -105.544
1805 -106.068
1806 -106.509
1807 -106.972
1808 -107.38
1809 -107.71
1810 -107.858
1811 -107.877
1812 -107.736
1813 -107.402
1814 -107.093
1815 -106.86
1816 -106.754
1817 -106.783
1818 -106.999
1819 -107.298
1820 -107.414
1821 -107.415
1822 -107.325
1823 -107.12
1824 -106.903
1825 -106.955
1826 -107.209
1827 -107.574
1828 -107.918
1829 -108.123
1830 -108.199
1831 -108.103
1832 -107.858
1833 -107.392
1834 -106.745
1835 -106.164
1836 -105.765
1837 -105.449
1838 -105.294
1839 -105.269
1840 -105.192
1841 -105.015
1842 -104.848
1843 -104.738
1844 -104.681
1845 -104.821
1846 -105.24
1847 -105.945
1848 -106.56
1849 -107.047
1850 -107.359
1851 -107.524
1852 -107.61
1853 -107.572
1854 -107.493
1855 -107.304
1856 -107.106
1857 -106.888
1858 -106.635
1859 -106.492
1860 -106.648
1861 -106.94
1862 -107.076
1863 -107.149
1864 -107.066
1865 -106.923
1866 -106.835
1867 -106.85
1868 -106.998
1869 -107.308
1870 -107.682
1871 -107.963
1872 -108.076
1873 -107.992
1874 -107.673
1875 -107.193
1876 -106.614
1877 -106.153
1878 -105.85
1879 -105.48
1880 -105.253
1881 -105.126
1882 -104.941
1883 -104.733
1884 -104.573
1885 -104.572
1886 -104.577
1887 -104.761
1888 -105.166
1889 -105.806
1890 -106.349
1891 -106.768
1892 -107.022
1893 -107.216
1894 -107.401
1895 -107.42
1896 -107.412
1897 -107.291
1898 -107.131
1899 -106.888
1900 -106.674
1901 -106.53
1902 -106.592
1903 -106.765
1904 -106.994
1905 -107.18
1906 -107.14
1907 -106.871
1908 -106.548
1909 -106.452
1910 -106.591
1911 -106.9
1912 -107.155
1913 -107.332
1914 -107.559
1915 -107.612
1916 -107.445
1917 -107.029
1918 -106.414
1919 -105.83
1920 -105.406
1921 -105.155
1922 -104.867
1923 -104.681
1924 -104.646
1925 -104.566
1926 -104.374
1927 -104.241
1928 -104.18
1929 -104.232
1930 -104.611
1931 -105.26
1932 -105.862
1933 -106.202
1934 -106.441
1935 -106.671
1936 -106.885
1937 -107.052
1938 -107.057
1939 -106.953
1940 -106.734
1941 -106.493
1942 -106.275
1943 -106.055
1944 -106.077
1945 -106.296
1946 -106.569
1947 -106.746
1948 -106.802
1949 -106.687
1950 -106.408
1951 -106.215
1952 -106.228
1953 -106.479
1954 -106.861
1955 -107.224
1956 -107.419
1957 -107.439
1958 -107.269
1959 -106.97
1960 -106.479
1961 -105.867
1962 -105.356
1963 -104.958
1964 -104.712
1965 -104.53
1966 -104.507
1967 -104.43
1968 -104.298
1969 -104.205
1970 -104.129
1971 -104.212
1972 -104.502
1973 -105.055
1974 -105.567
1975 -105.958
1976 -106.28
1977 -106.558
1978 -106.899
1979 -107.204
1980 -107.454
1981 -107.697
1982 -107.772
1983 -107.713
1984 -107.589
1985 -107.628
1986 -107.961
1987 -108.526
1988 -109.173
1989 -109.797
1990 -110.339
1991 -110.627
1992 -110.824
1993 -110.956
1994 -111.311
1995 -111.774
1996 -112.245
1997 -112.664
1998 -113.25
1999 -113.929
2000 -114.674
2001 -115.306
2002 -115.803
2003 -116.105
2004 -116.253
2005 -116.281
2006 -116.31
2007 -116.517
2008 -116.918
2009 -117.47
2010 -118.078
2011 -118.559
2012 -118.861
2013 -118.91
2014 -118.894
2015 -118.8
2016 -118.662
2017 -118.515
2018 -118.453
2019 -118.461
2020 -118.494
2021 -118.47
2022 -118.343
2023 -118.144
2024 -117.868
2025 -117.525
2026 -117.206
2027 -117.023
2028 -116.966
2029 -116.889
2030 -116.721
2031 -116.365
2032 -115.962
2033 -115.578
2034 -115.243
2035 -114.93
2036 -114.608
2037 -114.269
2038 -113.9
2039 -113.558
2040 -113.187
2041 -112.808
2042 -112.426
2043 -112.071
2044 -111.778
2045 -111.518
2046 -111.33
2047 -111.149
2048 -110.945
2049 -110.718
2050 -110.482
2051 -110.227
2052 -109.993
2053 -109.869
2054 -109.772
2055 -109.76
2056 -109.7
2057 -109.596
2058 -109.418
2059 -109.24
2060 -109.118
2061 -109.09
2062 -109.089
2063 -109.072
2064 -108.978
2065 -108.846
2066 -108.753
2067 -108.657
2068 -108.572
2069 -108.504
2070 -108.461
2071 -108.44
2072 -108.472
2073 -108.492
2074 -108.51
2075 -108.486
2076 -108.463
2077 -108.427
2078 -108.393
2079 -108.316
2080 -108.269
2081 -108.241
2082 -108.241
2083 -108.26
2084 -108.248
2085 -108.24
2086 -108.197
2087 -108.136
2088 -108.066
2089 -108.013
2090 -107.985
2091 -108.007
2092 -108.04
2093 -108.04
2094 -108.021
2095 -107.984
2096 -107.933
2097 -107.876
2098 -107.87
2099 -107.87
2100 -107.899
2101 -107.89
2102 -107.882
2103 -107.848
2104 -107.84
2105 -107.842
2106 -107.875
2107 -107.889
2108 -107.877
2109 -107.862
2110 -107.862
2111 -107.888
2112 -107.954
2113 -108.69
2114 -109.17
2115 -109.123
2116 -109.074
2117 -109.28
2118 -109.915
2119 -110.828
2120 -111.737
2121 -112.447
2122 -112.885
2123 -113.177
2124 -113.451
2125 -113.809
2126 -114.287
2127 -114.877
2128 -115.472
2129 -116.018
2130 -116.477
2131 -116.903
2132 -117.343
2133 -117.894
2134 -118.527
2135 -119.145
2136 -119.734
2137 -120.243
2138 -120.849
2139 -121.484
2140 -122.167
2141 -122.889
2142 -123.6
2143 -124.294
2144 -124.877
2145 -125.384
2146 -125.693
2147 -126.033
2148 -126.296
2149 -126.575
2150 -126.777
2151 -126.89
2152 -126.908
2153 -126.827
2154 -126.71
2155 -126.494
2156 -126.219
2157 -125.887
2158 -125.632
2159 -125.536
2160 -125.428
2161 -125.222
2162 -124.987
2163 -124.685
2164 -124.524
2165 -124.345
2166 -124.144
2167 -123.859
2168 -123.566
2169 -123.362
2170 -123.03
2171 -122.662
2172 -122.277
2173 -121.874
2174 -121.558
2175 -121.196
2176 -120.872
2177 -120.479
2178 -120.137
2179 -119.776
2180 -119.62
2181 -119.571
2182 -119.619
2183 -119.738
2184 -119.718
2185 -119.521
2186 -119.26
2187 -119.09
2188 -118.883
2189 -118.55
2190 -118.109
2191 -117.733
2192 -117.603
2193 -117.532
2194 -117.63
2195 -117.755
2196 -117.766
2197 -117.394
2198 -116.793
2199 -116.211
2200 -115.802
2201 -115.575
2202 -115.47
2203 -115.642
2204 -115.919
2205 -116.183
2206 -116.254
2207 -116.174
2208 -115.923
2209 -115.544
2210 -115.295
2211 -115.077
2212 -115.034
2213 -115.204
2214 -115.77
2215 -116.428
2216 -116.857
2217 -117.006
2218 -116.983
2219 -116.751
2220 -116.624
2221 -116.559
2222 -116.496
2223 -116.567
2224 -116.796
2225 -117.038
2226 -117.222
2227 -117.473
2228 -117.589
2229 -117.492
2230 -117.456
2231 -117.323
2232 -116.954
2233 -116.516
2234 -116.18
2235 -116.084
2236 -116.152
2237 -116.446
2238 -116.586
2239 -116.555
2240 -116.321
2241 -115.862
2242 -115.503
2243 -115.296
2244 -115.24
2245 -115.204
2246 -115.391
2247 -115.618
2248 -115.708
2249 -115.679
2250 -115.563
2251 -115.289
2252 -114.963
2253 -114.733
2254 -114.558
2255 -114.585
2256 -115.02
2257 -115.78
2258 -116.497
2259 -117.013
2260 -117.047
2261 -116.859
2262 -116.636
2263 -116.628
2264 -116.644
2265 -116.732
2266 -116.94
2267 -117.235
2268 -117.532
2269 -117.649
2270 -117.778
2271 -117.791
2272 -117.784
2273 -117.665
2274 -117.432
2275 -117.095
2276 -116.755
2277 -116.63
2278 -116.735
2279 -116.921
2280 -117.212
2281 -117.174
2282 -116.875
2283 -116.333
2284 -115.84
2285 -115.508
2286 -115.319
2287 -115.188
2288 -115.351
2289 -115.649
2290 -115.894
2291 -116.012
2292 -115.972
2293 -115.784
2294 -115.55
2295 -115.351
2296 -115.124
2297 -115.072
2298 -115.38
2299 -115.937
2300 -116.535
2301 -117.11
2302 -117.409
2303 -117.269
2304 -117.02
2305 -116.979
2306 -116.895
2307 -116.877
2308 -117.012
2309 -117.221
2310 -117.44
2311 -117.697
2312 -117.87
2313 -117.933
2314 -117.912
2315 -117.716
2316 -117.465
2317 -117.086
2318 -116.735
2319 -116.667
2320 -116.672
2321 -116.811
2322 -116.943
2323 -116.987
2324 -116.859
2325 -116.567
2326 -116.239
2327 -115.928
2328 -115.727
2329 -115.687
2330 -115.72
2331 -115.918
2332 -116.038
2333 -116.073
2334 -116.007
2335 -115.879
2336 -115.667
2337 -115.353
2338 -115.045
2339 -114.89
2340 -115.181
2341 -115.816
2342 -116.54
2343 -117.155
2344 -117.512
2345 -117.517
2346 -117.32
2347 -117.126
2348 -117.036
2349 -117.001
2350 -117.094
2351 -117.322
2352 -117.635
2353 -117.948
2354 -118.155
2355 -118.206
2356 -118.142
2357 -118.149
2358 -117.962
2359 -117.547
2360 -117.073
2361 -116.789
2362 -116.82
2363 -117.026
2364 -117.259
2365 -117.385
2366 -117.126
2367 -116.581
2368 -115.979
2369 -115.591
2370 -115.45
2371 -115.469
2372 -115.576
2373 -115.78
2374 -116.002
2375 -116.169
2376 -116.178
2377 -116.052
2378 -115.862
2379 -115.629
2380 -115.339
2381 -115.256
2382 -115.402
2383 -115.854
2384 -116.486
2385 -117.158
2386 -117.604
2387 -117.695
2388 -117.506
2389 -117.311
2390 -117.249
2391 -117.187
2392 -117.273
2393 -117.365
2394 -117.64
2395 -117.926
2396 -118.182
2397 -118.33
2398 -118.254
2399 -118.094
2400 -117.869
2401 -117.522
2402 -117.15
2403 -116.96
2404 -117.016
2405 -117.181
2406 -117.378
2407 -117.306
2408 -117.133
2409 -116.831
2410 -116.52
2411 -116.179
2412 -115.955
2413 -115.749
2414 -115.686
2415 -115.801
2416 -116.073
2417 -116.193
2418 -116.156
2419 -116.053
2420 -115.738
2421 -115.459
2422 -115.25
2423 -115.076
2424 -115.149
2425 -115.729
2426 -116.401
2427 -117.092
2428 -117.506
2429 -117.653
2430 -117.491
2431 -117.33
2432 -117.158
2433 -117.077
2434 -117.059
2435 -117.279
2436 -117.642
2437 -117.984
2438 -118.203
2439 -118.23
2440 -118.165
2441 -118.039
2442 -117.925
2443 -117.705
2444 -117.312
2445 -116.998
2446 -116.959
2447 -117.005
2448 -117.199
2449 -117.354
2450 -117.242
2451 -116.907
2452 -116.494
2453 -116.061
2454 -115.766
2455 -115.633
2456 -115.704
2457 -115.929
2458 -116.18
2459 -116.331
2460 -116.309
2461 -116.245
2462 -116.06
2463 -115.799
2464 -115.539
2465 -115.355
2466 -115.407
2467 -115.806
2468 -116.435
2469 -117.06
2470 -117.625
2471 -117.859
2472 -117.753
2473 -117.457
2474 -117.297
2475 -117.23
2476 -117.316
2477 -117.464
2478 -117.74
2479 -118.037
2480 -118.29
2481 -118.34
2482 -118.349
2483 -118.329
2484 -118.233
2485 -117.949
2486 -117.606
2487 -117.269
2488 -117.097
2489 -117.091
2490 -117.245
2491 -117.344
2492 -117.231
2493 -117.017
2494 -116.602
2495 -116.36
2496 -116.154
2497 -115.959
2498 -115.875
2499 -116.023
2500 -116.165
2501 -116.316
2502 -116.279
2503 -116.23
2504 -115.939
2505 -115.775
2506 -115.495
2507 -115.289
2508 -115.239
2509 -115.607
2510 -116.279
2511 -117.041
2512 -117.697
2513 -118.031
2514 -117.885
2515 -117.652
2516 -117.514
2517 -117.521
2518 -117.546
2519 -117.602
2520 -117.829
2521 -118.091
2522 -118.37
2523 -118.531
2524 -118.552
2525 -118.365
2526 -118.166
2527 -117.839
2528 -117.408
2529 -117.157
2530 -117.104
2531 -117.134
2532 -117.292
2533 -117.485
2534 -117.438
2535 -117.124
2536 -116.579
2537 -115.951
2538 -115.361
2539 -114.811
2540 -114.516
2541 -114.38
2542 -114.356
2543 -114.205
2544 -113.9
2545 -113.516
2546 -112.96
2547 -112.427
2548 -111.861
2549 -111.254
2550 -110.755
2551 -110.49
2552 -110.526
2553 -110.597
2554 -110.695
2555 -110.701
2556 -110.369
2557 -109.895
2558 -109.334
2559 -108.605
2560 -107.925
2561 -107.346
2562 -106.85
2563 -106.503
2564 -106.105
2565 -105.775
2566 -105.391
2567 -105.201
2568 -105.089
2569 -105.035
2570 -104.869
2571 -104.588
2572 -104.196
2573 -103.835
2574 -103.559
2575 -103.402
2576 -103.441
2577 -103.577
2578 -103.703
2579 -103.823
2580 -103.879
2581 -103.935
2582 -103.976
2583 -104.099
2584 -104.309
2585 -104.667
2586 -105.111
2587 -105.532
2588 -105.931
2589 -106.219
2590 -106.454
2591 -106.624
2592 -106.821
2593 -107.101
2594 -107.5
2595 -107.944
2596 -108.413
2597 -108.791
2598 -109.228
2599 -109.597
2600 -109.884
2601 -110.097
2602 -110.331
2603 -110.546
2604 -110.748
2605 -110.882
2606 -111.014
2607 -111.156
2608 -111.396
2609 -111.652
2610 -111.911
2611 -112.127
2612 -112.287
2613 -112.358
2614 -112.362
2615 -112.402
2616 -112.43
2617 -112.496
2618 -112.585
2619 -112.675
2620 -112.72
2621 -112.779
2622 -112.863
2623 -112.957
2624 -112.97
2625 -112.937
2626 -112.91
2627 -112.941
2628 -113.041
2629 -113.179
2630 -113.27
2631 -113.32
2632 -113.3
2633 -113.275
2634 -113.213
2635 -113.234
2636 -113.286
2637 -113.376
2638 -113.457
2639 -113.48
2640 -113.488
2641 -113.482
2642 -113.425
2643 -113.388
2644 -113.359
2645 -113.397
2646 -113.416
2647 -113.43
2648 -113.417
2649 -113.377
2650 -113.38
2651 -113.393
2652 -113.444
2653 -113.455
2654 -113.47
2655 -113.481
2656 -113.506
2657 -113.52
2658 -113.548
2659 -113.552
2660 -113.546
2661 -113.53
2662 -113.521
2663 -113.54
2664 -113.577
2665 -113.593
2666 -113.615
2667 -113.575
2668 -113.52
2669 -113.44
2670 -112.715
2671 -112.232
2672 -112.224
2673 -112.246
2674 -112.038
2675 -111.386
2676 -110.487
2677 -109.606
2678 -108.936
2679 -108.537
2680 -108.257
2681 -108.054
2682 -107.764
2683 -107.418
2684 -106.903
2685 -106.298
2686 -105.631
2687 -105.097
2688 -104.67
2689 -104.296
2690 -103.903
2691 -103.447
2692 -102.949
2693 -102.44
2694 -101.962
2695 -101.483
2696 -100.869
2697 -100.226
2698 -99.5899
2699 -98.9582
2700 -98.3231
2701 -97.8022
2702 -97.262
2703 -96.774
2704 -96.3853
2705 -96.1191
2706 -95.9895
2707 -95.9184
2708 -95.8615
2709 -95.7134
2710 -95.4813
2711 -95.3163
2712 -95.2432
2713 -95.3593
2714 -95.6419
2715 -96.0256
2716 -96.3015
2717 -96.5326
2718 -96.7449
2719 -96.9877
2720 -97.3613
2721 -97.8358
2722 -98.3901
2723 -99.0034
2724 -99.5878
2725 -100.052
2726 -100.346
2727 -100.648
2728 -101.05
2729 -101.517
2730 -102.037
2731 -102.406
2732 -102.752
2733 -102.971
2734 -102.998
2735 -102.918
2736 -102.841
2737 -102.863
2738 -103.008
2739 -103.093
2740 -103.198
2741 -103.272
2742 -103.282
2743 -103.278
2744 -103.303
2745 -103.429
2746 -103.586
2747 -103.854
2748 -104.259
2749 -104.882
2750 -105.406
2751 -105.828
2752 -106.076
2753 -106.267
2754 -106.433
2755 -106.702
2756 -106.951
2757 -107.034
2758 -106.937
2759 -106.811
2760 -106.618
2761 -106.505
2762 -106.619
2763 -106.839
2764 -106.965
2765 -107.095
2766 -107.137
2767 -107.192
2768 -107.136
2769 -107.108
2770 -107.203
2771 -107.494
2772 -107.816
2773 -107.954
2774 -108.026
2775 -108.132
2776 -108.263
2777 -108.192
2778 -107.797
2779 -107.187
2780 -106.615
2781 -106.163
2782 -105.836
2783 -105.59
2784 -105.51
2785 -105.472
2786 -105.325
2787 -105.132
2788 -105.084
2789 -105.049
2790 -105.192
2791 -105.696
2792 -106.285
2793 -106.784
2794 -107.149
2795 -107.429
2796 -107.706
2797 -107.955
2798 -108.22
2799 -108.244
2800 -108.025
2801 -107.755
2802 -107.46
2803 -107.23
2804 -107.111
2805 -107.364
2806 -107.608
2807 -107.78
2808 -107.817
2809 -107.784
2810 -107.618
2811 -107.316
2812 -107.208
2813 -107.364
2814 -107.734
2815 -108.136
2816 -108.393
2817 -108.457
2818 -108.404
2819 -108.156
2820 -107.763
2821 -107.224
2822 -106.672
2823 -106.212
2824 -105.907
2825 -105.726
2826 -105.687
2827 -105.666
2828 -105.576
2829 -105.34
2830 -105.145
2831 -104.971
2832 -105.023
2833 -105.442
2834 -106.066
2835 -106.667
2836 -107.103
2837 -107.413
2838 -107.655
2839 -107.839
2840 -107.998
2841 -108.011
2842 -107.929
2843 -107.695
2844 -107.4
2845 -107.113
2846 -106.89
2847 -106.967
2848 -107.299
2849 -107.621
2850 -107.698
2851 -107.702
2852 -107.608
2853 -107.364
2854 -107.212
2855 -107.309
2856 -107.517
2857 -107.794
2858 -108.061
2859 -108.207
2860 -108.234
2861 -108.097
2862 -107.833
2863 -107.294
2864 -106.742
2865 -106.301
2866 -105.942
2867 -105.693
2868 -105.562
2869 -105.514
2870 -105.394
2871 -105.236
2872 -105.16
2873 -105.12
2874 -105.196
2875 -105.475
2876 -106.024
2877 -106.592
2878 -107.027
2879 -107.371
2880 -107.557
2881 -107.762
2882 -107.951
2883 -108.091
2884 -107.932
2885 -107.678
2886 -107.43
2887 -107.191
2888 -106.937
2889 -106.887
2890 -107.122
2891 -107.427
2892 -107.637
2893 -107.679
2894 -107.546
2895 -107.296
2896 -107.094
2897 -107.115
2898 -107.318
2899 -107.651
2900 -107.916
2901 -108.108
2902 -108.21
2903 -108.178
2904 -107.901
2905 -107.377
2906 -106.797
2907 -106.268
2908 -105.901
2909 -105.678
2910 -105.54
2911 -105.506
2912 -105.475
2913 -105.364
2914 -105.189
2915 -104.993
2916 -104.91
2917 -105.098
2918 -105.572
2919 -106.197
2920 -106.685
2921 -107.144
2922 -107.5
2923 -107.727
2924 -107.772
2925 -107.828
2926 -107.695
2927 -107.536
2928 -107.367
2929 -107.253
2930 -106.998
2931 -106.914
2932 -107.076
2933 -107.412
2934 -107.542
2935 -107.55
2936 -107.507
2937 -107.346
2938 -107.159
2939 -107.148
2940 -107.249
2941 -107.498
2942 -107.907
2943 -108.153
2944 -108.267
2945 -108.126
2946 -107.828
2947 -107.354
2948 -106.757
2949 -106.282
2950 -105.921
2951 -105.601
2952 -105.384
2953 -105.32
2954 -105.172
2955 -105.106
2956 -104.995
2957 -104.913
2958 -104.814
2959 -105.069
2960 -105.473
2961 -106.008
2962 -106.501
2963 -107.056
2964 -107.445
2965 -107.75
2966 -107.889
2967 -107.87
2968 -107.68
2969 -107.412
2970 -107.129
2971 -106.952
2972 -106.739
2973 -106.653
2974 -106.772
2975 -107.017
2976 -107.172
2977 -107.21
2978 -107.125
2979 -106.981
2980 -106.919
2981 -106.893
2982 -106.989
2983 -107.214
2984 -107.559
2985 -107.931
2986 -108.156
2987 -108.178
2988 -107.947
2989 -107.458
2990 -106.79
2991 -106.2
2992 -105.753
2993 -105.512
2994 -105.356
2995 -105.22
2996 -105.092
2997 -104.93
2998 -104.796
2999 -104.713
3000 -104.67
3001 -104.794
3002 -105.249
3003 -105.944
3004 -106.482
3005 -106.821
3006 -107.143
3007 -107.472
3008 -107.69
3009 -107.705
3010 -107.621
3011 -107.332
3012 -107.098
3013 -106.96
3014 -106.735
3015 -106.541
3016 -106.679
3017 -107.016
3018 -107.288
3019 -107.32
3020 -107.15
3021 -106.917
3022 -106.67
3023 -106.633
3024 -106.683
3025 -106.935
3026 -107.233
3027 -107.549
3028 -107.724
3029 -107.669
3030 -107.415
3031 -107.064
3032 -106.487
3033 -105.94
3034 -105.498
3035 -105.208
3036 -104.955
3037 -104.851
3038 -104.786
3039 -104.658
3040 -104.5
3041 -104.353
3042 -104.354
3043 -104.433
3044 -104.808
3045 -105.383
3046 -106.018
3047 -106.379
3048 -106.684
3049 -106.851
3050 -107.058
3051 -107.221
3052 -107.24
3053 -107.087
3054 -106.904
3055 -106.679
3056 -106.389
3057 -106.14
3058 -106.2
3059 -106.458
3060 -106.746
3061 -106.832
3062 -106.801
3063 -106.618
3064 -106.427
3065 -106.413
3066 -106.466
3067 -106.667
3068 -106.972
3069 -107.319
3070 -107.564
3071 -107.595
3072 -107.402
3073 -107.1
3074 -106.631
3075 -106.027
3076 -105.487
3077 -105.135
3078 -104.865
3079 -104.77
3080 -104.778
3081 -104.714
3082 -104.539
3083 -104.395
3084 -104.286
3085 -104.313
3086 -104.626
3087 -105.095
3088 -105.625
3089 -106.009
3090 -106.432
3091 -106.835
3092 -107.18
3093 -107.516
3094 -107.699
3095 -107.77
3096 -107.742
3097 -107.75
3098 -107.79
3099 -107.821
3100 -108.131
3101 -108.707
3102 -109.426
3103 -110.06
3104 -110.497
3105 -110.736
3106 -110.883
3107 -111.154
3108 -111.508
3109 -111.92
3110 -112.297
3111 -112.833
3112 -113.507
3113 -114.21
3114 -114.87
3115 -115.459
3116 -115.896
3117 -116.293
3118 -116.423
3119 -116.423
3120 -116.408
3121 -116.6
3122 -117.143
3123 -117.736
3124 -118.263
3125 -118.689
3126 -118.977
3127 -119.162
3128 -119.13
3129 -119.008
3130 -118.834
3131 -118.724
3132 -118.756
3133 -118.773
3134 -118.742
3135 -118.617
3136 -118.444
3137 -118.193
3138 -117.946
3139 -117.692
3140 -117.542
3141 -117.405
3142 -117.3
3143 -117.091
3144 -116.845
3145 -116.53
3146 -116.218
3147 -115.906
3148 -115.506
3149 -115.152
3150 -114.83
3151 -114.523
3152 -114.201
3153 -113.822
3154 -113.438
3155 -113.066
3156 -112.739
3157 -112.376
3158 -112.049
3159 -111.731
3160 -111.443
3161 -111.245
3162 -111.029
3163 -110.875
3164 -110.676
3165 -110.439
3166 -110.154
3167 -109.947
3168 -109.812
3169 -109.732
3170 -109.702
3171 -109.65
3172 -109.572
3173 -109.438
3174 -109.327
3175 -109.275
3176 -109.242
3177 -109.206
3178 -109.149
3179 -109.053
3180 -108.931
3181 -108.819
3182 -108.771
3183 -108.769
3184 -108.75
3185 -108.721
3186 -108.672
3187 -108.609
3188 -108.571
3189 -108.546
3190 -108.523
3191 -108.48
3192 -108.43
3193 -108.366
3194 -108.325
3195 -108.339
3196 -108.347
3197 -108.376
3198 -108.39
3199 -108.378
3200 -108.359
3201 -108.33
3202 -108.312
3203 -108.284
3204 -108.255
3205 -108.258
3206 -108.262
3207 -108.27
3208 -108.252
3209 -108.215
3210 -108.187
3211 -108.159
3212 -108.159
3213 -108.15
3214 -108.169
3215 -108.184
3216 -108.19
3217 -108.178
3218 -108.157
3219 -108.139
3220 -108.125
3221 -108.157
3222 -108.173
3223 -108.187
3224 -108.17
3225 -108.158
3226 -108.16
3227 -108.146
3228 -108.131
3229 -108.15
3230 -108.15
3231 -108.17
3232 -108.175
3233 -108.17
3234 -108.18
3235 -108.148
3236 -108.125
3237 -108.103
3238 -108.101
3239 -108.125
3240 -108.14
3241 -108.126
3242 -108.1
3243 -108.1
3244 -108.124
3245 -108.16
3246 -108.17
3247 -108.161
3248 -108.134
3249 -108.12
3250 -108.124
3251 -108.15
3252 -108.16
3253 -108.174
3254 -108.18
3255 -108.183
3256 -108.153
3257 -108.141
3258 -108.15
3259 -108.159
3260 -108.18
3261 -108.172
3262 -108.186
3263 -108.176
3264 -108.18
3265 -108.18
3266 -108.18
3267 -108.173
3268 -108.173
3269 -108.18
3270 -108.192
3271 -108.21
3272 -108.234
3273 -108.223
3274 -108.212
3275 -108.183
3276 -108.171
3277 -108.191
3278 -108.21
3279 -108.206
3280 -108.192
3281 -108.192
3282 -108.206
3283 -108.219
3284 -108.21
3285 -108.183
3286 -108.177
3287 -108.19
3288 -108.203
3289 -108.22
3290 -108.22
3291 -108.219
3292 -108.23
3293 -108.207
3294 -108.2
3295 -108.2
3296 -108.211
3297 -108.23
3298 -108.248
3299 -108.252
3300 -108.242
3301 -108.237
3302 -108.23
3303 -108.225
3304 -108.229
3305 -108.24
3306 -108.24
3307 -108.252
3308 -108.254
3309 -108.27
3310 -108.26
3311 -108.26
3312 -108.25
3313 -108.264
3314 -108.27
3315 -108.276
3316 -108.28
3317 -108.262
3318 -108.242
3319 -108.242
3320 -108.263
3321 -108.301
3322 -108.31
3323 -108.282
3324 -108.267
3325 -108.28
3326 -108.274
3327 -108.29
3328 -108.3
3329 -108.31
3330 -108.319
3331 -108.297
3332 -108.275
3333 -108.267
3334 -108.256
3335 -108.28
3336 -108.298
3337 -108.302
3338 -108.3
3339 -108.3
3340 -108.298
3341 -108.285
3342 -108.3
3343 -108.3
3344 -108.3
3345 -108.312
3346 -108.314
3347 -108.321
3348 -108.335
3349 -108.322
3350 -108.317
3351 -108.303
3352 -108.318
3353 -108.316
3354 -108.32
3355 -108.316
3356 -108.31
3357 -108.318
3358 -108.34
3359 -108.369
3360 -108.349
3361 -108.33
3362 -108.31
3363 -108.318
3364 -108.335
3365 -108.363
3366 -108.379
3367 -108.365
3368 -108.369
3369 -108.343
3370 -108.33
3371 -108.324
3372 -108.352
3373 -108.38
3374 -108.385
3375 -108.371
3376 -108.35
3377 -108.35
3378 -108.373
3379 -108.384
3380 -108.37
3381 -108.374
3382 -108.372
3383 -108.36
3384 -108.373
3385 -108.381
3386 -108.39
3387 -108.39
3388 -108.366
3389 -108.36
3390 -108.368
3391 -108.372
3392 -108.38
3393 -108.37
3394 -108.37
3395 -108.379
3396 -108.407
3397 -108.428
3398 -108.403
3399 -108.38
