0 -111.244
1 -109.606
2 -109.577
3 -110.868
4 -108.375
5 -109.37
6 -111.088
7 -110.261
8 -109.692
9 -110.426
10 -110.97
11 -108.68
12 -110.148
13 -109.712
14 -108.857
15 -108.486
16 -109.763
17 -109.268
18 -110.226
19 -108.638
20 -109.772
21 -108.589
22 -109.531
23 -109.755
24 -109.19
25 -108.709
26 -111.073
27 -109.777
28 -109.78
29 -108.535
30 -109.777
31 -110.045
32 -109.843
33 -110.674
34 -110.912
35 -107.994
36 -110.526
37 -110.642
38 -111.915
39 -111.455
40 -113.2
41 -114.793
42 -115.521
43 -113.609
44 -114.387
45 -115.351
46 -114.769
47 -115.06
48 -115.557
49 -115.128
50 -118.209
51 -117.882
52 -116.361
53 -119.223
54 -119.733
55 -120.329
56 -121.154
57 -122.611
58 -122.744
59 -123.822
60 -124.224
61 -124.299
62 -124.246
63 -123.894
64 -125.355
65 -123.934
66 -125.754
67 -126.518
68 -126.075
69 -127.753
70 -127.301
71 -129.633
72 -129.197
73 -129.431
74 -128.681
75 -130.291
76 -130.144
77 -129.616
78 -130.063
79 -130.871
80 -130.462
81 -129.932
82 -130.791
83 -131.101
84 -130.091
85 -130.495
86 -128.157
87 -127.488
88 -128.022
89 -127.684
90 -129.126
91 -126.612
92 -127.9
93 -126.857
94 -126.359
95 -126.701
96 -126.005
97 -125.374
98 -125.974
99 -124.512
100 -123.154
101 -123.298
102 -122.285
103 -121.405
104 -123.025
105 -123.676
106 -122.004
107 -120.2
108 -121.033
109 -121.305
110 -119.078
111 -119.483
112 -120.117
113 -120.91
114 -119.15
115 -120.324
116 -120.376
117 -120.221
118 -119.827
119 -118.072
120 -118.52
121 -120.072
122 -117.145
123 -118.349
124 -117.771
125 -117.48
126 -118.489
127 -118.87
128 -119.219
129 -118.77
130 -118.963
131 -118.193
132 -117.965
133 -118.519
134 -119.013
135 -117.425
136 -119.639
137 -119.542
138 -119.777
139 -119.507
140 -118.248
141 -118.727
142 -119.042
143 -118.622
144 -119.037
145 -118.673
146 -118.404
147 -117.949
148 -119.41
149 -118.361
150 -117.561
151 -119.766
152 -118.544
153 -119.435
154 -119.29
155 -116.478
156 -119.021
157 -117.311
158 -118.772
159 -116.846
160 -117.925
161 -116.902
162 -117.629
163 -117.162
164 -116.823
165 -116.351
166 -115.997
167 -117.781
168 -117.616
169 -115.807
170 -116.917
171 -115.209
172 -116.69
173 -117.438
174 -117.632
175 -117.431
176 -118.399
177 -117.189
178 -117.811
179 -117.207
180 -117.812
181 -118.832
182 -118.863
183 -118.911
184 -117.8
185 -117.582
186 -118.288
187 -119.845
188 -119.602
189 -119.196
190 -118.648
191 -117.859
192 -118.259
193 -118.241
194 -117.312
195 -116.507
196 -117.654
197 -119.278
198 -119.387
199 -119.207
200 -118.929
201 -117.819
202 -117.609
203 -117.419
204 -117.095
205 -116.306
206 -114.91
207 -116.322
208 -116.47
209 -116.4
210 -118.477
211 -117.019
212 -116.935
213 -116.924
214 -117.588
215 -117.119
216 -116.885
217 -114.967
218 -116.757
219 -115.761
220 -116.355
221 -116.284
222 -117.328
223 -118.775
224 -119.566
225 -117.628
226 -118.209
227 -118.524
228 -119.329
229 -119.491
230 -118.371
231 -117.377
232 -118.446
233 -118.282
234 -118.509
235 -119.178
236 -118.517
237 -118.86
238 -118.29
239 -119.204
240 -118.6
241 -119.011
242 -117.157
243 -117.851
244 -117.02
245 -119.36
246 -117.268
247 -117.377
248 -119.137
249 -117.538
250 -117.211
251 -116.638
252 -116.742
253 -116.678
254 -116.315
255 -117.836
256 -117.165
257 -117.526
258 -117.917
259 -116.914
260 -117.779
261 -116.942
262 -117.117
263 -117.066
264 -117.51
265 -117.055
266 -116.806
267 -118.135
268 -118.703
269 -118.571
270 -118.226
271 -117.628
272 -119.927
273 -118.159
274 -118.451
275 -118.967
276 -117.897
277 -118.888
278 -120.158
279 -119.294
280 -117.223
281 -119.636
282 -118.938
283 -120.025
284 -118.165
285 -119.721
286 -118.783
287 -118.535
288 -118.418
289 -119.006
290 -119.286
291 -119.846
292 -119.542
293 -119.711
294 -117.811
295 -118.235
296 -118.284
297 -117.45
298 -116.107
299 -117.309
300 -117.876
301 -116.022
302 -115.637
303 -118.345
304 -119.122
305 -118.501
306 -117.78
307 -116.864
308 -117.961
309 -118.207
310 -117.066
311 -116.551
312 -116.207
313 -117.147
314 -117.886
315 -118.127
316 -117.79
317 -119.546
318 -119.288
319 -120.525
320 -118.605
321 -118.552
322 -118.17
323 -118.615
324 -118.876
325 -119.064
326 -119.786
327 -120.108
328 -117.649
329 -118.758
330 -120.943
331 -120.407
332 -118.893
333 -117.991
334 -118.014
335 -117.994
336 -118.689
337 -119.283
338 -119.948
339 -120.406
340 -119.024
341 -119.48
342 -118.795
343 -117.16
344 -117.876
345 -117.137
346 -117.062
347 -116.565
348 -117.787
349 -116.648
350 -117.822
351 -118.109
352 -117.269
353 -116.609
354 -115.932
355 -116.833
356 -117.249
357 -117.767
358 -116.032
359 -117.401
360 -118.29
361 -118.628
362 -118.877
363 -117.997
364 -117.782
365 -119.563
366 -118.459
367 -119.577
368 -120.341
369 -118.789
370 -119.536
371 -119.5
372 -118.885
373 -119.906
374 -119.899
375 -121.208
376 -121.245
377 -119.593
378 -120.779
379 -119.796
380 -118.479
381 -118.428
382 -119.745
383 -119.844
384 -118.604
385 -118.434
386 -119.083
387 -119.233
388 -118.938
389 -118.514
390 -118.204
391 -117.876
392 -116.957
393 -117.31
394 -118.208
395 -116.837
396 -119.141
397 -118.565
398 -117.898
399 -116.079
400 -117.093
401 -118.169
402 -117.281
403 -115.617
404 -118.408
405 -117.231
406 -117.239
407 -119.264
408 -116.582
409 -117.856
410 -118.453
411 -118.034
412 -119.279
413 -118.294
414 -119.39
415 -120.341
416 -117.459
417 -119.176
418 -121.299
419 -119.722
420 -120.709
421 -119.627
422 -120.001
423 -119.766
424 -119.704
425 -118.771
426 -119.81
427 -119.484
428 -117.729
429 -117.563
430 -118.115
431 -117.342
432 -119.385
433 -119.328
434 -119.175
435 -117.564
436 -118.745
437 -118.328
438 -117.758
439 -117.276
440 -116.909
441 -117.445
442 -117.513
443 -116.972
444 -118.145
445 -117.665
446 -116.82
447 -119.049
448 -117.892
449 -117.94
450 -115.748
451 -116.67
452 -116.915
453 -117.277
454 -117.643
455 -117.732
456 -119.694
457 -119.159
458 -118.016
459 -119.241
460 -119.124
461 -119.487
462 -119.735
463 -118.095
464 -118.833
465 -118.407
466 -118.208
467 -118.551
468 -120.044
469 -118.983
470 -119.464
471 -120.104
472 -118.973
473 -118.278
474 -118.278
475 -120.616
476 -119.31
477 -118.304
478 -117.366
479 -117.824
480 -119.508
481 -119.387
482 -118.297
483 -118.293
484 -118.488
485 -119.848
486 -117.016
487 -118.121
488 -118.177
489 -117.968
490 -117.822
491 -117.129
492 -117.312
493 -118.703
494 -116.675
495 -117.007
496 -117.069
497 -116.677
498 -116.334
499 -116.517
500 -116.739
501 -116.626
502 -116.985
503 -119.576
504 -118.861
505 -120.173
506 -118.759
507 -119.612
508 -120.791
509 -118.919
510 -117.317
511 -118.248
512 -119.051
513 -119.126
514 -118.445
515 -118.139
516 -116.673
517 -117.681
518 -118.59
519 -116.907
520 -116.553
521 -116.717
522 -115.64
523 -113.984
524 -113.35
525 -114.095
526 -114.109
527 -114.366
528 -114.028
529 -110.873
530 -110.819
531 -112.665
532 -109.813
533 -109.851
534 -108.821
535 -108.761
536 -107.288
537 -105.621
538 -105.835
539 -106.09
540 -106.31
541 -105.068
542 -105.962
543 -104.736
544 -103.597
545 -103.362
546 -102.669
547 -102.509
548 -103.103
549 -102.298
550 -102.179
551 -102.926
552 -102.805
553 -102.141
554 -102.072
555 -102.271
556 -102.185
557 -100.579
558 -102.03
559 -101.137
560 -101.417
561 -99.9081
562 -99.6314
563 -100.402
564 -100.714
565 -99.4613
566 -102.327
567 -101.214
568 -101.067
569 -100.242
570 -100.255
571 -99.8096
572 -100.045
573 -100.748
574 -96.6307
575 -97.733
576 -97.6911
577 -96.6698
578 -96.9806
579 -96.7086
580 -94.8177
581 -94.5583
582 -94.9106
583 -94.8232
584 -95.6038
585 -94.3323
586 -95.3029
587 -93.1512
588 -94.3055
589 -94.2469
590 -93.7403
591 -93.0186
592 -92.4672
593 -92.5218
594 -91.4812
595 -91.679
596 -93.096
597 -93.5061
598 -92.0347
599 -93.1435
600 -94.326
601 -94.3746
602 -96.0533
603 -95.4909
604 -94.9324
605 -95.3714
606 -94.985
607 -95.7161
608 -96.5917
609 -95.2937
610 -98.1187
611 -97.2776
612 -97.1708
613 -97.7695
614 -98.9828
615 -99.9078
616 -101.076
617 -101.279
618 -102.06
619 -103.558
620 -102.874
621 -104.424
622 -104.803
623 -104.143
624 -103.74
625 -103.825
626 -103.323
627 -105.145
628 -104.286
629 -104.215
630 -106.256
631 -108.16
632 -106.494
633 -106.092
634 -104.941
635 -107.42
636 -106.878
637 -106.65
638 -104.583
639 -104.793
640 -106.299
641 -108.652
642 -107.384
643 -108.104
644 -107.833
645 -108.607
646 -107.512
647 -108.366
648 -107.035
649 -107.494
650 -106.94
651 -106.34
652 -104.408
653 -105.763
654 -104.507
655 -105.981
656 -104.03
657 -106.003
658 -106.672
659 -104.369
660 -103.832
661 -105.001
662 -104.498
663 -105.623
664 -105.735
665 -108.253
666 -107.86
667 -107.375
668 -108.041
669 -107.773
670 -107.971
671 -107.871
672 -108.547
673 -108.463
674 -108.378
675 -107.472
676 -107.354
677 -107.826
678 -108.893
679 -108.435
680 -107.403
681 -109.606
682 -107.924
683 -107.111
684 -106.862
685 -109.121
686 -107.616
687 -106.962
688 -108.206
689 -108.162
690 -109.686
691 -108.536
692 -107.498
693 -109.027
694 -106.915
695 -108.11
696 -106.866
697 -106.44
698 -107.023
699 -106.918
700 -106.248
701 -105.812
702 -106.183
703 -104.507
704 -105.691
705 -105.59
706 -106.173
707 -105.744
708 -104.968
709 -106.86
710 -105.99
711 -106.523
712 -105.951
713 -108.824
714 -107.835
715 -107.727
716 -108.397
717 -108.944
718 -108.928
719 -107.257
720 -108.667
721 -109.184
722 -108.775
723 -107.044
724 -107.307
725 -108.077
726 -108.963
727 -109.487
728 -106.907
729 -106.639
730 -108.164
731 -108.723
732 -107.539
733 -107.088
734 -105.563
735 -108.989
736 -108.301
737 -109.184
738 -109.474
739 -108.301
740 -108.123
741 -108.66
742 -107.568
743 -106.903
744 -106.679
745 -105.775
746 -104.489
747 -105.948
748 -105.457
749 -105.104
750 -104.855
751 -104.964
752 -105.931
753 -104.909
754 -105.926
755 -107.123
756 -107.481
757 -105.724
758 -105.838
759 -107.649
760 -107.156
761 -108.348
762 -108.59
763 -108.073
764 -107.446
765 -107.751
766 -108.85
767 -108.585
768 -107.871
769 -107.686
770 -107.101
771 -108.461
772 -105.441
773 -107.434
774 -107.958
775 -108.547
776 -107.889
777 -108.562
778 -109.213
779 -106.768
780 -108.773
781 -108.312
782 -107.284
783 -107.86
784 -108.543
785 -109.146
786 -109.54
787 -107.197
788 -108.518
789 -107.616
790 -107.111
791 -105.159
792 -106.188
793 -106.125
794 -106.064
795 -106.098
796 -105.842
797 -106.112
798 -105.291
799 -105.375
800 -104.985
801 -104.825
802 -104.799
803 -106.405
804 -107.997
805 -107.241
806 -107.34
807 -107.854
808 -108.524
809 -107.011
810 -108.646
811 -107.766
812 -108.051
813 -108.361
814 -108.223
815 -108.636
816 -107.536
817 -107.669
818 -107.201
819 -108.047
820 -107.786
821 -107.786
822 -108.565
823 -107.762
824 -107.866
825 -108.479
826 -106.253
827 -107.502
828 -108.588
829 -107.437
830 -108.65
831 -110.263
832 -107.859
833 -108.54
834 -107.524
835 -107.016
836 -107.374
837 -106.88
838 -107.018
839 -106.501
840 -104.387
841 -105.802
842 -106.705
843 -106.525
844 -105.633
845 -104.983
846 -104.479
847 -104.472
848 -105.175
849 -105.254
850 -105.174
851 -106.74
852 -106.513
853 -105.742
854 -106.982
855 -108.786
856 -107.303
857 -106.616
858 -107.96
859 -107.623
860 -107.465
861 -106.476
862 -107.705
863 -106.543
864 -107.17
865 -107.744
866 -108.123
867 -108.194
868 -106.46
869 -108.633
870 -108.569
871 -106.905
872 -108.431
873 -108.151
874 -108.776
875 -108.684
876 -108.872
877 -108.363
878 -107.695
879 -106.094
880 -108.143
881 -109.091
882 -106.745
883 -105.605
884 -105.559
885 -107.025
886 -104.99
887 -104.263
888 -105.874
889 -104.812
890 -104.781
891 -104.468
892 -105.346
893 -104.562
894 -103.969
895 -106.499
896 -105.359
897 -104.756
898 -105.403
899 -107.07
900 -105.318
901 -106.632
902 -106.855
903 -107.183
904 -107.32
905 -108.356
906 -108.387
907 -106.491
908 -107.424
909 -108.311
910 -106.592
911 -107.802
912 -108.019
913 -107.789
914 -108.586
915 -107.991
916 -107.175
917 -108.586
918 -106.577
919 -107.001
920 -106.842
921 -109.02
922 -108.357
923 -108.576
924 -108.526
925 -107.7
926 -107.367
927 -108.512
928 -108.418
929 -107.441
930 -107.014
931 -106.1
932 -106.365
933 -105.233
934 -105.158
935 -104.381
936 -104.368
937 -104.443
938 -106.918
939 -103.484
940 -103.981
941 -103.373
942 -105.602
943 -105.994
944 -106.332
945 -107.009
946 -106.713
947 -107.175
948 -107.3
949 -107.976
950 -107.04
951 -108.917
952 -109.479
953 -106.767
954 -108.526
955 -107.306
956 -108.475
957 -107.088
958 -107.305
959 -106.85
960 -107.995
961 -107.592
962 -106.288
963 -108.31
964 -107.33
965 -107.788
966 -107.111
967 -106.897
968 -106.918
969 -108.015
970 -107.144
971 -107.054
972 -108.661
973 -107.541
974 -107.73
975 -108.13
976 -106.436
977 -104.596
978 -106.883
979 -106.011
980 -106.58
981 -104.953
982 -104.494
983 -104.86
984 -105.247
985 -105.13
986 -104.712
987 -105.064
988 -105.698
989 -104.788
990 -106.159
991 -106.474
992 -106.951
993 -106.491
994 -107.267
995 -108.432
996 -106.906
997 -107.204
998 -107.976
999 -107.021
1000 -106.589
1001 -106.41
1002 -106.429
1003 -106.819
1004 -106.711
1005 -106.58
1006 -107.638
1007 -108.131
1008 -107.776
1009 -106.753
1010 -106.773
1011 -108.482
1012 -108.46
1013 -107.429
1014 -107.365
1015 -108.66
1016 -109.21
1017 -108.456
1018 -108.791
1019 -107.669
1020 -108.487
1021 -108.869
1022 -108.78
1023 -106.187
1024 -108.013
1025 -108.117
1026 -106.704
1027 -107.142
1028 -108.335
1029 -109.308
1030 -109.211
1031 -109.968
1032 -108.524
1033 -109.966
1034 -111.057
1035 -109.869
1036 -110.591
1037 -111.207
1038 -112.572
1039 -113.589
1040 -113.391
1041 -112.684
1042 -114.559
1043 -116.564
1044 -116.563
1045 -117.625
1046 -117.628
1047 -116.918
1048 -119.643
1049 -116.719
1050 -118.769
1051 -118.525
1052 -120.047
1053 -119.009
1054 -120.682
1055 -119.536
1056 -121.316
1057 -121.55
1058 -121.1
1059 -122.104
1060 -120.624
1061 -121.497
1062 -122.654
1063 -122.65
1064 -123.158
1065 -122.942
1066 -122.814
1067 -122.373
1068 -122.142
1069 -124.908
1070 -123.393
1071 -125.07
1072 -124.719
1073 -122.372
1074 -124.608
1075 -123.479
1076 -124.429
1077 -125.461
1078 -125.108
1079 -125.084
1080 -125.495
1081 -124.435
1082 -126.437
1083 -124.648
1084 -126.607
1085 -127.61
1086 -128.063
1087 -127.981
1088 -129.982
1089 -128.863
1090 -128.721
1091 -129.876
1092 -130.246
1093 -130.206
1094 -129.759
1095 -129.845
1096 -130.106
1097 -129.278
1098 -129.53
1099 -129.81
1100 -131.526
1101 -129.928
1102 -131.576
1103 -131.595
1104 -131.8
1105 -129.796
1106 -131.157
1107 -131.837
1108 -130.846
1109 -131.037
1110 -130.486
1111 -130.15
1112 -130.142
1113 -127.843
1114 -127.963
1115 -127.927
1116 -125.928
1117 -126.551
1118 -125.148
1119 -125.876
1120 -124.772
1121 -123.52
1122 -122.626
1123 -123.891
1124 -122.712
1125 -121.148
1126 -120.338
1127 -122.358
1128 -121.155
1129 -120.077
1130 -119.683
1131 -119.376
1132 -118.769
1133 -118.797
1134 -119.454
1135 -119.9
1136 -120.154
1137 -118.72
1138 -117.869
1139 -116.821
1140 -117.209
1141 -116.899
1142 -116.9
1143 -118.359
1144 -116.541
1145 -117.512
1146 -117.251
1147 -118.056
1148 -118.037
1149 -117.552
1150 -116.557
1151 -117.947
1152 -117.475
1153 -118.774
1154 -118.233
1155 -117.7
1156 -119.036
1157 -119.115
1158 -120.406
1159 -119.832
1160 -118.48
1161 -119.006
1162 -117.319
1163 -118.252
1164 -117.127
1165 -117.78
1166 -116.772
1167 -116.571
1168 -119.037
1169 -118.162
1170 -117.288
1171 -118.787
1172 -117.34
1173 -118.314
1174 -117.554
1175 -117.183
1176 -117.058
1177 -115.958
1178 -116.148
1179 -114.067
1180 -115.118
1181 -115.47
1182 -116.192
1183 -117.005
1184 -117.726
1185 -115.171
1186 -114.126
1187 -116.75
1188 -116.149
1189 -115.613
1190 -114.417
1191 -116.162
1192 -113.665
1193 -115.905
1194 -115.651
1195 -116.693
1196 -117.237
1197 -117.211
1198 -116
1199 -115.434
1200 -117.521
1201 -117.035
1202 -118.426
1203 -115.952
1204 -119.24
1205 -117.639
1206 -118.169
1207 -117.661
1208 -117.98
1209 -118.545
1210 -119.146
1211 -117.217
1212 -117.378
1213 -117.677
1214 -118.631
1215 -116.678
1216 -116.729
1217 -117.05
1218 -115.904
1219 -117.271
1220 -117.008
1221 -116.542
1222 -115.958
1223 -115.915
1224 -115.915
1225 -114.719
1226 -114.182
1227 -114.804
1228 -116.286
1229 -115.53
1230 -116.732
1231 -116.218
1232 -116.138
1233 -116.095
1234 -114.687
1235 -116.148
1236 -114.912
1237 -114.155
1238 -115.498
1239 -115.333
1240 -115.644
1241 -115.782
1242 -115.591
1243 -116.505
1244 -117.175
1245 -116.44
1246 -116.252
1247 -116.983
1248 -115.834
1249 -116.717
1250 -116.497
1251 -117.343
1252 -117.464
1253 -117.301
1254 -117.525
1255 -116.62
1256 -117.906
1257 -116.842
1258 -116.16
1259 -116.474
1260 -117.207
1261 -115.986
1262 -116.034
1263 -117.478
1264 -116.01
1265 -116.376
1266 -116.842
1267 -117.965
1268 -116.824
1269 -116.738
1270 -115.551
1271 -116.035
1272 -115.166
1273 -116.377
1274 -115.469
1275 -114.301
1276 -116.061
1277 -115.996
1278 -117.054
1279 -116.192
1280 -115.51
1281 -115.004
1282 -113.904
1283 -116.185
1284 -114.637
1285 -113.457
1286 -116.282
1287 -116.365
1288 -116.706
1289 -117.142
1290 -117.618
1291 -116.61
1292 -116.874
1293 -116.573
1294 -118.691
1295 -118.347
1296 -118.039
1297 -117.791
1298 -118.958
1299 -117.789
1300 -116.847
1301 -118.089
1302 -118.085
1303 -117.636
1304 -117.658
1305 -117.139
1306 -117.268
1307 -116.644
1308 -116.794
1309 -117.097
1310 -116.949
1311 -117.696
1312 -116.601
1313 -118.33
1314 -117.325
1315 -117.214
1316 -118.216
1317 -115.968
1318 -115.73
1319 -115.679
1320 -116.3
1321 -115.119
1322 -115.988
1323 -116.178
1324 -117.328
1325 -115.24
1326 -116.614
1327 -117.3
1328 -115.648
1329 -114.042
1330 -115.247
1331 -114.177
1332 -115.078
1333 -114.617
1334 -116.218
1335 -115.667
1336 -115.427
1337 -117.262
1338 -116.552
1339 -115.732
1340 -116.623
1341 -116.559
1342 -116.729
1343 -116.682
1344 -117.342
1345 -118.806
1346 -118.025
1347 -117.315
1348 -118.468
1349 -117.491
1350 -118.242
1351 -116.161
1352 -117.019
1353 -117.97
1354 -116.642
1355 -115.835
1356 -116.877
1357 -116.556
1358 -116.26
1359 -118.594
1360 -116.57
1361 -117.447
1362 -117.199
1363 -116.744
1364 -115.449
1365 -116.247
1366 -114.715
1367 -115.094
1368 -115.895
1369 -116.777
1370 -116.509
1371 -114.609
1372 -115.672
1373 -116.84
1374 -116.287
1375 -114.994
1376 -115.339
1377 -115.411
1378 -116.158
1379 -115.578
1380 -115.916
1381 -115.587
1382 -116.011
1383 -116.558
1384 -117.386
1385 -117.964
1386 -117.402
1387 -118.324
1388 -117.158
1389 -117.57
1390 -119.194
1391 -117.46
1392 -118.447
1393 -118.424
1394 -117.981
1395 -118.1
1396 -119.322
1397 -117.783
1398 -117.765
1399 -118.431
1400 -117.85
1401 -117.359
1402 -117.684
1403 -117.193
1404 -118.285
1405 -118.182
1406 -118.117
1407 -116.502
1408 -116.574
1409 -115.993
1410 -116.162
1411 -115.934
1412 -116.41
1413 -116.6
1414 -116.024
1415 -115.639
1416 -113.644
1417 -116.206
1418 -115.587
1419 -115.487
1420 -116.059
1421 -114.216
1422 -114.676
1423 -115.083
1424 -115.3
1425 -114.384
1426 -114.403
1427 -114.904
1428 -116.597
1429 -116.366
1430 -117.554
1431 -117.432
1432 -117.409
1433 -117.063
1434 -118.778
1435 -117.707
1436 -116.494
1437 -116.783
1438 -116.798
1439 -118.86
1440 -117.545
1441 -119.058
1442 -118.491
1443 -119.906
1444 -118.309
1445 -117.341
1446 -117.927
1447 -118.575
1448 -116.787
1449 -116.708
1450 -116.536
1451 -117.468
1452 -116.78
1453 -117.529
1454 -117.607
1455 -117.929
1456 -115.253
1457 -117.645
1458 -116.517
1459 -115.718
1460 -115.112
1461 -114.804
1462 -116.758
1463 -116.246
1464 -116.282
1465 -116.137
1466 -115.778
1467 -115.479
1468 -115.274
1469 -115.246
1470 -114.039
1471 -115.177
1472 -116.197
1473 -116.713
1474 -116.515
1475 -117.126
1476 -117.012
1477 -116.576
1478 -117.827
1479 -117.702
1480 -117.493
1481 -115.831
1482 -115.768
1483 -118.57
1484 -118.858
1485 -118.461
1486 -117.766
1487 -117.754
1488 -117.145
1489 -117.013
1490 -117.235
1491 -119.507
1492 -118.239
1493 -117.231
1494 -117.753
1495 -117.833
1496 -117.428
1497 -118.371
1498 -117.409
1499 -118.114
1500 -118.033
1501 -116.692
1502 -117.134
1503 -116.128
1504 -114.604
1505 -116.415
1506 -115.933
1507 -116.611
1508 -114.105
1509 -115.372
1510 -115.19
1511 -115.569
1512 -118.218
1513 -115.014
1514 -115.777
1515 -116.321
1516 -114.598
1517 -114.113
1518 -114.799
1519 -116.54
1520 -115.602
1521 -117.25
1522 -116.722
1523 -117.55
1524 -116.604
1525 -118.068
1526 -117.885
1527 -118.489
1528 -118.247
1529 -118.809
1530 -117.377
1531 -117.021
1532 -116.64
1533 -115.288
1534 -118.119
1535 -118.997
1536 -116
1537 -117.281
1538 -115.905
1539 -114.974
1540 -114.933
1541 -115.407
1542 -114.621
1543 -113.789
1544 -112.802
1545 -111.909
1546 -112.592
1547 -112.945
1548 -111.14
1549 -112.177
1550 -110.207
1551 -109.511
1552 -108.823
1553 -108.187
1554 -107.67
1555 -106.692
1556 -105.172
1557 -105.346
1558 -104.317
1559 -105.376
1560 -103.613
1561 -103.481
1562 -103.288
1563 -103.158
1564 -102.2
1565 -103.148
1566 -102.571
1567 -102.355
1568 -102.931
1569 -102.302
1570 -101.751
1571 -100.474
1572 -100.037
1573 -100.699
1574 -100.661
1575 -101.733
1576 -100.551
1577 -101.128
1578 -100.596
1579 -98.2442
1580 -99.9757
1581 -100.207
1582 -100.938
1583 -99.4182
1584 -100.733
1585 -100.152
1586 -100.52
1587 -99.7871
1588 -100.556
1589 -98.8659
1590 -98.8622
1591 -98.016
1592 -99.3277
1593 -99.0714
1594 -97.5065
1595 -97.0064
1596 -95.1603
1597 -96.6748
1598 -94.9131
1599 -95.0279
1600 -94.9561
1601 -94.2343
1602 -93.1278
1603 -94.1678
1604 -94.2868
1605 -94.4049
1606 -93.9608
1607 -94.3445
1608 -92.0961
1609 -93.056
1610 -92.6386
1611 -93.3916
1612 -93.8245
1613 -93.0221
1614 -93.0669
1615 -92.9546
1616 -92.7706
1617 -93.0573
1618 -91.6346
1619 -92.2295
1620 -91.541
1621 -92.153
1622 -92.593
1623 -94.185
1624 -95.5155
1625 -93.7517
1626 -94.9141
1627 -94.5181
1628 -95.4797
1629 -96.0218
1630 -96.1025
1631 -96.678
1632 -98.9486
1633 -99.3585
1634 -98.5586
1635 -101.038
1636 -99.7345
1637 -101.186
1638 -101.197
1639 -101.934
1640 -101.465
1641 -103.733
1642 -103.374
1643 -102.98
1644 -103.474
1645 -103.741
1646 -104.771
1647 -104.625
1648 -104.532
1649 -106.171
1650 -105.6
1651 -105.413
1652 -107.442
1653 -105.79
1654 -104.793
1655 -104.293
1656 -105.105
1657 -105.501
1658 -104.301
1659 -105.793
1660 -106.538
1661 -108.193
1662 -106.81
1663 -107.148
1664 -107.889
1665 -107.958
1666 -106.991
1667 -106.547
1668 -107.759
1669 -106.728
1670 -106.058
1671 -106.144
1672 -106.01
1673 -105.07
1674 -106.077
1675 -104.098
1676 -103.425
1677 -105.466
1678 -104.034
1679 -103.731
1680 -104.064
1681 -105.129
1682 -106.22
1683 -106.313
1684 -106.91
1685 -105.987
1686 -106.069
1687 -106.951
1688 -108.284
1689 -108.102
1690 -106.531
1691 -107.044
1692 -107.272
1693 -106.731
1694 -108.101
1695 -108.206
1696 -107.599
1697 -106.678
1698 -107.411
1699 -107.35
1700 -106.341
1701 -107.274
1702 -108.119
1703 -108.541
1704 -108.247
1705 -108.494
1706 -107.896
1707 -108.876
1708 -107.011
1709 -107.311
1710 -108.969
1711 -109.223
1712 -109.467
1713 -108.94
1714 -107.502
1715 -107.655
1716 -107.952
1717 -106.98
1718 -106.41
1719 -106.103
1720 -105.902
1721 -104.951
1722 -106.468
1723 -105.237
1724 -105.919
1725 -105.44
1726 -106.184
1727 -104.459
1728 -106.07
1729 -106.024
1730 -107.146
1731 -105.859
1732 -107.044
1733 -106.882
1734 -107.816
1735 -107.061
1736 -107.83
1737 -108.221
1738 -107.824
1739 -108.63
1740 -108.346
1741 -108.753
1742 -108.801
1743 -108.257
1744 -107.993
1745 -108.367
1746 -108.542
1747 -108.492
1748 -107.378
1749 -108.511
1750 -108.709
1751 -108.296
1752 -108.424
1753 -106.824
1754 -109.068
1755 -107.558
1756 -107.217
1757 -108.172
1758 -108.027
1759 -108.766
1760 -107.635
1761 -108.957
1762 -107.729
1763 -107.053
1764 -105.205
1765 -105.655
1766 -104.854
1767 -103.992
1768 -105.063
1769 -105.793
1770 -105.084
1771 -105.945
1772 -104.543
1773 -104.41
1774 -105.009
1775 -107.385
1776 -106.609
1777 -106.233
1778 -107.643
1779 -107.204
1780 -108.269
1781 -107.922
1782 -109.035
1783 -109.155
1784 -108.207
1785 -107.641
1786 -108.522
1787 -107.913
1788 -107.971
1789 -108.995
1790 -107.583
1791 -108.634
1792 -109.413
1793 -107.654
1794 -107.428
1795 -109.51
1796 -108.062
1797 -107.996
1798 -108.345
1799 -107.617
1800 -108.454
1801 -108.74
1802 -108.634
1803 -108.077
1804 -108.109
1805 -108.569
1806 -108.619
1807 -108.381
1808 -107.968
1809 -107.49
1810 -106.131
1811 -107.346
1812 -105.827
1813 -107.748
1814 -105.273
1815 -105.373
1816 -104.251
1817 -106.009
1818 -106.031
1819 -105.405
1820 -105.844
1821 -104.281
1822 -104.746
1823 -105.867
1824 -106.579
1825 -106.853
1826 -108.048
1827 -107.703
1828 -108.793
1829 -108.11
1830 -107.062
1831 -107.477
1832 -108.618
1833 -107.241
1834 -105.294
1835 -107.632
1836 -107.943
1837 -107.752
1838 -108.075
1839 -106.95
1840 -108.784
1841 -107.505
1842 -108.06
1843 -108.028
1844 -106.762
1845 -108.432
1846 -108.21
1847 -107.899
1848 -107.195
1849 -107.892
1850 -108.08
1851 -109.242
1852 -109.111
1853 -107.947
1854 -106.587
1855 -108.212
1856 -106.229
1857 -107.912
1858 -106.701
1859 -106.769
1860 -105.363
1861 -105.354
1862 -105.037
1863 -104.442
1864 -105.214
1865 -105.238
1866 -105.325
1867 -104.47
1868 -103.946
1869 -104.21
1870 -105.807
1871 -106.551
1872 -105.885
1873 -106.805
1874 -107.46
1875 -108.339
1876 -105.219
1877 -109.025
1878 -109.619
1879 -107.731
1880 -106.762
1881 -107.426
1882 -107.442
1883 -108.411
1884 -107.209
1885 -106.193
1886 -106.228
1887 -107.984
1888 -108.459
1889 -107.044
1890 -107.802
1891 -108.166
1892 -107.197
1893 -107.084
1894 -108.217
1895 -107.797
1896 -107.315
1897 -107.486
1898 -110.446
1899 -109.409
1900 -107.974
1901 -106.851
1902 -107.092
1903 -105.54
1904 -105.478
1905 -105.883
1906 -108.001
1907 -105.882
1908 -106.388
1909 -104.926
1910 -105.745
1911 -105.104
1912 -104.823
1913 -104.705
1914 -104.235
1915 -104.748
1916 -106.437
1917 -105.574
1918 -105.792
1919 -106.938
1920 -105.706
1921 -106.069
1922 -106.4
1923 -107.303
1924 -107.388
1925 -108.369
1926 -107.586
1927 -107.83
1928 -108.077
1929 -107.6
1930 -107.084
1931 -105.59
1932 -106.634
1933 -106.322
1934 -108.243
1935 -107.8
1936 -106.988
1937 -107.451
1938 -106.701
1939 -106.138
1940 -107.025
1941 -107.478
1942 -107.394
1943 -107.385
1944 -107.172
1945 -108.32
1946 -107.745
1947 -108.826
1948 -105.368
1949 -105.924
1950 -106.547
1951 -106.981
1952 -104.468
1953 -104.351
1954 -105.799
1955 -105.429
1956 -106.956
1957 -105.449
1958 -104.938
1959 -106.124
1960 -105.729
1961 -103.76
1962 -106.057
1963 -104.902
1964 -106.042
1965 -105.643
1966 -105.68
1967 -105.744
1968 -107.058
1969 -108.559
1970 -108.324
1971 -106.645
1972 -108.233
1973 -107.715
1974 -105.818
1975 -106.154
1976 -108.547
1977 -105.126
1978 -106.834
1979 -105.511
1980 -107.427
1981 -107.12
1982 -106.223
1983 -105.947
1984 -106.726
1985 -107.268
1986 -104.27
1987 -107.775
1988 -107.76
1989 -107.431
1990 -107.396
1991 -107.749
1992 -107.224
1993 -109.302
1994 -108.878
1995 -107.583
1996 -108.241
1997 -104.277
1998 -105.222
1999 -105.256
2000 -105.769
2001 -104.858
2002 -105.041
2003 -105.792
2004 -106.598
2005 -104.86
2006 -105.604
2007 -104.687
2008 -105.263
2009 -104.585
2010 -105.011
2011 -106.575
2012 -105.488
2013 -105.322
2014 -107.579
2015 -108.117
2016 -106.161
2017 -107.077
2018 -107.563
2019 -107.433
2020 -106.888
2021 -107.894
2022 -108.324
2023 -108.182
2024 -107.637
2025 -106.689
2026 -107.512
2027 -107.313
2028 -107.481
2029 -105.811
2030 -107.615
2031 -107.921
2032 -106.832
2033 -104.265
2034 -107.315
2035 -106.146
2036 -106.752
2037 -107.824
2038 -108.325
2039 -107.936
2040 -108.879
2041 -109.191
2042 -106.749
2043 -107.606
2044 -107.503
2045 -107.928
2046 -106.692
2047 -108.119
2048 -106.471
2049 -107.326
2050 -110.071
2051 -108.777
2052 -108.699
2053 -108.699
2054 -108.119
2055 -111.139
2056 -111.973
2057 -112.617
2058 -113.018
2059 -113.431
2060 -115.332
2061 -115.739
2062 -115.029
2063 -115.043
2064 -118.601
2065 -116.419
2066 -117.46
2067 -117.652
2068 -117.702
2069 -118.041
2070 -119.002
2071 -118.69
2072 -119.152
2073 -119.267
2074 -118.773
2075 -120.497
2076 -121.184
2077 -120.727
2078 -120.326
2079 -121.144
2080 -121.015
2081 -121.527
2082 -119.418
2083 -121.984
2084 -121.157
2085 -121.587
2086 -122.095
2087 -121.442
2088 -122.997
2089 -123.766
2090 -123.163
2091 -123.633
2092 -124.029
2093 -122.312
2094 -123.97
2095 -123.888
2096 -123.68
2097 -123.15
2098 -124.057
2099 -124.385
2100 -124.779
2101 -124.195
2102 -124.663
2103 -125.207
2104 -126.587
2105 -127.369
2106 -128.358
2107 -127.455
2108 -128.005
2109 -128.477
2110 -129.187
2111 -130.06
2112 -128.93
2113 -130.762
2114 -128.296
2115 -129.93
2116 -129.334
2117 -129.642
2118 -129.751
2119 -129.955
2120 -130.801
2121 -130.779
2122 -132.461
2123 -130.757
2124 -130.022
2125 -131.234
2126 -130.623
2127 -130.038
2128 -129.526
2129 -129.13
2130 -129.746
2131 -128.617
2132 -129.483
2133 -128.964
2134 -127.958
2135 -128.187
2136 -128.541
2137 -125.567
2138 -126.186
2139 -126.66
2140 -124.268
2141 -123.995
2142 -121.5
2143 -122.478
2144 -123.61
2145 -122.492
2146 -121.76
2147 -122.048
2148 -121.328
2149 -118.871
2150 -119.615
2151 -118.017
2152 -119.856
2153 -120.183
2154 -118.721
2155 -118.877
2156 -117.048
2157 -117.996
2158 -117.163
2159 -117.395
2160 -116.624
2161 -115.605
2162 -115.943
2163 -115.308
2164 -115.88
2165 -116.745
2166 -117.81
2167 -118.48
2168 -117.252
2169 -117.06
2170 -117.17
2171 -118.266
2172 -118.624
2173 -118.61
2174 -118.066
2175 -118.567
2176 -118.187
2177 -117.735
2178 -116.51
2179 -118.749
2180 -117.315
2181 -118.122
2182 -117.521
2183 -116.529
2184 -116.101
2185 -117.232
2186 -116.373
2187 -117.358
2188 -116.898
2189 -116.597
2190 -116.763
2191 -115.497
2192 -115.398
2193 -115.2
2194 -115.076
2195 -115.654
2196 -115.7
2197 -115.475
2198 -113.933
2199 -115.546
2200 -114.706
2201 -115.548
2202 -115.011
2203 -114.565
2204 -115.792
2205 -117.486
2206 -115.601
2207 -114.466
2208 -116.782
2209 -113.786
2210 -113.764
2211 -114.963
2212 -114.521
2213 -114.88
2214 -114.674
2215 -115.881
2216 -116.566
2217 -117.845
2218 -116.75
2219 -115.377
2220 -117.353
2221 -116.461
2222 -115.528
2223 -116.547
2224 -117.777
2225 -118.864
2226 -116.75
2227 -116.183
2228 -116.603
2229 -116.937
2230 -116.496
2231 -117.584
2232 -117.112
2233 -115.893
2234 -117.347
2235 -115.843
2236 -116.223
2237 -115.914
2238 -115.868
2239 -115.795
2240 -116.779
2241 -116.101
2242 -115.908
2243 -115.138
2244 -115.258
2245 -115.34
2246 -114.91
2247 -115.247
2248 -116.335
2249 -114.657
2250 -114.176
2251 -114.841
2252 -114.286
2253 -115.57
2254 -115.394
2255 -115.069
2256 -113.388
2257 -112.661
2258 -111.934
2259 -114.067
2260 -115.376
2261 -116.993
2262 -115.956
2263 -115.636
2264 -116.803
2265 -116.304
2266 -116.165
2267 -117.287
2268 -116.859
2269 -116.109
2270 -118.116
2271 -118.113
2272 -118.846
2273 -117.678
2274 -116.186
2275 -116.823
2276 -116.115
2277 -116.657
2278 -116.782
2279 -116.864
2280 -116.87
2281 -115.344
2282 -114.694
2283 -114.752
2284 -117.141
2285 -116.961
2286 -114.899
2287 -116.089
2288 -114.943
2289 -114.932
2290 -114.157
2291 -114.024
2292 -115.032
2293 -114.867
2294 -116.173
2295 -116.105
2296 -116.455
2297 -114.537
2298 -114.557
2299 -115.898
2300 -114.984
2301 -114.97
2302 -113.342
2303 -114.457
2304 -113.6
2305 -113.988
2306 -115.01
2307 -115.525
2308 -115.609
2309 -117.63
2310 -117.422
2311 -117.387
2312 -117.152
2313 -115.843
2314 -116.625
2315 -115.532
2316 -116.348
2317 -117.974
2318 -117.321
2319 -118.75
2320 -116.789
2321 -118.332
2322 -116.858
2323 -115.707
2324 -117.307
2325 -117.679
2326 -116.523
2327 -117.252
2328 -116.304
2329 -116.753
2330 -115.88
2331 -116.533
2332 -116.556
2333 -117.111
2334 -116.176
2335 -115.039
2336 -116.331
2337 -115.102
2338 -114.759
2339 -114.392
2340 -115.878
2341 -115.039
2342 -115.476
2343 -115.059
2344 -114.43
2345 -114.786
2346 -115.014
2347 -116.115
2348 -115.434
2349 -114.643
2350 -115.926
2351 -115.575
2352 -114.374
2353 -114.722
2354 -114.525
2355 -115.469
2356 -117.325
2357 -116.303
2358 -116.935
2359 -116.915
2360 -116.422
2361 -115.542
2362 -117.161
2363 -116.403
2364 -118.203
2365 -117.443
2366 -117.578
2367 -116.555
2368 -117.883
2369 -117.913
2370 -118.352
2371 -117.008
2372 -117.925
2373 -116.737
2374 -114.961
2375 -114.616
2376 -114.423
2377 -116.126
2378 -116.14
2379 -117.096
2380 -116.482
2381 -115.791
2382 -116.952
2383 -115.011
2384 -116.338
2385 -117.333
2386 -113.873
2387 -115.663
2388 -115.352
2389 -115.793
2390 -115.147
2391 -115.826
2392 -115.312
2393 -116.015
2394 -116.189
2395 -114.741
2396 -113.28
2397 -114.31
2398 -114.928
2399 -114.441
2400 -113.871
2401 -116.893
2402 -116.538
2403 -115.459
2404 -116.9
2405 -115.791
2406 -117.347
2407 -117.227
2408 -117.27
2409 -117.981
2410 -117.506
2411 -118.187
2412 -116.866
2413 -117.965
2414 -117.63
2415 -119.231
2416 -118.349
2417 -118.165
2418 -118.405
2419 -116.44
2420 -117.171
2421 -117.382
2422 -118.077
2423 -116.277
2424 -116.314
2425 -115.462
2426 -117.652
2427 -117.481
2428 -117.955
2429 -116.611
2430 -116.175
2431 -116.224
2432 -114.925
2433 -115.733
2434 -114.938
2435 -115.767
2436 -115.991
2437 -114.083
2438 -115.912
2439 -114.507
2440 -116.474
2441 -115.578
2442 -113.931
2443 -111.594
2444 -114.056
2445 -114.17
2446 -114.816
2447 -113.786
2448 -114.045
2449 -116.593
2450 -116.773
2451 -116.24
2452 -116.469
2453 -116.79
2454 -116.141
2455 -117.295
2456 -116.303
2457 -117.517
2458 -118.923
2459 -117.215
2460 -116.776
2461 -117.947
2462 -117.218
2463 -116.815
2464 -118.283
2465 -118.322
2466 -117.682
2467 -117.802
2468 -115.666
2469 -116.434
2470 -117.103
2471 -117.562
2472 -117.654
2473 -116.412
2474 -115.933
2475 -116.703
2476 -115.339
2477 -114.9
2478 -116.855
2479 -116.247
2480 -114.455
2481 -115.925
2482 -115.896
2483 -115.549
2484 -116.031
2485 -115.504
2486 -116.135
2487 -115.716
2488 -114.58
2489 -116.289
2490 -114.998
2491 -115.067
2492 -113.038
2493 -113.688
2494 -115.43
2495 -116.731
2496 -118.049
2497 -116.744
2498 -116.903
2499 -116.102
2500 -115.905
2501 -118.023
2502 -116.265
2503 -115.027
2504 -116.899
2505 -117.143
2506 -117.699
2507 -117.402
2508 -117.561
2509 -117.154
2510 -115.729
2511 -117.803
2512 -116.778
2513 -116.57
2514 -117.317
2515 -115.617
2516 -116.381
2517 -115.803
2518 -117.68
2519 -116.189
2520 -116.728
2521 -117.588
2522 -115.287
2523 -115.312
2524 -116.31
2525 -114.252
2526 -113.851
2527 -114.893
2528 -114.261
2529 -114.602
2530 -114.528
2531 -115.684
2532 -115.049
2533 -115.872
2534 -116.087
2535 -113.903
2536 -115.054
2537 -114.76
2538 -114.301
2539 -114.802
2540 -115.388
2541 -115.027
2542 -117.247
2543 -115.117
2544 -116.846
2545 -117.714
2546 -116.66
2547 -115.306
2548 -116.385
2549 -116.703
2550 -115.118
2551 -117.042
2552 -117.18
2553 -117.117
2554 -114.779
2555 -116.978
2556 -115.981
2557 -113.951
2558 -115.256
2559 -114.624
2560 -114.979
2561 -114.083
2562 -112.908
2563 -112.045
2564 -110.605
2565 -113.994
2566 -112.588
2567 -111.496
2568 -112.256
2569 -110.038
2570 -109.045
2571 -110.371
2572 -109.739
2573 -108.502
2574 -107.436
2575 -107.405
2576 -106.626
2577 -105.772
2578 -105.578
2579 -105.016
2580 -104.742
2581 -102.248
2582 -103.34
2583 -102.363
2584 -103.446
2585 -101.706
2586 -102.137
2587 -100.645
2588 -99.533
2589 -100.962
2590 -101.17
2591 -100.953
2592 -100.653
2593 -99.1889
2594 -99.0475
2595 -100.231
2596 -99.3975
2597 -99.4611
2598 -99.3165
2599 -100.383
2600 -100.846
2601 -100.41
2602 -98.5474
2603 -100.225
2604 -99.0766
2605 -97.7185
2606 -99.7747
2607 -99.3776
2608 -98.9886
2609 -99.8184
2610 -99.0857
2611 -98.8315
2612 -97.8268
2613 -98.5407
2614 -97.4994
2615 -96.9283
2616 -96.3845
2617 -94.4294
2618 -94.7842
2619 -94.9555
2620 -94.0614
2621 -92.5708
2622 -93.439
2623 -93.3716
2624 -94.603
2625 -93.1302
2626 -93.8324
2627 -93.4374
2628 -93.6999
2629 -91.4823
2630 -93.3367
2631 -90.9116
2632 -91.9349
2633 -91.4231
2634 -92.6149
2635 -92.2078
2636 -92.3017
2637 -92.4971
2638 -92.9938
2639 -93.5469
2640 -91.6882
2641 -91.3588
2642 -91.9969
2643 -93.2428
2644 -94.814
2645 -92.8886
2646 -95.1381
2647 -94.7476
2648 -94.8488
2649 -97.2171
2650 -96.428
2651 -95.4936
2652 -97.3571
2653 -98.4464
2654 -97.691
2655 -100.379
2656 -99.0875
2657 -100.876
2658 -100.968
2659 -102.958
2660 -100.902
2661 -102.579
2662 -103.488
2663 -103.056
2664 -104.417
2665 -104.393
2666 -104.953
2667 -103.878
2668 -104.388
2669 -104.37
2670 -104.314
2671 -104.23
2672 -105.303
2673 -105.629
2674 -107.039
2675 -105.587
2676 -106.087
2677 -106.807
2678 -106.606
2679 -105.42
2680 -104.672
2681 -104.439
2682 -106.307
2683 -106.782
2684 -106.82
2685 -106.139
2686 -106.073
2687 -105.571
2688 -105.722
2689 -106.066
2690 -104.974
2691 -105.51
2692 -104.903
2693 -104.585
2694 -106.044
2695 -104.749
2696 -106.171
2697 -105.193
2698 -104.404
2699 -104.551
2700 -103.72
2701 -105.684
2702 -105.104
2703 -104.965
2704 -106.14
2705 -105.649
2706 -107.163
2707 -107.16
2708 -107.447
2709 -107.758
2710 -107.096
2711 -107.577
2712 -106.253
2713 -106.861
2714 -106.574
2715 -107.604
2716 -106.44
2717 -108.554
2718 -108.119
2719 -107.386
2720 -109.085
2721 -108.75
2722 -109.253
2723 -104.765
2724 -108.012
2725 -106.697
2726 -106.591
2727 -106.62
2728 -107.269
2729 -107.558
2730 -108.227
2731 -107.795
2732 -108.223
2733 -108.513
2734 -108.838
2735 -107.319
2736 -106.63
2737 -107.987
2738 -105.985
2739 -105.379
2740 -105.838
2741 -106.197
2742 -106.497
2743 -105.758
2744 -106.168
2745 -105.375
2746 -104.462
2747 -106.873
2748 -104.83
2749 -105.237
2750 -106.164
2751 -106.492
2752 -107.399
2753 -107.599
2754 -108.671
2755 -108.501
2756 -107.392
2757 -107.118
2758 -107.893
2759 -107.745
2760 -107.475
2761 -108.24
2762 -106.088
2763 -106.961
2764 -107.107
2765 -107.317
2766 -108.045
2767 -108.168
2768 -108.414
2769 -109.132
2770 -107.183
2771 -106.288
2772 -106.153
2773 -108.645
2774 -107.178
2775 -106.371
2776 -109.061
2777 -107.325
2778 -108.361
2779 -107.991
2780 -109.204
2781 -108.295
2782 -107.709
2783 -106.76
2784 -106.162
2785 -105.741
2786 -106.171
2787 -104.888
2788 -104.294
2789 -105.186
2790 -105.919
2791 -104.294
2792 -104.167
2793 -105.746
2794 -104.804
2795 -104.142
2796 -104.554
2797 -106.041
2798 -105.913
2799 -107.197
2800 -107.008
2801 -108.863
2802 -107.599
2803 -108.471
2804 -107.53
2805 -108.177
2806 -108.039
2807 -107.648
2808 -107.164
2809 -107.383
2810 -107.15
2811 -106.079
2812 -108.483
2813 -108.772
2814 -106.708
2815 -109.545
2816 -106.86
2817 -107.308
2818 -107.063
2819 -107.383
2820 -106.998
2821 -106.99
2822 -107.643
2823 -106.985
2824 -108.48
2825 -107.318
2826 -107.315
2827 -109.178
2828 -108.778
2829 -107.725
2830 -107.516
2831 -105.037
2832 -105.866
2833 -104.932
2834 -105.311
2835 -106.734
2836 -104.993
2837 -105.748
2838 -106.247
2839 -106.613
2840 -105.052
2841 -104.445
2842 -105.118
2843 -106.115
2844 -104.855
2845 -106.863
2846 -106.119
2847 -105.502
2848 -109.942
2849 -108.862
2850 -107.182
2851 -107.164
2852 -109.021
2853 -107.221
2854 -107.472
2855 -106.726
2856 -108.196
2857 -106.047
2858 -106.26
2859 -106.964
2860 -108.038
2861 -107.116
2862 -107.699
2863 -107.967
2864 -106.204
2865 -108.183
2866 -105.687
2867 -106.595
2868 -107.935
2869 -106.925
2870 -108.174
2871 -108.593
2872 -106.696
2873 -109.951
2874 -107.272
2875 -107.36
2876 -106.587
2877 -105.998
2878 -106.625
2879 -105.82
2880 -105.522
2881 -104.08
2882 -103.736
2883 -107.418
2884 -105.106
2885 -104.635
2886 -104.26
2887 -105.402
2888 -105.223
2889 -105.092
2890 -104.898
2891 -106.293
2892 -107.587
2893 -108.421
2894 -107.882
2895 -107.315
2896 -108.364
2897 -111.07
2898 -109.644
2899 -107.795
2900 -108.978
2901 -107.047
2902 -106.476
2903 -106.825
2904 -107.375
2905 -108.363
2906 -106.861
2907 -106.404
2908 -106.832
2909 -107.102
2910 -107.581
2911 -107.811
2912 -106.984
2913 -107.4
2914 -107.915
2915 -106.142
2916 -106.954
2917 -107.402
2918 -109.697
2919 -109.628
2920 -107.212
2921 -108.457
2922 -107.163
2923 -106.56
2924 -106.817
2925 -105.978
2926 -105.548
2927 -105.234
2928 -105.747
2929 -104.126
2930 -105.154
2931 -105.674
2932 -104.559
2933 -104.932
2934 -105.574
2935 -104.084
2936 -103.846
2937 -105.051
2938 -106.202
2939 -106.317
2940 -107.27
2941 -107.223
2942 -105.891
2943 -107.114
2944 -106.322
2945 -107.717
2946 -107.163
2947 -108.49
2948 -108.247
2949 -105.201
2950 -106.141
2951 -106.452
2952 -106.807
2953 -109.088
2954 -106.397
2955 -106.334
2956 -107.588
2957 -108.001
2958 -106.981
2959 -107.086
2960 -106.611
2961 -107.392
2962 -106.989
2963 -108.253
2964 -106.842
2965 -106.813
2966 -107.348
2967 -108.437
2968 -107.122
2969 -106.04
2970 -106.182
2971 -105.988
2972 -106.265
2973 -104.67
2974 -106.118
2975 -105.803
2976 -105.579
2977 -105.007
2978 -104.891
2979 -105.121
2980 -106.046
2981 -103.124
2982 -104.491
2983 -106.007
2984 -104.719
2985 -105.473
2986 -106.004
2987 -106.346
2988 -108.075
2989 -107.359
2990 -106.91
2991 -107.291
2992 -105.555
2993 -108.476
2994 -107.124
2995 -107.478
2996 -107.411
2997 -108.122
2998 -105.953
2999 -107.49
3000 -107.813
3001 -106
3002 -107.039
3003 -108.196
3004 -107.855
3005 -107.074
3006 -105.835
3007 -106.807
3008 -107.605
3009 -107.64
3010 -107.446
3011 -106.947
3012 -107.746
3013 -106.844
3014 -106.942
3015 -106.282
3016 -106.015
3017 -107.153
3018 -105.837
3019 -105.629
3020 -105.346
3021 -104.916
3022 -104.494
3023 -105.19
3024 -106.269
3025 -104.673
3026 -103.174
3027 -105.663
3028 -104.591
3029 -103.993
3030 -105.242
3031 -105.386
3032 -106.252
3033 -105.715
3034 -107.139
3035 -108.011
3036 -108.574
3037 -107.076
3038 -107.565
3039 -107.811
3040 -106.498
3041 -106.316
3042 -107.459
3043 -106.781
3044 -106.668
3045 -105.029
3046 -106.633
3047 -107.579
3048 -108.667
3049 -106.804
3050 -107.586
3051 -107.129
3052 -106.958
3053 -107.034
3054 -107.555
3055 -108.537
3056 -110.006
3057 -108.668
3058 -107.447
3059 -107.589
3060 -108.868
3061 -108.094
3062 -108.509
3063 -107.292
3064 -108.602
3065 -108.308
3066 -106.541
3067 -107.512
3068 -108.173
3069 -108.683
3070 -109.806
3071 -107.891
3072 -108.708
3073 -109.841
3074 -110.538
3075 -111.411
3076 -111.28
3077 -111.542
3078 -113.212
3079 -114.011
3080 -112.746
3081 -114.514
3082 -113.932
3083 -113.706
3084 -114.951
3085 -116.937
3086 -116.66
3087 -118.483
3088 -117.61
3089 -118.851
3090 -118.92
3091 -117.795
3092 -118.488
3093 -119.136
3094 -119.308
3095 -120.309
3096 -120.237
3097 -121.269
3098 -120.823
3099 -119.772
3100 -120.252
3101 -121.996
3102 -121.173
3103 -120.773
3104 -120.679
3105 -119.388
3106 -120.049
3107 -119.197
3108 -118.398
3109 -120.516
3110 -120.62
3111 -120.598
3112 -119.277
3113 -119.423
3114 -118.008
3115 -119.065
3116 -118.761
3117 -117.83
3118 -118.091
3119 -118.171
3120 -117.123
3121 -116.542
3122 -116.86
3123 -116.121
3124 -115.94
3125 -115.048
3126 -114.002
3127 -114.035
3128 -113.012
3129 -111.833
3130 -114.906
3131 -113.15
3132 -113.716
3133 -114.11
3134 -112.734
3135 -113.025
3136 -112.353
3137 -112.466
3138 -112.632
3139 -112.422
3140 -111.058
3141 -110.073
3142 -110.377
3143 -110.59
3144 -111.031
3145 -110.967
3146 -110.956
3147 -111.952
3148 -109.947
3149 -110.099
3150 -110.512
3151 -111.731
3152 -109.27
3153 -108.551
3154 -110.852
3155 -108.935
3156 -110.112
3157 -109.422
3158 -108.693
3159 -111.018
3160 -109.177
3161 -109.797
3162 -110.444
3163 -110.813
3164 -109.687
3165 -109.47
3166 -110.226
3167 -110.339
3168 -110.971
3169 -109.463
3170 -109.673
3171 -109.972
3172 -109.378
3173 -110.244
3174 -109.432
3175 -109.834
3176 -108.337
3177 -107.947
3178 -108.354
3179 -109.455
3180 -109.033
3181 -109.409
3182 -109.934
3183 -109.208
3184 -109.73
3185 -109.811
3186 -110.106
3187 -108.564
3188 -107.197
3189 -108.247
3190 -108.975
3191 -109.149
3192 -110.275
3193 -108.486
3194 -110.063
3195 -109.27
3196 -110.206
3197 -109.805
3198 -109.175
3199 -110.003
3200 -108.462
3201 -108.863
3202 -109.433
3203 -109.542
3204 -110.221
3205 -110.3
3206 -108.339
3207 -108.533
3208 -109.651
3209 -109.75
3210 -109.432
3211 -110.092
3212 -109.12
3213 -109.189
3214 -109.363
3215 -108.258
3216 -108.966
3217 -109.554
3218 -109.323
3219 -111.397
3220 -108.484
3221 -108.663
3222 -108.779
3223 -109.878
3224 -109.239
3225 -108.718
3226 -109.73
3227 -109.339
3228 -109.904
3229 -108.35
3230 -108.246
3231 -109.718
3232 -109.656
3233 -108.361
3234 -110.639
3235 -109.456
3236 -109.759
3237 -109.584
3238 -108.136
3239 -108.337
3240 -109.662
3241 -110.134
3242 -109.219
3243 -109.16
3244 -109.436
3245 -109.435
3246 -110.562
3247 -109.221
3248 -108.015
3249 -110.306
3250 -111.703
3251 -108.137
3252 -110.16
3253 -109.756
3254 -110.864
3255 -109.278
3256 -108.377
3257 -111.04
3258 -109.407
3259 -109.705
3260 -109.498
3261 -109.598
3262 -109.28
3263 -109.855
3264 -109.541
3265 -110.622
3266 -109.764
3267 -109.441
3268 -109.518
3269 -108.934
3270 -108.596
3271 -109.514
3272 -108.251
3273 -108.211
3274 -108.846
3275 -110.164
3276 -110.409
3277 -109.521
3278 -108.691
3279 -111.306
3280 -109.258
3281 -109.996
3282 -109.781
3283 -110.247
3284 -109.436
3285 -109.142
3286 -108.489
3287 -108.639
3288 -109.579
3289 -111.765
3290 -109.117
3291 -109.196
3292 -110.084
3293 -109.673
3294 -110.162
3295 -107.567
3296 -109.331
3297 -109.447
3298 -108.09
3299 -109.86
3300 -108.588
3301 -108.431
3302 -109.953
3303 -109.309
3304 -110.261
3305 -108.666
3306 -108.832
3307 -109.832
3308 -109.745
3309 -109.093
3310 -108.617
3311 -109.667
3312 -108.72
3313 -109.974
3314 -109.014
3315 -108.773
3316 -107.982
3317 -110.308
3318 -109.721
3319 -109.984
3320 -109.728
3321 -109.02
3322 -108.625
3323 -109.078
3324 -109.619
3325 -108.466
3326 -108.707
3327 -109.004
3328 -108.438
3329 -109.267
3330 -109.953
3331 -109.702
3332 -109.295
3333 -109.386
3334 -109.462
3335 -110.04
3336 -109.526
3337 -110.277
3338 -109.55
3339 -109.288
3340 -109.657
3341 -109.424
3342 -108.974
3343 -111.351
3344 -110.823
3345 -110.451
3346 -110.518
3347 -110.446
3348 -110.882
3349 -109.916
3350 -108.847
3351 -110.539
3352 -110.419
3353 -109.239
3354 -109.82
3355 -109.772
3356 -109.607
3357 -109.186
3358 -109.095
3359 -108.819
3360 -109.48
3361 -111.308
3362 -109.75
3363 -109.156
3364 -107.645
3365 -108.115
3366 -108.798
3367 -110.794
3368 -108.667
3369 -110.055
3370 -110.206
3371 -108.711
3372 -110.293
3373 -110.762
3374 -108.788
3375 -109.034
3376 -110.592
3377 -109.766
3378 -111.036
3379 -108.753
3380 -108.898
3381 -109.944
3382 -109.817
3383 -109.473
3384 -109.188
3385 -109.905
3386 -109.473
3387 -109.709
3388 -110.366
3389 -109.85
3390 -110.05
3391 -109.502
3392 -111.226
3393 -108.806
3394 -109.598
3395 -108.979
3396 -109.044
3397 -108.848
3398 -109.452
3399 -109.572
