0 -116.706
1 -116.261
2 -115.308
3 -116.817
4 -115.786
5 -115.865
6 -116.811
7 -116.509
8 -116.7
9 -117.574
10 -118.225
11 -118.39
12 -117.085
13 -116.164
14 -117.018
15 -116.647
16 -117.267
17 -115.088
18 -115.903
19 -114.951
20 -115.403
21 -114.651
22 -115.855
23 -116.276
24 -114.482
25 -113.046
26 -113.016
27 -113.669
28 -112.377
29 -110.761
30 -111.655
31 -110.61
32 -110.983
33 -110.145
34 -108.879
35 -109.25
36 -108.335
37 -107.388
38 -107.632
39 -107.048
40 -105.068
41 -106.924
42 -104.795
43 -105.422
44 -104.329
45 -101.736
46 -103.357
47 -103.307
48 -101.768
49 -100.6
50 -100.395
51 -100.661
52 -100.194
53 -98.1609
54 -98.9416
55 -97.7281
56 -98.5003
57 -96.9075
58 -95.559
59 -95.9974
60 -95.8291
61 -94.1804
62 -94.4449
63 -93.7538
64 -95.303
65 -95.3666
66 -93.999
67 -94.5971
68 -95.3036
69 -97.1469
70 -98.0439
71 -95.8447
72 -96.0913
73 -96.8235
74 -97.9645
75 -97.5744
76 -98.4593
77 -98.2402
78 -97.289
79 -99.8264
80 -100.269
81 -102.226
82 -101.039
83 -101.755
84 -103.121
85 -102.225
86 -102.518
87 -102.152
88 -103.105
89 -103.559
90 -103.097
91 -104.888
92 -105.177
93 -107.408
94 -106.488
95 -106.555
96 -105.92
97 -107.253
98 -107.018
99 -108.453
100 -108.479
101 -107.707
102 -107.413
103 -107.774
104 -106.746
105 -106.519
106 -106.173
107 -108.187
108 -108.41
109 -108.538
110 -107.945
111 -108.922
112 -109.082
113 -108.982
114 -109.18
115 -108.012
116 -107.055
117 -106.972
118 -107.12
119 -106.019
120 -107.006
121 -105.555
122 -106.64
123 -107.157
124 -105.601
125 -106.293
126 -105.935
127 -106.938
128 -106.805
129 -107.167
130 -107.703
131 -109.29
132 -108.395
133 -109.287
134 -108.586
135 -108.18
136 -111.256
137 -110.495
138 -110.715
139 -109.242
140 -109.847
141 -110.277
142 -110.131
143 -110.705
144 -109.923
145 -108.816
146 -109.628
147 -108.02
148 -110.803
149 -110.385
150 -110.083
151 -108.582
152 -110.91
153 -110.863
154 -110.203
155 -109.764
156 -110.251
157 -110.76
158 -110.79
159 -112.086
160 -109.618
161 -110.629
162 -110.114
163 -110.023
164 -107.199
165 -107.656
166 -108.078
167 -109.304
168 -110.47
169 -109.837
170 -107.224
171 -108.043
172 -107.885
173 -105.883
174 -107.248
175 -106.92
176 -106.893
177 -106.758
178 -108.225
179 -108.158
180 -108.757
181 -109.727
182 -108.411
183 -109.182
184 -109.875
185 -110.043
186 -109.168
187 -108.988
188 -111.066
189 -108.072
190 -109.368
191 -109.981
192 -109.423
193 -110.321
194 -109.089
195 -108.632
196 -108.922
197 -110.107
198 -109.033
199 -110.11
200 -109.532
201 -109.357
202 -111.365
203 -108.696
204 -108.238
205 -109.738
206 -110.127
207 -110.205
208 -110.112
209 -111.369
210 -112.147
211 -110.048
212 -109.123
213 -107.971
214 -108.493
215 -107.999
216 -108.687
217 -108.416
218 -106.724
219 -107.42
220 -107.694
221 -107.113
222 -107.052
223 -107.538
224 -107.933
225 -106.684
226 -107.813
227 -109.106
228 -107.83
229 -108.452
230 -109.291
231 -110.984
232 -109.183
233 -110.173
234 -109.254
235 -111.347
236 -109.559
237 -109.683
238 -110.885
239 -110.572
240 -109.848
241 -108.693
242 -107.354
243 -109.085
244 -108.866
245 -108.523
246 -109.724
247 -108.641
248 -110.411
249 -110.172
250 -109.336
251 -108.846
252 -110.23
253 -108.01
254 -109.459
255 -110.691
256 -110.719
257 -110.252
258 -110.479
259 -110.463
260 -110.514
261 -108.623
262 -109.688
263 -108.729
264 -106.921
265 -107.895
266 -108.464
267 -107.729
268 -106.669
269 -106.127
270 -105.686
271 -105.132
272 -108.169
273 -107.26
274 -107.918
275 -108.043
276 -107.588
277 -108.739
278 -107.028
279 -109.657
280 -109.952
281 -109.28
282 -109.153
283 -111.032
284 -110.532
285 -110.084
286 -108.77
287 -108.213
288 -108.045
289 -107.914
290 -108.509
291 -108.906
292 -109.207
293 -109.392
294 -109.032
295 -108
296 -108.638
297 -108.35
298 -109.072
299 -107.32
300 -109.167
301 -109.402
302 -109.879
303 -109.376
304 -109.647
305 -109.038
306 -109.713
307 -108.428
308 -110.415
309 -109.483
310 -107.976
311 -106.757
312 -109.455
313 -107.747
314 -107.168
315 -107.437
316 -106.192
317 -107.247
318 -108.071
319 -108.468
320 -107.504
321 -106.54
322 -106.681
323 -106.699
324 -106.72
325 -107.909
326 -108.096
327 -108.603
328 -107.218
329 -108
330 -108.701
331 -109.571
332 -108.933
333 -109.029
334 -109.645
335 -108.554
336 -108.239
337 -107.411
338 -106.852
339 -109.434
340 -107.405
341 -108.91
342 -109.556
343 -108.681
344 -109.997
345 -110.087
346 -107.402
347 -107.794
348 -108.454
349 -108.737
350 -109.201
351 -108.926
352 -107.892
353 -109.502
354 -109.451
355 -108.849
356 -108.505
357 -108.453
358 -108.993
359 -107.558
360 -107.838
361 -107.542
362 -107.435
363 -105.578
364 -106.861
365 -105.483
366 -105.762
367 -105.638
368 -105.617
369 -105.265
370 -103.881
371 -106.308
372 -106.656
373 -108.586
374 -107.826
375 -106.905
376 -107.04
377 -107.635
378 -109.067
379 -108.293
380 -107.55
381 -107.8
382 -107.55
383 -107.481
384 -107.898
385 -107.641
386 -108.106
387 -106.653
388 -108.267
389 -109.098
390 -107.301
391 -107.791
392 -108.264
393 -107.498
394 -107.82
395 -108.044
396 -106.228
397 -107.374
398 -107.687
399 -107.996
400 -108.912
401 -108.274
402 -109.34
403 -107.469
404 -108.939
405 -108.275
406 -107.905
407 -106.897
408 -105.313
409 -105.804
410 -105.539
411 -104.456
412 -105.213
413 -105.286
414 -104.752
415 -104.128
416 -105.392
417 -104.582
418 -104.612
419 -105.102
420 -104.493
421 -105.33
422 -105.122
423 -107.557
424 -107.87
425 -107.361
426 -109.072
427 -109.324
428 -107.717
429 -108.663
430 -108.737
431 -107.475
432 -106.763
433 -107.064
434 -105.927
435 -107.673
436 -106.475
437 -107.139
438 -108.099
439 -106.592
440 -106.723
441 -108.286
442 -108.617
443 -105.297
444 -107.051
445 -105.759
446 -107.176
447 -107.608
448 -106.625
449 -106.706
450 -107.561
451 -108.178
452 -106.417
453 -108.36
454 -107.292
455 -108.154
456 -107.008
457 -106.248
458 -106.173
459 -105.706
460 -106.109
461 -105.561
462 -104.619
463 -105.697
464 -102.811
465 -105.052
466 -104.932
467 -106.162
468 -104.784
469 -106.335
470 -106.442
471 -105.856
472 -107.562
473 -106.215
474 -106.741
475 -108.008
476 -106.129
477 -107.281
478 -106.599
479 -106.705
480 -104.767
481 -107.724
482 -104.669
483 -106.475
484 -106.405
485 -107.617
486 -108.215
487 -107.056
488 -107.683
489 -106.121
490 -105.111
491 -106.028
492 -107.65
493 -106.118
494 -105.68
495 -106.567
496 -106.643
497 -106.487
498 -107.898
499 -107.133
500 -108.489
501 -107.191
502 -106.173
503 -105.097
504 -104.772
505 -105.975
506 -105.663
507 -105.663
508 -105.605
509 -107.561
510 -106.089
511 -106.238
512 -107.201
513 -108.315
514 -107.352
515 -108.157
516 -108.483
517 -111.931
518 -109.423
519 -111.664
520 -112.096
521 -112.017
522 -111.078
523 -113.87
524 -114.475
525 -114.353
526 -114.174
527 -114.735
528 -115.235
529 -115.106
530 -116.159
531 -116.203
532 -117.381
533 -117.441
534 -116.705
535 -119.624
536 -119.258
537 -120.126
538 -121.241
539 -120.929
540 -119.338
541 -119.585
542 -121.297
543 -120.693
544 -119.872
545 -121.486
546 -119.701
547 -122.378
548 -122.33
549 -119.62
550 -120.39
551 -120.044
552 -119.941
553 -119.13
554 -120.35
555 -120.489
556 -119.915
557 -118.382
558 -119.318
559 -117.629
560 -118.114
561 -118.07
562 -118.485
563 -116.071
564 -115.758
565 -115.789
566 -118.049
567 -117.356
568 -115.67
569 -115.124
570 -114.969
571 -114.094
572 -112.94
573 -113.504
574 -114.276
575 -111.305
576 -112.928
577 -111.698
578 -111.952
579 -110.361
580 -110.835
581 -111.816
582 -110.237
583 -111.003
584 -109.846
585 -110.93
586 -111.427
587 -111.535
588 -110.077
589 -109.228
590 -109.098
591 -111.49
592 -110.73
593 -109.796
594 -108.884
595 -108.913
596 -110.073
597 -109.175
598 -108.678
599 -107.985
600 -107.081
601 -109.005
602 -107.139
603 -107.805
604 -108.617
605 -108.627
606 -109.066
607 -108.904
608 -109.944
609 -108.026
610 -108.021
611 -108.415
612 -110.059
613 -108.639
614 -108.677
615 -108.568
616 -106.017
617 -108.045
618 -108.114
619 -108.56
620 -106.632
621 -108.482
622 -107.971
623 -109.518
624 -107.778
625 -108.343
626 -108.203
627 -109.874
628 -106.159
629 -107.27
630 -107.995
631 -107.09
632 -107.584
633 -107.977
634 -107.657
635 -107.576
636 -108.307
637 -109.18
638 -108.099
639 -108.221
640 -106.951
641 -108.914
642 -107.391
643 -106.917
644 -107.149
645 -107.707
646 -108.258
647 -108.458
648 -106.403
649 -107.007
650 -108.056
651 -108.184
652 -107.581
653 -106.241
654 -109.059
655 -109.546
656 -108.235
657 -107.951
658 -109.525
659 -109.724
660 -110.76
661 -108.412
662 -111.64
663 -112.08
664 -112.8
665 -111.298
666 -112.937
667 -113.475
668 -114.732
669 -115.245
670 -115.289
671 -113.642
672 -115.07
673 -116.896
674 -118.67
675 -117.386
676 -118.254
677 -118.657
678 -117.84
679 -120.529
680 -121.775
681 -121.8
682 -121.956
683 -122.608
684 -123.12
685 -124.951
686 -125.029
687 -124.334
688 -123.315
689 -127.166
690 -125.633
691 -126.421
692 -126.684
693 -126.315
694 -128.291
695 -129.575
696 -129.284
697 -128.94
698 -129.095
699 -130.358
700 -128.347
701 -128.193
702 -128.404
703 -128.557
704 -128.784
705 -129.029
706 -127.159
707 -128.462
708 -126.999
709 -128.996
710 -126.526
711 -129.783
712 -127.034
713 -127.011
714 -124.852
715 -126.729
716 -126.317
717 -126.072
718 -124.65
719 -123.256
720 -124.883
721 -123.103
722 -122.376
723 -121.643
724 -121.608
725 -122.667
726 -121.617
727 -120.111
728 -120.998
729 -121.336
730 -120.413
731 -118.311
732 -120.587
733 -119.327
734 -118.2
735 -118.174
736 -118.753
737 -118.437
738 -117.231
739 -120.102
740 -117.798
741 -117.077
742 -117.905
743 -117.058
744 -116.545
745 -116.549
746 -114.213
747 -115.226
748 -116.675
749 -116.408
750 -117.059
751 -118.311
752 -117.081
753 -119.201
754 -118.271
755 -116.842
756 -117.883
757 -118.139
758 -117.97
759 -116.26
760 -117.356
761 -117.364
762 -117.198
763 -117.691
764 -117.616
765 -117.674
766 -118.692
767 -118.023
768 -117.474
769 -118.808
770 -117.095
771 -116.978
772 -116.738
773 -116.593
774 -117.238
775 -117.616
776 -117.851
777 -117.249
778 -116.413
779 -117.322
780 -115.789
781 -117.331
782 -114.979
783 -114.195
784 -114.867
785 -116.592
786 -116.037
787 -116.97
788 -115.478
789 -116.955
790 -117.51
791 -116.104
792 -114.475
793 -116.536
794 -115.922
795 -114.583
796 -116.762
797 -115.872
798 -116.04
799 -117.403
800 -118.243
801 -116.412
802 -118.436
803 -118.955
804 -118.658
805 -116.62
806 -116.812
807 -116.714
808 -118.619
809 -117.258
810 -119.031
811 -118.418
812 -117.377
813 -118.106
814 -118.713
815 -118.507
816 -118.483
817 -119.47
818 -118.61
819 -117.485
820 -118.092
821 -117.924
822 -117.952
823 -117.748
824 -117.025
825 -118.009
826 -116.834
827 -117.483
828 -117.637
829 -117.588
830 -116.14
831 -116.508
832 -116.75
833 -116.094
834 -116.303
835 -116.915
836 -115.806
837 -116.429
838 -118.152
839 -116.856
840 -114.942
841 -116.634
842 -115.626
843 -115.712
844 -116.069
845 -116.504
846 -116.608
847 -118.002
848 -118.034
849 -119.529
850 -119.545
851 -117.43
852 -118.613
853 -117.266
854 -118.256
855 -118.833
856 -118.985
857 -118.407
858 -120.222
859 -118.583
860 -119.01
861 -119.654
862 -119.634
863 -118.619
864 -118.926
865 -119.709
866 -118.549
867 -117.526
868 -118.035
869 -117.382
870 -119.165
871 -118
872 -118.583
873 -118.477
874 -119.189
875 -118.398
876 -117.563
877 -118.243
878 -115.275
879 -116.961
880 -116.462
881 -115.948
882 -118.522
883 -117.702
884 -118.61
885 -117.801
886 -117.835
887 -116.629
888 -117.932
889 -117.456
890 -118.379
891 -117.856
892 -116.423
893 -116.284
894 -117.046
895 -118.614
896 -120.706
897 -119.059
898 -118.063
899 -120.178
900 -119.398
901 -117.446
902 -119.3
903 -119.575
904 -119.415
905 -119.045
906 -118.472
907 -119.425
908 -121.097
909 -120.039
910 -120.48
911 -118.088
912 -118.266
913 -118.596
914 -118.657
915 -117.303
916 -117.73
917 -117.335
918 -117.367
919 -118.177
920 -119.369
921 -118.505
922 -118.126
923 -120.136
924 -118.26
925 -118.607
926 -116.25
927 -115.994
928 -117.712
929 -117.178
930 -117.556
931 -117.581
932 -116.816
933 -119.748
934 -118.864
935 -119.183
936 -117.701
937 -116.027
938 -116.279
939 -116.911
940 -116.786
941 -117.853
942 -117.516
943 -117.923
944 -118.864
945 -120.25
946 -118.588
947 -119.6
948 -120.068
949 -118.69
950 -118.335
951 -119.833
952 -117.438
953 -118.885
954 -118.886
955 -119.515
956 -119.451
957 -119.636
958 -119.5
959 -120.465
960 -119.934
961 -118.465
962 -119.353
963 -118.98
964 -117.924
965 -119.994
966 -118.632
967 -118.691
968 -118.681
969 -118.389
970 -119.297
971 -120.725
972 -118.431
973 -119.531
974 -118.859
975 -118.753
976 -118.505
977 -119.075
978 -118.248
979 -117.436
980 -118.09
981 -117.436
982 -117.593
983 -118.575
984 -118.638
985 -118.581
986 -117.936
987 -117.006
988 -117.875
989 -118.492
990 -118.208
991 -118.441
992 -118.452
993 -118.923
994 -120.525
995 -119.846
996 -119.888
997 -119.809
998 -120.873
999 -119.243
1000 -120.261
1001 -120.151
1002 -121.521
1003 -119.183
1004 -120.385
1005 -121.459
1006 -119.457
1007 -120
1008 -120.614
1009 -120.479
1010 -119.205
1011 -119.567
1012 -118.604
1013 -118.442
1014 -118.47
1015 -119.33
1016 -119.507
1017 -119.341
1018 -118.886
1019 -120.253
1020 -118.043
1021 -117.125
1022 -119.043
1023 -118.584
1024 -116.117
1025 -116.701
1026 -118.669
1027 -118.481
1028 -118.126
1029 -119.095
1030 -117.767
1031 -117.975
1032 -118.883
1033 -117.355
1034 -117.352
1035 -117.521
1036 -116.881
1037 -117.393
1038 -117.186
1039 -118.079
1040 -118.912
1041 -119.817
1042 -119.797
1043 -119.777
1044 -119.879
1045 -119.813
1046 -118.477
1047 -118.092
1048 -119.386
1049 -117.969
1050 -118.391
1051 -118.652
1052 -119.275
1053 -121.132
1054 -120.761
1055 -121.51
1056 -119.275
1057 -120.567
1058 -120.116
1059 -120.092
1060 -119.906
1061 -118.967
1062 -119.289
1063 -119.973
1064 -119.346
1065 -119.898
1066 -118.256
1067 -119.155
1068 -120.386
1069 -119.357
1070 -119.519
1071 -118.237
1072 -116.934
1073 -117.244
1074 -118.088
1075 -119.299
1076 -118.75
1077 -118.01
1078 -117.345
1079 -118.406
1080 -118.54
1081 -117.652
1082 -117.788
1083 -117.142
1084 -117.98
1085 -116.708
1086 -117.404
1087 -118.019
1088 -119.33
1089 -120.021
1090 -119.891
1091 -120.47
1092 -121.846
1093 -118.881
1094 -120.914
1095 -120.917
1096 -119.978
1097 -119.281
1098 -120.449
1099 -121.212
1100 -119.85
1101 -119.056
1102 -119.607
1103 -119.597
1104 -118.847
1105 -119.507
1106 -120.923
1107 -121.189
1108 -120.374
1109 -120.223
1110 -118.319
1111 -119.996
1112 -119.787
1113 -119.211
1114 -120.718
1115 -120.374
1116 -118.426
1117 -117.775
1118 -117.632
1119 -117.794
1120 -116.581
1121 -117.06
1122 -118.79
1123 -117.695
1124 -118.594
1125 -119.092
1126 -119.002
1127 -118.163
1128 -117.675
1129 -117.776
1130 -117.251
1131 -118.642
1132 -117.424
1133 -117.832
1134 -117.053
1135 -117.273
1136 -118.474
1137 -120.602
1138 -120.284
1139 -120.234
1140 -119.183
1141 -117.913
1142 -119.358
1143 -118.398
1144 -117.503
1145 -119.21
1146 -116.088
1147 -116.809
1148 -117.6
1149 -119.052
1150 -115.816
1151 -117.509
1152 -117.024
1153 -117.164
1154 -117.253
1155 -114.619
1156 -114.044
1157 -113.241
1158 -112.233
1159 -112.064
1160 -111.642
1161 -110.938
1162 -111.964
1163 -109.899
1164 -111.713
1165 -110.753
1166 -109.293
1167 -109.241
1168 -107.951
1169 -106.574
1170 -105.728
1171 -106.87
1172 -105.614
1173 -103.768
1174 -105.034
1175 -104.191
1176 -104.342
1177 -103.585
1178 -102.473
1179 -103.07
1180 -103.562
1181 -104.164
1182 -102.683
1183 -103.852
1184 -103.547
1185 -103.252
1186 -104.862
1187 -103.613
1188 -103.624
1189 -103.085
1190 -103.442
1191 -103.418
1192 -103.162
1193 -103.655
1194 -105.782
1195 -105.309
1196 -106.326
1197 -106.593
1198 -107.085
1199 -106.03
1200 -106.992
1201 -107.276
1202 -106.794
1203 -107.297
1204 -108.108
1205 -109.508
1206 -109.852
1207 -109.048
1208 -109.112
1209 -110.145
1210 -111.121
1211 -110.636
1212 -111.803
1213 -111.89
1214 -112.592
1215 -111.864
1216 -115.397
1217 -113.268
1218 -114.006
1219 -111.778
1220 -113.831
1221 -113.447
1222 -114.232
1223 -112.883
1224 -113.071
1225 -112.512
1226 -113.531
1227 -113.252
1228 -113.199
1229 -113.934
1230 -113.791
1231 -113.729
1232 -114.244
1233 -114.31
1234 -115.487
1235 -114.227
1236 -115.261
1237 -114.421
1238 -115.072
1239 -116.124
1240 -114.162
1241 -115.582
1242 -115.463
1243 -115.778
1244 -117.676
1245 -116.459
1246 -115.468
1247 -115.126
1248 -115.079
1249 -116.831
1250 -115.366
1251 -113.907
1252 -116.629
1253 -116.748
1254 -115.41
1255 -116.048
1256 -116.586
1257 -115.253
1258 -115.576
1259 -115.828
1260 -116.701
1261 -115.61
1262 -116.082
1263 -116.379
1264 -116.828
1265 -115.896
1266 -116.3
1267 -117.928
1268 -117.444
1269 -117.767
1270 -117.048
1271 -115.306
1272 -115.743
1273 -117.024
1274 -115.47
1275 -115.56
1276 -115.354
1277 -116.493
1278 -116.364
1279 -116.891
1280 -115.393
1281 -115.975
1282 -117.959
1283 -117.046
1284 -116.63
1285 -115.737
1286 -116.846
1287 -116.773
1288 -115.598
1289 -114.38
1290 -116.271
1291 -115.678
1292 -114.626
1293 -114.765
1294 -116.414
1295 -114.819
1296 -114.352
1297 -112.739
1298 -113.415
1299 -113.306
1300 -111.616
1301 -111.035
1302 -109.367
1303 -111.091
1304 -109.961
1305 -110.462
1306 -109.614
1307 -108.921
1308 -108.881
1309 -108.599
1310 -106.165
1311 -107.904
1312 -106.898
1313 -104.677
1314 -105.622
1315 -103.641
1316 -103.984
1317 -103.982
1318 -102.56
1319 -103.286
1320 -103.438
1321 -102.311
1322 -100.84
1323 -100.741
1324 -100.12
1325 -99.3393
1326 -99.1097
1327 -99.4844
1328 -96.3744
1329 -96.4854
1330 -93.9984
1331 -96.7113
1332 -95.7122
1333 -93.6855
1334 -93.6605
1335 -94.0563
1336 -95.689
1337 -94.4527
1338 -94.6944
1339 -94.576
1340 -94.6874
1341 -93.6538
1342 -96.3786
1343 -94.9374
1344 -95.9611
1345 -94.968
1346 -95.083
1347 -96.9824
1348 -97.014
1349 -97.8143
1350 -97.7133
1351 -98.1003
1352 -99.5279
1353 -99.6862
1354 -97.6601
1355 -98.528
1356 -100.851
1357 -101.601
1358 -102.626
1359 -102.928
1360 -103.528
1361 -104.002
1362 -103.949
1363 -104.813
1364 -105.459
1365 -106.325
1366 -106.575
1367 -105.247
1368 -106.204
1369 -105.193
1370 -106.26
1371 -106.218
1372 -107.097
1373 -106.533
1374 -106.182
1375 -106.53
1376 -107.067
1377 -107.171
1378 -107.21
1379 -106.661
1380 -106.903
1381 -108.754
1382 -109.232
1383 -108.547
1384 -109.325
1385 -109.282
1386 -109.122
1387 -109.439
1388 -109.562
1389 -108.325
1390 -107.98
1391 -107.714
1392 -107.786
1393 -106.723
1394 -106.511
1395 -105.588
1396 -105.438
1397 -105.539
1398 -106.07
1399 -105.42
1400 -105.902
1401 -107.141
1402 -106.599
1403 -106.614
1404 -109.783
1405 -107.594
1406 -108.513
1407 -108.875
1408 -108.867
1409 -109.685
1410 -109.012
1411 -108.816
1412 -110.528
1413 -110.019
1414 -109.089
1415 -109.487
1416 -109.853
1417 -107.708
1418 -108.275
1419 -108.559
1420 -109.129
1421 -109.584
1422 -109.069
1423 -109.55
1424 -109.436
1425 -111.848
1426 -109.574
1427 -108.441
1428 -108.084
1429 -109.293
1430 -109.201
1431 -110.161
1432 -110.972
1433 -110.484
1434 -110.668
1435 -110.275
1436 -110.293
1437 -110.189
1438 -109.147
1439 -108.958
1440 -108.102
1441 -109.287
1442 -107.017
1443 -107.643
1444 -108.218
1445 -108.232
1446 -106.232
1447 -106.399
1448 -107.115
1449 -106.616
1450 -106.439
1451 -107.737
1452 -107.738
1453 -108.66
1454 -109.749
1455 -109.699
1456 -109.45
1457 -108.68
1458 -109.152
1459 -109.13
1460 -108.878
1461 -109.255
1462 -109.629
1463 -109.552
1464 -110.731
1465 -109.611
1466 -109.74
1467 -109.662
1468 -109.142
1469 -108.353
1470 -110.673
1471 -109.786
1472 -109.302
1473 -108.36
1474 -108.626
1475 -110.198
1476 -108.174
1477 -108.728
1478 -109.191
1479 -110.459
1480 -110.652
1481 -109.615
1482 -109.229
1483 -108.847
1484 -110.359
1485 -110.076
1486 -109.742
1487 -108.524
1488 -107.273
1489 -107.641
1490 -106.978
1491 -107.816
1492 -106.573
1493 -107.774
1494 -105.684
1495 -106.907
1496 -106.754
1497 -105.728
1498 -106.682
1499 -106.937
1500 -107.56
1501 -106.835
1502 -107.405
1503 -109.894
1504 -108.253
1505 -109.028
1506 -110.114
1507 -107.981
1508 -109.852
1509 -110.218
1510 -109.363
1511 -109.675
1512 -110.28
1513 -109.896
1514 -110.302
1515 -109.57
1516 -107.877
1517 -110.235
1518 -108.994
1519 -109.307
1520 -110.045
1521 -109.137
1522 -108.272
1523 -108.192
1524 -109.331
1525 -109.371
1526 -108.537
1527 -107.971
1528 -109.479
1529 -110.092
1530 -109.276
1531 -109.896
1532 -110.143
1533 -109.452
1534 -108.103
1535 -108.436
1536 -108.839
1537 -109.041
1538 -108.184
1539 -107.461
1540 -107.356
1541 -106.45
1542 -106.779
1543 -106.518
1544 -107.989
1545 -106.259
1546 -107.164
1547 -106.141
1548 -107.59
1549 -107.259
1550 -107.858
1551 -109.391
1552 -108.453
1553 -108.947
1554 -109.679
1555 -109.858
1556 -109.581
1557 -108.591
1558 -108.648
1559 -109.343
1560 -108.028
1561 -108.261
1562 -107.646
1563 -108.398
1564 -107.836
1565 -109.302
1566 -108.175
1567 -108.086
1568 -107.225
1569 -110.548
1570 -109.287
1571 -108.242
1572 -109.665
1573 -108.268
1574 -108.98
1575 -109.78
1576 -109.313
1577 -108.42
1578 -110.009
1579 -110.406
1580 -110.106
1581 -109.284
1582 -109.668
1583 -109.173
1584 -105.585
1585 -105.902
1586 -107.182
1587 -107.078
1588 -107.186
1589 -105.695
1590 -106.212
1591 -105.52
1592 -106.744
1593 -105.515
1594 -106.404
1595 -106.332
1596 -107.596
1597 -106.265
1598 -107.784
1599 -107.733
1600 -108.105
1601 -108.827
1602 -108.554
1603 -107.996
1604 -108.57
1605 -108.49
1606 -108.73
1607 -108.599
1608 -108.249
1609 -109.144
1610 -106.818
1611 -109.203
1612 -107.903
1613 -109.187
1614 -107.912
1615 -108.867
1616 -109.353
1617 -108.213
1618 -108.89
1619 -107.013
1620 -107.939
1621 -108.541
1622 -107.443
1623 -107.072
1624 -108.248
1625 -110.707
1626 -107.184
1627 -108.596
1628 -109.208
1629 -109.129
1630 -107.969
1631 -108.08
1632 -107.713
1633 -106.505
1634 -105.144
1635 -104.923
1636 -106.628
1637 -105.461
1638 -106.425
1639 -106.091
1640 -105.473
1641 -106.3
1642 -105.738
1643 -106.208
1644 -105.926
1645 -106.24
1646 -106.46
1647 -107.575
1648 -106.977
1649 -107.961
1650 -106.645
1651 -107.335
1652 -110.294
1653 -108.888
1654 -107.497
1655 -108.111
1656 -106.632
1657 -106.553
1658 -107.179
1659 -106.708
1660 -107.374
1661 -107.87
1662 -108.289
1663 -107.39
1664 -108.718
1665 -107.65
1666 -107.303
1667 -107.8
1668 -106.782
1669 -108.371
1670 -106.19
1671 -107.721
1672 -107.707
1673 -106.322
1674 -109.387
1675 -110.078
1676 -109.199
1677 -109.05
1678 -108.424
1679 -106.489
1680 -106.362
1681 -107.579
1682 -105.284
1683 -106.791
1684 -106.824
1685 -105.367
1686 -105.509
1687 -104.486
1688 -106.506
1689 -105.189
1690 -104.024
1691 -105.132
1692 -103.719
1693 -105.851
1694 -105.949
1695 -106
1696 -107.05
1697 -107.562
1698 -106.112
1699 -106.014
1700 -107.683
1701 -107.024
1702 -107.351
1703 -108.436
1704 -108.641
1705 -106.935
1706 -105.525
1707 -106.444
1708 -106.391
1709 -106.855
1710 -106.962
1711 -105.238
1712 -106.339
1713 -107.686
1714 -107.541
1715 -106.278
1716 -107.959
1717 -107.884
1718 -105.947
1719 -107.271
1720 -106.611
1721 -106.514
1722 -107.954
1723 -107.954
1724 -107.784
1725 -108.373
1726 -108.136
1727 -107.176
1728 -106.777
1729 -105.023
1730 -104.505
1731 -104.506
1732 -104.926
1733 -105.224
1734 -104.846
1735 -104.12
1736 -104.013
1737 -104.927
1738 -104.591
1739 -104.497
1740 -104.918
1741 -103.314
1742 -103.537
1743 -104.518
1744 -106.471
1745 -106.722
1746 -107.043
1747 -106.221
1748 -105.298
1749 -108.032
1750 -107.242
1751 -107.028
1752 -106.337
1753 -105.85
1754 -106.598
1755 -106.022
1756 -106.501
1757 -106.471
1758 -106.009
1759 -106.554
1760 -107.834
1761 -107.195
1762 -106.192
1763 -107.475
1764 -104.374
1765 -104.988
1766 -104.797
1767 -105.737
1768 -106.379
1769 -107.593
1770 -106.235
1771 -107.974
1772 -107.231
1773 -106.053
1774 -106.631
1775 -106.05
1776 -106.259
1777 -105.694
1778 -104.907
1779 -105.823
1780 -104.865
1781 -106.541
1782 -106.571
1783 -105.524
1784 -105.634
1785 -106.519
1786 -106.797
1787 -108.212
1788 -108.092
1789 -108.012
1790 -109.374
1791 -109.096
1792 -110.464
1793 -110.68
1794 -111.051
1795 -112.574
1796 -113.83
1797 -113.925
1798 -113.708
1799 -115.02
1800 -115.388
1801 -116.004
1802 -114.79
1803 -115.653
1804 -116.322
1805 -116.203
1806 -117.434
1807 -117.921
1808 -119.632
1809 -120.229
1810 -122.068
1811 -118.874
1812 -120.163
1813 -121.748
1814 -120.634
1815 -119.85
1816 -120.221
1817 -118.88
1818 -119.26
1819 -122.01
1820 -119.987
1821 -120.423
1822 -121.414
1823 -119.669
1824 -119.641
1825 -119.193
1826 -120.373
1827 -118.928
1828 -119.451
1829 -118.88
1830 -120.686
1831 -118.76
1832 -117.835
1833 -118.046
1834 -117.998
1835 -118.197
1836 -117.294
1837 -116.778
1838 -116.543
1839 -116.109
1840 -115.437
1841 -114.799
1842 -115.261
1843 -114.599
1844 -115.241
1845 -113.195
1846 -113.899
1847 -111.334
1848 -111.797
1849 -111.242
1850 -112.144
1851 -111.344
1852 -112.316
1853 -111.002
1854 -111.348
1855 -109.788
1856 -109.548
1857 -110.646
1858 -111.482
1859 -110.083
1860 -109.09
1861 -111.085
1862 -110.591
1863 -110.466
1864 -107.835
1865 -109.673
1866 -109.079
1867 -108.074
1868 -109.073
1869 -108.372
1870 -110.378
1871 -109.489
1872 -108.791
1873 -110.012
1874 -109.818
1875 -107.915
1876 -107.444
1877 -109.158
1878 -108.685
1879 -108.867
1880 -107.289
1881 -107.836
1882 -108.056
1883 -107.15
1884 -107.228
1885 -108.525
1886 -108.676
1887 -108.944
1888 -108.558
1889 -108.263
1890 -108.057
1891 -108.933
1892 -108.08
1893 -106.702
1894 -108.05
1895 -108.932
1896 -108.378
1897 -108.168
1898 -107.861
1899 -108.58
1900 -107.386
1901 -108.962
1902 -107.512
1903 -107.917
1904 -107.931
1905 -107.608
1906 -107.774
1907 -107.33
1908 -106.64
1909 -106.707
1910 -108.132
1911 -107.733
1912 -107.848
1913 -106.803
1914 -106.055
1915 -107.099
1916 -106.892
1917 -107.31
1918 -108.049
1919 -107.662
1920 -107.664
1921 -106.696
1922 -107.182
1923 -106.966
1924 -107.412
1925 -108.555
1926 -108.729
1927 -107.552
1928 -109.51
1929 -107.722
1930 -109.119
1931 -109.299
1932 -108.75
1933 -108.642
1934 -109.117
1935 -110.628
1936 -111.192
1937 -113.439
1938 -112.767
1939 -113.016
1940 -112.541
1941 -114.1
1942 -113.418
1943 -114.275
1944 -115.255
1945 -116.597
1946 -116.631
1947 -115.971
1948 -116.106
1949 -116.985
1950 -117.895
1951 -119.094
1952 -118.049
1953 -118.207
1954 -120.35
1955 -120.066
1956 -120.477
1957 -121.945
1958 -121.665
1959 -123.717
1960 -124.967
1961 -124.525
1962 -126.457
1963 -126.259
1964 -126.391
1965 -126.245
1966 -127.489
1967 -127.18
1968 -127.53
1969 -127.972
1970 -128.933
1971 -129.558
1972 -128.825
1973 -128.087
1974 -129.548
1975 -128.73
1976 -127.796
1977 -128.951
1978 -129.804
1979 -127.122
1980 -128.458
1981 -127.473
1982 -127.635
1983 -128.194
1984 -127.577
1985 -127.667
1986 -126.544
1987 -125.759
1988 -126.897
1989 -125.589
1990 -124.602
1991 -124.853
1992 -124.593
1993 -122.741
1994 -122.589
1995 -123.649
1996 -123.024
1997 -122.426
1998 -121.396
1999 -120.911
2000 -121.633
2001 -120.313
2002 -120.699
2003 -120.555
2004 -119.727
2005 -119.155
2006 -118.725
2007 -118.946
2008 -116.182
2009 -118.348
2010 -118.423
2011 -117.788
2012 -117.588
2013 -118.334
2014 -117.427
2015 -117.753
2016 -117.671
2017 -116.854
2018 -115.04
2019 -115.804
2020 -117.245
2021 -116.831
2022 -116.314
2023 -117.031
2024 -116.661
2025 -118.771
2026 -117.152
2027 -118.139
2028 -118.059
2029 -116.558
2030 -118.365
2031 -118.462
2032 -118.805
2033 -118.328
2034 -116.742
2035 -115.931
2036 -117.41
2037 -118.552
2038 -117.948
2039 -116.782
2040 -115.074
2041 -117.636
2042 -116.612
2043 -118.239
2044 -116.181
2045 -116.419
2046 -115.753
2047 -115.281
2048 -116.734
2049 -117.121
2050 -117.776
2051 -117.452
2052 -115.459
2053 -115.784
2054 -116.937
2055 -115.785
2056 -115.548
2057 -117.243
2058 -116.301
2059 -115.393
2060 -116.065
2061 -117.41
2062 -117.419
2063 -114.395
2064 -114.761
2065 -114.954
2066 -115.588
2067 -115.678
2068 -116.335
2069 -115.09
2070 -116.375
2071 -116.096
2072 -116.543
2073 -116.656
2074 -118.056
2075 -118.34
2076 -116.916
2077 -118.559
2078 -117.807
2079 -117.238
2080 -117.209
2081 -115.426
2082 -116.712
2083 -118.069
2084 -118.632
2085 -118.387
2086 -118.42
2087 -117.314
2088 -118.281
2089 -117.512
2090 -118.844
2091 -118.139
2092 -116.881
2093 -117.451
2094 -118.253
2095 -116.855
2096 -116.503
2097 -116.529
2098 -118.624
2099 -119.115
2100 -118.517
2101 -118.734
2102 -116.659
2103 -116.954
2104 -116.492
2105 -116.471
2106 -115.952
2107 -116.71
2108 -117.453
2109 -116.03
2110 -116.116
2111 -117.328
2112 -116.524
2113 -115.425
2114 -117.14
2115 -114.965
2116 -116.022
2117 -115.761
2118 -115.392
2119 -116.971
2120 -116.991
2121 -117.66
2122 -117.79
2123 -118.099
2124 -119.086
2125 -118.292
2126 -117.272
2127 -119.788
2128 -117.431
2129 -117.745
2130 -118.864
2131 -119.433
2132 -117.408
2133 -117.989
2134 -119.016
2135 -119.071
2136 -119.067
2137 -117.362
2138 -118.419
2139 -118.392
2140 -117.258
2141 -118.196
2142 -118.353
2143 -116.916
2144 -119.714
2145 -118.37
2146 -117.476
2147 -117.438
2148 -117.416
2149 -116.898
2150 -117.641
2151 -117.502
2152 -116.238
2153 -116.133
2154 -115.412
2155 -115.979
2156 -115.62
2157 -116.218
2158 -117.19
2159 -116.41
2160 -116.681
2161 -116.572
2162 -117.966
2163 -117.228
2164 -115.438
2165 -116.463
2166 -116.509
2167 -114.887
2168 -117.363
2169 -118.497
2170 -118.751
2171 -118.025
2172 -118.298
2173 -116.767
2174 -118.55
2175 -118.251
2176 -117.109
2177 -116.674
2178 -117.928
2179 -119.351
2180 -118.154
2181 -119.659
2182 -119.635
2183 -119.051
2184 -120.586
2185 -118.938
2186 -119.577
2187 -118.256
2188 -117.858
2189 -118.468
2190 -118.073
2191 -117.907
2192 -117.82
2193 -118.319
2194 -118.321
2195 -118.653
2196 -119.773
2197 -119.435
2198 -119.013
2199 -117.436
2200 -116.853
2201 -118.553
2202 -117.22
2203 -116.364
2204 -118.195
2205 -117.601
2206 -116.799
2207 -119.176
2208 -117.476
2209 -116.517
2210 -117.547
2211 -117.887
2212 -118.295
2213 -116.644
2214 -116.211
2215 -116.596
2216 -118.136
2217 -118.926
2218 -118.04
2219 -118.294
2220 -117.728
2221 -118.887
2222 -117.282
2223 -117.233
2224 -118.305
2225 -118.168
2226 -118.737
2227 -119.02
2228 -119.688
2229 -118.805
2230 -118.958
2231 -119.377
2232 -118.815
2233 -119.344
2234 -118.738
2235 -120.745
2236 -119.56
2237 -117.661
2238 -119.018
2239 -117.761
2240 -119.189
2241 -119.282
2242 -118.735
2243 -120.099
2244 -119.591
2245 -118.507
2246 -116.977
2247 -118.914
2248 -117.252
2249 -118.292
2250 -115.563
2251 -116.831
2252 -117.117
2253 -118.433
2254 -117.864
2255 -118.471
2256 -117.766
2257 -118.736
2258 -115.931
2259 -116.84
2260 -116.614
2261 -116.424
2262 -116.135
2263 -117.432
2264 -118.216
2265 -118.113
2266 -118.649
2267 -118.475
2268 -119.537
2269 -118.715
2270 -118.58
2271 -118.262
2272 -118.932
2273 -119.736
2274 -117.626
2275 -119.855
2276 -119.877
2277 -119.614
2278 -119.69
2279 -119.577
2280 -119.859
2281 -119.969
2282 -120.43
2283 -118.957
2284 -118.601
2285 -118.427
2286 -117.937
2287 -118.039
2288 -117.781
2289 -118.273
2290 -117.352
2291 -118.817
2292 -118.744
2293 -119.122
2294 -118.513
2295 -119.402
2296 -117.734
2297 -117.782
2298 -115.89
2299 -116.505
2300 -117.035
2301 -117.498
2302 -116.887
2303 -118.701
2304 -116.186
2305 -118.11
2306 -118.562
2307 -118.452
2308 -116.266
2309 -117.697
2310 -118.365
2311 -117.345
2312 -117.161
2313 -118.245
2314 -119.493
2315 -117.761
2316 -119.672
2317 -119.522
2318 -120.257
2319 -120.663
2320 -119.468
2321 -118.874
2322 -118.871
2323 -119.83
2324 -120.688
2325 -121.384
2326 -120.553
2327 -117.806
2328 -120.243
2329 -119.853
2330 -119.736
2331 -119.849
2332 -117.824
2333 -118.733
2334 -118.995
2335 -117.436
2336 -119.675
2337 -119.597
2338 -119.652
2339 -120.153
2340 -118.666
2341 -119.875
2342 -119.91
2343 -118.379
2344 -119.192
2345 -118.284
2346 -117.213
2347 -117.066
2348 -117.738
2349 -117.468
2350 -119.494
2351 -118.812
2352 -119.194
2353 -117.329
2354 -117.563
2355 -118.087
2356 -116.373
2357 -118.151
2358 -117.571
2359 -115.642
2360 -118.414
2361 -118.75
2362 -119.737
2363 -119.094
2364 -118.733
2365 -120.769
2366 -118.981
2367 -118.216
2368 -116.917
2369 -120.312
2370 -119.786
2371 -118.883
2372 -118.986
2373 -119.03
2374 -118.33
2375 -120.599
2376 -121.358
2377 -119.87
2378 -120.766
2379 -120.973
2380 -119.391
2381 -120.285
2382 -118.44
2383 -119.095
2384 -119.466
2385 -120.502
2386 -119.311
2387 -119.532
2388 -119.038
2389 -118.206
2390 -118.182
2391 -118.355
2392 -118.696
2393 -117.405
2394 -116.545
2395 -118.5
2396 -118.05
2397 -117.931
2398 -116.959
2399 -117.766
2400 -117.616
2401 -117.94
2402 -118.349
2403 -116.475
2404 -116.311
2405 -116.807
2406 -118.658
2407 -118.522
2408 -117.539
2409 -117.547
2410 -116.872
2411 -118.541
2412 -119.255
2413 -119.131
2414 -120.203
2415 -119.177
2416 -118.993
2417 -118.479
2418 -116.802
2419 -117.059
2420 -116.633
2421 -116.879
2422 -118.702
2423 -116.877
2424 -117.421
2425 -115.13
2426 -115.4
2427 -116.274
2428 -115.345
2429 -113.99
2430 -113.48
2431 -112.907
2432 -111.997
2433 -112.2
2434 -112.147
2435 -111.464
2436 -111.827
2437 -110.055
2438 -112.284
2439 -110.869
2440 -109.525
2441 -107.798
2442 -107.537
2443 -106.094
2444 -106.734
2445 -106.207
2446 -106.384
2447 -104.03
2448 -105.1
2449 -104.994
2450 -103.953
2451 -104.75
2452 -101.736
2453 -103.443
2454 -104.287
2455 -102.304
2456 -102.231
2457 -102.945
2458 -103.329
2459 -103.037
2460 -103.07
2461 -102.512
2462 -102.727
2463 -103.944
2464 -103.371
2465 -103.915
2466 -105.683
2467 -105.366
2468 -105.277
2469 -104.938
2470 -103.676
2471 -105.693
2472 -106.359
2473 -106.61
2474 -107.136
2475 -108.019
2476 -107.55
2477 -109.069
2478 -109.213
2479 -108.837
2480 -109.446
2481 -108.568
2482 -110.018
2483 -109.596
2484 -111.889
2485 -111.893
2486 -111.887
2487 -110.953
2488 -111.297
2489 -110.595
2490 -111.832
2491 -112.526
2492 -113.073
2493 -111.836
2494 -113.384
2495 -113.856
2496 -113.075
2497 -113.817
2498 -113.163
2499 -113.207
2500 -115.189
2501 -114.637
2502 -113.262
2503 -114.149
2504 -116.589
2505 -114.825
2506 -114.284
2507 -115.851
2508 -114.59
2509 -114.389
2510 -115.2
2511 -114.866
2512 -115.929
2513 -114.818
2514 -115.48
2515 -116.461
2516 -115.061
2517 -114.907
2518 -116.156
2519 -115.831
2520 -115.698
2521 -115.344
2522 -115.172
2523 -115.553
2524 -115.047
2525 -116.59
2526 -115.535
2527 -116.95
2528 -115.431
2529 -115.517
2530 -114.684
2531 -115.428
2532 -115.315
2533 -116.799
2534 -117.384
2535 -115.468
2536 -115.575
2537 -116.341
2538 -115.255
2539 -114.392
2540 -116.014
2541 -115.452
2542 -116.615
2543 -115.428
2544 -114.655
2545 -115.603
2546 -115.461
2547 -115.34
2548 -114.485
2549 -116.187
2550 -116.027
2551 -117.096
2552 -116.661
2553 -114.887
2554 -117.267
2555 -116.438
2556 -116.884
2557 -116.701
2558 -115.919
2559 -116.563
2560 -115.819
2561 -116.409
2562 -115.49
2563 -115.651
2564 -115.364
2565 -114.981
2566 -115.706
2567 -114.133
2568 -112.464
2569 -113.951
2570 -116.185
2571 -114.193
2572 -113.49
2573 -112.456
2574 -111.375
2575 -110.745
2576 -109.559
2577 -110.158
2578 -108.661
2579 -110.848
2580 -109.881
2581 -109.26
2582 -108.07
2583 -109.743
2584 -107.915
2585 -107.287
2586 -106.103
2587 -105.841
2588 -104.947
2589 -104.326
2590 -104.548
2591 -103.638
2592 -102.294
2593 -102.432
2594 -102.836
2595 -99.765
2596 -99.6404
2597 -99.815
2598 -99.221
2599 -99.5902
2600 -99.5479
2601 -97.4713
2602 -95.9321
2603 -95.2368
2604 -96.5125
2605 -95.7047
2606 -96.8337
2607 -94.944
2608 -95.7579
2609 -95.132
2610 -94.9564
2611 -95.534
2612 -95.6221
2613 -95.0576
2614 -95.664
2615 -95.7065
2616 -95.4423
2617 -96.2565
2618 -95.1801
2619 -95.8149
2620 -95.5473
2621 -97.2725
2622 -97.3833
2623 -98.7563
2624 -98.2681
2625 -98.8795
2626 -98.5148
2627 -99.0112
2628 -100.74
2629 -100.171
2630 -98.5546
2631 -100.199
2632 -100.649
2633 -101.608
2634 -103.082
2635 -103.701
2636 -101.746
2637 -104.199
2638 -104.975
2639 -105.23
2640 -103.919
2641 -106.431
2642 -105.7
2643 -104.288
2644 -106.89
2645 -106.696
2646 -107.493
2647 -106.027
2648 -107.809
2649 -107.462
2650 -106.478
2651 -106.83
2652 -106.91
2653 -106.907
2654 -107.36
2655 -108.385
2656 -108.176
2657 -108.274
2658 -108.742
2659 -108.993
2660 -108.337
2661 -109.591
2662 -109.132
2663 -108.545
2664 -107.84
2665 -106.622
2666 -107.171
2667 -107.193
2668 -106.73
2669 -107.094
2670 -105.934
2671 -105.358
2672 -107.199
2673 -106.009
2674 -105.578
2675 -106.49
2676 -105.715
2677 -108.056
2678 -109.666
2679 -109.607
2680 -108.343
2681 -107.355
2682 -108.281
2683 -110.314
2684 -108.963
2685 -110.169
2686 -109.664
2687 -109.253
2688 -107.489
2689 -109.778
2690 -108.219
2691 -108.185
2692 -109.604
2693 -108.319
2694 -108.871
2695 -110.266
2696 -110.003
2697 -108.264
2698 -108.37
2699 -109.243
2700 -109.007
2701 -109.354
2702 -109.26
2703 -109.414
2704 -110.71
2705 -111.907
2706 -109.507
2707 -109.964
2708 -111.077
2709 -110.627
2710 -109.901
2711 -109.829
2712 -108.932
2713 -108.608
2714 -109.179
2715 -109.407
2716 -107.894
2717 -109.222
2718 -106.001
2719 -106.284
2720 -107.707
2721 -107.325
2722 -106.273
2723 -107.056
2724 -107.465
2725 -106.267
2726 -108.835
2727 -108.747
2728 -108.358
2729 -108.605
2730 -109.583
2731 -109.642
2732 -110.343
2733 -108.605
2734 -111.325
2735 -109.081
2736 -108.465
2737 -108.815
2738 -108.787
2739 -110.459
2740 -108.254
2741 -108.383
2742 -108.876
2743 -109.093
2744 -110.42
2745 -110.81
2746 -109.908
2747 -109.467
2748 -110.328
2749 -107.923
2750 -108.039
2751 -110.487
2752 -110.019
2753 -110.43
2754 -110.201
2755 -109.941
2756 -110.155
2757 -109.758
2758 -109.256
2759 -110.52
2760 -109.107
2761 -108.368
2762 -108.3
2763 -108.415
2764 -109.457
2765 -106.786
2766 -107.139
2767 -106.241
2768 -106.737
2769 -105.135
2770 -106.784
2771 -108.481
2772 -105.907
2773 -106.929
2774 -107.885
2775 -108.831
2776 -108.805
2777 -108.412
2778 -109.39
2779 -108.991
2780 -108.343
2781 -109.175
2782 -108.524
2783 -109.461
2784 -109.476
2785 -109.501
2786 -108.421
2787 -109.507
2788 -108.043
2789 -107.774
2790 -107.433
2791 -107.395
2792 -110.519
2793 -110.168
2794 -110.083
2795 -110.115
2796 -109.967
2797 -109.102
2798 -108.866
2799 -108.488
2800 -109.088
2801 -110.159
2802 -109.116
2803 -109.528
2804 -110.17
2805 -110.376
2806 -110.077
2807 -108.852
2808 -108.243
2809 -108.587
2810 -108.168
2811 -107.297
2812 -107.27
2813 -109.029
2814 -107.122
2815 -107.348
2816 -106.694
2817 -107.08
2818 -106.138
2819 -107.686
2820 -107.022
2821 -107.225
2822 -107.532
2823 -107.614
2824 -108.013
2825 -108.489
2826 -108.98
2827 -109.71
2828 -108.369
2829 -110.685
2830 -111.517
2831 -110.182
2832 -108.045
2833 -109.806
2834 -109.782
2835 -108.95
2836 -108.094
2837 -108.547
2838 -110.016
2839 -109.675
2840 -108.508
2841 -108.61
2842 -108.601
2843 -108.757
2844 -108.489
2845 -108.849
2846 -108.317
2847 -107.815
2848 -107.984
2849 -106.527
2850 -109.6
2851 -110
2852 -110.487
2853 -112.15
2854 -110.169
2855 -110.027
2856 -110.643
2857 -107.813
2858 -107.385
2859 -107.802
2860 -106.614
2861 -107.1
2862 -107.204
2863 -107.337
2864 -106.378
2865 -105.336
2866 -106.321
2867 -106.288
2868 -106.599
2869 -108.616
2870 -107.365
2871 -105.893
2872 -107.364
2873 -108.516
2874 -109.838
2875 -109.185
2876 -109.063
2877 -110.033
2878 -109.598
2879 -108.241
2880 -107.955
2881 -107.848
2882 -108.725
2883 -108.051
2884 -109.138
2885 -106.908
2886 -108.536
2887 -108.605
2888 -107.67
2889 -107.909
2890 -108.783
2891 -109.015
2892 -108.727
2893 -107.99
2894 -107.716
2895 -107.258
2896 -107.233
2897 -107.444
2898 -108.122
2899 -110.244
2900 -109.224
2901 -108.148
2902 -109.157
2903 -107.884
2904 -107.671
2905 -108.206
2906 -106.967
2907 -106.823
2908 -106.509
2909 -105.001
2910 -106.615
2911 -106.294
2912 -106.325
2913 -106.399
2914 -107.205
2915 -105.276
2916 -105.37
2917 -106.026
2918 -105.851
2919 -105.507
2920 -107.543
2921 -107.636
2922 -107.942
2923 -106.955
2924 -108.662
2925 -107.434
2926 -108.36
2927 -106.131
2928 -108.609
2929 -108.256
2930 -107.486
2931 -109.321
2932 -109.249
2933 -107.297
2934 -107.18
2935 -107.628
2936 -107.183
2937 -107.106
2938 -107.202
2939 -109.468
2940 -106.708
2941 -107.143
2942 -108.009
2943 -108.028
2944 -107.085
2945 -107.184
2946 -106.455
2947 -108.158
2948 -107.336
2949 -109.069
2950 -108.093
2951 -109.178
2952 -107.889
2953 -105.966
2954 -106.265
2955 -106.523
2956 -105.813
2957 -106.209
2958 -105.913
2959 -106.767
2960 -104.867
2961 -105.046
2962 -105.149
2963 -105.487
2964 -106.687
2965 -106.1
2966 -105.856
2967 -106.07
2968 -106.753
2969 -106.796
2970 -107.863
2971 -106.414
2972 -107.27
2973 -107.792
2974 -107.602
2975 -108.508
2976 -108.563
2977 -107.758
2978 -107.199
2979 -107.84
2980 -107.874
2981 -107.206
2982 -106.241
2983 -105.777
2984 -107.9
2985 -107.756
2986 -107.346
2987 -107.841
2988 -107.571
2989 -106.303
2990 -106.784
2991 -106.984
2992 -106.71
2993 -107.208
2994 -107.519
2995 -106.48
2996 -107.582
2997 -106.826
2998 -108.377
2999 -106.61
3000 -107.135
3001 -106.599
3002 -107.279
3003 -105.99
3004 -103.901
3005 -103.972
3006 -104.457
3007 -103.956
3008 -104.101
3009 -103.679
3010 -104.914
3011 -104.184
3012 -105.245
3013 -105.497
3014 -104.928
3015 -105.428
3016 -106.047
3017 -106.794
3018 -106.764
3019 -106.744
3020 -107.059
3021 -106.49
3022 -106.995
3023 -106.259
3024 -106.736
3025 -106.595
3026 -107.02
3027 -107.137
3028 -106.59
3029 -104.415
3030 -107.543
3031 -107.576
3032 -106.621
3033 -106.322
3034 -106.443
3035 -106.436
3036 -106.379
3037 -105.498
3038 -105.23
3039 -106.646
3040 -105.468
3041 -105.352
3042 -106.289
3043 -107.223
3044 -107.086
3045 -107.116
3046 -105.784
3047 -107.662
3048 -107.271
3049 -106.534
3050 -106.89
3051 -105.641
3052 -106.308
3053 -107.198
3054 -105.112
3055 -105.972
3056 -105.781
3057 -108.491
3058 -106.996
3059 -107.162
3060 -106.074
3061 -108.255
3062 -107.023
3063 -108.202
3064 -108.579
3065 -110.139
3066 -111.371
3067 -112.555
3068 -111.907
3069 -113.319
3070 -114.7
3071 -112.548
3072 -114.21
3073 -115.37
3074 -113.78
3075 -114.137
3076 -115.325
3077 -116.733
3078 -116.828
3079 -114.888
3080 -118.877
3081 -119.309
3082 -118.517
3083 -119.709
3084 -119.671
3085 -120.679
3086 -120.659
3087 -122.854
3088 -120.355
3089 -120.976
3090 -120.465
3091 -118.57
3092 -120.404
3093 -120.846
3094 -120.823
3095 -121.038
3096 -119.635
3097 -120.938
3098 -120.281
3099 -119.059
3100 -120.158
3101 -120.354
3102 -118.806
3103 -119.485
3104 -119.618
3105 -119.526
3106 -119.485
3107 -119.24
3108 -118.789
3109 -116.542
3110 -116.591
3111 -116.298
3112 -116.357
3113 -116.991
3114 -115.409
3115 -116.738
3116 -115.037
3117 -114.288
3118 -113.433
3119 -113.858
3120 -113.294
3121 -112.276
3122 -111.484
3123 -112.358
3124 -112.697
3125 -111.398
3126 -111.034
3127 -112.457
3128 -110.817
3129 -111.406
3130 -111.296
3131 -110.927
3132 -110.621
3133 -110.279
3134 -110.378
3135 -109.924
3136 -110.563
3137 -109.661
3138 -109.495
3139 -110.194
3140 -111.017
3141 -109.333
3142 -109.532
3143 -110.023
3144 -109.265
3145 -107.415
3146 -110.32
3147 -109.123
3148 -110.596
3149 -108.144
3150 -107.729
3151 -108.612
3152 -108.549
3153 -107.451
3154 -108.79
3155 -109.273
3156 -108.587
3157 -107.152
3158 -107.817
3159 -108.755
3160 -109.005
3161 -107.353
3162 -108.315
3163 -109.03
3164 -109.477
3165 -110.087
3166 -107.737
3167 -107.124
3168 -106.989
3169 -106.886
3170 -108.172
3171 -108.18
3172 -107.792
3173 -106.226
3174 -108.476
3175 -107.743
3176 -107.86
3177 -109.003
3178 -107.558
3179 -108.735
3180 -107.964
3181 -106.902
3182 -107.363
3183 -106.902
3184 -107.407
3185 -107.915
3186 -108.92
3187 -108.511
3188 -107.97
3189 -107.284
3190 -106.806
3191 -107.201
3192 -106.705
3193 -108.622
3194 -107.716
3195 -107.608
3196 -107.201
3197 -109.46
3198 -110.496
3199 -108.437
3200 -107.104
3201 -108.236
3202 -107.423
3203 -108.237
3204 -106.944
3205 -107.002
3206 -107.159
3207 -107.177
3208 -107.717
3209 -107.26
3210 -107.94
3211 -107.758
3212 -107.465
3213 -107.765
3214 -107.513
3215 -107.355
3216 -107.586
3217 -107.595
3218 -108.162
3219 -106.336
3220 -108.36
3221 -107.258
3222 -108.018
3223 -106.529
3224 -107.309
3225 -107.371
3226 -106.023
3227 -107.344
3228 -107.251
3229 -106.755
3230 -107.468
3231 -107.86
3232 -106.792
3233 -108.121
3234 -106.999
3235 -106.79
3236 -106.922
3237 -106.973
3238 -107.492
3239 -109.07
3240 -106.994
3241 -107.493
3242 -107.583
3243 -108.522
3244 -107.53
3245 -106.7
3246 -108.187
3247 -105.738
3248 -106.444
3249 -106.469
3250 -106.714
3251 -107.19
3252 -108.59
3253 -108.329
3254 -108.163
3255 -107.917
3256 -107.247
3257 -107.523
3258 -106.997
3259 -106.742
3260 -109.548
3261 -108.557
3262 -108.524
3263 -106.217
3264 -108.538
3265 -108.057
3266 -108.365
3267 -107.7
3268 -107.562
3269 -107.403
3270 -107.012
3271 -106.944
3272 -106.171
3273 -107.623
3274 -106.952
3275 -108.307
3276 -108.43
3277 -108.255
3278 -107.483
3279 -107.891
3280 -109.211
3281 -108.301
3282 -106.548
3283 -106.24
3284 -109.117
3285 -106.488
3286 -108.473
3287 -107.493
3288 -108.567
3289 -107.124
3290 -108.029
3291 -108.073
3292 -106.739
3293 -108.108
3294 -107.19
3295 -108.084
3296 -108.428
3297 -107.81
3298 -106.861
3299 -108.215
3300 -107.143
3301 -107.975
3302 -106.208
3303 -107.528
3304 -107.368
3305 -107.885
3306 -108.037
3307 -108.861
3308 -108.276
3309 -107.678
3310 -108.187
3311 -109.273
3312 -109.424
3313 -107.535
3314 -107.247
3315 -108.039
3316 -107.525
3317 -108.607
3318 -107.411
3319 -107.251
3320 -108.93
3321 -108.305
3322 -108.194
3323 -108.494
3324 -107.217
3325 -107.077
3326 -107.818
3327 -107.205
3328 -107.681
3329 -107.456
3330 -108.221
3331 -108.066
3332 -107.654
3333 -108.067
3334 -107.857
3335 -106.928
3336 -108.275
3337 -108.149
3338 -107.194
3339 -108.193
3340 -107.388
3341 -107.536
3342 -109.308
3343 -107.223
3344 -108.706
3345 -108.681
3346 -106.628
3347 -106.64
3348 -106.813
3349 -106.038
3350 -107.202
3351 -108.089
3352 -108.08
3353 -107.337
3354 -106.944
3355 -107.785
3356 -107.613
3357 -108.736
3358 -108.294
3359 -107.912
3360 -108.405
3361 -106.083
3362 -107.546
3363 -108.055
3364 -106.944
3365 -107.953
3366 -107.061
3367 -108.857
3368 -107.214
3369 -107.118
3370 -108.337
3371 -109.429
3372 -107.6
3373 -107.75
3374 -107.748
3375 -107.523
3376 -108.02
3377 -107.681
3378 -107.65
3379 -109.09
3380 -107.589
3381 -107.242
3382 -107.79
3383 -107.141
3384 -107.416
3385 -107.87
3386 -108.314
3387 -107.029
3388 -108.65
3389 -108.199
3390 -106.996
3391 -107.206
3392 -108.734
3393 -107.356
3394 -108.343
3395 -108.168
3396 -107.268
3397 -108.496
3398 -108.067
3399 -107.632
