0 -102.836
1 -102.648
2 -102.103
3 -102.456
4 -102.246
5 -101.488
6 -102.122
7 -101.452
8 -101.368
9 -101.112
10 -101.252
11 -101.304
12 -101.9
13 -102.97
14 -103.393
15 -104.474
16 -104.376
17 -102.54
18 -104.013
19 -103.863
20 -105.465
21 -105.715
22 -105.297
23 -106.842
24 -108.304
25 -108.606
26 -108.799
27 -107.975
28 -108.093
29 -110.213
30 -111.38
31 -110.955
32 -112.384
33 -112.257
34 -112.217
35 -114.4
36 -113.777
37 -114.913
38 -116.348
39 -116.555
40 -118.682
41 -117.07
42 -117.24
43 -119.61
44 -121.911
45 -119.493
46 -119.911
47 -122.085
48 -121.839
49 -122.367
50 -121.991
51 -122.374
52 -124.909
53 -122.22
54 -121.436
55 -122.941
56 -123.502
57 -123.076
58 -121.688
59 -122.855
60 -121.369
61 -122.437
62 -119.402
63 -118.866
64 -120.38
65 -120.957
66 -120.434
67 -119.878
68 -119.114
69 -119.106
70 -119.385
71 -119.176
72 -117.055
73 -114.758
74 -115.794
75 -114.502
76 -115.225
77 -114.198
78 -113.818
79 -112.171
80 -113.312
81 -113.461
82 -111.556
83 -111.951
84 -113.739
85 -111.709
86 -111.628
87 -110.845
88 -111.336
89 -112.387
90 -111.589
91 -110.615
92 -110.358
93 -110.435
94 -109.679
95 -111.169
96 -112.315
97 -111.511
98 -111.235
99 -112.247
100 -112.004
101 -111.359
102 -112.096
103 -111.817
104 -113.854
105 -110.663
106 -112.023
107 -111.915
108 -111.472
109 -110.905
110 -111.199
111 -110.799
112 -109.619
113 -111.049
114 -110.692
115 -111.192
116 -110.804
117 -111.327
118 -110.373
119 -110.096
120 -110.961
121 -111.203
122 -109.896
123 -110.056
124 -110.159
125 -109.695
126 -108.878
127 -110.152
128 -111.025
129 -110.012
130 -107.004
131 -108.326
132 -107.181
133 -109.678
134 -108.636
135 -109.806
136 -109.964
137 -110.41
138 -110.67
139 -111.494
140 -111.324
141 -111.799
142 -109.904
143 -110.214
144 -111.188
145 -111.589
146 -111.523
147 -111.293
148 -111.829
149 -113.229
150 -112.307
151 -112.708
152 -110.566
153 -109.683
154 -110.916
155 -111.522
156 -110.395
157 -109.683
158 -110.785
159 -110.403
160 -110.912
161 -110.687
162 -110.376
163 -110.786
164 -110.509
165 -109.485
166 -108.495
167 -111.151
168 -111.583
169 -109.697
170 -110.924
171 -109.402
172 -110.368
173 -108.561
174 -110.317
175 -108.923
176 -109.331
177 -111.061
178 -111.514
179 -111.405
180 -112.618
181 -111.992
182 -112.797
183 -110.821
184 -111.499
185 -111.643
186 -111.229
187 -111.124
188 -113.73
189 -111.78
190 -114.004
191 -111.992
192 -112.545
193 -112.279
194 -111.347
195 -111.287
196 -111.084
197 -111.801
198 -111.374
199 -113.162
200 -112.47
201 -112.802
202 -109.123
203 -111.113
204 -111.3
205 -111.192
206 -110.258
207 -110.345
208 -110.782
209 -110.959
210 -111.092
211 -110.087
212 -109.666
213 -110.218
214 -110.127
215 -109.359
216 -109.476
217 -109.967
218 -110.252
219 -112.262
220 -112.95
221 -113.02
222 -112.588
223 -111.313
224 -112.267
225 -111.291
226 -111.807
227 -111.408
228 -113.294
229 -113.404
230 -112.93
231 -112.542
232 -111.659
233 -113.778
234 -111.924
235 -112.926
236 -112.272
237 -111.442
238 -111.676
239 -112.022
240 -111.811
241 -110.007
242 -110.449
243 -109.997
244 -112.264
245 -110.587
246 -111.055
247 -109.257
248 -110.642
249 -112.789
250 -109.82
251 -111.456
252 -113.583
253 -109.98
254 -109.363
255 -109.713
256 -111.769
257 -111.195
258 -112.138
259 -112.239
260 -111.508
261 -113.343
262 -112.677
263 -112.251
264 -111.473
265 -113.023
266 -111.99
267 -111.97
268 -114.74
269 -111.737
270 -112.764
271 -114.242
272 -111.492
273 -112.366
274 -113.959
275 -113.846
276 -111.572
277 -111.212
278 -111.975
279 -112.192
280 -110.963
281 -112.348
282 -112.272
283 -112.039
284 -110.462
285 -110.415
286 -108.922
287 -111.38
288 -111.744
289 -113.104
290 -111.686
291 -112.182
292 -110.64
293 -111.645
294 -110.662
295 -109.731
296 -110.263
297 -110.158
298 -109.64
299 -111.991
300 -112.636
301 -112.936
302 -112.696
303 -113.147
304 -112.096
305 -113.385
306 -112.681
307 -112.396
308 -111.772
309 -112.31
310 -113.497
311 -112.344
312 -114.484
313 -113.685
314 -112.374
315 -111.773
316 -112.403
317 -111.252
318 -111.761
319 -112.64
320 -112.145
321 -111.122
322 -112.786
323 -110.451
324 -113.082
325 -111.094
326 -109.828
327 -110.717
328 -110.749
329 -112.439
330 -109.485
331 -111.356
332 -112.279
333 -110.753
334 -112.064
335 -110.688
336 -108.844
337 -110.09
338 -111.095
339 -111.78
340 -112.916
341 -112.579
342 -111.13
343 -112.013
344 -111.09
345 -111.93
346 -114.06
347 -112.872
348 -113.273
349 -113.337
350 -113.071
351 -114.316
352 -111.561
353 -112.868
354 -112.53
355 -111.29
356 -112.138
357 -112.479
358 -113.253
359 -113.262
360 -112.878
361 -112.917
362 -111.608
363 -112.248
364 -112.82
365 -111.439
366 -111.851
367 -110.431
368 -110.651
369 -110.392
370 -111.57
371 -112.929
372 -110.95
373 -111.972
374 -111.22
375 -110.351
376 -109.676
377 -111.204
378 -111.521
379 -111.357
380 -110.321
381 -112.418
382 -114.151
383 -112.595
384 -112.938
385 -111.712
386 -112.977
387 -111.975
388 -110.996
389 -113.527
390 -113.512
391 -112.882
392 -113.643
393 -113.162
394 -113.887
395 -112.562
396 -113.418
397 -111.63
398 -111.806
399 -112.038
400 -113.017
401 -112.542
402 -112.373
403 -112.101
404 -112.763
405 -112.461
406 -112.136
407 -111.606
408 -109.741
409 -111.615
410 -110.779
411 -111.532
412 -111.496
413 -111.63
414 -110.043
415 -110.108
416 -109.432
417 -111.092
418 -109.273
419 -110.959
420 -110.971
421 -111.088
422 -112.914
423 -111.304
424 -111.04
425 -111.122
426 -111.019
427 -111.294
428 -111.299
429 -110.29
430 -110.36
431 -112.161
432 -110.26
433 -109.632
434 -110.004
435 -107.162
436 -106.222
437 -106.195
438 -106.235
439 -104.91
440 -105.909
441 -104.331
442 -103.269
443 -105.302
444 -104.624
445 -99.783
446 -102.102
447 -99.9867
448 -98.8968
449 -96.7818
450 -99.0509
451 -96.7082
452 -96.8719
453 -97.4752
454 -96.8978
455 -96.9889
456 -96.4377
457 -97.0784
458 -95.9926
459 -96.3018
460 -95.8379
461 -96.6586
462 -95.1454
463 -95.728
464 -93.563
465 -96.5338
466 -96.3128
467 -95.5006
468 -98.0586
469 -98.5796
470 -96.6468
471 -99.3287
472 -99.18
473 -98.5621
474 -98.7848
475 -99.3668
476 -99.9146
477 -100.331
478 -102.604
479 -99.8046
480 -101.027
481 -103.123
482 -103.283
483 -104.265
484 -104.408
485 -103.855
486 -104.189
487 -104.514
488 -103.799
489 -104.68
490 -106.193
491 -105.61
492 -105.726
493 -104.189
494 -106.397
495 -106.372
496 -104.862
497 -107.018
498 -107.225
499 -105.556
500 -107.292
501 -107.308
502 -107.325
503 -107.391
504 -107.332
505 -107.046
506 -108.054
507 -107.118
508 -108.432
509 -108.181
510 -107.396
511 -107.057
512 -108.091
513 -108.673
514 -106.278
515 -107.917
516 -108.605
517 -107.997
518 -108.258
519 -108.338
520 -108.122
521 -108.7
522 -108.305
523 -108.434
524 -106.381
525 -107.504
526 -108.823
527 -108.684
528 -107.513
529 -109.165
530 -108.338
531 -109.559
532 -107.865
533 -107.986
534 -107.96
535 -109.608
536 -107.908
537 -108.164
538 -107.218
539 -107.197
540 -108.905
541 -106.709
542 -106.99
543 -107.431
544 -108.218
545 -106.691
546 -109.649
547 -106.058
548 -108.629
549 -108.352
550 -108.409
551 -108.254
552 -107.211
553 -107.431
554 -109.171
555 -106.472
556 -106.742
557 -107.132
558 -105.274
559 -103.044
560 -103.224
561 -103.726
562 -103.023
563 -102.37
564 -101.36
565 -100.206
566 -100.946
567 -99.344
568 -100.015
569 -98.1508
570 -98.8332
571 -95.5303
572 -97.0471
573 -96.198
574 -96.6468
575 -93.5136
576 -93.4084
577 -93.1027
578 -93.7805
579 -91.4848
580 -90.6562
581 -90.6207
582 -90.0422
583 -88.8666
584 -89.7688
585 -88.0644
586 -87.2523
587 -87.2398
588 -86.1284
589 -86.4722
590 -85.8121
591 -88.4291
592 -86.3812
593 -86.8305
594 -86.6599
595 -87.1064
596 -87.2383
597 -87.7794
598 -86.4787
599 -87.0022
600 -89.359
601 -90.0469
602 -89.6129
603 -91.4483
604 -92.0417
605 -93.7331
606 -92.9178
607 -94.5411
608 -92.6156
609 -96.1055
610 -95.7657
611 -96.3283
612 -97.2128
613 -96.816
614 -98.1934
615 -97.8723
616 -98.4022
617 -99.7617
618 -98.4669
619 -99.1389
620 -99.3576
621 -99.1007
622 -98.8295
623 -98.8901
624 -99.2639
625 -98.2872
626 -100.237
627 -100.578
628 -101.625
629 -99.8896
630 -101.998
631 -101.878
632 -100.598
633 -100.671
634 -99.9078
635 -99.788
636 -100.378
637 -98.1781
638 -98.4109
639 -99.6546
640 -98.8215
641 -98.5654
642 -98.1102
643 -99.27
644 -99.4208
645 -99.2558
646 -98.7985
647 -99.503
648 -100.808
649 -100.843
650 -100.512
651 -102.71
652 -102.108
653 -102.399
654 -101.939
655 -102.095
656 -101.136
657 -100.099
658 -100.233
659 -100.428
660 -102.405
661 -101.115
662 -101.846
663 -102.97
664 -101.077
665 -101.73
666 -100.455
667 -101.303
668 -101.214
669 -101.964
670 -103.412
671 -104.008
672 -102.526
673 -102.414
674 -101.393
675 -100.958
676 -101.127
677 -100.805
678 -99.968
679 -99.6137
680 -99.8364
681 -99.0239
682 -98.529
683 -99.0121
684 -100.073
685 -98.4583
686 -101.237
687 -99.9469
688 -100.867
689 -101.301
690 -102.848
691 -103.311
692 -102.47
693 -101.535
694 -102.815
695 -103.364
696 -103.129
697 -101.252
698 -102.665
699 -102.178
700 -100.387
701 -102.531
702 -101.41
703 -101.257
704 -103.929
705 -100.804
706 -101.865
707 -103.589
708 -101.949
709 -101.216
710 -101.103
711 -102.238
712 -102.859
713 -102.974
714 -103.072
715 -101.078
716 -101.661
717 -100.87
718 -98.5286
719 -100.483
720 -99.7024
721 -98.3982
722 -99.9047
723 -98.9146
724 -99.4897
725 -99.3594
726 -99.1649
727 -100.336
728 -100.497
729 -100.888
730 -101.409
731 -100.772
732 -102.548
733 -101.461
734 -101.833
735 -102.719
736 -102.156
737 -101.356
738 -100.772
739 -101.615
740 -101.676
741 -102.039
742 -101.739
743 -102.601
744 -102.809
745 -102.228
746 -100.892
747 -101.224
748 -102.014
749 -103.236
750 -102.661
751 -103.457
752 -103.059
753 -103.318
754 -104.295
755 -102.489
756 -102.645
757 -101.686
758 -100.203
759 -99.9712
760 -99.7344
761 -99.6838
762 -99.0874
763 -99.1508
764 -99.9202
765 -99.2905
766 -100.083
767 -99.9967
768 -100.529
769 -101.256
770 -100.485
771 -102.048
772 -101.326
773 -101.153
774 -100.345
775 -102.141
776 -101.841
777 -102.044
778 -100.612
779 -101.672
780 -100.975
781 -100.968
782 -102.816
783 -102.148
784 -101.191
785 -101.142
786 -103.067
787 -100.564
788 -102.517
789 -99.5194
790 -101.702
791 -101.544
792 -101.982
793 -100.678
794 -102.736
795 -102.766
796 -102.673
797 -101.084
798 -101.509
799 -100.872
800 -98.8183
801 -100.747
802 -99.5923
803 -100.097
804 -99.6623
805 -97.9384
806 -97.669
807 -99.0048
808 -97.6081
809 -99.5579
810 -100.511
811 -101.974
812 -102.51
813 -101.721
814 -101.948
815 -101.244
816 -101.335
817 -100.603
818 -101.723
819 -100.081
820 -100.503
821 -102.128
822 -100.753
823 -101.6
824 -102.429
825 -101.261
826 -101.5
827 -100.839
828 -100.616
829 -100.619
830 -101.027
831 -100.242
832 -102.307
833 -100.978
834 -102.146
835 -101.286
836 -102.028
837 -103.039
838 -100.341
839 -100.485
840 -99.8377
841 -98.5638
842 -97.9605
843 -99.3239
844 -97.8742
845 -98.1254
846 -97.6506
847 -99.3846
848 -98.2621
849 -100.133
850 -100.747
851 -101.699
852 -100.797
853 -100.893
854 -102.657
855 -100.909
856 -101.258
857 -101.798
858 -100.892
859 -100.925
860 -100.804
861 -100.01
862 -100.747
863 -100.824
864 -100.493
865 -100.458
866 -101.025
867 -101.805
868 -101.488
869 -101.195
870 -99.8174
871 -101.312
872 -99.6707
873 -100.936
874 -101.309
875 -101.634
876 -101.381
877 -99.9483
878 -100.94
879 -99.93
880 -99.3354
881 -99.4852
882 -98.6669
883 -98.5327
884 -99.362
885 -98.377
886 -96.7688
887 -96.7196
888 -97.5588
889 -96.9724
890 -98.7841
891 -98.2241
892 -99.5486
893 -99.701
894 -101.241
895 -100.858
896 -100.692
897 -100.756
898 -100.764
899 -100.069
900 -100.22
901 -98.6794
902 -100.482
903 -100.738
904 -101.485
905 -99.4714
906 -101.838
907 -100.145
908 -100.606
909 -99.3949
910 -99.1681
911 -100.135
912 -100.448
913 -99.6447
914 -101.137
915 -100.526
916 -101.182
917 -100.13
918 -100.45
919 -100.07
920 -98.0872
921 -98.3598
922 -98.764
923 -99.0963
924 -98.437
925 -99.5143
926 -98.4934
927 -99.5119
928 -96.9359
929 -96.1104
930 -97.8761
931 -98.6795
932 -100.519
933 -99.3071
934 -98.4042
935 -100.243
936 -99.9393
937 -99.0576
938 -99.3144
939 -99.7032
940 -99.6391
941 -98.969
942 -97.651
943 -99.111
944 -99.6961
945 -99.452
946 -100.464
947 -100.6
948 -98.8089
949 -98.7514
950 -99.9029
951 -100.143
952 -98.7316
953 -100.012
954 -98.7318
955 -98.3942
956 -100.627
957 -99.8204
958 -101.279
959 -100.348
960 -99.3037
961 -98.5335
962 -98.6271
963 -97.3897
964 -98.9669
965 -97.359
966 -100.238
967 -100.222
968 -100.358
969 -100.442
970 -101.809
971 -101.86
972 -103.281
973 -104.419
974 -105.16
975 -104.649
976 -107.85
977 -106.992
978 -106.973
979 -108.596
980 -108.055
981 -110.432
982 -109.659
983 -109.405
984 -109.442
985 -110.735
986 -112.024
987 -113.442
988 -113.337
989 -113.727
990 -115.55
991 -113.759
992 -116.325
993 -113.423
994 -114.856
995 -114.535
996 -113.895
997 -114.695
998 -114.666
999 -114.579
1000 -114.45
1001 -113.861
1002 -112.631
1003 -113.508
1004 -113.856
1005 -111.6
1006 -112.298
1007 -111.305
1008 -111.755
1009 -111.26
1010 -110.409
1011 -110.029
1012 -110.682
1013 -110.758
1014 -108.954
1015 -109.14
1016 -109.139
1017 -108.318
1018 -107.462
1019 -107.384
1020 -106.084
1021 -105.496
1022 -105.938
1023 -105.451
1024 -105.515
1025 -105.879
1026 -105.884
1027 -104.757
1028 -104.807
1029 -103.863
1030 -104.424
1031 -103.666
1032 -101.996
1033 -103.198
1034 -104.482
1035 -104.457
1036 -102.82
1037 -103.466
1038 -103.218
1039 -101.817
1040 -102.427
1041 -102.535
1042 -102.527
1043 -103.15
1044 -102.678
1045 -101.665
1046 -102.081
1047 -101.727
1048 -102.07
1049 -101.823
1050 -102.491
1051 -101.831
1052 -101.128
1053 -101.278
1054 -101.864
1055 -102.465
1056 -102.255
1057 -101.211
1058 -100.405
1059 -101.017
1060 -101.331
1061 -100.789
1062 -101.798
1063 -101.613
1064 -102.528
1065 -101.625
1066 -100.527
1067 -101.877
1068 -99.5409
1069 -100.869
1070 -99.7158
1071 -101.901
1072 -101.557
1073 -101.525
1074 -102.805
1075 -101.433
1076 -101.322
1077 -100.065
1078 -100.929
1079 -101.635
1080 -101.81
1081 -100.046
1082 -101.813
1083 -101.355
1084 -101.479
1085 -100.397
1086 -100.621
1087 -100.878
1088 -103.126
1089 -102.717
1090 -102.656
1091 -103.603
1092 -104.305
1093 -103.33
1094 -105.587
1095 -102.996
1096 -106.456
1097 -105.732
1098 -108.37
1099 -106.924
1100 -109.732
1101 -107.985
1102 -107.781
1103 -110.436
1104 -110.38
1105 -110.72
1106 -111.505
1107 -113.236
1108 -112.961
1109 -113.443
1110 -114.498
1111 -113.998
1112 -115.324
1113 -115.856
1114 -117.669
1115 -118.562
1116 -117.922
1117 -120.429
1118 -118.248
1119 -120.622
1120 -118.789
1121 -121.58
1122 -122.44
1123 -122.286
1124 -122.479
1125 -122.466
1126 -121.907
1127 -122.137
1128 -121.251
1129 -122.225
1130 -121.631
1131 -122.678
1132 -121.858
1133 -122.389
1134 -121.146
1135 -120.083
1136 -120.254
1137 -119.698
1138 -119.261
1139 -119.084
1140 -118.626
1141 -118.508
1142 -118.057
1143 -116.887
1144 -117.902
1145 -116.43
1146 -115.592
1147 -114.579
1148 -114.187
1149 -113.164
1150 -115.652
1151 -113.594
1152 -112.986
1153 -112.665
1154 -110.863
1155 -111.262
1156 -111.442
1157 -109.451
1158 -110.861
1159 -111.902
1160 -111.281
1161 -110.06
1162 -110.239
1163 -110.205
1164 -109.346
1165 -109.196
1166 -109.426
1167 -110.963
1168 -110.84
1169 -110.913
1170 -109.962
1171 -112.255
1172 -110.249
1173 -110.622
1174 -109.578
1175 -110.996
1176 -110.138
1177 -110.393
1178 -111.663
1179 -111.615
1180 -110.464
1181 -112.286
1182 -111.101
1183 -110.276
1184 -112.261
1185 -110.606
1186 -110.42
1187 -110.569
1188 -110.956
1189 -110.821
1190 -110.651
1191 -110.26
1192 -111.948
1193 -110.107
1194 -108.837
1195 -109.268
1196 -105.535
1197 -108.725
1198 -108.304
1199 -109.369
1200 -110.388
1201 -109.561
1202 -108.972
1203 -108.641
1204 -110.577
1205 -108.805
1206 -109.103
1207 -108.443
1208 -108.841
1209 -110.013
1210 -110.242
1211 -110.249
1212 -110.202
1213 -111.395
1214 -110.648
1215 -109.101
1216 -109.381
1217 -110.55
1218 -112.621
1219 -111.791
1220 -110.918
1221 -111.921
1222 -110.941
1223 -113.036
1224 -112.311
1225 -109.723
1226 -109.578
1227 -110.147
1228 -108.353
1229 -111.031
1230 -109.824
1231 -110.515
1232 -111.688
1233 -109.485
1234 -110.241
1235 -109.462
1236 -108.35
1237 -109.309
1238 -107.39
1239 -108.676
1240 -111.537
1241 -110.24
1242 -111.64
1243 -110.239
1244 -110.568
1245 -108.829
1246 -108.655
1247 -109.017
1248 -109.901
1249 -109.617
1250 -110.353
1251 -110.923
1252 -111.009
1253 -111.31
1254 -111.257
1255 -110.313
1256 -110.604
1257 -111.735
1258 -111.73
1259 -109.852
1260 -111.894
1261 -110.186
1262 -112.562
1263 -110.403
1264 -111.537
1265 -112.44
1266 -112.432
1267 -110.251
1268 -111.003
1269 -109.6
1270 -110.489
1271 -111.845
1272 -112.147
1273 -110.354
1274 -110.267
1275 -109.074
1276 -109.8
1277 -109.299
1278 -108.763
1279 -109.533
1280 -109.229
1281 -110.186
1282 -109.026
1283 -109.359
1284 -110.526
1285 -109.19
1286 -107.615
1287 -108.317
1288 -108.403
1289 -110.885
1290 -112.315
1291 -110.628
1292 -111.495
1293 -111.72
1294 -111.581
1295 -110.825
1296 -110.908
1297 -110.43
1298 -110.92
1299 -111.463
1300 -111.517
1301 -110.1
1302 -111.646
1303 -112.029
1304 -111.055
1305 -110.729
1306 -112.192
1307 -113.108
1308 -110.769
1309 -109.96
1310 -111.658
1311 -111.857
1312 -111.271
1313 -111.907
1314 -112.527
1315 -110.35
1316 -110.267
1317 -108.857
1318 -110.128
1319 -109.873
1320 -110.744
1321 -110.12
1322 -110.555
1323 -112.544
1324 -110.031
1325 -109.339
1326 -109.493
1327 -109.083
1328 -110.845
1329 -109.23
1330 -110.472
1331 -111.948
1332 -111.53
1333 -112.158
1334 -112.391
1335 -111.237
1336 -111.752
1337 -110.911
1338 -111.29
1339 -111.568
1340 -112.327
1341 -111.009
1342 -112.62
1343 -112.88
1344 -112.634
1345 -112.113
1346 -111.613
1347 -111.812
1348 -110.724
1349 -111.858
1350 -111.085
1351 -111.054
1352 -111.775
1353 -113.566
1354 -111.377
1355 -110.551
1356 -109.908
1357 -111.291
1358 -109.483
1359 -110.68
1360 -110.967
1361 -110.708
1362 -109.675
1363 -110.251
1364 -110.021
1365 -111.226
1366 -109.618
1367 -109.364
1368 -110.277
1369 -109.635
1370 -109.783
1371 -110.839
1372 -112.609
1373 -111.323
1374 -113.308
1375 -112.101
1376 -112.427
1377 -112.466
1378 -110.888
1379 -111.86
1380 -111.935
1381 -112.379
1382 -113.205
1383 -112.536
1384 -112.686
1385 -112.778
1386 -110.713
1387 -111.62
1388 -110.108
1389 -112.204
1390 -110.546
1391 -110.804
1392 -110.7
1393 -111.733
1394 -110.371
1395 -110.644
1396 -111.658
1397 -111.994
1398 -109.675
1399 -109.728
1400 -110.112
1401 -109.309
1402 -109.721
1403 -110.161
1404 -109.699
1405 -109.865
1406 -109.717
1407 -109.503
1408 -108.425
1409 -108.433
1410 -108.493
1411 -111.059
1412 -109.768
1413 -109.833
1414 -112.332
1415 -112.246
1416 -111.007
1417 -110.132
1418 -112.715
1419 -112.221
1420 -111.234
1421 -111.921
1422 -113.177
1423 -112.937
1424 -112.998
1425 -111.869
1426 -112.376
1427 -113.555
1428 -112.095
1429 -110.944
1430 -111.957
1431 -108.326
1432 -109.932
1433 -111.608
1434 -110.476
1435 -111.497
1436 -109.819
1437 -110.775
1438 -110.437
1439 -110.15
1440 -110.012
1441 -110.616
1442 -110.673
1443 -110.275
1444 -109.793
1445 -109.365
1446 -108.935
1447 -110.34
1448 -108.57
1449 -110.383
1450 -109.747
1451 -110.659
1452 -110.279
1453 -111.48
1454 -112.011
1455 -111.569
1456 -111.572
1457 -111.709
1458 -110.567
1459 -111.402
1460 -111.918
1461 -112.155
1462 -112.048
1463 -112.189
1464 -112.251
1465 -112.236
1466 -111.717
1467 -110.916
1468 -111.846
1469 -112.817
1470 -110.776
1471 -109.581
1472 -111.42
1473 -111.581
1474 -111.09
1475 -110.246
1476 -110.691
1477 -110.67
1478 -111.673
1479 -111.545
1480 -110.498
1481 -110.298
1482 -109.052
1483 -110.235
1484 -110.33
1485 -109.941
1486 -110.257
1487 -109.245
1488 -111.758
1489 -109.787
1490 -110.258
1491 -108.341
1492 -111.632
1493 -111.11
1494 -110.558
1495 -110.218
1496 -110.014
1497 -111.09
1498 -110.129
1499 -110.54
1500 -110.659
1501 -109.183
1502 -110.655
1503 -109.894
1504 -109.494
1505 -109.088
1506 -107.966
1507 -107.932
1508 -108.109
1509 -106.007
1510 -104.649
1511 -104.94
1512 -105.183
1513 -102.819
1514 -103.636
1515 -102.598
1516 -103.252
1517 -101.513
1518 -102.231
1519 -102.432
1520 -99.7817
1521 -98.2925
1522 -96.926
1523 -97.2718
1524 -96.8758
1525 -96.6384
1526 -95.5232
1527 -95.8524
1528 -95.9837
1529 -97.6988
1530 -94.6933
1531 -95.2391
1532 -95.8195
1533 -95.0243
1534 -95.149
1535 -94.2308
1536 -94.9406
1537 -96.374
1538 -95.0727
1539 -95.6181
1540 -94.8706
1541 -95.0722
1542 -95.1014
1543 -96.5397
1544 -98.3052
1545 -97.9841
1546 -98.2053
1547 -98.2646
1548 -99.6983
1549 -99.6412
1550 -99.4326
1551 -99.9055
1552 -100.75
1553 -101.138
1554 -102.373
1555 -101.104
1556 -102.738
1557 -102.531
1558 -104.026
1559 -103.258
1560 -104.752
1561 -104.678
1562 -104.331
1563 -104.776
1564 -104.554
1565 -104.338
1566 -106.036
1567 -105.563
1568 -104.587
1569 -106.693
1570 -105.652
1571 -106.239
1572 -106.14
1573 -106.199
1574 -106.536
1575 -105.412
1576 -105.569
1577 -106.924
1578 -107.796
1579 -106.631
1580 -106.135
1581 -107.57
1582 -107.459
1583 -107.02
1584 -105.66
1585 -107.51
1586 -109.999
1587 -108.064
1588 -107.236
1589 -107.354
1590 -108.79
1591 -107.786
1592 -106.032
1593 -106.353
1594 -108.155
1595 -107.243
1596 -107.015
1597 -108.528
1598 -108.098
1599 -107.562
1600 -108.771
1601 -108.52
1602 -108.344
1603 -108.75
1604 -107.822
1605 -109.58
1606 -107.95
1607 -108.335
1608 -107.094
1609 -106.847
1610 -107.654
1611 -108.814
1612 -107.37
1613 -109.295
1614 -109.578
1615 -109.009
1616 -108.444
1617 -108.616
1618 -109.207
1619 -108.627
1620 -108.27
1621 -106.827
1622 -107.278
1623 -107.841
1624 -107.66
1625 -106.483
1626 -107.096
1627 -106.45
1628 -106.523
1629 -104.638
1630 -103.814
1631 -103.657
1632 -103.052
1633 -101.866
1634 -102.648
1635 -104.011
1636 -101.79
1637 -100.597
1638 -99.7553
1639 -98.7585
1640 -98.3122
1641 -97.2569
1642 -97.8135
1643 -98.1752
1644 -96.6014
1645 -95.0131
1646 -97.1963
1647 -96.0615
1648 -95.3194
1649 -93.3231
1650 -91.5092
1651 -91.6263
1652 -90.9821
1653 -91.6655
1654 -89.7738
1655 -89.1066
1656 -89.8421
1657 -87.5843
1658 -88.3317
1659 -87.109
1660 -87.0902
1661 -86.945
1662 -86.877
1663 -85.8708
1664 -86.1589
1665 -87.0119
1666 -87.3575
1667 -86.9014
1668 -87.2164
1669 -86.8745
1670 -86.6775
1671 -88.3061
1672 -87.6871
1673 -90.2144
1674 -90.62
1675 -90.9162
1676 -92.9773
1677 -91.2947
1678 -93.9184
1679 -94.2535
1680 -94.2474
1681 -94.7231
1682 -94.7958
1683 -96.2386
1684 -96.4158
1685 -96.3811
1686 -96.9724
1687 -98.6038
1688 -96.816
1689 -98.477
1690 -97.7025
1691 -96.2716
1692 -98.4501
1693 -99.1955
1694 -98.2715
1695 -98.659
1696 -99.832
1697 -99.8038
1698 -99.0781
1699 -98.7077
1700 -99.407
1701 -100.844
1702 -100.879
1703 -100.295
1704 -101.913
1705 -99.5472
1706 -101.617
1707 -100.28
1708 -97.6751
1709 -100.574
1710 -98.2016
1711 -99.0745
1712 -98.9412
1713 -99.5413
1714 -97.6061
1715 -98.2677
1716 -97.67
1717 -99.6736
1718 -100.32
1719 -100.822
1720 -100.764
1721 -100.918
1722 -100.242
1723 -100.859
1724 -102.074
1725 -102.521
1726 -101.984
1727 -101.411
1728 -101.352
1729 -101.107
1730 -101.079
1731 -101.185
1732 -100.858
1733 -102.55
1734 -102.262
1735 -103.391
1736 -102.02
1737 -102.146
1738 -102.044
1739 -100.732
1740 -101.923
1741 -102.153
1742 -101.475
1743 -102.631
1744 -103.152
1745 -102.345
1746 -102.782
1747 -101.968
1748 -100.317
1749 -100.822
1750 -99.66
1751 -99.4332
1752 -99.5541
1753 -100.851
1754 -100.735
1755 -99.8103
1756 -98.5733
1757 -98.6362
1758 -99.7576
1759 -99.872
1760 -100.031
1761 -100.098
1762 -102.086
1763 -103.296
1764 -102
1765 -101.931
1766 -102.057
1767 -102.388
1768 -100.586
1769 -100.328
1770 -101.447
1771 -102.794
1772 -101.445
1773 -101.298
1774 -101.167
1775 -101.835
1776 -101.379
1777 -101.983
1778 -100.773
1779 -100.258
1780 -101.911
1781 -101.633
1782 -102.022
1783 -102.212
1784 -102.274
1785 -102.431
1786 -102.544
1787 -100.998
1788 -100.932
1789 -100.751
1790 -100.82
1791 -100.145
1792 -99.507
1793 -100.664
1794 -100.902
1795 -99.5083
1796 -99.2306
1797 -99.6804
1798 -98.935
1799 -99.625
1800 -99.8206
1801 -100.425
1802 -102.413
1803 -101.956
1804 -102.309
1805 -101.523
1806 -102.38
1807 -102.28
1808 -101.943
1809 -100.403
1810 -100.6
1811 -100.349
1812 -101.792
1813 -101.362
1814 -101.607
1815 -101.697
1816 -101.72
1817 -102.752
1818 -102.174
1819 -101.138
1820 -101.424
1821 -101.086
1822 -101.249
1823 -101.984
1824 -102.915
1825 -104.49
1826 -103.057
1827 -101.722
1828 -102.409
1829 -100.888
1830 -101.341
1831 -100.906
1832 -99.648
1833 -100.326
1834 -98.906
1835 -99.7726
1836 -99.3439
1837 -98.7307
1838 -100.355
1839 -99.5793
1840 -99.1417
1841 -100.783
1842 -101.372
1843 -101.556
1844 -102.423
1845 -100.997
1846 -101.899
1847 -101.435
1848 -102.663
1849 -102.158
1850 -102.685
1851 -101.551
1852 -101.453
1853 -101.858
1854 -100.296
1855 -101.844
1856 -101.114
1857 -101.996
1858 -101.194
1859 -101.856
1860 -101.876
1861 -100.738
1862 -102.238
1863 -101.407
1864 -101.621
1865 -101.129
1866 -102.186
1867 -103.252
1868 -102.22
1869 -101.364
1870 -99.6205
1871 -100.946
1872 -99.6663
1873 -98.5551
1874 -100.404
1875 -99.3084
1876 -99.3697
1877 -98.3764
1878 -98.9232
1879 -98.5428
1880 -100.71
1881 -99.599
1882 -100.017
1883 -100.074
1884 -99.6298
1885 -100.83
1886 -100.58
1887 -101.968
1888 -101.163
1889 -101.807
1890 -102.075
1891 -99.5678
1892 -101.186
1893 -101.144
1894 -100.737
1895 -100.691
1896 -100.88
1897 -102.873
1898 -101.149
1899 -100.268
1900 -101.274
1901 -101.47
1902 -100.825
1903 -102.201
1904 -101.354
1905 -101.42
1906 -100.607
1907 -101.454
1908 -100.518
1909 -101.526
1910 -100.905
1911 -100.037
1912 -99.4713
1913 -99.5942
1914 -98.2131
1915 -99.9666
1916 -98.1369
1917 -98.9858
1918 -100.711
1919 -99.3373
1920 -97.9754
1921 -98.8656
1922 -99.7352
1923 -99.4383
1924 -101.314
1925 -101.001
1926 -99.4477
1927 -101.121
1928 -104.364
1929 -99.6277
1930 -101.545
1931 -100.837
1932 -100.86
1933 -100.401
1934 -99.6008
1935 -101.667
1936 -102.153
1937 -101.118
1938 -101.377
1939 -100.931
1940 -98.647
1941 -98.6613
1942 -99.9875
1943 -99.4356
1944 -100.77
1945 -101.267
1946 -102.08
1947 -101.895
1948 -100.648
1949 -101.4
1950 -100.091
1951 -99.8708
1952 -98.8308
1953 -98.5769
1954 -99.6167
1955 -100.235
1956 -98.163
1957 -98.0855
1958 -98.2442
1959 -97.0944
1960 -96.9535
1961 -96.3246
1962 -98.3883
1963 -99.663
1964 -99.563
1965 -99.9415
1966 -99.1399
1967 -100.096
1968 -101.166
1969 -99.3881
1970 -100.269
1971 -101.724
1972 -100.075
1973 -99.0123
1974 -99.9151
1975 -99.9868
1976 -100.28
1977 -100.375
1978 -100.443
1979 -99.2446
1980 -100.601
1981 -100.086
1982 -99.9217
1983 -100.703
1984 -101.329
1985 -98.9964
1986 -99.8922
1987 -99.7681
1988 -100.63
1989 -100.919
1990 -100.705
1991 -99.4344
1992 -98.5513
1993 -98.9189
1994 -98.5564
1995 -98.053
1996 -98.9231
1997 -98.5658
1998 -97.0215
1999 -97.8739
2000 -98.3674
2001 -96.2961
2002 -99.0226
2003 -97.5431
2004 -98.4329
2005 -99.6995
2006 -98.2424
2007 -99.7173
2008 -98.8831
2009 -100.471
2010 -100.034
2011 -100.144
2012 -99.6815
2013 -99.7137
2014 -98.7355
2015 -100.164
2016 -98.0751
2017 -99.1276
2018 -100.105
2019 -99.1789
2020 -100.05
2021 -101.044
2022 -97.9871
2023 -97.9481
2024 -99.4676
2025 -100.504
2026 -100.176
2027 -99.8354
2028 -99.2716
2029 -100.882
2030 -99.7395
2031 -99.6867
2032 -98.2471
2033 -98.5205
2034 -98.3799
2035 -98.5873
2036 -99.8447
2037 -101.153
2038 -100.478
2039 -100.832
2040 -100.399
2041 -102.305
2042 -102.938
2043 -100.684
2044 -103.227
2045 -103.149
2046 -105.027
2047 -104.61
2048 -106.501
2049 -106.195
2050 -107.189
2051 -107.489
2052 -108.443
2053 -109.086
2054 -107.835
2055 -108.735
2056 -108.059
2057 -109.313
2058 -110.796
2059 -110.353
2060 -112.838
2061 -112.645
2062 -113.491
2063 -114.267
2064 -115.054
2065 -113.272
2066 -114.561
2067 -114.77
2068 -113.172
2069 -113.401
2070 -113.614
2071 -114.456
2072 -114.139
2073 -115.017
2074 -112.416
2075 -112.106
2076 -113.699
2077 -112.261
2078 -112.846
2079 -112.368
2080 -113.698
2081 -111.401
2082 -112.357
2083 -110.868
2084 -110.796
2085 -112.081
2086 -108.816
2087 -109.162
2088 -109.471
2089 -108.622
2090 -108.529
2091 -106.823
2092 -105.424
2093 -107.241
2094 -105.195
2095 -105.989
2096 -106.073
2097 -103.549
2098 -104.825
2099 -104.592
2100 -103.121
2101 -104.148
2102 -103.499
2103 -104.219
2104 -105.467
2105 -103.366
2106 -102.999
2107 -102.866
2108 -103.326
2109 -103.533
2110 -102.438
2111 -104.447
2112 -100.535
2113 -101.469
2114 -102.556
2115 -103.516
2116 -102.78
2117 -101.54
2118 -102.247
2119 -102.958
2120 -103.405
2121 -102.2
2122 -101.622
2123 -101.341
2124 -100.772
2125 -103.168
2126 -100.665
2127 -103.525
2128 -100.718
2129 -100.817
2130 -101.224
2131 -101.718
2132 -102
2133 -101.491
2134 -102.932
2135 -101.094
2136 -102.967
2137 -101.361
2138 -102.045
2139 -101.789
2140 -100.757
2141 -101.161
2142 -101.193
2143 -102.014
2144 -100.645
2145 -100.676
2146 -100.953
2147 -101.217
2148 -100.99
2149 -101.943
2150 -100.729
2151 -99.7267
2152 -100.794
2153 -101.507
2154 -100.936
2155 -99.6785
2156 -99.7845
2157 -100.834
2158 -101.036
2159 -101.092
2160 -101.715
2161 -103.676
2162 -103.288
2163 -101.367
2164 -102.113
2165 -102.39
2166 -103.381
2167 -105.188
2168 -105.135
2169 -106.678
2170 -107.679
2171 -104.93
2172 -106.384
2173 -107.819
2174 -109.62
2175 -107.688
2176 -108.448
2177 -110.222
2178 -110.073
2179 -111.745
2180 -110.467
2181 -112.707
2182 -113.875
2183 -114.306
2184 -115.198
2185 -114.983
2186 -116.538
2187 -118.648
2188 -118.308
2189 -119.417
2190 -118.71
2191 -118.44
2192 -120.996
2193 -120.913
2194 -120.791
2195 -123.054
2196 -122.867
2197 -121.9
2198 -122.174
2199 -122.971
2200 -121.876
2201 -122.664
2202 -122.971
2203 -122.472
2204 -122.624
2205 -121.074
2206 -123.142
2207 -119.674
2208 -120.349
2209 -119.758
2210 -118.107
2211 -118.321
2212 -118.837
2213 -118.586
2214 -118.559
2215 -118.396
2216 -115.462
2217 -116.476
2218 -115.376
2219 -115.094
2220 -114.278
2221 -112.73
2222 -114.231
2223 -112.455
2224 -110.981
2225 -113.463
2226 -111.643
2227 -111.613
2228 -112.263
2229 -111.236
2230 -110.718
2231 -111.613
2232 -110.536
2233 -110.221
2234 -110.902
2235 -111.494
2236 -109.179
2237 -108.656
2238 -108.385
2239 -107.433
2240 -108.889
2241 -109.098
2242 -110.399
2243 -111.728
2244 -110.148
2245 -109.794
2246 -110.226
2247 -109.919
2248 -111.539
2249 -110.765
2250 -111.665
2251 -109.433
2252 -110.229
2253 -111.19
2254 -110.303
2255 -111.06
2256 -110.081
2257 -109.584
2258 -108.797
2259 -109.595
2260 -108.222
2261 -110.23
2262 -108.858
2263 -109.745
2264 -110.536
2265 -108.96
2266 -108.272
2267 -108.079
2268 -108.063
2269 -107.559
2270 -107.9
2271 -107.768
2272 -109.426
2273 -108.918
2274 -107.776
2275 -107.185
2276 -109.597
2277 -107.552
2278 -108.259
2279 -107.899
2280 -108.843
2281 -109.321
2282 -109.944
2283 -110.665
2284 -110.427
2285 -110.069
2286 -109.43
2287 -110.065
2288 -110.597
2289 -111.892
2290 -109.881
2291 -111.892
2292 -111.89
2293 -111.683
2294 -109.893
2295 -110.328
2296 -110.695
2297 -110.939
2298 -110.751
2299 -109.349
2300 -107.951
2301 -110.23
2302 -110.139
2303 -111.652
2304 -111.248
2305 -109.626
2306 -110.045
2307 -108.588
2308 -106.379
2309 -107.58
2310 -107.987
2311 -107.907
2312 -110.518
2313 -107.029
2314 -108.767
2315 -109.735
2316 -110.073
2317 -109.698
2318 -107.153
2319 -107.928
2320 -108.776
2321 -108.826
2322 -109.074
2323 -110.651
2324 -110.33
2325 -110.303
2326 -110.426
2327 -111.446
2328 -109.74
2329 -110.968
2330 -110.518
2331 -111.112
2332 -112.159
2333 -110.477
2334 -110.793
2335 -111.493
2336 -111.468
2337 -113.03
2338 -110.022
2339 -110.849
2340 -110.083
2341 -109.895
2342 -110.912
2343 -111.37
2344 -109.85
2345 -110.158
2346 -111.261
2347 -110.678
2348 -111.285
2349 -109.391
2350 -108.119
2351 -108.974
2352 -108.562
2353 -109.122
2354 -110.554
2355 -109.989
2356 -110.847
2357 -109.572
2358 -109.097
2359 -108.434
2360 -108.945
2361 -108.828
2362 -108.571
2363 -110.6
2364 -110.068
2365 -112.032
2366 -111.433
2367 -110.344
2368 -109.852
2369 -110.939
2370 -110.698
2371 -111.719
2372 -111.256
2373 -111.219
2374 -111.424
2375 -112.693
2376 -111.839
2377 -112.433
2378 -110.271
2379 -110.593
2380 -110.173
2381 -111.299
2382 -109.875
2383 -109.089
2384 -110.402
2385 -110.912
2386 -111.123
2387 -108.808
2388 -111.544
2389 -109.78
2390 -107.736
2391 -108.397
2392 -110.233
2393 -109.405
2394 -110.186
2395 -111.456
2396 -109.286
2397 -111.414
2398 -111.058
2399 -108.852
2400 -110.059
2401 -108.567
2402 -109.755
2403 -111.107
2404 -111.35
2405 -112.098
2406 -112.196
2407 -110.401
2408 -111.65
2409 -110.592
2410 -111.996
2411 -111.239
2412 -110.601
2413 -110.43
2414 -112.249
2415 -111.295
2416 -111.527
2417 -112.797
2418 -113.581
2419 -111.793
2420 -112.417
2421 -110.657
2422 -110.729
2423 -111.995
2424 -110.409
2425 -111.291
2426 -111.308
2427 -111.248
2428 -108.938
2429 -110.165
2430 -108.77
2431 -108.938
2432 -108.479
2433 -108.885
2434 -108.503
2435 -110.048
2436 -109.529
2437 -110.255
2438 -109.322
2439 -110.25
2440 -108.917
2441 -108.89
2442 -108.062
2443 -108.022
2444 -110.723
2445 -110.36
2446 -111.907
2447 -111.948
2448 -111.172
2449 -112.893
2450 -110.831
2451 -111.975
2452 -111.17
2453 -109.229
2454 -110.179
2455 -110.26
2456 -111.993
2457 -112.995
2458 -111.788
2459 -111.978
2460 -111.404
2461 -111.287
2462 -109.718
2463 -110.05
2464 -110.789
2465 -111.016
2466 -109.948
2467 -110.992
2468 -110.413
2469 -110.466
2470 -110.382
2471 -109.952
2472 -108.217
2473 -108.734
2474 -109.75
2475 -110.518
2476 -110.571
2477 -110.515
2478 -108.518
2479 -110.007
2480 -111.099
2481 -109.881
2482 -109.436
2483 -109.077
2484 -109.83
2485 -110.188
2486 -109.783
2487 -110.925
2488 -110.919
2489 -111.329
2490 -111.382
2491 -111.975
2492 -111.244
2493 -109.784
2494 -111.156
2495 -112.083
2496 -111.253
2497 -113.488
2498 -111.931
2499 -112.614
2500 -111.113
2501 -110.506
2502 -110.94
2503 -110.024
2504 -110.21
2505 -111.299
2506 -109.442
2507 -111.448
2508 -110.963
2509 -108.411
2510 -110.082
2511 -108.581
2512 -107.944
2513 -110.487
2514 -109.373
2515 -109.61
2516 -109.52
2517 -110.429
2518 -110.583
2519 -110.127
2520 -110.5
2521 -108.964
2522 -108.134
2523 -109.488
2524 -110.053
2525 -110.214
2526 -110.398
2527 -111.067
2528 -109.276
2529 -109.815
2530 -110.163
2531 -111.122
2532 -111.485
2533 -112.379
2534 -110.873
2535 -109.92
2536 -112.975
2537 -112.548
2538 -112.424
2539 -111.559
2540 -111.945
2541 -112.182
2542 -111.274
2543 -110.338
2544 -110.557
2545 -109.927
2546 -110.292
2547 -110.148
2548 -110.791
2549 -111.21
2550 -111.91
2551 -110.388
2552 -110.244
2553 -109.803
2554 -110.122
2555 -110.374
2556 -110.405
2557 -110.402
2558 -109.117
2559 -109.309
2560 -110.79
2561 -109.977
2562 -108.526
2563 -108.382
2564 -108.823
2565 -108.961
2566 -110.738
2567 -109.534
2568 -109.699
2569 -111.169
2570 -110.439
2571 -111.396
2572 -109.397
2573 -109.076
2574 -108.039
2575 -108.701
2576 -108.876
2577 -107.955
2578 -108.964
2579 -107.495
2580 -107.364
2581 -106.94
2582 -105.371
2583 -104.968
2584 -104.838
2585 -103.443
2586 -101.469
2587 -101.376
2588 -102.741
2589 -103.9
2590 -102.817
2591 -100.995
2592 -100.677
2593 -97.4002
2594 -98.368
2595 -98.9115
2596 -95.3127
2597 -97.1833
2598 -95.5739
2599 -95.3262
2600 -94.4213
2601 -94.6669
2602 -94.8696
2603 -94.8786
2604 -93.389
2605 -95.3584
2606 -94.8293
2607 -94.663
2608 -96.0379
2609 -95.74
2610 -94.5912
2611 -96.5518
2612 -96.9611
2613 -96.9548
2614 -95.738
2615 -96.8989
2616 -96.9291
2617 -97.6407
2618 -96.6598
2619 -98.2019
2620 -98.4893
2621 -99.8161
2622 -97.4537
2623 -98.5412
2624 -100.992
2625 -101.278
2626 -100.333
2627 -102.678
2628 -102.894
2629 -102.037
2630 -103.678
2631 -104.687
2632 -103.52
2633 -103.684
2634 -104.221
2635 -103.297
2636 -103.814
2637 -105.38
2638 -104.766
2639 -106.469
2640 -104.842
2641 -104.084
2642 -107.574
2643 -106.268
2644 -106.25
2645 -106.124
2646 -105.366
2647 -104.714
2648 -106.036
2649 -106.349
2650 -107.547
2651 -107.029
2652 -108.415
2653 -107.259
2654 -106.281
2655 -107.291
2656 -107.435
2657 -106.816
2658 -108.01
2659 -107.381
2660 -107.317
2661 -105.936
2662 -107.206
2663 -106.494
2664 -108.243
2665 -107.27
2666 -106.567
2667 -107.567
2668 -107.481
2669 -106.964
2670 -107.163
2671 -108.571
2672 -107.173
2673 -106.786
2674 -107.889
2675 -106.364
2676 -107.191
2677 -107.305
2678 -108.689
2679 -105.85
2680 -106.941
2681 -108.062
2682 -107.003
2683 -107.672
2684 -107.025
2685 -108.151
2686 -108.674
2687 -106.658
2688 -107.574
2689 -107.285
2690 -109.073
2691 -107.464
2692 -107.891
2693 -106.118
2694 -106.471
2695 -106.836
2696 -105.802
2697 -107.574
2698 -105.826
2699 -106.409
2700 -105.277
2701 -106.359
2702 -104.168
2703 -105.819
2704 -104.474
2705 -101.84
2706 -101.824
2707 -101.886
2708 -101.505
2709 -101.406
2710 -100.104
2711 -97.6665
2712 -99.5422
2713 -99.5606
2714 -98.4298
2715 -96.2482
2716 -97.7024
2717 -95.9538
2718 -95.8184
2719 -95.2032
2720 -95.3255
2721 -92.6293
2722 -93.2821
2723 -93.0931
2724 -90.5811
2725 -89.1027
2726 -89.4621
2727 -89.542
2728 -88.4004
2729 -88.4569
2730 -89.8108
2731 -89.6602
2732 -87.6246
2733 -86.9424
2734 -85.8695
2735 -87.3202
2736 -86.582
2737 -87.4371
2738 -86.5155
2739 -87.2428
2740 -87.4937
2741 -85.9998
2742 -86.7679
2743 -86.9944
2744 -89.5714
2745 -89.5854
2746 -87.7353
2747 -91.1502
2748 -91.9381
2749 -92.3907
2750 -91.1926
2751 -91.3758
2752 -92.6673
2753 -93.9752
2754 -95.6693
2755 -94.2948
2756 -94.7298
2757 -96.3904
2758 -96.4915
2759 -95.7396
2760 -97.8133
2761 -97.579
2762 -97.5696
2763 -97.2361
2764 -99.0121
2765 -98.2496
2766 -98.2674
2767 -99.5868
2768 -97.9591
2769 -99.4491
2770 -99.0304
2771 -98.9551
2772 -98.0899
2773 -98.6867
2774 -99.7033
2775 -99.685
2776 -100.162
2777 -100.57
2778 -103.51
2779 -99.1963
2780 -99.7801
2781 -99.6572
2782 -98.3768
2783 -98.1655
2784 -99.1542
2785 -97.5164
2786 -97.8355
2787 -98.6768
2788 -98.123
2789 -97.9388
2790 -98.5193
2791 -98.7466
2792 -99.2564
2793 -100.293
2794 -101.183
2795 -100.523
2796 -102.889
2797 -101.8
2798 -102.94
2799 -102.161
2800 -101.955
2801 -101.442
2802 -101.611
2803 -101.128
2804 -100.939
2805 -101.686
2806 -100.945
2807 -101.688
2808 -101.945
2809 -101.999
2810 -100.679
2811 -100.228
2812 -99.8263
2813 -101.596
2814 -102.173
2815 -102.125
2816 -101.975
2817 -103.323
2818 -100.036
2819 -101.989
2820 -103.123
2821 -101.417
2822 -100.997
2823 -99.0582
2824 -99.9224
2825 -99.4665
2826 -98.4787
2827 -98.4631
2828 -99.4652
2829 -99.265
2830 -99.6761
2831 -99.4661
2832 -99.0937
2833 -100.116
2834 -101.515
2835 -102.646
2836 -101.486
2837 -101.819
2838 -100.573
2839 -102.115
2840 -102.497
2841 -100.587
2842 -100.906
2843 -101.37
2844 -101.001
2845 -100.577
2846 -101.481
2847 -102.137
2848 -100.953
2849 -101.01
2850 -103.174
2851 -102.018
2852 -100.971
2853 -101.275
2854 -102.242
2855 -103.512
2856 -102.625
2857 -102.502
2858 -101.53
2859 -102.441
2860 -100.836
2861 -101.615
2862 -99.3582
2863 -100.667
2864 -100.543
2865 -99.0109
2866 -99.5304
2867 -98.9808
2868 -99.9324
2869 -98.295
2870 -98.4564
2871 -98.2822
2872 -100.255
2873 -99.9497
2874 -100.884
2875 -99.7393
2876 -100.652
2877 -101.455
2878 -100.877
2879 -100.626
2880 -102.902
2881 -100.538
2882 -103.304
2883 -102.504
2884 -100.685
2885 -100.836
2886 -100.573
2887 -101.734
2888 -102.244
2889 -101.305
2890 -102.321
2891 -101.103
2892 -101.605
2893 -101.104
2894 -103.425
2895 -102.257
2896 -101.673
2897 -101.606
2898 -102.468
2899 -102.673
2900 -101.642
2901 -101.853
2902 -101.172
2903 -99.9853
2904 -100.381
2905 -101.264
2906 -98.8493
2907 -100.344
2908 -98.0745
2909 -98.7395
2910 -99.1671
2911 -99.6547
2912 -99.4163
2913 -97.8385
2914 -100.507
2915 -101.74
2916 -101.059
2917 -101.475
2918 -101.818
2919 -101.25
2920 -102.533
2921 -101.121
2922 -101.266
2923 -100.763
2924 -100.551
2925 -100.75
2926 -100.136
2927 -101.217
2928 -102.33
2929 -102.963
2930 -101.563
2931 -101.118
2932 -101.62
2933 -102.294
2934 -100.901
2935 -101.704
2936 -102.429
2937 -103.021
2938 -102.324
2939 -102.155
2940 -103.344
2941 -100.859
2942 -101.308
2943 -100.579
2944 -100.308
2945 -99.2723
2946 -99.6974
2947 -99.2992
2948 -99.7738
2949 -100.293
2950 -99.4682
2951 -99.3405
2952 -98.456
2953 -99.1642
2954 -98.8248
2955 -100.488
2956 -102.079
2957 -101.712
2958 -102.108
2959 -101.521
2960 -102.892
2961 -101.732
2962 -102.134
2963 -101.929
2964 -99.5777
2965 -99.8845
2966 -101.569
2967 -100.933
2968 -101.225
2969 -101.277
2970 -100.915
2971 -102.711
2972 -100.186
2973 -101.447
2974 -100.077
2975 -99.4137
2976 -100.96
2977 -102.776
2978 -100.759
2979 -100.373
2980 -101.201
2981 -101.026
2982 -100.996
2983 -100.79
2984 -101.133
2985 -100.219
2986 -99.9509
2987 -99.6452
2988 -99.5527
2989 -98.3979
2990 -97.5728
2991 -98.7372
2992 -98.7223
2993 -99.1111
2994 -99.6162
2995 -99.7829
2996 -100.475
2997 -100.461
2998 -103.426
2999 -101.279
3000 -101.455
3001 -101.08
3002 -101.306
3003 -100.836
3004 -100.315
3005 -100.248
3006 -100.358
3007 -100.485
3008 -100.693
3009 -101.497
3010 -100.862
3011 -100.537
3012 -102.134
3013 -99.7026
3014 -100.476
3015 -102.355
3016 -101.396
3017 -101.451
3018 -100.243
3019 -101.106
3020 -100.719
3021 -101.184
3022 -100.456
3023 -100.008
3024 -99.9425
3025 -99.5998
3026 -98.784
3027 -97.9198
3028 -98.2518
3029 -98.0668
3030 -97.1564
3031 -98.9887
3032 -97.1971
3033 -99.8655
3034 -98.9894
3035 -97.7788
3036 -97.1614
3037 -98.2471
3038 -98.7503
3039 -99.9557
3040 -101.622
3041 -99.8309
3042 -101.032
3043 -101.866
3044 -101.604
3045 -100.055
3046 -100.111
3047 -99.2837
3048 -99.3215
3049 -100.58
3050 -100.769
3051 -100.532
3052 -100.974
3053 -100.499
3054 -99.9402
3055 -100.155
3056 -99.5347
3057 -99.0299
3058 -100.317
3059 -100.622
3060 -100.771
3061 -100.851
3062 -101.9
3063 -101.788
3064 -99.4536
3065 -97.8855
3066 -98.8714
3067 -97.8927
3068 -96.7468
3069 -98.5479
3070 -98.5428
3071 -97.3339
3072 -95.6489
3073 -97.7848
3074 -97.2983
3075 -97.943
3076 -98.6974
3077 -98.7312
3078 -99.7804
3079 -100.999
3080 -100.593
3081 -100.31
3082 -101.751
3083 -100.709
3084 -99.173
3085 -99.0399
3086 -99.7641
3087 -98.1139
3088 -98.8114
3089 -99.4168
3090 -99.9172
3091 -99.6111
3092 -99.6378
3093 -98.9764
3094 -99.7446
3095 -99.3355
3096 -98.766
3097 -99.0772
3098 -99.1921
3099 -100.592
3100 -99.9718
3101 -100.494
3102 -100.943
3103 -100.627
3104 -100.402
3105 -101.086
3106 -98.537
3107 -98.7338
3108 -99.7321
3109 -99.495
3110 -100.073
3111 -99.1653
3112 -101.292
3113 -100.775
3114 -99.5762
3115 -101.43
3116 -102.462
3117 -101.963
3118 -103.414
3119 -104.229
3120 -106.618
3121 -106.272
3122 -106.849
3123 -108.494
3124 -108.799
3125 -108.498
3126 -108.85
3127 -109.581
3128 -108.249
3129 -108.803
3130 -110.751
3131 -110.826
3132 -111.712
3133 -114.145
3134 -114.598
3135 -114.846
3136 -114.961
3137 -113.423
3138 -113.88
3139 -111.868
3140 -113.502
3141 -113.072
3142 -113.901
3143 -114.748
3144 -115.69
3145 -113.664
3146 -112.38
3147 -113.521
3148 -113.416
3149 -112.662
3150 -112.173
3151 -112.576
3152 -112.513
3153 -111.587
3154 -111.972
3155 -111.977
3156 -111.798
3157 -109.398
3158 -109.12
3159 -108.939
3160 -110.959
3161 -109.374
3162 -108.167
3163 -107.757
3164 -107.517
3165 -107.436
3166 -105.164
3167 -106.357
3168 -105.795
3169 -103.683
3170 -105.323
3171 -104.576
3172 -105.753
3173 -105.153
3174 -105.358
3175 -103.087
3176 -103.955
3177 -103.906
3178 -102.581
3179 -101.337
3180 -102.172
3181 -101.694
3182 -101.765
3183 -104.672
3184 -101.411
3185 -102.15
3186 -102.353
3187 -102.748
3188 -102.081
3189 -100.968
3190 -102.079
3191 -101.62
3192 -100.036
3193 -102.354
3194 -101.843
3195 -100.759
3196 -102.763
3197 -102.649
3198 -102.504
3199 -101.592
3200 -100.751
3201 -102.076
3202 -100.849
3203 -100.591
3204 -99.9675
3205 -102.062
3206 -101.811
3207 -102.508
3208 -102.136
3209 -102.223
3210 -100.853
3211 -100.091
3212 -100.953
3213 -101.579
3214 -99.8392
3215 -101.74
3216 -101.119
3217 -102.268
3218 -101.796
3219 -102.289
3220 -102.622
3221 -102.985
3222 -100.276
3223 -99.45
3224 -100.049
3225 -101.321
3226 -101.458
3227 -100.482
3228 -100.751
3229 -103.803
3230 -101.406
3231 -102.728
3232 -100.416
3233 -100.157
3234 -100.126
3235 -102.1
3236 -100.131
3237 -100.574
3238 -101.713
3239 -100.953
3240 -100.108
3241 -100.15
3242 -101.663
3243 -102.431
3244 -100.313
3245 -101.658
3246 -101.204
3247 -102.352
3248 -99.6414
3249 -102.203
3250 -100.458
3251 -100.904
3252 -100.581
3253 -101.341
3254 -102.393
3255 -101.49
3256 -100.767
3257 -102.151
3258 -100.998
3259 -101.635
3260 -101.982
3261 -102.597
3262 -101.389
3263 -100.898
3264 -101.757
3265 -98.8566
3266 -98.4076
3267 -100.558
3268 -101.45
3269 -100.231
3270 -100.772
3271 -102.126
3272 -102.58
3273 -100.445
3274 -101.305
3275 -99.2149
3276 -102.167
3277 -100.272
3278 -101.881
3279 -100.317
3280 -100.411
3281 -100.322
3282 -101.051
3283 -101.305
3284 -101.218
3285 -100.871
3286 -101.421
3287 -100.928
3288 -101.056
3289 -102.411
3290 -102.119
3291 -102.036
3292 -100.17
3293 -100.749
3294 -101.899
3295 -102.144
3296 -100.771
3297 -101.449
3298 -101.551
3299 -101.488
3300 -101.93
3301 -101.842
3302 -101.335
3303 -100.289
3304 -100.893
3305 -99.5699
3306 -101.25
3307 -100.985
3308 -101.479
3309 -100.639
3310 -100.862
3311 -102.019
3312 -101.527
3313 -102.13
3314 -102.28
3315 -102.964
3316 -101.28
3317 -101.361
3318 -102.327
3319 -101.797
3320 -101.891
3321 -102.239
3322 -101.301
3323 -100.314
3324 -99.5533
3325 -99.7391
3326 -102.94
3327 -102.064
3328 -103.177
3329 -101.65
3330 -99.8107
3331 -101.309
3332 -101.403
3333 -101.23
3334 -103.407
3335 -101.844
3336 -102.772
3337 -101.035
3338 -101.696
3339 -101.696
3340 -101.296
3341 -102.258
3342 -101.983
3343 -101.87
3344 -101.449
3345 -100.288
3346 -102.189
3347 -102.119
3348 -102.71
3349 -102.114
3350 -102.422
3351 -100.599
3352 -100.867
3353 -103.129
3354 -101.33
3355 -101.439
3356 -102.236
3357 -100.295
3358 -99.9902
3359 -101.416
3360 -101.982
3361 -99.6786
3362 -101.974
3363 -102.346
3364 -101.502
3365 -101.82
3366 -100.694
3367 -101.585
3368 -100.879
3369 -102.23
3370 -100.864
3371 -102.127
3372 -100.859
3373 -101.296
3374 -101.831
3375 -102.092
3376 -101.009
3377 -101.265
3378 -99.299
3379 -101.061
3380 -102.183
3381 -100.976
3382 -101.461
3383 -101.804
3384 -101.605
3385 -102.181
3386 -100.869
3387 -101.485
3388 -101.781
3389 -101.942
3390 -100.218
3391 -100.622
3392 -101.689
3393 -101.79
3394 -101.636
3395 -102.749
3396 -102.494
3397 -100.275
3398 -102.292
3399 -100.019
