0 -121.23
1 -119.997
2 -118.716
3 -117.652
4 -118.314
5 -116.177
6 -118.43
7 -116.964
8 -117.211
9 -117.738
10 -117.398
11 -117.958
12 -117.326
13 -119.05
14 -117.892
15 -117.393
16 -118.709
17 -118.72
18 -119.635
19 -119.573
20 -120.141
21 -119.368
22 -120.794
23 -121.124
24 -118.802
25 -119.112
26 -118.507
27 -118.485
28 -119.019
29 -120.329
30 -120.09
31 -119.637
32 -120.398
33 -119.674
34 -119.36
35 -119.387
36 -119.943
37 -118.586
38 -118.791
39 -118.815
40 -120.784
41 -119.288
42 -117.121
43 -121.116
44 -122.174
45 -119.354
46 -117.888
47 -116.878
48 -117.355
49 -118.682
50 -118.075
51 -118.123
52 -118.916
53 -119.569
54 -118.551
55 -118.43
56 -117.655
57 -118.956
58 -119.172
59 -118.352
60 -119.713
61 -119.279
62 -120.558
63 -122.508
64 -119.767
65 -118.647
66 -121.689
67 -121.644
68 -120.592
69 -120.582
70 -120.099
71 -121.508
72 -121.053
73 -119.568
74 -121.097
75 -120.604
76 -121.397
77 -121.488
78 -119.909
79 -120.586
80 -118.772
81 -121.137
82 -121.336
83 -119.868
84 -121.296
85 -119.625
86 -118.568
87 -120.032
88 -119.081
89 -118.524
90 -118.759
91 -118.982
92 -119.599
93 -119.196
94 -120.695
95 -120.105
96 -121.021
97 -119.789
98 -120.205
99 -118.565
100 -118.183
101 -118.412
102 -119.383
103 -119.042
104 -121.667
105 -122.87
106 -121.175
107 -120.026
108 -119.913
109 -120.569
110 -119.265
111 -120.632
112 -119.619
113 -120.517
114 -122.112
115 -123.499
116 -120.932
117 -121.34
118 -121.984
119 -121.615
120 -119.482
121 -120.017
122 -120.206
123 -121.623
124 -121.504
125 -121.719
126 -120.844
127 -122.994
128 -122.348
129 -120.318
130 -120.694
131 -119.706
132 -119.995
133 -119.297
134 -120.099
135 -120.77
136 -121.005
137 -119.192
138 -120.434
139 -119.595
140 -120.607
141 -117.664
142 -120.687
143 -120.119
144 -120.13
145 -120.441
146 -122.331
147 -121.823
148 -121.556
149 -121.454
150 -120.06
151 -120.385
152 -120.678
153 -120.988
154 -120.914
155 -121.047
156 -122.08
157 -121.415
158 -122.667
159 -122.649
160 -121.614
161 -122.826
162 -123.213
163 -120.746
164 -120.84
165 -122.842
166 -121.087
167 -121.986
168 -121.194
169 -121.669
170 -121.937
171 -120.88
172 -121.264
173 -119.404
174 -119.738
175 -120.178
176 -121.178
177 -120.005
178 -120.092
179 -120.815
180 -120.869
181 -119.603
182 -120.045
183 -119.062
184 -121.108
185 -120.674
186 -122.307
187 -120.779
188 -121.422
189 -123.1
190 -123.774
191 -120.599
192 -122.042
193 -121.008
194 -122.065
195 -121.594
196 -121.69
197 -120.9
198 -122.985
199 -122.476
200 -121.746
201 -122.188
202 -124.17
203 -122.293
204 -122.445
205 -123.073
206 -122.618
207 -122.102
208 -122.198
209 -123.901
210 -123.032
211 -121.994
212 -123.02
213 -122.934
214 -120.736
215 -121.959
216 -121.202
217 -120.612
218 -121.249
219 -120.66
220 -120.867
221 -121.406
222 -120.638
223 -120.563
224 -119.483
225 -121.434
226 -121.452
227 -120.987
228 -119.322
229 -120.049
230 -122.599
231 -122.294
232 -121.751
233 -122.623
234 -121.542
235 -121.432
236 -120.039
237 -122.624
238 -122.819
239 -122.439
240 -122.066
241 -121.955
242 -122.503
243 -124.164
244 -123.281
245 -122.759
246 -122.227
247 -122.004
248 -123.038
249 -121.745
250 -120.574
251 -121.546
252 -122.799
253 -120.823
254 -123.103
255 -121.328
256 -121.143
257 -122.04
258 -119.851
259 -120.868
260 -119.149
261 -119.904
262 -121.399
263 -119.943
264 -121.66
265 -121.495
266 -119.912
267 -122.104
268 -121.059
269 -118.838
270 -121.782
271 -122.11
272 -122.342
273 -121.66
274 -122.209
275 -122.954
276 -123.659
277 -120.334
278 -122.127
279 -123.813
280 -121.864
281 -121.483
282 -122.374
283 -122.885
284 -123.804
285 -123.306
286 -123.105
287 -122.342
288 -122.518
289 -123.524
290 -121.717
291 -122.25
292 -121.183
293 -121.045
294 -122.235
295 -122.476
296 -122.797
297 -120.429
298 -119.479
299 -121.309
300 -120.892
301 -121.904
302 -121.203
303 -121.886
304 -121.195
305 -120.089
306 -121.076
307 -121.652
308 -120.101
309 -120.066
310 -121.082
311 -120.256
312 -120.205
313 -122.212
314 -121.447
315 -122.393
316 -122.587
317 -122.751
318 -119.875
319 -122.193
320 -119.918
321 -121.171
322 -120.287
323 -120.08
324 -120.356
325 -120.604
326 -120.781
327 -119.406
328 -117.89
329 -116.217
330 -118.089
331 -117.694
332 -117.844
333 -116.315
334 -114.965
335 -114.897
336 -114.134
337 -114.526
338 -112.765
339 -111.949
340 -111.72
341 -110.063
342 -109.24
343 -107.519
344 -109.375
345 -108.842
346 -106.345
347 -106.805
348 -107.373
349 -105.848
350 -106.821
351 -107.302
352 -106.565
353 -106.605
354 -105.611
355 -105.042
356 -106.236
357 -106.916
358 -105.155
359 -106.555
360 -106.902
361 -106.946
362 -108.169
363 -107.288
364 -108.022
365 -107.308
366 -109.091
367 -110.212
368 -109.457
369 -109.883
370 -110.287
371 -110.857
372 -110.485
373 -111.824
374 -111.753
375 -112.236
376 -113.093
377 -112.167
378 -114.139
379 -115.419
380 -112.862
381 -114.522
382 -114.448
383 -115.542
384 -114.728
385 -115.571
386 -116.053
387 -116.223
388 -114.463
389 -115.957
390 -116.896
391 -116.392
392 -118.229
393 -115.198
394 -117.091
395 -115.793
396 -117.815
397 -117.937
398 -117.773
399 -116.125
400 -117.76
401 -117.616
402 -116.757
403 -117.593
404 -117.794
405 -117.607
406 -116.978
407 -119.461
408 -118.791
409 -119.947
410 -117.788
411 -117.974
412 -119.138
413 -117.919
414 -118.31
415 -117.638
416 -119.235
417 -117.865
418 -116.865
419 -118.427
420 -118.509
421 -118.184
422 -118.894
423 -117.321
424 -118.779
425 -117.956
426 -118.617
427 -119.693
428 -118.743
429 -118.539
430 -117.895
431 -119.082
432 -117.989
433 -118.165
434 -118.504
435 -119.038
436 -117.718
437 -117.241
438 -118.508
439 -118.243
440 -118.422
441 -117.749
442 -119.299
443 -118.661
444 -118.417
445 -118.698
446 -117.597
447 -117.579
448 -117.385
449 -117.056
450 -117.558
451 -117.5
452 -117.942
453 -117.211
454 -115.508
455 -115.284
456 -114.025
457 -113.747
458 -113.339
459 -113.161
460 -113.305
461 -111.136
462 -110.927
463 -111.421
464 -109.592
465 -108.728
466 -110.191
467 -107.853
468 -107.886
469 -107.271
470 -106.356
471 -106.373
472 -105.905
473 -104.277
474 -104.248
475 -104.419
476 -103.963
477 -100.654
478 -102.176
479 -100.245
480 -101.663
481 -100.194
482 -100.184
483 -98.6986
484 -98.3383
485 -97.6119
486 -97.7938
487 -97.734
488 -95.8057
489 -96.9674
490 -98.086
491 -96.2324
492 -96.3137
493 -96.0351
494 -96.9599
495 -97.2654
496 -98.1635
497 -98.4447
498 -98.3081
499 -99.4633
500 -99.7687
501 -99.9007
502 -100.636
503 -101.673
504 -102.024
505 -102.162
506 -103.168
507 -104.606
508 -104.688
509 -105.04
510 -106.729
511 -106.604
512 -106.2
513 -107.101
514 -106.833
515 -107.315
516 -108.112
517 -106.658
518 -109.72
519 -107.875
520 -107.904
521 -108.507
522 -108.471
523 -108.293
524 -108.341
525 -110.946
526 -110.133
527 -110.674
528 -110.157
529 -110.357
530 -110.799
531 -111.201
532 -111.105
533 -110.921
534 -110.355
535 -109.477
536 -107.175
537 -107.286
538 -109.231
539 -109.054
540 -109.143
541 -108.327
542 -107.827
543 -107.707
544 -109.562
545 -109
546 -109.55
547 -108.515
548 -110.636
549 -109.773
550 -110.449
551 -109.989
552 -111.928
553 -112.158
554 -112.269
555 -112.366
556 -112.668
557 -112.613
558 -110.902
559 -110.586
560 -111.147
561 -110.826
562 -112.576
563 -110.613
564 -110.571
565 -110.845
566 -108.441
567 -111.1
568 -111.213
569 -110.492
570 -111.946
571 -109.703
572 -112.844
573 -112.319
574 -111.437
575 -112.424
576 -112.508
577 -111.286
578 -109.726
579 -109.025
580 -107.962
581 -110.583
582 -109.007
583 -110.271
584 -109.259
585 -109.077
586 -108.495
587 -109.332
588 -108.937
589 -108.66
590 -111.321
591 -108.473
592 -109.464
593 -110.139
594 -110.307
595 -110.018
596 -110.56
597 -111.997
598 -111.367
599 -111.404
600 -111.039
601 -110.785
602 -110.97
603 -110.486
604 -112.112
605 -111.62
606 -112.171
607 -111.984
608 -110.793
609 -109.628
610 -110.515
611 -111.001
612 -110.574
613 -110.243
614 -111.587
615 -112.865
616 -112.305
617 -111.043
618 -110.679
619 -110.121
620 -110.42
621 -108.617
622 -109.569
623 -111.055
624 -109.796
625 -109.539
626 -108.367
627 -109.537
628 -109.443
629 -109.045
630 -107.745
631 -107.979
632 -108.62
633 -109.863
634 -111.308
635 -111.072
636 -111.091
637 -109.135
638 -110.29
639 -111.805
640 -111.289
641 -111.7
642 -110.945
643 -112.705
644 -111.313
645 -110.573
646 -110.949
647 -110.998
648 -110.622
649 -110.676
650 -111.921
651 -110.018
652 -109.844
653 -109.945
654 -111.914
655 -111.296
656 -113.073
657 -111.9
658 -111.955
659 -112.409
660 -113.144
661 -110.53
662 -109.523
663 -109.462
664 -109.735
665 -111.311
666 -108.715
667 -111.154
668 -108.867
669 -107.207
670 -109.284
671 -108.698
672 -108.095
673 -108.388
674 -108.101
675 -110.823
676 -111.045
677 -108.707
678 -111.431
679 -110.516
680 -110.893
681 -110.995
682 -111.091
683 -110.086
684 -111.588
685 -111.113
686 -110.489
687 -110.175
688 -111.683
689 -109.341
690 -110.339
691 -111.269
692 -110.28
693 -110.11
694 -109.858
695 -111.082
696 -112.517
697 -111.359
698 -112.377
699 -110.966
700 -110.535
701 -111.375
702 -110.469
703 -110.157
704 -108.774
705 -108.283
706 -107.897
707 -108.368
708 -107.432
709 -109.059
710 -109.38
711 -109.318
712 -110.401
713 -108.084
714 -108.724
715 -108.032
716 -108.861
717 -109.047
718 -109.209
719 -110.685
720 -110.907
721 -112.085
722 -110.35
723 -109.95
724 -110.434
725 -109.066
726 -108.832
727 -109.577
728 -109.408
729 -109.35
730 -109.161
731 -110.9
732 -109.01
733 -110.398
734 -110.062
735 -109.818
736 -111.018
737 -108.49
738 -108.891
739 -110.677
740 -109.918
741 -110.398
742 -110.022
743 -109.322
744 -111.091
745 -110.429
746 -108.236
747 -107.225
748 -107.482
749 -106.202
750 -107.68
751 -107.538
752 -107.342
753 -108.053
754 -108.444
755 -107.26
756 -107.282
757 -106.673
758 -108.184
759 -108.113
760 -109.575
761 -110.254
762 -109.828
763 -108.785
764 -110.344
765 -109.386
766 -109.082
767 -111.151
768 -110.1
769 -109.066
770 -109.35
771 -109.269
772 -108.467
773 -109.462
774 -107.781
775 -108.756
776 -109.69
777 -108.252
778 -108.661
779 -108.358
780 -109.115
781 -108.124
782 -108.576
783 -109.49
784 -110.905
785 -110.661
786 -109.4
787 -109.287
788 -108.21
789 -108.251
790 -108.454
791 -107.142
792 -106.864
793 -107.478
794 -107.132
795 -106.09
796 -105.661
797 -105.101
798 -105.758
799 -106.36
800 -107.798
801 -108.084
802 -108.722
803 -107.216
804 -107.611
805 -109.12
806 -110.376
807 -109.563
808 -108.394
809 -108.63
810 -107.815
811 -106.834
812 -108.365
813 -109.242
814 -109.227
815 -108.016
816 -108.936
817 -109.409
818 -108.183
819 -109.408
820 -108.055
821 -106.623
822 -108.675
823 -109.58
824 -108.005
825 -108.818
826 -109.414
827 -110.266
828 -108.223
829 -108.139
830 -106.755
831 -106.462
832 -106.897
833 -108.017
834 -106.528
835 -106.462
836 -107.461
837 -105.491
838 -106.503
839 -105.31
840 -106.203
841 -105.271
842 -104.159
843 -106.169
844 -108.696
845 -107.894
846 -107.713
847 -107.165
848 -107.534
849 -109.675
850 -107.822
851 -109.007
852 -107.685
853 -107.134
854 -106.744
855 -107.602
856 -106.927
857 -108.251
858 -108.015
859 -108.133
860 -107.135
861 -107.357
862 -106.351
863 -106.819
864 -107.389
865 -106.041
866 -107.964
867 -107.998
868 -108.138
869 -107.898
870 -107.901
871 -107.934
872 -107.107
873 -107.06
874 -106.989
875 -106.079
876 -107.113
877 -107.446
878 -106.836
879 -105.417
880 -107.457
881 -109.474
882 -108.99
883 -109.012
884 -108.511
885 -110.506
886 -112.596
887 -111.943
888 -113.408
889 -113.921
890 -114.237
891 -114.354
892 -115.695
893 -117.316
894 -116.835
895 -119.442
896 -117.877
897 -118.27
898 -117.047
899 -119.863
900 -120.126
901 -120.959
902 -119.931
903 -123.536
904 -122.761
905 -121.841
906 -121.814
907 -121.15
908 -121.224
909 -122.24
910 -121.649
911 -122.478
912 -121.034
913 -121.848
914 -121.134
915 -121.777
916 -121.609
917 -120.971
918 -119.897
919 -120.388
920 -120.351
921 -120.922
922 -119.026
923 -119.498
924 -117.875
925 -116.464
926 -117.047
927 -117.197
928 -117.135
929 -116.373
930 -115.88
931 -114.983
932 -115.845
933 -113.781
934 -113.728
935 -113.473
936 -114.891
937 -114.719
938 -112.85
939 -112.125
940 -113.452
941 -112.596
942 -112.118
943 -110.466
944 -112.202
945 -111.369
946 -109.87
947 -110.027
948 -111.826
949 -110.627
950 -110.877
951 -111.349
952 -110.003
953 -110.799
954 -110.656
955 -110.977
956 -109.905
957 -110.893
958 -109.49
959 -111.546
960 -109.362
961 -110.592
962 -111.353
963 -110.013
964 -111.259
965 -110.676
966 -109.952
967 -109.419
968 -110.041
969 -109.513
970 -108.814
971 -109.493
972 -108.053
973 -109.545
974 -109.415
975 -109.753
976 -108.482
977 -109.514
978 -109.675
979 -109.888
980 -111.771
981 -109.056
982 -108.082
983 -109.569
984 -109.632
985 -110.169
986 -109.002
987 -109.099
988 -109.145
989 -110.559
990 -108.916
991 -109.365
992 -109.733
993 -109.521
994 -110.086
995 -108.141
996 -109.057
997 -108.842
998 -110.562
999 -109.489
1000 -108.566
1001 -107.897
1002 -107.656
1003 -109.202
1004 -109.959
1005 -109.913
1006 -112.077
1007 -110.168
1008 -110.053
1009 -111.518
1010 -111.021
1011 -112.894
1012 -113.996
1013 -114.636
1014 -114.141
1015 -115.547
1016 -116.63
1017 -116.921
1018 -115.039
1019 -116.154
1020 -118.63
1021 -116.828
1022 -117.588
1023 -119.335
1024 -119.716
1025 -119.295
1026 -121.308
1027 -123.103
1028 -121.821
1029 -122.528
1030 -123.605
1031 -124.814
1032 -125.486
1033 -125.859
1034 -126.772
1035 -126.925
1036 -126.986
1037 -127.95
1038 -129.642
1039 -130.032
1040 -130.255
1041 -130.745
1042 -129.075
1043 -130.406
1044 -130.895
1045 -129.418
1046 -129.479
1047 -131.045
1048 -129.534
1049 -129.905
1050 -128.339
1051 -128.548
1052 -127.842
1053 -128.517
1054 -128.17
1055 -127.658
1056 -125.956
1057 -128.222
1058 -126.903
1059 -126.059
1060 -127.727
1061 -125.793
1062 -124.515
1063 -124.372
1064 -124.64
1065 -123.768
1066 -123.007
1067 -121.806
1068 -121.857
1069 -122.222
1070 -122.747
1071 -121.339
1072 -120.266
1073 -119.976
1074 -119.617
1075 -119.051
1076 -118.912
1077 -119.394
1078 -119.016
1079 -117.87
1080 -118.032
1081 -117.805
1082 -118.892
1083 -116.85
1084 -117.872
1085 -116.654
1086 -117.914
1087 -118.138
1088 -118.099
1089 -120.158
1090 -120.3
1091 -119.016
1092 -118.118
1093 -119.155
1094 -118.899
1095 -118.512
1096 -119.75
1097 -118.917
1098 -119.228
1099 -119.765
1100 -121.467
1101 -119.515
1102 -119.031
1103 -118.106
1104 -119.869
1105 -117.942
1106 -117.394
1107 -117.837
1108 -118.752
1109 -117.774
1110 -119.064
1111 -118.817
1112 -119.213
1113 -117.018
1114 -117.762
1115 -116.921
1116 -116.946
1117 -116.021
1118 -117.667
1119 -116.221
1120 -116.103
1121 -116.568
1122 -117.621
1123 -116.969
1124 -117.26
1125 -116.636
1126 -115.709
1127 -116.213
1128 -118.627
1129 -117.485
1130 -116.136
1131 -118.522
1132 -118.566
1133 -120.011
1134 -118.255
1135 -117.483
1136 -119.16
1137 -117.942
1138 -117.157
1139 -117.908
1140 -117.918
1141 -117.878
1142 -118.535
1143 -119.426
1144 -120.153
1145 -120.674
1146 -119.432
1147 -118.848
1148 -119.109
1149 -118.39
1150 -117.495
1151 -119.444
1152 -117.734
1153 -117.652
1154 -120.574
1155 -118.24
1156 -118.212
1157 -118.352
1158 -116.629
1159 -116.176
1160 -117.751
1161 -118.123
1162 -118.239
1163 -117.407
1164 -118.349
1165 -118.539
1166 -118.226
1167 -118.09
1168 -116.886
1169 -117.753
1170 -119.608
1171 -117.802
1172 -119.189
1173 -121.352
1174 -121.711
1175 -119.548
1176 -121.156
1177 -119.952
1178 -119.549
1179 -120.869
1180 -122.019
1181 -118.883
1182 -119.573
1183 -120.761
1184 -120.493
1185 -119.91
1186 -121.299
1187 -119.462
1188 -120.571
1189 -118.45
1190 -119.804
1191 -119.575
1192 -119.481
1193 -119.314
1194 -118.874
1195 -120.078
1196 -118.109
1197 -119.748
1198 -119.218
1199 -117.729
1200 -118.317
1201 -117.977
1202 -118.103
1203 -118.599
1204 -118.66
1205 -117.779
1206 -118.828
1207 -118.548
1208 -119.191
1209 -119.586
1210 -118.784
1211 -117.725
1212 -118.36
1213 -118.62
1214 -117.633
1215 -120.196
1216 -120.969
1217 -121.444
1218 -119.274
1219 -120.09
1220 -119.672
1221 -120.826
1222 -118.706
1223 -121.057
1224 -120.822
1225 -119.569
1226 -121.184
1227 -120.856
1228 -121.174
1229 -121.832
1230 -120.666
1231 -120.424
1232 -119.837
1233 -118.458
1234 -119.055
1235 -120.524
1236 -119.86
1237 -122.623
1238 -120.633
1239 -118.458
1240 -119.321
1241 -119.507
1242 -118.552
1243 -118.42
1244 -118.845
1245 -117.9
1246 -117.954
1247 -119.075
1248 -116.74
1249 -118.771
1250 -118.6
1251 -118.468
1252 -118.556
1253 -119.507
1254 -118.23
1255 -118.363
1256 -119.323
1257 -119.221
1258 -119.244
1259 -120.554
1260 -119.324
1261 -119.819
1262 -119.683
1263 -120.575
1264 -120.95
1265 -120.103
1266 -120.678
1267 -121.487
1268 -120.848
1269 -121.528
1270 -122.036
1271 -120.866
1272 -120.483
1273 -119.833
1274 -120.082
1275 -120.52
1276 -120.269
1277 -119.181
1278 -120.811
1279 -119.715
1280 -120.307
1281 -120.379
1282 -119.888
1283 -120.679
1284 -118.176
1285 -120.036
1286 -117.798
1287 -119.071
1288 -118.399
1289 -119.302
1290 -119.529
1291 -120.97
1292 -121.229
1293 -119.957
1294 -118.003
1295 -119.964
1296 -118.496
1297 -118.701
1298 -120.347
1299 -120.019
1300 -120.684
1301 -121.46
1302 -121.764
1303 -120.099
1304 -121.167
1305 -119.712
1306 -119.999
1307 -119.913
1308 -120.882
1309 -119.921
1310 -122.028
1311 -121.798
1312 -122.231
1313 -121.582
1314 -120.654
1315 -120.65
1316 -121.802
1317 -121.27
1318 -121.499
1319 -121.471
1320 -120.994
1321 -118.472
1322 -120.092
1323 -120.709
1324 -120.034
1325 -119.482
1326 -119.469
1327 -118.712
1328 -117.895
1329 -119.526
1330 -119.203
1331 -120.425
1332 -121.212
1333 -120.625
1334 -120.02
1335 -119.05
1336 -120.005
1337 -118.056
1338 -119.241
1339 -117.863
1340 -120.169
1341 -120.696
1342 -121.476
1343 -120.75
1344 -121.578
1345 -121.357
1346 -120.914
1347 -121.601
1348 -120.107
1349 -120.6
1350 -121.989
1351 -120.149
1352 -121.473
1353 -121.999
1354 -122.453
1355 -120.899
1356 -121.042
1357 -122.736
1358 -121.374
1359 -121.059
1360 -120.387
1361 -121.836
1362 -120.814
1363 -121.771
1364 -122.046
1365 -121.232
1366 -122.272
1367 -119.742
1368 -120.336
1369 -119.499
1370 -118.758
1371 -119.003
1372 -119.9
1373 -119.012
1374 -119.528
1375 -118.142
1376 -121.455
1377 -120.204
1378 -120.108
1379 -119.156
1380 -121.404
1381 -118.72
1382 -122.085
1383 -121.12
1384 -121.8
1385 -122.016
1386 -122.472
1387 -122.45
1388 -120.609
1389 -121.205
1390 -120.312
1391 -121.066
1392 -121.982
1393 -120.935
1394 -120.055
1395 -122.305
1396 -120.94
1397 -122.455
1398 -121.762
1399 -120.697
1400 -120.473
1401 -120.892
1402 -120.172
1403 -121.014
1404 -120.974
1405 -120.989
1406 -122.574
1407 -122.181
1408 -121.954
1409 -119.167
1410 -119.92
1411 -119.541
1412 -118.987
1413 -118.569
1414 -118.413
1415 -118.861
1416 -118.422
1417 -119.457
1418 -119.675
1419 -119.746
1420 -119.926
1421 -119.856
1422 -119.968
1423 -119.21
1424 -119.42
1425 -122.141
1426 -121.508
1427 -123.129
1428 -120.602
1429 -120.61
1430 -120.529
1431 -119.658
1432 -120.307
1433 -118.426
1434 -120.265
1435 -119.567
1436 -118.98
1437 -118.527
1438 -117.531
1439 -118.391
1440 -117.315
1441 -117.928
1442 -116.934
1443 -116.62
1444 -114.221
1445 -114.059
1446 -114.474
1447 -113.752
1448 -112.515
1449 -112.136
1450 -112.927
1451 -111.511
1452 -111.506
1453 -108.167
1454 -108.161
1455 -107.673
1456 -107.162
1457 -106.806
1458 -106.282
1459 -106.346
1460 -105.047
1461 -106.094
1462 -106.336
1463 -104.621
1464 -105.874
1465 -105.876
1466 -106.118
1467 -104.243
1468 -105.127
1469 -104.395
1470 -104.659
1471 -104.924
1472 -106.355
1473 -107.759
1474 -107.118
1475 -107.796
1476 -104.698
1477 -107.22
1478 -107.683
1479 -107.664
1480 -107.998
1481 -107.858
1482 -107.976
1483 -109.599
1484 -109.021
1485 -110.131
1486 -109.115
1487 -111.27
1488 -112.896
1489 -112.713
1490 -112.816
1491 -112.974
1492 -113.32
1493 -112.833
1494 -113.525
1495 -116.026
1496 -115.799
1497 -114.517
1498 -115.034
1499 -115.883
1500 -114.66
1501 -114.985
1502 -115.035
1503 -115.015
1504 -116.133
1505 -115.91
1506 -116.068
1507 -116.889
1508 -117.403
1509 -115.227
1510 -116.319
1511 -116.061
1512 -116.444
1513 -116.378
1514 -115.974
1515 -116.076
1516 -116.194
1517 -115.517
1518 -116.821
1519 -114.896
1520 -116.616
1521 -117.325
1522 -115.826
1523 -118.131
1524 -116.991
1525 -117.949
1526 -117.729
1527 -117.355
1528 -116.614
1529 -116.55
1530 -116.823
1531 -116.706
1532 -115.81
1533 -118.083
1534 -117.733
1535 -115.343
1536 -116.909
1537 -118.718
1538 -118.531
1539 -118.733
1540 -116.929
1541 -118.621
1542 -118.1
1543 -117.506
1544 -117.05
1545 -117.792
1546 -117.493
1547 -117.627
1548 -117.511
1549 -117.457
1550 -117.245
1551 -117.86
1552 -117.764
1553 -118.189
1554 -117.666
1555 -117.329
1556 -117.128
1557 -116.414
1558 -118.261
1559 -118.116
1560 -117.185
1561 -116.065
1562 -115.555
1563 -116.253
1564 -117.025
1565 -113.928
1566 -116.856
1567 -115.487
1568 -114.821
1569 -113.55
1570 -111.58
1571 -113.263
1572 -111.982
1573 -112.53
1574 -110.232
1575 -110.783
1576 -109.2
1577 -107.803
1578 -106.609
1579 -107.494
1580 -107.081
1581 -106.416
1582 -104.496
1583 -103.087
1584 -103.44
1585 -103.629
1586 -102.735
1587 -101.287
1588 -102.358
1589 -101.724
1590 -100.517
1591 -101.505
1592 -99.3006
1593 -98.3094
1594 -98.0906
1595 -97.2413
1596 -97.4203
1597 -96.5097
1598 -95.9276
1599 -96.1372
1600 -96.3141
1601 -96.6679
1602 -98.4516
1603 -98.0624
1604 -97.7582
1605 -96.9071
1606 -95.1517
1607 -96.3188
1608 -97.8266
1609 -97.97
1610 -97.7672
1611 -100.821
1612 -99.8571
1613 -101.863
1614 -101.264
1615 -99.8991
1616 -100.955
1617 -101.036
1618 -104.145
1619 -104.165
1620 -103.442
1621 -105.569
1622 -104.369
1623 -105.066
1624 -106.343
1625 -105.744
1626 -105.13
1627 -107.981
1628 -106.944
1629 -109.03
1630 -107.539
1631 -108.346
1632 -107.645
1633 -109.977
1634 -108.805
1635 -107.693
1636 -107.21
1637 -107.925
1638 -108.676
1639 -109.284
1640 -108.805
1641 -111.493
1642 -110.701
1643 -111.491
1644 -109.561
1645 -109.027
1646 -110.531
1647 -108.389
1648 -110.326
1649 -109.842
1650 -107.957
1651 -108.312
1652 -107.666
1653 -107.651
1654 -107.546
1655 -107.989
1656 -108.005
1657 -110.163
1658 -107.401
1659 -109.375
1660 -110.269
1661 -110.785
1662 -110.656
1663 -110.7
1664 -110.818
1665 -111.197
1666 -111.976
1667 -110.151
1668 -111.324
1669 -111.603
1670 -111.811
1671 -109.772
1672 -110.125
1673 -111.653
1674 -109.621
1675 -112.459
1676 -110.413
1677 -110.699
1678 -111.467
1679 -110.516
1680 -110.645
1681 -112.193
1682 -112.3
1683 -110.776
1684 -112.566
1685 -111.362
1686 -111.1
1687 -110.958
1688 -111.036
1689 -110.63
1690 -109.243
1691 -108.505
1692 -108.93
1693 -107.669
1694 -107.31
1695 -110.835
1696 -109.222
1697 -108.523
1698 -109.567
1699 -108.394
1700 -110.14
1701 -109.272
1702 -112.02
1703 -109.968
1704 -110.537
1705 -110.588
1706 -110.831
1707 -111.255
1708 -111.441
1709 -111.643
1710 -111.874
1711 -111.026
1712 -112.011
1713 -110.565
1714 -109.272
1715 -111.2
1716 -109.453
1717 -110.259
1718 -111.943
1719 -109.902
1720 -110.732
1721 -111.76
1722 -110.139
1723 -108.267
1724 -110.348
1725 -109.355
1726 -111.254
1727 -111.987
1728 -110.617
1729 -109.951
1730 -110.081
1731 -109.638
1732 -108.539
1733 -107.365
1734 -108.241
1735 -108.555
1736 -109.884
1737 -109.362
1738 -109.061
1739 -108.103
1740 -108.98
1741 -109.555
1742 -109.091
1743 -108.622
1744 -109.733
1745 -110.697
1746 -111.686
1747 -110.598
1748 -110.477
1749 -111.305
1750 -110.483
1751 -112.799
1752 -109.572
1753 -109.909
1754 -111.255
1755 -108.822
1756 -110.506
1757 -110.586
1758 -110.918
1759 -110.006
1760 -111.236
1761 -111.58
1762 -110.89
1763 -112.434
1764 -110.576
1765 -109.522
1766 -110.836
1767 -110.803
1768 -111.569
1769 -112.069
1770 -110.44
1771 -110.776
1772 -110.772
1773 -109.46
1774 -109.428
1775 -108.961
1776 -108.571
1777 -108.252
1778 -108.951
1779 -108.531
1780 -109.344
1781 -108.603
1782 -110.371
1783 -108.998
1784 -109.287
1785 -109.962
1786 -109.648
1787 -109.909
1788 -110.47
1789 -110.125
1790 -110.529
1791 -110.568
1792 -110.976
1793 -110.096
1794 -110.777
1795 -109.016
1796 -110.548
1797 -110.884
1798 -111.156
1799 -110.084
1800 -109.319
1801 -111.387
1802 -111.516
1803 -109.465
1804 -109.989
1805 -108.527
1806 -109.73
1807 -109.322
1808 -109.755
1809 -109.025
1810 -111.173
1811 -111.038
1812 -110.026
1813 -110.992
1814 -110.927
1815 -107.966
1816 -107.716
1817 -107.793
1818 -109.438
1819 -108.556
1820 -108.508
1821 -107.808
1822 -107.487
1823 -107.704
1824 -108.269
1825 -107.8
1826 -107.262
1827 -107.063
1828 -110.39
1829 -108.876
1830 -107.859
1831 -109.13
1832 -108.456
1833 -110.414
1834 -110.518
1835 -109.585
1836 -110.015
1837 -109.375
1838 -110.469
1839 -109.282
1840 -108.84
1841 -110.005
1842 -110.257
1843 -108.491
1844 -109.754
1845 -110.901
1846 -110.217
1847 -110.367
1848 -108.023
1849 -109.143
1850 -111.232
1851 -109.678
1852 -109.305
1853 -111.613
1854 -111.476
1855 -110.413
1856 -110.407
1857 -109.706
1858 -107.176
1859 -108.698
1860 -107.6
1861 -106.939
1862 -108.082
1863 -108.022
1864 -107.905
1865 -107.784
1866 -107.888
1867 -107.744
1868 -107.079
1869 -108.512
1870 -108.59
1871 -109.587
1872 -109.293
1873 -110.385
1874 -109.879
1875 -107.913
1876 -109.983
1877 -109.924
1878 -109.369
1879 -109.558
1880 -109.908
1881 -109.604
1882 -110.051
1883 -107.09
1884 -109.6
1885 -109.525
1886 -109.171
1887 -109.705
1888 -108.377
1889 -109.277
1890 -106.834
1891 -107.403
1892 -108.592
1893 -108.227
1894 -109.074
1895 -111.599
1896 -110.304
1897 -109.362
1898 -109.41
1899 -108.723
1900 -107.631
1901 -107.779
1902 -107.441
1903 -106.228
1904 -106.211
1905 -107.315
1906 -107.773
1907 -106.383
1908 -106.365
1909 -107.767
1910 -106.859
1911 -108.253
1912 -107.577
1913 -109.402
1914 -106.689
1915 -107.431
1916 -109.261
1917 -109.759
1918 -107.7
1919 -108.628
1920 -107.31
1921 -107.176
1922 -109.054
1923 -108.446
1924 -108.052
1925 -106.571
1926 -107.816
1927 -107.953
1928 -109.309
1929 -108.501
1930 -108.686
1931 -107.794
1932 -107.438
1933 -107.221
1934 -108.389
1935 -110.69
1936 -111.211
1937 -110.363
1938 -109.192
1939 -108.754
1940 -107.688
1941 -107.356
1942 -107.982
1943 -106.848
1944 -106.87
1945 -106.838
1946 -108.344
1947 -106.956
1948 -104.842
1949 -104.457
1950 -104.872
1951 -106.356
1952 -106.951
1953 -107.551
1954 -107.223
1955 -106.031
1956 -107.146
1957 -108.159
1958 -107.323
1959 -107.446
1960 -108.069
1961 -108.972
1962 -107.501
1963 -108.84
1964 -106.153
1965 -107.278
1966 -107.014
1967 -107.103
1968 -107.195
1969 -107.883
1970 -108.287
1971 -108.046
1972 -107.114
1973 -106.408
1974 -106.063
1975 -106.524
1976 -108.076
1977 -108.334
1978 -107.613
1979 -109.756
1980 -109.296
1981 -107.815
1982 -108.171
1983 -107.319
1984 -107.468
1985 -107.052
1986 -107.292
1987 -106.754
1988 -107.823
1989 -108.667
1990 -107.876
1991 -108.607
1992 -108.126
1993 -109.114
1994 -108.4
1995 -111.405
1996 -109.904
1997 -111.26
1998 -112.985
1999 -112.593
2000 -112.824
2001 -114.639
2002 -113.836
2003 -116.258
2004 -116.235
2005 -115.897
2006 -118.018
2007 -117.712
2008 -117.069
2009 -117.673
2010 -118.868
2011 -120.056
2012 -120.746
2013 -120.178
2014 -121.416
2015 -121.351
2016 -122.548
2017 -123.572
2018 -121.496
2019 -120.579
2020 -121.522
2021 -122.153
2022 -120.87
2023 -121.489
2024 -121.274
2025 -120.118
2026 -120.795
2027 -120.51
2028 -119.741
2029 -120.81
2030 -120.578
2031 -119
2032 -120.51
2033 -120.233
2034 -118.258
2035 -117.928
2036 -117.236
2037 -118.123
2038 -116.648
2039 -116.6
2040 -117.297
2041 -117.018
2042 -116.345
2043 -115.673
2044 -113.518
2045 -114.509
2046 -114.5
2047 -113.683
2048 -114.665
2049 -113.301
2050 -113.603
2051 -113.221
2052 -113.489
2053 -111.241
2054 -111.646
2055 -111.03
2056 -111.833
2057 -110.282
2058 -109.456
2059 -109.949
2060 -111.981
2061 -110.847
2062 -111.072
2063 -110.34
2064 -111.729
2065 -109.951
2066 -111.552
2067 -109.748
2068 -109.232
2069 -109.97
2070 -109.821
2071 -108.855
2072 -110.232
2073 -109.784
2074 -108.69
2075 -108.791
2076 -108.922
2077 -108.954
2078 -109.647
2079 -108.638
2080 -109.02
2081 -110.353
2082 -109.562
2083 -110.061
2084 -109.716
2085 -107.727
2086 -108.981
2087 -109.321
2088 -110.377
2089 -109.528
2090 -107.638
2091 -108.111
2092 -109.191
2093 -109.945
2094 -110.688
2095 -110.419
2096 -109.787
2097 -109.017
2098 -108.283
2099 -108.866
2100 -108.403
2101 -109.49
2102 -108.11
2103 -109.341
2104 -108.403
2105 -109.042
2106 -109.73
2107 -108.975
2108 -109.969
2109 -109.603
2110 -108.524
2111 -107.371
2112 -109.388
2113 -109.772
2114 -108.777
2115 -108.079
2116 -109.547
2117 -109.896
2118 -109.258
2119 -108.548
2120 -109.004
2121 -111.514
2122 -112.216
2123 -113.195
2124 -113.956
2125 -114.4
2126 -115.281
2127 -115.705
2128 -115.105
2129 -115.698
2130 -117.574
2131 -117.601
2132 -117.987
2133 -117.398
2134 -117.803
2135 -119.595
2136 -121.133
2137 -119.907
2138 -121.242
2139 -121.533
2140 -121.593
2141 -123.178
2142 -124.712
2143 -124.228
2144 -124.783
2145 -126.67
2146 -126.513
2147 -126.848
2148 -127.466
2149 -128.94
2150 -129.071
2151 -129.666
2152 -130.636
2153 -129.907
2154 -128.844
2155 -130.437
2156 -129.021
2157 -129.59
2158 -128.609
2159 -131.196
2160 -128.182
2161 -128.859
2162 -128.896
2163 -128.087
2164 -128.325
2165 -128.41
2166 -127.24
2167 -127.912
2168 -128.183
2169 -126.912
2170 -126.75
2171 -126.231
2172 -127.745
2173 -125.437
2174 -125.146
2175 -123.374
2176 -122.368
2177 -123.896
2178 -123.33
2179 -122.468
2180 -122.208
2181 -119.831
2182 -120.571
2183 -119.939
2184 -119.861
2185 -117.732
2186 -118.208
2187 -118.305
2188 -119.376
2189 -119.846
2190 -119.76
2191 -119.624
2192 -117.334
2193 -116.883
2194 -117.269
2195 -117.825
2196 -116.168
2197 -116.404
2198 -119.648
2199 -118.815
2200 -118.067
2201 -119.704
2202 -119.122
2203 -118.952
2204 -118.74
2205 -118.385
2206 -119.331
2207 -118.068
2208 -117.934
2209 -117.768
2210 -118.181
2211 -119.485
2212 -119.912
2213 -119.339
2214 -118.442
2215 -118.856
2216 -116.665
2217 -117.822
2218 -116.85
2219 -118.108
2220 -118.945
2221 -118.044
2222 -120.063
2223 -118.198
2224 -116.119
2225 -117.085
2226 -116.825
2227 -116.538
2228 -115.267
2229 -115.593
2230 -116.287
2231 -116.842
2232 -116.551
2233 -118.532
2234 -117.551
2235 -116.763
2236 -117.591
2237 -116.225
2238 -116.585
2239 -116.846
2240 -118.517
2241 -118.026
2242 -119.234
2243 -119.274
2244 -119.019
2245 -118.21
2246 -118.138
2247 -117.8
2248 -119.011
2249 -117.206
2250 -118.786
2251 -118.629
2252 -119.913
2253 -120.36
2254 -120.083
2255 -118.356
2256 -120.899
2257 -117.505
2258 -119.055
2259 -117.93
2260 -118.493
2261 -118.945
2262 -118.87
2263 -118.9
2264 -119.074
2265 -118.15
2266 -117.725
2267 -118.94
2268 -117.83
2269 -116.751
2270 -117.129
2271 -117.742
2272 -118.238
2273 -118.093
2274 -117.086
2275 -118.469
2276 -117.713
2277 -117.207
2278 -117.313
2279 -118.159
2280 -115.87
2281 -117.155
2282 -117.801
2283 -118.216
2284 -119.524
2285 -119.043
2286 -118.276
2287 -119.258
2288 -120.391
2289 -120.052
2290 -118.935
2291 -119.107
2292 -117.78
2293 -119.259
2294 -120.133
2295 -120.789
2296 -119.663
2297 -118.067
2298 -118.291
2299 -119.955
2300 -119.102
2301 -121.122
2302 -119.398
2303 -118.316
2304 -118.643
2305 -119.607
2306 -119.061
2307 -120.805
2308 -120.252
2309 -118.171
2310 -116.508
2311 -118.008
2312 -116.478
2313 -118.237
2314 -117.812
2315 -118.133
2316 -117.504
2317 -116.768
2318 -117.479
2319 -117.765
2320 -119.622
2321 -118.031
2322 -118.802
2323 -118.22
2324 -117.948
2325 -118.902
2326 -119.361
2327 -120.977
2328 -119.596
2329 -120.768
2330 -119.653
2331 -118.7
2332 -120.065
2333 -118.879
2334 -119.418
2335 -120.409
2336 -121.34
2337 -120.54
2338 -120.149
2339 -119.264
2340 -120.864
2341 -121.057
2342 -121.898
2343 -119.946
2344 -120.116
2345 -119.693
2346 -120.407
2347 -121.192
2348 -120.631
2349 -119.621
2350 -120.929
2351 -118.519
2352 -117.421
2353 -118.823
2354 -118.34
2355 -118.444
2356 -119.197
2357 -118.611
2358 -117.145
2359 -117.962
2360 -119.553
2361 -117.319
2362 -119.176
2363 -118.988
2364 -118.552
2365 -119.145
2366 -119.667
2367 -120.3
2368 -119.847
2369 -120.294
2370 -119.86
2371 -121.378
2372 -119.947
2373 -120.364
2374 -120.279
2375 -119.515
2376 -120.059
2377 -119.788
2378 -119.895
2379 -120.928
2380 -120.046
2381 -120.465
2382 -121.401
2383 -119.876
2384 -120.112
2385 -118.965
2386 -119.017
2387 -119.11
2388 -120.647
2389 -120.817
2390 -122.228
2391 -120.161
2392 -119.508
2393 -121.193
2394 -119.119
2395 -118.897
2396 -117.993
2397 -117.002
2398 -118.714
2399 -118.899
2400 -119.627
2401 -119.503
2402 -118.977
2403 -118.824
2404 -118.709
2405 -118.924
2406 -118.038
2407 -118.387
2408 -118.86
2409 -120.821
2410 -120.673
2411 -121.24
2412 -119.857
2413 -121.094
2414 -121.771
2415 -121.088
2416 -118.901
2417 -119.546
2418 -121.408
2419 -120.325
2420 -121.004
2421 -121.281
2422 -120.893
2423 -120.699
2424 -122.186
2425 -121.727
2426 -122.941
2427 -120.483
2428 -120.442
2429 -121.16
2430 -120.152
2431 -120.77
2432 -120.109
2433 -120.518
2434 -120.973
2435 -122.537
2436 -120.916
2437 -119.502
2438 -118.788
2439 -119.295
2440 -117.864
2441 -118.385
2442 -118.82
2443 -119.551
2444 -120.23
2445 -119.937
2446 -118.954
2447 -120.046
2448 -118.629
2449 -116.47
2450 -118.209
2451 -119.206
2452 -120.764
2453 -122.128
2454 -120.881
2455 -120.391
2456 -120.669
2457 -120.107
2458 -120.751
2459 -120.165
2460 -120.167
2461 -120.344
2462 -121.476
2463 -120.903
2464 -121.102
2465 -122.852
2466 -121.399
2467 -120.771
2468 -120.959
2469 -120.703
2470 -121.137
2471 -122.381
2472 -120.146
2473 -120.313
2474 -120.503
2475 -121.423
2476 -120.616
2477 -121.1
2478 -119.601
2479 -120.797
2480 -119.098
2481 -119.41
2482 -119.106
2483 -118.35
2484 -119.025
2485 -118.619
2486 -120.121
2487 -120.962
2488 -120.348
2489 -119.371
2490 -120.405
2491 -118.842
2492 -119.86
2493 -120.577
2494 -119.932
2495 -121.483
2496 -121.1
2497 -121.635
2498 -121.472
2499 -120.041
2500 -122.106
2501 -119.997
2502 -120.857
2503 -121.411
2504 -120.359
2505 -121.096
2506 -121.075
2507 -121.626
2508 -121.244
2509 -120.462
2510 -121.258
2511 -119.683
2512 -121.738
2513 -120.222
2514 -119.296
2515 -120.015
2516 -120.042
2517 -120.82
2518 -120.536
2519 -119.744
2520 -119.348
2521 -120.003
2522 -120.506
2523 -119.419
2524 -120.777
2525 -119.053
2526 -119.537
2527 -119.816
2528 -119.931
2529 -119.877
2530 -118.436
2531 -119.194
2532 -119.507
2533 -120.187
2534 -118.876
2535 -119.355
2536 -120.186
2537 -121.144
2538 -121.097
2539 -121.358
2540 -121.521
2541 -121.317
2542 -119.207
2543 -118.659
2544 -118.689
2545 -118.071
2546 -117.909
2547 -118.44
2548 -119.2
2549 -118.311
2550 -118.06
2551 -117.633
2552 -117.491
2553 -115.846
2554 -115.388
2555 -114.526
2556 -113.932
2557 -113.035
2558 -113.352
2559 -113.727
2560 -111.981
2561 -109.499
2562 -109.443
2563 -111.942
2564 -109.157
2565 -110.687
2566 -107.719
2567 -107.498
2568 -106.148
2569 -105.776
2570 -105.338
2571 -104.591
2572 -106.309
2573 -103.853
2574 -103.439
2575 -106.26
2576 -105.087
2577 -104.163
2578 -105.396
2579 -105.822
2580 -106.371
2581 -106.493
2582 -105.732
2583 -105.641
2584 -106.98
2585 -105.086
2586 -105.585
2587 -106.114
2588 -108.551
2589 -107.533
2590 -110.209
2591 -109.874
2592 -108.776
2593 -109.826
2594 -109.944
2595 -109.105
2596 -110.625
2597 -110.757
2598 -110.834
2599 -112.038
2600 -111.759
2601 -111.663
2602 -113.038
2603 -113.789
2604 -114.092
2605 -112.827
2606 -114.253
2607 -111.209
2608 -114.183
2609 -112.932
2610 -115.478
2611 -116.001
2612 -115.407
2613 -114.904
2614 -115.569
2615 -115.714
2616 -115.468
2617 -115.299
2618 -116.399
2619 -116.131
2620 -115.826
2621 -116.697
2622 -116.189
2623 -116.575
2624 -115.392
2625 -115.4
2626 -117.903
2627 -117.138
2628 -115.339
2629 -117.355
2630 -117.677
2631 -115.987
2632 -116.421
2633 -117.408
2634 -117.006
2635 -116.979
2636 -116.567
2637 -117.39
2638 -116.873
2639 -117.282
2640 -117.514
2641 -118.872
2642 -115.97
2643 -117.976
2644 -116.422
2645 -115.593
2646 -117.122
2647 -116.543
2648 -116.797
2649 -118.046
2650 -118.389
2651 -117.327
2652 -117.966
2653 -117.17
2654 -118.703
2655 -118.27
2656 -117.593
2657 -117.545
2658 -117.879
2659 -115.893
2660 -116.73
2661 -118.722
2662 -118.912
2663 -117.826
2664 -117.633
2665 -117.26
2666 -118.625
2667 -117.985
2668 -116.553
2669 -117.159
2670 -118.788
2671 -118.556
2672 -117.62
2673 -116.155
2674 -117.768
2675 -114.075
2676 -116.022
2677 -113.209
2678 -113.645
2679 -114.478
2680 -111.872
2681 -111.236
2682 -110.235
2683 -113.682
2684 -111.988
2685 -110.315
2686 -110.109
2687 -110.438
2688 -107.993
2689 -107.934
2690 -107.985
2691 -107.677
2692 -107.175
2693 -105.798
2694 -103.317
2695 -103.675
2696 -105.299
2697 -103.785
2698 -102.127
2699 -101.082
2700 -101.292
2701 -101.391
2702 -100.471
2703 -100.554
2704 -98.7951
2705 -98.4437
2706 -98.8521
2707 -96.9167
2708 -97.3915
2709 -96.3545
2710 -96.8814
2711 -95.4354
2712 -96.4706
2713 -96.3838
2714 -97.4843
2715 -96.6324
2716 -95.9586
2717 -97.809
2718 -97.5023
2719 -97.3932
2720 -98.2538
2721 -98.2846
2722 -98.7726
2723 -100.698
2724 -99.6735
2725 -101.651
2726 -101.483
2727 -101.535
2728 -101.586
2729 -102.29
2730 -103.445
2731 -103.867
2732 -103.906
2733 -103.838
2734 -106.15
2735 -105.833
2736 -106.54
2737 -106.734
2738 -108.081
2739 -107.114
2740 -107.007
2741 -109.376
2742 -108.265
2743 -109.471
2744 -108.481
2745 -109.578
2746 -109.023
2747 -109.149
2748 -109.708
2749 -109.468
2750 -109.509
2751 -111.505
2752 -108.671
2753 -111.435
2754 -109.941
2755 -109.525
2756 -110.319
2757 -108.534
2758 -109.936
2759 -109.151
2760 -109.744
2761 -108.341
2762 -109.016
2763 -108.236
2764 -107.988
2765 -108.767
2766 -108.695
2767 -107.454
2768 -108.766
2769 -108.753
2770 -108.439
2771 -110.088
2772 -110.637
2773 -111.486
2774 -109.204
2775 -111.354
2776 -112.107
2777 -109.816
2778 -110.113
2779 -110.888
2780 -110.647
2781 -110.516
2782 -111.152
2783 -112.052
2784 -110.328
2785 -112.14
2786 -112.269
2787 -111.092
2788 -110.315
2789 -110.402
2790 -109.701
2791 -111.111
2792 -111.548
2793 -111.139
2794 -112.135
2795 -112.331
2796 -111.902
2797 -111.404
2798 -112.16
2799 -110.158
2800 -110.416
2801 -110.218
2802 -109.585
2803 -109.39
2804 -109.096
2805 -110.836
2806 -107.93
2807 -109.27
2808 -107.742
2809 -110.344
2810 -107.764
2811 -109.089
2812 -108.952
2813 -110.308
2814 -109.473
2815 -109.952
2816 -111.063
2817 -110.41
2818 -111.239
2819 -111.424
2820 -110.22
2821 -110.795
2822 -110.68
2823 -110.487
2824 -110.841
2825 -110.588
2826 -110.257
2827 -110.058
2828 -109.303
2829 -110.822
2830 -113.508
2831 -109.572
2832 -111.087
2833 -110.468
2834 -111.182
2835 -109.908
2836 -109.947
2837 -109.758
2838 -111.354
2839 -111.459
2840 -110.58
2841 -110.739
2842 -108.027
2843 -109.923
2844 -109.222
2845 -108.786
2846 -109.765
2847 -109.394
2848 -109.501
2849 -108.35
2850 -110.193
2851 -107.055
2852 -109.019
2853 -110.058
2854 -109.436
2855 -109.475
2856 -110.449
2857 -111.055
2858 -109.196
2859 -109.744
2860 -111.282
2861 -112.788
2862 -112.257
2863 -112.45
2864 -109.634
2865 -110.613
2866 -110.946
2867 -108.694
2868 -109.591
2869 -110.613
2870 -111.116
2871 -110.098
2872 -110.157
2873 -110.355
2874 -109.732
2875 -111.222
2876 -110.347
2877 -108.438
2878 -111.492
2879 -111.507
2880 -112.551
2881 -111.012
2882 -112.268
2883 -111.846
2884 -110.137
2885 -110.122
2886 -108.884
2887 -109.817
2888 -109.27
2889 -110.979
2890 -108.658
2891 -108.748
2892 -109.007
2893 -109.972
2894 -108.493
2895 -109.04
2896 -108.259
2897 -110.028
2898 -109.755
2899 -110.095
2900 -109.159
2901 -110.829
2902 -111.432
2903 -112.343
2904 -111.766
2905 -110.037
2906 -111.968
2907 -109.863
2908 -109.662
2909 -110.056
2910 -110.023
2911 -110.563
2912 -111.795
2913 -111.173
2914 -111.646
2915 -110.439
2916 -108.95
2917 -109.3
2918 -110.259
2919 -111.167
2920 -111.284
2921 -111.52
2922 -111.807
2923 -111.124
2924 -109.71
2925 -108.955
2926 -108.528
2927 -108.687
2928 -108.074
2929 -106.956
2930 -109.382
2931 -108.046
2932 -109.751
2933 -108.356
2934 -108.187
2935 -108.023
2936 -106.426
2937 -107.331
2938 -109.325
2939 -109.811
2940 -111.057
2941 -109.197
2942 -111.221
2943 -108.762
2944 -110.322
2945 -110.094
2946 -109.584
2947 -110.539
2948 -108.883
2949 -109.665
2950 -109.949
2951 -110.121
2952 -109.307
2953 -109.604
2954 -110.173
2955 -110.918
2956 -110.379
2957 -109.788
2958 -109.001
2959 -109.932
2960 -109.402
2961 -109.124
2962 -110.319
2963 -109.514
2964 -110.495
2965 -110.881
2966 -109.813
2967 -109.871
2968 -109.096
2969 -108.643
2970 -107.707
2971 -107.367
2972 -109.033
2973 -107.19
2974 -108.497
2975 -108.88
2976 -107.853
2977 -108.774
2978 -108.365
2979 -107.677
2980 -110.054
2981 -108.754
2982 -107.884
2983 -109.449
2984 -109.308
2985 -107.756
2986 -108.975
2987 -108.725
2988 -110.092
2989 -109.18
2990 -108.688
2991 -106.968
2992 -109.454
2993 -107.707
2994 -109.302
2995 -110.06
2996 -109.447
2997 -107.612
2998 -109.984
2999 -110.486
3000 -108.841
3001 -107.577
3002 -109.452
3003 -108.902
3004 -109.282
3005 -109.816
3006 -111.28
3007 -110.597
3008 -109.608
3009 -107.569
3010 -108.479
3011 -107.49
3012 -106.421
3013 -107.37
3014 -108.276
3015 -106.122
3016 -106.268
3017 -106.413
3018 -107.025
3019 -106.868
3020 -107.774
3021 -106.134
3022 -106.501
3023 -107.586
3024 -107.923
3025 -108.451
3026 -107.79
3027 -109.22
3028 -108.297
3029 -109.198
3030 -109.575
3031 -108.905
3032 -108.014
3033 -109.34
3034 -108.181
3035 -107.799
3036 -105.83
3037 -110.126
3038 -108.788
3039 -109.707
3040 -109.619
3041 -107.712
3042 -107.715
3043 -107.489
3044 -107.258
3045 -108.254
3046 -108.616
3047 -108.156
3048 -108.827
3049 -109.063
3050 -110.094
3051 -108.211
3052 -107.655
3053 -106.108
3054 -107.15
3055 -105.843
3056 -108.256
3057 -107.414
3058 -106.743
3059 -106.123
3060 -105.937
3061 -105.627
3062 -105.658
3063 -104.396
3064 -105.772
3065 -105.533
3066 -106.827
3067 -106.858
3068 -107.824
3069 -108.234
3070 -108.438
3071 -108.507
3072 -107.258
3073 -107.641
3074 -108.4
3075 -107.877
3076 -107.658
3077 -107.072
3078 -107.317
3079 -107.091
3080 -108.304
3081 -108.33
3082 -107.774
3083 -107.811
3084 -108.606
3085 -107.554
3086 -108.039
3087 -106.854
3088 -107.126
3089 -107.572
3090 -108.055
3091 -107.463
3092 -108.537
3093 -107.228
3094 -106.589
3095 -107.583
3096 -107.204
3097 -105.708
3098 -105.953
3099 -107.407
3100 -107.73
3101 -108.565
3102 -108.106
3103 -106.735
3104 -108.263
3105 -109.839
3106 -109.397
3107 -110.923
3108 -111.006
3109 -112.597
3110 -112.902
3111 -113.914
3112 -113.571
3113 -116.176
3114 -116.241
3115 -116.95
3116 -116.898
3117 -116.996
3118 -115.872
3119 -117.932
3120 -118.934
3121 -118.922
3122 -119.194
3123 -121.054
3124 -122.181
3125 -121.513
3126 -121.574
3127 -121.861
3128 -122.443
3129 -120.596
3130 -122.165
3131 -121.831
3132 -120.062
3133 -121.564
3134 -121.558
3135 -122.517
3136 -119.139
3137 -121.65
3138 -121.76
3139 -120.688
3140 -119.292
3141 -121.056
3142 -120.184
3143 -120.486
3144 -119.417
3145 -119.269
3146 -118.187
3147 -117.074
3148 -117.576
3149 -118.415
3150 -117.761
3151 -117.608
3152 -117.374
3153 -115.981
3154 -114.149
3155 -115.283
3156 -115.968
3157 -114.959
3158 -114.282
3159 -114.005
3160 -112.6
3161 -112.941
3162 -112.01
3163 -110.872
3164 -113.148
3165 -112.173
3166 -110.878
3167 -111.413
3168 -113.013
3169 -111.778
3170 -112.431
3171 -110.01
3172 -110.733
3173 -109.914
3174 -110.521
3175 -110.341
3176 -111.301
3177 -109.759
3178 -109.837
3179 -109.471
3180 -110.44
3181 -108.513
3182 -108.972
3183 -109.503
3184 -110.879
3185 -109.374
3186 -109.057
3187 -109.787
3188 -109.776
3189 -109.087
3190 -108.595
3191 -109.315
3192 -109.775
3193 -110.794
3194 -108.321
3195 -110.062
3196 -109.558
3197 -108.981
3198 -110.298
3199 -109.642
3200 -109.694
3201 -108.84
3202 -107.702
3203 -107.964
3204 -108.303
3205 -109.668
3206 -109.172
3207 -109.418
3208 -109.008
3209 -110.15
3210 -110.558
3211 -110.184
3212 -108.646
3213 -109.481
3214 -109.482
3215 -108.082
3216 -109.635
3217 -108.295
3218 -109.84
3219 -108.207
3220 -109.284
3221 -108.873
3222 -110.466
3223 -108.715
3224 -108.197
3225 -111.05
3226 -109.089
3227 -109.531
3228 -109.535
3229 -109.898
3230 -108.523
3231 -108.149
3232 -109.996
3233 -108.959
3234 -110.132
3235 -109.117
3236 -109.485
3237 -109.534
3238 -109.537
3239 -109.041
3240 -109.705
3241 -107.816
3242 -108.669
3243 -108.857
3244 -107.835
3245 -108.375
3246 -109.46
3247 -108.562
3248 -109.416
3249 -108.407
3250 -109.457
3251 -109.789
3252 -108.316
3253 -108.351
3254 -109.332
3255 -108.462
3256 -108.22
3257 -107.928
3258 -109.654
3259 -109.415
3260 -108.621
3261 -108.72
3262 -111.295
3263 -108.887
3264 -110.097
3265 -109.943
3266 -108.243
3267 -108.048
3268 -109.356
3269 -109.722
3270 -109.442
3271 -109.398
3272 -110.035
3273 -108.847
3274 -109.526
3275 -108.539
3276 -108.126
3277 -109.874
3278 -110.325
3279 -109.132
3280 -108.207
3281 -108.72
3282 -109.565
3283 -109.379
3284 -109.112
3285 -109.082
3286 -109.588
3287 -108.731
3288 -109.165
3289 -110.586
3290 -107.766
3291 -107.824
3292 -108.145
3293 -108.326
3294 -108.1
3295 -110.84
3296 -110.402
3297 -109.093
3298 -108.322
3299 -109.577
3300 -109.86
3301 -107.636
3302 -108.929
3303 -110.082
3304 -107.498
3305 -108.322
3306 -109.866
3307 -108.599
3308 -108.448
3309 -107.542
3310 -109.005
3311 -109.844
3312 -107.705
3313 -108.376
3314 -108.74
3315 -108.399
3316 -108.862
3317 -108.445
3318 -108.921
3319 -110.015
3320 -109.132
3321 -109.855
3322 -109.648
3323 -108.93
3324 -109.221
3325 -108.473
3326 -108.727
3327 -106.815
3328 -107.968
3329 -109.167
3330 -109.066
3331 -109.364
3332 -108.847
3333 -109.223
3334 -111.11
3335 -109.188
3336 -108.695
3337 -108.242
3338 -110.242
3339 -108.968
3340 -109.186
3341 -110.546
3342 -110.193
3343 -109.855
3344 -109.226
3345 -108.425
3346 -110.211
3347 -109.444
3348 -108.472
3349 -109.546
3350 -109.72
3351 -107.676
3352 -111.556
3353 -109.605
3354 -110.693
3355 -109.751
3356 -111.026
3357 -109.563
3358 -109.092
3359 -109.026
3360 -109.453
3361 -108.175
3362 -107.804
3363 -108.047
3364 -108.076
3365 -108.23
3366 -108.249
3367 -108.701
3368 -109.232
3369 -109.503
3370 -107.485
3371 -108.512
3372 -108.786
3373 -110.215
3374 -109.395
3375 -108.853
3376 -108.565
3377 -108.823
3378 -107.507
3379 -108.055
3380 -108.741
3381 -109.42
3382 -108.096
3383 -109.276
3384 -109.328
3385 -108.788
3386 -107.939
3387 -109.972
3388 -108.082
3389 -108.757
3390 -108.587
3391 -108.984
3392 -109.212
3393 -109.071
3394 -110.207
3395 -108.898
3396 -109.295
3397 -108.727
3398 -110.168
3399 -109.093
