0 -179.48
1 -179.484
2 -179.49
3 -179.49
4 -179.472
5 -179.45
6 -179.442
7 -179.446
8 -179.442
9 -179.462
10 -179.48
11 -179.474
12 -179.48
13 -179.478
14 -179.487
15 -179.5
16 -179.511
17 -179.522
18 -179.532
19 -179.54
20 -179.53
21 -179.533
22 -179.528
23 -179.543
24 -179.554
25 -179.55
26 -179.563
27 -179.55
28 -179.608
29 -180.271
30 -180.691
31 -180.8
32 -180.805
33 -180.913
34 -181.328
35 -181.939
36 -182.599
37 -183.206
38 -183.727
39 -184.233
40 -184.732
41 -185.288
42 -185.847
43 -186.398
44 -186.93
45 -187.4
46 -187.853
47 -188.266
48 -188.684
49 -189.152
50 -189.673
51 -190.207
52 -190.725
53 -191.154
54 -191.524
55 -191.956
56 -192.439
57 -192.949
58 -193.482
59 -194.004
60 -194.492
61 -194.93
62 -195.439
63 -195.918
64 -196.254
65 -196.53
66 -196.714
67 -196.904
68 -197.165
69 -197.412
70 -197.564
71 -197.633
72 -197.607
73 -197.578
74 -197.503
75 -197.383
76 -197.31
77 -197.126
78 -196.849
79 -196.518
80 -196.194
81 -195.84
82 -195.441
83 -194.944
84 -194.411
85 -193.886
86 -193.31
87 -192.847
88 -192.395
89 -192.142
90 -191.87
91 -191.482
92 -190.968
93 -190.444
94 -189.966
95 -189.489
96 -188.995
97 -188.579
98 -188.217
99 -187.808
100 -187.384
101 -186.935
102 -186.624
103 -186.46
104 -186.472
105 -186.342
106 -186.109
107 -185.854
108 -185.582
109 -185.283
110 -184.941
111 -184.887
112 -184.984
113 -185.246
114 -185.453
115 -185.493
116 -185.304
117 -184.767
118 -184.328
119 -184.016
120 -183.783
121 -183.777
122 -183.866
123 -183.939
124 -184.073
125 -184.158
126 -184.136
127 -183.866
128 -183.463
129 -183.01
130 -182.458
131 -182.167
132 -182.259
133 -182.488
134 -182.885
135 -183.155
136 -183.136
137 -182.814
138 -182.251
139 -181.797
140 -181.408
141 -181.101
142 -181.092
143 -181.371
144 -181.725
145 -182.099
146 -182.073
147 -181.974
148 -181.766
149 -181.628
150 -181.348
151 -181.305
152 -181.576
153 -182.009
154 -182.501
155 -182.879
156 -182.915
157 -182.467
158 -182.071
159 -181.657
160 -181.32
161 -181.285
162 -181.423
163 -181.731
164 -182.125
165 -182.331
166 -182.274
167 -181.852
168 -181.39
169 -180.94
170 -180.436
171 -180.377
172 -180.591
173 -180.92
174 -181.388
175 -181.669
176 -181.658
177 -181.287
178 -180.754
179 -180.254
180 -179.751
181 -179.575
182 -179.764
183 -180.184
184 -180.67
185 -180.928
186 -180.938
187 -180.816
188 -180.528
189 -180.179
190 -180.03
191 -180.276
192 -180.661
193 -181.146
194 -181.522
195 -181.571
196 -181.183
197 -180.689
198 -180.324
199 -179.878
200 -179.797
201 -179.972
202 -180.258
203 -180.704
204 -180.956
205 -180.942
206 -180.64
207 -180.06
208 -179.671
209 -179.143
210 -179.123
211 -179.219
212 -179.66
213 -180.155
214 -180.409
215 -180.31
216 -179.926
217 -179.351
218 -178.896
219 -178.44
220 -178.271
221 -178.396
222 -178.908
223 -179.428
224 -179.728
225 -179.826
226 -179.705
227 -179.347
228 -178.973
229 -178.829
230 -179.029
231 -179.464
232 -179.965
233 -180.362
234 -180.524
235 -180.229
236 -179.749
237 -179.341
238 -178.962
239 -178.908
240 -179.045
241 -179.39
242 -179.843
243 -180.063
244 -180.044
245 -179.726
246 -179.208
247 -178.742
248 -178.305
249 -178.214
250 -178.302
251 -178.616
252 -179.134
253 -179.412
254 -179.503
255 -179.163
256 -178.491
257 -177.946
258 -177.533
259 -177.295
260 -177.369
261 -177.731
262 -178.277
263 -178.6
264 -178.712
265 -178.647
266 -178.339
267 -177.928
268 -177.786
269 -177.987
270 -178.337
271 -178.85
272 -179.271
273 -179.426
274 -179.111
275 -178.57
276 -178.177
277 -177.764
278 -177.723
279 -177.913
280 -178.267
281 -178.669
282 -178.923
283 -178.884
284 -178.619
285 -178.079
286 -177.668
287 -177.107
288 -176.978
289 -177.18
290 -177.604
291 -178.141
292 -178.49
293 -178.389
294 -177.967
295 -177.333
296 -176.798
297 -176.328
298 -176.275
299 -176.435
300 -176.856
301 -177.345
302 -177.658
303 -177.656
304 -177.498
305 -177.184
306 -176.782
307 -176.681
308 -176.944
309 -177.37
310 -177.887
311 -178.373
312 -178.535
313 -178.189
314 -177.723
315 -177.389
316 -177.002
317 -176.93
318 -176.988
319 -177.275
320 -177.704
321 -178.007
322 -178.017
323 -177.665
324 -177.151
325 -176.62
326 -176.073
327 -175.953
328 -176.121
329 -176.536
330 -177.027
331 -177.321
332 -177.253
333 -176.84
334 -176.194
335 -175.581
336 -175.108
337 -174.917
338 -175.161
339 -175.676
340 -176.188
341 -176.419
342 -176.472
343 -176.292
344 -175.91
345 -175.517
346 -175.508
347 -175.785
348 -176.198
349 -176.728
350 -177.121
351 -177.228
352 -177.016
353 -176.443
354 -176.056
355 -175.8
356 -175.718
357 -175.79
358 -176.096
359 -176.465
360 -176.764
361 -176.785
362 -176.592
363 -176.101
364 -175.594
365 -174.964
366 -174.794
367 -174.894
368 -175.354
369 -175.87
370 -176.168
371 -176.108
372 -175.774
373 -175.122
374 -174.608
375 -174.173
376 -174.013
377 -174.226
378 -174.64
379 -175.146
380 -175.37
381 -175.403
382 -175.267
383 -174.914
384 -174.543
385 -174.498
386 -174.775
387 -175.264
388 -175.692
389 -176.15
390 -176.298
391 -176.014
392 -175.487
393 -175.126
394 -174.886
395 -174.83
396 -174.906
397 -175.108
398 -175.494
399 -175.751
400 -175.646
401 -175.362
402 -174.866
403 -174.469
404 -173.863
405 -173.737
406 -173.867
407 -174.303
408 -174.75
409 -175.063
410 -174.999
411 -174.687
412 -174.03
413 -173.403
414 -172.909
415 -172.746
416 -172.906
417 -173.386
418 -173.974
419 -174.263
420 -174.231
421 -174.004
422 -173.468
423 -172.944
424 -172.719
425 -172.694
426 -172.913
427 -173.223
428 -173.424
429 -173.223
430 -172.671
431 -171.949
432 -171.018
433 -170.489
434 -170.002
435 -169.671
436 -169.631
437 -169.63
438 -169.451
439 -169.113
440 -168.497
441 -167.717
442 -166.77
443 -165.783
444 -165.115
445 -164.522
446 -164.243
447 -164.135
448 -163.897
449 -163.548
450 -163.013
451 -162.241
452 -161.351
453 -160.433
454 -159.497
455 -158.774
456 -158.418
457 -158.167
458 -157.861
459 -157.827
460 -157.952
461 -158.211
462 -158.352
463 -158.431
464 -158.214
465 -158.014
466 -157.97
467 -158.087
468 -158.347
469 -158.689
470 -159.058
471 -159.376
472 -159.696
473 -160.026
474 -160.292
475 -160.633
476 -160.88
477 -161.233
478 -161.6
479 -161.941
480 -162.317
481 -162.68
482 -163.193
483 -163.755
484 -164.288
485 -164.792
486 -165.268
487 -165.608
488 -165.948
489 -166.257
490 -166.655
491 -167.075
492 -167.441
493 -167.726
494 -167.93
495 -168.074
496 -168.217
497 -168.382
498 -168.581
499 -168.857
500 -169.085
501 -169.293
502 -169.441
503 -169.525
504 -169.66
505 -169.812
506 -169.939
507 -170.021
508 -170.084
509 -170.118
510 -170.19
511 -170.24
512 -170.334
513 -170.462
514 -170.622
515 -170.81
516 -170.952
517 -171.056
518 -171.072
519 -171.074
520 -171.07
521 -171.072
522 -171.106
523 -171.189
524 -171.265
525 -171.349
526 -171.391
527 -171.418
528 -171.408
529 -171.383
530 -171.38
531 -171.417
532 -171.461
533 -171.518
534 -171.583
535 -171.638
536 -171.66
537 -171.652
538 -171.635
539 -171.61
540 -171.62
541 -171.641
542 -171.695
543 -171.717
544 -171.765
545 -171.751
546 -171.71
547 -171.675
548 -171.68
549 -171.691
550 -171.728
551 -171.747
552 -171.76
553 -171.727
554 -171.705
555 -171.682
556 -171.693
557 -171.7
558 -171.732
559 -171.745
560 -171.722
561 -171.654
562 -171.57
563 -171.013
564 -170.379
565 -170.292
566 -170.372
567 -170.309
568 -169.87
569 -169.068
570 -168.176
571 -167.481
572 -166.997
573 -166.673
574 -166.388
575 -166.041
576 -165.565
577 -164.964
578 -164.366
579 -163.755
580 -163.154
581 -162.638
582 -162.129
583 -161.583
584 -161.034
585 -160.474
586 -159.908
587 -159.382
588 -158.847
589 -158.274
590 -157.638
591 -156.961
592 -156.291
593 -155.648
594 -155.019
595 -154.466
596 -153.98
597 -153.463
598 -152.963
599 -152.384
600 -151.911
601 -151.624
602 -151.532
603 -151.429
604 -151.349
605 -151.181
606 -150.889
607 -150.743
608 -150.712
609 -150.884
610 -151.107
611 -151.351
612 -151.671
613 -152.024
614 -152.547
615 -153.042
616 -153.431
617 -153.747
618 -154.16
619 -154.631
620 -155.234
621 -155.809
622 -156.423
623 -156.877
624 -157.297
625 -157.623
626 -157.897
627 -158.319
628 -158.832
629 -159.374
630 -159.944
631 -160.555
632 -161.099
633 -161.463
634 -161.652
635 -161.924
636 -162.228
637 -162.533
638 -162.928
639 -163.414
640 -163.943
641 -164.366
642 -164.649
643 -164.758
644 -164.775
645 -164.965
646 -165.16
647 -165.28
648 -165.167
649 -164.889
650 -164.571
651 -164.295
652 -164.006
653 -163.913
654 -163.98
655 -164.044
656 -164.013
657 -164.02
658 -163.955
659 -163.988
660 -164.278
661 -164.711
662 -165.27
663 -165.695
664 -165.999
665 -166.222
666 -166.452
667 -166.42
668 -166.271
669 -166.15
670 -166.01
671 -165.897
672 -165.895
673 -166.036
674 -166.275
675 -166.541
676 -166.705
677 -166.707
678 -166.579
679 -166.652
680 -166.896
681 -167.118
682 -167.315
683 -167.64
684 -167.787
685 -168.034
686 -168.225
687 -168.038
688 -167.608
689 -167.051
690 -166.655
691 -166.368
692 -166.175
693 -166.221
694 -166.347
695 -166.135
696 -166.079
697 -166.033
698 -165.992
699 -166.074
700 -166.327
701 -166.727
702 -166.986
703 -167.31
704 -167.736
705 -168.015
706 -168.098
707 -167.964
708 -167.675
709 -167.387
710 -167.214
711 -167.253
712 -167.564
713 -167.946
714 -168.226
715 -168.393
716 -168.369
717 -168.171
718 -168.076
719 -168.203
720 -168.484
721 -168.78
722 -169.032
723 -169.16
724 -169.27
725 -169.263
726 -169.022
727 -168.596
728 -168.221
729 -167.847
730 -167.578
731 -167.392
732 -167.378
733 -167.359
734 -167.23
735 -167.191
736 -167.083
737 -166.933
738 -166.981
739 -167.184
740 -167.623
741 -168.019
742 -168.421
743 -168.832
744 -169.172
745 -169.135
746 -168.898
747 -168.602
748 -168.278
749 -168.176
750 -168.281
751 -168.519
752 -168.882
753 -169.202
754 -169.423
755 -169.376
756 -169.171
757 -169.2
758 -169.3
759 -169.455
760 -169.777
761 -170.122
762 -170.272
763 -170.446
764 -170.546
765 -170.316
766 -169.881
767 -169.387
768 -168.947
769 -168.73
770 -168.51
771 -168.505
772 -168.599
773 -168.557
774 -168.485
775 -168.381
776 -168.24
777 -168.228
778 -168.479
779 -168.892
780 -169.27
781 -169.695
782 -170.112
783 -170.254
784 -170.179
785 -169.955
786 -169.693
787 -169.551
788 -169.507
789 -169.64
790 -169.891
791 -170.186
792 -170.348
793 -170.42
794 -170.413
795 -170.254
796 -170.209
797 -170.248
798 -170.501
799 -170.813
800 -171.101
801 -171.208
802 -171.33
803 -171.298
804 -171.1
805 -170.72
806 -170.356
807 -170.03
808 -169.804
809 -169.591
810 -169.624
811 -169.572
812 -169.392
813 -169.235
814 -169.138
815 -169.025
816 -169.039
817 -169.297
818 -169.733
819 -170.133
820 -170.616
821 -170.993
822 -171.144
823 -171.082
824 -170.88
825 -170.606
826 -170.383
827 -170.328
828 -170.385
829 -170.618
830 -170.99
831 -171.234
832 -171.326
833 -171.24
834 -171.023
835 -170.891
836 -171.011
837 -171.258
838 -171.623
839 -171.896
840 -172.068
841 -172.227
842 -172.218
843 -172.064
844 -171.73
845 -171.343
846 -170.981
847 -170.659
848 -170.457
849 -170.506
850 -170.614
851 -170.558
852 -170.524
853 -170.441
854 -170.259
855 -170.164
856 -170.387
857 -170.757
858 -171.112
859 -171.643
860 -172.033
861 -172.213
862 -172.197
863 -171.94
864 -171.638
865 -171.411
866 -171.392
867 -171.483
868 -171.732
869 -172.019
870 -172.159
871 -172.208
872 -172.124
873 -171.975
874 -171.96
875 -172.123
876 -172.368
877 -172.648
878 -172.935
879 -173.067
880 -173.185
881 -173.325
882 -173.176
883 -172.894
884 -172.547
885 -172.151
886 -171.857
887 -171.694
888 -171.672
889 -171.651
890 -171.574
891 -171.483
892 -171.323
893 -171.173
894 -171.155
895 -171.439
896 -171.805
897 -172.2
898 -172.684
899 -173.051
900 -173.13
901 -173.095
902 -172.849
903 -172.576
904 -172.468
905 -172.45
906 -172.508
907 -172.678
908 -172.954
909 -173.125
910 -173.327
911 -173.274
912 -173.097
913 -172.99
914 -173.056
915 -173.302
916 -173.636
917 -173.972
918 -174.116
919 -174.27
920 -174.361
921 -174.226
922 -173.827
923 -173.414
924 -173.129
925 -172.793
926 -172.662
927 -172.73
928 -172.72
929 -172.658
930 -172.563
931 -172.377
932 -172.142
933 -172.166
934 -172.418
935 -172.814
936 -173.185
937 -173.614
938 -174.005
939 -174.269
940 -174.234
941 -173.984
942 -173.715
943 -173.508
944 -173.435
945 -173.516
946 -173.763
947 -174.119
948 -174.308
949 -174.315
950 -174.204
951 -174.031
952 -173.97
953 -174.234
954 -174.672
955 -175.251
956 -175.833
957 -176.177
958 -176.642
959 -176.931
960 -177.069
961 -176.957
962 -176.827
963 -176.8
964 -176.955
965 -177.267
966 -177.768
967 -178.216
968 -178.649
969 -179.04
970 -179.383
971 -179.653
972 -180.005
973 -180.397
974 -180.976
975 -181.66
976 -182.563
977 -183.34
978 -184.153
979 -184.95
980 -185.55
981 -186.029
982 -186.319
983 -186.447
984 -186.628
985 -186.861
986 -187.408
987 -188.074
988 -188.708
989 -189.359
990 -189.905
991 -190.276
992 -190.421
993 -190.406
994 -190.316
995 -190.146
996 -190.067
997 -190.092
998 -190.138
999 -190.17
1000 -190.064
1001 -189.92
1002 -189.698
1003 -189.48
1004 -189.325
1005 -189.153
1006 -188.966
1007 -188.79
1008 -188.476
1009 -188.186
1010 -187.833
1011 -187.573
1012 -187.226
1013 -186.875
1014 -186.464
1015 -185.978
1016 -185.44
1017 -184.935
1018 -184.484
1019 -184.065
1020 -183.653
1021 -183.148
1022 -182.689
1023 -182.246
1024 -181.851
1025 -181.518
1026 -181.259
1027 -181.073
1028 -180.924
1029 -180.824
1030 -180.71
1031 -180.528
1032 -180.347
1033 -180.139
1034 -179.991
1035 -179.861
1036 -179.791
1037 -179.681
1038 -179.555
1039 -179.461
1040 -179.401
1041 -179.32
1042 -179.208
1043 -179.083
1044 -178.966
1045 -178.911
1046 -178.865
1047 -178.817
1048 -178.735
1049 -178.598
1050 -178.454
1051 -178.338
1052 -178.277
1053 -178.263
1054 -178.302
1055 -178.31
1056 -178.286
1057 -178.213
1058 -178.123
1059 -178.036
1060 -177.972
1061 -177.937
1062 -177.93
1063 -177.949
1064 -177.935
1065 -177.893
1066 -177.837
1067 -177.795
1068 -177.781
1069 -177.79
1070 -177.808
1071 -177.79
1072 -177.804
1073 -177.791
1074 -177.795
1075 -177.79
1076 -177.787
1077 -177.766
1078 -177.76
1079 -177.765
1080 -177.77
1081 -177.774
1082 -177.739
1083 -177.72
1084 -177.72
1085 -177.711
1086 -177.724
1087 -177.717
1088 -177.73
1089 -177.72
1090 -177.728
1091 -177.727
1092 -177.734
1093 -177.732
1094 -177.783
1095 -178.231
1096 -178.989
1097 -179.087
1098 -178.987
1099 -178.991
1100 -179.352
1101 -180.153
1102 -181.132
1103 -182.009
1104 -182.635
1105 -183.025
1106 -183.235
1107 -183.438
1108 -183.744
1109 -184.208
1110 -184.778
1111 -185.379
1112 -186.002
1113 -186.543
1114 -187.009
1115 -187.467
1116 -187.927
1117 -188.407
1118 -188.913
1119 -189.519
1120 -190.107
1121 -190.767
1122 -191.426
1123 -192.068
1124 -192.598
1125 -193.059
1126 -193.589
1127 -194.088
1128 -194.664
1129 -195.247
1130 -195.766
1131 -196.261
1132 -196.562
1133 -196.71
1134 -196.65
1135 -196.501
1136 -196.299
1137 -196.152
1138 -196.061
1139 -196.062
1140 -195.94
1141 -195.687
1142 -195.229
1143 -194.757
1144 -194.315
1145 -193.958
1146 -193.583
1147 -193.182
1148 -192.817
1149 -192.397
1150 -191.856
1151 -191.419
1152 -191.153
1153 -190.916
1154 -190.657
1155 -190.29
1156 -189.825
1157 -189.238
1158 -188.679
1159 -188.098
1160 -187.661
1161 -187.316
1162 -186.766
1163 -186.394
1164 -185.875
1165 -185.54
1166 -185.247
1167 -185.068
1168 -185.105
1169 -185.077
1170 -184.886
1171 -184.643
1172 -184.324
1173 -183.886
1174 -183.375
1175 -183.286
1176 -183.29
1177 -183.463
1178 -183.733
1179 -183.84
1180 -183.84
1181 -183.662
1182 -183.193
1183 -182.698
1184 -182.387
1185 -182.114
1186 -182.097
1187 -182.234
1188 -182.48
1189 -182.63
1190 -182.659
1191 -182.556
1192 -182.187
1193 -181.517
1194 -181.181
1195 -180.713
1196 -180.608
1197 -180.79
1198 -181.091
1199 -181.443
1200 -181.64
1201 -181.494
1202 -181.084
1203 -180.498
1204 -179.955
1205 -179.635
1206 -179.426
1207 -179.62
1208 -179.988
1209 -180.501
1210 -180.825
1211 -180.856
1212 -180.682
1213 -180.349
1214 -179.98
1215 -179.664
1216 -179.849
1217 -180.207
1218 -180.762
1219 -181.311
1220 -181.523
1221 -181.325
1222 -180.685
1223 -180.259
1224 -179.863
1225 -179.7
1226 -179.856
1227 -180.238
1228 -180.597
1229 -180.813
1230 -180.839
1231 -180.547
1232 -180.105
1233 -179.646
1234 -179.157
1235 -178.934
1236 -179.21
1237 -179.473
1238 -179.915
1239 -180.318
1240 -180.338
1241 -180.132
1242 -179.603
1243 -179.057
1244 -178.587
1245 -178.315
1246 -178.29
1247 -178.617
1248 -179.09
1249 -179.441
1250 -179.551
1251 -179.492
1252 -179.093
1253 -178.672
1254 -178.508
1255 -178.696
1256 -179.108
1257 -179.627
1258 -180.004
1259 -180.174
1260 -179.847
1261 -179.31
1262 -178.987
1263 -178.588
1264 -178.443
1265 -178.563
1266 -178.942
1267 -179.358
1268 -179.655
1269 -179.697
1270 -179.417
1271 -178.909
1272 -178.438
1273 -177.982
1274 -177.744
1275 -177.908
1276 -178.154
1277 -178.639
1278 -179.022
1279 -179.083
1280 -178.72
1281 -178.196
1282 -177.461
1283 -177.084
1284 -176.83
1285 -176.931
1286 -177.283
1287 -177.819
1288 -178.197
1289 -178.192
1290 -178.255
1291 -177.924
1292 -177.525
1293 -177.328
1294 -177.624
1295 -177.882
1296 -178.371
1297 -178.845
1298 -179.037
1299 -178.892
1300 -178.417
1301 -178.094
1302 -177.697
1303 -177.563
1304 -177.691
1305 -177.952
1306 -178.357
1307 -178.666
1308 -178.684
1309 -178.488
1310 -178.098
1311 -177.554
1312 -177.104
1313 -176.83
1314 -176.906
1315 -177.155
1316 -177.656
1317 -178.059
1318 -178.161
1319 -177.916
1320 -177.338
1321 -176.639
1322 -176.197
1323 -175.933
1324 -175.875
1325 -176.207
1326 -176.752
1327 -177.127
1328 -177.226
1329 -177.257
1330 -176.961
1331 -176.543
1332 -176.4
1333 -176.486
1334 -176.813
1335 -177.269
1336 -177.75
1337 -178.018
1338 -177.866
1339 -177.34
1340 -176.949
1341 -176.557
1342 -176.424
1343 -176.511
1344 -176.798
1345 -177.251
1346 -177.671
1347 -177.809
1348 -177.62
1349 -177.196
1350 -176.632
1351 -176.118
1352 -175.792
1353 -175.857
1354 -176.114
1355 -176.583
1356 -176.994
1357 -177.093
1358 -176.852
1359 -176.297
1360 -175.666
1361 -175.145
1362 -174.918
1363 -174.933
1364 -175.324
1365 -175.88
1366 -176.297
1367 -176.429
1368 -176.306
1369 -175.927
1370 -175.459
1371 -175.239
1372 -175.463
1373 -175.841
1374 -176.363
1375 -176.853
1376 -177.071
1377 -176.87
1378 -176.375
1379 -175.996
1380 -175.72
1381 -175.564
1382 -175.659
1383 -175.929
1384 -176.342
1385 -176.677
1386 -176.717
1387 -176.512
1388 -175.963
1389 -175.46
1390 -174.941
1391 -174.724
1392 -174.854
1393 -175.104
1394 -175.596
1395 -175.985
1396 -176.029
1397 -175.748
1398 -175.128
1399 -174.397
1400 -173.987
1401 -173.668
1402 -173.63
1403 -174.046
1404 -174.572
1405 -174.964
1406 -175.05
1407 -175.058
1408 -174.792
1409 -174.378
1410 -174.185
1411 -174.282
1412 -174.616
1413 -175.021
1414 -175.473
1415 -175.725
1416 -175.629
1417 -175.309
1418 -174.796
1419 -174.52
1420 -174.282
1421 -174.335
1422 -174.583
1423 -175.04
1424 -175.454
1425 -175.537
1426 -175.334
1427 -174.958
1428 -174.371
1429 -173.808
1430 -173.529
1431 -173.616
1432 -173.807
1433 -174.32
1434 -174.75
1435 -174.84
1436 -174.62
1437 -174.076
1438 -173.497
1439 -172.952
1440 -172.696
1441 -172.688
1442 -173.02
1443 -173.609
1444 -174.033
1445 -174.11
1446 -174.027
1447 -173.713
1448 -173.318
1449 -173.119
1450 -173.355
1451 -173.751
1452 -174.203
1453 -174.733
1454 -175.004
1455 -174.809
1456 -174.375
1457 -173.929
1458 -173.656
1459 -173.515
1460 -173.575
1461 -173.824
1462 -174.18
1463 -174.526
1464 -174.56
1465 -174.325
1466 -173.924
1467 -173.348
1468 -172.828
1469 -172.545
1470 -172.62
1471 -172.87
1472 -173.31
1473 -173.731
1474 -173.784
1475 -173.482
1476 -172.902
1477 -172.241
1478 -171.601
1479 -171.349
1480 -171.412
1481 -171.876
1482 -172.497
1483 -172.852
1484 -172.9
1485 -172.819
1486 -172.379
1487 -171.871
1488 -171.466
1489 -171.482
1490 -171.614
1491 -171.801
1492 -172.005
1493 -171.978
1494 -171.551
1495 -170.867
1496 -170.073
1497 -169.314
1498 -168.991
1499 -168.676
1500 -168.479
1501 -168.47
1502 -168.399
1503 -168.025
1504 -167.39
1505 -166.713
1506 -165.812
1507 -164.75
1508 -164.074
1509 -163.556
1510 -163.129
1511 -162.938
1512 -162.734
1513 -162.341
1514 -161.889
1515 -161.226
1516 -160.383
1517 -159.492
1518 -158.571
1519 -157.762
1520 -157.219
1521 -156.983
1522 -156.823
1523 -156.877
1524 -156.998
1525 -157.07
1526 -157.101
1527 -157.198
1528 -157.172
1529 -157.18
1530 -157.162
1531 -157.277
1532 -157.546
1533 -157.888
1534 -158.314
1535 -158.786
1536 -159.155
1537 -159.399
1538 -159.535
1539 -159.706
1540 -160.003
1541 -160.419
1542 -160.854
1543 -161.255
1544 -161.687
1545 -162.17
1546 -162.689
1547 -163.318
1548 -163.78
1549 -164.138
1550 -164.438
1551 -164.819
1552 -165.234
1553 -165.643
1554 -166.106
1555 -166.554
1556 -166.926
1557 -167.167
1558 -167.292
1559 -167.384
1560 -167.459
1561 -167.605
1562 -167.861
1563 -168.133
1564 -168.39
1565 -168.614
1566 -168.8
1567 -168.943
1568 -169.111
1569 -169.192
1570 -169.258
1571 -169.334
1572 -169.44
1573 -169.58
1574 -169.765
1575 -169.877
1576 -169.944
1577 -170
1578 -170.085
1579 -170.168
1580 -170.285
1581 -170.377
1582 -170.426
1583 -170.495
1584 -170.561
1585 -170.608
1586 -170.63
1587 -170.672
1588 -170.729
1589 -170.836
1590 -170.888
1591 -170.933
1592 -170.926
1593 -170.909
1594 -170.905
1595 -170.937
1596 -170.936
1597 -170.985
1598 -171.034
1599 -171.09
1600 -171.128
1601 -171.127
1602 -171.106
1603 -171.1
1604 -171.115
1605 -171.157
1606 -171.214
1607 -171.277
1608 -171.309
1609 -171.3
1610 -171.309
1611 -171.305
1612 -171.313
1613 -171.321
1614 -171.325
1615 -171.311
1616 -171.292
1617 -171.263
1618 -171.249
1619 -171.235
1620 -171.239
1621 -171.255
1622 -171.27
1623 -171.28
1624 -171.261
1625 -171.225
1626 -171.188
1627 -170.862
1628 -170.043
1629 -169.876
1630 -169.887
1631 -169.884
1632 -169.585
1633 -168.943
1634 -168.099
1635 -167.321
1636 -166.785
1637 -166.43
1638 -166.126
1639 -165.771
1640 -165.305
1641 -164.687
1642 -164.016
1643 -163.376
1644 -162.763
1645 -162.278
1646 -161.841
1647 -161.359
1648 -160.82
1649 -160.235
1650 -159.62
1651 -159.013
1652 -158.419
1653 -157.834
1654 -157.281
1655 -156.739
1656 -156.234
1657 -155.701
1658 -155.069
1659 -154.401
1660 -153.787
1661 -153.293
1662 -152.927
1663 -152.529
1664 -152.051
1665 -151.531
1666 -151.167
1667 -150.988
1668 -150.969
1669 -151.018
1670 -151.065
1671 -151.039
1672 -150.908
1673 -150.774
1674 -150.738
1675 -150.977
1676 -151.464
1677 -151.899
1678 -152.38
1679 -152.842
1680 -153.263
1681 -153.705
1682 -154.101
1683 -154.567
1684 -155.099
1685 -155.649
1686 -156.17
1687 -156.644
1688 -157.115
1689 -157.483
1690 -157.795
1691 -158.14
1692 -158.591
1693 -159.11
1694 -159.538
1695 -160.091
1696 -160.637
1697 -160.986
1698 -161.417
1699 -161.826
1700 -162.134
1701 -162.382
1702 -162.604
1703 -162.97
1704 -163.443
1705 -163.884
1706 -164.291
1707 -164.568
1708 -164.648
1709 -164.824
1710 -164.944
1711 -165.095
1712 -164.959
1713 -164.635
1714 -164.314
1715 -164.136
1716 -163.927
1717 -163.871
1718 -163.903
1719 -164.02
1720 -164.017
1721 -163.894
1722 -163.735
1723 -163.644
1724 -163.901
1725 -164.42
1726 -165.071
1727 -165.433
1728 -165.838
1729 -165.995
1730 -166.066
1731 -166.064
1732 -165.884
1733 -165.75
1734 -165.766
1735 -165.77
1736 -165.874
1737 -166.097
1738 -166.34
1739 -166.53
1740 -166.745
1741 -166.768
1742 -166.606
1743 -166.514
1744 -166.665
1745 -166.989
1746 -167.452
1747 -167.761
1748 -167.947
1749 -168.048
1750 -168.004
1751 -167.93
1752 -167.521
1753 -167.085
1754 -166.773
1755 -166.589
1756 -166.382
1757 -166.402
1758 -166.404
1759 -166.235
1760 -166.033
1761 -165.863
1762 -165.76
1763 -165.757
1764 -165.959
1765 -166.49
1766 -166.824
1767 -167.325
1768 -167.67
1769 -167.863
1770 -167.835
1771 -167.56
1772 -167.271
1773 -167.138
1774 -167.024
1775 -167.183
1776 -167.44
1777 -167.75
1778 -167.985
1779 -168.043
1780 -167.989
1781 -167.751
1782 -167.7
1783 -167.814
1784 -168.129
1785 -168.486
1786 -168.826
1787 -168.963
1788 -169.006
1789 -168.946
1790 -168.766
1791 -168.478
1792 -168.072
1793 -167.826
1794 -167.579
1795 -167.348
1796 -167.28
1797 -167.311
1798 -167.219
1799 -167.129
1800 -167.054
1801 -166.719
1802 -166.659
1803 -166.904
1804 -167.278
1805 -167.728
1806 -168.259
1807 -168.685
1808 -168.992
1809 -169.059
1810 -168.848
1811 -168.573
1812 -168.412
1813 -168.306
1814 -168.315
1815 -168.479
1816 -168.836
1817 -169.104
1818 -169.304
1819 -169.378
1820 -169.145
1821 -169.044
1822 -169.094
1823 -169.309
1824 -169.722
1825 -170.158
1826 -170.276
1827 -170.41
1828 -170.403
1829 -170.227
1830 -169.836
1831 -169.434
1832 -169.124
1833 -168.914
1834 -168.709
1835 -168.659
1836 -168.662
1837 -168.596
1838 -168.37
1839 -168.246
1840 -168.072
1841 -167.995
1842 -168.199
1843 -168.57
1844 -168.946
1845 -169.373
1846 -169.775
1847 -169.961
1848 -169.957
1849 -169.769
1850 -169.567
1851 -169.345
1852 -169.216
1853 -169.306
1854 -169.49
1855 -169.782
1856 -170.071
1857 -170.18
1858 -170.167
1859 -169.932
1860 -169.909
1861 -169.995
1862 -170.286
1863 -170.607
1864 -171.023
1865 -171.105
1866 -171.223
1867 -171.214
1868 -171.066
1869 -170.777
1870 -170.394
1871 -170.046
1872 -169.819
1873 -169.665
1874 -169.601
1875 -169.541
1876 -169.482
1877 -169.296
1878 -169.17
1879 -169.035
1880 -169.018
1881 -169.22
1882 -169.678
1883 -170.003
1884 -170.432
1885 -170.878
1886 -171.091
1887 -171.074
1888 -170.858
1889 -170.583
1890 -170.447
1891 -170.324
1892 -170.321
1893 -170.456
1894 -170.837
1895 -171.068
1896 -171.206
1897 -171.157
1898 -171.053
1899 -170.916
1900 -171.017
1901 -171.228
1902 -171.595
1903 -171.972
1904 -172.176
1905 -172.211
1906 -172.309
1907 -172.168
1908 -171.777
1909 -171.277
1910 -170.976
1911 -170.751
1912 -170.552
1913 -170.499
1914 -170.592
1915 -170.457
1916 -170.318
1917 -170.221
1918 -170.053
1919 -170.034
1920 -170.27
1921 -170.671
1922 -171.021
1923 -171.473
1924 -171.85
1925 -172.091
1926 -172.071
1927 -171.899
1928 -171.638
1929 -171.429
1930 -171.287
1931 -171.313
1932 -171.441
1933 -171.758
1934 -172.04
1935 -172.119
1936 -172.09
1937 -171.96
1938 -171.954
1939 -172.052
1940 -172.211
1941 -172.561
1942 -172.935
1943 -173.111
1944 -173.239
1945 -173.283
1946 -173.123
1947 -172.835
1948 -172.508
1949 -172.143
1950 -171.849
1951 -171.639
1952 -171.611
1953 -171.718
1954 -171.7
1955 -171.531
1956 -171.312
1957 -171.1
1958 -171.056
1959 -171.247
1960 -171.644
1961 -172.024
1962 -172.487
1963 -172.924
1964 -173.15
1965 -173.168
1966 -172.959
1967 -172.605
1968 -172.407
1969 -172.331
1970 -172.382
1971 -172.549
1972 -172.892
1973 -173.162
1974 -173.208
1975 -173.2
1976 -173.049
1977 -172.923
1978 -173.095
1979 -173.392
1980 -173.686
1981 -174.024
1982 -174.226
1983 -174.264
1984 -174.312
1985 -174.152
1986 -173.729
1987 -173.296
1988 -173.026
1989 -172.886
1990 -172.745
1991 -172.737
1992 -172.788
1993 -172.701
1994 -172.5
1995 -172.4
1996 -172.208
1997 -172.132
1998 -172.326
1999 -172.679
2000 -172.977
2001 -173.42
2002 -173.862
2003 -174.199
2004 -174.233
2005 -174.014
2006 -173.709
2007 -173.512
2008 -173.431
2009 -173.48
2010 -173.611
2011 -173.929
2012 -174.238
2013 -174.286
2014 -174.309
2015 -174.174
2016 -174.029
2017 -174.138
2018 -174.51
2019 -175.005
2020 -175.68
2021 -176.048
2022 -176.443
2023 -176.749
2024 -176.934
2025 -176.847
2026 -176.754
2027 -176.785
2028 -176.928
2029 -177.196
2030 -177.516
2031 -177.963
2032 -178.402
2033 -178.751
2034 -179.172
2035 -179.491
2036 -179.847
2037 -180.3
2038 -180.845
2039 -181.448
2040 -182.226
2041 -183.092
2042 -183.974
2043 -184.633
2044 -185.235
2045 -185.886
2046 -186.211
2047 -186.459
2048 -186.668
2049 -186.862
2050 -187.218
2051 -187.819
2052 -188.51
2053 -189.141
2054 -189.807
2055 -190.252
2056 -190.454
2057 -190.45
2058 -190.304
2059 -190.15
2060 -190.02
2061 -190.05
2062 -190.11
2063 -190.154
2064 -190.077
2065 -189.882
2066 -189.704
2067 -189.49
2068 -189.274
2069 -189.131
2070 -189.081
2071 -189.011
2072 -188.817
2073 -188.462
2074 -187.972
2075 -187.509
2076 -187.106
2077 -186.703
2078 -186.339
2079 -185.972
2080 -185.562
2081 -185.179
2082 -184.803
2083 -184.37
2084 -183.917
2085 -183.361
2086 -182.851
2087 -182.383
2088 -181.937
2089 -181.637
2090 -181.437
2091 -181.269
2092 -181.138
2093 -180.968
2094 -180.739
2095 -180.511
2096 -180.31
2097 -180.163
2098 -180.092
2099 -180.019
2100 -179.917
2101 -179.831
2102 -179.704
2103 -179.578
2104 -179.444
2105 -179.327
2106 -179.222
2107 -179.125
2108 -179.077
2109 -179.04
2110 -178.994
2111 -178.889
2112 -178.784
2113 -178.677
2114 -178.635
2115 -178.584
2116 -178.515
2117 -178.439
2118 -178.324
2119 -178.241
2120 -178.202
2121 -178.23
2122 -178.223
2123 -178.218
2124 -178.186
2125 -178.161
2126 -178.143
2127 -178.143
2128 -178.127
2129 -178.067
2130 -178.031
2131 -177.995
2132 -177.987
2133 -178.011
2134 -178.025
2135 -178.011
2136 -177.975
2137 -177.934
2138 -177.909
2139 -177.876
2140 -177.862
2141 -177.838
2142 -177.811
2143 -177.791
2144 -177.82
2145 -177.812
2146 -177.815
2147 -177.781
2148 -177.759
2149 -177.731
2150 -177.728
2151 -177.77
2152 -177.782
2153 -177.78
2154 -177.772
2155 -177.76
2156 -177.764
2157 -177.804
2158 -177.84
2159 -178.094
2160 -178.89
2161 -179.174
2162 -179.09
2163 -179.02
2164 -179.269
2165 -179.918
2166 -180.848
2167 -181.729
2168 -182.416
2169 -182.845
2170 -183.114
2171 -183.341
2172 -183.637
2173 -184.083
2174 -184.668
2175 -185.317
2176 -185.926
2177 -186.406
2178 -186.792
2179 -187.183
2180 -187.605
2181 -188.109
2182 -188.713
2183 -189.371
2184 -189.997
2185 -190.563
2186 -191.128
2187 -191.732
2188 -192.32
2189 -192.896
2190 -193.471
2191 -194.024
2192 -194.465
2193 -194.959
2194 -195.382
2195 -195.866
2196 -196.277
2197 -196.514
2198 -196.542
2199 -196.524
2200 -196.386
2201 -196.245
2202 -196.131
2203 -195.995
2204 -195.766
2205 -195.499
2206 -195.112
2207 -194.74
2208 -194.289
2209 -193.932
2210 -193.589
2211 -193.173
2212 -192.814
2213 -192.373
2214 -191.846
2215 -191.349
2216 -191.063
2217 -190.841
2218 -190.591
2219 -190.327
2220 -189.964
2221 -189.412
2222 -188.767
2223 -188.068
2224 -187.511
2225 -187.097
2226 -186.607
2227 -186.263
2228 -185.902
2229 -185.515
2230 -185.146
2231 -184.891
2232 -184.914
2233 -184.87
2234 -184.635
2235 -184.308
2236 -184.018
2237 -183.739
2238 -183.28
2239 -183.2
2240 -183.207
2241 -183.345
2242 -183.517
2243 -183.684
2244 -183.67
2245 -183.499
2246 -183.135
2247 -182.687
2248 -182.488
2249 -182.218
2250 -182.048
2251 -181.995
2252 -182.198
2253 -182.39
2254 -182.551
2255 -182.565
2256 -182.342
2257 -181.761
2258 -181.238
2259 -180.786
2260 -180.513
2261 -180.622
2262 -180.906
2263 -181.272
2264 -181.582
2265 -181.5
2266 -181.12
2267 -180.561
2268 -180.027
2269 -179.691
2270 -179.524
2271 -179.57
2272 -179.837
2273 -180.21
2274 -180.535
2275 -180.588
2276 -180.541
2277 -180.242
2278 -179.925
2279 -179.634
2280 -179.732
2281 -180.122
2282 -180.508
2283 -180.894
2284 -181.21
2285 -181.148
2286 -180.667
2287 -180.341
2288 -180.011
2289 -179.708
2290 -179.766
2291 -179.944
2292 -180.218
2293 -180.532
2294 -180.558
2295 -180.387
2296 -180.187
2297 -179.561
2298 -179.126
2299 -178.751
2300 -178.84
2301 -178.966
2302 -179.402
2303 -179.91
2304 -180.054
2305 -179.9
2306 -179.542
2307 -178.924
2308 -178.52
2309 -178.187
2310 -178.134
2311 -178.302
2312 -178.849
2313 -179.225
2314 -179.331
2315 -179.345
2316 -179.052
2317 -178.663
2318 -178.376
2319 -178.465
2320 -178.794
2321 -179.194
2322 -179.729
2323 -180.066
2324 -180.039
2325 -179.506
2326 -178.98
2327 -178.57
2328 -178.356
2329 -178.378
2330 -178.69
2331 -179.115
2332 -179.512
2333 -179.637
2334 -179.478
2335 -179.19
2336 -178.539
2337 -178.039
2338 -177.701
2339 -177.715
2340 -177.9
2341 -178.372
2342 -178.761
2343 -178.94
2344 -178.817
2345 -178.359
2346 -177.662
2347 -177.175
2348 -176.756
2349 -176.645
2350 -176.915
2351 -177.449
2352 -177.914
2353 -178.11
2354 -178.176
2355 -177.893
2356 -177.405
2357 -177.172
2358 -177.222
2359 -177.506
2360 -177.975
2361 -178.514
2362 -178.744
2363 -178.65
2364 -178.336
2365 -177.812
2366 -177.527
2367 -177.408
2368 -177.378
2369 -177.56
2370 -177.921
2371 -178.327
2372 -178.436
2373 -178.353
2374 -178.082
2375 -177.47
2376 -177.022
2377 -176.704
2378 -176.762
2379 -176.898
2380 -177.38
2381 -177.851
2382 -178.068
2383 -177.934
2384 -177.5
2385 -176.819
2386 -176.299
2387 -175.885
2388 -175.799
2389 -176.003
2390 -176.489
2391 -176.94
2392 -177.149
2393 -177.172
2394 -176.855
2395 -176.433
2396 -176.173
2397 -176.289
2398 -176.661
2399 -177.053
2400 -177.522
2401 -177.836
2402 -177.744
2403 -177.334
2404 -176.878
2405 -176.551
2406 -176.352
2407 -176.439
2408 -176.803
2409 -177.236
2410 -177.611
2411 -177.742
2412 -177.553
2413 -177.235
2414 -176.686
2415 -176.14
2416 -175.715
2417 -175.74
2418 -175.921
2419 -176.273
2420 -176.803
2421 -177.027
2422 -176.858
2423 -176.327
2424 -175.626
2425 -175.104
2426 -174.787
2427 -174.749
2428 -174.976
2429 -175.385
2430 -175.835
2431 -176.027
2432 -176.031
2433 -175.782
2434 -175.438
2435 -175.201
2436 -175.257
2437 -175.516
2438 -175.88
2439 -176.368
2440 -176.778
2441 -176.83
2442 -176.639
2443 -176.122
2444 -175.816
2445 -175.557
2446 -175.497
2447 -175.64
2448 -175.987
2449 -176.423
2450 -176.608
2451 -176.461
2452 -176.163
2453 -175.555
2454 -174.979
2455 -174.578
2456 -174.633
2457 -174.84
2458 -175.345
2459 -175.852
2460 -176.029
2461 -175.828
2462 -175.298
2463 -174.509
2464 -173.985
2465 -173.566
2466 -173.483
2467 -173.773
2468 -174.285
2469 -174.822
2470 -174.972
2471 -174.944
2472 -174.64
2473 -174.261
2474 -173.945
2475 -174.042
2476 -174.408
2477 -174.787
2478 -175.288
2479 -175.616
2480 -175.613
2481 -175.293
2482 -174.739
2483 -174.386
2484 -174.214
2485 -174.144
2486 -174.347
2487 -174.77
2488 -175.139
2489 -175.336
2490 -175.245
2491 -174.923
2492 -174.337
2493 -173.726
2494 -173.321
2495 -173.38
2496 -173.562
2497 -173.963
2498 -174.45
2499 -174.632
2500 -174.479
2501 -174.066
2502 -173.456
2503 -173.031
2504 -172.704
2505 -172.62
2506 -172.9
2507 -173.421
2508 -173.889
2509 -174.03
2510 -174.016
2511 -173.687
2512 -173.273
2513 -173.043
2514 -173.115
2515 -173.504
2516 -173.961
2517 -174.506
2518 -174.833
2519 -174.734
2520 -174.397
2521 -173.853
2522 -173.535
2523 -173.367
2524 -173.402
2525 -173.537
2526 -173.909
2527 -174.235
2528 -174.321
2529 -174.147
2530 -173.809
2531 -173.364
2532 -172.894
2533 -172.497
2534 -172.447
2535 -172.571
2536 -172.958
2537 -173.381
2538 -173.615
2539 -173.493
2540 -173.081
2541 -172.34
2542 -171.72
2543 -171.302
2544 -171.296
2545 -171.505
2546 -172.097
2547 -172.628
2548 -172.775
2549 -172.652
2550 -172.302
2551 -171.745
2552 -171.262
2553 -171.13
2554 -171.233
2555 -171.456
2556 -171.658
2557 -171.737
2558 -171.454
2559 -170.806
2560 -170.06
2561 -169.201
2562 -168.73
2563 -168.374
2564 -168.194
2565 -168.21
2566 -168.161
2567 -167.892
2568 -167.45
2569 -166.802
2570 -165.893
2571 -164.908
2572 -164.11
2573 -163.599
2574 -163.188
2575 -162.91
2576 -162.682
2577 -162.349
2578 -161.966
2579 -161.404
2580 -160.586
2581 -159.715
2582 -158.833
2583 -157.919
2584 -157.272
2585 -156.855
2586 -156.666
2587 -156.594
2588 -156.672
2589 -156.77
2590 -156.868
2591 -157.007
2592 -157.062
2593 -156.94
2594 -156.789
2595 -156.731
2596 -156.86
2597 -157.262
2598 -157.717
2599 -158.213
2600 -158.617
2601 -158.836
2602 -159.08
2603 -159.258
2604 -159.638
2605 -160.109
2606 -160.709
2607 -161.196
2608 -161.531
2609 -161.821
2610 -162.086
2611 -162.476
2612 -163.023
2613 -163.598
2614 -164.119
2615 -164.594
2616 -165.059
2617 -165.507
2618 -165.936
2619 -166.259
2620 -166.59
2621 -166.908
2622 -167.188
2623 -167.425
2624 -167.6
2625 -167.776
2626 -167.959
2627 -168.162
2628 -168.382
2629 -168.559
2630 -168.719
2631 -168.857
2632 -168.914
2633 -168.922
2634 -168.969
2635 -169.044
2636 -169.195
2637 -169.308
2638 -169.435
2639 -169.509
2640 -169.591
2641 -169.664
2642 -169.74
2643 -169.847
2644 -169.991
2645 -170.128
2646 -170.234
2647 -170.34
2648 -170.422
2649 -170.465
2650 -170.479
2651 -170.44
2652 -170.44
2653 -170.43
2654 -170.434
2655 -170.457
2656 -170.502
2657 -170.559
2658 -170.601
2659 -170.62
2660 -170.653
2661 -170.716
2662 -170.802
2663 -170.891
2664 -170.937
2665 -170.96
2666 -170.926
2667 -170.898
2668 -170.86
2669 -170.858
2670 -170.903
2671 -170.941
2672 -170.968
2673 -170.94
2674 -170.912
2675 -170.884
2676 -170.838
2677 -170.848
2678 -170.91
2679 -170.93
2680 -170.938
2681 -170.932
2682 -170.916
2683 -170.9
2684 -170.9
2685 -170.931
2686 -170.964
2687 -170.98
2688 -170.97
2689 -170.942
2690 -170.899
2691 -170.736
2692 -169.985
2693 -169.545
2694 -169.582
2695 -169.643
2696 -169.477
2697 -168.9
2698 -168.074
2699 -167.232
2700 -166.562
2701 -166.154
2702 -165.86
2703 -165.59
2704 -165.208
2705 -164.693
2706 -164.036
2707 -163.323
2708 -162.638
2709 -162.041
2710 -161.574
2711 -161.124
2712 -160.648
2713 -160.154
2714 -159.684
2715 -159.21
2716 -158.707
2717 -158.195
2718 -157.603
2719 -156.985
2720 -156.341
2721 -155.674
2722 -154.988
2723 -154.275
2724 -153.675
2725 -153.179
2726 -152.734
2727 -152.379
2728 -151.987
2729 -151.693
2730 -151.469
2731 -151.253
2732 -151.04
2733 -150.865
2734 -150.73
2735 -150.708
2736 -150.807
2737 -150.919
2738 -151.004
2739 -151.107
2740 -151.343
2741 -151.681
2742 -152.097
2743 -152.63
2744 -153.102
2745 -153.534
2746 -154.017
2747 -154.562
2748 -155.124
2749 -155.619
2750 -156.091
2751 -156.588
2752 -156.999
2753 -157.396
2754 -157.71
2755 -158.055
2756 -158.508
2757 -159.026
2758 -159.524
2759 -159.94
2760 -160.493
2761 -160.949
2762 -161.288
2763 -161.657
2764 -161.964
2765 -162.235
2766 -162.447
2767 -162.84
2768 -163.263
2769 -163.69
2770 -164.169
2771 -164.481
2772 -164.548
2773 -164.715
2774 -164.902
2775 -165.087
2776 -164.998
2777 -164.722
2778 -164.419
2779 -164.163
2780 -163.994
2781 -163.9
2782 -163.916
2783 -163.996
2784 -164.03
2785 -164.07
2786 -164.03
2787 -163.863
2788 -163.899
2789 -164.262
2790 -164.796
2791 -165.156
2792 -165.637
2793 -165.993
2794 -166.196
2795 -166.297
2796 -166.183
2797 -165.964
2798 -165.812
2799 -165.81
2800 -165.866
2801 -166.121
2802 -166.385
2803 -166.618
2804 -166.738
2805 -166.686
2806 -166.593
2807 -166.577
2808 -166.73
2809 -167.032
2810 -167.383
2811 -167.755
2812 -167.914
2813 -168.034
2814 -168.015
2815 -167.932
2816 -167.629
2817 -167.221
2818 -166.838
2819 -166.601
2820 -166.376
2821 -166.272
2822 -166.41
2823 -166.337
2824 -166.157
2825 -166.003
2826 -165.84
2827 -165.749
2828 -165.898
2829 -166.358
2830 -166.701
2831 -167.126
2832 -167.536
2833 -167.865
2834 -167.992
2835 -167.811
2836 -167.512
2837 -167.24
2838 -167.19
2839 -167.171
2840 -167.368
2841 -167.636
2842 -167.925
2843 -168.094
2844 -168.065
2845 -167.929
2846 -167.78
2847 -167.872
2848 -168.151
2849 -168.546
2850 -168.811
2851 -168.87
2852 -168.928
2853 -168.97
2854 -168.968
2855 -168.665
2856 -168.318
2857 -168.075
2858 -167.816
2859 -167.545
2860 -167.431
2861 -167.428
2862 -167.335
2863 -167.275
2864 -167.226
2865 -167.078
2866 -166.935
2867 -167.035
2868 -167.327
2869 -167.688
2870 -168.092
2871 -168.608
2872 -168.996
2873 -169.246
2874 -169.156
2875 -168.864
2876 -168.608
2877 -168.362
2878 -168.266
2879 -168.362
2880 -168.648
2881 -169.005
2882 -169.323
2883 -169.48
2884 -169.44
2885 -169.27
2886 -169.194
2887 -169.323
2888 -169.568
2889 -169.918
2890 -170.171
2891 -170.354
2892 -170.473
2893 -170.37
2894 -170.016
2895 -169.55
2896 -169.129
2897 -168.845
2898 -168.611
2899 -168.511
2900 -168.616
2901 -168.637
2902 -168.475
2903 -168.355
2904 -168.147
2905 -167.984
2906 -168.028
2907 -168.38
2908 -168.749
2909 -169.174
2910 -169.645
2911 -169.95
2912 -170.034
2913 -169.858
2914 -169.583
2915 -169.436
2916 -169.338
2917 -169.366
2918 -169.534
2919 -169.795
2920 -170.1
2921 -170.251
2922 -170.271
2923 -170.163
2924 -170.019
2925 -170.028
2926 -170.243
2927 -170.584
2928 -171.002
2929 -171.162
2930 -171.258
2931 -171.32
2932 -171.289
2933 -170.964
2934 -170.531
2935 -170.155
2936 -169.917
2937 -169.712
2938 -169.615
2939 -169.644
2940 -169.571
2941 -169.452
2942 -169.341
2943 -169.201
2944 -169.044
2945 -169.169
2946 -169.553
2947 -169.888
2948 -170.382
2949 -170.848
2950 -171.103
2951 -171.237
2952 -171.109
2953 -170.871
2954 -170.632
2955 -170.475
2956 -170.453
2957 -170.57
2958 -170.853
2959 -171.231
2960 -171.345
2961 -171.354
2962 -171.205
2963 -171.037
2964 -170.985
2965 -171.186
2966 -171.454
2967 -171.829
2968 -172.095
2969 -172.232
2970 -172.312
2971 -172.288
2972 -171.902
2973 -171.49
2974 -171.092
2975 -170.877
2976 -170.698
2977 -170.69
2978 -170.692
2979 -170.615
2980 -170.461
2981 -170.406
2982 -170.219
2983 -170.057
2984 -170.093
2985 -170.395
2986 -170.711
2987 -171.25
2988 -171.789
2989 -172.157
2990 -172.269
2991 -172.067
2992 -171.723
2993 -171.49
2994 -171.363
2995 -171.407
2996 -171.597
2997 -171.896
2998 -172.222
2999 -172.324
3000 -172.354
3001 -172.173
3002 -172.072
3003 -172.034
3004 -172.14
3005 -172.401
3006 -172.835
3007 -173.085
3008 -173.266
3009 -173.307
3010 -173.294
3011 -173.006
3012 -172.605
3013 -172.253
3014 -171.946
3015 -171.723
3016 -171.751
3017 -171.816
3018 -171.886
3019 -171.759
3020 -171.6
3021 -171.374
3022 -171.234
3023 -171.322
3024 -171.719
3025 -172.102
3026 -172.558
3027 -173.033
3028 -173.238
3029 -173.397
3030 -173.197
3031 -172.917
3032 -172.61
3033 -172.487
3034 -172.418
3035 -172.47
3036 -172.736
3037 -173.137
3038 -173.393
3039 -173.54
3040 -173.386
3041 -173.22
3042 -173.171
3043 -173.19
3044 -173.467
3045 -173.857
3046 -174.132
3047 -174.398
3048 -174.494
3049 -174.392
3050 -174.022
3051 -173.519
3052 -173.112
3053 -172.833
3054 -172.706
3055 -172.718
3056 -172.867
3057 -172.858
3058 -172.796
3059 -172.611
3060 -172.39
3061 -172.198
3062 -172.245
3063 -172.648
3064 -172.962
3065 -173.447
3066 -173.904
3067 -174.214
3068 -174.328
3069 -174.226
3070 -173.993
3071 -173.773
3072 -173.6
3073 -173.654
3074 -173.788
3075 -174.017
3076 -174.32
3077 -174.45
3078 -174.384
3079 -174.262
3080 -174.151
3081 -174.291
3082 -174.561
3083 -174.994
3084 -175.548
3085 -176.102
3086 -176.41
3087 -176.796
3088 -177.038
3089 -177.092
3090 -177.01
3091 -177.01
3092 -177.002
3093 -177.133
3094 -177.412
3095 -177.758
3096 -178.266
3097 -178.82
3098 -179.343
3099 -179.697
3100 -179.986
3101 -180.394
3102 -180.867
3103 -181.382
3104 -182.024
3105 -182.823
3106 -183.742
3107 -184.523
3108 -185.248
3109 -185.877
3110 -186.3
3111 -186.544
3112 -186.685
3113 -186.913
3114 -187.2
3115 -187.701
3116 -188.384
3117 -189.071
3118 -189.744
3119 -190.218
3120 -190.538
3121 -190.643
3122 -190.553
3123 -190.424
3124 -190.239
3125 -190.248
3126 -190.337
3127 -190.401
3128 -190.344
3129 -190.13
3130 -189.874
3131 -189.579
3132 -189.434
3133 -189.378
3134 -189.355
3135 -189.268
3136 -189.045
3137 -188.639
3138 -188.14
3139 -187.643
3140 -187.308
3141 -186.996
3142 -186.765
3143 -186.511
3144 -186.191
3145 -185.737
3146 -185.203
3147 -184.532
3148 -183.917
3149 -183.39
3150 -182.926
3151 -182.665
3152 -182.498
3153 -182.276
3154 -181.991
3155 -181.668
3156 -181.289
3157 -180.973
3158 -180.69
3159 -180.513
3160 -180.339
3161 -180.219
3162 -180.064
3163 -179.915
3164 -179.798
3165 -179.751
3166 -179.667
3167 -179.627
3168 -179.52
3169 -179.47
3170 -179.378
3171 -179.333
3172 -179.316
3173 -179.258
3174 -179.179
3175 -179.057
3176 -178.947
3177 -178.838
3178 -178.768
3179 -178.673
3180 -178.617
3181 -178.587
3182 -178.616
3183 -178.61
3184 -178.593
3185 -178.562
3186 -178.509
3187 -178.439
3188 -178.38
3189 -178.328
3190 -178.27
3191 -178.236
3192 -178.202
3193 -178.23
3194 -178.254
3195 -178.268
3196 -178.252
3197 -178.196
3198 -178.13
3199 -178.098
3200 -178.056
3201 -178.046
3202 -178.076
3203 -178.07
3204 -178.052
3205 -178.001
3206 -177.957
3207 -177.929
3208 -177.939
3209 -177.956
3210 -177.965
3211 -177.96
3212 -177.937
3213 -177.91
3214 -177.91
3215 -177.933
3216 -177.94
3217 -177.951
3218 -177.95
3219 -177.93
3220 -177.93
3221 -177.909
3222 -177.9
3223 -177.9
3224 -177.927
3225 -177.94
3226 -177.933
3227 -177.923
3228 -177.9
3229 -177.89
3230 -177.883
3231 -177.914
3232 -177.94
3233 -177.94
3234 -177.947
3235 -177.926
3236 -177.92
3237 -177.915
3238 -177.91
3239 -177.943
3240 -177.964
3241 -177.952
3242 -177.975
3243 -177.953
3244 -177.957
3245 -177.957
3246 -177.959
3247 -177.97
3248 -177.981
3249 -178
3250 -177.993
3251 -177.991
3252 -177.995
3253 -177.981
3254 -177.986
3255 -178
3256 -178.011
3257 -178.025
3258 -178.03
3259 -178.017
3260 -178.023
3261 -178.02
3262 -178.02
3263 -178.02
3264 -178.015
3265 -178.03
3266 -178.04
3267 -178.045
3268 -178.041
3269 -178.035
3270 -178.02
3271 -178.04
3272 -178.049
3273 -178.06
3274 -178.078
3275 -178.076
3276 -178.06
3277 -178.056
3278 -178.05
3279 -178.048
3280 -178.059
3281 -178.09
3282 -178.09
3283 -178.098
3284 -178.092
3285 -178.094
3286 -178.09
3287 -178.104
3288 -178.102
3289 -178.084
3290 -178.106
3291 -178.1
3292 -178.096
3293 -178.098
3294 -178.09
3295 -178.102
3296 -178.1
3297 -178.122
3298 -178.14
3299 -178.13
3300 -178.136
3301 -178.13
3302 -178.124
3303 -178.146
3304 -178.152
3305 -178.16
3306 -178.16
3307 -178.156
3308 -178.15
3309 -178.142
3310 -178.156
3311 -178.16
3312 -178.157
3313 -178.162
3314 -178.18
3315 -178.18
3316 -178.18
3317 -178.186
3318 -178.172
3319 -178.19
3320 -178.184
3321 -178.19
3322 -178.197
3323 -178.203
3324 -178.19
3325 -178.185
3326 -178.189
3327 -178.2
3328 -178.215
3329 -178.201
3330 -178.21
3331 -178.191
3332 -178.193
3333 -178.2
3334 -178.203
3335 -178.215
3336 -178.21
3337 -178.21
3338 -178.203
3339 -178.21
3340 -178.21
3341 -178.219
3342 -178.227
3343 -178.227
3344 -178.249
3345 -178.24
3346 -178.24
3347 -178.24
3348 -178.24
3349 -178.232
3350 -178.25
3351 -178.25
3352 -178.25
3353 -178.257
3354 -178.243
3355 -178.265
3356 -178.269
3357 -178.273
3358 -178.273
3359 -178.29
3360 -178.28
3361 -178.27
3362 -178.28
3363 -178.28
3364 -178.3
3365 -178.305
3366 -178.284
3367 -178.285
3368 -178.27
3369 -178.281
3370 -178.299
3371 -178.301
3372 -178.29
3373 -178.29
3374 -178.29
3375 -178.284
3376 -178.282
3377 -178.312
3378 -178.314
3379 -178.32
3380 -178.31
3381 -178.31
3382 -178.302
3383 -178.31
3384 -178.32
3385 -178.324
3386 -178.33
3387 -178.338
3388 -178.324
3389 -178.329
3390 -178.308
3391 -178.336
3392 -178.36
3393 -178.36
3394 -178.35
3395 -178.346
3396 -178.34
3397 -178.35
3398 -178.35
3399 -178.36
