0 -141.651
1 -141.675
2 -141.927
3 -141.878
4 -141.599
5 -142.215
6 -141.85
7 -142.438
8 -142.502
9 -141.573
10 -141.485
11 -140.211
12 -140.304
13 -140.606
14 -141.401
15 -142.454
16 -142.568
17 -141.176
18 -140.455
19 -142.509
20 -141.564
21 -143.01
22 -143.006
23 -142.913
24 -141.959
25 -142.966
26 -141.75
27 -142.714
28 -143.031
29 -141.55
30 -142.518
31 -142.278
32 -144.12
33 -142.641
34 -141.86
35 -141.81
36 -143.128
37 -143.934
38 -144.236
39 -143.716
40 -145.661
41 -146.779
42 -143.841
43 -145.29
44 -145.679
45 -147.102
46 -149.29
47 -146.701
48 -149.403
49 -148.462
50 -149.06
51 -149.732
52 -150.033
53 -151.138
54 -150.983
55 -152.048
56 -153.389
57 -154.895
58 -155.46
59 -154.337
60 -153.928
61 -157.097
62 -154.9
63 -155.635
64 -158.018
65 -156.997
66 -157.081
67 -158.782
68 -157.351
69 -159.331
70 -159.522
71 -160.784
72 -161.268
73 -162.429
74 -160.786
75 -163.161
76 -162.177
77 -162.635
78 -160.497
79 -160.05
80 -160.249
81 -162.291
82 -161.016
83 -161.221
84 -160.09
85 -159.501
86 -160.542
87 -160.806
88 -160.282
89 -158.289
90 -157.498
91 -156.959
92 -158.825
93 -157.905
94 -156.051
95 -157.196
96 -156.677
97 -155.907
98 -155.142
99 -155.633
100 -154.185
101 -154.078
102 -153.714
103 -153.659
104 -153.465
105 -153.162
106 -152.4
107 -149.651
108 -151.795
109 -151.697
110 -150.682
111 -151.47
112 -150.065
113 -151.007
114 -149.858
115 -150.38
116 -150.84
117 -152.147
118 -150.234
119 -149.864
120 -150.787
121 -147.649
122 -148.976
123 -149.609
124 -147.401
125 -149.072
126 -148.089
127 -149.515
128 -150.579
129 -149.133
130 -149.769
131 -147.954
132 -149.735
133 -149.229
134 -148.253
135 -148.671
136 -149.674
137 -148.889
138 -148.203
139 -147.813
140 -148.735
141 -148.938
142 -148.229
143 -150.686
144 -148.344
145 -148.741
146 -149.929
147 -148.079
148 -147.442
149 -147.44
150 -147.931
151 -150.72
152 -148.682
153 -149.507
154 -147.143
155 -148.061
156 -147.367
157 -148.726
158 -147.897
159 -146.95
160 -147.78
161 -148.479
162 -148.514
163 -147.919
164 -148.274
165 -147.631
166 -148.136
167 -148.203
168 -147.621
169 -146.52
170 -147.032
171 -147.328
172 -147.15
173 -148.751
174 -147.435
175 -147.79
176 -147.922
177 -148.869
178 -149.537
179 -148.167
180 -148.814
181 -148.326
182 -148.889
183 -148.582
184 -147.488
185 -148.568
186 -147.209
187 -147.875
188 -148.671
189 -148.084
190 -148.115
191 -147.501
192 -148.501
193 -146.369
194 -148.705
195 -147.889
196 -148.242
197 -147.414
198 -147.734
199 -145.022
200 -148.185
201 -147.187
202 -146.897
203 -147.011
204 -147.308
205 -145.989
206 -146.01
207 -146.81
208 -146.422
209 -146.829
210 -148.363
211 -148.535
212 -149.046
213 -146.996
214 -146.81
215 -148.737
216 -147.998
217 -146.328
218 -145.906
219 -145.205
220 -148.795
221 -148.366
222 -148.767
223 -149.545
224 -147.83
225 -148.898
226 -149.816
227 -146.682
228 -149.354
229 -147.482
230 -147.372
231 -148.806
232 -148.966
233 -148.152
234 -148.785
235 -148.974
236 -146.978
237 -147.207
238 -146.563
239 -147.253
240 -147.111
241 -146.282
242 -147.278
243 -146.581
244 -148.974
245 -146.968
246 -147.996
247 -148.738
248 -147.017
249 -146.889
250 -148.018
251 -147.107
252 -146.418
253 -145.601
254 -145.311
255 -146.959
256 -149.054
257 -147.65
258 -148.015
259 -146.524
260 -147.001
261 -146.439
262 -145.454
263 -146.939
264 -145.916
265 -147.502
266 -145.537
267 -145.283
268 -148.21
269 -148.19
270 -149.762
271 -148.435
272 -148.294
273 -149.655
274 -147.022
275 -146.613
276 -147.353
277 -147.638
278 -147.408
279 -147.35
280 -149.25
281 -147.426
282 -149.23
283 -147.213
284 -151.125
285 -149.159
286 -148.067
287 -148.256
288 -147.575
289 -148.42
290 -147.781
291 -148.224
292 -147.473
293 -145.787
294 -147.432
295 -146.112
296 -147.175
297 -146.416
298 -147.635
299 -146.342
300 -146.094
301 -147.843
302 -146.976
303 -148.473
304 -147.283
305 -147.938
306 -146.793
307 -148.617
308 -147.984
309 -148.16
310 -146.542
311 -147.451
312 -147.081
313 -148.056
314 -147.477
315 -146.84
316 -149.822
317 -147.992
318 -147.712
319 -147.902
320 -147.662
321 -147.723
322 -147.311
323 -146.863
324 -149.589
325 -148.066
326 -148.682
327 -147.771
328 -148.542
329 -148.76
330 -149.259
331 -147.195
332 -147.017
333 -146.374
334 -145.613
335 -147.792
336 -146.534
337 -144.62
338 -147.232
339 -147.547
340 -147.185
341 -145.823
342 -146.568
343 -145.947
344 -147.493
345 -147.823
346 -147.392
347 -147.503
348 -145.855
349 -146.454
350 -146.945
351 -148.875
352 -146.326
353 -147.285
354 -148.144
355 -146.634
356 -144.576
357 -145.623
358 -144.557
359 -146.349
360 -147.086
361 -147.855
362 -147.781
363 -148.891
364 -149.615
365 -148.93
366 -147.72
367 -148.493
368 -148.414
369 -148.244
370 -147.209
371 -146.384
372 -146.302
373 -149.537
374 -147.798
375 -148.242
376 -148.61
377 -148.449
378 -148.619
379 -147.846
380 -145.46
381 -146.665
382 -146.642
383 -147.218
384 -148.39
385 -148.053
386 -146.644
387 -146.87
388 -146.817
389 -146.935
390 -145.674
391 -145.956
392 -147.763
393 -146.46
394 -146.252
395 -146.689
396 -147.617
397 -147.731
398 -146.26
399 -147.194
400 -146.696
401 -146.83
402 -145.052
403 -145.568
404 -147.623
405 -146.338
406 -145.839
407 -147.329
408 -145.731
409 -147.236
410 -148.307
411 -147.198
412 -147.316
413 -146.103
414 -147.089
415 -148.374
416 -146.417
417 -148.207
418 -147.982
419 -146.321
420 -147.443
421 -147.124
422 -146.571
423 -147.037
424 -148.947
425 -148.391
426 -147.177
427 -145.843
428 -145.809
429 -146.419
430 -147.917
431 -146.693
432 -146.861
433 -147.098
434 -148.529
435 -146.851
436 -148.272
437 -146.436
438 -146.899
439 -147.159
440 -146.042
441 -146.053
442 -145.221
443 -145.985
444 -146.822
445 -146.3
446 -146.241
447 -147.085
448 -146.392
449 -146.019
450 -144.82
451 -143.77
452 -145.606
453 -145.855
454 -147.512
455 -147.069
456 -148.185
457 -147.705
458 -146.714
459 -146.585
460 -148.103
461 -146.678
462 -146.857
463 -145.721
464 -146.827
465 -147.17
466 -148.061
467 -147.85
468 -146.182
469 -146.713
470 -147.436
471 -147.598
472 -146.993
473 -145.555
474 -145.379
475 -146.143
476 -144.402
477 -145.624
478 -145.89
479 -148.032
480 -146.336
481 -145.982
482 -146.702
483 -146.631
484 -146.577
485 -146.883
486 -144.912
487 -145.777
488 -145.395
489 -145.219
490 -146.025
491 -147.611
492 -146.485
493 -147.404
494 -147.219
495 -145.597
496 -146.098
497 -144.926
498 -145.46
499 -145.643
500 -144.942
501 -147.835
502 -146.161
503 -147.412
504 -149.53
505 -146.945
506 -146.457
507 -146.294
508 -144.883
509 -146.089
510 -143.798
511 -145.451
512 -145.798
513 -145.795
514 -145.4
515 -146.237
516 -145.82
517 -145.322
518 -145.087
519 -144.584
520 -143.419
521 -141.35
522 -141.492
523 -140.968
524 -141.054
525 -139.771
526 -140.71
527 -140.433
528 -140.23
529 -138.919
530 -138.469
531 -138.645
532 -138.019
533 -135.712
534 -136.609
535 -135.563
536 -135.878
537 -133.203
538 -133.99
539 -134.492
540 -132.967
541 -133.571
542 -133.988
543 -130.36
544 -132.187
545 -130.46
546 -129.439
547 -129.973
548 -129.844
549 -130.271
550 -129.732
551 -130.852
552 -129.544
553 -129.766
554 -129.282
555 -128.984
556 -129.336
557 -130.488
558 -128.837
559 -128.049
560 -129.383
561 -128.906
562 -129.939
563 -127.553
564 -128.064
565 -127.67
566 -127.277
567 -127.847
568 -127.57
569 -127.13
570 -127.046
571 -127.786
572 -127.152
573 -127.882
574 -126.476
575 -124.354
576 -124.825
577 -123.927
578 -123.404
579 -122.81
580 -123.88
581 -123.062
582 -122.149
583 -122.41
584 -121.791
585 -121.298
586 -122.99
587 -120.523
588 -121.604
589 -121.375
590 -122.56
591 -121.812
592 -121.88
593 -122.294
594 -121.427
595 -121.138
596 -120.895
597 -122.375
598 -120.97
599 -122.35
600 -123.433
601 -122.724
602 -123.846
603 -122.211
604 -123.124
605 -123.947
606 -123.704
607 -126.177
608 -125.83
609 -127.546
610 -127.057
611 -128.332
612 -127.974
613 -128.363
614 -129.597
615 -131.099
616 -130.042
617 -132.137
618 -129.968
619 -129.86
620 -131.449
621 -133.591
622 -132.614
623 -132.033
624 -132.293
625 -132.892
626 -133.409
627 -134.795
628 -133.664
629 -133.269
630 -134.62
631 -134.721
632 -136.496
633 -135.466
634 -134.543
635 -135.455
636 -136.706
637 -133.585
638 -135.396
639 -136.905
640 -135.418
641 -136.895
642 -137.163
643 -136.247
644 -136.635
645 -136.794
646 -136.265
647 -135.101
648 -135.131
649 -135.065
650 -134.153
651 -134.46
652 -134.923
653 -135.699
654 -136.147
655 -136.126
656 -135.4
657 -135.276
658 -134.602
659 -134.334
660 -136.467
661 -135.4
662 -135.134
663 -136.872
664 -137.179
665 -135.964
666 -136.508
667 -135.825
668 -137.904
669 -136.869
670 -137.27
671 -138.426
672 -137.122
673 -136.967
674 -137.77
675 -136.278
676 -136.99
677 -137.565
678 -136.958
679 -138.083
680 -137.647
681 -137.478
682 -136.911
683 -136.569
684 -136.814
685 -137.332
686 -138.199
687 -137.224
688 -138.642
689 -136.475
690 -138.754
691 -138.091
692 -139.527
693 -138.885
694 -138.468
695 -136.973
696 -136.723
697 -136.355
698 -135.365
699 -136.558
700 -136.2
701 -136.456
702 -137.1
703 -136.959
704 -135.055
705 -134.558
706 -136.336
707 -135.007
708 -136.237
709 -135.769
710 -136.281
711 -138.584
712 -137.404
713 -137.194
714 -137.742
715 -137
716 -137.407
717 -136.713
718 -138.607
719 -137.706
720 -138.25
721 -136.719
722 -137.511
723 -137.242
724 -137.544
725 -137.258
726 -137.605
727 -138.719
728 -139.554
729 -136.24
730 -136.741
731 -137.69
732 -136.874
733 -137.015
734 -137.406
735 -138.864
736 -136.703
737 -137.402
738 -138.636
739 -137.709
740 -138.08
741 -137.277
742 -138.227
743 -135.908
744 -135.946
745 -136.9
746 -135.15
747 -135.875
748 -134.891
749 -134.476
750 -137.181
751 -136.396
752 -135.671
753 -135.556
754 -137.208
755 -136.473
756 -137.438
757 -137.411
758 -136.975
759 -138.235
760 -136.709
761 -138.14
762 -137.351
763 -137.679
764 -137.888
765 -138.711
766 -138.552
767 -136.98
768 -135.929
769 -137.045
770 -137.754
771 -139.285
772 -139.329
773 -139.524
774 -138.831
775 -138.107
776 -136.862
777 -136.566
778 -136.955
779 -137.021
780 -138.302
781 -138.144
782 -139.098
783 -138.543
784 -139.285
785 -138.247
786 -138.996
787 -138.47
788 -138.215
789 -136.117
790 -136.125
791 -136.842
792 -135.776
793 -135.421
794 -136.296
795 -135.984
796 -136.4
797 -137.455
798 -136.354
799 -138.424
800 -136.516
801 -136.519
802 -137.256
803 -136.881
804 -137.053
805 -137.422
806 -137.495
807 -138.015
808 -137.26
809 -137.362
810 -138.204
811 -137.652
812 -138.027
813 -136.205
814 -136.927
815 -136.046
816 -137.627
817 -137.962
818 -137.492
819 -138.623
820 -137.638
821 -138.078
822 -137.707
823 -138.002
824 -136.628
825 -137.481
826 -138.041
827 -138.628
828 -137.37
829 -138.202
830 -139.409
831 -138.008
832 -137.589
833 -139.414
834 -138.991
835 -137.003
836 -137.309
837 -137.4
838 -139.206
839 -137.675
840 -136.821
841 -137.91
842 -136.962
843 -137.094
844 -138.896
845 -137.184
846 -136.615
847 -136.934
848 -135.783
849 -136.56
850 -134.935
851 -137.213
852 -138.677
853 -137.135
854 -137.769
855 -137.333
856 -138.646
857 -138.142
858 -137.55
859 -138.112
860 -137.547
861 -137.574
862 -136.745
863 -136.128
864 -137.302
865 -138.681
866 -140.693
867 -140.19
868 -138.647
869 -138.468
870 -138.218
871 -136.809
872 -137.34
873 -139.297
874 -138.736
875 -139.329
876 -139.518
877 -138.834
878 -139.809
879 -139.253
880 -139.281
881 -137.309
882 -137.648
883 -137.329
884 -139.048
885 -137.582
886 -137.208
887 -137.92
888 -137.264
889 -137.657
890 -135.512
891 -136.963
892 -135.912
893 -137.108
894 -136.95
895 -136.13
896 -137.947
897 -137.322
898 -137.133
899 -138.341
900 -138.307
901 -138.779
902 -138.699
903 -138.952
904 -138.368
905 -139.002
906 -137.102
907 -137.473
908 -136.889
909 -135.812
910 -137.462
911 -138.568
912 -138.12
913 -139.568
914 -138.364
915 -137.588
916 -138.348
917 -137.911
918 -137.655
919 -137.319
920 -139.6
921 -137.843
922 -137.991
923 -139.737
924 -139.157
925 -138.325
926 -137.781
927 -136.915
928 -139.249
929 -138.116
930 -136.801
931 -136.854
932 -136.639
933 -138.226
934 -136.704
935 -137.456
936 -137.794
937 -138.635
938 -138.198
939 -137.201
940 -136.486
941 -137.684
942 -137.704
943 -136.536
944 -138.338
945 -138.274
946 -139.603
947 -138.101
948 -140.441
949 -137.719
950 -137.472
951 -138.437
952 -138.084
953 -139.069
954 -138.897
955 -137.473
956 -139.171
957 -138.261
958 -139.5
959 -139.552
960 -138.883
961 -137.951
962 -138.858
963 -137.249
964 -136.603
965 -136.811
966 -137.095
967 -138.701
968 -138.439
969 -139.581
970 -138.503
971 -138.638
972 -139.797
973 -138.045
974 -138.257
975 -138.905
976 -139.567
977 -137.658
978 -138.544
979 -136.959
980 -137.92
981 -137.195
982 -136.611
983 -138.139
984 -139.412
985 -137.074
986 -136.973
987 -136.856
988 -138.142
989 -137.452
990 -137.689
991 -138.448
992 -138.716
993 -138.733
994 -137.875
995 -138.918
996 -139.87
997 -138.343
998 -137.833
999 -139.332
1000 -138.613
1001 -137.891
1002 -138.151
1003 -139.425
1004 -140.143
1005 -138.508
1006 -138.215
1007 -138.682
1008 -138.003
1009 -137.939
1010 -138.301
1011 -136.879
1012 -137.694
1013 -139.061
1014 -140.315
1015 -140.003
1016 -139.431
1017 -138.42
1018 -139.522
1019 -139.07
1020 -141.462
1021 -140.01
1022 -140.033
1023 -141.038
1024 -139.844
1025 -140.536
1026 -140.282
1027 -139.52
1028 -140.427
1029 -140.16
1030 -142.152
1031 -142.828
1032 -142.782
1033 -144.177
1034 -142.535
1035 -143.818
1036 -144.378
1037 -144.676
1038 -144.713
1039 -145.669
1040 -145.101
1041 -146.637
1042 -147.412
1043 -147.625
1044 -146.982
1045 -147.776
1046 -149.48
1047 -148.557
1048 -148.42
1049 -150.136
1050 -149.025
1051 -150.723
1052 -151.41
1053 -150.29
1054 -151.972
1055 -151.367
1056 -151.802
1057 -153.291
1058 -155.229
1059 -153.588
1060 -154.004
1061 -154.215
1062 -155.715
1063 -155.213
1064 -155.596
1065 -153.845
1066 -155.203
1067 -155.106
1068 -154.052
1069 -156.312
1070 -155.934
1071 -155.61
1072 -154.358
1073 -155.907
1074 -156.56
1075 -155.157
1076 -155.42
1077 -158.625
1078 -157.092
1079 -157.847
1080 -157.393
1081 -158.151
1082 -157.285
1083 -157.739
1084 -158.811
1085 -159.694
1086 -159.946
1087 -160.196
1088 -160.103
1089 -160.565
1090 -161.428
1091 -160.816
1092 -161.836
1093 -161.369
1094 -162.894
1095 -161.931
1096 -161.574
1097 -162.431
1098 -162.789
1099 -162.627
1100 -163.511
1101 -163.307
1102 -162.257
1103 -162.283
1104 -163.144
1105 -161.717
1106 -161.849
1107 -161.568
1108 -161.293
1109 -162.298
1110 -161.164
1111 -160.587
1112 -162.123
1113 -159.815
1114 -159.12
1115 -159.692
1116 -158.342
1117 -157.862
1118 -157.864
1119 -157.412
1120 -155.445
1121 -154.217
1122 -155.516
1123 -155.113
1124 -153.401
1125 -153.946
1126 -155.013
1127 -153.878
1128 -153.144
1129 -152.033
1130 -152.952
1131 -151.805
1132 -150.644
1133 -150.854
1134 -151.783
1135 -150.393
1136 -151.662
1137 -149.308
1138 -150.441
1139 -150.847
1140 -150.599
1141 -149.257
1142 -149.471
1143 -149.083
1144 -149.04
1145 -147.832
1146 -148.868
1147 -148.46
1148 -150.001
1149 -149.878
1150 -148.429
1151 -149.865
1152 -148.32
1153 -148.545
1154 -149.736
1155 -148.08
1156 -148.418
1157 -149.136
1158 -147.784
1159 -148.743
1160 -149.812
1161 -148.794
1162 -149.549
1163 -148.06
1164 -148.699
1165 -149.619
1166 -147.381
1167 -147.259
1168 -149.305
1169 -146.424
1170 -148.722
1171 -146.54
1172 -147.145
1173 -147.14
1174 -148.102
1175 -149.069
1176 -147.253
1177 -146.478
1178 -147.072
1179 -146.89
1180 -145.253
1181 -146.014
1182 -147.12
1183 -146.555
1184 -146.013
1185 -146.257
1186 -145.453
1187 -147.995
1188 -146.012
1189 -146.625
1190 -146.336
1191 -147.575
1192 -145.668
1193 -146.686
1194 -146.66
1195 -146.062
1196 -148.081
1197 -148.891
1198 -147.62
1199 -147.04
1200 -148.513
1201 -145.414
1202 -147.556
1203 -147.664
1204 -146.709
1205 -148.404
1206 -147.616
1207 -147.616
1208 -148.113
1209 -147.608
1210 -146.934
1211 -146.48
1212 -147.221
1213 -145.921
1214 -147.485
1215 -146.716
1216 -147.585
1217 -145.634
1218 -145.288
1219 -146.146
1220 -147.603
1221 -147.564
1222 -145.489
1223 -146.231
1224 -145.446
1225 -144.565
1226 -146.338
1227 -145.837
1228 -147.114
1229 -146.938
1230 -147.471
1231 -147.125
1232 -145.168
1233 -147.221
1234 -149.122
1235 -145.354
1236 -144.772
1237 -146.062
1238 -146.853
1239 -146.985
1240 -145.711
1241 -146.978
1242 -146.803
1243 -146.913
1244 -146.93
1245 -148.277
1246 -146.136
1247 -146.547
1248 -146.349
1249 -146.639
1250 -147.365
1251 -145.281
1252 -148.065
1253 -147.008
1254 -147.954
1255 -146.759
1256 -147.713
1257 -147.737
1258 -146.385
1259 -145.986
1260 -146.687
1261 -146.017
1262 -146.217
1263 -145.621
1264 -146.951
1265 -146.067
1266 -145.982
1267 -147.12
1268 -147.381
1269 -143.871
1270 -146.61
1271 -147.662
1272 -146.37
1273 -144.432
1274 -146.003
1275 -146.118
1276 -145.335
1277 -146.061
1278 -146.099
1279 -147.214
1280 -146.449
1281 -146.19
1282 -147.51
1283 -144.785
1284 -145.214
1285 -147.03
1286 -144.493
1287 -146.035
1288 -145.48
1289 -147.654
1290 -145.935
1291 -146.112
1292 -147.031
1293 -148.333
1294 -147.519
1295 -146.58
1296 -146.29
1297 -146.745
1298 -147.283
1299 -148.073
1300 -146.925
1301 -146.761
1302 -146.744
1303 -146.52
1304 -147.329
1305 -146.677
1306 -146.057
1307 -147.13
1308 -145.911
1309 -146.443
1310 -145.447
1311 -145.161
1312 -146.687
1313 -147.675
1314 -147.224
1315 -147.014
1316 -146.512
1317 -147.351
1318 -144.998
1319 -146.023
1320 -145.828
1321 -145.575
1322 -146.381
1323 -146.646
1324 -147.513
1325 -146.454
1326 -146.25
1327 -146.519
1328 -147.939
1329 -145.72
1330 -145.009
1331 -145.004
1332 -146.056
1333 -146.013
1334 -145.916
1335 -145.33
1336 -146.993
1337 -146.189
1338 -145.534
1339 -147.557
1340 -147.17
1341 -146.548
1342 -146.903
1343 -147.977
1344 -146.809
1345 -145.799
1346 -145.207
1347 -148.27
1348 -146.78
1349 -146.462
1350 -144.809
1351 -146.147
1352 -146.318
1353 -147.942
1354 -145.788
1355 -146.303
1356 -146.562
1357 -145.557
1358 -146.85
1359 -145.958
1360 -145.68
1361 -147.592
1362 -146.585
1363 -145.355
1364 -144.906
1365 -147.296
1366 -146.65
1367 -145.495
1368 -145.96
1369 -147.327
1370 -145.842
1371 -146.974
1372 -146.656
1373 -146.033
1374 -145.522
1375 -145.155
1376 -145.228
1377 -145.116
1378 -143.905
1379 -143.643
1380 -144.942
1381 -147.727
1382 -146.64
1383 -145.688
1384 -146.628
1385 -147.531
1386 -148.766
1387 -147.197
1388 -146.264
1389 -146.628
1390 -145.277
1391 -144.948
1392 -146.621
1393 -146.117
1394 -147.119
1395 -146.689
1396 -147.767
1397 -147.754
1398 -147.668
1399 -147.104
1400 -146.331
1401 -144.957
1402 -145.101
1403 -145.095
1404 -145.313
1405 -146.066
1406 -147.344
1407 -145.107
1408 -145.614
1409 -145.884
1410 -146.737
1411 -145.656
1412 -146.434
1413 -145.269
1414 -145.976
1415 -144.782
1416 -145.015
1417 -144.7
1418 -145.596
1419 -146.526
1420 -145.654
1421 -147.018
1422 -144.813
1423 -144.903
1424 -145.733
1425 -143.898
1426 -144.323
1427 -143.922
1428 -145.233
1429 -145.618
1430 -147.335
1431 -146.886
1432 -145.291
1433 -145.8
1434 -145.641
1435 -147.209
1436 -147.953
1437 -146.818
1438 -146.015
1439 -145.657
1440 -145.978
1441 -146.184
1442 -147.565
1443 -146.368
1444 -147.014
1445 -147.273
1446 -146.301
1447 -146.362
1448 -146.246
1449 -145.937
1450 -145.697
1451 -145.256
1452 -146.574
1453 -145.787
1454 -145.627
1455 -145.349
1456 -145.948
1457 -144.843
1458 -145.842
1459 -146.538
1460 -144.935
1461 -145.434
1462 -145.605
1463 -146.409
1464 -145.578
1465 -144.668
1466 -145.527
1467 -145.237
1468 -144.057
1469 -144.664
1470 -144.802
1471 -144.297
1472 -144.243
1473 -143.284
1474 -145.759
1475 -144.788
1476 -146.761
1477 -145.805
1478 -147.265
1479 -146.396
1480 -146.849
1481 -146.53
1482 -146.029
1483 -146.452
1484 -145.975
1485 -146.417
1486 -145.662
1487 -145.647
1488 -145.487
1489 -145.814
1490 -147.25
1491 -146.673
1492 -147.494
1493 -145.277
1494 -144.897
1495 -145.649
1496 -144.479
1497 -145.382
1498 -145.733
1499 -145.364
1500 -144.88
1501 -144.859
1502 -143.919
1503 -145.574
1504 -145.51
1505 -144.824
1506 -143.435
1507 -144.615
1508 -145.242
1509 -145.028
1510 -144.696
1511 -144.071
1512 -144.993
1513 -145.588
1514 -144.58
1515 -143.518
1516 -145.435
1517 -145.097
1518 -144.324
1519 -143.912
1520 -143.795
1521 -144.876
1522 -144.256
1523 -145.42
1524 -146.481
1525 -145.832
1526 -146.762
1527 -145.491
1528 -144.829
1529 -146.078
1530 -144.618
1531 -143.732
1532 -144.779
1533 -144.582
1534 -145.483
1535 -143.558
1536 -144.752
1537 -143.83
1538 -142.628
1539 -143.468
1540 -143.386
1541 -142.471
1542 -142.225
1543 -140.173
1544 -140.531
1545 -139.904
1546 -140.81
1547 -138.794
1548 -141.271
1549 -138.296
1550 -138.636
1551 -138.157
1552 -137.858
1553 -135.862
1554 -136.207
1555 -134.955
1556 -133.935
1557 -133.986
1558 -133.229
1559 -134.2
1560 -131.798
1561 -133.011
1562 -132.264
1563 -132.14
1564 -132.061
1565 -131.711
1566 -132.392
1567 -130.603
1568 -130.197
1569 -129.806
1570 -131.791
1571 -127.63
1572 -129.2
1573 -129.971
1574 -129.327
1575 -130.395
1576 -131.375
1577 -128.466
1578 -129.299
1579 -128.879
1580 -128.768
1581 -127.831
1582 -128.577
1583 -127.588
1584 -127.27
1585 -127.247
1586 -126.58
1587 -126.003
1588 -128.881
1589 -127.135
1590 -127.708
1591 -127.641
1592 -126.768
1593 -128.861
1594 -125.743
1595 -124.389
1596 -125.38
1597 -125.44
1598 -125.666
1599 -122.762
1600 -121.55
1601 -122.162
1602 -121.075
1603 -121.997
1604 -121.367
1605 -122.098
1606 -122.267
1607 -122.611
1608 -122.047
1609 -124.329
1610 -120.562
1611 -120.73
1612 -121.174
1613 -121.097
1614 -121.066
1615 -121.095
1616 -121.865
1617 -122.426
1618 -121.659
1619 -122.15
1620 -122.049
1621 -122.488
1622 -122.621
1623 -121.997
1624 -123.234
1625 -122.805
1626 -124.049
1627 -124.118
1628 -125.744
1629 -126.506
1630 -127.312
1631 -127.728
1632 -127.678
1633 -128.663
1634 -128.096
1635 -129.009
1636 -129.227
1637 -129.116
1638 -130.323
1639 -130.22
1640 -131.009
1641 -130.853
1642 -131.628
1643 -131.538
1644 -132.459
1645 -132.407
1646 -134.008
1647 -132.818
1648 -132.533
1649 -133.155
1650 -134.029
1651 -134.522
1652 -134.826
1653 -134.939
1654 -134.353
1655 -134.968
1656 -133.229
1657 -135.063
1658 -136.33
1659 -134.653
1660 -134.411
1661 -135.797
1662 -136.996
1663 -136.816
1664 -136.907
1665 -135.709
1666 -138.51
1667 -137.195
1668 -135.893
1669 -137.249
1670 -134.771
1671 -134.901
1672 -135.117
1673 -135.188
1674 -135.919
1675 -135.429
1676 -134.925
1677 -135.065
1678 -135.078
1679 -135.309
1680 -134.306
1681 -135.629
1682 -134.931
1683 -134.465
1684 -135.971
1685 -136.399
1686 -135.291
1687 -137.93
1688 -135.936
1689 -136.787
1690 -135.825
1691 -137.456
1692 -135.903
1693 -135.815
1694 -137.214
1695 -136.018
1696 -136.598
1697 -136.618
1698 -137.118
1699 -137.196
1700 -137.563
1701 -137.654
1702 -136.01
1703 -135.937
1704 -138.083
1705 -138.596
1706 -137.549
1707 -136.738
1708 -135.996
1709 -137.295
1710 -137.868
1711 -138.496
1712 -139.878
1713 -137.072
1714 -137.297
1715 -136.958
1716 -135.839
1717 -135.984
1718 -136.833
1719 -135.388
1720 -136.577
1721 -135.782
1722 -136.384
1723 -135.697
1724 -135.583
1725 -137.482
1726 -136.882
1727 -135.933
1728 -136.537
1729 -135.162
1730 -137.406
1731 -136.31
1732 -136.232
1733 -137.839
1734 -137.645
1735 -136.768
1736 -136.975
1737 -137.007
1738 -136.454
1739 -137.935
1740 -135.035
1741 -137.138
1742 -137.239
1743 -138.27
1744 -135.577
1745 -138.019
1746 -138.363
1747 -138.211
1748 -137.902
1749 -137.367
1750 -135.989
1751 -135.375
1752 -137.501
1753 -137.593
1754 -137.866
1755 -137.183
1756 -136.709
1757 -137.492
1758 -138.359
1759 -138.767
1760 -137.686
1761 -136.388
1762 -137.828
1763 -137.184
1764 -136.991
1765 -135.793
1766 -135.842
1767 -135.511
1768 -134.934
1769 -136.337
1770 -137.37
1771 -135.997
1772 -135.193
1773 -135.304
1774 -135.765
1775 -135.819
1776 -135.725
1777 -136.085
1778 -137.183
1779 -137.073
1780 -138.005
1781 -137.92
1782 -138.571
1783 -137.055
1784 -138.613
1785 -138.238
1786 -137.488
1787 -136.511
1788 -137.517
1789 -136.049
1790 -137.004
1791 -137.563
1792 -138.65
1793 -138.322
1794 -137.545
1795 -137.913
1796 -139.756
1797 -137.777
1798 -135.939
1799 -138.238
1800 -138.525
1801 -138.357
1802 -136.552
1803 -138.343
1804 -139.359
1805 -139.185
1806 -137.698
1807 -137.292
1808 -139.739
1809 -137.52
1810 -137.311
1811 -137.218
1812 -136.544
1813 -136.362
1814 -136.877
1815 -135.621
1816 -137.582
1817 -137.567
1818 -135.888
1819 -136.525
1820 -134.357
1821 -136.007
1822 -135.701
1823 -136.22
1824 -136.563
1825 -137.358
1826 -135.219
1827 -136.979
1828 -136.884
1829 -137.197
1830 -137.764
1831 -136.167
1832 -136.362
1833 -138.202
1834 -138.245
1835 -136.923
1836 -137.19
1837 -138.486
1838 -137.642
1839 -137.463
1840 -138.835
1841 -139.235
1842 -138.55
1843 -139.104
1844 -137.085
1845 -138.134
1846 -136.992
1847 -137.806
1848 -138.573
1849 -138.505
1850 -138.786
1851 -137.326
1852 -137.278
1853 -138.983
1854 -138.237
1855 -136.595
1856 -137.264
1857 -136.45
1858 -138.832
1859 -138.092
1860 -135.837
1861 -136.323
1862 -136.145
1863 -137.348
1864 -136.702
1865 -137.52
1866 -134.958
1867 -137.008
1868 -135.144
1869 -135.874
1870 -136.983
1871 -136.266
1872 -137.06
1873 -137.261
1874 -137.287
1875 -137.023
1876 -137.831
1877 -138.057
1878 -138.895
1879 -137.368
1880 -138.069
1881 -136.103
1882 -137.09
1883 -137.09
1884 -138.934
1885 -137.879
1886 -137.649
1887 -138.437
1888 -139.162
1889 -137.682
1890 -137.361
1891 -137.706
1892 -138.38
1893 -138.249
1894 -136.965
1895 -138.377
1896 -138.824
1897 -139.149
1898 -138.957
1899 -138.804
1900 -138.723
1901 -138.425
1902 -136.971
1903 -137.597
1904 -137.23
1905 -135.657
1906 -135.859
1907 -135.975
1908 -137.037
1909 -136.617
1910 -137.609
1911 -137.061
1912 -138.262
1913 -138.139
1914 -136.434
1915 -136.186
1916 -136.96
1917 -136.234
1918 -137.561
1919 -137.104
1920 -137.609
1921 -137.794
1922 -136.089
1923 -137.328
1924 -138.216
1925 -137.555
1926 -137.62
1927 -137.107
1928 -138.011
1929 -137.342
1930 -138.829
1931 -138.884
1932 -136.845
1933 -138.905
1934 -139.726
1935 -139.417
1936 -136.789
1937 -137.266
1938 -137.404
1939 -138.023
1940 -139.243
1941 -138.844
1942 -138.213
1943 -138.165
1944 -138.158
1945 -138.525
1946 -138.131
1947 -138.295
1948 -138.486
1949 -138.676
1950 -137.829
1951 -137.541
1952 -136.768
1953 -138.723
1954 -136.664
1955 -136.572
1956 -137.079
1957 -136.567
1958 -137.048
1959 -137.759
1960 -137.893
1961 -134.859
1962 -136.562
1963 -136.592
1964 -135.41
1965 -137.024
1966 -137.865
1967 -138.077
1968 -138.277
1969 -137.135
1970 -138.617
1971 -138.667
1972 -138.465
1973 -137.762
1974 -136.766
1975 -137.187
1976 -137.946
1977 -138.298
1978 -139.072
1979 -137.718
1980 -138.594
1981 -138.696
1982 -139.935
1983 -138.51
1984 -139.038
1985 -138.339
1986 -138.768
1987 -138.006
1988 -139.174
1989 -139.136
1990 -139.469
1991 -138.113
1992 -139.369
1993 -138.358
1994 -137.608
1995 -138.8
1996 -138.346
1997 -137.808
1998 -137.958
1999 -137.549
2000 -136.658
2001 -138.827
2002 -138.593
2003 -136.741
2004 -137.123
2005 -137.57
2006 -138.825
2007 -138.619
2008 -137.018
2009 -136.191
2010 -138.48
2011 -139.008
2012 -138.079
2013 -137.371
2014 -136.358
2015 -138.554
2016 -139.098
2017 -138.792
2018 -138.767
2019 -139.516
2020 -137.262
2021 -138.697
2022 -137.805
2023 -136.397
2024 -137.428
2025 -138.633
2026 -138.37
2027 -138.319
2028 -137.961
2029 -138.739
2030 -138.692
2031 -139.011
2032 -138.174
2033 -137.996
2034 -139.426
2035 -140.367
2036 -139.94
2037 -138.603
2038 -138.886
2039 -139.977
2040 -139.269
2041 -140.108
2042 -139.841
2043 -140.199
2044 -139.773
2045 -140.085
2046 -138.702
2047 -138.943
2048 -140.118
2049 -141.066
2050 -140.207
2051 -141.361
2052 -142.558
2053 -142.598
2054 -143.366
2055 -142.216
2056 -142.799
2057 -142.79
2058 -144.6
2059 -145.361
2060 -146.738
2061 -146.449
2062 -146.833
2063 -147.776
2064 -145.784
2065 -147.94
2066 -149.946
2067 -149.519
2068 -148.872
2069 -150.559
2070 -150.168
2071 -150.55
2072 -150.223
2073 -151.771
2074 -150.365
2075 -152.237
2076 -154.25
2077 -154.979
2078 -154.697
2079 -154.133
2080 -153.599
2081 -154.534
2082 -155.828
2083 -154.27
2084 -153.239
2085 -153.514
2086 -154.448
2087 -154.896
2088 -155.261
2089 -155.444
2090 -156.157
2091 -155.016
2092 -155.803
2093 -155.233
2094 -156.697
2095 -156.873
2096 -157.369
2097 -157.169
2098 -155.917
2099 -155.575
2100 -156.663
2101 -158.076
2102 -157.943
2103 -156.72
2104 -158.645
2105 -157.69
2106 -159.092
2107 -159.118
2108 -160.658
2109 -160.625
2110 -159.722
2111 -161.781
2112 -161.156
2113 -162.12
2114 -160.429
2115 -161.798
2116 -159.968
2117 -160.723
2118 -163.464
2119 -161.021
2120 -160.952
2121 -163.417
2122 -162.525
2123 -161.684
2124 -160.925
2125 -162.597
2126 -161.24
2127 -162.858
2128 -160.965
2129 -161.769
2130 -161.604
2131 -160.868
2132 -161.231
2133 -159.738
2134 -159.702
2135 -159.476
2136 -158.901
2137 -158.559
2138 -156.122
2139 -155.981
2140 -155.613
2141 -155.484
2142 -156.991
2143 -154.315
2144 -153.914
2145 -153.975
2146 -151.955
2147 -153.552
2148 -152.389
2149 -153.593
2150 -150.235
2151 -150.88
2152 -150.778
2153 -152.237
2154 -151.977
2155 -151.509
2156 -150.603
2157 -150.738
2158 -150.171
2159 -149.453
2160 -148.833
2161 -147.796
2162 -147.809
2163 -149.788
2164 -147.702
2165 -148.447
2166 -147.488
2167 -148.548
2168 -150.085
2169 -150.262
2170 -147.881
2171 -147.58
2172 -147.865
2173 -147.171
2174 -147.473
2175 -147.505
2176 -147.316
2177 -146.591
2178 -150.057
2179 -148.573
2180 -147.875
2181 -148.81
2182 -148.819
2183 -149.384
2184 -147.468
2185 -147.119
2186 -147.162
2187 -147.741
2188 -146.984
2189 -146.377
2190 -146.287
2191 -148.636
2192 -147.338
2193 -147.535
2194 -147.334
2195 -148.87
2196 -146.929
2197 -146.422
2198 -145.293
2199 -146.311
2200 -146.066
2201 -145.351
2202 -146.219
2203 -147.961
2204 -147.342
2205 -146.679
2206 -146.388
2207 -145.934
2208 -147.475
2209 -148.093
2210 -146.489
2211 -144.844
2212 -145.632
2213 -147.118
2214 -147.518
2215 -146.282
2216 -146.059
2217 -147.475
2218 -146.905
2219 -147.45
2220 -146.499
2221 -146.876
2222 -147.022
2223 -146.37
2224 -147.27
2225 -147.033
2226 -147.11
2227 -148.003
2228 -145.292
2229 -147.035
2230 -148.551
2231 -147.358
2232 -146.31
2233 -146.228
2234 -146.987
2235 -146.992
2236 -147.292
2237 -148.334
2238 -148.281
2239 -146.349
2240 -146.689
2241 -147.394
2242 -147.347
2243 -146.703
2244 -146.817
2245 -145.985
2246 -145.473
2247 -145.838
2248 -145.965
2249 -146.236
2250 -145.955
2251 -146.898
2252 -146.576
2253 -145.864
2254 -146.302
2255 -144.727
2256 -145.808
2257 -146.303
2258 -145.983
2259 -145.471
2260 -145.749
2261 -145.159
2262 -145.638
2263 -147.262
2264 -147.945
2265 -147.176
2266 -146.695
2267 -147.035
2268 -147.178
2269 -146.123
2270 -147.233
2271 -146.825
2272 -145.964
2273 -146.152
2274 -146.938
2275 -148.441
2276 -146.781
2277 -147.239
2278 -147.687
2279 -147.769
2280 -148.344
2281 -146.598
2282 -145.876
2283 -146.764
2284 -146.756
2285 -146.134
2286 -146.6
2287 -145.659
2288 -145.822
2289 -146.544
2290 -146.645
2291 -144.492
2292 -145.729
2293 -146.015
2294 -146.351
2295 -146.991
2296 -146.245
2297 -145.76
2298 -147.27
2299 -146.9
2300 -146.84
2301 -146.958
2302 -144.204
2303 -144.433
2304 -144.096
2305 -144.503
2306 -145.563
2307 -146.075
2308 -145.768
2309 -147.357
2310 -146.217
2311 -145.835
2312 -145.622
2313 -149.126
2314 -147.663
2315 -146.063
2316 -144.649
2317 -147.972
2318 -147.205
2319 -146.083
2320 -146.128
2321 -146.787
2322 -147.373
2323 -148.046
2324 -146.839
2325 -146.645
2326 -146.859
2327 -145.868
2328 -145.949
2329 -146.473
2330 -145.262
2331 -145.652
2332 -146.817
2333 -145.933
2334 -145.084
2335 -146.318
2336 -145.831
2337 -146.292
2338 -146.255
2339 -145.483
2340 -144.834
2341 -145.041
2342 -146.885
2343 -145.795
2344 -143.601
2345 -147.01
2346 -146.526
2347 -145.467
2348 -146.372
2349 -147.063
2350 -146.836
2351 -146.461
2352 -144.904
2353 -144.924
2354 -145.448
2355 -145.459
2356 -146.312
2357 -146.802
2358 -147.207
2359 -145.926
2360 -148.188
2361 -146.981
2362 -145.886
2363 -146.443
2364 -146.914
2365 -146.418
2366 -144.717
2367 -145.761
2368 -146.481
2369 -145.02
2370 -147.772
2371 -146.086
2372 -148.073
2373 -146.618
2374 -145.47
2375 -146.724
2376 -145.057
2377 -147.282
2378 -146.198
2379 -146.421
2380 -144.887
2381 -145.381
2382 -144.699
2383 -143.492
2384 -144.878
2385 -144.581
2386 -146.862
2387 -145.248
2388 -145.256
2389 -145.481
2390 -145.048
2391 -144.884
2392 -146.287
2393 -145.122
2394 -144.873
2395 -145.376
2396 -146.115
2397 -145.946
2398 -145.581
2399 -145.741
2400 -144.398
2401 -144.493
2402 -147.417
2403 -146.709
2404 -148.663
2405 -146.974
2406 -147.101
2407 -146.323
2408 -146.248
2409 -145.603
2410 -146.55
2411 -145.548
2412 -147.024
2413 -146.124
2414 -146.39
2415 -145.817
2416 -146.734
2417 -146.667
2418 -146.736
2419 -145.899
2420 -145.034
2421 -144.871
2422 -145.002
2423 -145.687
2424 -144.724
2425 -145.388
2426 -146.148
2427 -145.755
2428 -145.848
2429 -144.868
2430 -145.972
2431 -144.219
2432 -144.071
2433 -143.279
2434 -145.77
2435 -144.838
2436 -144.19
2437 -143.536
2438 -144.007
2439 -144.312
2440 -146.59
2441 -144.631
2442 -145.477
2443 -145.908
2444 -145.376
2445 -144.667
2446 -145.082
2447 -144.694
2448 -144.738
2449 -145.988
2450 -145.411
2451 -144.886
2452 -145.968
2453 -146.263
2454 -147.815
2455 -145.885
2456 -144.688
2457 -144.812
2458 -144.116
2459 -144.251
2460 -145.779
2461 -146.402
2462 -146.747
2463 -145.907
2464 -146.982
2465 -145.592
2466 -146.666
2467 -146.022
2468 -146.797
2469 -145.445
2470 -145.899
2471 -143.416
2472 -145.231
2473 -145.989
2474 -145.464
2475 -145.781
2476 -146.53
2477 -144.727
2478 -144.669
2479 -144.728
2480 -144.644
2481 -145.368
2482 -143.778
2483 -145.418
2484 -144.262
2485 -144.374
2486 -143.045
2487 -144.987
2488 -145.706
2489 -144.557
2490 -144.916
2491 -144.784
2492 -144.819
2493 -144.148
2494 -144.629
2495 -143.706
2496 -145.758
2497 -145.395
2498 -144.456
2499 -145.731
2500 -145.863
2501 -145.732
2502 -145.121
2503 -144.014
2504 -145.449
2505 -144.731
2506 -144.673
2507 -146.132
2508 -144.458
2509 -146.297
2510 -146.045
2511 -145.43
2512 -144.553
2513 -146.572
2514 -146.331
2515 -143.454
2516 -144.536
2517 -143.484
2518 -145.725
2519 -144.667
2520 -146.674
2521 -143.575
2522 -144.357
2523 -145.418
2524 -145.098
2525 -143.57
2526 -143.909
2527 -144.073
2528 -143.825
2529 -142.431
2530 -145.737
2531 -144.65
2532 -145.021
2533 -143.998
2534 -144.288
2535 -146.587
2536 -145.111
2537 -144.139
2538 -144.029
2539 -142.848
2540 -143.682
2541 -144.429
2542 -145.54
2543 -146.236
2544 -145.858
2545 -145.418
2546 -146.849
2547 -145.599
2548 -146.613
2549 -145.032
2550 -144.593
2551 -144.688
2552 -143.643
2553 -143.242
2554 -143.412
2555 -143.28
2556 -145.097
2557 -145.299
2558 -143.31
2559 -143.332
2560 -143.455
2561 -141.887
2562 -141.812
2563 -140.648
2564 -139.54
2565 -138.47
2566 -139.667
2567 -138.183
2568 -137.064
2569 -137.592
2570 -138.757
2571 -137.503
2572 -136.143
2573 -136.974
2574 -135.948
2575 -133.898
2576 -135.175
2577 -134.424
2578 -134.95
2579 -133.778
2580 -131.25
2581 -132.63
2582 -132.895
2583 -132.841
2584 -132.981
2585 -130.646
2586 -131.597
2587 -130.637
2588 -130.866
2589 -129.389
2590 -130.475
2591 -129.571
2592 -128.358
2593 -130.497
2594 -128.667
2595 -129.275
2596 -129.7
2597 -129.178
2598 -129.177
2599 -127.256
2600 -129.018
2601 -127.87
2602 -127.147
2603 -127.178
2604 -126.83
2605 -126.232
2606 -126.014
2607 -128.686
2608 -127.301
2609 -127.638
2610 -128.568
2611 -125.832
2612 -126.483
2613 -126.665
2614 -125.762
2615 -125.09
2616 -123.311
2617 -124.131
2618 -123.916
2619 -124.006
2620 -124.031
2621 -121.695
2622 -122.414
2623 -120.88
2624 -120.874
2625 -121.778
2626 -121.344
2627 -119.779
2628 -120.076
2629 -121.083
2630 -121.072
2631 -120.994
2632 -121.259
2633 -119.544
2634 -120.454
2635 -121.5
2636 -121.584
2637 -120.21
2638 -120.357
2639 -120.885
2640 -122.11
2641 -122.68
2642 -123.884
2643 -124.102
2644 -123.09
2645 -123.077
2646 -123.141
2647 -124.485
2648 -124.923
2649 -125.995
2650 -125.904
2651 -127.335
2652 -127.563
2653 -127.789
2654 -127.592
2655 -128.877
2656 -128.297
2657 -128.525
2658 -130.671
2659 -130.48
2660 -131.705
2661 -131.105
2662 -131.695
2663 -131.031
2664 -133.099
2665 -131.549
2666 -132.497
2667 -132.899
2668 -134.165
2669 -132.934
2670 -132.936
2671 -132.936
2672 -134.578
2673 -134.803
2674 -135.35
2675 -134.696
2676 -134.746
2677 -134.341
2678 -135.277
2679 -134.634
2680 -136.807
2681 -135.362
2682 -136.727
2683 -136.503
2684 -136.515
2685 -137.362
2686 -138.397
2687 -136.729
2688 -136.664
2689 -135.872
2690 -137.106
2691 -136.171
2692 -133.918
2693 -134.003
2694 -134.583
2695 -136.658
2696 -135.274
2697 -136.562
2698 -134.949
2699 -134.923
2700 -133.793
2701 -135.196
2702 -135.764
2703 -135.698
2704 -134.62
2705 -135.645
2706 -135.577
2707 -136.856
2708 -135.977
2709 -134.068
2710 -137.065
2711 -136.805
2712 -136.514
2713 -134.811
2714 -136.814
2715 -135.649
2716 -136.001
2717 -135.391
2718 -136.795
2719 -135.825
2720 -137.662
2721 -136.076
2722 -136.321
2723 -136.933
2724 -135.862
2725 -137.979
2726 -136.689
2727 -138.167
2728 -137.413
2729 -136.839
2730 -136.554
2731 -137.843
2732 -137.984
2733 -137.606
2734 -137.566
2735 -137.86
2736 -136.142
2737 -137.045
2738 -137.076
2739 -135.555
2740 -136.27
2741 -135.867
2742 -135.299
2743 -135.598
2744 -136.669
2745 -136.148
2746 -135.826
2747 -135.778
2748 -136.573
2749 -136.338
2750 -137.064
2751 -136.181
2752 -136.727
2753 -138.459
2754 -137.916
2755 -137.781
2756 -137.398
2757 -136.801
2758 -137.075
2759 -137.01
2760 -137.009
2761 -136.028
2762 -135.302
2763 -137.733
2764 -137.666
2765 -137.816
2766 -136.133
2767 -138.046
2768 -137.001
2769 -138.034
2770 -137.799
2771 -137.655
2772 -136.989
2773 -138.225
2774 -138.863
2775 -137.352
2776 -137.34
2777 -136.731
2778 -137.061
2779 -139.689
2780 -139.104
2781 -138.22
2782 -137.449
2783 -138.055
2784 -135.663
2785 -136.919
2786 -135.851
2787 -136.582
2788 -136.811
2789 -136.252
2790 -136.881
2791 -135.872
2792 -136.649
2793 -136.186
2794 -135.668
2795 -136.496
2796 -136.462
2797 -136.897
2798 -137.664
2799 -136.467
2800 -136.427
2801 -135.328
2802 -137.48
2803 -136.062
2804 -136.944
2805 -138.9
2806 -138.667
2807 -138.796
2808 -138.083
2809 -137.283
2810 -137.065
2811 -137.869
2812 -138.666
2813 -136.85
2814 -138.249
2815 -137.855
2816 -136.878
2817 -138.572
2818 -137.119
2819 -137.386
2820 -137.396
2821 -136.765
2822 -137.533
2823 -136.742
2824 -138.669
2825 -137.597
2826 -138.458
2827 -136.447
2828 -138.036
2829 -136.2
2830 -137.065
2831 -136.49
2832 -136.757
2833 -135.756
2834 -136.723
2835 -135.257
2836 -138.036
2837 -137.24
2838 -137.896
2839 -136.162
2840 -136.181
2841 -134.924
2842 -136.409
2843 -136.148
2844 -136.504
2845 -136.691
2846 -137.536
2847 -137.063
2848 -136.145
2849 -135.198
2850 -137.612
2851 -137.641
2852 -136.585
2853 -137.023
2854 -137.908
2855 -138.056
2856 -138.023
2857 -136.992
2858 -137.792
2859 -138.133
2860 -138.482
2861 -139.271
2862 -138.595
2863 -138.867
2864 -137.826
2865 -137.621
2866 -136.952
2867 -136.951
2868 -137.743
2869 -139.353
2870 -136.477
2871 -137.891
2872 -137.569
2873 -138.183
2874 -138.963
2875 -138.7
2876 -137.419
2877 -139.411
2878 -136.995
2879 -137.207
2880 -135.496
2881 -136.174
2882 -136.452
2883 -136.479
2884 -136.835
2885 -136.327
2886 -136.501
2887 -136.559
2888 -136.383
2889 -136.463
2890 -137.511
2891 -136.319
2892 -137.451
2893 -137.642
2894 -137.646
2895 -136.265
2896 -136.648
2897 -135.048
2898 -136.208
2899 -138.257
2900 -137.467
2901 -136.798
2902 -138.367
2903 -137.79
2904 -136.496
2905 -135.907
2906 -139.727
2907 -136.986
2908 -138.974
2909 -138.499
2910 -138.213
2911 -137.317
2912 -139.122
2913 -138.253
2914 -137.962
2915 -139.343
2916 -139.408
2917 -138.388
2918 -138.966
2919 -137.633
2920 -140.544
2921 -139.295
2922 -139.354
2923 -139.609
2924 -138.069
2925 -136.603
2926 -138.123
2927 -135.589
2928 -138.21
2929 -137.827
2930 -136.378
2931 -137.543
2932 -138.775
2933 -138.516
2934 -135.996
2935 -137.588
2936 -137.048
2937 -136.194
2938 -136.396
2939 -136.68
2940 -137.415
2941 -138.239
2942 -138.04
2943 -136.801
2944 -137.852
2945 -138.22
2946 -137.873
2947 -139.941
2948 -137.874
2949 -138.422
2950 -139.044
2951 -138.285
2952 -137.957
2953 -137.603
2954 -138.856
2955 -139.646
2956 -139.268
2957 -138.452
2958 -138.401
2959 -138.482
2960 -137.185
2961 -136.883
2962 -137.588
2963 -138.975
2964 -139.415
2965 -137.51
2966 -138.201
2967 -137.805
2968 -139.581
2969 -137.013
2970 -139.229
2971 -139.643
2972 -138.461
2973 -138.281
2974 -137.53
2975 -136.887
2976 -136.224
2977 -136.553
2978 -136.895
2979 -137.045
2980 -135.989
2981 -136.708
2982 -137.365
2983 -138.735
2984 -138.368
2985 -136.286
2986 -135.79
2987 -136.992
2988 -137.575
2989 -136.662
2990 -137.205
2991 -138.419
2992 -138.202
2993 -137.518
2994 -137.143
2995 -137.61
2996 -138.126
2997 -139.393
2998 -137.882
2999 -138.168
3000 -137.118
3001 -138.196
3002 -139.499
3003 -140.084
3004 -138.358
3005 -137.52
3006 -138.29
3007 -137.481
3008 -137.746
3009 -138.13
3010 -138.312
3011 -138.641
3012 -139.024
3013 -138.514
3014 -138.78
3015 -138.924
3016 -140.14
3017 -137.297
3018 -138.154
3019 -137.895
3020 -137.706
3021 -137.94
3022 -137.822
3023 -137.574
3024 -137.814
3025 -137.981
3026 -138.124
3027 -137.835
3028 -137.753
3029 -137.654
3030 -138.294
3031 -138.206
3032 -138.009
3033 -135.718
3034 -138.868
3035 -138.318
3036 -138.45
3037 -138.694
3038 -138.124
3039 -138.412
3040 -139.832
3041 -137.579
3042 -138.143
3043 -138.984
3044 -139.477
3045 -137.683
3046 -137.657
3047 -138.581
3048 -138.352
3049 -139.024
3050 -139.567
3051 -138.88
3052 -137.51
3053 -138.464
3054 -137.425
3055 -140.265
3056 -139.316
3057 -139.44
3058 -139.825
3059 -140.139
3060 -140.404
3061 -139.104
3062 -139.859
3063 -141.058
3064 -140.197
3065 -140.728
3066 -141.037
3067 -139.709
3068 -139.843
3069 -140.15
3070 -140.923
3071 -142.476
3072 -142.328
3073 -143.03
3074 -140.697
3075 -141.567
3076 -141.038
3077 -144.594
3078 -144.234
3079 -145.634
3080 -145.108
3081 -146.452
3082 -146.068
3083 -147.804
3084 -146.822
3085 -148.7
3086 -149.89
3087 -149.31
3088 -151.281
3089 -149.91
3090 -151.119
3091 -150.63
3092 -150.615
3093 -149.902
3094 -151.173
3095 -152.559
3096 -152.439
3097 -152.995
3098 -152.61
3099 -152.641
3100 -153.546
3101 -152.732
3102 -152.949
3103 -153.553
3104 -153.499
3105 -153.265
3106 -153.362
3107 -152.3
3108 -152.548
3109 -152.714
3110 -151.716
3111 -151.703
3112 -152.17
3113 -150.967
3114 -151.508
3115 -150.385
3116 -150.764
3117 -150.461
3118 -150.252
3119 -148.655
3120 -149.389
3121 -149.658
3122 -148.65
3123 -148.42
3124 -148.004
3125 -149.256
3126 -145.85
3127 -146.898
3128 -145.836
3129 -147.432
3130 -145.735
3131 -145.138
3132 -145.96
3133 -144.138
3134 -144.864
3135 -144.455
3136 -142.836
3137 -144.057
3138 -144.787
3139 -141.992
3140 -143.978
3141 -143.288
3142 -142.965
3143 -142.731
3144 -142.838
3145 -142.775
3146 -142.398
3147 -142.678
3148 -142.142
3149 -142.991
3150 -143.338
3151 -143.482
3152 -143.263
3153 -141.216
3154 -139.468
3155 -141.519
3156 -141.343
3157 -142.324
3158 -142.449
3159 -142.476
3160 -142.093
3161 -141.38
3162 -141.549
3163 -140.91
3164 -141.103
3165 -140.408
3166 -141.689
3167 -140.831
3168 -142.402
3169 -142.592
3170 -141.847
3171 -140.123
3172 -140.351
3173 -143.297
3174 -143.363
3175 -142.446
3176 -140.404
3177 -140.12
3178 -142.056
3179 -141.063
3180 -142.387
3181 -140.933
3182 -141.851
3183 -141.533
3184 -141.548
3185 -140.707
3186 -140.082
3187 -140.351
3188 -141.231
3189 -140.686
3190 -140.836
3191 -140.975
3192 -140.029
3193 -141.396
3194 -140.858
3195 -141.434
3196 -141.168
3197 -140.952
3198 -140.939
3199 -141.397
3200 -141.786
3201 -140.427
3202 -140.942
3203 -141.231
3204 -141.123
3205 -140.6
3206 -141.585
3207 -142.723
3208 -140.385
3209 -140.497
3210 -141.727
3211 -142.158
3212 -142.231
3213 -140.762
3214 -141.072
3215 -141.721
3216 -140.552
3217 -141.286
3218 -140.996
3219 -142.999
3220 -141.665
3221 -140.347
3222 -140.293
3223 -140.522
3224 -141.513
3225 -140.264
3226 -140.723
3227 -142.539
3228 -141.09
3229 -140.446
3230 -139.526
3231 -141.251
3232 -140.519
3233 -140.952
3234 -141.415
3235 -140.622
3236 -140.395
3237 -140.661
3238 -141.028
3239 -140.218
3240 -141.39
3241 -142.412
3242 -141.084
3243 -141.142
3244 -140.711
3245 -140.778
3246 -139.536
3247 -140.215
3248 -140.827
3249 -141.741
3250 -142.039
3251 -140.914
3252 -140.067
3253 -142.031
3254 -141.794
3255 -142.215
3256 -141.403
3257 -141.193
3258 -141.804
3259 -141.285
3260 -139.937
3261 -141.675
3262 -139.7
3263 -140.555
3264 -141.578
3265 -141.247
3266 -140.975
3267 -141.56
3268 -140.55
3269 -142.546
3270 -141.859
3271 -141.85
3272 -141.84
3273 -140.558
3274 -142.328
3275 -140.858
3276 -140.982
3277 -141.005
3278 -142.219
3279 -142.908
3280 -141.078
3281 -140.103
3282 -142.186
3283 -140.403
3284 -140.062
3285 -139.863
3286 -141.514
3287 -141.141
3288 -140.898
3289 -141.534
3290 -141.191
3291 -140.882
3292 -141.071
3293 -140.997
3294 -141.953
3295 -140.677
3296 -140.921
3297 -141.702
3298 -141.244
3299 -142.074
3300 -141.415
3301 -141.09
3302 -142.721
3303 -142.683
3304 -140.767
3305 -141.09
3306 -140.809
3307 -140.367
3308 -139.71
3309 -141.712
3310 -142.492
3311 -141.138
3312 -140.962
3313 -140.593
3314 -140.669
3315 -141.754
3316 -141.781
3317 -141.856
3318 -143.131
3319 -141.966
3320 -141.377
3321 -141.042
3322 -141.162
3323 -140.264
3324 -140.708
3325 -141.475
3326 -141.896
3327 -141.792
3328 -140.736
3329 -141.87
3330 -142.392
3331 -143.188
3332 -141.466
3333 -141.89
3334 -142.111
3335 -142.184
3336 -141.977
3337 -141.254
3338 -140.438
3339 -142.515
3340 -140.617
3341 -139.629
3342 -140.051
3343 -141.53
3344 -141.54
3345 -140.282
3346 -140.659
3347 -141.054
3348 -140.533
3349 -140.802
3350 -141.68
3351 -142.158
3352 -140.552
3353 -141.768
3354 -140.377
3355 -141.15
3356 -140.993
3357 -140.967
3358 -141.206
3359 -141.607
3360 -140.869
3361 -140.365
3362 -141.235
3363 -141.487
3364 -142.806
3365 -142.444
3366 -142.329
3367 -140.091
3368 -142.434
3369 -140.552
3370 -140.584
3371 -141.564
3372 -140.439
3373 -141.16
3374 -141.432
3375 -141.227
3376 -141.265
3377 -141.525
3378 -141.929
3379 -141.953
3380 -141.519
3381 -140.507
3382 -140.088
3383 -140.681
3384 -140.461
3385 -140.762
3386 -140.089
3387 -140.346
3388 -141.727
3389 -140.386
3390 -141.308
3391 -140.462
3392 -141.366
3393 -142.942
3394 -142.846
3395 -141.737
3396 -140.806
3397 -141.554
3398 -141.6
3399 -141.854
