0 -113.64
1 -113.64
2 -113.65
3 -113.64
4 -113.612
5 -113.578
6 -113.551
7 -113.546
8 -113.549
9 -113.563
10 -113.553
11 -113.537
12 -113.538
13 -113.543
14 -113.558
15 -113.575
16 -113.583
17 -113.602
18 -113.61
19 -113.6
20 -113.593
21 -113.593
22 -113.604
23 -113.621
24 -113.636
25 -113.639
26 -113.631
27 -114.049
28 -114.612
29 -114.69
30 -114.685
31 -114.787
32 -115.244
33 -115.899
34 -116.544
35 -117.086
36 -117.507
37 -117.948
38 -118.435
39 -118.993
40 -119.616
41 -120.313
42 -120.94
43 -121.458
44 -121.883
45 -122.313
46 -122.842
47 -123.563
48 -124.401
49 -125.221
50 -125.865
51 -126.283
52 -126.638
53 -127.097
54 -127.758
55 -128.598
56 -129.535
57 -130.501
58 -131.261
59 -131.79
60 -132.221
61 -132.582
62 -133.029
63 -133.446
64 -133.826
65 -133.982
66 -134.05
67 -134.073
68 -134.032
69 -134.016
70 -134.03
71 -133.932
72 -133.753
73 -133.449
74 -133.159
75 -132.869
76 -132.625
77 -132.38
78 -131.999
79 -131.539
80 -131.024
81 -130.499
82 -130.081
83 -129.745
84 -129.395
85 -128.924
86 -128.317
87 -127.849
88 -127.449
89 -127.058
90 -126.492
91 -125.886
92 -125.273
93 -124.626
94 -124.005
95 -123.545
96 -123.359
97 -123.317
98 -123.401
99 -123.34
100 -123.16
101 -122.908
102 -122.469
103 -122.105
104 -121.583
105 -121.157
106 -121.073
107 -121.381
108 -121.821
109 -122.305
110 -122.781
111 -123.007
112 -123.005
113 -122.934
114 -122.911
115 -122.95
116 -122.92
117 -123.123
118 -123.297
119 -123.411
120 -123.404
121 -123.272
122 -123.109
123 -122.916
124 -122.683
125 -122.39
126 -122.04
127 -121.841
128 -121.848
129 -122.029
130 -122.244
131 -122.365
132 -122.366
133 -122.036
134 -121.463
135 -121.002
136 -120.572
137 -120.369
138 -120.416
139 -120.613
140 -120.814
141 -120.934
142 -120.951
143 -120.742
144 -120.435
145 -120.029
146 -119.683
147 -119.561
148 -119.831
149 -120.42
150 -121.048
151 -121.688
152 -122.03
153 -122.015
154 -121.91
155 -121.877
156 -121.94
157 -121.988
158 -122.205
159 -122.503
160 -122.737
161 -122.841
162 -122.771
163 -122.624
164 -122.42
165 -122.122
166 -121.721
167 -121.39
168 -121.24
169 -121.323
170 -121.618
171 -121.912
172 -122.018
173 -121.866
174 -121.498
175 -120.93
176 -120.419
177 -120.006
178 -119.949
179 -120.12
180 -120.428
181 -120.645
182 -120.7
183 -120.587
184 -120.373
185 -120.025
186 -119.572
187 -119.323
188 -119.402
189 -119.819
190 -120.515
191 -121.267
192 -121.868
193 -122.157
194 -122.124
195 -121.94
196 -121.776
197 -121.758
198 -121.885
199 -122.096
200 -122.396
201 -122.602
202 -122.619
203 -122.58
204 -122.446
205 -122.215
206 -121.948
207 -121.588
208 -121.297
209 -121.147
210 -121.308
211 -121.539
212 -121.845
213 -121.852
214 -121.553
215 -121.044
216 -120.491
217 -119.991
218 -119.67
219 -119.816
220 -120.108
221 -120.494
222 -120.725
223 -120.644
224 -120.264
225 -119.947
226 -119.629
227 -119.415
228 -119.333
229 -119.624
230 -120.177
231 -120.785
232 -121.382
233 -121.659
234 -121.7
235 -121.592
236 -121.504
237 -121.503
238 -121.529
239 -121.763
240 -122.089
241 -122.376
242 -122.577
243 -122.591
244 -122.494
245 -122.365
246 -122.127
247 -121.795
248 -121.439
249 -121.226
250 -121.189
251 -121.423
252 -121.753
253 -121.96
254 -121.859
255 -121.476
256 -120.968
257 -120.371
258 -119.891
259 -119.725
260 -119.94
261 -120.322
262 -120.598
263 -120.768
264 -120.602
265 -120.342
266 -120.027
267 -119.71
268 -119.451
269 -119.551
270 -119.991
271 -120.685
272 -121.43
273 -121.974
274 -122.126
275 -122.029
276 -121.973
277 -121.839
278 -121.757
279 -121.752
280 -121.982
281 -122.356
282 -122.661
283 -122.749
284 -122.585
285 -122.428
286 -122.273
287 -121.958
288 -121.611
289 -121.388
290 -121.29
291 -121.374
292 -121.625
293 -121.836
294 -121.805
295 -121.52
296 -121.044
297 -120.556
298 -120.107
299 -119.866
300 -119.94
301 -120.22
302 -120.514
303 -120.627
304 -120.528
305 -120.352
306 -120.079
307 -119.792
308 -119.557
309 -119.534
310 -119.846
311 -120.431
312 -121.174
313 -121.83
314 -122.211
315 -122.171
316 -122.008
317 -121.848
318 -121.778
319 -121.761
320 -121.994
321 -122.305
322 -122.666
323 -122.921
324 -122.862
325 -122.728
326 -122.512
327 -122.272
328 -121.905
329 -121.594
330 -121.444
331 -121.446
332 -121.593
333 -121.815
334 -121.983
335 -121.909
336 -121.579
337 -121.122
338 -120.594
339 -120.074
340 -119.839
341 -119.991
342 -120.306
343 -120.519
344 -120.585
345 -120.451
346 -120.236
347 -119.867
348 -119.598
349 -119.42
350 -119.508
351 -119.991
352 -120.636
353 -121.303
354 -121.822
355 -121.983
356 -121.976
357 -121.918
358 -121.81
359 -121.694
360 -121.7
361 -121.96
362 -122.318
363 -122.628
364 -122.68
365 -122.627
366 -122.517
367 -122.304
368 -121.927
369 -121.537
370 -121.306
371 -121.211
372 -121.378
373 -121.594
374 -121.806
375 -121.774
376 -121.523
377 -121.037
378 -120.592
379 -120.137
380 -119.896
381 -119.955
382 -120.165
383 -120.443
384 -120.55
385 -120.515
386 -120.282
387 -120.042
388 -119.759
389 -119.481
390 -119.456
391 -119.793
392 -120.384
393 -121.103
394 -121.802
395 -122.123
396 -122.107
397 -122.043
398 -121.987
399 -121.938
400 -121.936
401 -122.156
402 -122.395
403 -122.66
404 -122.808
405 -122.707
406 -122.579
407 -122.431
408 -122.145
409 -121.669
410 -121.301
411 -121.21
412 -121.319
413 -121.601
414 -121.815
415 -121.811
416 -121.584
417 -121.2
418 -120.7
419 -120.231
420 -119.809
421 -119.625
422 -119.728
423 -119.993
424 -120.299
425 -120.35
426 -120.166
427 -119.912
428 -119.542
429 -119.196
430 -118.98
431 -119.158
432 -119.735
433 -120.462
434 -121.059
435 -121.41
436 -121.316
437 -121.005
438 -120.628
439 -120.359
440 -120.119
441 -119.968
442 -119.928
443 -119.905
444 -119.738
445 -119.495
446 -119.1
447 -118.567
448 -117.857
449 -117.105
450 -116.25
451 -115.456
452 -114.848
453 -114.496
454 -114.269
455 -113.896
456 -113.456
457 -112.783
458 -112.043
459 -110.992
460 -109.941
461 -108.917
462 -108.124
463 -107.392
464 -106.906
465 -106.516
466 -106.352
467 -106.163
468 -106.007
469 -105.653
470 -105.328
471 -105.032
472 -104.937
473 -104.947
474 -105.089
475 -105.239
476 -105.356
477 -105.502
478 -105.657
479 -105.828
480 -106.043
481 -106.373
482 -106.764
483 -107.219
484 -107.564
485 -107.867
486 -108.166
487 -108.604
488 -109.058
489 -109.64
490 -110.18
491 -110.663
492 -111.069
493 -111.474
494 -111.869
495 -112.235
496 -112.562
497 -112.879
498 -113.246
499 -113.628
500 -113.949
501 -114.219
502 -114.376
503 -114.499
504 -114.606
505 -114.745
506 -114.957
507 -115.186
508 -115.376
509 -115.539
510 -115.712
511 -115.839
512 -115.966
513 -116.01
514 -116.056
515 -116.096
516 -116.207
517 -116.308
518 -116.455
519 -116.516
520 -116.509
521 -116.495
522 -116.541
523 -116.65
524 -116.798
525 -116.873
526 -116.928
527 -116.959
528 -116.997
529 -117.034
530 -117.066
531 -117.08
532 -117.072
533 -117.09
534 -117.118
535 -117.149
536 -117.178
537 -117.213
538 -117.243
539 -117.294
540 -117.331
541 -117.35
542 -117.337
543 -117.338
544 -117.324
545 -117.352
546 -117.376
547 -117.391
548 -117.4
549 -117.41
550 -117.399
551 -117.41
552 -117.395
553 -117.41
554 -117.405
555 -117.419
556 -117.4
557 -117.391
558 -117.38
559 -117.389
560 -117.36
561 -117.343
562 -117.294
563 -116.879
564 -116.1
565 -116.003
566 -116.06
567 -115.949
568 -115.421
569 -114.565
570 -113.707
571 -113.048
572 -112.626
573 -112.293
574 -111.91
575 -111.385
576 -110.768
577 -110.03
578 -109.285
579 -108.605
580 -108.044
581 -107.55
582 -107.026
583 -106.346
584 -105.616
585 -104.85
586 -104.112
587 -103.479
588 -102.859
589 -102.16
590 -101.488
591 -100.793
592 -100.02
593 -99.3666
594 -98.736
595 -98.1492
596 -97.6154
597 -97.0357
598 -96.596
599 -96.2433
600 -96.0155
601 -95.9616
602 -96.0403
603 -96.1858
604 -96.3363
605 -96.4917
606 -96.5613
607 -96.6642
608 -96.8418
609 -97.2048
610 -97.6204
611 -98.1638
612 -98.8141
613 -99.5923
614 -100.278
615 -100.879
616 -101.303
617 -101.872
618 -102.528
619 -103.28
620 -104.015
621 -104.671
622 -105.191
623 -105.562
624 -105.928
625 -106.343
626 -106.735
627 -107.003
628 -107.302
629 -107.622
630 -108.026
631 -108.29
632 -108.414
633 -108.434
634 -108.409
635 -108.267
636 -108.328
637 -108.599
638 -108.977
639 -109.531
640 -110.095
641 -110.415
642 -110.567
643 -110.445
644 -110.085
645 -109.542
646 -109.02
647 -108.682
648 -108.385
649 -108.124
650 -107.9
651 -107.599
652 -107.298
653 -107.238
654 -107.431
655 -107.668
656 -107.979
657 -108.423
658 -109
659 -109.502
660 -109.979
661 -110.386
662 -110.792
663 -111.059
664 -111.173
665 -111.135
666 -110.991
667 -110.827
668 -110.579
669 -110.372
670 -110.372
671 -110.544
672 -110.873
673 -111.099
674 -111.098
675 -110.939
676 -110.775
677 -110.595
678 -110.67
679 -110.864
680 -111.146
681 -111.269
682 -111.404
683 -111.522
684 -111.525
685 -111.305
686 -110.871
687 -110.236
688 -109.742
689 -109.272
690 -108.844
691 -108.654
692 -108.548
693 -108.367
694 -108.302
695 -108.383
696 -108.472
697 -108.726
698 -109.245
699 -109.82
700 -110.229
701 -110.569
702 -110.903
703 -111.154
704 -111.356
705 -111.47
706 -111.36
707 -111.16
708 -110.974
709 -110.795
710 -110.643
711 -110.755
712 -111.096
713 -111.371
714 -111.504
715 -111.409
716 -111.111
717 -110.71
718 -110.486
719 -110.445
720 -110.809
721 -111.401
722 -111.871
723 -112.187
724 -112.225
725 -111.9
726 -111.182
727 -110.495
728 -109.935
729 -109.541
730 -109.223
731 -109
732 -108.762
733 -108.435
734 -108.183
735 -108.154
736 -108.263
737 -108.574
738 -109.053
739 -109.672
740 -110.2
741 -110.622
742 -110.949
743 -111.351
744 -111.681
745 -111.824
746 -111.749
747 -111.524
748 -111.193
749 -110.87
750 -110.593
751 -110.537
752 -110.746
753 -111.177
754 -111.481
755 -111.485
756 -111.361
757 -111.149
758 -111.032
759 -111.034
760 -111.077
761 -111.214
762 -111.413
763 -111.669
764 -111.83
765 -111.85
766 -111.61
767 -111.078
768 -110.41
769 -109.88
770 -109.346
771 -108.985
772 -108.871
773 -108.755
774 -108.562
775 -108.465
776 -108.492
777 -108.583
778 -108.923
779 -109.431
780 -110.043
781 -110.402
782 -110.655
783 -110.853
784 -111.021
785 -111.149
786 -111.289
787 -111.214
788 -111.044
789 -110.868
790 -110.708
791 -110.586
792 -110.697
793 -111.068
794 -111.307
795 -111.385
796 -111.212
797 -110.92
798 -110.608
799 -110.52
800 -110.63
801 -110.966
802 -111.447
803 -111.85
804 -112.14
805 -112.138
806 -111.835
807 -111.155
808 -110.472
809 -109.843
810 -109.392
811 -109.002
812 -108.758
813 -108.634
814 -108.412
815 -108.202
816 -108.141
817 -108.28
818 -108.517
819 -109.061
820 -109.58
821 -110.046
822 -110.355
823 -110.654
824 -110.932
825 -111.14
826 -111.296
827 -111.305
828 -111.238
829 -110.975
830 -110.76
831 -110.554
832 -110.45
833 -110.574
834 -110.873
835 -111.009
836 -111.058
837 -110.939
838 -110.674
839 -110.423
840 -110.315
841 -110.447
842 -110.853
843 -111.238
844 -111.575
845 -111.756
846 -111.69
847 -111.268
848 -110.612
849 -109.924
850 -109.474
851 -109.054
852 -108.809
853 -108.6
854 -108.431
855 -108.144
856 -108.037
857 -108.045
858 -108.197
859 -108.636
860 -109.187
861 -109.758
862 -110.073
863 -110.331
864 -110.507
865 -110.681
866 -110.857
867 -110.926
868 -110.902
869 -110.72
870 -110.587
871 -110.409
872 -110.161
873 -110.246
874 -110.598
875 -110.988
876 -111.146
877 -111.009
878 -110.707
879 -110.353
880 -110.172
881 -110.177
882 -110.231
883 -110.529
884 -110.816
885 -111.011
886 -111.032
887 -110.814
888 -110.472
889 -110.054
890 -109.666
891 -109.297
892 -108.929
893 -108.51
894 -108.239
895 -108.033
896 -107.947
897 -108.024
898 -108.14
899 -108.446
900 -108.783
901 -109.258
902 -109.652
903 -110.089
904 -110.517
905 -110.838
906 -111.021
907 -111.101
908 -111.028
909 -110.743
910 -110.496
911 -110.287
912 -110.018
913 -109.947
914 -110.101
915 -110.443
916 -110.671
917 -110.704
918 -110.522
919 -110.233
920 -110.033
921 -109.982
922 -110.227
923 -110.648
924 -111.093
925 -111.42
926 -111.618
927 -111.481
928 -111.037
929 -110.365
930 -109.673
931 -109.176
932 -108.762
933 -108.483
934 -108.395
935 -108.269
936 -108.094
937 -108.007
938 -108.02
939 -108.148
940 -108.494
941 -108.999
942 -109.49
943 -109.944
944 -110.418
945 -110.889
946 -111.158
947 -111.22
948 -111.124
949 -110.857
950 -110.573
951 -110.371
952 -110.094
953 -109.988
954 -110.176
955 -110.47
956 -110.692
957 -110.839
958 -110.769
959 -110.621
960 -110.398
961 -110.263
962 -110.333
963 -110.604
964 -110.966
965 -111.423
966 -111.786
967 -111.906
968 -111.675
969 -111.174
970 -110.573
971 -110.172
972 -109.975
973 -109.865
974 -109.985
975 -110.281
976 -110.508
977 -110.75
978 -111.115
979 -111.522
980 -112.123
981 -113.073
982 -114.068
983 -114.885
984 -115.625
985 -116.452
986 -117.143
987 -117.811
988 -118.498
989 -119.113
990 -119.54
991 -119.759
992 -119.931
993 -120.232
994 -120.674
995 -121.364
996 -122.168
997 -123.101
998 -123.979
999 -124.716
1000 -125.138
1001 -125.18
1002 -124.957
1003 -124.739
1004 -124.677
1005 -124.784
1006 -124.928
1007 -124.931
1008 -124.762
1009 -124.553
1010 -124.409
1011 -124.29
1012 -124.177
1013 -124.03
1014 -123.809
1015 -123.535
1016 -123.257
1017 -122.901
1018 -122.585
1019 -122.258
1020 -122.01
1021 -121.743
1022 -121.325
1023 -120.874
1024 -120.356
1025 -119.832
1026 -119.247
1027 -118.644
1028 -118.104
1029 -117.76
1030 -117.568
1031 -117.45
1032 -117.213
1033 -116.821
1034 -116.429
1035 -116.093
1036 -115.87
1037 -115.787
1038 -115.676
1039 -115.51
1040 -115.35
1041 -115.207
1042 -115.104
1043 -114.971
1044 -114.846
1045 -114.669
1046 -114.55
1047 -114.53
1048 -114.481
1049 -114.418
1050 -114.316
1051 -114.211
1052 -114.09
1053 -113.951
1054 -113.758
1055 -113.629
1056 -113.582
1057 -113.615
1058 -113.705
1059 -113.74
1060 -113.702
1061 -113.635
1062 -113.562
1063 -113.474
1064 -113.416
1065 -113.368
1066 -113.34
1067 -113.307
1068 -113.284
1069 -113.255
1070 -113.187
1071 -113.138
1072 -113.116
1073 -113.11
1074 -113.11
1075 -113.09
1076 -113.075
1077 -113.06
1078 -113.056
1079 -113.041
1080 -113.018
1081 -112.991
1082 -112.978
1083 -112.999
1084 -113.003
1085 -113.018
1086 -113.004
1087 -112.982
1088 -112.973
1089 -112.98
1090 -113.007
1091 -113.023
1092 -113.01
1093 -113.017
1094 -113.032
1095 -113.06
1096 -113.115
1097 -113.454
1098 -114.277
1099 -114.412
1100 -114.339
1101 -114.419
1102 -114.899
1103 -115.781
1104 -116.759
1105 -117.508
1106 -117.98
1107 -118.165
1108 -118.294
1109 -118.58
1110 -119.09
1111 -119.838
1112 -120.637
1113 -121.375
1114 -121.959
1115 -122.439
1116 -122.929
1117 -123.508
1118 -124.169
1119 -124.853
1120 -125.528
1121 -126.221
1122 -126.962
1123 -127.723
1124 -128.447
1125 -129.195
1126 -129.794
1127 -130.415
1128 -131.056
1129 -131.671
1130 -132.305
1131 -132.79
1132 -133.158
1133 -133.26
1134 -133.236
1135 -133.161
1136 -133.03
1137 -133.002
1138 -133.119
1139 -133.124
1140 -132.898
1141 -132.504
1142 -132.004
1143 -131.666
1144 -131.436
1145 -131.257
1146 -130.923
1147 -130.439
1148 -129.933
1149 -129.509
1150 -129.128
1151 -128.716
1152 -128.255
1153 -127.767
1154 -127.226
1155 -126.66
1156 -126.104
1157 -125.549
1158 -125.003
1159 -124.62
1160 -124.169
1161 -123.637
1162 -123.08
1163 -122.609
1164 -122.364
1165 -122.273
1166 -122.24
1167 -122.169
1168 -122.014
1169 -121.728
1170 -121.342
1171 -120.967
1172 -120.5
1173 -120.106
1174 -119.817
1175 -119.927
1176 -120.339
1177 -120.92
1178 -121.462
1179 -121.847
1180 -121.957
1181 -121.925
1182 -121.95
1183 -121.906
1184 -121.836
1185 -121.798
1186 -121.923
1187 -122.098
1188 -122.211
1189 -122.166
1190 -121.998
1191 -121.84
1192 -121.632
1193 -121.24
1194 -120.8
1195 -120.471
1196 -120.453
1197 -120.626
1198 -120.959
1199 -121.156
1200 -121.077
1201 -120.749
1202 -120.329
1203 -119.919
1204 -119.52
1205 -119.302
1206 -119.207
1207 -119.34
1208 -119.483
1209 -119.612
1210 -119.567
1211 -119.355
1212 -119.105
1213 -118.797
1214 -118.586
1215 -118.509
1216 -118.619
1217 -119.097
1218 -119.706
1219 -120.307
1220 -120.75
1221 -120.88
1222 -120.783
1223 -120.745
1224 -120.693
1225 -120.588
1226 -120.669
1227 -120.916
1228 -121.128
1229 -121.358
1230 -121.397
1231 -121.327
1232 -121.138
1233 -120.889
1234 -120.578
1235 -120.283
1236 -120.105
1237 -120.109
1238 -120.338
1239 -120.611
1240 -120.756
1241 -120.733
1242 -120.352
1243 -119.815
1244 -119.245
1245 -118.843
1246 -118.75
1247 -118.876
1248 -119.129
1249 -119.3
1250 -119.365
1251 -119.332
1252 -119.095
1253 -118.868
1254 -118.639
1255 -118.387
1256 -118.372
1257 -118.682
1258 -119.367
1259 -120.059
1260 -120.651
1261 -120.89
1262 -120.836
1263 -120.62
1264 -120.463
1265 -120.344
1266 -120.391
1267 -120.63
1268 -120.949
1269 -121.222
1270 -121.39
1271 -121.34
1272 -121.199
1273 -121.084
1274 -120.871
1275 -120.513
1276 -120.254
1277 -120.047
1278 -119.97
1279 -120.138
1280 -120.385
1281 -120.525
1282 -120.389
1283 -119.904
1284 -119.397
1285 -118.932
1286 -118.617
1287 -118.639
1288 -118.913
1289 -119.247
1290 -119.442
1291 -119.406
1292 -119.152
1293 -118.848
1294 -118.543
1295 -118.33
1296 -118.241
1297 -118.465
1298 -119.017
1299 -119.661
1300 -120.353
1301 -120.791
1302 -120.85
1303 -120.686
1304 -120.601
1305 -120.518
1306 -120.475
1307 -120.591
1308 -120.852
1309 -121.223
1310 -121.405
1311 -121.497
1312 -121.399
1313 -121.28
1314 -121.085
1315 -120.772
1316 -120.457
1317 -120.24
1318 -120.174
1319 -120.224
1320 -120.482
1321 -120.72
1322 -120.631
1323 -120.298
1324 -119.869
1325 -119.368
1326 -118.994
1327 -118.804
1328 -118.912
1329 -119.153
1330 -119.384
1331 -119.384
1332 -119.241
1333 -119.035
1334 -118.724
1335 -118.465
1336 -118.25
1337 -118.339
1338 -118.672
1339 -119.335
1340 -120.058
1341 -120.744
1342 -121.051
1343 -120.96
1344 -120.767
1345 -120.606
1346 -120.513
1347 -120.603
1348 -120.916
1349 -121.293
1350 -121.633
1351 -121.75
1352 -121.61
1353 -121.445
1354 -121.244
1355 -120.953
1356 -120.581
1357 -120.338
1358 -120.257
1359 -120.304
1360 -120.429
1361 -120.598
1362 -120.673
1363 -120.528
1364 -120.118
1365 -119.658
1366 -119.292
1367 -119.025
1368 -119.047
1369 -119.3
1370 -119.511
1371 -119.562
1372 -119.496
1373 -119.262
1374 -119.05
1375 -118.828
1376 -118.669
1377 -118.528
1378 -118.764
1379 -119.325
1380 -119.947
1381 -120.539
1382 -120.963
1383 -121.052
1384 -121.005
1385 -120.94
1386 -120.829
1387 -120.826
1388 -120.983
1389 -121.289
1390 -121.573
1391 -121.775
1392 -121.787
1393 -121.635
1394 -121.469
1395 -121.197
1396 -120.866
1397 -120.522
1398 -120.308
1399 -120.221
1400 -120.417
1401 -120.586
1402 -120.742
1403 -120.669
1404 -120.483
1405 -120.078
1406 -119.588
1407 -119.156
1408 -118.943
1409 -119.027
1410 -119.295
1411 -119.42
1412 -119.336
1413 -119.171
1414 -118.914
1415 -118.668
1416 -118.42
1417 -118.241
1418 -118.313
1419 -118.766
1420 -119.47
1421 -120.187
1422 -120.723
1423 -120.96
1424 -120.985
1425 -120.922
1426 -120.809
1427 -120.628
1428 -120.641
1429 -120.855
1430 -121.219
1431 -121.465
1432 -121.64
1433 -121.607
1434 -121.538
1435 -121.342
1436 -121.02
1437 -120.586
1438 -120.307
1439 -120.195
1440 -120.243
1441 -120.409
1442 -120.595
1443 -120.673
1444 -120.515
1445 -120.244
1446 -119.767
1447 -119.313
1448 -118.958
1449 -118.974
1450 -119.14
1451 -119.397
1452 -119.47
1453 -119.391
1454 -119.125
1455 -118.825
1456 -118.587
1457 -118.353
1458 -118.344
1459 -118.692
1460 -119.319
1461 -119.993
1462 -120.639
1463 -121.069
1464 -121.11
1465 -121.05
1466 -120.969
1467 -120.88
1468 -120.835
1469 -120.937
1470 -121.224
1471 -121.492
1472 -121.643
1473 -121.611
1474 -121.497
1475 -121.394
1476 -121.145
1477 -120.765
1478 -120.345
1479 -120.077
1480 -120.063
1481 -120.241
1482 -120.409
1483 -120.548
1484 -120.448
1485 -120.231
1486 -119.818
1487 -119.395
1488 -119
1489 -118.75
1490 -118.798
1491 -119.063
1492 -119.279
1493 -119.304
1494 -119.128
1495 -118.808
1496 -118.467
1497 -118.237
1498 -118.132
1499 -118.266
1500 -118.713
1501 -119.413
1502 -120.025
1503 -120.466
1504 -120.56
1505 -120.231
1506 -119.822
1507 -119.485
1508 -119.111
1509 -118.872
1510 -118.831
1511 -118.84
1512 -118.693
1513 -118.448
1514 -118.029
1515 -117.498
1516 -116.908
1517 -116.21
1518 -115.388
1519 -114.51
1520 -113.859
1521 -113.458
1522 -113.197
1523 -112.851
1524 -112.457
1525 -111.981
1526 -111.33
1527 -110.271
1528 -109.076
1529 -107.94
1530 -107.103
1531 -106.52
1532 -106.05
1533 -105.728
1534 -105.434
1535 -105.199
1536 -104.95
1537 -104.679
1538 -104.371
1539 -104.128
1540 -103.98
1541 -103.999
1542 -104.101
1543 -104.33
1544 -104.547
1545 -104.768
1546 -104.923
1547 -105.007
1548 -105.122
1549 -105.298
1550 -105.753
1551 -106.196
1552 -106.619
1553 -106.937
1554 -107.259
1555 -107.674
1556 -108.155
1557 -108.638
1558 -109.12
1559 -109.48
1560 -109.81
1561 -110.157
1562 -110.621
1563 -111.14
1564 -111.684
1565 -112.086
1566 -112.448
1567 -112.669
1568 -112.872
1569 -113.089
1570 -113.307
1571 -113.495
1572 -113.673
1573 -113.827
1574 -113.999
1575 -114.195
1576 -114.403
1577 -114.59
1578 -114.789
1579 -114.926
1580 -115.045
1581 -115.114
1582 -115.204
1583 -115.343
1584 -115.491
1585 -115.618
1586 -115.708
1587 -115.781
1588 -115.837
1589 -115.865
1590 -115.941
1591 -116.093
1592 -116.244
1593 -116.322
1594 -116.34
1595 -116.29
1596 -116.275
1597 -116.29
1598 -116.325
1599 -116.369
1600 -116.409
1601 -116.449
1602 -116.483
1603 -116.518
1604 -116.558
1605 -116.588
1606 -116.586
1607 -116.605
1608 -116.63
1609 -116.658
1610 -116.722
1611 -116.758
1612 -116.775
1613 -116.783
1614 -116.787
1615 -116.81
1616 -116.836
1617 -116.873
1618 -116.89
1619 -116.896
1620 -116.91
1621 -116.916
1622 -116.942
1623 -116.96
1624 -116.96
1625 -116.96
1626 -116.97
1627 -116.985
1628 -117
1629 -116.985
1630 -116.961
1631 -116.717
1632 -115.867
1633 -115.682
1634 -115.761
1635 -115.675
1636 -115.24
1637 -114.385
1638 -113.439
1639 -112.701
1640 -112.17
1641 -111.776
1642 -111.338
1643 -110.825
1644 -110.22
1645 -109.545
1646 -108.851
1647 -108.172
1648 -107.539
1649 -106.987
1650 -106.435
1651 -105.792
1652 -105.102
1653 -104.303
1654 -103.518
1655 -102.844
1656 -102.266
1657 -101.628
1658 -100.985
1659 -100.305
1660 -99.5608
1661 -98.8502
1662 -98.3037
1663 -97.8078
1664 -97.3673
1665 -96.8209
1666 -96.2924
1667 -95.7991
1668 -95.4816
1669 -95.3477
1670 -95.4187
1671 -95.6485
1672 -95.8212
1673 -95.86
1674 -95.8232
1675 -95.9539
1676 -96.2294
1677 -96.6975
1678 -97.1
1679 -97.5129
1680 -98.0385
1681 -98.7456
1682 -99.5161
1683 -100.214
1684 -100.737
1685 -101.345
1686 -101.982
1687 -102.635
1688 -103.249
1689 -103.842
1690 -104.49
1691 -105.055
1692 -105.515
1693 -105.832
1694 -106.067
1695 -106.376
1696 -106.644
1697 -107.004
1698 -107.346
1699 -107.684
1700 -107.839
1701 -107.89
1702 -107.918
1703 -107.861
1704 -107.827
1705 -108.017
1706 -108.392
1707 -108.867
1708 -109.309
1709 -109.632
1710 -109.84
1711 -109.872
1712 -109.634
1713 -109.243
1714 -108.655
1715 -108.234
1716 -107.876
1717 -107.6
1718 -107.374
1719 -107.322
1720 -107.04
1721 -106.862
1722 -106.856
1723 -106.988
1724 -107.189
1725 -107.63
1726 -108.203
1727 -108.749
1728 -109.316
1729 -109.768
1730 -110.107
1731 -110.39
1732 -110.438
1733 -110.383
1734 -110.27
1735 -110.225
1736 -110.045
1737 -109.867
1738 -109.754
1739 -109.874
1740 -110.214
1741 -110.561
1742 -110.66
1743 -110.585
1744 -110.333
1745 -110.116
1746 -109.954
1747 -110.124
1748 -110.467
1749 -110.921
1750 -111.393
1751 -111.617
1752 -111.511
1753 -111.095
1754 -110.478
1755 -109.803
1756 -109.212
1757 -108.824
1758 -108.454
1759 -108.294
1760 -108.141
1761 -107.899
1762 -107.716
1763 -107.698
1764 -107.759
1765 -108.05
1766 -108.582
1767 -109.14
1768 -109.638
1769 -110.102
1770 -110.45
1771 -110.753
1772 -110.98
1773 -111.03
1774 -110.925
1775 -110.678
1776 -110.498
1777 -110.207
1778 -110.088
1779 -110.075
1780 -110.368
1781 -110.743
1782 -110.927
1783 -110.907
1784 -110.676
1785 -110.305
1786 -110.004
1787 -110.042
1788 -110.367
1789 -110.885
1790 -111.39
1791 -111.687
1792 -111.581
1793 -111.307
1794 -110.798
1795 -110.139
1796 -109.565
1797 -109.156
1798 -108.785
1799 -108.449
1800 -108.267
1801 -108.029
1802 -107.743
1803 -107.715
1804 -107.758
1805 -107.968
1806 -108.382
1807 -108.91
1808 -109.5
1809 -109.969
1810 -110.352
1811 -110.726
1812 -111.034
1813 -111.048
1814 -110.981
1815 -110.779
1816 -110.631
1817 -110.503
1818 -110.289
1819 -110.218
1820 -110.358
1821 -110.78
1822 -111.118
1823 -111.193
1824 -111.025
1825 -110.663
1826 -110.338
1827 -110.292
1828 -110.395
1829 -110.707
1830 -111.176
1831 -111.597
1832 -111.809
1833 -111.697
1834 -111.322
1835 -110.659
1836 -110.06
1837 -109.611
1838 -109.251
1839 -108.859
1840 -108.584
1841 -108.335
1842 -107.982
1843 -107.808
1844 -107.83
1845 -107.919
1846 -108.235
1847 -108.739
1848 -109.3
1849 -109.793
1850 -110.179
1851 -110.465
1852 -110.735
1853 -110.959
1854 -110.965
1855 -110.87
1856 -110.665
1857 -110.552
1858 -110.406
1859 -110.184
1860 -110.15
1861 -110.423
1862 -110.731
1863 -110.925
1864 -110.924
1865 -110.786
1866 -110.623
1867 -110.435
1868 -110.368
1869 -110.43
1870 -110.746
1871 -111.179
1872 -111.442
1873 -111.507
1874 -111.343
1875 -110.88
1876 -110.161
1877 -109.524
1878 -108.993
1879 -108.633
1880 -108.376
1881 -108.324
1882 -108.237
1883 -108.021
1884 -107.924
1885 -107.947
1886 -108.13
1887 -108.498
1888 -109.007
1889 -109.536
1890 -109.96
1891 -110.279
1892 -110.549
1893 -110.779
1894 -110.928
1895 -110.926
1896 -110.781
1897 -110.611
1898 -110.423
1899 -110.211
1900 -110.126
1901 -110.226
1902 -110.556
1903 -110.792
1904 -110.884
1905 -110.716
1906 -110.421
1907 -110.152
1908 -110.088
1909 -110.17
1910 -110.377
1911 -110.719
1912 -111.062
1913 -111.303
1914 -111.275
1915 -111.011
1916 -110.359
1917 -109.657
1918 -109.153
1919 -108.724
1920 -108.445
1921 -108.324
1922 -108.281
1923 -108.068
1924 -107.955
1925 -107.807
1926 -107.863
1927 -108.144
1928 -108.68
1929 -109.276
1930 -109.781
1931 -110.208
1932 -110.49
1933 -110.689
1934 -110.749
1935 -110.81
1936 -110.689
1937 -110.514
1938 -110.328
1939 -110.134
1940 -109.905
1941 -109.921
1942 -110.304
1943 -110.693
1944 -110.889
1945 -110.846
1946 -110.558
1947 -110.232
1948 -110.066
1949 -110.098
1950 -110.232
1951 -110.599
1952 -111.035
1953 -111.335
1954 -111.32
1955 -111.149
1956 -110.649
1957 -109.973
1958 -109.403
1959 -108.918
1960 -108.616
1961 -108.365
1962 -108.361
1963 -108.173
1964 -108.065
1965 -107.907
1966 -107.912
1967 -108.146
1968 -108.545
1969 -109.177
1970 -109.661
1971 -110.064
1972 -110.249
1973 -110.599
1974 -110.802
1975 -110.849
1976 -110.82
1977 -110.675
1978 -110.455
1979 -110.235
1980 -110.015
1981 -109.838
1982 -110.033
1983 -110.385
1984 -110.648
1985 -110.7
1986 -110.548
1987 -110.208
1988 -109.867
1989 -109.876
1990 -110.063
1991 -110.445
1992 -110.868
1993 -111.152
1994 -111.281
1995 -111.222
1996 -110.867
1997 -110.222
1998 -109.646
1999 -109.258
2000 -108.911
2001 -108.632
2002 -108.434
2003 -108.326
2004 -108.099
2005 -108.01
2006 -107.96
2007 -108.017
2008 -108.251
2009 -108.679
2010 -109.315
2011 -109.846
2012 -110.308
2013 -110.645
2014 -110.904
2015 -111.019
2016 -111.024
2017 -110.924
2018 -110.618
2019 -110.375
2020 -110.093
2021 -109.949
2022 -109.978
2023 -110.328
2024 -110.678
2025 -110.846
2026 -110.807
2027 -110.585
2028 -110.183
2029 -109.991
2030 -110.007
2031 -110.262
2032 -110.718
2033 -111.148
2034 -111.389
2035 -111.445
2036 -111.325
2037 -110.966
2038 -110.487
2039 -110.239
2040 -110.1
2041 -109.985
2042 -110.097
2043 -110.347
2044 -110.608
2045 -110.799
2046 -111.067
2047 -111.325
2048 -111.838
2049 -112.64
2050 -113.583
2051 -114.506
2052 -115.277
2053 -116.06
2054 -116.732
2055 -117.407
2056 -118.003
2057 -118.666
2058 -119.226
2059 -119.646
2060 -119.785
2061 -119.915
2062 -120.228
2063 -120.778
2064 -121.473
2065 -122.258
2066 -123.001
2067 -123.715
2068 -124.238
2069 -124.558
2070 -124.624
2071 -124.697
2072 -124.684
2073 -124.735
2074 -124.695
2075 -124.605
2076 -124.45
2077 -124.332
2078 -124.212
2079 -124.005
2080 -123.742
2081 -123.555
2082 -123.41
2083 -123.282
2084 -123.093
2085 -122.82
2086 -122.49
2087 -122.159
2088 -121.773
2089 -121.351
2090 -120.92
2091 -120.472
2092 -120.121
2093 -119.697
2094 -119.223
2095 -118.646
2096 -118.116
2097 -117.706
2098 -117.374
2099 -117.113
2100 -116.837
2101 -116.585
2102 -116.32
2103 -116.144
2104 -115.93
2105 -115.684
2106 -115.439
2107 -115.206
2108 -115.087
2109 -114.996
2110 -114.939
2111 -114.787
2112 -114.559
2113 -114.341
2114 -114.152
2115 -114.035
2116 -113.973
2117 -113.948
2118 -113.92
2119 -113.919
2120 -113.844
2121 -113.72
2122 -113.591
2123 -113.493
2124 -113.466
2125 -113.46
2126 -113.466
2127 -113.469
2128 -113.414
2129 -113.336
2130 -113.29
2131 -113.242
2132 -113.19
2133 -113.166
2134 -113.117
2135 -113.072
2136 -113.045
2137 -113.016
2138 -112.96
2139 -112.886
2140 -112.845
2141 -112.827
2142 -112.83
2143 -112.836
2144 -112.831
2145 -112.846
2146 -112.84
2147 -112.835
2148 -112.809
2149 -112.775
2150 -112.75
2151 -112.72
2152 -112.72
2153 -112.707
2154 -112.69
2155 -112.654
2156 -112.642
2157 -112.628
2158 -112.64
2159 -112.633
2160 -112.612
2161 -112.587
2162 -112.58
2163 -112.595
2164 -112.64
2165 -112.834
2166 -113.654
2167 -113.968
2168 -113.865
2169 -113.887
2170 -114.268
2171 -115.08
2172 -116.062
2173 -116.923
2174 -117.473
2175 -117.829
2176 -118.038
2177 -118.329
2178 -118.806
2179 -119.459
2180 -120.259
2181 -121.021
2182 -121.613
2183 -122.041
2184 -122.405
2185 -122.856
2186 -123.422
2187 -124.111
2188 -124.801
2189 -125.498
2190 -126.24
2191 -127.035
2192 -127.863
2193 -128.709
2194 -129.472
2195 -130.14
2196 -130.715
2197 -131.095
2198 -131.558
2199 -132.056
2200 -132.529
2201 -132.778
2202 -132.786
2203 -132.619
2204 -132.498
2205 -132.437
2206 -132.451
2207 -132.495
2208 -132.45
2209 -132.201
2210 -131.713
2211 -131.275
2212 -130.841
2213 -130.629
2214 -130.498
2215 -130.298
2216 -129.862
2217 -129.303
2218 -128.759
2219 -128.303
2220 -127.888
2221 -127.362
2222 -126.777
2223 -126.3
2224 -125.87
2225 -125.38
2226 -124.842
2227 -124.257
2228 -123.675
2229 -123.106
2230 -122.601
2231 -122.074
2232 -121.768
2233 -121.741
2234 -121.766
2235 -121.817
2236 -121.627
2237 -121.32
2238 -120.899
2239 -120.539
2240 -120.207
2241 -119.866
2242 -119.643
2243 -119.581
2244 -119.926
2245 -120.367
2246 -120.92
2247 -121.35
2248 -121.452
2249 -121.358
2250 -121.205
2251 -121.11
2252 -121.01
2253 -120.987
2254 -121.065
2255 -121.317
2256 -121.559
2257 -121.674
2258 -121.562
2259 -121.289
2260 -121.063
2261 -120.82
2262 -120.564
2263 -120.256
2264 -120.049
2265 -120.072
2266 -120.29
2267 -120.548
2268 -120.639
2269 -120.335
2270 -119.853
2271 -119.441
2272 -119.067
2273 -118.733
2274 -118.623
2275 -118.739
2276 -118.966
2277 -119.088
2278 -119.134
2279 -118.961
2280 -118.678
2281 -118.392
2282 -118.102
2283 -117.931
2284 -118.012
2285 -118.489
2286 -119.109
2287 -119.747
2288 -120.208
2289 -120.348
2290 -120.312
2291 -120.208
2292 -120.119
2293 -120.022
2294 -120.142
2295 -120.35
2296 -120.573
2297 -120.814
2298 -120.872
2299 -120.766
2300 -120.669
2301 -120.496
2302 -120.167
2303 -119.836
2304 -119.635
2305 -119.55
2306 -119.644
2307 -119.911
2308 -120.17
2309 -120.22
2310 -119.983
2311 -119.5
2312 -119.042
2313 -118.654
2314 -118.366
2315 -118.372
2316 -118.608
2317 -118.807
2318 -118.988
2319 -118.888
2320 -118.595
2321 -118.311
2322 -118.053
2323 -117.792
2324 -117.68
2325 -117.996
2326 -118.517
2327 -119.259
2328 -119.96
2329 -120.302
2330 -120.239
2331 -120.172
2332 -120.041
2333 -119.987
2334 -120.083
2335 -120.211
2336 -120.427
2337 -120.723
2338 -120.878
2339 -120.846
2340 -120.741
2341 -120.587
2342 -120.322
2343 -120.045
2344 -119.755
2345 -119.566
2346 -119.505
2347 -119.622
2348 -119.761
2349 -119.849
2350 -119.758
2351 -119.49
2352 -119.126
2353 -118.819
2354 -118.532
2355 -118.344
2356 -118.442
2357 -118.539
2358 -118.672
2359 -118.658
2360 -118.587
2361 -118.358
2362 -118.107
2363 -117.882
2364 -117.739
2365 -117.789
2366 -118.28
2367 -118.978
2368 -119.683
2369 -120.247
2370 -120.434
2371 -120.408
2372 -120.189
2373 -120.018
2374 -119.934
2375 -120.07
2376 -120.306
2377 -120.656
2378 -120.989
2379 -121.078
2380 -121.035
2381 -120.889
2382 -120.669
2383 -120.378
2384 -120.018
2385 -119.76
2386 -119.607
2387 -119.694
2388 -119.824
2389 -119.971
2390 -119.929
2391 -119.678
2392 -119.414
2393 -119.153
2394 -118.871
2395 -118.589
2396 -118.541
2397 -118.56
2398 -118.669
2399 -118.804
2400 -118.792
2401 -118.599
2402 -118.408
2403 -118.14
2404 -117.848
2405 -117.854
2406 -118.221
2407 -118.777
2408 -119.495
2409 -120.162
2410 -120.497
2411 -120.47
2412 -120.405
2413 -120.332
2414 -120.273
2415 -120.249
2416 -120.379
2417 -120.667
2418 -121.028
2419 -121.265
2420 -121.158
2421 -120.98
2422 -120.836
2423 -120.58
2424 -120.154
2425 -119.83
2426 -119.67
2427 -119.676
2428 -119.812
2429 -119.965
2430 -120.027
2431 -119.841
2432 -119.59
2433 -119.279
2434 -118.937
2435 -118.685
2436 -118.586
2437 -118.76
2438 -118.894
2439 -119.017
2440 -118.93
2441 -118.782
2442 -118.506
2443 -118.302
2444 -118.061
2445 -117.999
2446 -118.105
2447 -118.631
2448 -119.371
2449 -120.023
2450 -120.52
2451 -120.663
2452 -120.658
2453 -120.567
2454 -120.449
2455 -120.307
2456 -120.388
2457 -120.607
2458 -120.975
2459 -121.238
2460 -121.294
2461 -121.177
2462 -121.037
2463 -120.828
2464 -120.508
2465 -120.126
2466 -119.911
2467 -119.821
2468 -119.877
2469 -119.94
2470 -119.994
2471 -119.962
2472 -119.759
2473 -119.509
2474 -119.174
2475 -118.826
2476 -118.531
2477 -118.435
2478 -118.669
2479 -118.785
2480 -118.876
2481 -118.66
2482 -118.455
2483 -118.233
2484 -118.13
2485 -117.841
2486 -117.793
2487 -118.172
2488 -118.891
2489 -119.617
2490 -120.231
2491 -120.583
2492 -120.591
2493 -120.508
2494 -120.353
2495 -120.209
2496 -120.074
2497 -120.233
2498 -120.482
2499 -120.918
2500 -121.185
2501 -121.014
2502 -120.806
2503 -120.676
2504 -120.494
2505 -120.103
2506 -119.767
2507 -119.548
2508 -119.624
2509 -119.858
2510 -119.964
2511 -119.969
2512 -119.833
2513 -119.57
2514 -119.267
2515 -118.925
2516 -118.641
2517 -118.452
2518 -118.54
2519 -118.689
2520 -118.863
2521 -118.859
2522 -118.737
2523 -118.438
2524 -118.24
2525 -118.064
2526 -117.914
2527 -118.063
2528 -118.626
2529 -119.395
2530 -120.057
2531 -120.581
2532 -120.692
2533 -120.635
2534 -120.551
2535 -120.398
2536 -120.327
2537 -120.432
2538 -120.637
2539 -120.904
2540 -121.184
2541 -121.259
2542 -121.09
2543 -120.904
2544 -120.667
2545 -120.322
2546 -119.928
2547 -119.621
2548 -119.523
2549 -119.682
2550 -119.927
2551 -119.998
2552 -119.878
2553 -119.639
2554 -119.33
2555 -119.041
2556 -118.818
2557 -118.576
2558 -118.451
2559 -118.466
2560 -118.633
2561 -118.727
2562 -118.687
2563 -118.405
2564 -118.113
2565 -117.88
2566 -117.656
2567 -117.668
2568 -118.055
2569 -118.75
2570 -119.415
2571 -119.915
2572 -119.998
2573 -119.757
2574 -119.446
2575 -119.053
2576 -118.627
2577 -118.292
2578 -118.184
2579 -118.201
2580 -118.174
2581 -118.057
2582 -117.781
2583 -117.253
2584 -116.653
2585 -115.884
2586 -115.034
2587 -114.155
2588 -113.454
2589 -113.054
2590 -112.786
2591 -112.546
2592 -112.175
2593 -111.705
2594 -110.89
2595 -109.879
2596 -108.733
2597 -107.612
2598 -106.741
2599 -106.143
2600 -105.727
2601 -105.43
2602 -105.193
2603 -104.969
2604 -104.655
2605 -104.407
2606 -104.136
2607 -103.855
2608 -103.685
2609 -103.62
2610 -103.67
2611 -103.87
2612 -104.067
2613 -104.257
2614 -104.402
2615 -104.59
2616 -104.786
2617 -105.01
2618 -105.315
2619 -105.66
2620 -106.1
2621 -106.49
2622 -106.805
2623 -107.165
2624 -107.563
2625 -108.095
2626 -108.682
2627 -109.239
2628 -109.726
2629 -110.081
2630 -110.4
2631 -110.692
2632 -111.055
2633 -111.481
2634 -111.95
2635 -112.367
2636 -112.706
2637 -112.918
2638 -113.102
2639 -113.195
2640 -113.306
2641 -113.435
2642 -113.583
2643 -113.751
2644 -113.949
2645 -114.137
2646 -114.286
2647 -114.434
2648 -114.548
2649 -114.673
2650 -114.763
2651 -114.879
2652 -114.975
2653 -115.07
2654 -115.123
2655 -115.17
2656 -115.202
2657 -115.261
2658 -115.343
2659 -115.469
2660 -115.578
2661 -115.696
2662 -115.757
2663 -115.803
2664 -115.822
2665 -115.849
2666 -115.876
2667 -115.938
2668 -115.992
2669 -116.031
2670 -116.04
2671 -116.029
2672 -116.02
2673 -116.055
2674 -116.109
2675 -116.164
2676 -116.18
2677 -116.157
2678 -116.131
2679 -116.108
2680 -116.107
2681 -116.127
2682 -116.182
2683 -116.21
2684 -116.27
2685 -116.312
2686 -116.348
2687 -116.36
2688 -116.382
2689 -116.38
2690 -116.394
2691 -116.404
2692 -116.42
2693 -116.418
2694 -116.41
2695 -116.402
2696 -116.408
2697 -116.39
2698 -116.379
2699 -116.297
2700 -115.491
2701 -115.011
2702 -115.075
2703 -115.09
2704 -114.745
2705 -113.982
2706 -113.035
2707 -112.216
2708 -111.688
2709 -111.329
2710 -110.983
2711 -110.566
2712 -109.981
2713 -109.291
2714 -108.555
2715 -107.837
2716 -107.203
2717 -106.677
2718 -106.167
2719 -105.636
2720 -104.991
2721 -104.265
2722 -103.514
2723 -102.811
2724 -102.192
2725 -101.572
2726 -100.977
2727 -100.361
2728 -99.7162
2729 -99.0162
2730 -98.4439
2731 -97.8212
2732 -97.2771
2733 -96.7243
2734 -96.2364
2735 -95.8358
2736 -95.546
2737 -95.3182
2738 -95.3
2739 -95.4995
2740 -95.6795
2741 -95.7927
2742 -95.8562
2743 -95.9616
2744 -96.0596
2745 -96.3489
2746 -96.6825
2747 -97.173
2748 -97.7958
2749 -98.3942
2750 -99.0749
2751 -99.7457
2752 -100.396
2753 -101.092
2754 -101.769
2755 -102.4
2756 -102.951
2757 -103.488
2758 -104.032
2759 -104.596
2760 -105.179
2761 -105.635
2762 -105.925
2763 -106.114
2764 -106.277
2765 -106.59
2766 -107.023
2767 -107.347
2768 -107.546
2769 -107.669
2770 -107.71
2771 -107.641
2772 -107.616
2773 -107.754
2774 -108.064
2775 -108.583
2776 -109.191
2777 -109.581
2778 -109.692
2779 -109.687
2780 -109.484
2781 -109.187
2782 -108.744
2783 -108.213
2784 -107.795
2785 -107.528
2786 -107.325
2787 -107.171
2788 -106.918
2789 -106.765
2790 -106.809
2791 -106.904
2792 -107.034
2793 -107.406
2794 -107.947
2795 -108.496
2796 -109.049
2797 -109.599
2798 -110.038
2799 -110.3
2800 -110.372
2801 -110.37
2802 -110.258
2803 -110.144
2804 -109.937
2805 -109.783
2806 -109.732
2807 -109.882
2808 -110.181
2809 -110.494
2810 -110.589
2811 -110.561
2812 -110.324
2813 -110.125
2814 -109.949
2815 -109.968
2816 -110.254
2817 -110.706
2818 -111.24
2819 -111.528
2820 -111.44
2821 -111.076
2822 -110.568
2823 -109.883
2824 -109.277
2825 -108.879
2826 -108.556
2827 -108.316
2828 -108.141
2829 -107.926
2830 -107.667
2831 -107.61
2832 -107.693
2833 -107.864
2834 -108.321
2835 -108.904
2836 -109.419
2837 -109.825
2838 -110.223
2839 -110.553
2840 -110.751
2841 -110.814
2842 -110.778
2843 -110.576
2844 -110.327
2845 -110.227
2846 -110.02
2847 -110.035
2848 -110.208
2849 -110.536
2850 -110.638
2851 -110.703
2852 -110.579
2853 -110.307
2854 -110.066
2855 -109.925
2856 -110.06
2857 -110.451
2858 -110.968
2859 -111.373
2860 -111.492
2861 -111.317
2862 -110.85
2863 -110.218
2864 -109.624
2865 -109.155
2866 -108.745
2867 -108.521
2868 -108.343
2869 -108.142
2870 -107.907
2871 -107.765
2872 -107.803
2873 -107.9
2874 -108.214
2875 -108.747
2876 -109.29
2877 -109.755
2878 -110.238
2879 -110.734
2880 -111.124
2881 -111.22
2882 -111.082
2883 -110.878
2884 -110.635
2885 -110.43
2886 -110.194
2887 -110.059
2888 -110.179
2889 -110.592
2890 -110.971
2891 -111.067
2892 -110.955
2893 -110.785
2894 -110.589
2895 -110.5
2896 -110.469
2897 -110.661
2898 -111.011
2899 -111.424
2900 -111.733
2901 -111.714
2902 -111.421
2903 -110.822
2904 -110.092
2905 -109.539
2906 -109.163
2907 -108.792
2908 -108.527
2909 -108.365
2910 -108.143
2911 -107.956
2912 -107.911
2913 -107.947
2914 -108.062
2915 -108.542
2916 -109.115
2917 -109.674
2918 -110.06
2919 -110.42
2920 -110.709
2921 -110.831
2922 -110.827
2923 -110.675
2924 -110.522
2925 -110.237
2926 -110.08
2927 -109.935
2928 -110.012
2929 -110.184
2930 -110.556
2931 -110.835
2932 -110.893
2933 -110.768
2934 -110.559
2935 -110.391
2936 -110.305
2937 -110.386
2938 -110.637
2939 -111.083
2940 -111.466
2941 -111.58
2942 -111.443
2943 -111.005
2944 -110.368
2945 -109.658
2946 -109.198
2947 -108.707
2948 -108.483
2949 -108.328
2950 -108.205
2951 -107.935
2952 -107.788
2953 -107.841
2954 -107.912
2955 -108.324
2956 -108.856
2957 -109.487
2958 -109.919
2959 -110.207
2960 -110.493
2961 -110.812
2962 -111.04
2963 -110.99
2964 -110.841
2965 -110.578
2966 -110.463
2967 -110.255
2968 -110.106
2969 -110.114
2970 -110.378
2971 -110.694
2972 -110.933
2973 -110.91
2974 -110.586
2975 -110.208
2976 -110.021
2977 -110.104
2978 -110.416
2979 -110.838
2980 -111.185
2981 -111.394
2982 -111.43
2983 -111.156
2984 -110.574
2985 -109.817
2986 -109.268
2987 -108.851
2988 -108.557
2989 -108.357
2990 -108.235
2991 -108.057
2992 -107.864
2993 -107.879
2994 -107.929
2995 -108.112
2996 -108.451
2997 -108.978
2998 -109.527
2999 -110.025
3000 -110.409
3001 -110.733
3002 -110.847
3003 -110.796
3004 -110.668
3005 -110.445
3006 -110.216
3007 -110.053
3008 -109.893
3009 -109.877
3010 -110.095
3011 -110.503
3012 -110.776
3013 -110.834
3014 -110.565
3015 -110.25
3016 -110.028
3017 -110.021
3018 -110.18
3019 -110.507
3020 -110.906
3021 -111.281
3022 -111.459
3023 -111.27
3024 -110.779
3025 -110.101
3026 -109.475
3027 -109.003
3028 -108.653
3029 -108.466
3030 -108.33
3031 -108.183
3032 -108.012
3033 -107.987
3034 -107.964
3035 -108.067
3036 -108.372
3037 -108.884
3038 -109.464
3039 -109.959
3040 -110.37
3041 -110.691
3042 -110.895
3043 -110.967
3044 -110.962
3045 -110.764
3046 -110.518
3047 -110.28
3048 -110.033
3049 -109.891
3050 -110.006
3051 -110.357
3052 -110.666
3053 -110.855
3054 -110.73
3055 -110.484
3056 -110.105
3057 -109.918
3058 -109.982
3059 -110.3
3060 -110.74
3061 -111.181
3062 -111.407
3063 -111.392
3064 -111.057
3065 -110.486
3066 -109.825
3067 -109.303
3068 -108.993
3069 -108.69
3070 -108.495
3071 -108.386
3072 -108.172
3073 -107.989
3074 -107.99
3075 -108.03
3076 -108.226
3077 -108.702
3078 -109.26
3079 -109.792
3080 -110.178
3081 -110.466
3082 -110.683
3083 -110.894
3084 -110.941
3085 -110.817
3086 -110.616
3087 -110.445
3088 -110.222
3089 -110.003
3090 -110.024
3091 -110.32
3092 -110.718
3093 -110.966
3094 -110.928
3095 -110.718
3096 -110.416
3097 -110.184
3098 -110.093
3099 -110.252
3100 -110.638
3101 -111.115
3102 -111.478
3103 -111.638
3104 -111.422
3105 -111.02
3106 -110.569
3107 -110.257
3108 -110.079
3109 -109.921
3110 -110.013
3111 -110.251
3112 -110.565
3113 -110.817
3114 -111.057
3115 -111.422
3116 -111.818
3117 -112.548
3118 -113.462
3119 -114.416
3120 -115.322
3121 -116.175
3122 -116.943
3123 -117.618
3124 -118.242
3125 -118.688
3126 -119.1
3127 -119.382
3128 -119.714
3129 -120.019
3130 -120.365
3131 -120.833
3132 -121.568
3133 -122.496
3134 -123.479
3135 -124.346
3136 -124.835
3137 -125.03
3138 -124.921
3139 -124.71
3140 -124.38
3141 -124.234
3142 -124.32
3143 -124.635
3144 -124.831
3145 -124.798
3146 -124.615
3147 -124.289
3148 -123.913
3149 -123.667
3150 -123.535
3151 -123.436
3152 -123.295
3153 -123.165
3154 -122.914
3155 -122.504
3156 -121.988
3157 -121.479
3158 -121.019
3159 -120.664
3160 -120.355
3161 -120.023
3162 -119.585
3163 -119.055
3164 -118.463
3165 -117.921
3166 -117.508
3167 -117.281
3168 -117.063
3169 -116.895
3170 -116.637
3171 -116.326
3172 -116.04
3173 -115.777
3174 -115.548
3175 -115.366
3176 -115.173
3177 -115.002
3178 -114.873
3179 -114.771
3180 -114.671
3181 -114.537
3182 -114.394
3183 -114.297
3184 -114.232
3185 -114.166
3186 -114.068
3187 -113.952
3188 -113.841
3189 -113.719
3190 -113.572
3191 -113.459
3192 -113.377
3193 -113.34
3194 -113.321
3195 -113.35
3196 -113.34
3197 -113.277
3198 -113.192
3199 -113.073
3200 -113.003
3201 -112.982
3202 -112.952
3203 -112.913
3204 -112.883
3205 -112.843
3206 -112.814
3207 -112.78
3208 -112.756
3209 -112.747
3210 -112.74
3211 -112.762
3212 -112.784
3213 -112.778
3214 -112.77
3215 -112.753
3216 -112.714
3217 -112.693
3218 -112.704
3219 -112.692
3220 -112.71
3221 -112.69
3222 -112.679
3223 -112.66
3224 -112.665
3225 -112.67
3226 -112.679
3227 -112.69
3228 -112.686
3229 -112.661
3230 -112.64
3231 -112.622
3232 -112.63
3233 -112.63
3234 -112.63
3235 -112.638
3236 -112.617
3237 -112.61
3238 -112.6
3239 -112.608
3240 -112.615
3241 -112.607
3242 -112.618
3243 -112.589
3244 -112.572
3245 -112.593
3246 -112.593
3247 -112.592
3248 -112.608
3249 -112.596
3250 -112.609
3251 -112.595
3252 -112.611
3253 -112.625
3254 -112.63
3255 -112.63
3256 -112.61
3257 -112.616
3258 -112.619
3259 -112.606
3260 -112.6
3261 -112.61
3262 -112.601
3263 -112.603
3264 -112.61
3265 -112.623
3266 -112.654
3267 -112.68
3268 -112.672
3269 -112.688
3270 -112.666
3271 -112.642
3272 -112.657
3273 -112.685
3274 -112.703
3275 -112.709
3276 -112.688
3277 -112.659
3278 -112.656
3279 -112.671
3280 -112.685
3281 -112.7
3282 -112.685
3283 -112.67
3284 -112.66
3285 -112.65
3286 -112.663
3287 -112.671
3288 -112.698
3289 -112.701
3290 -112.686
3291 -112.689
3292 -112.69
3293 -112.698
3294 -112.723
3295 -112.73
3296 -112.72
3297 -112.712
3298 -112.702
3299 -112.71
3300 -112.722
3301 -112.73
3302 -112.728
3303 -112.72
3304 -112.717
3305 -112.712
3306 -112.721
3307 -112.73
3308 -112.75
3309 -112.75
3310 -112.76
3311 -112.75
3312 -112.75
3313 -112.765
3314 -112.78
3315 -112.786
3316 -112.78
3317 -112.77
3318 -112.77
3319 -112.771
3320 -112.773
3321 -112.803
3322 -112.81
3323 -112.797
3324 -112.782
3325 -112.78
3326 -112.788
3327 -112.802
3328 -112.796
3329 -112.788
3330 -112.78
3331 -112.79
3332 -112.797
3333 -112.791
3334 -112.806
3335 -112.819
3336 -112.81
3337 -112.811
3338 -112.825
3339 -112.81
3340 -112.82
3341 -112.82
3342 -112.834
3343 -112.831
3344 -112.841
3345 -112.821
3346 -112.824
3347 -112.812
3348 -112.84
3349 -112.823
3350 -112.817
3351 -112.81
3352 -112.81
3353 -112.818
3354 -112.835
3355 -112.85
3356 -112.852
3357 -112.853
3358 -112.86
3359 -112.874
3360 -112.882
3361 -112.89
3362 -112.873
3363 -112.89
3364 -112.889
3365 -112.88
3366 -112.889
3367 -112.876
3368 -112.87
3369 -112.87
3370 -112.87
3371 -112.87
3372 -112.88
3373 -112.88
3374 -112.88
3375 -112.876
3376 -112.879
3377 -112.898
3378 -112.901
3379 -112.9
3380 -112.9
3381 -112.91
3382 -112.91
3383 -112.903
3384 -112.902
3385 -112.905
3386 -112.934
3387 -112.93
3388 -112.937
3389 -112.91
3390 -112.91
3391 -112.93
3392 -112.93
3393 -112.938
3394 -112.914
3395 -112.919
3396 -112.921
3397 -112.9
3398 -112.915
3399 -112.92
