0 -104.93
1 -104.925
2 -104.901
3 -104.896
4 -104.89
5 -104.91
6 -104.91
7 -104.907
8 -104.908
9 -104.917
10 -104.918
11 -104.932
12 -104.954
13 -105.47
14 -106.001
15 -106.067
16 -106.037
17 -106.167
18 -106.649
19 -107.367
20 -108.059
21 -108.653
22 -109.076
23 -109.441
24 -109.813
25 -110.272
26 -110.831
27 -111.48
28 -112.176
29 -112.868
30 -113.47
31 -114.024
32 -114.493
33 -115.031
34 -115.761
35 -116.572
36 -117.344
37 -118.019
38 -118.601
39 -119.171
40 -119.826
41 -120.476
42 -121.25
43 -122.097
44 -122.865
45 -123.556
46 -124.143
47 -124.482
48 -124.866
49 -125.192
50 -125.559
51 -125.766
52 -125.917
53 -126.05
54 -126.117
55 -126.086
56 -126.035
57 -125.865
58 -125.643
59 -125.367
60 -125.099
61 -124.814
62 -124.489
63 -124.143
64 -123.754
65 -123.326
66 -122.823
67 -122.399
68 -121.978
69 -121.617
70 -121.178
71 -120.636
72 -120.017
73 -119.449
74 -118.927
75 -118.484
76 -117.964
77 -117.455
78 -116.959
79 -116.422
80 -115.926
81 -115.491
82 -115.246
83 -115.228
84 -115.301
85 -115.309
86 -115.211
87 -114.997
88 -114.57
89 -114.093
90 -113.529
91 -113.096
92 -112.86
93 -113.015
94 -113.346
95 -113.886
96 -114.367
97 -114.804
98 -114.992
99 -114.936
100 -114.784
101 -114.741
102 -114.762
103 -114.849
104 -114.868
105 -114.984
106 -115.086
107 -115.17
108 -115.034
109 -114.769
110 -114.426
111 -114.128
112 -113.82
113 -113.57
114 -113.59
115 -113.82
116 -114.082
117 -114.282
118 -114.269
119 -113.975
120 -113.584
121 -113.189
122 -112.871
123 -112.65
124 -112.592
125 -112.792
126 -113.111
127 -113.379
128 -113.379
129 -113.133
130 -112.858
131 -112.414
132 -112.022
133 -111.788
134 -111.883
135 -112.404
136 -113.13
137 -113.816
138 -114.341
139 -114.465
140 -114.407
141 -114.35
142 -114.336
143 -114.318
144 -114.423
145 -114.628
146 -114.885
147 -115.077
148 -115.158
149 -115.038
150 -114.826
151 -114.605
152 -114.244
153 -113.82
154 -113.558
155 -113.501
156 -113.724
157 -114.112
158 -114.375
159 -114.371
160 -114.15
161 -113.7
162 -113.189
163 -112.822
164 -112.682
165 -112.71
166 -112.915
167 -113.254
168 -113.535
169 -113.562
170 -113.394
171 -113.025
172 -112.665
173 -112.363
174 -112.223
175 -112.528
176 -113.08
177 -113.79
178 -114.453
179 -114.851
180 -114.893
181 -114.791
182 -114.703
183 -114.635
184 -114.629
185 -114.773
186 -115.06
187 -115.296
188 -115.512
189 -115.619
190 -115.582
191 -115.464
192 -115.163
193 -114.695
194 -114.411
195 -114.292
196 -114.297
197 -114.511
198 -114.917
199 -115.201
200 -115.073
201 -114.662
202 -114.109
203 -113.614
204 -113.22
205 -113.057
206 -113.145
207 -113.425
208 -113.722
209 -113.897
210 -113.931
211 -113.721
212 -113.433
213 -113.141
214 -112.821
215 -112.694
216 -112.9
217 -113.559
218 -114.366
219 -115.034
220 -115.364
221 -115.29
222 -115.077
223 -114.923
224 -114.762
225 -114.786
226 -115.071
227 -115.412
228 -115.73
229 -115.921
230 -115.942
231 -115.941
232 -115.808
233 -115.475
234 -115.058
235 -114.75
236 -114.568
237 -114.605
238 -114.893
239 -115.231
240 -115.364
241 -115.197
242 -114.731
243 -114.162
244 -113.704
245 -113.405
246 -113.258
247 -113.38
248 -113.662
249 -113.931
250 -114.04
251 -114.015
252 -113.844
253 -113.623
254 -113.366
255 -113.08
256 -113.074
257 -113.596
258 -114.244
259 -114.959
260 -115.504
261 -115.624
262 -115.543
263 -115.375
264 -115.186
265 -115.038
266 -115.197
267 -115.538
268 -115.797
269 -116.033
270 -116.167
271 -116.15
272 -116.023
273 -115.749
274 -115.392
275 -115.123
276 -114.949
277 -114.821
278 -114.975
279 -115.363
280 -115.669
281 -115.657
282 -115.341
283 -114.815
284 -114.252
285 -113.798
286 -113.488
287 -113.539
288 -113.869
289 -114.208
290 -114.453
291 -114.458
292 -114.307
293 -113.951
294 -113.687
295 -113.418
296 -113.293
297 -113.485
298 -114.104
299 -114.813
300 -115.483
301 -115.888
302 -115.924
303 -115.809
304 -115.652
305 -115.53
306 -115.435
307 -115.564
308 -115.891
309 -116.16
310 -116.372
311 -116.323
312 -116.146
313 -115.954
314 -115.672
315 -115.371
316 -115.089
317 -114.861
318 -114.776
319 -114.978
320 -115.283
321 -115.578
322 -115.46
323 -115.106
324 -114.599
325 -114.168
326 -113.735
327 -113.499
328 -113.629
329 -113.943
330 -114.209
331 -114.355
332 -114.324
333 -114.076
334 -113.744
335 -113.457
336 -113.197
337 -113.182
338 -113.492
339 -114.141
340 -114.84
341 -115.393
342 -115.63
343 -115.607
344 -115.493
345 -115.304
346 -115.126
347 -115.094
348 -115.352
349 -115.688
350 -115.995
351 -116.183
352 -116.24
353 -116.178
354 -115.974
355 -115.597
356 -115.239
357 -115.006
358 -114.855
359 -114.835
360 -115.109
361 -115.426
362 -115.52
363 -115.307
364 -114.864
365 -114.431
366 -114.068
367 -113.748
368 -113.642
369 -113.799
370 -114.146
371 -114.418
372 -114.552
373 -114.471
374 -114.182
375 -113.901
376 -113.605
377 -113.455
378 -113.581
379 -114.041
380 -114.773
381 -115.461
382 -115.921
383 -115.892
384 -115.698
385 -115.501
386 -115.323
387 -115.227
388 -115.284
389 -115.57
390 -115.948
391 -116.243
392 -116.298
393 -116.208
394 -116.05
395 -115.737
396 -115.368
397 -115.026
398 -114.824
399 -114.768
400 -114.862
401 -115.093
402 -115.368
403 -115.424
404 -115.087
405 -114.683
406 -114.304
407 -113.847
408 -113.553
409 -113.585
410 -113.827
411 -114.07
412 -114.254
413 -114.26
414 -114.109
415 -113.857
416 -113.577
417 -113.288
418 -113.089
419 -113.323
420 -113.841
421 -114.481
422 -115.056
423 -115.218
424 -115.036
425 -114.641
426 -114.23
427 -113.77
428 -113.343
429 -113.123
430 -113.146
431 -113.122
432 -113.02
433 -112.697
434 -112.285
435 -111.663
436 -110.995
437 -110.151
438 -109.237
439 -108.506
440 -107.983
441 -107.628
442 -107.411
443 -107.095
444 -106.665
445 -105.985
446 -105.065
447 -104.016
448 -102.92
449 -101.931
450 -101.186
451 -100.608
452 -100.29
453 -100.11
454 -99.949
455 -99.7127
456 -99.4864
457 -99.1491
458 -98.9883
459 -98.8489
460 -98.8476
461 -98.8544
462 -98.8855
463 -98.9701
464 -99.0106
465 -99.1674
466 -99.4171
467 -99.697
468 -100.141
469 -100.468
470 -100.801
471 -101.017
472 -101.235
473 -101.516
474 -101.887
475 -102.411
476 -102.929
477 -103.524
478 -104.088
479 -104.568
480 -105.04
481 -105.517
482 -105.939
483 -106.333
484 -106.622
485 -106.867
486 -107.068
487 -107.3
488 -107.577
489 -107.889
490 -108.117
491 -108.321
492 -108.454
493 -108.568
494 -108.781
495 -109.027
496 -109.292
497 -109.488
498 -109.618
499 -109.691
500 -109.693
501 -109.716
502 -109.818
503 -109.966
504 -110.119
505 -110.218
506 -110.275
507 -110.294
508 -110.285
509 -110.25
510 -110.272
511 -110.344
512 -110.462
513 -110.595
514 -110.669
515 -110.744
516 -110.788
517 -110.814
518 -110.847
519 -110.881
520 -110.908
521 -110.953
522 -111.007
523 -111.083
524 -111.127
525 -111.152
526 -111.153
527 -111.193
528 -111.217
529 -111.219
530 -111.186
531 -111.13
532 -111.119
533 -111.12
534 -111.125
535 -111.13
536 -111.169
537 -111.209
538 -111.244
539 -111.241
540 -111.216
541 -111.21
542 -111.24
543 -111.248
544 -111.258
545 -111.288
546 -111.288
547 -111.252
548 -111.205
549 -111.167
550 -111.139
551 -110.86
552 -110.037
553 -109.917
554 -109.96
555 -109.867
556 -109.412
557 -108.577
558 -107.672
559 -106.921
560 -106.391
561 -106.029
562 -105.666
563 -105.211
564 -104.639
565 -103.982
566 -103.317
567 -102.685
568 -102.078
569 -101.478
570 -100.849
571 -100.222
572 -99.619
573 -98.9949
574 -98.3272
575 -97.6359
576 -96.9367
577 -96.2079
578 -95.5284
579 -94.9169
580 -94.3089
581 -93.6774
582 -93.0085
583 -92.2752
584 -91.5863
585 -90.9067
586 -90.4636
587 -90.1567
588 -90.0253
589 -90.0224
590 -90.184
591 -90.2868
592 -90.3308
593 -90.28
594 -90.3714
595 -90.6667
596 -91.005
597 -91.3688
598 -91.6825
599 -92.017
600 -92.5179
601 -93.0861
602 -93.7523
603 -94.4563
604 -95.0804
605 -95.6323
606 -96.1491
607 -96.7653
608 -97.4897
609 -98.1621
610 -98.6864
611 -99.1837
612 -99.7263
613 -100.157
614 -100.489
615 -100.611
616 -100.912
617 -101.269
618 -101.666
619 -101.934
620 -102.175
621 -102.338
622 -102.357
623 -102.154
624 -102.008
625 -102.126
626 -102.471
627 -102.987
628 -103.581
629 -104.122
630 -104.392
631 -104.45
632 -104.114
633 -103.569
634 -103.055
635 -102.66
636 -102.57
637 -102.428
638 -102.278
639 -102.036
640 -101.724
641 -101.459
642 -101.331
643 -101.495
644 -101.719
645 -102.221
646 -102.839
647 -103.427
648 -103.934
649 -104.29
650 -104.615
651 -104.826
652 -104.995
653 -105.056
654 -104.933
655 -104.715
656 -104.462
657 -104.224
658 -104.102
659 -104.311
660 -104.66
661 -104.888
662 -104.845
663 -104.82
664 -104.727
665 -104.586
666 -104.379
667 -104.431
668 -104.74
669 -105.255
670 -105.722
671 -105.959
672 -105.96
673 -105.804
674 -105.364
675 -104.671
676 -104.004
677 -103.487
678 -103.18
679 -103.004
680 -102.873
681 -102.601
682 -102.308
683 -102.234
684 -102.28
685 -102.54
686 -102.946
687 -103.37
688 -103.943
689 -104.429
690 -104.827
691 -105.161
692 -105.394
693 -105.512
694 -105.502
695 -105.336
696 -105.122
697 -104.928
698 -104.618
699 -104.398
700 -104.497
701 -104.83
702 -105.052
703 -105.085
704 -104.946
705 -104.808
706 -104.631
707 -104.59
708 -104.496
709 -104.778
710 -105.31
711 -105.801
712 -106.018
713 -105.971
714 -105.625
715 -105.023
716 -104.381
717 -103.826
718 -103.365
719 -103.047
720 -102.801
721 -102.63
722 -102.475
723 -102.221
724 -102.152
725 -102.278
726 -102.596
727 -103.073
728 -103.688
729 -104.226
730 -104.593
731 -104.83
732 -104.995
733 -105.116
734 -105.317
735 -105.345
736 -105.176
737 -104.954
738 -104.74
739 -104.434
740 -104.319
741 -104.502
742 -104.858
743 -105.146
744 -105.266
745 -105.114
746 -104.81
747 -104.588
748 -104.54
749 -104.727
750 -105.1
751 -105.51
752 -105.91
753 -106.12
754 -105.967
755 -105.554
756 -104.967
757 -104.243
758 -103.731
759 -103.348
760 -103.116
761 -102.909
762 -102.79
763 -102.519
764 -102.293
765 -102.244
766 -102.371
767 -102.785
768 -103.368
769 -103.969
770 -104.318
771 -104.645
772 -104.9
773 -105.054
774 -105.235
775 -105.35
776 -105.257
777 -105.078
778 -104.866
779 -104.564
780 -104.39
781 -104.478
782 -104.719
783 -104.969
784 -105.043
785 -104.945
786 -104.691
787 -104.52
788 -104.509
789 -104.553
790 -104.672
791 -104.78
792 -105.144
793 -105.451
794 -105.567
795 -105.441
796 -104.952
797 -104.302
798 -103.629
799 -103.219
800 -102.845
801 -102.611
802 -102.523
803 -102.399
804 -102.164
805 -102.086
806 -102.02
807 -102.155
808 -102.57
809 -103.151
810 -103.634
811 -103.976
812 -104.281
813 -104.488
814 -104.743
815 -104.949
816 -104.936
817 -104.729
818 -104.511
819 -104.302
820 -104.103
821 -104.07
822 -104.233
823 -104.545
824 -104.753
825 -104.77
826 -104.561
827 -104.294
828 -103.936
829 -103.803
830 -103.93
831 -104.225
832 -104.58
833 -104.954
834 -105.205
835 -105.133
836 -104.785
837 -104.201
838 -103.47
839 -102.976
840 -102.686
841 -102.421
842 -102.192
843 -102.044
844 -101.836
845 -101.718
846 -101.659
847 -101.601
848 -101.833
849 -102.301
850 -102.839
851 -103.362
852 -103.851
853 -104.072
854 -104.263
855 -104.39
856 -104.43
857 -104.355
858 -104.16
859 -103.861
860 -103.636
861 -103.42
862 -103.375
863 -103.539
864 -103.932
865 -104.125
866 -104.103
867 -103.905
868 -103.64
869 -103.433
870 -103.413
871 -103.584
872 -103.901
873 -104.309
874 -104.625
875 -104.738
876 -104.614
877 -104.244
878 -103.559
879 -102.838
880 -102.367
881 -101.978
882 -101.696
883 -101.527
884 -101.394
885 -101.176
886 -101.109
887 -101.042
888 -101.149
889 -101.513
890 -102.04
891 -102.515
892 -102.941
893 -103.269
894 -103.564
895 -103.795
896 -103.91
897 -103.91
898 -103.76
899 -103.481
900 -103.19
901 -102.892
902 -102.724
903 -102.838
904 -103.241
905 -103.61
906 -103.69
907 -103.583
908 -103.287
909 -103.019
910 -102.883
911 -102.921
912 -103.117
913 -103.448
914 -103.886
915 -104.134
916 -104.153
917 -104.02
918 -103.406
919 -102.688
920 -102.121
921 -101.672
922 -101.403
923 -101.211
924 -101.11
925 -100.831
926 -100.526
927 -100.451
928 -100.442
929 -100.728
930 -101.242
931 -101.795
932 -102.172
933 -102.462
934 -102.595
935 -102.818
936 -103.07
937 -103.173
938 -103.193
939 -103.042
940 -102.908
941 -102.647
942 -102.357
943 -102.331
944 -102.526
945 -102.841
946 -103.002
947 -102.975
948 -102.822
949 -102.555
950 -102.352
951 -102.386
952 -102.555
953 -102.836
954 -103.127
955 -103.418
956 -103.668
957 -103.764
958 -103.578
959 -103.094
960 -102.56
961 -102.247
962 -102.085
963 -102.128
964 -102.4
965 -102.687
966 -102.925
967 -103.144
968 -103.38
969 -103.687
970 -104.252
971 -105.151
972 -106.135
973 -107.095
974 -107.925
975 -108.689
976 -109.414
977 -110.049
978 -110.758
979 -111.277
980 -111.653
981 -111.922
982 -112.246
983 -112.527
984 -112.896
985 -113.604
986 -114.519
987 -115.436
988 -116.332
989 -117.121
990 -117.574
991 -117.618
992 -117.303
993 -116.948
994 -116.802
995 -116.861
996 -116.949
997 -116.995
998 -116.924
999 -116.847
1000 -116.736
1001 -116.661
1002 -116.514
1003 -116.282
1004 -115.986
1005 -115.641
1006 -115.307
1007 -114.944
1008 -114.653
1009 -114.322
1010 -114.112
1011 -113.896
1012 -113.501
1013 -112.965
1014 -112.397
1015 -111.798
1016 -111.175
1017 -110.613
1018 -110.161
1019 -109.803
1020 -109.504
1021 -109.129
1022 -108.814
1023 -108.574
1024 -108.375
1025 -108.196
1026 -108.01
1027 -107.778
1028 -107.547
1029 -107.298
1030 -107.063
1031 -106.895
1032 -106.762
1033 -106.639
1034 -106.523
1035 -106.431
1036 -106.341
1037 -106.178
1038 -106.008
1039 -105.886
1040 -105.789
1041 -105.722
1042 -105.649
1043 -105.576
1044 -105.528
1045 -105.458
1046 -105.383
1047 -105.31
1048 -105.26
1049 -105.231
1050 -105.172
1051 -105.113
1052 -105.106
1053 -105.091
1054 -105.05
1055 -104.981
1056 -104.908
1057 -104.849
1058 -104.747
1059 -104.622
1060 -104.511
1061 -104.419
1062 -104.368
1063 -104.366
1064 -104.371
1065 -104.404
1066 -104.441
1067 -104.465
1068 -104.47
1069 -104.45
1070 -104.44
1071 -104.406
1072 -104.4
1073 -104.406
1074 -104.409
1075 -104.406
1076 -104.408
1077 -104.42
1078 -104.42
1079 -104.43
1080 -104.415
1081 -104.408
1082 -104.386
1083 -104.367
1084 -104.356
1085 -104.355
1086 -104.42
1087 -104.524
1088 -105.305
1089 -105.77
1090 -105.74
1091 -105.74
1092 -106.089
1093 -106.833
1094 -107.82
1095 -108.753
1096 -109.413
1097 -109.787
1098 -110.012
1099 -110.231
1100 -110.645
1101 -111.244
1102 -112.002
1103 -112.827
1104 -113.557
1105 -114.126
1106 -114.566
1107 -115.007
1108 -115.577
1109 -116.249
1110 -116.969
1111 -117.708
1112 -118.515
1113 -119.343
1114 -120.102
1115 -120.865
1116 -121.591
1117 -122.216
1118 -122.826
1119 -123.338
1120 -123.894
1121 -124.507
1122 -125.06
1123 -125.369
1124 -125.372
1125 -125.214
1126 -125.13
1127 -125.082
1128 -125.055
1129 -125.145
1130 -125.139
1131 -124.989
1132 -124.582
1133 -124.05
1134 -123.616
1135 -123.27
1136 -123.046
1137 -122.815
1138 -122.419
1139 -121.982
1140 -121.506
1141 -121.129
1142 -120.784
1143 -120.313
1144 -119.736
1145 -119.151
1146 -118.577
1147 -118.058
1148 -117.522
1149 -117.021
1150 -116.557
1151 -116.05
1152 -115.439
1153 -114.888
1154 -114.499
1155 -114.381
1156 -114.331
1157 -114.346
1158 -114.362
1159 -114.229
1160 -113.933
1161 -113.43
1162 -112.936
1163 -112.499
1164 -112.14
1165 -112.07
1166 -112.357
1167 -112.824
1168 -113.342
1169 -113.757
1170 -114.092
1171 -114.163
1172 -114.131
1173 -113.979
1174 -113.944
1175 -113.991
1176 -114.04
1177 -114.069
1178 -114.203
1179 -114.308
1180 -114.31
1181 -114.162
1182 -113.977
1183 -113.747
1184 -113.407
1185 -112.993
1186 -112.765
1187 -112.809
1188 -113
1189 -113.255
1190 -113.508
1191 -113.466
1192 -113.087
1193 -112.537
1194 -112.02
1195 -111.644
1196 -111.531
1197 -111.655
1198 -111.887
1199 -112.158
1200 -112.306
1201 -112.227
1202 -111.999
1203 -111.782
1204 -111.562
1205 -111.316
1206 -111.188
1207 -111.382
1208 -111.943
1209 -112.598
1210 -113.206
1211 -113.581
1212 -113.68
1213 -113.595
1214 -113.484
1215 -113.406
1216 -113.388
1217 -113.516
1218 -113.818
1219 -114.187
1220 -114.327
1221 -114.313
1222 -114.211
1223 -114.17
1224 -113.975
1225 -113.652
1226 -113.272
1227 -113.082
1228 -113.034
1229 -113.271
1230 -113.519
1231 -113.742
1232 -113.693
1233 -113.332
1234 -112.819
1235 -112.31
1236 -111.932
1237 -111.839
1238 -111.898
1239 -112.174
1240 -112.489
1241 -112.644
1242 -112.565
1243 -112.419
1244 -112.205
1245 -111.944
1246 -111.649
1247 -111.62
1248 -111.939
1249 -112.583
1250 -113.352
1251 -113.99
1252 -114.282
1253 -114.245
1254 -114.066
1255 -113.868
1256 -113.744
1257 -113.797
1258 -113.946
1259 -114.201
1260 -114.48
1261 -114.7
1262 -114.696
1263 -114.574
1264 -114.518
1265 -114.34
1266 -114.052
1267 -113.774
1268 -113.542
1269 -113.495
1270 -113.693
1271 -113.959
1272 -114.1
1273 -113.961
1274 -113.569
1275 -113.106
1276 -112.607
1277 -112.237
1278 -112.152
1279 -112.355
1280 -112.675
1281 -113.012
1282 -113.229
1283 -113.096
1284 -112.826
1285 -112.523
1286 -112.302
1287 -112.092
1288 -112.237
1289 -112.685
1290 -113.417
1291 -114.13
1292 -114.645
1293 -114.757
1294 -114.647
1295 -114.439
1296 -114.264
1297 -114.192
1298 -114.232
1299 -114.459
1300 -114.737
1301 -115.065
1302 -115.326
1303 -115.367
1304 -115.2
1305 -114.974
1306 -114.686
1307 -114.262
1308 -113.951
1309 -113.792
1310 -113.911
1311 -114.162
1312 -114.433
1313 -114.526
1314 -114.245
1315 -113.735
1316 -113.197
1317 -112.745
1318 -112.506
1319 -112.505
1320 -112.76
1321 -113.109
1322 -113.397
1323 -113.31
1324 -113.143
1325 -112.843
1326 -112.602
1327 -112.256
1328 -112.114
1329 -112.49
1330 -113.146
1331 -113.771
1332 -114.377
1333 -114.779
1334 -114.808
1335 -114.709
1336 -114.502
1337 -114.346
1338 -114.237
1339 -114.315
1340 -114.575
1341 -114.942
1342 -115.297
1343 -115.455
1344 -115.377
1345 -115.192
1346 -114.906
1347 -114.561
1348 -114.29
1349 -114.086
1350 -114.044
1351 -114.261
1352 -114.514
1353 -114.714
1354 -114.537
1355 -114.055
1356 -113.519
1357 -113.173
1358 -112.896
1359 -112.857
1360 -112.986
1361 -113.253
1362 -113.519
1363 -113.649
1364 -113.637
1365 -113.411
1366 -113.112
1367 -112.86
1368 -112.57
1369 -112.621
1370 -112.969
1371 -113.667
1372 -114.359
1373 -114.845
1374 -115.04
1375 -114.956
1376 -114.759
1377 -114.486
1378 -114.295
1379 -114.382
1380 -114.639
1381 -114.948
1382 -115.242
1383 -115.433
1384 -115.45
1385 -115.379
1386 -115.173
1387 -114.842
1388 -114.405
1389 -114.058
1390 -113.861
1391 -113.907
1392 -114.093
1393 -114.381
1394 -114.536
1395 -114.334
1396 -113.931
1397 -113.545
1398 -113.159
1399 -112.814
1400 -112.753
1401 -112.96
1402 -113.201
1403 -113.402
1404 -113.489
1405 -113.347
1406 -113.14
1407 -112.931
1408 -112.636
1409 -112.434
1410 -112.514
1411 -112.924
1412 -113.607
1413 -114.377
1414 -114.908
1415 -114.9
1416 -114.725
1417 -114.549
1418 -114.34
1419 -114.256
1420 -114.364
1421 -114.646
1422 -115
1423 -115.304
1424 -115.341
1425 -115.225
1426 -115.2
1427 -115.144
1428 -114.81
1429 -114.309
1430 -113.984
1431 -113.902
1432 -114.041
1433 -114.198
1434 -114.4
1435 -114.433
1436 -114.191
1437 -113.748
1438 -113.235
1439 -112.776
1440 -112.583
1441 -112.733
1442 -113.13
1443 -113.425
1444 -113.588
1445 -113.475
1446 -113.278
1447 -113.082
1448 -112.864
1449 -112.562
1450 -112.415
1451 -112.722
1452 -113.339
1453 -114.021
1454 -114.587
1455 -114.893
1456 -114.901
1457 -114.79
1458 -114.714
1459 -114.641
1460 -114.508
1461 -114.48
1462 -114.669
1463 -115.002
1464 -115.259
1465 -115.293
1466 -115.22
1467 -115.123
1468 -114.977
1469 -114.601
1470 -114.164
1471 -113.947
1472 -114
1473 -114.258
1474 -114.541
1475 -114.73
1476 -114.485
1477 -114.141
1478 -113.671
1479 -113.237
1480 -112.849
1481 -112.75
1482 -112.934
1483 -113.34
1484 -113.571
1485 -113.624
1486 -113.429
1487 -113.068
1488 -112.75
1489 -112.502
1490 -112.292
1491 -112.338
1492 -112.654
1493 -113.313
1494 -113.929
1495 -114.341
1496 -114.398
1497 -114.108
1498 -113.769
1499 -113.244
1500 -112.763
1501 -112.425
1502 -112.206
1503 -112.153
1504 -112.148
1505 -112.092
1506 -111.786
1507 -111.221
1508 -110.468
1509 -109.731
1510 -108.928
1511 -108.151
1512 -107.438
1513 -106.91
1514 -106.593
1515 -106.359
1516 -106.01
1517 -105.521
1518 -104.758
1519 -103.916
1520 -102.931
1521 -101.884
1522 -100.945
1523 -100.232
1524 -99.7655
1525 -99.5302
1526 -99.3261
1527 -99.0109
1528 -98.6951
1529 -98.3998
1530 -98.2457
1531 -98.154
1532 -98.0116
1533 -97.912
1534 -97.8697
1535 -98.0237
1536 -98.3371
1537 -98.6987
1538 -98.9527
1539 -99.0651
1540 -99.0898
1541 -99.2386
1542 -99.5348
1543 -99.909
1544 -100.373
1545 -100.924
1546 -101.392
1547 -101.826
1548 -102.18
1549 -102.584
1550 -103.019
1551 -103.476
1552 -103.971
1553 -104.453
1554 -104.889
1555 -105.318
1556 -105.709
1557 -106.069
1558 -106.409
1559 -106.737
1560 -107.002
1561 -107.219
1562 -107.436
1563 -107.604
1564 -107.772
1565 -107.946
1566 -108.183
1567 -108.443
1568 -108.712
1569 -108.936
1570 -109.08
1571 -109.145
1572 -109.16
1573 -109.181
1574 -109.279
1575 -109.42
1576 -109.594
1577 -109.711
1578 -109.768
1579 -109.767
1580 -109.792
1581 -109.871
1582 -109.99
1583 -110.153
1584 -110.267
1585 -110.291
1586 -110.28
1587 -110.295
1588 -110.363
1589 -110.42
1590 -110.456
1591 -110.469
1592 -110.482
1593 -110.507
1594 -110.573
1595 -110.666
1596 -110.77
1597 -110.846
1598 -110.892
1599 -110.9
1600 -110.9
1601 -110.901
1602 -110.937
1603 -110.99
1604 -111.025
1605 -111.03
1606 -111.001
1607 -110.99
1608 -111
1609 -111.035
1610 -111.087
1611 -111.116
1612 -111.117
1613 -111.087
1614 -111.028
1615 -110.983
1616 -110.968
1617 -110.967
1618 -110.993
1619 -111.023
1620 -111.03
1621 -111.018
1622 -110.969
1623 -110.918
1624 -110.41
1625 -109.701
1626 -109.688
1627 -109.743
1628 -109.553
1629 -108.941
1630 -108.05
1631 -107.163
1632 -106.435
1633 -106.029
1634 -105.726
1635 -105.41
1636 -104.953
1637 -104.288
1638 -103.491
1639 -102.697
1640 -101.998
1641 -101.442
1642 -100.946
1643 -100.404
1644 -99.8353
1645 -99.1976
1646 -98.4543
1647 -97.6817
1648 -96.9518
1649 -96.2617
1650 -95.6147
1651 -95.0416
1652 -94.4548
1653 -93.8115
1654 -93.1817
1655 -92.4767
1656 -91.8184
1657 -91.2126
1658 -90.6904
1659 -90.2987
1660 -89.9957
1661 -89.7954
1662 -89.7676
1663 -89.8683
1664 -89.9688
1665 -90.0756
1666 -90.1277
1667 -90.1059
1668 -90.2783
1669 -90.5066
1670 -90.9496
1671 -91.5658
1672 -92.029
1673 -92.4588
1674 -92.9401
1675 -93.6709
1676 -94.4898
1677 -95.1509
1678 -95.791
1679 -96.3026
1680 -96.8271
1681 -97.3676
1682 -97.8942
1683 -98.4503
1684 -99.0089
1685 -99.495
1686 -99.9424
1687 -100.286
1688 -100.482
1689 -100.699
1690 -100.984
1691 -101.356
1692 -101.631
1693 -101.785
1694 -101.831
1695 -101.833
1696 -101.843
1697 -102.144
1698 -102.434
1699 -102.722
1700 -103.007
1701 -103.42
1702 -103.773
1703 -104.017
1704 -104.121
1705 -103.915
1706 -103.444
1707 -102.825
1708 -102.401
1709 -102.172
1710 -102.02
1711 -101.891
1712 -101.88
1713 -101.732
1714 -101.515
1715 -101.434
1716 -101.44
1717 -101.635
1718 -102.094
1719 -102.753
1720 -103.358
1721 -103.842
1722 -104.205
1723 -104.482
1724 -104.697
1725 -104.789
1726 -104.802
1727 -104.668
1728 -104.506
1729 -104.337
1730 -104.039
1731 -103.872
1732 -104.113
1733 -104.491
1734 -104.737
1735 -104.834
1736 -104.754
1737 -104.482
1738 -104.191
1739 -104.072
1740 -104.281
1741 -104.716
1742 -105.329
1743 -105.728
1744 -105.914
1745 -105.82
1746 -105.435
1747 -104.843
1748 -104.188
1749 -103.6
1750 -103.306
1751 -103.06
1752 -102.858
1753 -102.72
1754 -102.475
1755 -102.178
1756 -102.044
1757 -102.07
1758 -102.25
1759 -102.686
1760 -103.297
1761 -103.803
1762 -104.215
1763 -104.576
1764 -104.871
1765 -104.969
1766 -105.028
1767 -105.001
1768 -104.8
1769 -104.585
1770 -104.402
1771 -104.218
1772 -104.261
1773 -104.487
1774 -104.806
1775 -105.018
1776 -104.932
1777 -104.652
1778 -104.4
1779 -104.339
1780 -104.4
1781 -104.408
1782 -104.683
1783 -105.067
1784 -105.417
1785 -105.563
1786 -105.415
1787 -105.063
1788 -104.626
1789 -104.008
1790 -103.491
1791 -103.154
1792 -102.943
1793 -102.814
1794 -102.713
1795 -102.478
1796 -102.251
1797 -102.193
1798 -102.211
1799 -102.55
1800 -103.073
1801 -103.62
1802 -104.008
1803 -104.333
1804 -104.625
1805 -104.885
1806 -105.018
1807 -105.085
1808 -104.992
1809 -104.758
1810 -104.6
1811 -104.446
1812 -104.275
1813 -104.341
1814 -104.604
1815 -105.001
1816 -105.252
1817 -105.22
1818 -104.895
1819 -104.569
1820 -104.456
1821 -104.544
1822 -104.76
1823 -105.084
1824 -105.398
1825 -105.757
1826 -105.84
1827 -105.613
1828 -105.068
1829 -104.345
1830 -103.717
1831 -103.352
1832 -103.084
1833 -102.811
1834 -102.683
1835 -102.579
1836 -102.373
1837 -102.218
1838 -102.09
1839 -102.198
1840 -102.559
1841 -103.146
1842 -103.768
1843 -104.182
1844 -104.523
1845 -104.781
1846 -104.906
1847 -104.96
1848 -104.898
1849 -104.704
1850 -104.482
1851 -104.339
1852 -104.158
1853 -104.056
1854 -104.192
1855 -104.491
1856 -104.766
1857 -104.961
1858 -104.845
1859 -104.505
1860 -104.176
1861 -104.081
1862 -104.14
1863 -104.431
1864 -104.899
1865 -105.354
1866 -105.634
1867 -105.577
1868 -105.122
1869 -104.389
1870 -103.627
1871 -103.088
1872 -102.728
1873 -102.541
1874 -102.463
1875 -102.372
1876 -102.211
1877 -102.016
1878 -101.936
1879 -101.919
1880 -102.047
1881 -102.537
1882 -103.163
1883 -103.609
1884 -103.965
1885 -104.288
1886 -104.551
1887 -104.757
1888 -104.907
1889 -104.802
1890 -104.561
1891 -104.329
1892 -104.108
1893 -103.874
1894 -103.848
1895 -103.984
1896 -104.245
1897 -104.545
1898 -104.71
1899 -104.504
1900 -104.218
1901 -103.979
1902 -103.97
1903 -104.03
1904 -104.245
1905 -104.528
1906 -104.887
1907 -105.074
1908 -104.969
1909 -104.527
1910 -103.814
1911 -103.089
1912 -102.64
1913 -102.397
1914 -102.18
1915 -102.016
1916 -101.898
1917 -101.674
1918 -101.572
1919 -101.477
1920 -101.499
1921 -101.692
1922 -102.179
1923 -102.784
1924 -103.27
1925 -103.636
1926 -103.91
1927 -104.117
1928 -104.234
1929 -104.198
1930 -103.975
1931 -103.696
1932 -103.501
1933 -103.386
1934 -103.342
1935 -103.464
1936 -103.662
1937 -103.931
1938 -104.013
1939 -103.938
1940 -103.698
1941 -103.375
1942 -103.234
1943 -103.325
1944 -103.548
1945 -103.902
1946 -104.235
1947 -104.582
1948 -104.555
1949 -104.309
1950 -103.764
1951 -103.048
1952 -102.484
1953 -102.128
1954 -101.845
1955 -101.616
1956 -101.467
1957 -101.269
1958 -101.032
1959 -101.02
1960 -100.915
1961 -100.934
1962 -101.233
1963 -101.832
1964 -102.4
1965 -102.857
1966 -103.213
1967 -103.444
1968 -103.607
1969 -103.699
1970 -103.655
1971 -103.45
1972 -103.272
1973 -103.101
1974 -102.877
1975 -102.851
1976 -102.986
1977 -103.255
1978 -103.572
1979 -103.727
1980 -103.57
1981 -103.212
1982 -102.898
1983 -102.744
1984 -102.748
1985 -103.014
1986 -103.37
1987 -103.783
1988 -103.945
1989 -103.902
1990 -103.661
1991 -103.083
1992 -102.386
1993 -101.846
1994 -101.565
1995 -101.366
1996 -101.247
1997 -101.117
1998 -100.76
1999 -100.481
2000 -100.384
2001 -100.365
2002 -100.597
2003 -101.041
2004 -101.532
2005 -102.013
2006 -102.449
2007 -102.77
2008 -103.024
2009 -103.135
2010 -103.11
2011 -102.939
2012 -102.758
2013 -102.517
2014 -102.367
2015 -102.22
2016 -102.237
2017 -102.445
2018 -102.776
2019 -102.866
2020 -102.835
2021 -102.656
2022 -102.383
2023 -102.26
2024 -102.293
2025 -102.456
2026 -102.792
2027 -103.18
2028 -103.448
2029 -103.569
2030 -103.488
2031 -103.211
2032 -102.695
2033 -102.234
2034 -101.976
2035 -101.872
2036 -102.118
2037 -102.401
2038 -102.66
2039 -102.865
2040 -103.074
2041 -103.443
2042 -103.985
2043 -104.714
2044 -105.499
2045 -106.355
2046 -107.137
2047 -107.901
2048 -108.697
2049 -109.389
2050 -110.077
2051 -110.781
2052 -111.361
2053 -111.673
2054 -111.883
2055 -112.173
2056 -112.49
2057 -112.997
2058 -113.753
2059 -114.693
2060 -115.692
2061 -116.534
2062 -117.173
2063 -117.42
2064 -117.34
2065 -117.098
2066 -116.761
2067 -116.598
2068 -116.628
2069 -116.803
2070 -116.98
2071 -116.999
2072 -116.899
2073 -116.647
2074 -116.302
2075 -116.016
2076 -115.807
2077 -115.657
2078 -115.478
2079 -115.26
2080 -114.987
2081 -114.672
2082 -114.256
2083 -113.829
2084 -113.41
2085 -112.908
2086 -112.471
2087 -112.01
2088 -111.503
2089 -110.967
2090 -110.428
2091 -109.891
2092 -109.424
2093 -109.106
2094 -108.837
2095 -108.63
2096 -108.414
2097 -108.105
2098 -107.776
2099 -107.445
2100 -107.179
2101 -106.994
2102 -106.863
2103 -106.745
2104 -106.619
2105 -106.486
2106 -106.316
2107 -106.116
2108 -105.967
2109 -105.903
2110 -105.831
2111 -105.736
2112 -105.586
2113 -105.474
2114 -105.367
2115 -105.287
2116 -105.19
2117 -105.16
2118 -105.145
2119 -105.112
2120 -105.027
2121 -104.909
2122 -104.778
2123 -104.689
2124 -104.6
2125 -104.572
2126 -104.581
2127 -104.64
2128 -104.677
2129 -104.686
2130 -104.626
2131 -104.59
2132 -104.525
2133 -104.466
2134 -104.408
2135 -104.39
2136 -104.368
2137 -104.314
2138 -104.24
2139 -104.225
2140 -104.22
2141 -104.238
2142 -104.259
2143 -104.288
2144 -104.317
2145 -104.313
2146 -104.292
2147 -104.264
2148 -104.242
2149 -104.225
2150 -104.203
2151 -104.19
2152 -104.19
2153 -104.19
2154 -104.209
2155 -104.24
2156 -104.24
2157 -104.25
2158 -104.24
2159 -104.24
2160 -104.51
2161 -105.362
2162 -105.543
2163 -105.465
2164 -105.552
2165 -105.969
2166 -106.787
2167 -107.785
2168 -108.683
2169 -109.291
2170 -109.634
2171 -109.819
2172 -110.07
2173 -110.493
2174 -111.071
2175 -111.797
2176 -112.58
2177 -113.278
2178 -113.869
2179 -114.373
2180 -114.935
2181 -115.595
2182 -116.273
2183 -116.91
2184 -117.572
2185 -118.321
2186 -119.122
2187 -119.968
2188 -120.777
2189 -121.467
2190 -122.035
2191 -122.591
2192 -123.086
2193 -123.675
2194 -124.28
2195 -124.901
2196 -125.246
2197 -125.307
2198 -125.133
2199 -124.883
2200 -124.715
2201 -124.62
2202 -124.665
2203 -124.632
2204 -124.401
2205 -124.03
2206 -123.675
2207 -123.335
2208 -123.075
2209 -122.69
2210 -122.264
2211 -121.814
2212 -121.538
2213 -121.257
2214 -120.885
2215 -120.366
2216 -119.762
2217 -119.178
2218 -118.681
2219 -118.154
2220 -117.544
2221 -116.998
2222 -116.434
2223 -116.068
2224 -115.557
2225 -115.021
2226 -114.426
2227 -114.145
2228 -113.982
2229 -113.957
2230 -113.995
2231 -113.945
2232 -113.806
2233 -113.475
2234 -112.951
2235 -112.337
2236 -111.868
2237 -111.596
2238 -111.641
2239 -112.035
2240 -112.561
2241 -113.039
2242 -113.441
2243 -113.772
2244 -113.789
2245 -113.681
2246 -113.655
2247 -113.698
2248 -113.716
2249 -113.683
2250 -113.67
2251 -113.747
2252 -113.78
2253 -113.784
2254 -113.644
2255 -113.482
2256 -113.233
2257 -112.867
2258 -112.482
2259 -112.32
2260 -112.334
2261 -112.591
2262 -112.902
2263 -113.144
2264 -112.987
2265 -112.526
2266 -111.98
2267 -111.57
2268 -111.269
2269 -111.266
2270 -111.463
2271 -111.745
2272 -112.031
2273 -112.067
2274 -111.886
2275 -111.572
2276 -111.181
2277 -110.873
2278 -110.711
2279 -110.693
2280 -111.072
2281 -111.798
2282 -112.522
2283 -113.148
2284 -113.384
2285 -113.29
2286 -113.072
2287 -112.99
2288 -112.995
2289 -112.99
2290 -113.157
2291 -113.441
2292 -113.687
2293 -113.894
2294 -113.853
2295 -113.84
2296 -113.764
2297 -113.564
2298 -113.195
2299 -112.854
2300 -112.647
2301 -112.642
2302 -112.858
2303 -113.131
2304 -113.296
2305 -113.137
2306 -112.747
2307 -112.225
2308 -111.776
2309 -111.521
2310 -111.489
2311 -111.632
2312 -111.933
2313 -112.174
2314 -112.266
2315 -112.108
2316 -111.881
2317 -111.572
2318 -111.31
2319 -111.128
2320 -111.297
2321 -111.678
2322 -112.364
2323 -113.142
2324 -113.687
2325 -113.904
2326 -113.776
2327 -113.508
2328 -113.338
2329 -113.27
2330 -113.32
2331 -113.566
2332 -113.948
2333 -114.24
2334 -114.366
2335 -114.36
2336 -114.254
2337 -114.089
2338 -113.822
2339 -113.495
2340 -113.318
2341 -113.215
2342 -113.201
2343 -113.331
2344 -113.615
2345 -113.697
2346 -113.518
2347 -113.124
2348 -112.703
2349 -112.249
2350 -111.916
2351 -111.851
2352 -112.068
2353 -112.302
2354 -112.599
2355 -112.714
2356 -112.604
2357 -112.404
2358 -112.14
2359 -111.855
2360 -111.628
2361 -111.885
2362 -112.404
2363 -113.104
2364 -113.733
2365 -114.145
2366 -114.19
2367 -113.951
2368 -113.75
2369 -113.554
2370 -113.558
2371 -113.813
2372 -114.225
2373 -114.539
2374 -114.758
2375 -114.829
2376 -114.747
2377 -114.563
2378 -114.301
2379 -113.96
2380 -113.613
2381 -113.415
2382 -113.324
2383 -113.444
2384 -113.67
2385 -114.003
2386 -113.987
2387 -113.662
2388 -113.177
2389 -112.658
2390 -112.22
2391 -112
2392 -112.052
2393 -112.387
2394 -112.691
2395 -112.884
2396 -112.814
2397 -112.622
2398 -112.356
2399 -112.048
2400 -111.825
2401 -111.885
2402 -112.28
2403 -112.916
2404 -113.526
2405 -114.055
2406 -114.278
2407 -114.322
2408 -114.195
2409 -114.058
2410 -113.852
2411 -113.777
2412 -113.941
2413 -114.263
2414 -114.53
2415 -114.74
2416 -114.794
2417 -114.83
2418 -114.69
2419 -114.424
2420 -114.142
2421 -113.874
2422 -113.718
2423 -113.693
2424 -113.829
2425 -114.073
2426 -114.18
2427 -113.988
2428 -113.524
2429 -112.992
2430 -112.512
2431 -112.262
2432 -112.306
2433 -112.573
2434 -112.901
2435 -113.127
2436 -113.187
2437 -113.01
2438 -112.706
2439 -112.428
2440 -112.172
2441 -112.03
2442 -112.127
2443 -112.578
2444 -113.233
2445 -113.872
2446 -114.337
2447 -114.53
2448 -114.471
2449 -114.361
2450 -114.163
2451 -113.96
2452 -113.923
2453 -114.129
2454 -114.445
2455 -114.705
2456 -114.936
2457 -115.009
2458 -114.939
2459 -114.703
2460 -114.287
2461 -113.848
2462 -113.695
2463 -113.624
2464 -113.652
2465 -113.808
2466 -114.082
2467 -114.094
2468 -113.797
2469 -113.309
2470 -112.82
2471 -112.467
2472 -112.315
2473 -112.316
2474 -112.559
2475 -112.76
2476 -112.933
2477 -112.943
2478 -112.884
2479 -112.677
2480 -112.421
2481 -112.04
2482 -111.902
2483 -112.197
2484 -112.821
2485 -113.565
2486 -114.229
2487 -114.543
2488 -114.461
2489 -114.326
2490 -114.141
2491 -113.875
2492 -113.666
2493 -113.768
2494 -114.19
2495 -114.613
2496 -114.8
2497 -114.802
2498 -114.814
2499 -114.812
2500 -114.538
2501 -114.179
2502 -113.783
2503 -113.566
2504 -113.543
2505 -113.56
2506 -113.613
2507 -113.853
2508 -113.853
2509 -113.653
2510 -113.279
2511 -112.891
2512 -112.516
2513 -112.322
2514 -112.35
2515 -112.598
2516 -112.84
2517 -112.994
2518 -112.942
2519 -112.8
2520 -112.522
2521 -112.266
2522 -111.95
2523 -112.013
2524 -112.37
2525 -113.1
2526 -113.831
2527 -114.381
2528 -114.59
2529 -114.452
2530 -114.26
2531 -114.141
2532 -114.027
2533 -114.045
2534 -114.185
2535 -114.528
2536 -114.84
2537 -114.99
2538 -114.883
2539 -114.767
2540 -114.705
2541 -114.494
2542 -114.073
2543 -113.585
2544 -113.325
2545 -113.426
2546 -113.696
2547 -113.93
2548 -114.012
2549 -113.864
2550 -113.588
2551 -113.206
2552 -112.696
2553 -112.239
2554 -112.212
2555 -112.53
2556 -112.812
2557 -113.021
2558 -112.968
2559 -112.706
2560 -112.509
2561 -112.364
2562 -112.122
2563 -111.877
2564 -112.006
2565 -112.423
2566 -113.102
2567 -113.608
2568 -113.882
2569 -113.842
2570 -113.502
2571 -113.049
2572 -112.612
2573 -112.257
2574 -111.957
2575 -111.81
2576 -111.765
2577 -111.734
2578 -111.547
2579 -111.181
2580 -110.595
2581 -109.888
2582 -109.175
2583 -108.323
2584 -107.377
2585 -106.617
2586 -106.166
2587 -105.961
2588 -105.646
2589 -105.351
2590 -104.87
2591 -104.044
2592 -102.98
2593 -101.858
2594 -101.049
2595 -100.394
2596 -99.7915
2597 -99.358
2598 -99.0771
2599 -98.8775
2600 -98.6005
2601 -98.2838
2602 -98.0374
2603 -97.8629
2604 -97.7334
2605 -97.5958
2606 -97.4276
2607 -97.3957
2608 -97.6102
2609 -97.958
2610 -98.3681
2611 -98.6389
2612 -98.73
2613 -98.7754
2614 -98.8861
2615 -99.2445
2616 -99.7348
2617 -100.187
2618 -100.622
2619 -100.986
2620 -101.392
2621 -101.775
2622 -102.282
2623 -102.837
2624 -103.392
2625 -103.872
2626 -104.312
2627 -104.695
2628 -105.073
2629 -105.473
2630 -105.886
2631 -106.29
2632 -106.575
2633 -106.762
2634 -106.913
2635 -107.102
2636 -107.322
2637 -107.596
2638 -107.881
2639 -108.132
2640 -108.353
2641 -108.501
2642 -108.562
2643 -108.618
2644 -108.699
2645 -108.87
2646 -109.016
2647 -109.089
2648 -109.165
2649 -109.278
2650 -109.381
2651 -109.43
2652 -109.42
2653 -109.4
2654 -109.437
2655 -109.566
2656 -109.747
2657 -109.878
2658 -109.935
2659 -109.946
2660 -109.976
2661 -110.01
2662 -110.07
2663 -110.147
2664 -110.258
2665 -110.357
2666 -110.39
2667 -110.343
2668 -110.266
2669 -110.251
2670 -110.287
2671 -110.311
2672 -110.345
2673 -110.34
2674 -110.359
2675 -110.379
2676 -110.414
2677 -110.411
2678 -110.416
2679 -110.41
2680 -110.407
2681 -110.392
2682 -110.4
2683 -110.422
2684 -110.471
2685 -110.538
2686 -110.594
2687 -110.61
2688 -110.579
2689 -110.564
2690 -110.55
2691 -110.55
2692 -110.55
2693 -110.555
2694 -110.54
2695 -110.507
2696 -110.433
2697 -109.677
2698 -109.121
2699 -109.182
2700 -109.22
2701 -108.973
2702 -108.297
2703 -107.376
2704 -106.447
2705 -105.741
2706 -105.331
2707 -105.052
2708 -104.784
2709 -104.347
2710 -103.725
2711 -103.012
2712 -102.256
2713 -101.551
2714 -100.941
2715 -100.391
2716 -99.8743
2717 -99.328
2718 -98.7216
2719 -98.081
2720 -97.3832
2721 -96.6167
2722 -95.836
2723 -95.0563
2724 -94.3849
2725 -93.7866
2726 -93.1881
2727 -92.6932
2728 -92.1104
2729 -91.5385
2730 -90.921
2731 -90.3866
2732 -89.9089
2733 -89.6565
2734 -89.49
2735 -89.5006
2736 -89.6311
2737 -89.8674
2738 -90.046
2739 -90.0869
2740 -90.1157
2741 -90.1373
2742 -90.3447
2743 -90.7936
2744 -91.3088
2745 -91.8238
2746 -92.3638
2747 -93.0424
2748 -93.7959
2749 -94.4751
2750 -94.9875
2751 -95.5219
2752 -96.1758
2753 -96.8447
2754 -97.4951
2755 -97.9919
2756 -98.5034
2757 -98.9944
2758 -99.398
2759 -99.7723
2760 -100.077
2761 -100.298
2762 -100.556
2763 -100.919
2764 -101.341
2765 -101.689
2766 -101.857
2767 -101.834
2768 -101.757
2769 -101.661
2770 -101.828
2771 -102.102
2772 -102.586
2773 -103.133
2774 -103.658
2775 -103.953
2776 -104.065
2777 -103.923
2778 -103.592
2779 -103.085
2780 -102.577
2781 -102.346
2782 -102.214
2783 -101.937
2784 -101.759
2785 -101.653
2786 -101.478
2787 -101.327
2788 -101.375
2789 -101.449
2790 -101.701
2791 -102.226
2792 -102.767
2793 -103.303
2794 -103.795
2795 -104.198
2796 -104.45
2797 -104.643
2798 -104.702
2799 -104.667
2800 -104.524
2801 -104.312
2802 -104.149
2803 -103.902
2804 -103.917
2805 -104.149
2806 -104.501
2807 -104.725
2808 -104.837
2809 -104.658
2810 -104.278
2811 -103.977
2812 -103.99
2813 -104.252
2814 -104.744
2815 -105.311
2816 -105.685
2817 -105.78
2818 -105.576
2819 -105.121
2820 -104.514
2821 -103.948
2822 -103.451
2823 -103.121
2824 -102.868
2825 -102.746
2826 -102.583
2827 -102.379
2828 -102.177
2829 -102.09
2830 -102.13
2831 -102.377
2832 -102.859
2833 -103.418
2834 -103.937
2835 -104.316
2836 -104.584
2837 -104.762
2838 -104.892
2839 -104.968
2840 -104.893
2841 -104.742
2842 -104.537
2843 -104.319
2844 -104.155
2845 -104.217
2846 -104.486
2847 -104.774
2848 -104.913
2849 -104.907
2850 -104.655
2851 -104.424
2852 -104.287
2853 -104.342
2854 -104.572
2855 -104.919
2856 -105.202
2857 -105.418
2858 -105.528
2859 -105.328
2860 -104.843
2861 -104.285
2862 -103.71
2863 -103.26
2864 -102.958
2865 -102.815
2866 -102.829
2867 -102.725
2868 -102.418
2869 -102.284
2870 -102.204
2871 -102.319
2872 -102.612
2873 -103.038
2874 -103.575
2875 -104.07
2876 -104.498
2877 -104.849
2878 -104.994
2879 -105.033
2880 -105.012
2881 -104.824
2882 -104.593
2883 -104.411
2884 -104.192
2885 -104.042
2886 -104.215
2887 -104.612
2888 -104.981
2889 -105.21
2890 -105.163
2891 -104.895
2892 -104.636
2893 -104.498
2894 -104.501
2895 -104.795
2896 -105.141
2897 -105.525
2898 -105.77
2899 -105.777
2900 -105.49
2901 -104.883
2902 -104.122
2903 -103.548
2904 -103.175
2905 -102.933
2906 -102.799
2907 -102.755
2908 -102.602
2909 -102.359
2910 -102.263
2911 -102.17
2912 -102.268
2913 -102.651
2914 -103.256
2915 -103.841
2916 -104.407
2917 -104.833
2918 -105.113
2919 -105.189
2920 -105.185
2921 -105.059
2922 -104.776
2923 -104.523
2924 -104.361
2925 -104.113
2926 -104.051
2927 -104.132
2928 -104.529
2929 -104.779
2930 -104.88
2931 -104.738
2932 -104.471
2933 -104.287
2934 -104.376
2935 -104.437
2936 -104.583
2937 -104.694
2938 -104.948
2939 -105.126
2940 -105.157
2941 -104.851
2942 -104.323
2943 -103.764
2944 -103.259
2945 -102.831
2946 -102.507
2947 -102.463
2948 -102.478
2949 -102.408
2950 -102.24
2951 -102.042
2952 -101.952
2953 -102.185
2954 -102.637
2955 -103.242
2956 -103.746
2957 -104.161
2958 -104.479
2959 -104.687
2960 -104.791
2961 -104.76
2962 -104.628
2963 -104.39
2964 -104.216
2965 -103.98
2966 -103.826
2967 -103.834
2968 -104.089
2969 -104.49
2970 -104.708
2971 -104.698
2972 -104.373
2973 -104.048
2974 -103.811
2975 -103.791
2976 -103.989
2977 -104.289
2978 -104.654
2979 -104.978
2980 -105.062
2981 -104.841
2982 -104.301
2983 -103.607
2984 -103.052
2985 -102.699
2986 -102.366
2987 -102.195
2988 -102.033
2989 -101.989
2990 -101.836
2991 -101.731
2992 -101.59
2993 -101.634
2994 -101.982
2995 -102.476
2996 -103.013
2997 -103.459
2998 -103.852
2999 -104.173
3000 -104.362
3001 -104.321
3002 -104.146
3003 -103.805
3004 -103.539
3005 -103.448
3006 -103.398
3007 -103.377
3008 -103.589
3009 -103.932
3010 -104.126
3011 -104.142
3012 -103.946
3013 -103.676
3014 -103.56
3015 -103.629
3016 -103.694
3017 -103.757
3018 -103.844
3019 -103.974
3020 -104.174
3021 -104.3
3022 -104.154
3023 -103.712
3024 -103.073
3025 -102.423
3026 -101.961
3027 -101.608
3028 -101.486
3029 -101.529
3030 -101.577
3031 -101.517
3032 -101.412
3033 -101.253
3034 -101.278
3035 -101.644
3036 -102.166
3037 -102.533
3038 -102.895
3039 -103.157
3040 -103.411
3041 -103.567
3042 -103.673
3043 -103.577
3044 -103.43
3045 -103.299
3046 -103.179
3047 -102.994
3048 -102.933
3049 -103.165
3050 -103.526
3051 -103.767
3052 -103.67
3053 -103.431
3054 -103.002
3055 -102.71
3056 -102.737
3057 -102.95
3058 -103.274
3059 -103.619
3060 -103.84
3061 -103.92
3062 -103.754
3063 -103.355
3064 -102.719
3065 -102.144
3066 -101.792
3067 -101.497
3068 -101.301
3069 -101.175
3070 -101.047
3071 -100.863
3072 -100.729
3073 -100.676
3074 -100.675
3075 -100.859
3076 -101.238
3077 -101.725
3078 -102.212
3079 -102.616
3080 -103
3081 -103.203
3082 -103.261
3083 -103.195
3084 -102.963
3085 -102.782
3086 -102.64
3087 -102.416
3088 -102.275
3089 -102.29
3090 -102.547
3091 -102.855
3092 -103.058
3093 -102.976
3094 -102.717
3095 -102.359
3096 -102.208
3097 -102.312
3098 -102.674
3099 -103.115
3100 -103.518
3101 -103.786
3102 -103.819
3103 -103.595
3104 -103.084
3105 -102.526
3106 -102.182
3107 -102.105
3108 -102.174
3109 -102.355
3110 -102.634
3111 -102.818
3112 -103.028
3113 -103.261
3114 -103.611
3115 -104.045
3116 -104.8
3117 -105.765
3118 -106.649
3119 -107.446
3120 -108.334
3121 -109.126
3122 -109.781
3123 -110.473
3124 -111.029
3125 -111.45
3126 -111.752
3127 -111.978
3128 -112.231
3129 -112.593
3130 -113.252
3131 -114.073
3132 -114.974
3133 -115.887
3134 -116.726
3135 -117.27
3136 -117.48
3137 -117.272
3138 -116.929
3139 -116.593
3140 -116.543
3141 -116.726
3142 -116.987
3143 -117.159
3144 -117.044
3145 -116.811
3146 -116.554
3147 -116.268
3148 -116.04
3149 -115.801
3150 -115.602
3151 -115.34
3152 -115.107
3153 -114.827
3154 -114.532
3155 -114.163
3156 -113.727
3157 -113.285
3158 -112.833
3159 -112.459
3160 -112.049
3161 -111.519
3162 -110.922
3163 -110.322
3164 -109.791
3165 -109.381
3166 -109.09
3167 -108.812
3168 -108.594
3169 -108.367
3170 -108.143
3171 -107.883
3172 -107.588
3173 -107.309
3174 -107.058
3175 -106.846
3176 -106.72
3177 -106.575
3178 -106.43
3179 -106.234
3180 -106.059
3181 -105.882
3182 -105.775
3183 -105.719
3184 -105.689
3185 -105.66
3186 -105.626
3187 -105.533
3188 -105.378
3189 -105.201
3190 -105.073
3191 -104.987
3192 -104.98
3193 -104.984
3194 -104.945
3195 -104.864
3196 -104.788
3197 -104.743
3198 -104.704
3199 -104.68
3200 -104.657
3201 -104.64
3202 -104.619
3203 -104.604
3204 -104.589
3205 -104.58
3206 -104.57
3207 -104.575
3208 -104.59
3209 -104.584
3210 -104.572
3211 -104.546
3212 -104.514
3213 -104.452
3214 -104.379
3215 -104.331
3216 -104.279
3217 -104.242
3218 -104.205
3219 -104.184
3220 -104.193
3221 -104.18
3222 -104.174
3223 -104.151
3224 -104.166
3225 -104.171
3226 -104.18
3227 -104.19
3228 -104.19
3229 -104.2
3230 -104.191
3231 -104.189
3232 -104.192
3233 -104.18
3234 -104.2
3235 -104.192
3236 -104.19
3237 -104.198
3238 -104.187
3239 -104.158
3240 -104.118
3241 -104.11
3242 -104.12
3243 -104.133
3244 -104.15
3245 -104.15
3246 -104.151
3247 -104.166
3248 -104.17
3249 -104.17
3250 -104.17
3251 -104.151
3252 -104.149
3253 -104.164
3254 -104.179
3255 -104.17
3256 -104.162
3257 -104.157
3258 -104.158
3259 -104.193
3260 -104.223
3261 -104.242
3262 -104.236
3263 -104.206
3264 -104.17
3265 -104.161
3266 -104.176
3267 -104.192
3268 -104.21
3269 -104.22
3270 -104.22
3271 -104.22
3272 -104.229
3273 -104.249
3274 -104.274
3275 -104.289
3276 -104.286
3277 -104.263
3278 -104.253
3279 -104.232
3280 -104.243
3281 -104.25
3282 -104.27
3283 -104.263
3284 -104.248
3285 -104.247
3286 -104.24
3287 -104.246
3288 -104.26
3289 -104.26
3290 -104.26
3291 -104.245
3292 -104.25
3293 -104.25
3294 -104.25
3295 -104.264
3296 -104.27
3297 -104.29
3298 -104.29
3299 -104.297
3300 -104.286
3301 -104.294
3302 -104.28
3303 -104.285
3304 -104.3
3305 -104.302
3306 -104.317
3307 -104.318
3308 -104.31
3309 -104.301
3310 -104.31
3311 -104.32
3312 -104.32
3313 -104.33
3314 -104.315
3315 -104.339
3316 -104.329
3317 -104.322
3318 -104.34
3319 -104.34
3320 -104.353
3321 -104.368
3322 -104.363
3323 -104.37
3324 -104.367
3325 -104.36
3326 -104.362
3327 -104.37
3328 -104.36
3329 -104.366
3330 -104.369
3331 -104.366
3332 -104.369
3333 -104.36
3334 -104.36
3335 -104.355
3336 -104.389
3337 -104.384
3338 -104.39
3339 -104.382
3340 -104.37
3341 -104.364
3342 -104.37
3343 -104.393
3344 -104.416
3345 -104.407
3346 -104.407
3347 -104.394
3348 -104.403
3349 -104.42
3350 -104.426
3351 -104.419
3352 -104.416
3353 -104.4
3354 -104.389
3355 -104.39
3356 -104.385
3357 -104.41
3358 -104.415
3359 -104.419
3360 -104.43
3361 -104.43
3362 -104.456
3363 -104.458
3364 -104.45
3365 -104.442
3366 -104.443
3367 -104.45
3368 -104.46
3369 -104.46
3370 -104.442
3371 -104.45
3372 -104.45
3373 -104.462
3374 -104.469
3375 -104.46
3376 -104.46
3377 -104.46
3378 -104.45
3379 -104.445
3380 -104.44
3381 -104.458
3382 -104.47
3383 -104.467
3384 -104.471
3385 -104.49
3386 -104.49
3387 -104.5
3388 -104.492
3389 -104.5
3390 -104.507
3391 -104.49
3392 -104.483
3393 -104.49
3394 -104.502
3395 -104.511
3396 -104.514
3397 -104.519
3398 -104.495
3399 -104.52
