0 -102.058
1 -102.177
2 -102.367
3 -101.678
4 -101.05
5 -102.556
6 -102.01
7 -103.666
8 -102.148
9 -100.988
10 -102.785
11 -102.643
12 -102.14
13 -103.26
14 -102.541
15 -102.582
16 -102.364
17 -102.882
18 -101.608
19 -102.98
20 -103.3
21 -104.565
22 -103.246
23 -102.612
24 -102.079
25 -102.325
26 -101.905
27 -101.637
28 -100.998
29 -103.501
30 -103.113
31 -103.236
32 -102.441
33 -104.071
34 -103.108
35 -102.831
36 -103.692
37 -103.828
38 -103.179
39 -105.934
40 -106.182
41 -106.638
42 -105.254
43 -107.623
44 -108.816
45 -107.358
46 -108.289
47 -108.462
48 -108.733
49 -110.33
50 -109.221
51 -109.82
52 -110.553
53 -110.98
54 -112.334
55 -112.537
56 -112.283
57 -114.801
58 -115.141
59 -115.43
60 -115.119
61 -116.471
62 -116.346
63 -115.59
64 -116.611
65 -117.402
66 -118.509
67 -118.539
68 -119.042
69 -119.657
70 -121.359
71 -119.83
72 -122.563
73 -123.037
74 -123.438
75 -122.167
76 -123.337
77 -121.617
78 -122.455
79 -122.61
80 -122.503
81 -123.48
82 -123.28
83 -123.222
84 -123.209
85 -120.991
86 -120.812
87 -120.824
88 -121.601
89 -120.467
90 -120.73
91 -123.324
92 -120.15
93 -119.534
94 -120.679
95 -120.119
96 -118.606
97 -117.979
98 -118.685
99 -117.765
100 -117.55
101 -117.356
102 -117.359
103 -115.676
104 -117.004
105 -115.013
106 -115.486
107 -114.927
108 -113.676
109 -111.1
110 -114.392
111 -112.097
112 -112.582
113 -111.873
114 -111.977
115 -112.79
116 -113.612
117 -115.053
118 -111.832
119 -109.851
120 -110.104
121 -110.876
122 -110.497
123 -110.786
124 -109.619
125 -111.233
126 -110.177
127 -112.099
128 -112.083
129 -111.399
130 -111.269
131 -112.956
132 -112.311
133 -111.709
134 -110.781
135 -111.772
136 -111.274
137 -111.066
138 -110.807
139 -113.047
140 -112.779
141 -112.833
142 -112.832
143 -113.558
144 -111.331
145 -111.474
146 -112.996
147 -111.217
148 -110.86
149 -113.594
150 -110.604
151 -111.219
152 -110.439
153 -112.25
154 -110.262
155 -112.567
156 -110.883
157 -109.108
158 -109.116
159 -111.304
160 -110.081
161 -109.576
162 -111.445
163 -111.704
164 -111.154
165 -110.24
166 -109.177
167 -109.951
168 -109.746
169 -109.79
170 -108.832
171 -108.312
172 -108.023
173 -109.307
174 -110.548
175 -111.505
176 -111.4
177 -111.174
178 -110.385
179 -110.546
180 -112.278
181 -112.542
182 -110.47
183 -110.706
184 -111.906
185 -111.98
186 -111.399
187 -111.035
188 -110.882
189 -111.525
190 -112.504
191 -110.154
192 -110.683
193 -111.445
194 -110.43
195 -111.964
196 -111.124
197 -111.247
198 -111.11
199 -111.852
200 -110.632
201 -110.915
202 -109.2
203 -111.25
204 -110.247
205 -110.106
206 -109.092
207 -108.268
208 -110.002
209 -107.426
210 -109.997
211 -109.637
212 -111.373
213 -111.373
214 -109.764
215 -108.636
216 -109.257
217 -109.34
218 -108.932
219 -109.446
220 -109.112
221 -111.096
222 -110.377
223 -111.134
224 -111.834
225 -110.622
226 -111.178
227 -112.368
228 -111.415
229 -110.026
230 -110.091
231 -112.931
232 -112.295
233 -112.226
234 -111.526
235 -112.877
236 -111.552
237 -112.069
238 -110.849
239 -110.534
240 -111.192
241 -110.486
242 -111.354
243 -110.878
244 -110.411
245 -110.102
246 -112.357
247 -111.485
248 -111.317
249 -111.565
250 -110.717
251 -107.915
252 -109.276
253 -108.982
254 -109.993
255 -108.949
256 -111.941
257 -111.349
258 -109.672
259 -109.483
260 -109.18
261 -108.037
262 -110.61
263 -110.314
264 -109.644
265 -109.726
266 -108.374
267 -111.036
268 -110.438
269 -111.176
270 -111.506
271 -111.385
272 -110.736
273 -110.969
274 -112.193
275 -110.41
276 -112.479
277 -112.064
278 -113.139
279 -111.18
280 -111.844
281 -112.764
282 -112.588
283 -112.152
284 -112.315
285 -112.374
286 -111.724
287 -112.243
288 -111.853
289 -112.323
290 -111.724
291 -111.646
292 -112.073
293 -112.949
294 -111.939
295 -112.476
296 -111.083
297 -111.466
298 -111.079
299 -110.287
300 -108.495
301 -112.322
302 -109.909
303 -109.624
304 -110.272
305 -109.834
306 -109.717
307 -110.158
308 -107.296
309 -110.431
310 -109.283
311 -109.924
312 -108.617
313 -110.837
314 -110.014
315 -110.488
316 -112.866
317 -112.485
318 -112.062
319 -111.861
320 -111.873
321 -111.574
322 -111.3
323 -112.003
324 -112.791
325 -112.913
326 -112.576
327 -112.752
328 -112.9
329 -112.056
330 -112.902
331 -111.769
332 -113.079
333 -112.182
334 -109.807
335 -110.531
336 -110.287
337 -113.567
338 -112.228
339 -112.714
340 -111.713
341 -112.666
342 -111.39
343 -109.222
344 -110.751
345 -109.941
346 -108.439
347 -110.251
348 -110.646
349 -109.44
350 -111.198
351 -110.78
352 -110.083
353 -109.398
354 -112.9
355 -109.281
356 -110.088
357 -109.82
358 -108.979
359 -110.318
360 -111.127
361 -111.514
362 -111.122
363 -113.075
364 -110.792
365 -112.337
366 -112.941
367 -113.854
368 -111.622
369 -113.181
370 -111.459
371 -112.686
372 -113.949
373 -112.951
374 -113.366
375 -113.997
376 -112.779
377 -113.044
378 -112.625
379 -110.922
380 -112.418
381 -113.191
382 -111.787
383 -113.342
384 -111.644
385 -112.261
386 -112.003
387 -113.049
388 -111.523
389 -113.054
390 -109.726
391 -109.912
392 -110.064
393 -110.992
394 -109.834
395 -109.874
396 -111.518
397 -110.481
398 -110.871
399 -110.431
400 -112.631
401 -111.79
402 -110.526
403 -110.793
404 -111.805
405 -109.065
406 -108.959
407 -111.921
408 -111.015
409 -111.762
410 -112.689
411 -110.948
412 -112.129
413 -111.612
414 -113.086
415 -112.569
416 -112.675
417 -113.199
418 -111.578
419 -113.5
420 -112.929
421 -112.534
422 -111.974
423 -112.405
424 -112.567
425 -111.686
426 -112.218
427 -112.857
428 -112.305
429 -112.7
430 -112.576
431 -112.434
432 -112.632
433 -111.455
434 -111.801
435 -110.825
436 -111.679
437 -111.534
438 -109.805
439 -111.014
440 -110.13
441 -110.302
442 -110.94
443 -111.24
444 -110.191
445 -110.456
446 -110.662
447 -110.764
448 -110.524
449 -109.699
450 -110.667
451 -109.043
452 -110.679
453 -110.214
454 -111.503
455 -111.09
456 -112.337
457 -113.008
458 -113.02
459 -112.157
460 -111.875
461 -113.22
462 -111.481
463 -111.787
464 -113.062
465 -113.366
466 -112.615
467 -111.119
468 -112.293
469 -113.972
470 -114.016
471 -112.51
472 -112.204
473 -112.389
474 -109.782
475 -112.268
476 -111.979
477 -112.557
478 -111.269
479 -112.18
480 -112.339
481 -112.143
482 -111.802
483 -112.17
484 -112.363
485 -111.331
486 -110.973
487 -109.643
488 -110.274
489 -109.909
490 -110.311
491 -109.721
492 -111.951
493 -111.901
494 -110.412
495 -110.896
496 -109.071
497 -109.471
498 -109.28
499 -107.806
500 -110.443
501 -111.544
502 -110.701
503 -111.843
504 -113.303
505 -111.578
506 -112.065
507 -112.482
508 -111.793
509 -112.094
510 -112.616
511 -111.623
512 -111.883
513 -111.039
514 -111.477
515 -111.794
516 -110.62
517 -111.151
518 -110.771
519 -109.409
520 -110.556
521 -107.764
522 -106.058
523 -107.657
524 -107.066
525 -106.553
526 -107.202
527 -105.41
528 -106.206
529 -105.384
530 -103.608
531 -103.261
532 -102.932
533 -101.513
534 -100.322
535 -101.019
536 -99.9168
537 -99.2961
538 -101.097
539 -98.9523
540 -98.8443
541 -97.9097
542 -97.7653
543 -96.4827
544 -96.2832
545 -96.9584
546 -96.1399
547 -96.2097
548 -95.7711
549 -94.1796
550 -95.9394
551 -95.1345
552 -94.4386
553 -95.4387
554 -94.8999
555 -94.4207
556 -94.4044
557 -95.7025
558 -95.351
559 -92.979
560 -94.5704
561 -94.272
562 -93.8836
563 -93.6602
564 -93.4445
565 -92.7783
566 -92.9384
567 -94.705
568 -93.5081
569 -93.373
570 -94.9671
571 -93.7973
572 -91.337
573 -92.3069
574 -92.4036
575 -90.977
576 -89.4576
577 -89.9792
578 -90.0301
579 -88.9391
580 -89.12
581 -88.1181
582 -87.6005
583 -86.8269
584 -86.5402
585 -87.5522
586 -88.0596
587 -87.082
588 -87.6147
589 -85.5024
590 -86.1305
591 -84.6441
592 -85.6331
593 -86.0755
594 -86.8735
595 -86.9181
596 -85.434
597 -86.2694
598 -86.2779
599 -86.4541
600 -85.5585
601 -84.5716
602 -88.7442
603 -86.4927
604 -86.983
605 -86.774
606 -89.4524
607 -87.8873
608 -88.2101
609 -88.6178
610 -90.3418
611 -91.4702
612 -92.3408
613 -91.8478
614 -92.0569
615 -92.0647
616 -93.7996
617 -94.3507
618 -94.7025
619 -95.9906
620 -94.9312
621 -97.6527
622 -96.3525
623 -98.4506
624 -97.6511
625 -97.5124
626 -97.6523
627 -99.0615
628 -98.5245
629 -99.4161
630 -99.2108
631 -98.6335
632 -98.7008
633 -100.347
634 -99.1006
635 -99.6664
636 -97.6629
637 -98.3751
638 -100.23
639 -98.7576
640 -99.1071
641 -97.9874
642 -101.467
643 -101.407
644 -101.574
645 -99.5036
646 -100.828
647 -99.8494
648 -99.2447
649 -99.9631
650 -99.4787
651 -98.138
652 -99.1757
653 -99.0334
654 -98.2649
655 -98.2484
656 -98.5413
657 -98.7417
658 -98.0637
659 -97.6551
660 -98.34
661 -98.7575
662 -100.393
663 -100.536
664 -99.6877
665 -99.1608
666 -100.541
667 -100.212
668 -99.899
669 -100.268
670 -101.917
671 -102.59
672 -99.8614
673 -101.194
674 -101.547
675 -101.12
676 -98.1511
677 -100.46
678 -100.649
679 -99.1505
680 -100.488
681 -100.428
682 -101.459
683 -100.932
684 -99.3932
685 -99.306
686 -100.748
687 -100.261
688 -100.945
689 -100.672
690 -102.451
691 -101.543
692 -102.245
693 -100.848
694 -100.237
695 -101.614
696 -100.032
697 -99.0769
698 -99.3842
699 -99.546
700 -98.4415
701 -100.401
702 -98.3529
703 -98.5617
704 -97.1427
705 -97.9975
706 -97.3458
707 -98.5118
708 -97.6697
709 -99.1042
710 -100.74
711 -99.5691
712 -99.1532
713 -99.6822
714 -101.002
715 -102.483
716 -100.883
717 -102.082
718 -101.217
719 -100.317
720 -100.407
721 -100.756
722 -101.857
723 -100.598
724 -99.334
725 -100.397
726 -100.406
727 -101.752
728 -100.772
729 -101.354
730 -100.323
731 -100.322
732 -100.466
733 -100.298
734 -100.221
735 -100.919
736 -102.091
737 -103.143
738 -101.314
739 -102.039
740 -101.637
741 -101.021
742 -101.678
743 -99.7101
744 -100.557
745 -99.1964
746 -99.0071
747 -99.0191
748 -99.1362
749 -98.6332
750 -98.2153
751 -99.264
752 -98.0432
753 -99.6538
754 -98.0986
755 -98.6202
756 -98.7922
757 -99.5826
758 -99.8948
759 -101.719
760 -99.3156
761 -100.034
762 -100.919
763 -101.401
764 -102.071
765 -102.54
766 -100.367
767 -102.305
768 -101.009
769 -101.527
770 -100.488
771 -99.9874
772 -101.187
773 -101.898
774 -102.103
775 -101.773
776 -100.866
777 -100.181
778 -101.048
779 -100.897
780 -102.275
781 -101.336
782 -101.176
783 -102.162
784 -101.877
785 -102.84
786 -101.859
787 -101.968
788 -101.262
789 -100.947
790 -98.8543
791 -98.9695
792 -99.4107
793 -98.4208
794 -98.5924
795 -98.7225
796 -99.3161
797 -97.6716
798 -99.5945
799 -99.0626
800 -98.375
801 -97.5623
802 -96.7061
803 -98.4022
804 -100.912
805 -101.468
806 -99.8217
807 -101.027
808 -100.074
809 -100.73
810 -101.331
811 -101.318
812 -101.927
813 -100.134
814 -99.3426
815 -99.546
816 -99.7628
817 -99.1353
818 -101.12
819 -100.269
820 -100.683
821 -101.067
822 -101.664
823 -101.487
824 -100.486
825 -100.101
826 -99.4602
827 -101.474
828 -101.859
829 -102.019
830 -102.237
831 -102.873
832 -99.9558
833 -102.963
834 -101.577
835 -100.843
836 -100.293
837 -99.5083
838 -99.0605
839 -100.071
840 -99.2309
841 -97.5948
842 -96.6013
843 -99.3323
844 -99.4003
845 -98.6743
846 -99.4876
847 -98.7429
848 -98.1933
849 -99.099
850 -98.9402
851 -100.06
852 -101.21
853 -100.184
854 -98.8275
855 -99.3506
856 -102.095
857 -99.875
858 -101.278
859 -101.55
860 -101.36
861 -101.11
862 -99.8156
863 -99.3201
864 -98.589
865 -99.996
866 -101.447
867 -101.25
868 -101.827
869 -100.667
870 -99.5084
871 -100.406
872 -101.099
873 -101.277
874 -99.8248
875 -100.487
876 -100.866
877 -101.173
878 -100.568
879 -101.258
880 -99.8189
881 -103.311
882 -100.119
883 -100.229
884 -98.4093
885 -99.809
886 -100.129
887 -98.9572
888 -98.1105
889 -99.129
890 -98.0375
891 -99.6175
892 -97.9983
893 -96.9511
894 -97.3655
895 -97.7762
896 -98.0387
897 -98.8039
898 -99.0081
899 -99.8813
900 -99.7818
901 -100.357
902 -100.614
903 -100.231
904 -101.762
905 -100.774
906 -100.216
907 -99.5393
908 -100.624
909 -101.019
910 -99.1437
911 -101.567
912 -99.9537
913 -98.9456
914 -101.712
915 -100.394
916 -99.8565
917 -100.782
918 -101.055
919 -100.887
920 -101.291
921 -99.7795
922 -101.522
923 -99.9183
924 -101.373
925 -100.388
926 -101.09
927 -100.811
928 -101.83
929 -100.042
930 -100.054
931 -96.5493
932 -98.5343
933 -98.7473
934 -99.3147
935 -98.6718
936 -98.2758
937 -98.5876
938 -98.7685
939 -98.4539
940 -96.9891
941 -97.1336
942 -98.558
943 -98.5104
944 -99.5424
945 -99.4361
946 -99.8653
947 -100.076
948 -99.3447
949 -99.2225
950 -101.504
951 -100.945
952 -101.531
953 -102.12
954 -100.52
955 -99.7678
956 -98.924
957 -98.659
958 -98.912
959 -100.51
960 -99.253
961 -100.777
962 -100.455
963 -99.5703
964 -99.9124
965 -99.0611
966 -99.9564
967 -100.096
968 -99.4172
969 -101.228
970 -100.922
971 -100.485
972 -99.3692
973 -100.747
974 -100.92
975 -101.763
976 -100.212
977 -99.65
978 -100.048
979 -98.2456
980 -97.6199
981 -97.7594
982 -97.2676
983 -98.5957
984 -98.1675
985 -97.2082
986 -97.6949
987 -98.26
988 -97.3972
989 -96.6525
990 -97.4647
991 -98.4409
992 -99.5618
993 -100.756
994 -99.9765
995 -101.699
996 -100.674
997 -99.2395
998 -99.3456
999 -99.5425
1000 -99.2592
1001 -99.9964
1002 -100.735
1003 -99.4337
1004 -99.8132
1005 -99.6128
1006 -98.6749
1007 -100.65
1008 -100.513
1009 -100.728
1010 -99.3215
1011 -99.1221
1012 -99.4592
1013 -99.2023
1014 -99.6872
1015 -101.436
1016 -99.0041
1017 -100.791
1018 -100.411
1019 -101.31
1020 -102.674
1021 -100.855
1022 -100.59
1023 -102.05
1024 -100.866
1025 -99.9846
1026 -100.845
1027 -100.052
1028 -101.418
1029 -100.692
1030 -101.945
1031 -102.354
1032 -101.873
1033 -101.7
1034 -102.767
1035 -103.505
1036 -102.767
1037 -102.908
1038 -104.84
1039 -106.166
1040 -106.256
1041 -107.667
1042 -107.322
1043 -108.896
1044 -109.668
1045 -110.7
1046 -109.935
1047 -109.568
1048 -110.344
1049 -112.8
1050 -111.658
1051 -112.089
1052 -111.567
1053 -111.57
1054 -112.653
1055 -114.086
1056 -114.028
1057 -113.934
1058 -114.177
1059 -115.307
1060 -115.707
1061 -116.06
1062 -114.852
1063 -114.923
1064 -115.376
1065 -115.557
1066 -114.841
1067 -116.308
1068 -115.509
1069 -116.88
1070 -115.913
1071 -117.65
1072 -117.254
1073 -117.254
1074 -116.641
1075 -116.811
1076 -118.007
1077 -117.567
1078 -117.131
1079 -118.512
1080 -119.455
1081 -118.424
1082 -118.657
1083 -118.606
1084 -120.139
1085 -121.83
1086 -121.256
1087 -121.966
1088 -121.518
1089 -121.957
1090 -120.099
1091 -122.628
1092 -124.167
1093 -122.949
1094 -122.92
1095 -122.6
1096 -122.798
1097 -122.805
1098 -122.885
1099 -122.369
1100 -124.535
1101 -126.183
1102 -125.584
1103 -124.035
1104 -123.935
1105 -122.701
1106 -123.173
1107 -123.16
1108 -124.488
1109 -123.878
1110 -122.259
1111 -122.562
1112 -123.076
1113 -121.477
1114 -121.938
1115 -122.963
1116 -120.508
1117 -119.828
1118 -119.285
1119 -118.65
1120 -117.913
1121 -117.055
1122 -117.043
1123 -116.69
1124 -116.23
1125 -114.868
1126 -114.649
1127 -113.64
1128 -113.758
1129 -112.416
1130 -113.518
1131 -113.278
1132 -113.901
1133 -112.674
1134 -112.118
1135 -113.157
1136 -111.667
1137 -112.431
1138 -110.819
1139 -110.84
1140 -111.553
1141 -110.692
1142 -110.989
1143 -111.347
1144 -109.817
1145 -108.999
1146 -110.729
1147 -112.29
1148 -111.725
1149 -111.367
1150 -111.851
1151 -112.613
1152 -111.574
1153 -110.805
1154 -111.136
1155 -110.533
1156 -110.48
1157 -111.334
1158 -111.644
1159 -111.585
1160 -110.226
1161 -112.093
1162 -109.945
1163 -112.379
1164 -110.334
1165 -111.302
1166 -111.022
1167 -110.83
1168 -110.013
1169 -110.881
1170 -110.224
1171 -110.75
1172 -111.017
1173 -110.666
1174 -110.543
1175 -109.059
1176 -109.798
1177 -108.98
1178 -108.878
1179 -107.859
1180 -107.992
1181 -107.931
1182 -108.449
1183 -110.08
1184 -109.743
1185 -109.435
1186 -107.662
1187 -107.171
1188 -108.507
1189 -109.096
1190 -108.529
1191 -107.681
1192 -106.866
1193 -108.583
1194 -108.336
1195 -108.74
1196 -109
1197 -110.832
1198 -110.749
1199 -109.165
1200 -109.547
1201 -109.559
1202 -108.995
1203 -108.791
1204 -110.047
1205 -110.344
1206 -111.755
1207 -112.263
1208 -111.184
1209 -109.805
1210 -111.353
1211 -110.558
1212 -109.354
1213 -110.506
1214 -109.596
1215 -109.193
1216 -110.161
1217 -109.559
1218 -112.121
1219 -110.534
1220 -109.1
1221 -108.851
1222 -107.969
1223 -109.094
1224 -108.536
1225 -107.911
1226 -107.611
1227 -108.452
1228 -108.6
1229 -108.57
1230 -109.94
1231 -108.632
1232 -109.302
1233 -107.661
1234 -107.472
1235 -108.297
1236 -108.998
1237 -107.206
1238 -108.194
1239 -107.618
1240 -108.93
1241 -110.357
1242 -110.748
1243 -109.367
1244 -108.904
1245 -109.415
1246 -108.327
1247 -109.941
1248 -109.454
1249 -111.799
1250 -111.308
1251 -109.916
1252 -110.738
1253 -111.431
1254 -111.88
1255 -110.586
1256 -110.793
1257 -108.729
1258 -110.715
1259 -110.521
1260 -108.346
1261 -109.619
1262 -110.869
1263 -108.81
1264 -109.004
1265 -109.396
1266 -109.341
1267 -109.402
1268 -110.489
1269 -109.343
1270 -108.744
1271 -108.451
1272 -109.316
1273 -109.137
1274 -109.063
1275 -108.14
1276 -108.702
1277 -109.258
1278 -108.352
1279 -108.218
1280 -107.687
1281 -108.607
1282 -107.544
1283 -109.586
1284 -107.251
1285 -108.3
1286 -109.321
1287 -109.875
1288 -109.871
1289 -111.019
1290 -110.269
1291 -109.992
1292 -110.278
1293 -109.653
1294 -109.585
1295 -109.012
1296 -111.882
1297 -110.004
1298 -111.808
1299 -111.014
1300 -110.628
1301 -111.605
1302 -112.099
1303 -109.125
1304 -111.037
1305 -111.714
1306 -110.734
1307 -110.416
1308 -110.174
1309 -110.162
1310 -109.49
1311 -111.187
1312 -110.809
1313 -109.613
1314 -110.067
1315 -110.191
1316 -110.901
1317 -108.736
1318 -109.074
1319 -108.308
1320 -108.258
1321 -109.246
1322 -110.645
1323 -108.396
1324 -107.864
1325 -110.955
1326 -108.539
1327 -108.796
1328 -107.61
1329 -109.351
1330 -109.669
1331 -108.349
1332 -107.538
1333 -108.479
1334 -109.219
1335 -108.624
1336 -111.004
1337 -110.707
1338 -109.812
1339 -110.111
1340 -110.033
1341 -110.955
1342 -109.233
1343 -109.854
1344 -109.743
1345 -109.476
1346 -110.55
1347 -110.868
1348 -109.732
1349 -111.438
1350 -110.739
1351 -111.007
1352 -111.662
1353 -109.682
1354 -108.503
1355 -110.47
1356 -110.846
1357 -110.653
1358 -110.225
1359 -109.275
1360 -110.216
1361 -109.899
1362 -109.728
1363 -108.746
1364 -108.398
1365 -108.523
1366 -109.396
1367 -109.192
1368 -108.956
1369 -107.74
1370 -109.701
1371 -108.458
1372 -108.528
1373 -108.47
1374 -107.122
1375 -107.612
1376 -109.37
1377 -108.859
1378 -109.093
1379 -108.361
1380 -109.744
1381 -110.696
1382 -109.709
1383 -110.768
1384 -110.824
1385 -111.809
1386 -110.65
1387 -110.233
1388 -110.108
1389 -110.165
1390 -110.835
1391 -110.201
1392 -112.967
1393 -111.053
1394 -111.423
1395 -111.833
1396 -111.146
1397 -111.228
1398 -109.506
1399 -111.36
1400 -110.687
1401 -110.025
1402 -110.135
1403 -110.259
1404 -109.755
1405 -109.283
1406 -110.628
1407 -110.05
1408 -108.976
1409 -109.773
1410 -108.794
1411 -109.566
1412 -108.677
1413 -109.213
1414 -107.958
1415 -109.166
1416 -109.122
1417 -110.191
1418 -108.655
1419 -109.485
1420 -108.041
1421 -108.352
1422 -107.417
1423 -107.035
1424 -107.596
1425 -108.05
1426 -108.774
1427 -109.802
1428 -108.443
1429 -108.435
1430 -110.49
1431 -109.106
1432 -108.889
1433 -110.72
1434 -111.211
1435 -110.496
1436 -111.425
1437 -111.49
1438 -109.132
1439 -110.677
1440 -111.538
1441 -110.94
1442 -110.562
1443 -110.851
1444 -111.067
1445 -110.967
1446 -109.987
1447 -109.922
1448 -111.238
1449 -110.333
1450 -110.454
1451 -110.282
1452 -109.19
1453 -110.227
1454 -111.019
1455 -109.685
1456 -109.796
1457 -109.153
1458 -108.846
1459 -109.755
1460 -109.59
1461 -108.634
1462 -108.432
1463 -108.181
1464 -108.949
1465 -108.427
1466 -108.268
1467 -108.845
1468 -108.229
1469 -108.239
1470 -108.81
1471 -108.294
1472 -109.685
1473 -108.777
1474 -110.02
1475 -111.36
1476 -111.427
1477 -109.626
1478 -109.755
1479 -109.113
1480 -109.313
1481 -108.37
1482 -111.012
1483 -111.09
1484 -111.058
1485 -110.323
1486 -110.716
1487 -112.843
1488 -110.238
1489 -110.57
1490 -110.938
1491 -111.022
1492 -110.367
1493 -109.713
1494 -110.19
1495 -110.758
1496 -110.212
1497 -110.316
1498 -109.266
1499 -108.689
1500 -109.62
1501 -109.552
1502 -110.467
1503 -109.382
1504 -109.246
1505 -107.148
1506 -108.071
1507 -108.526
1508 -108.997
1509 -109.096
1510 -109.59
1511 -110.042
1512 -106.446
1513 -109.508
1514 -107.784
1515 -108.48
1516 -108.151
1517 -108.081
1518 -108.833
1519 -107.915
1520 -109.02
1521 -110.508
1522 -108.7
1523 -111.171
1524 -110.203
1525 -109.732
1526 -111.392
1527 -112.191
1528 -111.795
1529 -112.676
1530 -110.37
1531 -111.835
1532 -111.472
1533 -111.363
1534 -110.297
1535 -110.586
1536 -109.735
1537 -108.338
1538 -109.957
1539 -108.142
1540 -107.853
1541 -105.577
1542 -106.438
1543 -106.157
1544 -106.026
1545 -104.858
1546 -103.468
1547 -104.707
1548 -104.54
1549 -103.354
1550 -103.673
1551 -100.929
1552 -101.494
1553 -100.495
1554 -100.219
1555 -99.3885
1556 -98.5547
1557 -98.8936
1558 -99.2614
1559 -98.5746
1560 -97.6
1561 -96.7728
1562 -97.3564
1563 -96.9889
1564 -96.7344
1565 -95.0491
1566 -95.2575
1567 -95.3561
1568 -94.757
1569 -94.045
1570 -94.0473
1571 -93.7617
1572 -94.2116
1573 -93.0731
1574 -92.5985
1575 -93.5578
1576 -95.0168
1577 -93.1401
1578 -93.0086
1579 -93.9296
1580 -92.7387
1581 -92.9751
1582 -94.3527
1583 -92.0624
1584 -93.2351
1585 -92.7305
1586 -92.1808
1587 -92.4755
1588 -92.1991
1589 -91.4933
1590 -92.2188
1591 -91.6222
1592 -90.915
1593 -90.7642
1594 -89.9834
1595 -89.1419
1596 -87.9204
1597 -88.0655
1598 -87.3886
1599 -88.2645
1600 -87.6164
1601 -87.8348
1602 -86.0385
1603 -87.6307
1604 -87.7285
1605 -87.9474
1606 -88.109
1607 -87.8401
1608 -87.314
1609 -85.7298
1610 -84.4716
1611 -85.7649
1612 -84.7267
1613 -85.7967
1614 -85.0991
1615 -86.8264
1616 -86.9917
1617 -86.8666
1618 -86.7766
1619 -87.0463
1620 -85.7569
1621 -85.4837
1622 -85.9523
1623 -86.2339
1624 -87.4572
1625 -85.9745
1626 -89.0896
1627 -88.9501
1628 -87.6041
1629 -91.5288
1630 -89.0543
1631 -90.6549
1632 -89.5271
1633 -91.8324
1634 -92.0441
1635 -91.2581
1636 -94.9207
1637 -94.3778
1638 -94.3862
1639 -94.6691
1640 -96.1338
1641 -95.4937
1642 -95.5204
1643 -97.7138
1644 -97.7913
1645 -96.9882
1646 -96.9908
1647 -97.4789
1648 -98.7848
1649 -97.3144
1650 -96.7321
1651 -97.9961
1652 -99.2956
1653 -100.214
1654 -99.2199
1655 -98.608
1656 -97.8371
1657 -99.3606
1658 -99.0217
1659 -100.173
1660 -98.7445
1661 -99.2261
1662 -101.223
1663 -100.678
1664 -99.39
1665 -100.828
1666 -100.105
1667 -99.5331
1668 -98.7747
1669 -99.4213
1670 -98.2538
1671 -96.8595
1672 -97.3947
1673 -98.2859
1674 -97.3774
1675 -96.8188
1676 -97.2622
1677 -98.0685
1678 -99.3841
1679 -97.7204
1680 -97.7935
1681 -99.1822
1682 -96.9193
1683 -98.1972
1684 -98.7977
1685 -99.2772
1686 -99.6069
1687 -99.1939
1688 -99.9218
1689 -101.452
1690 -101.405
1691 -100.777
1692 -101.708
1693 -100.486
1694 -99.9135
1695 -99.1876
1696 -101.012
1697 -100.503
1698 -100.253
1699 -102.036
1700 -100.492
1701 -101.136
1702 -99.4696
1703 -101.545
1704 -100.627
1705 -100.584
1706 -101.257
1707 -100.609
1708 -101.167
1709 -101.802
1710 -102.372
1711 -100.649
1712 -101.066
1713 -101.629
1714 -100.229
1715 -101.103
1716 -99.2421
1717 -100.666
1718 -99.3565
1719 -98.5273
1720 -97.7699
1721 -100.455
1722 -97.4085
1723 -97.1383
1724 -99.8221
1725 -98.4631
1726 -98.7303
1727 -99.659
1728 -98.3341
1729 -98.2763
1730 -99.3607
1731 -100.742
1732 -99.3137
1733 -100.478
1734 -100.026
1735 -101.472
1736 -101.329
1737 -100.641
1738 -102.645
1739 -100.326
1740 -100.92
1741 -99.9345
1742 -99.3839
1743 -99.8213
1744 -100.317
1745 -100.359
1746 -100.46
1747 -101.164
1748 -100.948
1749 -101.405
1750 -100.674
1751 -99.1265
1752 -98.8238
1753 -100.187
1754 -100.654
1755 -100.08
1756 -101.818
1757 -101.05
1758 -100.343
1759 -100.154
1760 -100.902
1761 -99.8542
1762 -98.4984
1763 -99.0071
1764 -99.3106
1765 -100.527
1766 -97.6097
1767 -99.1428
1768 -98.8429
1769 -98.8261
1770 -98.2745
1771 -97.8235
1772 -98.2637
1773 -98.7565
1774 -97.9353
1775 -97.7246
1776 -97.2773
1777 -98.0407
1778 -99.9296
1779 -100.123
1780 -101.326
1781 -100.187
1782 -102.095
1783 -100.649
1784 -100.407
1785 -101.62
1786 -101.284
1787 -100.572
1788 -100.444
1789 -99.6854
1790 -100.446
1791 -101.004
1792 -98.9481
1793 -100.466
1794 -100.382
1795 -99.993
1796 -99.8954
1797 -100.815
1798 -101.012
1799 -99.3352
1800 -100.488
1801 -100.976
1802 -99.8177
1803 -100.354
1804 -101.073
1805 -100.713
1806 -101.312
1807 -100.839
1808 -101.81
1809 -99.376
1810 -99.0078
1811 -98.5721
1812 -99.582
1813 -100.142
1814 -98.942
1815 -98.4252
1816 -99.4513
1817 -98.2656
1818 -97.3706
1819 -98.7606
1820 -98.4778
1821 -98.4743
1822 -99.1202
1823 -99.0022
1824 -97.8864
1825 -98.0546
1826 -99.6855
1827 -99.4709
1828 -100.721
1829 -100.551
1830 -101.465
1831 -102.053
1832 -99.6911
1833 -100.803
1834 -98.9643
1835 -101.648
1836 -100.288
1837 -98.4376
1838 -99.9257
1839 -99.9197
1840 -99.2536
1841 -102.401
1842 -100.25
1843 -101.382
1844 -100.834
1845 -100.614
1846 -101.517
1847 -101.046
1848 -100.612
1849 -100.735
1850 -100.137
1851 -101.344
1852 -101.478
1853 -100.266
1854 -101.377
1855 -100.16
1856 -100.143
1857 -99.5368
1858 -99.8395
1859 -97.1399
1860 -96.4001
1861 -96.8773
1862 -97.2621
1863 -99.8042
1864 -98.2942
1865 -98.1098
1866 -97.4778
1867 -98.0601
1868 -97.0202
1869 -97.7042
1870 -97.995
1871 -99.7507
1872 -99.2111
1873 -101.279
1874 -100.106
1875 -101.634
1876 -100.047
1877 -99.5633
1878 -100.417
1879 -100.408
1880 -100.365
1881 -101.038
1882 -100.34
1883 -98.9991
1884 -101.348
1885 -97.0328
1886 -100.608
1887 -101.982
1888 -100.275
1889 -99.9725
1890 -100.702
1891 -100.82
1892 -101.454
1893 -99.5992
1894 -99.8697
1895 -99.2328
1896 -100.326
1897 -101.124
1898 -100.557
1899 -100.164
1900 -101.012
1901 -100.078
1902 -98.8124
1903 -99.3689
1904 -99.5027
1905 -99.0703
1906 -98.6496
1907 -96.4621
1908 -96.6744
1909 -98.3946
1910 -97.6251
1911 -97.8221
1912 -97.4351
1913 -97.7197
1914 -96.9502
1915 -98.4271
1916 -98.6455
1917 -97.4905
1918 -98.5106
1919 -98.1954
1920 -99.6788
1921 -100.255
1922 -99.1791
1923 -101.023
1924 -99.593
1925 -99.4208
1926 -99.5674
1927 -101.386
1928 -100.796
1929 -100.179
1930 -99.4748
1931 -100.788
1932 -100.436
1933 -101.39
1934 -100.51
1935 -100.205
1936 -100.848
1937 -99.5371
1938 -98.7421
1939 -99.037
1940 -100.161
1941 -99.6833
1942 -100.116
1943 -100.063
1944 -100.333
1945 -100.278
1946 -99.0539
1947 -100.131
1948 -100.468
1949 -99.249
1950 -100.468
1951 -97.5555
1952 -98.1397
1953 -98.3626
1954 -99.6785
1955 -98.9588
1956 -97.7756
1957 -99.2449
1958 -96.5587
1959 -98.4626
1960 -96.1838
1961 -98.4437
1962 -98.109
1963 -99.0127
1964 -98.6538
1965 -100.99
1966 -100.884
1967 -99.8872
1968 -99.4642
1969 -98.9489
1970 -99.5513
1971 -100.076
1972 -100.207
1973 -102.233
1974 -100.541
1975 -100.454
1976 -98.9327
1977 -99.9116
1978 -99.9381
1979 -100.495
1980 -100.143
1981 -100.152
1982 -100.899
1983 -100.303
1984 -98.9989
1985 -99.3179
1986 -98.4805
1987 -99.7938
1988 -100.449
1989 -98.7363
1990 -100.195
1991 -100.977
1992 -100.861
1993 -100.639
1994 -100.338
1995 -100.345
1996 -98.4936
1997 -99.7259
1998 -98.7715
1999 -97.5103
2000 -97.3221
2001 -98.3869
2002 -97.5713
2003 -97.4819
2004 -97.9718
2005 -98.5366
2006 -97.4389
2007 -98.5248
2008 -98.26
2009 -97.4241
2010 -98.2248
2011 -97.7399
2012 -99.7338
2013 -100.496
2014 -99.7906
2015 -100.15
2016 -99.3147
2017 -101.463
2018 -99.1483
2019 -100.483
2020 -100.739
2021 -100.688
2022 -100.226
2023 -100.005
2024 -99.5695
2025 -99.0305
2026 -99.6034
2027 -100.237
2028 -100.031
2029 -100.461
2030 -100.372
2031 -99.9485
2032 -101.352
2033 -99.0673
2034 -100.175
2035 -100.377
2036 -99.5123
2037 -99.9087
2038 -100.246
2039 -99.8004
2040 -100.851
2041 -101.561
2042 -100.181
2043 -99.6185
2044 -100.675
2045 -100.213
2046 -99.7748
2047 -100.003
2048 -101.017
2049 -100.932
2050 -100.605
2051 -100.688
2052 -101.906
2053 -102.013
2054 -102.371
2055 -102.457
2056 -103.57
2057 -101.967
2058 -105.975
2059 -107.504
2060 -106.877
2061 -107.623
2062 -106.477
2063 -108.182
2064 -109.137
2065 -110.89
2066 -110.656
2067 -110.521
2068 -111.358
2069 -111.298
2070 -111.547
2071 -112.895
2072 -111.683
2073 -111.762
2074 -112.529
2075 -113.069
2076 -113.532
2077 -114.153
2078 -113.162
2079 -114.944
2080 -115.34
2081 -115.646
2082 -116.51
2083 -113.704
2084 -113.609
2085 -114.398
2086 -116.28
2087 -115.27
2088 -115.773
2089 -117.809
2090 -116.191
2091 -116.674
2092 -117.555
2093 -116.777
2094 -116.889
2095 -116.708
2096 -116.634
2097 -116.95
2098 -118.303
2099 -118.739
2100 -118.658
2101 -118.517
2102 -117.547
2103 -118.488
2104 -119.708
2105 -121.201
2106 -121.402
2107 -119.691
2108 -119.179
2109 -120.925
2110 -122.538
2111 -122.982
2112 -122.23
2113 -122.873
2114 -122.6
2115 -122.89
2116 -123.001
2117 -121.966
2118 -122.066
2119 -122.549
2120 -122.144
2121 -123.645
2122 -124.344
2123 -124.451
2124 -122.982
2125 -123.01
2126 -122.969
2127 -121.519
2128 -123.455
2129 -122.29
2130 -123.113
2131 -122.181
2132 -121.296
2133 -120.914
2134 -120.059
2135 -120.199
2136 -120.933
2137 -118.346
2138 -118.164
2139 -118.54
2140 -117.815
2141 -117.209
2142 -115.789
2143 -116.945
2144 -115.989
2145 -115.848
2146 -114.021
2147 -115.352
2148 -115.046
2149 -112.795
2150 -112.881
2151 -112.849
2152 -111.477
2153 -111.946
2154 -110.824
2155 -112.256
2156 -112.069
2157 -111.212
2158 -110.023
2159 -110.323
2160 -110.821
2161 -109.206
2162 -109.344
2163 -109.85
2164 -109.814
2165 -110.142
2166 -110.001
2167 -111.131
2168 -110.754
2169 -110.577
2170 -110.861
2171 -109.644
2172 -110.945
2173 -110.16
2174 -111.237
2175 -109.734
2176 -110.336
2177 -111.154
2178 -111.496
2179 -111.8
2180 -111.371
2181 -110.337
2182 -110.442
2183 -110.189
2184 -110.7
2185 -109.959
2186 -109.461
2187 -109.213
2188 -108.863
2189 -108.319
2190 -109.847
2191 -108.072
2192 -109.014
2193 -109.08
2194 -110.148
2195 -108.748
2196 -109.123
2197 -107.237
2198 -108.678
2199 -105.991
2200 -107.973
2201 -108.215
2202 -108.547
2203 -107.683
2204 -107.329
2205 -107.63
2206 -109.027
2207 -108.487
2208 -107.526
2209 -107.418
2210 -106.488
2211 -106.87
2212 -107.031
2213 -108.245
2214 -108.199
2215 -108.117
2216 -108.555
2217 -110.363
2218 -109.158
2219 -109.26
2220 -108.702
2221 -110.134
2222 -109.624
2223 -109.552
2224 -109.53
2225 -111.079
2226 -111.182
2227 -109.702
2228 -109.735
2229 -111.659
2230 -110.971
2231 -110.284
2232 -109.378
2233 -108.876
2234 -109.774
2235 -109.111
2236 -109.872
2237 -106.79
2238 -110.904
2239 -109.92
2240 -108.241
2241 -107.645
2242 -108.717
2243 -108.266
2244 -109.286
2245 -107.496
2246 -108.026
2247 -107.548
2248 -109.128
2249 -109.162
2250 -108.717
2251 -108.809
2252 -106.401
2253 -107.393
2254 -107.984
2255 -108.634
2256 -105.399
2257 -106.654
2258 -108.112
2259 -107.304
2260 -108.258
2261 -107.815
2262 -109.375
2263 -111.11
2264 -108.573
2265 -109.467
2266 -109.339
2267 -110.096
2268 -109.979
2269 -109.225
2270 -109.185
2271 -110.734
2272 -110.678
2273 -108.188
2274 -109.95
2275 -110.227
2276 -109.022
2277 -111.114
2278 -110.723
2279 -109.499
2280 -109.035
2281 -108.793
2282 -109.572
2283 -107.685
2284 -109.736
2285 -110.114
2286 -109.914
2287 -109.516
2288 -108.282
2289 -107.822
2290 -109.1
2291 -108.713
2292 -108.653
2293 -108.352
2294 -109.298
2295 -108.921
2296 -108.017
2297 -108.99
2298 -108.193
2299 -108.733
2300 -108.624
2301 -108.29
2302 -107.201
2303 -106.713
2304 -105.791
2305 -107.427
2306 -107.985
2307 -108.014
2308 -107.327
2309 -109.298
2310 -109.192
2311 -109.242
2312 -108.797
2313 -109.754
2314 -109.793
2315 -109.279
2316 -108.885
2317 -110.442
2318 -109.635
2319 -111.759
2320 -109.802
2321 -109.683
2322 -111.002
2323 -110.219
2324 -109.772
2325 -109.748
2326 -109.327
2327 -109.077
2328 -110.313
2329 -108.72
2330 -109.5
2331 -110.51
2332 -108.961
2333 -110.718
2334 -108.854
2335 -109.212
2336 -109.151
2337 -106.763
2338 -107.28
2339 -107.239
2340 -108.407
2341 -108.94
2342 -107.276
2343 -108.003
2344 -108.592
2345 -107.24
2346 -107.391
2347 -107.748
2348 -107.266
2349 -107.276
2350 -107.246
2351 -107.782
2352 -107.668
2353 -107.314
2354 -109.572
2355 -109.5
2356 -108.964
2357 -109.907
2358 -107.345
2359 -110.086
2360 -109.083
2361 -109.218
2362 -108.677
2363 -109.759
2364 -108.834
2365 -111.491
2366 -110.789
2367 -110.687
2368 -109.949
2369 -110.032
2370 -110.797
2371 -110.277
2372 -110.479
2373 -109.535
2374 -109.406
2375 -110.128
2376 -108.884
2377 -109.035
2378 -108.969
2379 -108.713
2380 -110.158
2381 -109.729
2382 -108.418
2383 -109.278
2384 -108.808
2385 -109.152
2386 -107.953
2387 -108.803
2388 -109.317
2389 -108.219
2390 -108.398
2391 -109.081
2392 -108.977
2393 -106.676
2394 -107.924
2395 -107.763
2396 -109.026
2397 -106.963
2398 -107.473
2399 -108.486
2400 -109.205
2401 -109.206
2402 -110.3
2403 -109.651
2404 -108.578
2405 -110.199
2406 -110.178
2407 -110.682
2408 -109.866
2409 -109.54
2410 -110.329
2411 -109.581
2412 -110.789
2413 -111.535
2414 -110.731
2415 -110.368
2416 -109.76
2417 -108.73
2418 -109.824
2419 -111.576
2420 -111.053
2421 -109.202
2422 -108.94
2423 -109.265
2424 -110.296
2425 -108.471
2426 -108.484
2427 -109.742
2428 -108.289
2429 -109.166
2430 -109.441
2431 -108.252
2432 -107.61
2433 -107.887
2434 -107.335
2435 -108.027
2436 -109.767
2437 -107.733
2438 -110.188
2439 -108.939
2440 -108.085
2441 -108.72
2442 -108.023
2443 -107.097
2444 -107.393
2445 -107.968
2446 -108.619
2447 -108.888
2448 -108.813
2449 -109.274
2450 -111.082
2451 -109.618
2452 -109.094
2453 -108.936
2454 -110.089
2455 -111.015
2456 -108.843
2457 -108.085
2458 -109.263
2459 -110.685
2460 -111.669
2461 -111.02
2462 -111.841
2463 -111.828
2464 -110.791
2465 -110.59
2466 -110.931
2467 -109.787
2468 -108.093
2469 -108.311
2470 -110.676
2471 -108.867
2472 -109.08
2473 -108.963
2474 -110.278
2475 -109.086
2476 -109.481
2477 -108.073
2478 -108.719
2479 -108.942
2480 -108.483
2481 -109.394
2482 -108.127
2483 -108.472
2484 -109.343
2485 -108.271
2486 -108.613
2487 -108.739
2488 -108.046
2489 -104.984
2490 -107.651
2491 -107.596
2492 -109.177
2493 -109.171
2494 -110.141
2495 -110.714
2496 -110.63
2497 -110.366
2498 -109.018
2499 -108.775
2500 -110.462
2501 -109.835
2502 -110.071
2503 -110.604
2504 -108.222
2505 -109.927
2506 -109.986
2507 -109.708
2508 -111.855
2509 -111.445
2510 -112.218
2511 -111.307
2512 -109.887
2513 -108.736
2514 -110.485
2515 -110.666
2516 -109.766
2517 -109.924
2518 -109.999
2519 -110.396
2520 -110.286
2521 -108.834
2522 -108.82
2523 -110.558
2524 -107.448
2525 -108.174
2526 -107.347
2527 -109.011
2528 -106.968
2529 -109.526
2530 -108.715
2531 -109.884
2532 -108.542
2533 -107.923
2534 -108.605
2535 -107.476
2536 -107.822
2537 -107.383
2538 -106.979
2539 -107.539
2540 -108.259
2541 -109.2
2542 -109.048
2543 -110.476
2544 -109.461
2545 -109.563
2546 -110.52
2547 -110.053
2548 -110.62
2549 -110.788
2550 -110.137
2551 -108.302
2552 -110.938
2553 -109.349
2554 -109.985
2555 -109.534
2556 -109.271
2557 -108.796
2558 -108.588
2559 -107.193
2560 -108.137
2561 -106.149
2562 -106.398
2563 -105.419
2564 -105.15
2565 -104.699
2566 -103.518
2567 -104.656
2568 -103.44
2569 -103.905
2570 -101.536
2571 -100.63
2572 -100.495
2573 -99.5178
2574 -100.186
2575 -99.7238
2576 -98.5145
2577 -97.9093
2578 -99.6131
2579 -97.6642
2580 -97.8726
2581 -97.3293
2582 -96.241
2583 -94.8937
2584 -94.6368
2585 -93.2171
2586 -94.2194
2587 -93.496
2588 -94.7225
2589 -94.4586
2590 -93.2237
2591 -94.4457
2592 -94.3566
2593 -91.8446
2594 -93.7653
2595 -93.9283
2596 -93.0421
2597 -93.3074
2598 -93.9456
2599 -93.5832
2600 -92.7436
2601 -92.9995
2602 -92.9328
2603 -92.2969
2604 -92.3832
2605 -90.6164
2606 -91.2419
2607 -91.669
2608 -91.461
2609 -92.402
2610 -92.8245
2611 -91.8615
2612 -90.5428
2613 -90.316
2614 -90.2989
2615 -90.5082
2616 -88.3403
2617 -89.9584
2618 -89.5228
2619 -88.0245
2620 -86.3363
2621 -85.7565
2622 -85.7518
2623 -84.8132
2624 -85.6741
2625 -86.3391
2626 -84.99
2627 -87.2054
2628 -86.3711
2629 -86.487
2630 -84.3824
2631 -85.3665
2632 -84.7942
2633 -85.1577
2634 -85.0728
2635 -85.8088
2636 -83.7483
2637 -85.7398
2638 -85.6758
2639 -85.6678
2640 -85.2622
2641 -86.7519
2642 -86.3185
2643 -86.8252
2644 -85.8749
2645 -87.3155
2646 -87.8375
2647 -86.5864
2648 -88.0304
2649 -88.5452
2650 -88.5781
2651 -90.3074
2652 -91.3287
2653 -91.0427
2654 -91.0526
2655 -90.6195
2656 -93.6605
2657 -94.6011
2658 -95.1393
2659 -95.6564
2660 -96.1085
2661 -95.3744
2662 -96.9888
2663 -95.5896
2664 -95.5401
2665 -96.5513
2666 -96.9701
2667 -96.7017
2668 -97.4421
2669 -98.9818
2670 -98.2266
2671 -97.5981
2672 -97.8272
2673 -98.5258
2674 -98.3574
2675 -98.1174
2676 -98.8259
2677 -98.3997
2678 -98.6463
2679 -98.9349
2680 -97.9797
2681 -98.5294
2682 -100.042
2683 -100.538
2684 -99.6664
2685 -99.6874
2686 -99.5561
2687 -99.1689
2688 -99.9347
2689 -99.3524
2690 -100.89
2691 -96.6646
2692 -97.6568
2693 -97.5348
2694 -96.8555
2695 -96.1655
2696 -97.3188
2697 -98.5018
2698 -97.4816
2699 -96.6337
2700 -97.0159
2701 -98.6463
2702 -97.5033
2703 -99.0454
2704 -99.3046
2705 -100.483
2706 -98.8636
2707 -100.743
2708 -99.0777
2709 -101.364
2710 -99.9129
2711 -99.9192
2712 -100.545
2713 -100.667
2714 -98.9584
2715 -98.4568
2716 -101.769
2717 -101.66
2718 -100.561
2719 -99.3743
2720 -100.801
2721 -101.178
2722 -99.8917
2723 -100.287
2724 -99.9883
2725 -100.564
2726 -101.848
2727 -100.761
2728 -99.8364
2729 -100.27
2730 -100.971
2731 -100.826
2732 -101.849
2733 -99.3702
2734 -100.216
2735 -99.7991
2736 -99.694
2737 -100.177
2738 -97.5015
2739 -98.0959
2740 -97.482
2741 -99.3045
2742 -99.0627
2743 -98.7973
2744 -97.6688
2745 -98.1103
2746 -98.5439
2747 -98.8348
2748 -98.2769
2749 -97.9393
2750 -98.3242
2751 -99.3126
2752 -99.9571
2753 -101.015
2754 -99.1053
2755 -101.261
2756 -100.01
2757 -99.7653
2758 -101.386
2759 -101.398
2760 -100.339
2761 -99.9659
2762 -101.93
2763 -100.578
2764 -100.145
2765 -100.893
2766 -101.618
2767 -100.12
2768 -101.345
2769 -100.029
2770 -101.088
2771 -100.066
2772 -99.2813
2773 -99.2193
2774 -100.394
2775 -101.978
2776 -102.518
2777 -99.6365
2778 -99.9884
2779 -101.526
2780 -99.3802
2781 -100.026
2782 -100.113
2783 -98.7957
2784 -99.5061
2785 -98.3337
2786 -97.8311
2787 -95.47
2788 -97.762
2789 -97.5214
2790 -97.8127
2791 -98.1322
2792 -98.0367
2793 -97.6292
2794 -96.7099
2795 -98.0611
2796 -99.6562
2797 -98.0166
2798 -99.4968
2799 -100.141
2800 -99.1705
2801 -102.403
2802 -101.449
2803 -101.389
2804 -99.6596
2805 -100.542
2806 -100.152
2807 -99.8615
2808 -100.754
2809 -100.324
2810 -100.721
2811 -99.7113
2812 -99.7928
2813 -101.478
2814 -102.038
2815 -100.339
2816 -101.737
2817 -101.035
2818 -99.572
2819 -100.415
2820 -101.458
2821 -101.63
2822 -100.268
2823 -99.96
2824 -100.983
2825 -100.858
2826 -101.122
2827 -100.498
2828 -100.263
2829 -98.6449
2830 -99.7021
2831 -100.273
2832 -98.7201
2833 -98.4755
2834 -99.6812
2835 -98.7675
2836 -99.0379
2837 -97.8201
2838 -97.9203
2839 -98.8396
2840 -97.3189
2841 -98.8349
2842 -98.8968
2843 -97.502
2844 -97.6269
2845 -99.2141
2846 -100.099
2847 -100.734
2848 -102.243
2849 -102.8
2850 -100.737
2851 -101.121
2852 -100.189
2853 -100.482
2854 -101.694
2855 -98.6132
2856 -101.174
2857 -100.949
2858 -99.2186
2859 -99.7736
2860 -99.2308
2861 -101.13
2862 -100.837
2863 -100.613
2864 -99.7556
2865 -99.2474
2866 -100.661
2867 -98.9677
2868 -100.363
2869 -100.797
2870 -101.66
2871 -102.836
2872 -99.7852
2873 -100.478
2874 -101.193
2875 -100.24
2876 -99.7966
2877 -99.6194
2878 -98.0848
2879 -97.6905
2880 -98.9412
2881 -99.3028
2882 -98.5242
2883 -97.848
2884 -98.9051
2885 -97.571
2886 -98.0311
2887 -97.5682
2888 -97.4345
2889 -98.0466
2890 -98.4531
2891 -99.4293
2892 -99.1217
2893 -99.4233
2894 -101.467
2895 -100.79
2896 -102.358
2897 -101.438
2898 -100.544
2899 -100.107
2900 -100.84
2901 -100.584
2902 -99.9492
2903 -101.558
2904 -100.738
2905 -99.3514
2906 -98.9349
2907 -100.806
2908 -100.577
2909 -100.657
2910 -99.8963
2911 -99.8275
2912 -100.379
2913 -100.096
2914 -101.791
2915 -100.019
2916 -101.204
2917 -101.334
2918 -100.491
2919 -101.178
2920 -101.022
2921 -100.69
2922 -98.819
2923 -98.6052
2924 -99.1495
2925 -99.7125
2926 -97.9516
2927 -98.6707
2928 -98.0203
2929 -99.4063
2930 -98.5052
2931 -98.1651
2932 -98.6031
2933 -98.8993
2934 -98.5348
2935 -98.6852
2936 -97.8083
2937 -99.5478
2938 -99.9446
2939 -97.4205
2940 -98.8689
2941 -99.4675
2942 -100.979
2943 -102.734
2944 -100.718
2945 -99.3439
2946 -100.615
2947 -99.7135
2948 -100.162
2949 -99.93
2950 -99.9567
2951 -100.765
2952 -100.794
2953 -100.26
2954 -99.9235
2955 -99.678
2956 -99.3717
2957 -99.7837
2958 -101.37
2959 -101.041
2960 -99.6987
2961 -100.57
2962 -101.696
2963 -97.9916
2964 -99.9578
2965 -99.9827
2966 -100.902
2967 -101.171
2968 -100.318
2969 -99.1169
2970 -99.3425
2971 -99.7224
2972 -99.5599
2973 -99.8386
2974 -99.315
2975 -97.5788
2976 -98.2486
2977 -98.2437
2978 -97.6588
2979 -96.783
2980 -97.006
2981 -97.6534
2982 -98.4995
2983 -99.7194
2984 -97.5617
2985 -98.8251
2986 -98.8714
2987 -99.8649
2988 -100.321
2989 -101.248
2990 -101.035
2991 -100.443
2992 -100.724
2993 -98.9165
2994 -99.4411
2995 -100.158
2996 -99.516
2997 -99.5158
2998 -99.7581
2999 -99.4504
3000 -99.2093
3001 -101.275
3002 -100.719
3003 -101.681
3004 -98.9824
3005 -98.6691
3006 -98.6982
3007 -100.083
3008 -100.154
3009 -99.6767
3010 -100.256
3011 -99.5932
3012 -100.155
3013 -101.857
3014 -100.359
3015 -98.8918
3016 -99.3492
3017 -99.3368
3018 -99.8887
3019 -98.7067
3020 -97.1321
3021 -98.514
3022 -97.9585
3023 -97.3943
3024 -97.1177
3025 -97.858
3026 -99.6285
3027 -100.431
3028 -98.1734
3029 -97.4425
3030 -98.9796
3031 -98.404
3032 -100.26
3033 -100.22
3034 -99.9676
3035 -100.414
3036 -100.686
3037 -101.287
3038 -99.7505
3039 -100.938
3040 -100.782
3041 -100.325
3042 -100.775
3043 -100.2
3044 -100.472
3045 -98.978
3046 -99.6255
3047 -99.882
3048 -100.458
3049 -101.967
3050 -99.5823
3051 -99.3329
3052 -99.8656
3053 -99.3471
3054 -99.7396
3055 -99.685
3056 -99.1261
3057 -99.9471
3058 -101.723
3059 -99.6623
3060 -100.102
3061 -100.953
3062 -102.892
3063 -102.553
3064 -100.405
3065 -101.485
3066 -100.069
3067 -101.639
3068 -100.407
3069 -101.12
3070 -102.434
3071 -101.277
3072 -103.471
3073 -103.529
3074 -102.97
3075 -104.277
3076 -103.677
3077 -104.663
3078 -106.252
3079 -106.701
3080 -106.397
3081 -107.978
3082 -107.545
3083 -107.807
3084 -108.709
3085 -112.045
3086 -110.334
3087 -110.71
3088 -110.736
3089 -111.81
3090 -111.905
3091 -112.027
3092 -111.981
3093 -110.955
3094 -112.13
3095 -112.77
3096 -113.746
3097 -114.538
3098 -114.056
3099 -113.704
3100 -114.347
3101 -114.797
3102 -114.185
3103 -114.615
3104 -114.279
3105 -113.737
3106 -114.071
3107 -112.011
3108 -113.992
3109 -112.626
3110 -112.327
3111 -112.365
3112 -111.506
3113 -111.278
3114 -112.571
3115 -111.612
3116 -109.977
3117 -111.945
3118 -111.161
3119 -108.282
3120 -109.188
3121 -109.657
3122 -109.233
3123 -108.975
3124 -110.916
3125 -108.25
3126 -108.212
3127 -108.852
3128 -107.588
3129 -106.873
3130 -106.578
3131 -106.141
3132 -106.351
3133 -108.116
3134 -105.2
3135 -105.202
3136 -104.593
3137 -105.495
3138 -105.677
3139 -103.448
3140 -104.884
3141 -104.142
3142 -104.406
3143 -103.538
3144 -103.395
3145 -104.641
3146 -105.29
3147 -104.232
3148 -104.208
3149 -103.13
3150 -103.514
3151 -103.809
3152 -103.771
3153 -102.89
3154 -102.881
3155 -102.884
3156 -103.482
3157 -103.032
3158 -102.847
3159 -102.58
3160 -103.518
3161 -101.654
3162 -103.138
3163 -103.388
3164 -102.781
3165 -103.253
3166 -101.886
3167 -102.551
3168 -103.547
3169 -102.632
3170 -102.269
3171 -101.331
3172 -102.039
3173 -101.784
3174 -102.499
3175 -103.063
3176 -102.537
3177 -102.004
3178 -101.903
3179 -102.479
3180 -101.976
3181 -103.323
3182 -103.459
3183 -100.931
3184 -103.344
3185 -102.079
3186 -100.919
3187 -102.163
3188 -102.987
3189 -103.441
3190 -104.938
3191 -102.273
3192 -101.36
3193 -103.421
3194 -101.565
3195 -102.22
3196 -102.315
3197 -101.621
3198 -102.897
3199 -103.452
3200 -101.304
3201 -102.991
3202 -101.723
3203 -101.339
3204 -100.486
3205 -102.702
3206 -102.551
3207 -102.475
3208 -100.25
3209 -101.549
3210 -102.626
3211 -101.281
3212 -101.533
3213 -102.141
3214 -102.942
3215 -102.429
3216 -103.25
3217 -103.068
3218 -102.077
3219 -102.109
3220 -102.603
3221 -102.875
3222 -103.247
3223 -101.696
3224 -101.952
3225 -101.545
3226 -104.611
3227 -102.219
3228 -101.718
3229 -101.87
3230 -102.48
3231 -102.106
3232 -101.893
3233 -102.377
3234 -101.408
3235 -103.474
3236 -103.11
3237 -102.318
3238 -103.677
3239 -103.175
3240 -101.767
3241 -103.141
3242 -102.198
3243 -102.624
3244 -102.098
3245 -103.151
3246 -103.021
3247 -103.594
3248 -102.122
3249 -101.552
3250 -102.026
3251 -102.516
3252 -103.289
3253 -101.885
3254 -103.286
3255 -102.488
3256 -101.452
3257 -102.411
3258 -101.562
3259 -101.785
3260 -102.076
3261 -104.009
3262 -102.106
3263 -101.459
3264 -103.314
3265 -101.423
3266 -103.069
3267 -101.893
3268 -103.286
3269 -102.866
3270 -102.799
3271 -102.401
3272 -102.724
3273 -101.643
3274 -100.736
3275 -101.563
3276 -103.034
3277 -103.002
3278 -102.364
3279 -102.17
3280 -102.368
3281 -102.25
3282 -101.242
3283 -103.092
3284 -102.963
3285 -102.842
3286 -101.48
3287 -101.765
3288 -103.069
3289 -103.074
3290 -103.477
3291 -103.393
3292 -103.737
3293 -101.204
3294 -101.842
3295 -103.332
3296 -100.821
3297 -102.627
3298 -103.211
3299 -102.219
3300 -102.061
3301 -103.887
3302 -102.71
3303 -101.518
3304 -101.816
3305 -102.999
3306 -102.71
3307 -101.605
3308 -102.187
3309 -102.241
3310 -101.99
3311 -101.22
3312 -101.309
3313 -103.776
3314 -102.87
3315 -101.611
3316 -102.381
3317 -101.853
3318 -102.618
3319 -103.837
3320 -103.954
3321 -102.715
3322 -101.855
3323 -100.971
3324 -102.264
3325 -101.937
3326 -103.149
3327 -102.385
3328 -101.777
3329 -102.476
3330 -101.304
3331 -102.261
3332 -102.85
3333 -102.461
3334 -102.027
3335 -103.28
3336 -102.962
3337 -101.928
3338 -101.968
3339 -102.299
3340 -102.886
3341 -101.224
3342 -101.992
3343 -102.819
3344 -101.835
3345 -103.817
3346 -102.902
3347 -103.142
3348 -103.691
3349 -102.834
3350 -103.89
3351 -101.797
3352 -103.125
3353 -102.452
3354 -103.776
3355 -102.951
3356 -103.399
3357 -104.207
3358 -101.879
3359 -101.621
3360 -102.95
3361 -104.722
3362 -102.908
3363 -102.416
3364 -103.323
3365 -101.275
3366 -102.967
3367 -103.578
3368 -102.021
3369 -102.632
3370 -102.255
3371 -102.664
3372 -101.72
3373 -102.379
3374 -102.63
3375 -102.832
3376 -102.408
3377 -103.15
3378 -102.657
3379 -102.821
3380 -102.98
3381 -103.026
3382 -103.041
3383 -102.553
3384 -102.717
3385 -102.444
3386 -103.724
3387 -103.333
3388 -102.991
3389 -102.325
3390 -102.519
3391 -103.604
3392 -101.975
3393 -102.298
3394 -102.546
3395 -103.611
3396 -102.366
3397 -102.375
3398 -100.577
3399 -103.032
