0 -117.016
1 -118.299
2 -116.685
3 -115.822
4 -116.098
5 -116.835
6 -117.508
7 -115.519
8 -117.568
9 -115.962
10 -116.625
11 -115.812
12 -117.358
13 -115.88
14 -115.666
15 -116.314
16 -116.645
17 -114.697
18 -116.953
19 -115.957
20 -116.9
21 -116.465
22 -116.05
23 -116.047
24 -118.375
25 -115.269
26 -117.018
27 -117.099
28 -116.922
29 -116.62
30 -117.553
31 -117.011
32 -118.134
33 -116.886
34 -117.88
35 -117.345
36 -118.376
37 -117.72
38 -119.754
39 -117.846
40 -120.648
41 -121.521
42 -121.523
43 -122.829
44 -121.592
45 -120.112
46 -121.962
47 -122.03
48 -123.657
49 -124.883
50 -124.472
51 -124.022
52 -124.344
53 -125.219
54 -124.611
55 -125.57
56 -127.269
57 -128.937
58 -129.175
59 -128.385
60 -129.283
61 -130.29
62 -131.206
63 -131.644
64 -131.839
65 -132.673
66 -132.747
67 -132.197
68 -134.646
69 -134.904
70 -135.354
71 -137.184
72 -137.662
73 -137.238
74 -136.898
75 -138.715
76 -136.196
77 -137.117
78 -135.619
79 -136.752
80 -136
81 -135.622
82 -139.669
83 -137.028
84 -137.953
85 -137.944
86 -138.088
87 -134.319
88 -132.752
89 -135.082
90 -135.543
91 -135.458
92 -133.655
93 -134.011
94 -133.881
95 -134.983
96 -133.388
97 -132.017
98 -131.8
99 -133.404
100 -131.427
101 -130.936
102 -130.854
103 -130.261
104 -129.309
105 -128.535
106 -127.861
107 -128.664
108 -127.383
109 -127.474
110 -126.145
111 -126.484
112 -126.37
113 -127.765
114 -126.349
115 -127.309
116 -127.745
117 -126.191
118 -125.032
119 -125.12
120 -126.389
121 -124.074
122 -124.371
123 -125.458
124 -123.609
125 -126.402
126 -125.49
127 -124.984
128 -124.278
129 -126.708
130 -126.594
131 -124.955
132 -125.411
133 -125.289
134 -127.145
135 -127.685
136 -127.149
137 -126.134
138 -126.481
139 -126.361
140 -126.446
141 -125.89
142 -125.239
143 -125.565
144 -125.823
145 -126.462
146 -126.008
147 -124.749
148 -125.767
149 -126.838
150 -125.889
151 -126.359
152 -125.371
153 -126.615
154 -125.346
155 -125.109
156 -126.128
157 -124.558
158 -123.492
159 -126.013
160 -123.732
161 -123.621
162 -125.668
163 -124.795
164 -124.345
165 -123.713
166 -123.176
167 -122.879
168 -123.339
169 -122.03
170 -123.198
171 -122.087
172 -123.21
173 -123.249
174 -124.652
175 -123.796
176 -124.699
177 -125.45
178 -124.695
179 -125.046
180 -126.761
181 -124.935
182 -127.295
183 -126.185
184 -125.602
185 -125.506
186 -125.344
187 -126.521
188 -125.179
189 -126.767
190 -126.239
191 -124.666
192 -125.103
193 -124.312
194 -124.598
195 -123.469
196 -124.306
197 -126.759
198 -124.51
199 -124.878
200 -125.205
201 -123.898
202 -124.004
203 -125.114
204 -125.029
205 -121.972
206 -124.146
207 -123.113
208 -121.93
209 -124.546
210 -124.238
211 -123.986
212 -123.066
213 -123.457
214 -123.794
215 -123.306
216 -123.345
217 -123.348
218 -122.813
219 -123.113
220 -124.218
221 -124.827
222 -125.667
223 -125.573
224 -126.404
225 -125.008
226 -124.483
227 -126.26
228 -124.568
229 -124.884
230 -124.499
231 -125.114
232 -126.89
233 -126.102
234 -126.118
235 -125.709
236 -125.694
237 -125.545
238 -124.625
239 -125.352
240 -125.482
241 -124.513
242 -124.743
243 -123.855
244 -123.683
245 -125.876
246 -127.166
247 -125.322
248 -123.854
249 -123.684
250 -124.225
251 -123.974
252 -123.52
253 -123.707
254 -124.83
255 -124.673
256 -123.495
257 -125.054
258 -123.83
259 -123.609
260 -125.112
261 -123.544
262 -124.247
263 -122.115
264 -122.438
265 -124.364
266 -124.77
267 -123.446
268 -125.935
269 -125.792
270 -125.724
271 -124.521
272 -126.522
273 -124.652
274 -124.276
275 -125.603
276 -124.21
277 -127.034
278 -126.949
279 -125.961
280 -126.181
281 -125.28
282 -127.092
283 -128.089
284 -125.605
285 -125.482
286 -127.066
287 -125.718
288 -124.596
289 -126.069
290 -124.414
291 -126.286
292 -126.408
293 -126.517
294 -126
295 -125.526
296 -124.654
297 -125.045
298 -125.206
299 -123.852
300 -124.952
301 -125.044
302 -124.034
303 -124.376
304 -124.844
305 -123.53
306 -124.452
307 -124.07
308 -123.919
309 -122.909
310 -123.276
311 -122.936
312 -124.767
313 -123.41
314 -123.89
315 -125.71
316 -124.362
317 -125.157
318 -126.121
319 -125.873
320 -124.166
321 -124.532
322 -126.659
323 -125.25
324 -125.162
325 -125.532
326 -126.365
327 -127.191
328 -125.21
329 -126.74
330 -125.328
331 -126.028
332 -125.79
333 -126.86
334 -126.298
335 -125.45
336 -124.916
337 -125.87
338 -125.942
339 -124.959
340 -127.57
341 -126.229
342 -125.594
343 -124.631
344 -126.318
345 -124.483
346 -124.949
347 -125.079
348 -125.265
349 -125.828
350 -126.015
351 -124.652
352 -125.205
353 -124.748
354 -122.461
355 -123.505
356 -123.526
357 -123.542
358 -123.898
359 -123.669
360 -124.356
361 -124.647
362 -125.774
363 -124.783
364 -127.068
365 -124.379
366 -125.637
367 -126.355
368 -127.618
369 -126.32
370 -126.361
371 -125.563
372 -127.25
373 -125.946
374 -126.907
375 -126.27
376 -126.187
377 -125.819
378 -127.146
379 -126.791
380 -125.45
381 -126.803
382 -126.142
383 -125.551
384 -126.273
385 -127.6
386 -125.557
387 -126.117
388 -126.622
389 -124.728
390 -123.93
391 -125.02
392 -124.212
393 -125.291
394 -124.829
395 -125.053
396 -123.892
397 -125.279
398 -125.988
399 -126.002
400 -124.163
401 -125.382
402 -124.152
403 -124.436
404 -123.707
405 -123.389
406 -123.791
407 -125.201
408 -125.214
409 -125.354
410 -124.81
411 -124.87
412 -125.876
413 -125.417
414 -126.711
415 -126.736
416 -126.555
417 -125.83
418 -126.952
419 -127.509
420 -128.115
421 -125.427
422 -128.393
423 -127.195
424 -127.175
425 -126.259
426 -125.413
427 -125.754
428 -125.227
429 -125.668
430 -125.129
431 -125.556
432 -127.447
433 -125.543
434 -126.45
435 -126.116
436 -126.148
437 -125.257
438 -125.262
439 -124.999
440 -123.776
441 -124.759
442 -125.31
443 -124.858
444 -125.068
445 -124.947
446 -123.378
447 -124.956
448 -124.151
449 -124.104
450 -123.432
451 -123.898
452 -124.255
453 -125.153
454 -125.599
455 -125.711
456 -124.283
457 -125.289
458 -126.381
459 -127.056
460 -127.856
461 -127.733
462 -126.124
463 -125.877
464 -126.846
465 -125.755
466 -125.193
467 -125.693
468 -124.529
469 -125.966
470 -126.238
471 -125.238
472 -126.505
473 -125.899
474 -125.015
475 -125.9
476 -125.099
477 -126.395
478 -125.669
479 -125.734
480 -126.037
481 -126.197
482 -126.499
483 -125.413
484 -125.259
485 -123.364
486 -125.793
487 -124.138
488 -125.449
489 -124.374
490 -124.957
491 -124.475
492 -124.918
493 -123.144
494 -124.657
495 -123.047
496 -123.782
497 -124.106
498 -123.026
499 -125.283
500 -124.931
501 -125.445
502 -124.765
503 -125.645
504 -126.432
505 -125.883
506 -127.295
507 -127.457
508 -125.81
509 -126.098
510 -126.491
511 -126.044
512 -126.508
513 -124.415
514 -126.072
515 -125.09
516 -123.888
517 -125.787
518 -125.792
519 -123.835
520 -123.077
521 -122.941
522 -121.763
523 -122.004
524 -121.755
525 -121.468
526 -120.329
527 -121.632
528 -119.158
529 -118.213
530 -118.554
531 -117.599
532 -117.243
533 -115.785
534 -115.192
535 -115.432
536 -114.516
537 -113.773
538 -113.351
539 -113.27
540 -113.238
541 -111.122
542 -112.847
543 -111.553
544 -110.192
545 -109.878
546 -110.816
547 -110.95
548 -108.718
549 -109.324
550 -108.536
551 -109.895
552 -108.742
553 -108.757
554 -108.7
555 -107.665
556 -107.922
557 -110.02
558 -109.312
559 -109.079
560 -108.965
561 -109.143
562 -106.987
563 -107.928
564 -106.938
565 -107.325
566 -107.68
567 -107.47
568 -108.25
569 -107.747
570 -106.652
571 -106.538
572 -106.313
573 -106.436
574 -106.476
575 -104.253
576 -104.193
577 -104.886
578 -102.181
579 -102.377
580 -102.405
581 -101.024
582 -101.021
583 -101.153
584 -101.229
585 -100.859
586 -101.244
587 -101.708
588 -101.806
589 -100.604
590 -101.193
591 -98.6055
592 -100.22
593 -99.3393
594 -99.2645
595 -101.016
596 -99.3576
597 -98.3712
598 -99.5784
599 -100.43
600 -100.119
601 -101.781
602 -101.361
603 -101.291
604 -102.088
605 -101.375
606 -102.192
607 -102.445
608 -102.7
609 -103.495
610 -103.195
611 -104.802
612 -105.577
613 -106.053
614 -106.614
615 -107.173
616 -107.761
617 -108.624
618 -109.341
619 -109.9
620 -111.03
621 -110.621
622 -111.61
623 -110.559
624 -113.365
625 -112.476
626 -110.988
627 -111.774
628 -112.057
629 -112.773
630 -111.706
631 -112.416
632 -113.621
633 -113.133
634 -113.376
635 -112.388
636 -112.033
637 -114.668
638 -113.451
639 -113.086
640 -112.583
641 -113.383
642 -114.457
643 -113.691
644 -116.05
645 -114.734
646 -114.055
647 -114.02
648 -113.531
649 -113.023
650 -113.003
651 -112.578
652 -113.171
653 -112.656
654 -110.771
655 -111.581
656 -110.106
657 -111.788
658 -111.583
659 -112.703
660 -111.166
661 -112.988
662 -114.173
663 -114.01
664 -114.199
665 -115.032
666 -113.822
667 -113.586
668 -115.841
669 -114.1
670 -113.781
671 -115.211
672 -113.924
673 -114.524
674 -115.611
675 -114.361
676 -114.945
677 -114.022
678 -112.407
679 -114.974
680 -115.929
681 -114.674
682 -114.743
683 -115.065
684 -114.563
685 -115.064
686 -113.876
687 -113.314
688 -115.031
689 -116.559
690 -116.557
691 -116.2
692 -115.529
693 -116.086
694 -115.597
695 -115.443
696 -114.288
697 -115.297
698 -113.602
699 -113.419
700 -113.226
701 -112.785
702 -113.89
703 -114.159
704 -111.547
705 -112.655
706 -113.577
707 -113.631
708 -114.033
709 -112.723
710 -114.277
711 -113.63
712 -113.986
713 -114.141
714 -115.088
715 -114.702
716 -115.763
717 -116.058
718 -115.459
719 -113.676
720 -115.493
721 -115.167
722 -116.551
723 -114.817
724 -114.534
725 -114.672
726 -115.092
727 -114.778
728 -114.674
729 -113.364
730 -114.227
731 -113.533
732 -114.757
733 -113.621
734 -113.86
735 -116.752
736 -114.868
737 -114.712
738 -116.926
739 -116.613
740 -114.096
741 -115.157
742 -115.654
743 -113.16
744 -113.952
745 -113.432
746 -112.359
747 -115.007
748 -112.968
749 -113.065
750 -111.429
751 -113.218
752 -112.862
753 -111.65
754 -111.825
755 -114.897
756 -113.035
757 -114.205
758 -112.755
759 -115.106
760 -116.431
761 -114.898
762 -114.67
763 -115.683
764 -112.921
765 -116.75
766 -115.445
767 -115.894
768 -114.758
769 -113.728
770 -115.547
771 -114.603
772 -114.153
773 -115.147
774 -113.826
775 -113.58
776 -115.831
777 -115.993
778 -114.454
779 -113.725
780 -115.522
781 -115.12
782 -115.48
783 -116.926
784 -115.854
785 -114.458
786 -116.677
787 -115.088
788 -115.156
789 -114.462
790 -115.292
791 -113.423
792 -112.937
793 -113.883
794 -112.407
795 -113.579
796 -111.928
797 -113.732
798 -113.666
799 -112.624
800 -111.254
801 -112.419
802 -113.173
803 -112.956
804 -113.273
805 -113.385
806 -113.535
807 -115.525
808 -115.868
809 -115.459
810 -114.951
811 -115.607
812 -115.823
813 -114.066
814 -113.428
815 -114.053
816 -114.666
817 -114.496
818 -114.308
819 -114.817
820 -114.227
821 -113.477
822 -114.58
823 -114.668
824 -114.585
825 -114.794
826 -114.407
827 -115.016
828 -113.31
829 -115.001
830 -115.681
831 -115.735
832 -115.195
833 -116.418
834 -116.129
835 -115.458
836 -115.52
837 -115.107
838 -113.237
839 -114.495
840 -112.199
841 -112.866
842 -111.753
843 -113.073
844 -112.554
845 -111.231
846 -112.822
847 -112.861
848 -111.689
849 -114.053
850 -114.058
851 -113.879
852 -113.803
853 -115.443
854 -114.755
855 -115.534
856 -114.666
857 -114.941
858 -114.982
859 -115.174
860 -115.329
861 -114.686
862 -114.394
863 -113.548
864 -115.502
865 -114.17
866 -114.305
867 -114.723
868 -116.508
869 -115.441
870 -115.642
871 -114.084
872 -115.527
873 -115.272
874 -115.08
875 -114.676
876 -114.854
877 -115.611
878 -114.917
879 -115.287
880 -114.492
881 -114.578
882 -116.181
883 -114.287
884 -112.512
885 -112.731
886 -114.365
887 -112.814
888 -112.245
889 -112.122
890 -112.057
891 -111.565
892 -112.282
893 -112.152
894 -111.964
895 -112.245
896 -112.313
897 -112.233
898 -114.008
899 -113.784
900 -113.244
901 -114.283
902 -114.255
903 -114.392
904 -115.82
905 -115.706
906 -115.858
907 -115.348
908 -115.118
909 -113.536
910 -113.797
911 -112.971
912 -114.923
913 -115.777
914 -114.257
915 -113.926
916 -114.941
917 -115.702
918 -114.215
919 -113.348
920 -112.91
921 -115.371
922 -115.386
923 -113.893
924 -115.887
925 -116.083
926 -114.968
927 -115.033
928 -116.113
929 -113.972
930 -114.883
931 -113.233
932 -112.525
933 -113.223
934 -111.607
935 -110.7
936 -112.669
937 -111.907
938 -113.368
939 -112.194
940 -111.109
941 -110.005
942 -112.515
943 -112.599
944 -113.306
945 -112.898
946 -113.634
947 -113.356
948 -115.008
949 -117.244
950 -115.386
951 -114.482
952 -114.812
953 -113.257
954 -113.913
955 -113.478
956 -115.069
957 -115.083
958 -113.874
959 -111.769
960 -115.57
961 -114.886
962 -115.549
963 -114.716
964 -113.86
965 -114.263
966 -116.431
967 -113.576
968 -115.222
969 -114.681
970 -114.288
971 -115.433
972 -114.396
973 -114.516
974 -114.887
975 -113.973
976 -113.9
977 -112.893
978 -113.232
979 -112.286
980 -113.332
981 -112.232
982 -111.47
983 -111.932
984 -112.27
985 -111.527
986 -113.142
987 -112.015
988 -110.32
989 -112.931
990 -112.45
991 -112.203
992 -113.313
993 -113.191
994 -113.675
995 -115.715
996 -113.207
997 -114.695
998 -114.714
999 -113.848
1000 -113.113
1001 -113.484
1002 -113.317
1003 -114.083
1004 -114.395
1005 -114.16
1006 -113.097
1007 -114.759
1008 -115.028
1009 -116.529
1010 -113.533
1011 -113.736
1012 -114.572
1013 -113.562
1014 -113.632
1015 -112.982
1016 -114.524
1017 -115.199
1018 -113.663
1019 -116.765
1020 -115.956
1021 -116.019
1022 -116.42
1023 -114.756
1024 -114.276
1025 -114.719
1026 -114.15
1027 -115.468
1028 -114.036
1029 -115.189
1030 -115.818
1031 -117.339
1032 -116.041
1033 -116.457
1034 -116.27
1035 -115.885
1036 -117.833
1037 -118.249
1038 -120.829
1039 -120.696
1040 -121.188
1041 -122.605
1042 -122.958
1043 -122.819
1044 -122.161
1045 -122.074
1046 -124.206
1047 -125.549
1048 -123.878
1049 -125.193
1050 -125.354
1051 -124.97
1052 -125.035
1053 -126.015
1054 -127.036
1055 -125.397
1056 -127.876
1057 -128.075
1058 -129.37
1059 -127.669
1060 -129.083
1061 -127.641
1062 -130.465
1063 -129.325
1064 -129.397
1065 -128.94
1066 -129.934
1067 -128.755
1068 -131.805
1069 -130.418
1070 -131.213
1071 -130.049
1072 -130.125
1073 -130.525
1074 -131.266
1075 -130.944
1076 -130.704
1077 -132.137
1078 -131.375
1079 -131.917
1080 -133.017
1081 -133.206
1082 -132.59
1083 -132.472
1084 -133.473
1085 -134.354
1086 -135.477
1087 -134.985
1088 -135.99
1089 -137.014
1090 -136.402
1091 -137.269
1092 -138.078
1093 -137.813
1094 -135.589
1095 -136.362
1096 -137.397
1097 -135.827
1098 -136.955
1099 -136.185
1100 -136.892
1101 -139.006
1102 -138.092
1103 -137.929
1104 -138.651
1105 -136.493
1106 -137.49
1107 -136.385
1108 -137.326
1109 -136.327
1110 -136.668
1111 -137.739
1112 -136.008
1113 -136.083
1114 -135.569
1115 -134.483
1116 -134.315
1117 -134.106
1118 -135.101
1119 -132.212
1120 -131.136
1121 -130.975
1122 -131.634
1123 -129.939
1124 -129.659
1125 -128.925
1126 -128.821
1127 -128.853
1128 -128.51
1129 -127.954
1130 -127.826
1131 -127.209
1132 -125.399
1133 -126.744
1134 -126.11
1135 -126.806
1136 -124.004
1137 -125.1
1138 -123.947
1139 -125.966
1140 -124.171
1141 -124.058
1142 -124.506
1143 -125.983
1144 -125.754
1145 -123.838
1146 -125.128
1147 -125.402
1148 -124.983
1149 -124.553
1150 -124.815
1151 -125.538
1152 -124.748
1153 -124.603
1154 -124.919
1155 -125.194
1156 -125.878
1157 -124.283
1158 -125.797
1159 -124.443
1160 -125.176
1161 -124.671
1162 -125.005
1163 -126.42
1164 -125.42
1165 -125.262
1166 -123.729
1167 -124.328
1168 -124.869
1169 -124.726
1170 -123.868
1171 -124.688
1172 -124.793
1173 -125.202
1174 -123.583
1175 -124.643
1176 -122.395
1177 -123.356
1178 -121.912
1179 -122.688
1180 -122.538
1181 -122.668
1182 -121.437
1183 -122.601
1184 -123.975
1185 -122.486
1186 -121.254
1187 -122.647
1188 -121.816
1189 -122.18
1190 -119.744
1191 -121.521
1192 -122.538
1193 -122.801
1194 -123.774
1195 -122.968
1196 -123.537
1197 -123.335
1198 -122.819
1199 -124.344
1200 -123.387
1201 -123.699
1202 -122.882
1203 -123.661
1204 -122.889
1205 -124.881
1206 -125.049
1207 -125.956
1208 -124.454
1209 -126.019
1210 -125.254
1211 -124.537
1212 -122.686
1213 -121.765
1214 -124.499
1215 -124.206
1216 -124.359
1217 -126.035
1218 -123.69
1219 -125.71
1220 -124.203
1221 -123.775
1222 -122.906
1223 -123.601
1224 -122.881
1225 -122.72
1226 -122.543
1227 -122.49
1228 -123.293
1229 -122.887
1230 -123.368
1231 -122.845
1232 -122.784
1233 -122.262
1234 -122.68
1235 -123.313
1236 -121.72
1237 -122.441
1238 -123.027
1239 -122.6
1240 -120.781
1241 -123.271
1242 -123.308
1243 -124.136
1244 -123.993
1245 -124.198
1246 -124.083
1247 -122.626
1248 -123.755
1249 -124.254
1250 -123.99
1251 -124.871
1252 -124.252
1253 -125.491
1254 -123.964
1255 -123.948
1256 -124.145
1257 -124.455
1258 -124.291
1259 -123.246
1260 -124.459
1261 -124.997
1262 -123.074
1263 -122.326
1264 -123.11
1265 -123.115
1266 -124.273
1267 -123.314
1268 -123.979
1269 -122.771
1270 -121.604
1271 -124.004
1272 -123.135
1273 -123.216
1274 -122.805
1275 -122.301
1276 -123.176
1277 -123.883
1278 -121.978
1279 -123.601
1280 -122.101
1281 -122.643
1282 -122.084
1283 -122.663
1284 -121.353
1285 -120.548
1286 -123.976
1287 -123.204
1288 -122.23
1289 -123.505
1290 -123.771
1291 -123.619
1292 -124.266
1293 -125.067
1294 -124.982
1295 -123.837
1296 -124.054
1297 -125.294
1298 -124.951
1299 -125.99
1300 -126.723
1301 -126.523
1302 -126.122
1303 -123.614
1304 -124.134
1305 -123.928
1306 -123.365
1307 -124.576
1308 -125.173
1309 -124.73
1310 -123.627
1311 -124.346
1312 -124.679
1313 -123.708
1314 -123.059
1315 -123.982
1316 -124.771
1317 -125.645
1318 -122.685
1319 -122.617
1320 -121.751
1321 -123.542
1322 -122.827
1323 -124.302
1324 -123.21
1325 -121.489
1326 -122.117
1327 -122.499
1328 -121.275
1329 -122.429
1330 -122.569
1331 -121.14
1332 -122.593
1333 -122.926
1334 -123.804
1335 -123.19
1336 -124.482
1337 -125.996
1338 -125.505
1339 -124.113
1340 -124.799
1341 -122.991
1342 -124.435
1343 -124.399
1344 -124.097
1345 -125.451
1346 -123.615
1347 -125.338
1348 -124.708
1349 -125.886
1350 -123.571
1351 -124.619
1352 -123.633
1353 -123.664
1354 -123.375
1355 -123.938
1356 -123.298
1357 -122.895
1358 -123.704
1359 -124.487
1360 -123.18
1361 -124.135
1362 -122.794
1363 -123.402
1364 -124.38
1365 -123.588
1366 -122.342
1367 -122.675
1368 -123.457
1369 -122.253
1370 -122.554
1371 -124.17
1372 -125.037
1373 -125.53
1374 -120.613
1375 -121.952
1376 -121.603
1377 -122.226
1378 -122.112
1379 -122.844
1380 -124.359
1381 -123.664
1382 -125.263
1383 -125.823
1384 -125.543
1385 -123.643
1386 -124.898
1387 -124.302
1388 -123.676
1389 -124.549
1390 -124.048
1391 -126.646
1392 -124.724
1393 -125.407
1394 -125.658
1395 -123.208
1396 -125.937
1397 -124.923
1398 -125.556
1399 -123.604
1400 -123.422
1401 -124.117
1402 -123.444
1403 -122.566
1404 -124.301
1405 -124.689
1406 -122.94
1407 -123.012
1408 -123.596
1409 -123.603
1410 -124.354
1411 -122.15
1412 -122.443
1413 -123.584
1414 -123.096
1415 -123.566
1416 -123.757
1417 -123.169
1418 -123.056
1419 -123.568
1420 -124.046
1421 -122.002
1422 -122.682
1423 -120.986
1424 -121.803
1425 -122.334
1426 -121.92
1427 -121.835
1428 -122.732
1429 -124.236
1430 -125.048
1431 -124.249
1432 -123.518
1433 -125.11
1434 -124.508
1435 -124.442
1436 -124.278
1437 -126.511
1438 -125.685
1439 -123.775
1440 -124.042
1441 -124.634
1442 -124.019
1443 -125.838
1444 -125.549
1445 -124.7
1446 -124.756
1447 -125.034
1448 -124.851
1449 -124.403
1450 -124.725
1451 -122.914
1452 -124.082
1453 -124.326
1454 -125.337
1455 -124.588
1456 -124.77
1457 -124.198
1458 -121.879
1459 -124.126
1460 -122.675
1461 -123.2
1462 -121.187
1463 -123.804
1464 -124.569
1465 -123.214
1466 -122.999
1467 -122.975
1468 -121.73
1469 -122.692
1470 -120.562
1471 -121.064
1472 -123.022
1473 -124.35
1474 -126.067
1475 -125.062
1476 -124.377
1477 -125.583
1478 -123.807
1479 -124.939
1480 -125.339
1481 -124.143
1482 -124.701
1483 -125.692
1484 -124.581
1485 -126.167
1486 -125.306
1487 -124.653
1488 -126.054
1489 -124.672
1490 -123.538
1491 -125.445
1492 -123.888
1493 -123.589
1494 -125.714
1495 -122.873
1496 -123.849
1497 -123.266
1498 -126.293
1499 -125.486
1500 -123.108
1501 -125.565
1502 -123.979
1503 -124.133
1504 -123.034
1505 -122.251
1506 -123.41
1507 -122.797
1508 -123.083
1509 -121.885
1510 -123.234
1511 -124.29
1512 -123.983
1513 -122.283
1514 -123.217
1515 -123.194
1516 -122.28
1517 -121.86
1518 -121.254
1519 -121.87
1520 -122.48
1521 -123.47
1522 -125.278
1523 -123.543
1524 -124.315
1525 -123.667
1526 -124.338
1527 -122.74
1528 -125.24
1529 -124.818
1530 -124.308
1531 -123.816
1532 -123.794
1533 -123.761
1534 -124.138
1535 -123.024
1536 -122.566
1537 -124.637
1538 -123.276
1539 -122.521
1540 -121.724
1541 -120.002
1542 -120.159
1543 -120.942
1544 -119.47
1545 -120.675
1546 -120.39
1547 -119.359
1548 -118.726
1549 -117.874
1550 -118.52
1551 -115.122
1552 -116.029
1553 -114.532
1554 -114.918
1555 -115.795
1556 -112.464
1557 -112.605
1558 -111.69
1559 -112.454
1560 -111.186
1561 -111.478
1562 -111.658
1563 -110.853
1564 -110.082
1565 -107.581
1566 -109.12
1567 -108.501
1568 -109.11
1569 -109.57
1570 -108.792
1571 -107.653
1572 -107.317
1573 -108.936
1574 -109.023
1575 -107.994
1576 -108.59
1577 -106.441
1578 -107.033
1579 -107.373
1580 -108.445
1581 -107.053
1582 -107.963
1583 -108.145
1584 -107.735
1585 -107.448
1586 -105.433
1587 -106.669
1588 -106.692
1589 -107.125
1590 -105.93
1591 -106.765
1592 -106.691
1593 -104.979
1594 -104.1
1595 -104.729
1596 -104.115
1597 -102.484
1598 -102.373
1599 -102.797
1600 -99.5725
1601 -100.981
1602 -101.404
1603 -99.4712
1604 -100.898
1605 -100.423
1606 -100.463
1607 -100.009
1608 -100.25
1609 -101.432
1610 -100.544
1611 -98.1583
1612 -100.571
1613 -98.6606
1614 -100.052
1615 -100.401
1616 -100.068
1617 -99.6596
1618 -99.1873
1619 -100.595
1620 -99.2748
1621 -99.4562
1622 -101.692
1623 -100.894
1624 -100.341
1625 -100.189
1626 -100.787
1627 -102.302
1628 -103.102
1629 -102.963
1630 -104.732
1631 -104.161
1632 -104.071
1633 -104.575
1634 -104.492
1635 -105.46
1636 -107.462
1637 -107.617
1638 -107.264
1639 -108.1
1640 -111.712
1641 -110.757
1642 -111.68
1643 -112.149
1644 -110.859
1645 -111.681
1646 -112.756
1647 -110.836
1648 -110.67
1649 -111.308
1650 -112.668
1651 -111.92
1652 -113.19
1653 -114.857
1654 -114.015
1655 -112.181
1656 -111.952
1657 -113.086
1658 -111.821
1659 -112.859
1660 -114.64
1661 -113.745
1662 -114.67
1663 -115.177
1664 -114.324
1665 -114.749
1666 -114.475
1667 -113.777
1668 -114.245
1669 -113.99
1670 -113.295
1671 -113.639
1672 -113.138
1673 -111.509
1674 -110.682
1675 -112.2
1676 -112.081
1677 -111.987
1678 -111.332
1679 -111.439
1680 -111.488
1681 -112.804
1682 -112.973
1683 -112.44
1684 -112.474
1685 -113.87
1686 -114.095
1687 -114.336
1688 -113.825
1689 -114.587
1690 -115.025
1691 -114.08
1692 -113.037
1693 -116.007
1694 -115.578
1695 -116.195
1696 -116.207
1697 -113.622
1698 -114.298
1699 -114.32
1700 -115.122
1701 -115.456
1702 -114.397
1703 -114.564
1704 -113.322
1705 -114.826
1706 -115.569
1707 -115.625
1708 -115.183
1709 -114.665
1710 -114.919
1711 -115.069
1712 -115.195
1713 -115.406
1714 -115.054
1715 -113.005
1716 -114.06
1717 -114.241
1718 -113.18
1719 -112.705
1720 -113.605
1721 -111.158
1722 -112.215
1723 -113.648
1724 -110.898
1725 -112.966
1726 -112.397
1727 -112.254
1728 -112.772
1729 -111.616
1730 -112.222
1731 -113.566
1732 -113.612
1733 -114.288
1734 -114.007
1735 -113.41
1736 -116.27
1737 -115.746
1738 -115.637
1739 -115.208
1740 -115.602
1741 -115.151
1742 -114.567
1743 -114.651
1744 -115.182
1745 -114.13
1746 -114.416
1747 -115.017
1748 -113.628
1749 -114.655
1750 -114.538
1751 -114.552
1752 -114.077
1753 -115.252
1754 -113.921
1755 -113.525
1756 -114.343
1757 -115.556
1758 -115.893
1759 -115.143
1760 -114.729
1761 -114.288
1762 -114.93
1763 -113.343
1764 -113.264
1765 -113.981
1766 -112.903
1767 -113.044
1768 -111.589
1769 -113.017
1770 -112.869
1771 -112.792
1772 -112.259
1773 -111.679
1774 -112.535
1775 -111.191
1776 -111.884
1777 -112.338
1778 -114.826
1779 -114.225
1780 -113.451
1781 -114.666
1782 -116.743
1783 -115.493
1784 -113.931
1785 -115.506
1786 -114.555
1787 -115.183
1788 -113.604
1789 -113.937
1790 -113.192
1791 -114.832
1792 -113.951
1793 -114.749
1794 -115.696
1795 -115.428
1796 -115.812
1797 -113.616
1798 -113.859
1799 -114.804
1800 -116.262
1801 -115.974
1802 -116.228
1803 -114.998
1804 -114.76
1805 -114.468
1806 -115.61
1807 -115.469
1808 -114.597
1809 -113.45
1810 -112.59
1811 -113.1
1812 -113.742
1813 -113.32
1814 -112.695
1815 -112.289
1816 -111.615
1817 -112.469
1818 -111.978
1819 -112.867
1820 -114.313
1821 -113.213
1822 -112.589
1823 -113.567
1824 -113.966
1825 -113.748
1826 -114.535
1827 -114.961
1828 -113.583
1829 -114.381
1830 -114.193
1831 -116.077
1832 -114.78
1833 -114.596
1834 -112.506
1835 -114.992
1836 -113.555
1837 -114.179
1838 -113.499
1839 -114.367
1840 -115.05
1841 -114.679
1842 -114.601
1843 -115.755
1844 -115.356
1845 -115.551
1846 -114.389
1847 -114.904
1848 -114.121
1849 -113.618
1850 -113.654
1851 -113.782
1852 -114.161
1853 -114.62
1854 -115.54
1855 -115.356
1856 -114.281
1857 -114.207
1858 -114.662
1859 -110.35
1860 -113.019
1861 -111.727
1862 -111.717
1863 -112.046
1864 -112.068
1865 -114.543
1866 -111.467
1867 -113.685
1868 -111.158
1869 -113.233
1870 -112.912
1871 -112.98
1872 -113.357
1873 -113.18
1874 -113.827
1875 -115.506
1876 -114.771
1877 -116.715
1878 -114.818
1879 -114.494
1880 -116.047
1881 -116.462
1882 -115.636
1883 -114.702
1884 -113.322
1885 -114.807
1886 -115.129
1887 -115.299
1888 -117.147
1889 -115.622
1890 -114.209
1891 -114.926
1892 -113.974
1893 -113.856
1894 -113.81
1895 -114.516
1896 -114.682
1897 -114.12
1898 -113.769
1899 -115.118
1900 -115.157
1901 -114.374
1902 -114.752
1903 -113.84
1904 -114.657
1905 -113.524
1906 -114.297
1907 -112.176
1908 -111.171
1909 -111.485
1910 -112.032
1911 -111.512
1912 -112.433
1913 -111.67
1914 -111.619
1915 -110.802
1916 -112.379
1917 -112.529
1918 -113.284
1919 -114.545
1920 -114.459
1921 -114.456
1922 -114.903
1923 -113.674
1924 -115.318
1925 -113.767
1926 -112.47
1927 -113.055
1928 -113.705
1929 -113.218
1930 -114.842
1931 -112.833
1932 -114.2
1933 -112.782
1934 -113.945
1935 -115.491
1936 -114.168
1937 -115.206
1938 -114.165
1939 -115.037
1940 -113.853
1941 -116.053
1942 -115.715
1943 -114.693
1944 -113.854
1945 -115.756
1946 -115.22
1947 -114.337
1948 -115.425
1949 -115.015
1950 -114.154
1951 -111.277
1952 -111.569
1953 -111.549
1954 -112.215
1955 -113.032
1956 -112.234
1957 -112.397
1958 -113.613
1959 -111.875
1960 -111.329
1961 -111.3
1962 -113.569
1963 -113.021
1964 -113.298
1965 -114.655
1966 -114.27
1967 -113.975
1968 -114.221
1969 -113.721
1970 -113.079
1971 -115.059
1972 -116.189
1973 -115.775
1974 -114.302
1975 -114.072
1976 -114.211
1977 -113.014
1978 -114.867
1979 -113.305
1980 -114.817
1981 -114.181
1982 -115.18
1983 -115.375
1984 -114.069
1985 -112.739
1986 -112.521
1987 -112.852
1988 -114.368
1989 -114.352
1990 -115.642
1991 -114.825
1992 -114.938
1993 -114.185
1994 -115.657
1995 -113.443
1996 -114.46
1997 -114.063
1998 -114.696
1999 -113.43
2000 -111.683
2001 -111.288
2002 -111.787
2003 -112.092
2004 -112.724
2005 -111.629
2006 -110.568
2007 -111.582
2008 -111.494
2009 -110.327
2010 -112.341
2011 -112.735
2012 -113.815
2013 -112.997
2014 -113.398
2015 -114.526
2016 -114.95
2017 -114.352
2018 -114.253
2019 -113.881
2020 -116.048
2021 -113.834
2022 -113.602
2023 -115.167
2024 -114.026
2025 -112.728
2026 -113.592
2027 -114.556
2028 -115.281
2029 -114.128
2030 -114.183
2031 -114.593
2032 -113.495
2033 -114.095
2034 -113.811
2035 -114.823
2036 -113.763
2037 -114.942
2038 -113.787
2039 -114.009
2040 -114.798
2041 -114.387
2042 -114.784
2043 -115.285
2044 -114.885
2045 -113.657
2046 -115.566
2047 -113.342
2048 -116.024
2049 -116.224
2050 -115.772
2051 -116.078
2052 -115.518
2053 -114.497
2054 -117.841
2055 -115.969
2056 -116.559
2057 -116.928
2058 -118.364
2059 -119.667
2060 -120.575
2061 -121.639
2062 -121.779
2063 -122.652
2064 -123.124
2065 -123.466
2066 -124.195
2067 -124.936
2068 -125.751
2069 -125.092
2070 -125.859
2071 -128.376
2072 -125.1
2073 -127.015
2074 -125.366
2075 -125.508
2076 -126.724
2077 -128.363
2078 -128.734
2079 -129.408
2080 -128.016
2081 -128.824
2082 -129.582
2083 -129.835
2084 -129.634
2085 -127.995
2086 -129.139
2087 -130.956
2088 -131.403
2089 -129.292
2090 -130.507
2091 -129.875
2092 -129.744
2093 -130.583
2094 -132.126
2095 -130.177
2096 -130.534
2097 -131.707
2098 -131.232
2099 -132.378
2100 -132.856
2101 -132.066
2102 -132.236
2103 -131.042
2104 -132.229
2105 -133.917
2106 -135.571
2107 -135.464
2108 -133.805
2109 -134.691
2110 -135.024
2111 -135.216
2112 -135.921
2113 -138.028
2114 -135.949
2115 -136.707
2116 -136.581
2117 -135.163
2118 -137.267
2119 -137.414
2120 -138.46
2121 -137.734
2122 -137.671
2123 -137.89
2124 -137.223
2125 -136.626
2126 -136.604
2127 -135.92
2128 -135.555
2129 -135.868
2130 -135.63
2131 -135.861
2132 -134.872
2133 -134.628
2134 -134.109
2135 -136.066
2136 -134.38
2137 -132.887
2138 -133.225
2139 -132.556
2140 -132.173
2141 -131.824
2142 -129.597
2143 -129.373
2144 -129.88
2145 -128.622
2146 -127.302
2147 -128.678
2148 -127.805
2149 -129.137
2150 -126.5
2151 -126.927
2152 -127.436
2153 -125.83
2154 -126.821
2155 -125.451
2156 -126.059
2157 -125.375
2158 -125.156
2159 -124.286
2160 -123.928
2161 -123.579
2162 -121.879
2163 -122.988
2164 -122.739
2165 -123.92
2166 -124.542
2167 -123.362
2168 -125.131
2169 -125.204
2170 -125.175
2171 -123.985
2172 -122.88
2173 -124.217
2174 -123.351
2175 -124.201
2176 -124.977
2177 -124.927
2178 -124.989
2179 -125.657
2180 -125.891
2181 -124.135
2182 -125.284
2183 -125.008
2184 -125.066
2185 -124.867
2186 -124.074
2187 -124.455
2188 -122.83
2189 -122.475
2190 -124.294
2191 -124.738
2192 -121.984
2193 -125.131
2194 -124.006
2195 -123.551
2196 -121.326
2197 -121.339
2198 -121.334
2199 -122.004
2200 -121.423
2201 -122.413
2202 -124.316
2203 -123.023
2204 -122.461
2205 -122.984
2206 -122.971
2207 -121.969
2208 -120.176
2209 -119.38
2210 -120.855
2211 -121.072
2212 -121.284
2213 -121.952
2214 -122.503
2215 -122.652
2216 -122.356
2217 -123.628
2218 -122.859
2219 -121.725
2220 -124.085
2221 -122.957
2222 -124.555
2223 -122.946
2224 -124.868
2225 -123.505
2226 -124.206
2227 -122.3
2228 -124.466
2229 -125.47
2230 -122.818
2231 -123.919
2232 -123.501
2233 -123.009
2234 -124.076
2235 -121.969
2236 -123.097
2237 -122.306
2238 -123.552
2239 -124.764
2240 -123.647
2241 -123.764
2242 -121.423
2243 -121.9
2244 -121.682
2245 -121.203
2246 -122.103
2247 -121.84
2248 -121.763
2249 -123.38
2250 -121.093
2251 -121.391
2252 -123.171
2253 -123.592
2254 -120.443
2255 -123.72
2256 -122.678
2257 -121.197
2258 -120.513
2259 -121.745
2260 -121.716
2261 -123.927
2262 -123.731
2263 -122.355
2264 -124.073
2265 -123.269
2266 -124.573
2267 -122.715
2268 -122.883
2269 -123.589
2270 -122.967
2271 -124.453
2272 -124.147
2273 -124.523
2274 -123.565
2275 -125.38
2276 -124.035
2277 -124.707
2278 -123.661
2279 -124.538
2280 -121.654
2281 -120.993
2282 -122.878
2283 -122.884
2284 -122.205
2285 -125.439
2286 -124.043
2287 -124.153
2288 -124.032
2289 -122.683
2290 -122.425
2291 -121.617
2292 -121.464
2293 -122.08
2294 -121.288
2295 -122.325
2296 -120.931
2297 -122.605
2298 -121.023
2299 -122.405
2300 -122.546
2301 -123.131
2302 -121.287
2303 -120.867
2304 -121.099
2305 -123.211
2306 -121.998
2307 -122.756
2308 -124.006
2309 -122.461
2310 -123.125
2311 -122.994
2312 -122.616
2313 -123.837
2314 -123.326
2315 -123.914
2316 -124.774
2317 -124.625
2318 -124.981
2319 -123.97
2320 -124.418
2321 -125.374
2322 -125
2323 -124.945
2324 -124.668
2325 -124.089
2326 -121.938
2327 -123.57
2328 -122.66
2329 -123.051
2330 -122.419
2331 -123.966
2332 -122.709
2333 -122.9
2334 -123.312
2335 -124.367
2336 -124.291
2337 -123.118
2338 -122.663
2339 -122.908
2340 -122.953
2341 -122.058
2342 -122.018
2343 -121.792
2344 -121.568
2345 -122.189
2346 -122.292
2347 -121.485
2348 -121.626
2349 -122.453
2350 -122.858
2351 -123.045
2352 -119.747
2353 -121.41
2354 -122.438
2355 -124.73
2356 -123.856
2357 -123.768
2358 -125.196
2359 -124.97
2360 -124.706
2361 -122.616
2362 -124.374
2363 -124.144
2364 -123.258
2365 -124.649
2366 -122.916
2367 -124.367
2368 -124.78
2369 -123.762
2370 -125.903
2371 -124.001
2372 -122.995
2373 -121.952
2374 -121.92
2375 -122.807
2376 -123.558
2377 -124.738
2378 -121.848
2379 -124.269
2380 -123.722
2381 -121.943
2382 -122.428
2383 -123.376
2384 -122.598
2385 -121.673
2386 -122.456
2387 -122.78
2388 -121.682
2389 -121.025
2390 -122.686
2391 -121.613
2392 -123.176
2393 -123.429
2394 -121.317
2395 -120.873
2396 -120.533
2397 -122.937
2398 -121.929
2399 -121.541
2400 -122.909
2401 -123.82
2402 -123.003
2403 -123.195
2404 -125.672
2405 -124.696
2406 -124.111
2407 -123.959
2408 -124.829
2409 -123.634
2410 -124.37
2411 -124.907
2412 -125.496
2413 -125.837
2414 -126.086
2415 -127.232
2416 -124.766
2417 -122.483
2418 -123.949
2419 -123.556
2420 -123.784
2421 -124.438
2422 -122.304
2423 -123.19
2424 -124.341
2425 -123.472
2426 -124.202
2427 -122.834
2428 -124.438
2429 -123.41
2430 -123.424
2431 -122.23
2432 -122.792
2433 -120.349
2434 -120.987
2435 -121.305
2436 -121.781
2437 -122.251
2438 -122.445
2439 -121.314
2440 -122.072
2441 -121.361
2442 -120.941
2443 -120.921
2444 -121.431
2445 -122.634
2446 -121.413
2447 -122.268
2448 -121.73
2449 -122.5
2450 -123.168
2451 -122.957
2452 -122.814
2453 -123.111
2454 -123.228
2455 -123.655
2456 -125.144
2457 -125.017
2458 -123.604
2459 -125.545
2460 -125.327
2461 -124.627
2462 -123.758
2463 -124.625
2464 -123.449
2465 -124.227
2466 -124.037
2467 -123.396
2468 -123.684
2469 -123.866
2470 -123.699
2471 -123.681
2472 -123.579
2473 -123.842
2474 -123.318
2475 -124.145
2476 -122.905
2477 -123.059
2478 -121.478
2479 -121.294
2480 -121.836
2481 -122.708
2482 -123.233
2483 -122.804
2484 -122.65
2485 -122.638
2486 -123.663
2487 -122.014
2488 -122.218
2489 -122.394
2490 -119.594
2491 -121.502
2492 -122.086
2493 -122.486
2494 -122.494
2495 -121.667
2496 -123.635
2497 -124.599
2498 -123.603
2499 -123.614
2500 -123.386
2501 -124.054
2502 -123.558
2503 -124.866
2504 -123.74
2505 -123.343
2506 -123.516
2507 -124.787
2508 -125.338
2509 -125.398
2510 -124.848
2511 -123.537
2512 -124.699
2513 -124.098
2514 -122.301
2515 -123.721
2516 -124.14
2517 -126.262
2518 -123.098
2519 -123.552
2520 -122.504
2521 -122.663
2522 -123.794
2523 -122.284
2524 -122.775
2525 -121.904
2526 -121.72
2527 -122.141
2528 -123.062
2529 -124.715
2530 -123.182
2531 -122.409
2532 -121.793
2533 -121.933
2534 -122.559
2535 -122.353
2536 -121.452
2537 -121.574
2538 -121.731
2539 -120.994
2540 -122.252
2541 -123.396
2542 -124.097
2543 -124.149
2544 -123.895
2545 -123.573
2546 -123.292
2547 -124.857
2548 -123.13
2549 -124.043
2550 -125.076
2551 -124.252
2552 -124.14
2553 -124.108
2554 -122.596
2555 -122.401
2556 -123.29
2557 -123.412
2558 -123.427
2559 -122.033
2560 -121.281
2561 -120.628
2562 -122.148
2563 -120.255
2564 -120.621
2565 -118.666
2566 -116.493
2567 -117.965
2568 -119.742
2569 -116.721
2570 -116.188
2571 -115.48
2572 -115.023
2573 -115.58
2574 -114.716
2575 -113.017
2576 -111.115
2577 -113.44
2578 -111.703
2579 -111.916
2580 -111.407
2581 -110.222
2582 -110.12
2583 -109.94
2584 -111.49
2585 -108.092
2586 -109.372
2587 -109.379
2588 -108.38
2589 -108.887
2590 -107.8
2591 -107.758
2592 -106.899
2593 -105.848
2594 -107.046
2595 -106.248
2596 -107.694
2597 -107.248
2598 -107.639
2599 -106.736
2600 -108.028
2601 -108.092
2602 -107.014
2603 -105.951
2604 -106.222
2605 -107.053
2606 -106.322
2607 -106.893
2608 -105.43
2609 -105.413
2610 -106.717
2611 -105.555
2612 -105.656
2613 -105.822
2614 -104.215
2615 -103.462
2616 -101.819
2617 -102.39
2618 -103.019
2619 -102.496
2620 -101.028
2621 -101.134
2622 -100.326
2623 -99.3641
2624 -99.9634
2625 -100.144
2626 -99.7787
2627 -100.276
2628 -100.128
2629 -98.8875
2630 -99.291
2631 -97.4407
2632 -99.5872
2633 -98.5266
2634 -100.377
2635 -98.6105
2636 -99.5708
2637 -99.5996
2638 -100.405
2639 -99.2263
2640 -98.0086
2641 -97.9317
2642 -100.416
2643 -100.69
2644 -101.015
2645 -100.608
2646 -101.687
2647 -101.023
2648 -101.907
2649 -101.676
2650 -102.403
2651 -103.38
2652 -104.468
2653 -105.949
2654 -106.138
2655 -106.362
2656 -107.2
2657 -107.65
2658 -107.808
2659 -108.405
2660 -109.781
2661 -109.217
2662 -110.819
2663 -110.69
2664 -110.471
2665 -112.729
2666 -112.035
2667 -111.47
2668 -111.289
2669 -111.918
2670 -112.885
2671 -112.667
2672 -113.538
2673 -111.879
2674 -110.251
2675 -111.751
2676 -112.433
2677 -112.836
2678 -112.683
2679 -113.49
2680 -112.257
2681 -112.913
2682 -113.143
2683 -113.414
2684 -114.128
2685 -113.505
2686 -114.047
2687 -113.553
2688 -115.194
2689 -113.445
2690 -112.906
2691 -113.126
2692 -112.715
2693 -111.403
2694 -112.85
2695 -112.324
2696 -111.239
2697 -110.691
2698 -111.501
2699 -110.827
2700 -111.904
2701 -111.688
2702 -111.453
2703 -113.52
2704 -111.593
2705 -112.184
2706 -112.705
2707 -113.689
2708 -112.127
2709 -113.699
2710 -115.064
2711 -114.961
2712 -113.56
2713 -114.842
2714 -114.866
2715 -114.052
2716 -114.062
2717 -113.975
2718 -114.183
2719 -113.127
2720 -114.291
2721 -114.219
2722 -114.757
2723 -115.114
2724 -115.645
2725 -114.921
2726 -115.571
2727 -114.383
2728 -114.101
2729 -113.54
2730 -114.211
2731 -113.703
2732 -115.634
2733 -115.417
2734 -113.723
2735 -114.391
2736 -113.043
2737 -113.124
2738 -112.951
2739 -113.982
2740 -113.141
2741 -111.973
2742 -112.345
2743 -112.931
2744 -111.316
2745 -111.196
2746 -110.675
2747 -110.683
2748 -113.037
2749 -111.771
2750 -113.52
2751 -112.414
2752 -112.875
2753 -113.582
2754 -114.324
2755 -114.913
2756 -115.507
2757 -115.409
2758 -114.842
2759 -114.609
2760 -114.052
2761 -115.546
2762 -112.648
2763 -113.852
2764 -114.974
2765 -113.864
2766 -114.495
2767 -115.658
2768 -114.133
2769 -114.906
2770 -115.897
2771 -114.501
2772 -115.697
2773 -115.581
2774 -115.262
2775 -114.953
2776 -114.833
2777 -113.578
2778 -114.042
2779 -115.019
2780 -114.803
2781 -114.543
2782 -112.728
2783 -113.624
2784 -112.712
2785 -112.195
2786 -112.404
2787 -111.712
2788 -112.66
2789 -112.082
2790 -111.1
2791 -112.193
2792 -110.799
2793 -112.369
2794 -110.814
2795 -112.156
2796 -112.722
2797 -112.611
2798 -113.167
2799 -114.182
2800 -113.831
2801 -113.893
2802 -115.121
2803 -114.478
2804 -114.666
2805 -115.853
2806 -115.246
2807 -114.833
2808 -114.308
2809 -114.778
2810 -114.313
2811 -114.21
2812 -114.413
2813 -114.847
2814 -114.52
2815 -115.794
2816 -115.631
2817 -115.708
2818 -113.434
2819 -113.252
2820 -114.08
2821 -113.611
2822 -112.065
2823 -113.827
2824 -114.747
2825 -115.228
2826 -117.269
2827 -115.695
2828 -114.261
2829 -114.319
2830 -114.055
2831 -114.072
2832 -113.703
2833 -113.476
2834 -111.549
2835 -112.463
2836 -110.801
2837 -112.94
2838 -112.602
2839 -111.6
2840 -113.234
2841 -113.761
2842 -111.25
2843 -113.057
2844 -113.851
2845 -112.439
2846 -113.821
2847 -113.406
2848 -115.418
2849 -115.538
2850 -114.787
2851 -115.375
2852 -115.096
2853 -115.678
2854 -115.52
2855 -113.554
2856 -112.843
2857 -112.939
2858 -114.913
2859 -113.376
2860 -113.815
2861 -115.688
2862 -114.625
2863 -116.068
2864 -115.17
2865 -113.348
2866 -114.632
2867 -113.667
2868 -114.694
2869 -115.412
2870 -115.812
2871 -114.076
2872 -116.707
2873 -114.72
2874 -114.79
2875 -113.527
2876 -114.068
2877 -113.158
2878 -112.887
2879 -112.274
2880 -112.306
2881 -111.73
2882 -110.825
2883 -112.299
2884 -112.959
2885 -112.943
2886 -112.178
2887 -111.78
2888 -112.813
2889 -113.272
2890 -111.025
2891 -112.031
2892 -113.773
2893 -113.448
2894 -113.547
2895 -113.245
2896 -114.102
2897 -114.269
2898 -114.332
2899 -114.827
2900 -113.497
2901 -114.423
2902 -114.781
2903 -114.071
2904 -112.487
2905 -114.087
2906 -113.282
2907 -113.9
2908 -113.262
2909 -114.281
2910 -114.731
2911 -114.18
2912 -113.572
2913 -113.554
2914 -113.283
2915 -113.348
2916 -113.075
2917 -114.614
2918 -114.463
2919 -114.019
2920 -114.909
2921 -115.355
2922 -114.666
2923 -113.041
2924 -112.868
2925 -110.857
2926 -111.098
2927 -110.814
2928 -112.395
2929 -111.494
2930 -111.675
2931 -110.196
2932 -111.067
2933 -113.245
2934 -112.372
2935 -111.643
2936 -111.559
2937 -112.477
2938 -113.498
2939 -112.997
2940 -114.118
2941 -113.721
2942 -114.302
2943 -114.827
2944 -114.487
2945 -114.225
2946 -114.406
2947 -113.976
2948 -113.974
2949 -114.527
2950 -115.471
2951 -113.934
2952 -114.681
2953 -113.855
2954 -113.438
2955 -114.602
2956 -114.706
2957 -113.731
2958 -114.519
2959 -115.232
2960 -112.248
2961 -114.59
2962 -114.003
2963 -115.677
2964 -114.123
2965 -114.397
2966 -114.224
2967 -114.66
2968 -115.375
2969 -114.94
2970 -111.892
2971 -113.629
2972 -113.047
2973 -113.387
2974 -110.97
2975 -111.721
2976 -111.428
2977 -113.181
2978 -112.442
2979 -112.589
2980 -110.345
2981 -111.656
2982 -112.364
2983 -113.54
2984 -112.932
2985 -113.922
2986 -113.368
2987 -114.696
2988 -113.751
2989 -114.83
2990 -115.291
2991 -113.748
2992 -114.478
2993 -113.927
2994 -113.695
2995 -115.041
2996 -115.065
2997 -114.793
2998 -113.589
2999 -113.888
3000 -113.693
3001 -114.48
3002 -114.633
3003 -114.546
3004 -112.905
3005 -113.642
3006 -112.605
3007 -113.677
3008 -114.214
3009 -113.751
3010 -113.009
3011 -113.394
3012 -114.211
3013 -116.709
3014 -114.061
3015 -114.543
3016 -113.471
3017 -113.566
3018 -112.522
3019 -112.705
3020 -112.02
3021 -113.154
3022 -112.995
3023 -113.527
3024 -111.045
3025 -111.376
3026 -112.285
3027 -112.729
3028 -112.888
3029 -112.231
3030 -112.063
3031 -112.172
3032 -112.536
3033 -114.455
3034 -114.733
3035 -116.507
3036 -115.322
3037 -113.339
3038 -115.374
3039 -114.509
3040 -114.322
3041 -114.526
3042 -113.654
3043 -114.254
3044 -113.308
3045 -112.671
3046 -114.123
3047 -114.534
3048 -116.214
3049 -114.445
3050 -114.441
3051 -113.762
3052 -115.129
3053 -113.495
3054 -113.163
3055 -114.868
3056 -113.317
3057 -113.569
3058 -116.185
3059 -116.538
3060 -116.623
3061 -115.411
3062 -115.848
3063 -114.43
3064 -115.253
3065 -115.223
3066 -114.949
3067 -114.915
3068 -115.358
3069 -115.359
3070 -116.255
3071 -116.438
3072 -115.34
3073 -117.344
3074 -118.762
3075 -117.337
3076 -117.664
3077 -117.898
3078 -120.047
3079 -121.513
3080 -120.699
3081 -121.073
3082 -121.361
3083 -121.862
3084 -124.944
3085 -124.248
3086 -124.822
3087 -125.655
3088 -124.369
3089 -126.418
3090 -125.193
3091 -124.98
3092 -125.619
3093 -126.495
3094 -127.222
3095 -126.656
3096 -127.636
3097 -128.406
3098 -129.464
3099 -129.728
3100 -128.654
3101 -128.081
3102 -128.004
3103 -127.505
3104 -127.031
3105 -128.213
3106 -127.646
3107 -126.514
3108 -127.791
3109 -126.381
3110 -127.002
3111 -127.251
3112 -127.226
3113 -126.57
3114 -126.894
3115 -125.168
3116 -124.861
3117 -123.715
3118 -122.949
3119 -124.429
3120 -125.014
3121 -123.088
3122 -123.22
3123 -124.666
3124 -122.349
3125 -122.828
3126 -122.099
3127 -121.085
3128 -122.592
3129 -120.141
3130 -120.587
3131 -120.656
3132 -119.772
3133 -119.596
3134 -120.38
3135 -119.674
3136 -118.367
3137 -119.84
3138 -119.665
3139 -117.875
3140 -117.095
3141 -118.564
3142 -117.949
3143 -118.6
3144 -117.219
3145 -117.467
3146 -116.689
3147 -117.008
3148 -116.43
3149 -118.33
3150 -117.356
3151 -115.05
3152 -116.42
3153 -117.303
3154 -117.357
3155 -115.808
3156 -117.184
3157 -116.799
3158 -117.373
3159 -116.451
3160 -118.642
3161 -118.555
3162 -117.365
3163 -115.993
3164 -117.663
3165 -116.354
3166 -117.492
3167 -115.783
3168 -116.481
3169 -116.642
3170 -115.787
3171 -116.66
3172 -115.524
3173 -116.798
3174 -117.241
3175 -115.052
3176 -117.287
3177 -117.3
3178 -117.404
3179 -115.959
3180 -116.527
3181 -117.462
3182 -116.08
3183 -116.067
3184 -115.564
3185 -116.326
3186 -116.648
3187 -117.546
3188 -116.866
3189 -115.672
3190 -116.35
3191 -117.078
3192 -116.099
3193 -116.585
3194 -114.451
3195 -116.582
3196 -115.84
3197 -116.104
3198 -116.776
3199 -116.36
3200 -115.541
3201 -118.861
3202 -116.271
3203 -115.81
3204 -115.826
3205 -116.657
3206 -116.629
3207 -116.166
3208 -118.161
3209 -116.453
3210 -115.995
3211 -116.68
3212 -115.703
3213 -116.99
3214 -117.33
3215 -117.15
3216 -114.979
3217 -117.366
3218 -116.028
3219 -117.481
3220 -116.497
3221 -115.887
3222 -114.941
3223 -116.864
3224 -115.936
3225 -116.829
3226 -115.297
3227 -115.265
3228 -116.331
3229 -116.632
3230 -116.624
3231 -114.679
3232 -116.099
3233 -117.485
3234 -116.455
3235 -115.741
3236 -115.139
3237 -116.428
3238 -115.882
3239 -115.58
3240 -116.149
3241 -115.969
3242 -115.292
3243 -116.586
3244 -116.788
3245 -116.536
3246 -116.207
3247 -115.738
3248 -115.654
3249 -115.758
3250 -117.148
3251 -117.118
3252 -116.02
3253 -116.155
3254 -116.201
3255 -115.473
3256 -115.156
3257 -114.977
3258 -116.884
3259 -115.65
3260 -117.003
3261 -116.454
3262 -115.78
3263 -115.032
3264 -116.12
3265 -116.536
3266 -116.803
3267 -116.641
3268 -116.235
3269 -117.299
3270 -117.124
3271 -115.93
3272 -115.277
3273 -116.517
3274 -115.843
3275 -115.686
3276 -116.978
3277 -116.998
3278 -115.956
3279 -115.89
3280 -117.453
3281 -115.994
3282 -116.857
3283 -116.41
3284 -117.368
3285 -115.783
3286 -115.04
3287 -114.721
3288 -116.142
3289 -118.293
3290 -117.506
3291 -116.361
3292 -116.824
3293 -116.926
3294 -115.435
3295 -116.337
3296 -115.686
3297 -115.802
3298 -115.039
3299 -116.727
3300 -117.472
3301 -116.645
3302 -118.006
3303 -117.62
3304 -116.628
3305 -116.952
3306 -117.023
3307 -117.922
3308 -118.196
3309 -116.784
3310 -116.482
3311 -117.388
3312 -117.631
3313 -117.259
3314 -117.329
3315 -115.961
3316 -116.417
3317 -116.981
3318 -116.54
3319 -116.339
3320 -116.346
3321 -117.607
3322 -116.602
3323 -116.227
3324 -117.042
3325 -116.936
3326 -116.1
3327 -116.824
3328 -116.079
3329 -116.596
3330 -116.632
3331 -116.871
3332 -115.914
3333 -115.684
3334 -117.373
3335 -116.414
3336 -116.291
3337 -116.922
3338 -117.688
3339 -115.666
3340 -116.477
3341 -117.077
3342 -117.689
3343 -116.816
3344 -117.408
3345 -116.737
3346 -117.608
3347 -115.962
3348 -117.063
3349 -116.53
3350 -117.775
3351 -116.348
3352 -116.698
3353 -115.441
3354 -116.123
3355 -116.894
3356 -115.904
3357 -117.012
3358 -116.691
3359 -116.083
3360 -115.859
3361 -116.866
3362 -116.136
3363 -116.359
3364 -116.748
3365 -116.547
3366 -116.716
3367 -118.165
3368 -117.151
3369 -117.417
3370 -116.586
3371 -116.629
3372 -116.509
3373 -116.782
3374 -116.858
3375 -117.702
3376 -118.052
3377 -117.26
3378 -115.647
3379 -118.102
3380 -119.201
3381 -116.788
3382 -117.294
3383 -117.314
3384 -116.846
3385 -115.687
3386 -117.319
3387 -116.692
3388 -117.107
3389 -116.949
3390 -116.593
3391 -116.992
3392 -118.462
3393 -116.838
3394 -116.935
3395 -115.909
3396 -117.244
3397 -117.674
3398 -116.059
3399 -117.476
