0 -146.548
1 -146.778
2 -145.732
3 -145.6
4 -145.184
5 -144.564
6 -145.399
7 -145.295
8 -146.217
9 -146.491
10 -143.7
11 -145.838
12 -145.356
13 -146.994
14 -145.427
15 -144.434
16 -146.009
17 -144.767
18 -146.152
19 -146.007
20 -146.136
21 -145.459
22 -145.579
23 -146.761
24 -147.293
25 -147.314
26 -146.999
27 -147.351
28 -148.079
29 -148.226
30 -150.399
31 -150.294
32 -150.793
33 -151.582
34 -152.718
35 -151.991
36 -153.993
37 -152.54
38 -155.925
39 -155.619
40 -156.27
41 -158.956
42 -158.395
43 -158.762
44 -159.236
45 -160.151
46 -162.325
47 -161.308
48 -163.421
49 -164.141
50 -165.757
51 -166.965
52 -167.596
53 -168.451
54 -168.727
55 -168.375
56 -168.283
57 -168.535
58 -168.638
59 -168.151
60 -168.617
61 -168.552
62 -168.436
63 -167.259
64 -167.464
65 -165.662
66 -165.086
67 -163.749
68 -164.42
69 -163.473
70 -162.61
71 -162.123
72 -162.85
73 -161.556
74 -161.643
75 -161.349
76 -160.254
77 -158.079
78 -158.238
79 -157.153
80 -158.054
81 -157.756
82 -158.016
83 -157.352
84 -155.435
85 -156.429
86 -156.887
87 -155.386
88 -155.726
89 -156.3
90 -154.875
91 -153.157
92 -152.827
93 -152.816
94 -155.261
95 -154.416
96 -153.616
97 -154.936
98 -153.124
99 -154.251
100 -154.414
101 -155.274
102 -153.625
103 -153.617
104 -154.045
105 -153.555
106 -153.056
107 -153.929
108 -153.493
109 -152.746
110 -152.999
111 -153.948
112 -152.929
113 -154.806
114 -152.078
115 -152.554
116 -152.587
117 -152.869
118 -151.902
119 -152.681
120 -151.226
121 -152.394
122 -151.401
123 -151.662
124 -149.811
125 -151.571
126 -151.935
127 -150.607
128 -149.774
129 -151.009
130 -152.644
131 -152.613
132 -152.739
133 -155.134
134 -152.926
135 -154.987
136 -154.345
137 -153.418
138 -152.785
139 -153.887
140 -153.944
141 -151.719
142 -150.674
143 -151.797
144 -153.002
145 -149.375
146 -151.959
147 -151.23
148 -152.555
149 -151.545
150 -151.77
151 -151.857
152 -152.779
153 -152.344
154 -153.22
155 -150.404
156 -152.032
157 -153.321
158 -151.913
159 -150.838
160 -152.557
161 -150.546
162 -150.581
163 -151.984
164 -150.682
165 -151.239
166 -151.145
167 -154.289
168 -151.923
169 -153.646
170 -152.126
171 -152.782
172 -152.422
173 -152.233
174 -153.317
175 -150.024
176 -149.544
177 -152.777
178 -150.86
179 -151.277
180 -150.565
181 -151.392
182 -151.236
183 -151.435
184 -151.623
185 -151.078
186 -151.297
187 -149.508
188 -150.251
189 -151.509
190 -151.041
191 -151.32
192 -151.208
193 -151.528
194 -151.045
195 -151.153
196 -148.643
197 -150.337
198 -149.117
199 -150.936
200 -150.907
201 -150.464
202 -152.295
203 -150.468
204 -151.638
205 -152.621
206 -152.465
207 -150.939
208 -152.591
209 -151.91
210 -150.849
211 -151.48
212 -151.304
213 -152.212
214 -150.702
215 -150.069
216 -150.412
217 -150.931
218 -151.029
219 -149.039
220 -150.614
221 -150.549
222 -150.775
223 -151.406
224 -148.824
225 -150.356
226 -150.035
227 -150.458
228 -149.487
229 -150.283
230 -150.194
231 -150.597
232 -150.077
233 -149.232
234 -148.873
235 -151.593
236 -150.368
237 -152.218
238 -150.508
239 -149.66
240 -152.18
241 -150.26
242 -150.893
243 -150.757
244 -151.571
245 -152.135
246 -150.834
247 -151.164
248 -151.997
249 -148.851
250 -150.828
251 -149.337
252 -150.849
253 -148.99
254 -150.92
255 -150.342
256 -149.84
257 -150.581
258 -150.866
259 -149.154
260 -149.478
261 -149.321
262 -149.539
263 -149.381
264 -149.416
265 -149.078
266 -148.352
267 -148.715
268 -149.248
269 -148.484
270 -149.14
271 -149.642
272 -150.894
273 -152.451
274 -150.585
275 -151.36
276 -149.732
277 -152.02
278 -150.915
279 -151.753
280 -151.912
281 -151.199
282 -149.551
283 -150.426
284 -149.389
285 -148.922
286 -148.937
287 -150.264
288 -149.847
289 -150.728
290 -152.299
291 -149.624
292 -148.935
293 -148.091
294 -148.4
295 -149.793
296 -150.057
297 -150.546
298 -148.685
299 -148.665
300 -147.868
301 -148.397
302 -148.173
303 -148.392
304 -149.807
305 -149.377
306 -148.854
307 -149.606
308 -150.938
309 -149.206
310 -149.328
311 -150.929
312 -150.261
313 -150.322
314 -150.5
315 -149.776
316 -150.09
317 -150.133
318 -150.599
319 -149.599
320 -148.242
321 -149.415
322 -148.391
323 -149.306
324 -149.473
325 -149.966
326 -147.987
327 -149.043
328 -148.748
329 -149.463
330 -148.6
331 -148.924
332 -148.982
333 -149.073
334 -148.249
335 -147.854
336 -147.229
337 -147.945
338 -147.38
339 -148.511
340 -149.17
341 -149.183
342 -149.006
343 -151.163
344 -150.445
345 -149.957
346 -149.294
347 -149.378
348 -149.14
349 -150.214
350 -149.995
351 -148.704
352 -150.556
353 -148.958
354 -147.148
355 -147.036
356 -147.889
357 -148.677
358 -148.104
359 -148.836
360 -148.565
361 -147.799
362 -147.696
363 -148.427
364 -148.194
365 -147.436
366 -146.393
367 -147.378
368 -149.617
369 -148.287
370 -147.293
371 -148.126
372 -147.637
373 -145.337
374 -147.502
375 -147.955
376 -147.375
377 -148.982
378 -148.207
379 -149.616
380 -150.001
381 -148.142
382 -148.831
383 -148.371
384 -148.511
385 -149.142
386 -150.057
387 -148.568
388 -149.666
389 -148.704
390 -147.14
391 -148.322
392 -147.59
393 -148.471
394 -147.851
395 -148.585
396 -149.499
397 -148.656
398 -148.181
399 -148.774
400 -147.278
401 -148.031
402 -146.971
403 -149.041
404 -147.669
405 -146.503
406 -148.435
407 -146.357
408 -146.563
409 -148.528
410 -146.081
411 -146.72
412 -149.521
413 -148.288
414 -150.263
415 -148.235
416 -148.835
417 -148.568
418 -147.787
419 -146.555
420 -148.041
421 -148.213
422 -148.365
423 -146.751
424 -146.877
425 -147.524
426 -147.013
427 -147.836
428 -147.508
429 -148.347
430 -146.79
431 -147.152
432 -147.044
433 -146.458
434 -147.281
435 -146.192
436 -145.494
437 -147.228
438 -148.777
439 -145.725
440 -147.934
441 -146.58
442 -147.352
443 -146.126
444 -146.826
445 -146.934
446 -147.653
447 -144.22
448 -146.954
449 -148.085
450 -146.954
451 -148.539
452 -148.387
453 -147.47
454 -147.373
455 -149.095
456 -150.451
457 -148.572
458 -147.903
459 -147.375
460 -146.385
461 -148.063
462 -147.128
463 -146.755
464 -146.447
465 -147.428
466 -146.619
467 -147.4
468 -146.548
469 -147.023
470 -146.244
471 -146.821
472 -145.959
473 -145.287
474 -146.194
475 -144.748
476 -145.721
477 -146.665
478 -147.134
479 -143.714
480 -145.555
481 -146.028
482 -147.179
483 -148.567
484 -145.501
485 -147.582
486 -147.244
487 -146.726
488 -147.442
489 -145.319
490 -146.665
491 -146.906
492 -147.365
493 -148.304
494 -144.624
495 -145.428
496 -146.458
497 -145.579
498 -144.174
499 -147.313
500 -146.858
501 -146.742
502 -145.777
503 -146.571
504 -145.673
505 -145.823
506 -144.136
507 -146.247
508 -145.791
509 -146.81
510 -145.749
511 -144.532
512 -144.547
513 -144.674
514 -145.087
515 -144.628
516 -145.044
517 -145.031
518 -146.415
519 -144.544
520 -147.716
521 -145.115
522 -147.8
523 -146.412
524 -145.688
525 -148.699
526 -146.547
527 -146.473
528 -146.262
529 -145.391
530 -144.933
531 -145.375
532 -146.132
533 -145.135
534 -145.63
535 -145.596
536 -144.928
537 -144.534
538 -144.383
539 -145.59
540 -145.313
541 -145.541
542 -143.754
543 -144.477
544 -145.236
545 -143.448
546 -145.604
547 -144.616
548 -144.403
549 -143.047
550 -144.767
551 -145.237
552 -145.786
553 -144.051
554 -144.732
555 -144.912
556 -146.779
557 -145.339
558 -145.054
559 -144.544
560 -146.475
561 -146.719
562 -146.065
563 -146.662
564 -145.278
565 -144.573
566 -144.824
567 -143.466
568 -145.534
569 -144.135
570 -143.924
571 -144.533
572 -144.436
573 -143.779
574 -143.257
575 -142.909
576 -144.192
577 -143.885
578 -145.949
579 -142.414
580 -144.276
581 -143.611
582 -143.529
583 -142.742
584 -143.314
585 -145.136
586 -143.81
587 -143.671
588 -143.591
589 -145.717
590 -145.874
591 -143.032
592 -145.816
593 -143.827
594 -144.566
595 -145.568
596 -143.655
597 -144.453
598 -144.362
599 -144.806
600 -142.437
601 -144.031
602 -143.379
603 -145.487
604 -140.853
605 -144.666
606 -143.847
607 -144.599
608 -144.179
609 -143.242
610 -144.191
611 -142.498
612 -143.786
613 -143.159
614 -143.126
615 -143.022
616 -141.519
617 -141.08
618 -143.464
619 -142.021
620 -143.384
621 -144.187
622 -144.275
623 -143.931
624 -142.929
625 -142.936
626 -143.262
627 -143.258
628 -142.213
629 -145.086
630 -145.155
631 -144.515
632 -143.829
633 -144.293
634 -145.004
635 -142.871
636 -142.707
637 -141.254
638 -142.745
639 -142.632
640 -141.034
641 -142.977
642 -142.007
643 -141.878
644 -143.361
645 -141.739
646 -142.658
647 -142.087
648 -141.904
649 -142.502
650 -141.833
651 -141.81
652 -141.542
653 -141.368
654 -141.252
655 -142.739
656 -142.854
657 -141.654
658 -141.305
659 -142.718
660 -142.818
661 -143.08
662 -142.452
663 -141.622
664 -142.762
665 -143.947
666 -143.207
667 -144.066
668 -143.187
669 -141.727
670 -143.296
671 -141.265
672 -140.927
673 -141.362
674 -140.937
675 -141.53
676 -141.676
677 -141.84
678 -140.658
679 -141.069
680 -141.355
681 -141.481
682 -141.739
683 -140.463
684 -141.743
685 -141.631
686 -139.729
687 -141.919
688 -141.489
689 -141.455
690 -141.075
691 -142.618
692 -140.192
693 -142.042
694 -141.212
695 -142.302
696 -142.082
697 -142.25
698 -142.36
699 -140.864
700 -141.529
701 -142.773
702 -142.453
703 -141.311
704 -141.739
705 -141.463
706 -140.245
707 -139.489
708 -139.046
709 -141.204
710 -141.556
711 -140.675
712 -141.315
713 -141.236
714 -140.38
715 -139.648
716 -140.28
717 -140.339
718 -140.883
719 -139.908
720 -139.088
721 -141.219
722 -139.03
723 -139.321
724 -140.33
725 -139.439
726 -138.934
727 -141.788
728 -139.408
729 -140.765
730 -140.6
731 -141.022
732 -140.441
733 -140.865
734 -140.073
735 -140.85
736 -141.135
737 -141.338
738 -143.135
739 -141.691
740 -139.606
741 -141.449
742 -140.034
743 -140.347
744 -140.101
745 -140.248
746 -140.258
747 -141.054
748 -139.184
749 -140.726
750 -139.567
751 -140.49
752 -138.861
753 -139.15
754 -139.428
755 -139.608
756 -139.449
757 -139.215
758 -137.486
759 -137.769
760 -138.397
761 -138.867
762 -140.442
763 -139.847
764 -139.323
765 -140.718
766 -140.525
767 -139.321
768 -137.829
769 -139.15
770 -140.519
771 -139.858
772 -139.832
773 -139.401
774 -138.855
775 -138.602
776 -138.69
777 -139.644
778 -138.208
779 -138.331
780 -138.698
781 -139.597
782 -140.116
783 -140.004
784 -139.817
785 -136.869
786 -140.047
787 -138.33
788 -137.6
789 -137.191
790 -137.431
791 -138.575
792 -137.103
793 -137.914
794 -138.099
795 -139.246
796 -138.06
797 -137.01
798 -139.859
799 -139.133
800 -138.823
801 -138.488
802 -140.863
803 -139.747
804 -138.95
805 -139.96
806 -139.564
807 -139.089
808 -137.631
809 -138.631
810 -139.271
811 -138.311
812 -136.867
813 -139.265
814 -138.136
815 -136.976
816 -139.607
817 -138.234
818 -138.396
819 -137.168
820 -137.795
821 -137.754
822 -138.695
823 -138.297
824 -138.009
825 -135.467
826 -136.589
827 -134.927
828 -135.941
829 -134.889
830 -132.517
831 -132.527
832 -135.796
833 -132.034
834 -134.499
835 -132.606
836 -132.677
837 -133.035
838 -131.032
839 -130.825
840 -129.283
841 -128.383
842 -129.84
843 -127.161
844 -127.448
845 -125.958
846 -124.548
847 -125.098
848 -122.654
849 -122.714
850 -121.155
851 -122.054
852 -122.479
853 -121.663
854 -122.518
855 -122.729
856 -122.152
857 -122.014
858 -122.525
859 -123.316
860 -122.286
861 -122.272
862 -121.018
863 -123.505
864 -122.871
865 -121.727
866 -122.498
867 -123.738
868 -124.303
869 -124.745
870 -123.897
871 -127.172
872 -125.247
873 -126.371
874 -126.993
875 -126.89
876 -126.456
877 -128.048
878 -128.61
879 -129.406
880 -129.143
881 -130.865
882 -130.486
883 -129.782
884 -130.327
885 -130.104
886 -130.938
887 -131.725
888 -132.26
889 -131.021
890 -132.898
891 -132.446
892 -132.483
893 -132.584
894 -133.521
895 -133.069
896 -133.041
897 -132.518
898 -131.389
899 -133.218
900 -133.177
901 -133.898
902 -133
903 -133.52
904 -132.469
905 -133.999
906 -132.929
907 -132.765
908 -132.159
909 -133.79
910 -133.045
911 -133.17
912 -132.875
913 -133.469
914 -132.101
915 -133.765
916 -133.325
917 -132.718
918 -134.146
919 -133.767
920 -133.261
921 -133.299
922 -132.626
923 -133.203
924 -134.878
925 -133.586
926 -134.376
927 -134.606
928 -133.493
929 -132.962
930 -133.297
931 -132.47
932 -133.353
933 -133.226
934 -132.553
935 -131.885
936 -132.034
937 -132.126
938 -131.448
939 -132.421
940 -131.177
941 -129.997
942 -128.496
943 -127.492
944 -127.491
945 -125.532
946 -126.234
947 -126.593
948 -124.178
949 -124.769
950 -121.89
951 -121.431
952 -122.856
953 -122.236
954 -121.035
955 -119.569
956 -118.944
957 -118.607
958 -117.795
959 -116.766
960 -114.489
961 -115.199
962 -113.85
963 -113.478
964 -112.54
965 -113.726
966 -113.94
967 -115.106
968 -113.538
969 -114.379
970 -114.859
971 -113.796
972 -115.631
973 -115.084
974 -115.395
975 -115.951
976 -117.375
977 -117
978 -116.474
979 -117.489
980 -116.074
981 -118.309
982 -117.544
983 -118.247
984 -118.496
985 -119.755
986 -121.621
987 -122.577
988 -123.772
989 -123.605
990 -124.892
991 -124.158
992 -125.245
993 -123.105
994 -124.296
995 -124.014
996 -125.071
997 -126.554
998 -125.724
999 -124.508
1000 -125.88
1001 -126.393
1002 -125.473
1003 -124.922
1004 -125.672
1005 -124.59
1006 -125.594
1007 -126.767
1008 -127.347
1009 -125.972
1010 -126.796
1011 -126.347
1012 -126.967
1013 -126.384
1014 -128.573
1015 -127.456
1016 -127.962
1017 -127.169
1018 -126.281
1019 -128.392
1020 -128.48
1021 -128.928
1022 -128.874
1023 -128.711
1024 -129.311
1025 -128.573
1026 -128.524
1027 -127.037
1028 -129.847
1029 -129.023
1030 -129.325
1031 -128.941
1032 -129.016
1033 -127.806
1034 -130.002
1035 -128.715
1036 -128.875
1037 -127.789
1038 -128.575
1039 -126.824
1040 -127.626
1041 -126.283
1042 -127.741
1043 -128.664
1044 -129.067
1045 -128.586
1046 -129.915
1047 -126.293
1048 -129.091
1049 -127.857
1050 -129.348
1051 -130.024
1052 -130.612
1053 -131.078
1054 -129.052
1055 -127.321
1056 -128.275
1057 -130.162
1058 -128.906
1059 -128.986
1060 -130.412
1061 -131.433
1062 -129.498
1063 -129.587
1064 -129.639
1065 -129.94
1066 -128.68
1067 -128.871
1068 -130.161
1069 -129.972
1070 -129.781
1071 -129.584
1072 -128.858
1073 -127.986
1074 -126.871
1075 -129.813
1076 -128.203
1077 -127.642
1078 -129.804
1079 -128.076
1080 -128.262
1081 -129.013
1082 -129.572
1083 -129.135
1084 -128.885
1085 -130.104
1086 -129.552
1087 -129.856
1088 -130.302
1089 -131.186
1090 -130.616
1091 -128.646
1092 -131.009
1093 -130.213
1094 -130.378
1095 -128.859
1096 -129.56
1097 -130.656
1098 -130.673
1099 -129.95
1100 -132.616
1101 -130.935
1102 -128.057
1103 -128.675
1104 -131.324
1105 -129.605
1106 -128.644
1107 -129.862
1108 -129.097
1109 -130.754
1110 -128.821
1111 -129.236
1112 -128.347
1113 -130.13
1114 -129.441
1115 -129.479
1116 -130.055
1117 -129.817
1118 -131.065
1119 -130.333
1120 -130.646
1121 -131.173
1122 -131.388
1123 -131.603
1124 -131.475
1125 -131.963
1126 -131.153
1127 -130.939
1128 -129.836
1129 -132.399
1130 -131.067
1131 -131.434
1132 -132.399
1133 -133.262
1134 -130.835
1135 -130.478
1136 -132.262
1137 -132.797
1138 -130.898
1139 -133.076
1140 -131.444
1141 -131.287
1142 -129.038
1143 -130.762
1144 -129.55
1145 -130.633
1146 -129.322
1147 -130.061
1148 -130.076
1149 -129.797
1150 -130.149
1151 -130.328
1152 -130.082
1153 -131.938
1154 -130.27
1155 -131.055
1156 -131.148
1157 -130.889
1158 -131.341
1159 -131.238
1160 -133.46
1161 -130.378
1162 -131.117
1163 -132.301
1164 -132.04
1165 -130.308
1166 -130.68
1167 -131.825
1168 -133.611
1169 -131.502
1170 -131.43
1171 -131.217
1172 -133.104
1173 -130.574
1174 -132.637
1175 -132.989
1176 -132.001
1177 -130.139
1178 -131.624
1179 -129.674
1180 -131.549
1181 -130.503
1182 -130.446
1183 -131.716
1184 -132.78
1185 -132.007
1186 -131.987
1187 -132.149
1188 -132.72
1189 -131.75
1190 -131.364
1191 -133.425
1192 -131.869
1193 -133.656
1194 -132.902
1195 -134.697
1196 -133.703
1197 -132.664
1198 -132.413
1199 -132.496
1200 -133.278
1201 -133.577
1202 -133.117
1203 -131.473
1204 -133.374
1205 -132.457
1206 -132.857
1207 -132.278
1208 -135.34
1209 -132.796
1210 -134.173
1211 -133.596
1212 -132.471
1213 -132.249
1214 -132.718
1215 -130.595
1216 -132.404
1217 -131.164
1218 -133.687
1219 -132.893
1220 -133.255
1221 -132.97
1222 -132.978
1223 -131.206
1224 -132.607
1225 -131.181
1226 -132.439
1227 -131.722
1228 -131.941
1229 -133.506
1230 -133.767
1231 -134.529
1232 -134.743
1233 -133.99
1234 -132.616
1235 -134.666
1236 -134.323
1237 -134.464
1238 -133.154
1239 -134.373
1240 -134.526
1241 -133.563
1242 -134.518
1243 -134.286
1244 -135.037
1245 -134.416
1246 -133.729
1247 -133.3
1248 -133.55
1249 -133.248
1250 -131.233
1251 -132.863
1252 -134.121
1253 -131.535
1254 -133.761
1255 -133.228
1256 -134.832
1257 -133.526
1258 -133.692
1259 -132.513
1260 -133.829
1261 -133.67
1262 -134.258
1263 -133.671
1264 -133.336
1265 -134.173
1266 -133.776
1267 -134.439
1268 -135.173
1269 -135.817
1270 -134.419
1271 -134.341
1272 -135.164
1273 -135.241
1274 -135.879
1275 -134.834
1276 -135.556
1277 -135.449
1278 -134.084
1279 -133.083
1280 -134.355
1281 -134.11
1282 -133.889
1283 -134.232
1284 -133.069
1285 -133.742
1286 -133.528
1287 -132.677
1288 -133.32
1289 -135.68
1290 -136.204
1291 -135.448
1292 -135.64
1293 -132.5
1294 -135.877
1295 -137.626
1296 -138.278
1297 -138.385
1298 -138.88
1299 -139.9
1300 -141.101
1301 -142.01
1302 -141.578
1303 -142.448
1304 -143.502
1305 -143.772
1306 -143.231
1307 -143.861
1308 -144.065
1309 -147.667
1310 -147.43
1311 -147.93
1312 -149.618
1313 -149.313
1314 -151.416
1315 -150.405
1316 -149.763
1317 -150.705
1318 -150.583
1319 -150.122
1320 -150.819
1321 -150.49
1322 -150.807
1323 -150.727
1324 -147.722
1325 -150.504
1326 -149.141
1327 -149.683
1328 -149.327
1329 -148.533
1330 -146.249
1331 -145.492
1332 -147.011
1333 -145.623
1334 -145.665
1335 -147.764
1336 -144.235
1337 -144.545
1338 -141.903
1339 -142.931
1340 -141.387
1341 -141.058
1342 -140.098
1343 -141.071
1344 -141.96
1345 -139.848
1346 -140.272
1347 -139.359
1348 -139.274
1349 -139.023
1350 -140.13
1351 -139.92
1352 -137.056
1353 -137.536
1354 -138.415
1355 -137.291
1356 -137.955
1357 -138.448
1358 -136.169
1359 -136.862
1360 -137.1
1361 -136.101
1362 -137.881
1363 -135.962
1364 -137.859
1365 -137.731
1366 -137.749
1367 -136.504
1368 -136.002
1369 -137.752
1370 -135.883
1371 -137.45
1372 -134.064
1373 -136.96
1374 -136.189
1375 -136.518
1376 -136.29
1377 -137.666
1378 -136.244
1379 -136.524
1380 -136.252
1381 -137.285
1382 -135.844
1383 -135.035
1384 -135.254
1385 -135.866
1386 -136.197
1387 -134.919
1388 -136.005
1389 -137.679
1390 -136.956
1391 -136.447
1392 -137.125
1393 -137.282
1394 -136.327
1395 -135.892
1396 -135.478
1397 -135.967
1398 -135.047
1399 -134.675
1400 -137.206
1401 -139.159
1402 -137.039
1403 -137.982
1404 -138.189
1405 -139.331
1406 -141.245
1407 -141.6
1408 -141.638
1409 -140.905
1410 -142.859
1411 -144.771
1412 -143.677
1413 -144.859
1414 -144.811
1415 -146.569
1416 -147.774
1417 -147.854
1418 -148.859
1419 -148.194
1420 -150.993
1421 -151.769
1422 -153.065
1423 -153.828
1424 -154.679
1425 -156.123
1426 -155.756
1427 -157.151
1428 -158.54
1429 -156.061
1430 -158.499
1431 -158.567
1432 -157.807
1433 -158.052
1434 -158.071
1435 -157.479
1436 -157.671
1437 -159.763
1438 -156.276
1439 -156.202
1440 -155.767
1441 -154.838
1442 -155.734
1443 -154.153
1444 -154.131
1445 -153.368
1446 -153.565
1447 -152.489
1448 -152.255
1449 -151.683
1450 -149.959
1451 -151.168
1452 -150.139
1453 -148.156
1454 -148.857
1455 -148.613
1456 -147.704
1457 -147.379
1458 -146.948
1459 -146.303
1460 -146.499
1461 -146.125
1462 -145.447
1463 -143.247
1464 -144.954
1465 -144.46
1466 -145.479
1467 -144.348
1468 -145.204
1469 -144.576
1470 -143.23
1471 -143.675
1472 -144.574
1473 -143.906
1474 -142.769
1475 -145.138
1476 -143.937
1477 -143.951
1478 -144.416
1479 -143.432
1480 -142.526
1481 -144.717
1482 -143.917
1483 -144.68
1484 -144.07
1485 -142.941
1486 -143.324
1487 -143.98
1488 -143.138
1489 -144.987
1490 -143.647
1491 -142.756
1492 -142.561
1493 -144.094
1494 -142.763
1495 -142.441
1496 -143.492
1497 -142.274
1498 -144.39
1499 -143.881
1500 -142.18
1501 -141.762
1502 -140.393
1503 -142.332
1504 -142.408
1505 -141.616
1506 -141.37
1507 -140.333
1508 -140.202
1509 -141.479
1510 -140.748
1511 -141.137
1512 -140.303
1513 -141.414
1514 -140.15
1515 -143.634
1516 -143.175
1517 -143.504
1518 -143.011
1519 -143.949
1520 -143.493
1521 -143.681
1522 -142.734
1523 -141.209
1524 -143.371
1525 -143.521
1526 -143.314
1527 -143.214
1528 -140.603
1529 -140.811
1530 -141.392
1531 -141.655
1532 -142.381
1533 -140.812
1534 -141.225
1535 -141.764
1536 -142.314
1537 -140.552
1538 -141.486
1539 -142.135
1540 -141.527
1541 -140.411
1542 -139.908
1543 -141
1544 -141.581
1545 -140.242
1546 -140.088
1547 -140.491
1548 -139.769
1549 -139.584
1550 -141.676
1551 -142.635
1552 -142.073
1553 -140.606
1554 -141.817
1555 -140.491
1556 -141.839
1557 -141.363
1558 -142.337
1559 -143.932
1560 -141.315
1561 -141.865
1562 -140.117
1563 -141.315
1564 -142.088
1565 -139.995
1566 -141.783
1567 -140.813
1568 -140.035
1569 -140.71
1570 -140.059
1571 -141.107
1572 -139.195
1573 -141.589
1574 -140.415
1575 -139.443
1576 -141.089
1577 -141.413
1578 -139.644
1579 -140.147
1580 -141.468
1581 -140.3
1582 -139.553
1583 -140.584
1584 -138.772
1585 -139.468
1586 -139.748
1587 -141.251
1588 -141.413
1589 -140.916
1590 -140.752
1591 -140.032
1592 -141.152
1593 -141.395
1594 -139.563
1595 -141.032
1596 -139.776
1597 -142.401
1598 -140.612
1599 -139.328
1600 -140.192
1601 -139.737
1602 -139.84
1603 -140.519
1604 -139.432
1605 -140.393
1606 -139.373
1607 -140.6
1608 -139.105
1609 -139.014
1610 -138.927
1611 -138.75
1612 -138.893
1613 -140.057
1614 -138.391
1615 -137.764
1616 -138.159
1617 -138.759
1618 -138.715
1619 -140.092
1620 -139.818
1621 -138.044
1622 -140.176
1623 -139.579
1624 -138.958
1625 -140.147
1626 -139.654
1627 -138.865
1628 -141.22
1629 -139.973
1630 -140.047
1631 -139.134
1632 -140.3
1633 -139.339
1634 -140.355
1635 -138.323
1636 -137.592
1637 -139.027
1638 -138.959
1639 -138.646
1640 -138.563
1641 -138.565
1642 -139.511
1643 -139.157
1644 -139.053
1645 -139.467
1646 -139.505
1647 -139.15
1648 -138.643
1649 -137.289
1650 -137.593
1651 -136.882
1652 -136.717
1653 -139.698
1654 -139.103
1655 -139.872
1656 -138.436
1657 -139.003
1658 -139.055
1659 -138.927
1660 -139.377
1661 -140.196
1662 -139.756
1663 -138.977
1664 -138.778
1665 -139.307
1666 -139.052
1667 -138.56
1668 -136.827
1669 -138.44
1670 -138.63
1671 -139.242
1672 -138.686
1673 -138.397
1674 -138.065
1675 -138.167
1676 -138.961
1677 -137.461
1678 -136.947
1679 -138.064
1680 -137.211
1681 -137.05
1682 -138.727
1683 -138.214
1684 -137.491
1685 -138.614
1686 -138.983
1687 -136.509
1688 -136.357
1689 -137.916
1690 -136.284
1691 -137.921
1692 -138.095
1693 -136.701
1694 -138.527
1695 -137.466
1696 -140.15
1697 -137.378
1698 -138.345
1699 -138.211
1700 -137.593
1701 -137.936
1702 -138.541
1703 -137.495
1704 -138.399
1705 -137.379
1706 -135.701
1707 -135.846
1708 -136.605
1709 -137.038
1710 -136.811
1711 -136.614
1712 -137.333
1713 -137.405
1714 -137.374
1715 -137.108
1716 -136.982
1717 -134.393
1718 -136.965
1719 -134.928
1720 -136.037
1721 -136.731
1722 -136.929
1723 -135.797
1724 -137.385
1725 -137.296
1726 -137.574
1727 -136.567
1728 -137.677
1729 -136.821
1730 -134.75
1731 -136.038
1732 -135.684
1733 -135.74
1734 -136.625
1735 -137.358
1736 -138.741
1737 -139.499
1738 -137.34
1739 -137.885
1740 -136.412
1741 -135.758
1742 -136.736
1743 -135.7
1744 -135.706
1745 -136.661
1746 -136.671
1747 -137.019
1748 -135.534
1749 -136.178
1750 -135.45
1751 -135.126
1752 -134.835
1753 -135.653
1754 -134.844
1755 -134.636
1756 -132.994
1757 -132.135
1758 -135.201
1759 -131.611
1760 -131.16
1761 -132.081
1762 -131.739
1763 -132.637
1764 -131.274
1765 -130.636
1766 -128.434
1767 -130.083
1768 -129.329
1769 -128.559
1770 -128.806
1771 -128.344
1772 -126.785
1773 -126.546
1774 -124.327
1775 -125.058
1776 -123.09
1777 -120.53
1778 -122.51
1779 -120.527
1780 -120.585
1781 -121.272
1782 -120.958
1783 -120.045
1784 -119.397
1785 -120.97
1786 -120.791
1787 -120.154
1788 -119.732
1789 -120.742
1790 -121.628
1791 -121.094
1792 -121.96
1793 -121.747
1794 -121.054
1795 -121.973
1796 -123.059
1797 -123.095
1798 -121.431
1799 -124.376
1800 -124.481
1801 -124.889
1802 -126.452
1803 -125.186
1804 -127.4
1805 -127.193
1806 -125.522
1807 -128.652
1808 -127.451
1809 -128.427
1810 -129.083
1811 -128.348
1812 -128.919
1813 -129.041
1814 -129.548
1815 -129.041
1816 -129.384
1817 -129.989
1818 -129.947
1819 -129.547
1820 -130.275
1821 -128.783
1822 -131.105
1823 -130.755
1824 -130.019
1825 -131.073
1826 -130.253
1827 -131.319
1828 -131.512
1829 -129.263
1830 -132.362
1831 -130.921
1832 -131.448
1833 -129.435
1834 -129.773
1835 -132.949
1836 -132.295
1837 -131.378
1838 -131.041
1839 -132.54
1840 -130.198
1841 -132.359
1842 -132.008
1843 -129.691
1844 -131.921
1845 -133.07
1846 -131.129
1847 -132.409
1848 -131.398
1849 -133.203
1850 -131.698
1851 -132.266
1852 -131.177
1853 -131.783
1854 -133.297
1855 -130.932
1856 -133.316
1857 -132.077
1858 -133.285
1859 -132.905
1860 -130.864
1861 -132.417
1862 -130.377
1863 -130.75
1864 -130.057
1865 -130.971
1866 -129.351
1867 -131.718
1868 -130.344
1869 -127.453
1870 -126.298
1871 -126.71
1872 -125.334
1873 -125.179
1874 -124.912
1875 -124.543
1876 -124.33
1877 -121.578
1878 -122.584
1879 -120.536
1880 -119.899
1881 -119.642
1882 -119.201
1883 -118.942
1884 -118.289
1885 -117.855
1886 -116.075
1887 -115.102
1888 -114.254
1889 -112.802
1890 -112.574
1891 -110.673
1892 -110.936
1893 -110.674
1894 -111.036
1895 -112.373
1896 -113.125
1897 -112.945
1898 -113.686
1899 -112.895
1900 -112.676
1901 -114.068
1902 -114.031
1903 -114.013
1904 -117.57
1905 -115.674
1906 -114.27
1907 -116.817
1908 -115.858
1909 -115.91
1910 -117.839
1911 -118.036
1912 -118.816
1913 -120.775
1914 -120.404
1915 -120.82
1916 -121.599
1917 -122.108
1918 -123.027
1919 -123.29
1920 -122.788
1921 -121.811
1922 -123.982
1923 -122.085
1924 -126.712
1925 -123.526
1926 -124.383
1927 -124.679
1928 -123.312
1929 -124.086
1930 -122.986
1931 -123.917
1932 -123.219
1933 -124.469
1934 -123.13
1935 -125.796
1936 -124.362
1937 -125.981
1938 -125.878
1939 -124.695
1940 -127.267
1941 -125.145
1942 -126.046
1943 -127.762
1944 -126.571
1945 -127.077
1946 -126.854
1947 -127.217
1948 -125.738
1949 -127.185
1950 -126.376
1951 -126.585
1952 -128.321
1953 -128.851
1954 -128.203
1955 -125.503
1956 -126.792
1957 -129.133
1958 -127.595
1959 -127.317
1960 -127.067
1961 -127.26
1962 -128.732
1963 -126.958
1964 -128.554
1965 -126.667
1966 -127.398
1967 -126.574
1968 -126.843
1969 -125.731
1970 -125.531
1971 -127.146
1972 -127.082
1973 -127.371
1974 -127.362
1975 -129.901
1976 -125.038
1977 -128.576
1978 -127.319
1979 -129.381
1980 -126.409
1981 -128.707
1982 -128.414
1983 -128.037
1984 -127.798
1985 -129.386
1986 -128.593
1987 -128.379
1988 -128.935
1989 -129.251
1990 -128.697
1991 -129.203
1992 -127.676
1993 -129.709
1994 -128.297
1995 -129.167
1996 -127.163
1997 -127.575
1998 -128.651
1999 -129.244
2000 -127.168
2001 -126.993
2002 -126.382
2003 -125.827
2004 -127.321
2005 -128.209
2006 -128.87
2007 -126.942
2008 -129.138
2009 -129.013
2010 -128.866
2011 -129.058
2012 -127.801
2013 -129.849
2014 -127.192
2015 -129.915
2016 -128.742
2017 -129.638
2018 -129.992
2019 -130.262
2020 -129.488
2021 -129.525
2022 -129.07
2023 -129.554
2024 -132.079
2025 -130.238
2026 -129.209
2027 -128.23
2028 -130.183
2029 -130.569
2030 -130.297
2031 -128.982
2032 -129.508
2033 -129.111
2034 -127.82
2035 -127.879
2036 -127.929
2037 -128.414
2038 -127.204
2039 -128.288
2040 -128.172
2041 -128.852
2042 -128.765
2043 -129.386
2044 -129.919
2045 -128.769
2046 -129.067
2047 -129.658
2048 -127.843
2049 -128.903
2050 -130.327
2051 -129.136
2052 -131.168
2053 -130.322
2054 -129.543
2055 -128.637
2056 -129.103
2057 -130.284
2058 -131.373
2059 -130.666
2060 -130.843
2061 -132.188
2062 -130.575
2063 -130.964
2064 -130.013
2065 -130.852
2066 -129.919
2067 -129.361
2068 -131.42
2069 -129.965
2070 -130.394
2071 -129.33
2072 -129.601
2073 -128.91
2074 -128.393
2075 -131.205
2076 -130.571
2077 -127.849
2078 -129.85
2079 -130.238
2080 -130.024
2081 -129.343
2082 -127.784
2083 -129.048
2084 -130.41
2085 -129.492
2086 -129.817
2087 -131.284
2088 -130.831
2089 -132.839
2090 -130.532
2091 -131.432
2092 -129.411
2093 -130.247
2094 -128.79
2095 -131.427
2096 -130.987
2097 -131.601
2098 -131.947
2099 -130.25
2100 -132.103
2101 -130.79
2102 -131.063
2103 -131.144
2104 -130.936
2105 -129.419
2106 -130.558
2107 -129.324
2108 -129.726
2109 -129.823
2110 -128.571
2111 -131.09
2112 -131.761
2113 -130.766
2114 -131.373
2115 -130.851
2116 -131.044
2117 -130.857
2118 -130.971
2119 -131.839
2120 -130.54
2121 -129.121
2122 -131.289
2123 -132.502
2124 -131.594
2125 -133.047
2126 -130.88
2127 -131.558
2128 -132.362
2129 -130.656
2130 -132.6
2131 -132.661
2132 -131.598
2133 -133.393
2134 -131.779
2135 -132.259
2136 -130.809
2137 -131.256
2138 -131.677
2139 -132.484
2140 -130.329
2141 -129.847
2142 -129.125
2143 -130.405
2144 -130.606
2145 -131.313
2146 -131.132
2147 -132.526
2148 -131.727
2149 -131.845
2150 -131.28
2151 -131.247
2152 -130.332
2153 -130.36
2154 -132.655
2155 -131.678
2156 -133.126
2157 -131.906
2158 -133.513
2159 -133.672
2160 -133.994
2161 -132.763
2162 -131.758
2163 -132.601
2164 -131.427
2165 -132.665
2166 -132.268
2167 -132.974
2168 -132.595
2169 -133.247
2170 -131.976
2171 -130.59
2172 -131.784
2173 -131.057
2174 -133.975
2175 -133.395
2176 -132.374
2177 -131.863
2178 -131.13
2179 -131.845
2180 -133.202
2181 -132.364
2182 -131.826
2183 -132.656
2184 -133.729
2185 -133.115
2186 -132.427
2187 -134.48
2188 -132.928
2189 -131.843
2190 -134.199
2191 -133.313
2192 -134.351
2193 -132.44
2194 -134.854
2195 -134.732
2196 -133.85
2197 -134.168
2198 -132.203
2199 -132.486
2200 -134.365
2201 -135.561
2202 -133.538
2203 -134.053
2204 -133.715
2205 -132.729
2206 -133.339
2207 -134.243
2208 -132.318
2209 -133.053
2210 -132.862
2211 -132.736
2212 -133.388
2213 -132.451
2214 -132.098
2215 -132.009
2216 -133.16
2217 -133.761
2218 -133.471
2219 -135.063
2220 -135.659
2221 -136.453
2222 -133.627
2223 -135.008
2224 -136.994
2225 -137.232
2226 -137.964
2227 -139.994
2228 -140.311
2229 -140.66
2230 -141.011
2231 -141.201
2232 -141.456
2233 -144.292
2234 -144.09
2235 -144.328
2236 -145.84
2237 -145.811
2238 -145.505
2239 -148.355
2240 -148.012
2241 -150.761
2242 -150.149
2243 -149.493
2244 -148.866
2245 -148.863
2246 -148.25
2247 -149.46
2248 -149.686
2249 -149.902
2250 -150.75
2251 -149.211
2252 -148.805
2253 -149.853
2254 -149.04
2255 -147.485
2256 -147.99
2257 -147.014
2258 -147.323
2259 -147.846
2260 -144.575
2261 -145.28
2262 -144.188
2263 -143.774
2264 -143.492
2265 -144.11
2266 -143.783
2267 -141.943
2268 -139.811
2269 -140.279
2270 -139.504
2271 -139.84
2272 -140.156
2273 -139.958
2274 -139.711
2275 -137.7
2276 -138.32
2277 -138.975
2278 -137.893
2279 -137.821
2280 -137.017
2281 -137.75
2282 -134.59
2283 -136.673
2284 -135.855
2285 -136.809
2286 -137.268
2287 -136.371
2288 -135.443
2289 -136.73
2290 -137.234
2291 -136.107
2292 -135.498
2293 -138.243
2294 -136.832
2295 -136.982
2296 -134.825
2297 -136.883
2298 -134.615
2299 -136.419
2300 -135.728
2301 -136.861
2302 -136.504
2303 -136.311
2304 -135.405
2305 -135.461
2306 -135.747
2307 -136.29
2308 -135.865
2309 -134.725
2310 -136.507
2311 -135.681
2312 -135.718
2313 -135.473
2314 -135.547
2315 -135.522
2316 -134.892
2317 -134.512
2318 -135.003
2319 -135.295
2320 -134.653
2321 -134.292
2322 -134.93
2323 -137.175
2324 -135.612
2325 -135.53
2326 -134.972
2327 -134.816
2328 -136.142
2329 -137.455
2330 -136.983
2331 -136.173
2332 -137.19
2333 -137.554
2334 -139.35
2335 -140.218
2336 -141.746
2337 -141.008
2338 -141.161
2339 -142.722
2340 -141.87
2341 -142.847
2342 -144.52
2343 -144.719
2344 -146.625
2345 -146.294
2346 -147.408
2347 -147.419
2348 -149.222
2349 -149.333
2350 -150.528
2351 -153.134
2352 -153.618
2353 -154.552
2354 -154.355
2355 -154.351
2356 -156.554
2357 -155.893
2358 -158.021
2359 -157.229
2360 -156.413
2361 -156.11
2362 -156.336
2363 -156.818
2364 -155.56
2365 -154.753
2366 -156.003
2367 -155.569
2368 -155.936
2369 -155.592
2370 -154.767
2371 -153.041
2372 -152.326
2373 -151.46
2374 -152.733
2375 -151.788
2376 -151.17
2377 -150.48
2378 -150.322
2379 -150.941
2380 -149.518
2381 -151.168
2382 -149.46
2383 -147.674
2384 -146.691
2385 -146.877
2386 -145.584
2387 -145.191
2388 -143.918
2389 -146.036
2390 -145.119
2391 -144.841
2392 -142.97
2393 -144.62
2394 -143.446
2395 -142.582
2396 -143.017
2397 -143.305
2398 -142.395
2399 -142.008
2400 -142.426
2401 -141.946
2402 -143.193
2403 -142.907
2404 -142.774
2405 -142.871
2406 -141.203
2407 -143.438
2408 -143.353
2409 -142.832
2410 -142.835
2411 -143.255
2412 -143.109
2413 -142.5
2414 -143.127
2415 -141.725
2416 -143.798
2417 -144.248
2418 -142.815
2419 -142.414
2420 -142.186
2421 -142.224
2422 -141.521
2423 -143.557
2424 -140.458
2425 -142.234
2426 -140.288
2427 -141.485
2428 -141.506
2429 -141.822
2430 -141.149
2431 -142.43
2432 -141.197
2433 -140.398
2434 -140.748
2435 -141.553
2436 -141.826
2437 -142.073
2438 -141.393
2439 -141.508
2440 -141.248
2441 -140.604
2442 -141.122
2443 -142.083
2444 -143.157
2445 -141.986
2446 -140.65
2447 -140.859
2448 -141.415
2449 -142.754
2450 -141.162
2451 -141.118
2452 -142.244
2453 -140.345
2454 -142.584
2455 -141.049
2456 -141.162
2457 -141.434
2458 -139.812
2459 -141.028
2460 -140.234
2461 -141.058
2462 -140.741
2463 -141.287
2464 -141.103
2465 -141.477
2466 -140.054
2467 -140.523
2468 -139.293
2469 -139.875
2470 -140.077
2471 -139.679
2472 -140.562
2473 -139.411
2474 -139.049
2475 -140.491
2476 -139.783
2477 -140.052
2478 -139.844
2479 -141.585
2480 -141.427
2481 -141.368
2482 -139.888
2483 -141.538
2484 -141.977
2485 -140.553
2486 -139.85
2487 -140.412
2488 -140.296
2489 -140.815
2490 -141.604
2491 -140.445
2492 -141.058
2493 -140.135
2494 -141.588
2495 -140.24
2496 -140.645
2497 -140.345
2498 -139.995
2499 -139.954
2500 -139.214
2501 -139.421
2502 -139.615
2503 -139.651
2504 -139.353
2505 -139.242
2506 -138.078
2507 -140.348
2508 -138.378
2509 -138.651
2510 -137.938
2511 -138.46
2512 -138.383
2513 -140.301
2514 -140.015
2515 -138.731
2516 -139.892
2517 -140.512
2518 -140.74
2519 -140.766
2520 -139.407
2521 -140.663
2522 -140.068
2523 -140.23
2524 -139.301
2525 -138.775
2526 -141.992
2527 -140.307
2528 -137.717
2529 -139.217
2530 -137.653
2531 -139.417
2532 -140.322
2533 -139.086
2534 -139.818
2535 -138.909
2536 -139.447
2537 -140.323
2538 -138.802
2539 -137.704
2540 -137.302
2541 -138.862
2542 -137.301
2543 -137.765
2544 -137.439
2545 -138.661
2546 -138.036
2547 -137.624
2548 -137.68
2549 -139.567
2550 -137.668
2551 -139.601
2552 -140.634
2553 -137.446
2554 -140.383
2555 -139.36
2556 -138.388
2557 -139.276
2558 -137.724
2559 -138.431
2560 -139.655
2561 -138.54
2562 -138.86
2563 -137.926
2564 -137.391
2565 -137.723
2566 -137.025
2567 -139.263
2568 -138.812
2569 -138.87
2570 -138.143
2571 -137.416
2572 -137.362
2573 -136.462
2574 -138.445
2575 -138.553
2576 -137.143
2577 -138.744
2578 -137.468
2579 -136.209
2580 -135.4
2581 -137.332
2582 -137.011
2583 -136.248
2584 -137.753
2585 -138.118
2586 -138.625
2587 -139.565
2588 -137.989
2589 -136.781
2590 -138.394
2591 -138.145
2592 -137.311
2593 -138.835
2594 -138.511
2595 -138.521
2596 -138.226
2597 -137.323
2598 -136.733
2599 -136.846
2600 -137.617
2601 -136.236
2602 -136.973
2603 -138.093
2604 -136.212
2605 -136.205
2606 -136.224
2607 -137.35
2608 -137.726
2609 -137.118
2610 -136.267
2611 -137.211
2612 -136.96
2613 -136.309
2614 -137.207
2615 -137.032
2616 -135.974
2617 -135.752
2618 -136.219
2619 -136.059
2620 -137.773
2621 -139.07
2622 -137.254
2623 -138.551
2624 -138.255
2625 -137.536
2626 -139.057
2627 -138.087
2628 -137.696
2629 -136.983
2630 -136.199
2631 -135.479
2632 -135.184
2633 -137.003
2634 -136.182
2635 -135.307
2636 -136.925
2637 -136.772
2638 -136.021
2639 -135.884
2640 -137.448
2641 -136.067
2642 -135.837
2643 -136.472
2644 -137.373
2645 -134.516
2646 -135.355
2647 -135.674
2648 -135.69
2649 -136.972
2650 -135.082
2651 -133.709
2652 -135.518
2653 -135.848
2654 -136.307
2655 -137.166
2656 -137.007
2657 -136.645
2658 -137.324
2659 -135.58
2660 -137.904
2661 -135.84
2662 -138.78
2663 -136.56
2664 -136.324
2665 -137.081
2666 -136.924
2667 -136.888
2668 -135.904
2669 -136.465
2670 -134.709
2671 -135.713
2672 -136.421
2673 -136.394
2674 -134.87
2675 -135.181
2676 -135.604
2677 -135.878
2678 -135.996
2679 -135.991
2680 -134.138
2681 -133.346
2682 -134.289
2683 -133.842
2684 -133.216
2685 -131.971
2686 -132.733
2687 -133.208
2688 -131.807
2689 -130.766
2690 -130.728
2691 -131.268
2692 -131.411
2693 -130.658
2694 -129.516
2695 -128.195
2696 -127.321
2697 -126.522
2698 -126.149
2699 -124.839
2700 -126.554
2701 -125.508
2702 -123.978
2703 -122.786
2704 -123.759
2705 -119.981
2706 -122.402
2707 -119.091
2708 -119.165
2709 -118.963
2710 -118.343
2711 -119.54
2712 -118.454
2713 -120.9
2714 -119.027
2715 -120.47
2716 -119.971
2717 -119.478
2718 -121.398
2719 -120.072
2720 -121.598
2721 -121.834
2722 -120.633
2723 -120.651
2724 -121.746
2725 -122.61
2726 -121.924
2727 -121.697
2728 -122.853
2729 -124.742
2730 -125.618
2731 -125.651
2732 -125.396
2733 -125.117
2734 -126.913
2735 -127.2
2736 -127.531
2737 -125.856
2738 -127.9
2739 -128.237
2740 -128.743
2741 -131.002
2742 -128.827
2743 -127.069
2744 -128.315
2745 -127.378
2746 -131.122
2747 -127.776
2748 -128.563
2749 -130.022
2750 -129.718
2751 -128.139
2752 -129.999
2753 -128.91
2754 -130.201
2755 -130.231
2756 -130.64
2757 -130.719
2758 -129.681
2759 -130.016
2760 -129.866
2761 -131.446
2762 -131.376
2763 -131.526
2764 -131.931
2765 -130.548
2766 -129.66
2767 -132.409
2768 -130.27
2769 -130.608
2770 -132.393
2771 -131.017
2772 -131.407
2773 -129.717
2774 -129.424
2775 -130.988
2776 -131.607
2777 -131.18
2778 -131.778
2779 -130.446
2780 -131.951
2781 -130.383
2782 -132.078
2783 -130.565
2784 -130.824
2785 -131.713
2786 -130.557
2787 -130.765
2788 -130.445
2789 -130.596
2790 -130.68
2791 -132.192
2792 -131.143
2793 -130.287
2794 -130.496
2795 -130.608
2796 -128.298
2797 -127.798
2798 -124.569
2799 -125.413
2800 -124.218
2801 -124.967
2802 -121.52
2803 -123.189
2804 -122.936
2805 -121.778
2806 -120.989
2807 -120.584
2808 -119.185
2809 -118.775
2810 -118.1
2811 -118.065
2812 -116.942
2813 -117.23
2814 -114.058
2815 -113.835
2816 -113.82
2817 -112.545
2818 -112.915
2819 -111.09
2820 -110.631
2821 -111.188
2822 -111.884
2823 -111.927
2824 -111.255
2825 -110.339
2826 -111.907
2827 -112.767
2828 -112.104
2829 -111.948
2830 -112.668
2831 -113.375
2832 -114.082
2833 -115.811
2834 -115.331
2835 -115.652
2836 -115.303
2837 -115.266
2838 -117.71
2839 -117.802
2840 -115.387
2841 -119.341
2842 -119.999
2843 -121.064
2844 -121.451
2845 -120.757
2846 -121.771
2847 -122.56
2848 -121.877
2849 -124.339
2850 -123.531
2851 -124.016
2852 -122.012
2853 -123.528
2854 -123.482
2855 -124.521
2856 -124.096
2857 -122.697
2858 -122.358
2859 -123.576
2860 -123.864
2861 -123.944
2862 -124.057
2863 -124.914
2864 -125.925
2865 -125.749
2866 -124.053
2867 -125.734
2868 -124.072
2869 -124.452
2870 -124.333
2871 -124.966
2872 -127.007
2873 -127.301
2874 -125.896
2875 -127.476
2876 -127.169
2877 -125.908
2878 -127.809
2879 -126.603
2880 -126.139
2881 -127.815
2882 -126.909
2883 -127.471
2884 -126.395
2885 -127.597
2886 -128.467
2887 -128.01
2888 -126.846
2889 -127.96
2890 -127.668
2891 -127.879
2892 -126.88
2893 -126.88
2894 -127.296
2895 -126.15
2896 -123.423
2897 -126.01
2898 -125.97
2899 -127.178
2900 -126.881
2901 -127.362
2902 -125.711
2903 -127.613
2904 -125.935
2905 -127.035
2906 -127.554
2907 -125.498
2908 -127.058
2909 -128.383
2910 -128.43
2911 -127.527
2912 -127.872
2913 -127.496
2914 -128.649
2915 -126.65
2916 -127.92
2917 -126.514
2918 -129.208
2919 -128.233
2920 -128.798
2921 -129.11
2922 -127.261
2923 -128.081
2924 -127.152
2925 -128.701
2926 -126.546
2927 -127.212
2928 -128.49
2929 -125.271
2930 -127.708
2931 -126.964
2932 -126.158
2933 -126.815
2934 -128.497
2935 -128.721
2936 -127.007
2937 -127.961
2938 -127.203
2939 -127.442
2940 -127.99
2941 -127.266
2942 -129.197
2943 -127.912
2944 -128.244
2945 -128.477
2946 -128.863
2947 -127.863
2948 -128.944
2949 -128.339
2950 -129.261
2951 -127.249
2952 -129.192
2953 -128.549
2954 -129.682
2955 -130.337
2956 -129.012
2957 -128.455
2958 -128.672
2959 -128.536
2960 -129.875
2961 -129.498
2962 -129.952
2963 -129.115
2964 -128.623
2965 -127.761
2966 -129.605
2967 -129.039
2968 -128.478
2969 -128.524
2970 -128.595
2971 -129.974
2972 -129.411
2973 -128.26
2974 -129.681
2975 -129.865
2976 -127.774
2977 -128.028
2978 -129.134
2979 -129.786
2980 -128.584
2981 -130.22
2982 -129.912
2983 -131.017
2984 -131.829
2985 -130.501
2986 -130.538
2987 -129.692
2988 -129.908
2989 -129.611
2990 -129.333
2991 -130.667
2992 -130.739
2993 -129.84
2994 -128.683
2995 -131.164
2996 -131.997
2997 -129.795
2998 -128.934
2999 -129.559
3000 -130.415
3001 -129.254
3002 -127.981
3003 -129.62
3004 -129.306
3005 -129.775
3006 -129.528
3007 -130.278
3008 -130.734
3009 -129.704
3010 -129.731
3011 -129.593
3012 -130.725
3013 -130.128
3014 -128.781
3015 -130.017
3016 -132.148
3017 -130.274
3018 -131.409
3019 -130.706
3020 -129.959
3021 -131.58
3022 -131.531
3023 -130.36
3024 -130.395
3025 -131.52
3026 -130.962
3027 -130.622
3028 -130.526
3029 -130.923
3030 -129.862
3031 -130.459
3032 -130.058
3033 -130.362
3034 -128.867
3035 -130.008
3036 -127.957
3037 -128.749
3038 -129.828
3039 -129.222
3040 -130.753
3041 -130.508
3042 -131.036
3043 -130.481
3044 -130.642
3045 -131.389
3046 -130.632
3047 -130.887
3048 -132.854
3049 -131.567
3050 -131.419
3051 -130.867
3052 -130.591
3053 -130.913
3054 -132.873
3055 -130.644
3056 -131.976
3057 -132.693
3058 -133.628
3059 -132.738
3060 -133.748
3061 -131.895
3062 -131.469
3063 -131.227
3064 -132.635
3065 -130.826
3066 -131.266
3067 -131.439
3068 -130.913
3069 -130.384
3070 -130.143
3071 -129.68
3072 -128.984
3073 -129.798
3074 -131.018
3075 -132.212
3076 -131.691
3077 -132.729
3078 -131.769
3079 -131.505
3080 -132.04
3081 -131.172
3082 -130.819
3083 -133.869
3084 -132.051
3085 -132.309
3086 -130.847
3087 -132.103
3088 -131.612
3089 -132.943
3090 -133.076
3091 -133.011
3092 -133.229
3093 -132.95
3094 -133.069
3095 -131.5
3096 -132.908
3097 -132.193
3098 -133.187
3099 -131.421
3100 -131.557
3101 -133.88
3102 -133.386
3103 -132.284
3104 -130.972
3105 -130.545
3106 -131.298
3107 -132.745
3108 -129.648
3109 -133.229
3110 -132.072
3111 -131.779
3112 -132.721
3113 -132.69
3114 -131.333
3115 -132.865
3116 -132.845
3117 -132.55
3118 -133.294
3119 -133.354
3120 -132.999
3121 -133.59
3122 -134.55
3123 -133.973
3124 -133.12
3125 -132.435
3126 -133.398
3127 -133.774
3128 -131.94
3129 -134.44
3130 -133.44
3131 -134.283
3132 -133.753
3133 -132.527
3134 -134.389
3135 -133.051
3136 -132.928
3137 -134.811
3138 -134.072
3139 -134.856
3140 -131.785
3141 -132.823
3142 -132.873
3143 -131.606
3144 -133.209
3145 -133.128
3146 -134.026
3147 -135.067
3148 -134.427
3149 -134.374
3150 -135.808
3151 -136.304
3152 -136.496
3153 -138.644
3154 -137.444
3155 -137.282
3156 -137.715
3157 -138.998
3158 -140.35
3159 -141.388
3160 -142.425
3161 -142.272
3162 -143.111
3163 -145.285
3164 -143.045
3165 -144.854
3166 -146.205
3167 -148.097
3168 -148.498
3169 -148.415
3170 -149.656
3171 -149.814
3172 -147.916
3173 -149.565
3174 -150.392
3175 -150.977
3176 -149.487
3177 -150.922
3178 -148.746
3179 -149.059
3180 -150.452
3181 -147.363
3182 -146.873
3183 -147.209
3184 -147.757
3185 -148.568
3186 -146.144
3187 -145.498
3188 -145.699
3189 -145.754
3190 -141.679
3191 -143.481
3192 -143.405
3193 -141.49
3194 -142.661
3195 -143.223
3196 -140.844
3197 -140.43
3198 -139.259
3199 -138.843
3200 -139.43
3201 -138.893
3202 -138.45
3203 -138.95
3204 -138.735
3205 -136.809
3206 -138.3
3207 -137.425
3208 -135.658
3209 -136.545
3210 -138.081
3211 -137.791
3212 -136.227
3213 -135.899
3214 -135.943
3215 -134.78
3216 -136.92
3217 -135.764
3218 -136.558
3219 -134.911
3220 -135.359
3221 -136.526
3222 -137.108
3223 -135.14
3224 -135.91
3225 -135.079
3226 -135.424
3227 -136.375
3228 -135.629
3229 -137.225
3230 -135.455
3231 -136.403
3232 -134.943
3233 -135.211
3234 -136.99
3235 -136.361
3236 -135.814
3237 -134.744
3238 -135.204
3239 -135.088
3240 -134.969
3241 -135.107
3242 -135.794
3243 -135.627
3244 -136.247
3245 -135.997
3246 -135.149
3247 -134.773
3248 -135.084
3249 -135.551
3250 -135.549
3251 -135.241
3252 -134.125
3253 -135.375
3254 -135.295
3255 -133.778
3256 -135.846
3257 -135.86
3258 -135.031
3259 -134.454
3260 -136.829
3261 -134.994
3262 -134.848
3263 -134.111
3264 -136.067
3265 -135.709
3266 -135.975
3267 -134.59
3268 -136.241
3269 -137.698
3270 -133.956
3271 -134.718
3272 -135.884
3273 -135.468
3274 -134.668
3275 -135.242
3276 -135.621
3277 -134.342
3278 -134.919
3279 -133.257
3280 -136.448
3281 -134.834
3282 -133.852
3283 -135.297
3284 -134.747
3285 -134.501
3286 -135.065
3287 -134.716
3288 -135.934
3289 -137.197
3290 -136.086
3291 -134.389
3292 -135.137
3293 -135.147
3294 -133.637
3295 -135.525
3296 -136.167
3297 -134.214
3298 -135.008
3299 -133.991
3300 -134.442
3301 -135.611
3302 -135.291
3303 -134.776
3304 -135.274
3305 -134.214
3306 -135.589
3307 -135.073
3308 -135.229
3309 -135.235
3310 -136.111
3311 -134.281
3312 -134.223
3313 -135.773
3314 -136.658
3315 -135.388
3316 -136.571
3317 -135.9
3318 -135.47
3319 -135.584
3320 -134.302
3321 -134.396
3322 -134.402
3323 -134.881
3324 -135.75
3325 -135.287
3326 -136.437
3327 -134.686
3328 -135.933
3329 -136.038
3330 -135.091
3331 -134.824
3332 -135.259
3333 -135.203
3334 -137.002
3335 -133.998
3336 -136.087
3337 -135.085
3338 -134.901
3339 -136.233
3340 -135.398
3341 -134.813
3342 -134.025
3343 -136.545
3344 -136.198
3345 -136.261
3346 -135.505
3347 -134.795
3348 -133.468
3349 -135.918
3350 -134.462
3351 -137.03
3352 -135.029
3353 -136.102
3354 -133.961
3355 -133.166
3356 -135.656
3357 -135.303
3358 -136.5
3359 -135.542
3360 -135.3
3361 -135.021
3362 -133.572
3363 -134.838
3364 -135.516
3365 -135.279
3366 -136.308
3367 -134.258
3368 -135.137
3369 -134.95
3370 -135.909
3371 -135.477
3372 -136.686
3373 -135.493
3374 -135.687
3375 -134.54
3376 -136.242
3377 -136.399
3378 -136.474
3379 -136.82
3380 -137.037
3381 -135.318
3382 -134.219
3383 -134.712
3384 -135.223
3385 -135.029
3386 -135.503
3387 -135.191
3388 -134.168
3389 -134.128
3390 -135.59
3391 -136.223
3392 -136.761
3393 -135.476
3394 -135.009
3395 -134.945
3396 -136.349
3397 -135.508
3398 -135.834
3399 -135.895
