0 -39.948
1 -40.2892
2 -40.9307
3 -41.0142
4 -40.7054
5 -40.837
6 -42.2072
7 -41.6463
8 -41.2988
9 -41.3459
10 -39.8722
11 -40.2266
12 -39.6429
13 -41.2216
14 -41.7868
15 -40.1171
16 -39.3141
17 -41.6772
18 -41.2858
19 -41.4804
20 -41.0401
21 -40.6323
22 -39.6475
23 -41.2732
24 -40.9716
25 -41.3751
26 -40.4105
27 -43.36
28 -43.5609
29 -42.0399
30 -42.5664
31 -43.4248
32 -42.9977
33 -45.1055
34 -43.7079
35 -45.2204
36 -46.6301
37 -47.04
38 -47.1584
39 -47.7856
40 -48.9525
41 -48.8788
42 -50.0884
43 -49.5804
44 -49.8874
45 -50.0332
46 -52.4249
47 -51.6442
48 -53.9556
49 -53.5173
50 -53.7617
51 -54.8347
52 -55.4192
53 -56.9852
54 -56.7453
55 -58.6301
56 -58.2859
57 -58.1127
58 -60.6223
59 -60.3555
60 -60.2787
61 -62.0551
62 -63.0281
63 -62.891
64 -61.4614
65 -62.6939
66 -62.6712
67 -61.8183
68 -63.2647
69 -62.08
70 -61.2438
71 -62.7106
72 -63.2271
73 -62.0019
74 -60.3077
75 -59.623
76 -58.6009
77 -59.2628
78 -57.8786
79 -58.313
80 -57.997
81 -55.8188
82 -55.561
83 -55.8504
84 -56.4485
85 -54.3081
86 -55.1466
87 -54.139
88 -54.3317
89 -53.4607
90 -52.9656
91 -52.3379
92 -52.4028
93 -51.9586
94 -51.157
95 -52.1366
96 -50.6838
97 -49.936
98 -50.7657
99 -49.6245
100 -49.9811
101 -49.1925
102 -47.7841
103 -50.8459
104 -48.0471
105 -48.5771
106 -49.0536
107 -49.6984
108 -48.4557
109 -49.0447
110 -50.6744
111 -50.7587
112 -50.6101
113 -49.4976
114 -49.0542
115 -47.2067
116 -48.4661
117 -49.5139
118 -48.5027
119 -49.6287
120 -49.5337
121 -47.4407
122 -49.5014
123 -46.5879
124 -46.1875
125 -48.3805
126 -48.0385
127 -47.2711
128 -47.4349
129 -48.2563
130 -47.4039
131 -47.4874
132 -47.5268
133 -47.7296
134 -48.4615
135 -47.6239
136 -45.9176
137 -46.9033
138 -47.0446
139 -46.3939
140 -46.6418
141 -47.0222
142 -48.5118
143 -47.364
144 -46.4915
145 -46.8711
146 -46.4364
147 -45.7357
148 -46.3757
149 -48.0404
150 -49.8177
151 -49.7222
152 -48.1692
153 -49.7225
154 -47.6866
155 -48.6905
156 -48.4578
157 -47.8362
158 -47.2178
159 -47.9843
160 -45.8509
161 -48.4917
162 -47.2589
163 -47.6278
164 -46.9189
165 -46.5635
166 -47.8219
167 -46.8478
168 -46.8206
169 -47.1423
170 -48.0896
171 -46.5964
172 -46.8821
173 -48.8403
174 -48.2169
175 -47.1115
176 -47.059
177 -45.5116
178 -48.0655
179 -47.0276
180 -46.3185
181 -46.1113
182 -45.029
183 -47.0825
184 -45.4815
185 -46.0528
186 -46.4422
187 -47.3003
188 -47.2041
189 -49.0009
190 -48.4122
191 -48.0871
192 -48.5707
193 -48.7418
194 -48.1309
195 -48.5122
196 -47.1829
197 -47.8098
198 -48.1607
199 -47.4919
200 -47.9374
201 -47.316
202 -47.5281
203 -45.997
204 -45.9139
205 -45.7456
206 -44.9438
207 -46.3404
208 -47.4179
209 -47.0946
210 -49.7102
211 -47.3372
212 -46.1434
213 -46.9916
214 -46.7796
215 -46.8245
216 -46.5476
217 -46.9581
218 -46.9581
219 -46.305
220 -47.0769
221 -46.6243
222 -46.4426
223 -45.8764
224 -46.5862
225 -46.0981
226 -43.4305
227 -46.0766
228 -46.7012
229 -48.3317
230 -48.4455
231 -47.3868
232 -46.9557
233 -48.2832
234 -49.597
235 -47.2928
236 -48.3813
237 -48.8325
238 -48.7658
239 -48.9496
240 -47.8811
241 -45.9424
242 -49.3214
243 -45.2724
244 -43.9067
245 -46.3038
246 -45.5715
247 -47.4889
248 -47.4938
249 -48.9073
250 -49.2359
251 -48.2178
252 -48.076
253 -46.6591
254 -47.298
255 -47.2842
256 -47.6803
257 -47.8026
258 -46.2003
259 -46.853
260 -48.3351
261 -46.8626
262 -47.231
263 -45.7754
264 -45.9433
265 -45.2725
266 -47.9378
267 -47.5957
268 -48.3987
269 -47.361
270 -47.1933
271 -47.8178
272 -48.3316
273 -49.1206
274 -48.1281
275 -46.8646
276 -48.6226
277 -47.9305
278 -48.7545
279 -47.0018
280 -48.1408
281 -48.5419
282 -48.0247
283 -46.2938
284 -45.9299
285 -46.5932
286 -46.3913
287 -46.3132
288 -47.6922
289 -47.7781
290 -47.819
291 -48.3619
292 -47.746
293 -46.7758
294 -47.329
295 -47.1375
296 -47.0485
297 -46.5166
298 -46.906
299 -46.356
300 -47.1951
301 -45.2046
302 -45.7357
303 -45.5285
304 -44.3358
305 -46.933
306 -45.7644
307 -47.4337
308 -46.9282
309 -48.0309
310 -47.2385
311 -48.2909
312 -48.8555
313 -48.3653
314 -48.0333
315 -48.4319
316 -48.4172
317 -48.6398
318 -49.9428
319 -50.0797
320 -47.9442
321 -48.9328
322 -47.9334
323 -47.4891
324 -46.8041
325 -48.0655
326 -47.1284
327 -47.3375
328 -47.9839
329 -47.0764
330 -48.1601
331 -47.8939
332 -47.3418
333 -47.5779
334 -46.2338
335 -48.0619
336 -46.7908
337 -45.8393
338 -45.9782
339 -47.3267
340 -46.0777
341 -46.3526
342 -47.5882
343 -47.5326
344 -46.264
345 -45.4011
346 -45.6417
347 -47.1523
348 -47.2218
349 -48.4196
350 -49.9884
351 -49.5028
352 -48.2514
353 -47.813
354 -47.0759
355 -47.8222
356 -46.7124
357 -48.856
358 -48.3002
359 -46.7613
360 -47.5838
361 -48.2841
362 -47.1676
363 -46.3614
364 -46.6106
365 -46.2185
366 -46.3154
367 -46.8505
368 -45.6684
369 -47.408
370 -47.4804
371 -48.0868
372 -46.5225
373 -47.9316
374 -47.8574
375 -46.6257
376 -46.9913
377 -46.2731
378 -46.755
379 -46.2954
380 -44.8105
381 -46.175
382 -46.4445
383 -47.2484
384 -45.9901
385 -45.3221
386 -45.8159
387 -45.2262
388 -47.2392
389 -47.3162
390 -47.6731
391 -47.7922
392 -48.0469
393 -49.1767
394 -47.054
395 -47.4759
396 -47.6642
397 -48.2875
398 -48.2547
399 -46.494
400 -47.9615
401 -47.7976
402 -48.0934
403 -45.4283
404 -46.3615
405 -44.7819
406 -46.1029
407 -45.3374
408 -46.9827
409 -47.0954
410 -48.4628
411 -47.449
412 -45.3557
413 -44.9592
414 -46.1551
415 -45.325
416 -44.5923
417 -46.8227
418 -46.957
419 -47.3243
420 -45.9306
421 -46.8353
422 -44.2379
423 -44.7885
424 -45.3209
425 -45.7432
426 -45.0477
427 -46.5248
428 -47.1094
429 -48.7935
430 -46.4739
431 -47.9719
432 -47.2995
433 -49.0917
434 -47.4943
435 -47.2776
436 -47.8964
437 -48.3662
438 -46.4306
439 -49.7944
440 -46.5978
441 -46.4381
442 -47.3349
443 -47.8589
444 -46.2786
445 -45.0983
446 -46.5343
447 -46.6012
448 -45.4344
449 -47.3042
450 -46.4276
451 -47.2145
452 -46.8413
453 -47.4705
454 -45.157
455 -46.4188
456 -46.0309
457 -47.0456
458 -45.7127
459 -45.7044
460 -45.2214
461 -45.4275
462 -46.2084
463 -44.0292
464 -43.8326
465 -45.8706
466 -46.2038
467 -45.3996
468 -45.5345
469 -46.9585
470 -47.348
471 -48.5513
472 -47.6162
473 -46.9852
474 -48.5181
475 -46.5152
476 -46.4357
477 -45.6509
478 -48.0072
479 -47.7596
480 -48.6967
481 -47.1017
482 -47.4702
483 -45.5193
484 -44.3603
485 -45.9154
486 -47.2413
487 -45.3883
488 -47.2649
489 -45.9863
490 -47.1696
491 -45.5823
492 -46.8684
493 -47.0344
494 -43.6168
495 -44.9227
496 -44.6989
497 -46.8491
498 -46.9734
499 -45.7369
500 -44.3579
501 -45.8924
502 -44.4049
503 -45.0096
504 -45.764
505 -45.2388
506 -44.4745
507 -46.2588
508 -46.6792
509 -48.2018
510 -47.7561
511 -48.0332
512 -46.082
513 -47.0631
514 -46.9581
515 -46.0465
516 -47.3732
517 -48.1108
518 -45.6695
519 -46.4539
520 -46.8967
521 -46.9387
522 -46.0927
523 -47.2205
524 -44.4467
525 -45.5047
526 -45.7834
527 -45.7869
528 -45.4087
529 -44.3934
530 -45.5334
531 -46.5468
532 -44.5431
533 -45.3883
534 -45.9414
535 -45.1462
536 -45.4856
537 -45.0368
538 -44.3942
539 -43.7755
540 -44.1695
541 -44.9927
542 -45.1702
543 -43.1005
544 -44.9479
545 -44.2521
546 -44.6867
547 -44.9567
548 -47.3443
549 -47.0363
550 -46.9395
551 -46.695
552 -47.0067
553 -44.9432
554 -45.832
555 -45.3534
556 -45.6419
557 -45.9995
558 -48.0942
559 -46.9851
560 -46.411
561 -46.4877
562 -44.0556
563 -45.117
564 -43.5148
565 -44.9185
566 -44.9497
567 -46.2542
568 -47.4796
569 -47.1431
570 -45.8935
571 -44.6377
572 -46.7582
573 -44.8124
574 -45.1527
575 -44.8388
576 -43.799
577 -44.98
578 -44.5263
579 -46.2814
580 -45.201
581 -45.2708
582 -45.0973
583 -44.6577
584 -44.7083
585 -44.3844
586 -45.0361
587 -45.3276
588 -47.1831
589 -47.0509
590 -46.3845
591 -46.3614
592 -46.2781
593 -45.8263
594 -45.9459
595 -47.6483
596 -47.5931
597 -47.5148
598 -48.291
599 -46.3189
600 -46.4431
601 -46.8289
602 -44.8581
603 -45.6076
604 -44.5586
605 -43.7637
606 -45.5411
607 -44.7974
608 -44.086
609 -45.7307
610 -47.3542
611 -46.5754
612 -45.8475
613 -47.2788
614 -45.0671
615 -45.2475
616 -45.7791
617 -45.5887
618 -45.4827
619 -45.4098
620 -44.4869
621 -45.264
622 -45.7213
623 -44.7497
624 -44.292
625 -46.2785
626 -43.0605
627 -44.5211
628 -45.5474
629 -46.9805
630 -47.8203
631 -47.6561
632 -47.0549
633 -45.296
634 -46.6167
635 -46.0227
636 -46.241
637 -46.7493
638 -46.4065
639 -47.0454
640 -46.2853
641 -45.6701
642 -45.8187
643 -46.0541
644 -46.8526
645 -46.7661
646 -45.5749
647 -45.8669
648 -46.3102
649 -44.5273
650 -46.3124
651 -43.6989
652 -45.1621
653 -45.2481
654 -44.8475
655 -44.5716
656 -45.3627
657 -46.7424
658 -44.9238
659 -44.3861
660 -45.3881
661 -43.2049
662 -43.7461
663 -43.3849
664 -45.1173
665 -44.2333
666 -45.641
667 -44.4628
668 -45.7544
669 -45.1817
670 -45.2348
671 -46.4568
672 -45.9625
673 -45.8348
674 -45.4994
675 -45.7338
676 -44.7908
677 -46.4748
678 -46.0284
679 -46.6673
680 -46.9704
681 -45.7853
682 -44.0026
683 -44.9898
684 -43.3824
685 -44.332
686 -44.6787
687 -45.0357
688 -44.986
689 -44.2628
690 -44.8852
691 -44.5586
692 -44.9659
693 -44.1303
694 -43.6585
695 -44.3073
696 -45.6347
697 -45.3824
698 -44.5925
699 -43.5356
700 -44.1254
701 -43.5849
702 -44.4339
703 -44.159
704 -44.1074
705 -44.0892
706 -45.555
707 -44.1656
708 -45.9892
709 -46.9812
710 -45.3318
711 -46.8752
712 -45.6285
713 -45.8527
714 -43.3841
715 -45.4851
716 -46.2448
717 -46.2127
718 -46.4812
719 -46.3988
720 -44.4012
721 -44.0984
722 -43.7199
723 -44.2484
724 -42.4071
725 -42.9518
726 -43.651
727 -44.2606
728 -43.9205
729 -44.9916
730 -45.0584
731 -43.5253
732 -45.3663
733 -43.5122
734 -42.7014
735 -44.1433
736 -45.8396
737 -43.0108
738 -42.7634
739 -43.4699
740 -45.1308
741 -44.4207
742 -43.1276
743 -43.1536
744 -43.0241
745 -44.1375
746 -43.2241
747 -45.8013
748 -45.2907
749 -45.6963
750 -44.8376
751 -44.2176
752 -45.6673
753 -43.4097
754 -45.8818
755 -43.7379
756 -45.4305
757 -44.6311
758 -45.6556
759 -45.7001
760 -45.1969
761 -44.8982
762 -45.003
763 -43.3367
764 -42.9422
765 -43.5784
766 -42.8704
767 -44.2075
768 -42.817
769 -43.7596
770 -45.2111
771 -43.8549
772 -41.1642
773 -43.5527
774 -44.8307
775 -43.7819
776 -45.2311
777 -42.2621
778 -43.5387
779 -43.1124
780 -42.9047
781 -43.1784
782 -42.471
783 -42.9373
784 -44.4408
785 -43.2878
786 -44.2147
787 -43.6066
788 -44.2073
789 -44.6419
790 -43.6324
791 -44.4629
792 -42.5376
793 -44.3748
794 -43.8337
795 -43.1363
796 -44.9903
797 -43.9462
798 -44.9378
799 -44.2744
800 -43.5194
801 -42.1775
802 -43.0277
803 -42.8855
804 -41.4899
805 -42.2694
806 -42.7042
807 -42.7435
808 -43.7764
809 -43.1295
810 -43.7208
811 -43.6962
812 -43.3426
813 -42.8239
814 -41.61
815 -42.1365
816 -42.3983
817 -42.304
818 -41.6687
819 -41.6005
820 -41.6889
821 -41.0807
822 -41.1238
823 -41.0075
824 -41.5875
825 -42.0246
826 -43.7268
827 -42.9699
828 -44.1584
829 -44.1291
830 -42.4363
831 -43.4451
832 -43.469
833 -43.2779
834 -41.8423
835 -42.6791
836 -43.119
837 -42.9505
838 -45.2047
839 -41.666
840 -43.0998
841 -41.5987
842 -42.5322
843 -41.0921
844 -42.0216
845 -41.1757
846 -41.8642
847 -43.0283
848 -42.8498
849 -44.0051
850 -42.0729
851 -43.5521
852 -41.7117
853 -40.4288
854 -42.2675
855 -38.932
856 -42.4074
857 -41.6864
858 -41.4041
859 -41.8624
860 -41.0291
861 -42.1337
862 -40.7942
863 -40.849
864 -41.9544
865 -40.2586
866 -40.5683
867 -42.7263
868 -42.6413
869 -42.6793
870 -43.6874
871 -43.8683
872 -43.2328
873 -41.6716
874 -42.6652
875 -42.1908
876 -42.0388
877 -42.3583
878 -42.8243
879 -41.6917
880 -42.681
881 -39.6129
882 -42.6414
883 -39.6853
884 -40.316
885 -41.809
886 -41.1828
887 -42.5442
888 -40.5305
889 -42.4171
890 -42.2
891 -38.8084
892 -39.2694
893 -41.4538
894 -39.5986
895 -42.4441
896 -41.834
897 -41.1121
898 -42.1153
899 -40.5324
900 -40.4469
901 -38.9312
902 -40.6603
903 -41.5055
904 -41.2345
905 -40.1863
906 -40.4839
907 -41.9269
908 -42.2586
909 -42.4176
910 -42.742
911 -42.348
912 -41.7213
913 -42.0774
914 -42.5144
915 -41.9233
916 -40.9536
917 -42.8998
918 -41.8143
919 -40.7564
920 -41.0571
921 -40.7392
922 -40.8354
923 -40.9482
924 -41.288
925 -40.8612
926 -40.9359
927 -40.9696
928 -39.9085
929 -41.9414
930 -41.5163
931 -40.3227
932 -40.6038
933 -39.4937
934 -39.5041
935 -40.21
936 -39.6196
937 -39.6603
938 -41.0262
939 -39.6636
940 -37.5986
941 -38.9487
942 -37.7582
943 -36.6539
944 -35.4304
945 -37.363
946 -34.8154
947 -36.0455
948 -36.4552
949 -36.3907
950 -36.6455
951 -36.7633
952 -34.879
953 -34.357
954 -34.0426
955 -32.7768
956 -33.5632
957 -32.6234
958 -31.0942
959 -30.9873
960 -30.3303
961 -28.9256
962 -29.4282
963 -27.6984
964 -28.4574
965 -26.7849
966 -26.0347
967 -27.1781
968 -26.0389
969 -25.0079
970 -25.3871
971 -25.8211
972 -23.1513
973 -22.9037
974 -23.0065
975 -22.7253
976 -21.9334
977 -23.5338
978 -23.5184
979 -20.7617
980 -21.5417
981 -21.3251
982 -21.7692
983 -21.2944
984 -19.4927
985 -21.79
986 -19.4837
987 -19.4225
988 -19.7185
989 -19.3171
990 -17.8831
991 -18.2791
992 -17.3075
993 -16.4756
994 -15.2522
995 -14.7049
996 -14.8358
997 -14.181
998 -11.65
999 -14.0333
1000 -14.5835
1001 -14.5097
1002 -13.9491
1003 -15.4587
1004 -13.8772
1005 -12.9042
1006 -15.6117
1007 -13.6167
1008 -15.7592
1009 -14.5118
1010 -16.0372
1011 -15.4201
1012 -16.9083
1013 -17.9497
1014 -18.7876
1015 -16.7577
1016 -19.5987
1017 -17.8718
1018 -18.5329
1019 -19.8982
1020 -19.9977
1021 -19.4882
1022 -19.087
1023 -20.0968
1024 -21.2421
1025 -21.7565
1026 -24.4151
1027 -23.127
1028 -24.5643
1029 -24.4315
1030 -25.5387
1031 -26.3334
1032 -27.7941
1033 -26.9962
1034 -26.5304
1035 -26.8984
1036 -27.3296
1037 -28.2017
1038 -28.8691
1039 -28.516
1040 -27.7166
1041 -28.57
1042 -28.7115
1043 -28.5161
1044 -28.1817
1045 -27.6041
1046 -27.7967
1047 -26.3281
1048 -27.9142
1049 -27.7132
1050 -28.2549
1051 -29.4078
1052 -30.9847
1053 -29.0756
1054 -31.0036
1055 -28.4066
1056 -29.3779
1057 -30.2506
1058 -31.2045
1059 -32.0587
1060 -32.0702
1061 -31.5073
1062 -30.5189
1063 -30.385
1064 -30.5361
1065 -30.1587
1066 -29.1172
1067 -32.1797
1068 -29.8098
1069 -31.1525
1070 -31.6888
1071 -31.6766
1072 -30.6678
1073 -31.8074
1074 -32.3216
1075 -31.499
1076 -33.2166
1077 -32.0503
1078 -32.8488
1079 -32.5543
1080 -31.2867
1081 -32.3158
1082 -30.0193
1083 -29.7663
1084 -31.2216
1085 -30.4003
1086 -29.8616
1087 -30.4169
1088 -29.6384
1089 -29.8943
1090 -30.3369
1091 -29.585
1092 -30.5654
1093 -31.4858
1094 -32.0788
1095 -31.0004
1096 -32.341
1097 -32.6884
1098 -31.2995
1099 -32.9363
1100 -31.4206
1101 -31.183
1102 -30.2592
1103 -32.2144
1104 -32.9497
1105 -32.0747
1106 -31.9863
1107 -32.2978
1108 -31.3727
1109 -33.1502
1110 -32.4984
1111 -31.7965
1112 -33.7838
1113 -33.3397
1114 -33.5132
1115 -31.1061
1116 -32.4429
1117 -32.0325
1118 -32.3945
1119 -31.6722
1120 -31.3859
1121 -31.4908
1122 -31.6253
1123 -30.8079
1124 -30.8064
1125 -30.6203
1126 -29.8925
1127 -29.9532
1128 -31.4903
1129 -30.2296
1130 -31.429
1131 -30.6453
1132 -32.4173
1133 -31.4043
1134 -32.5522
1135 -31.2958
1136 -32.4772
1137 -32.619
1138 -30.913
1139 -31.4086
1140 -32.4612
1141 -32.9091
1142 -33.5173
1143 -32.7193
1144 -30.9398
1145 -31.8588
1146 -33.1957
1147 -32.7328
1148 -33.3026
1149 -31.8073
1150 -32.9734
1151 -34.9715
1152 -32.8723
1153 -33.1074
1154 -33.8597
1155 -33.9485
1156 -33.6919
1157 -31.5603
1158 -33.5161
1159 -32.949
1160 -32.0391
1161 -33.596
1162 -31.5489
1163 -31.3307
1164 -31.9514
1165 -32.1406
1166 -32.1224
1167 -32.9405
1168 -31.5656
1169 -31.5948
1170 -30.7862
1171 -32.5097
1172 -32.8784
1173 -32.0459
1174 -31.8461
1175 -32.2154
1176 -32.292
1177 -31.6769
1178 -31.4059
1179 -32.5508
1180 -32.289
1181 -31.6312
1182 -31.9943
1183 -32.3183
1184 -32.0076
1185 -33.0101
1186 -31.0095
1187 -32.5264
1188 -33.2971
1189 -32.8522
1190 -31.5256
1191 -33.5077
1192 -33.7187
1193 -32.3174
1194 -33.5125
1195 -33.1516
1196 -32.6464
1197 -33.6533
1198 -33.4441
1199 -33.5511
1200 -31.7326
1201 -32.7359
1202 -33.6237
1203 -31.4486
1204 -31.2353
1205 -32.4925
1206 -33.252
1207 -31.6008
1208 -31.709
1209 -31.7301
1210 -32.8031
1211 -33.281
1212 -32.591
1213 -33.1536
1214 -34.0766
1215 -33.3074
1216 -33.7765
1217 -32.4555
1218 -33.1389
1219 -33.7003
1220 -33.7261
1221 -33.0563
1222 -32.5187
1223 -33.4255
1224 -34.8189
1225 -33.1383
1226 -33.9703
1227 -33.3419
1228 -33.8638
1229 -33.2713
1230 -33.5815
1231 -33.6061
1232 -32.2837
1233 -34.1419
1234 -33.7414
1235 -33.0628
1236 -34.1252
1237 -32.6205
1238 -33.2115
1239 -33.47
1240 -32.7059
1241 -32.6108
1242 -33.1266
1243 -34.0949
1244 -33.5006
1245 -32.7445
1246 -31.3533
1247 -31.9882
1248 -32.3741
1249 -32.9088
1250 -33.5371
1251 -32.1721
1252 -32.6337
1253 -34.1014
1254 -34.5348
1255 -33.3836
1256 -32.7377
1257 -33.4927
1258 -32.7538
1259 -31.5244
1260 -35.1262
1261 -32.6972
1262 -34.4614
1263 -33.328
1264 -34.9168
1265 -33.6277
1266 -31.9517
1267 -34.051
1268 -34.5851
1269 -33.7758
1270 -33.7443
1271 -34.6993
1272 -33.9742
1273 -34.7927
1274 -36.2289
1275 -34.7859
1276 -34.7504
1277 -35.1233
1278 -34.5687
1279 -31.947
1280 -34.6086
1281 -32.5977
1282 -34.6939
1283 -34.3691
1284 -34.0893
1285 -32.4233
1286 -32.5765
1287 -32.5287
1288 -31.8873
1289 -33.9476
1290 -34.5473
1291 -33.7543
1292 -32.3649
1293 -34.8675
1294 -33.5203
1295 -34.9446
1296 -34.6955
1297 -34.2252
1298 -33.0578
1299 -33.3131
1300 -34.5808
1301 -35.3129
1302 -33.487
1303 -34.2763
1304 -34.1734
1305 -33.6118
1306 -34.6327
1307 -33.8462
1308 -34.0086
1309 -33.9556
1310 -34.541
1311 -33.9778
1312 -36.7038
1313 -35.0655
1314 -34.7266
1315 -35.0239
1316 -35.0489
1317 -33.4611
1318 -37.6459
1319 -34.3546
1320 -33.8466
1321 -34.1819
1322 -32.4838
1323 -34.3684
1324 -34.6186
1325 -33.1498
1326 -34.0332
1327 -33.7639
1328 -33.7419
1329 -32.9075
1330 -34.6903
1331 -34.3373
1332 -34.7851
1333 -34.816
1334 -35.5999
1335 -34.5572
1336 -34.5784
1337 -34.2616
1338 -33.4055
1339 -32.9464
1340 -34.2396
1341 -34.3231
1342 -34.2065
1343 -33.73
1344 -34.6822
1345 -35.6942
1346 -35.475
1347 -33.995
1348 -35.251
1349 -34.6554
1350 -35.9411
1351 -34.5033
1352 -35.0596
1353 -35.4341
1354 -35.8643
1355 -36.2435
1356 -35.968
1357 -34.7231
1358 -36.6083
1359 -34.9067
1360 -35.0646
1361 -34.6996
1362 -33.5202
1363 -34.6256
1364 -34.4181
1365 -34.814
1366 -33.7643
1367 -33.2168
1368 -32.6564
1369 -34.272
1370 -34.1123
1371 -34.9939
1372 -35.7809
1373 -35.8562
1374 -36.6277
1375 -37.5005
1376 -36.0164
1377 -35.8327
1378 -36.9334
1379 -37.2035
1380 -38.4555
1381 -38.8353
1382 -39.2723
1383 -39.8514
1384 -40.6865
1385 -40.9605
1386 -41.2379
1387 -43.2205
1388 -42.958
1389 -42.3237
1390 -44.482
1391 -44.6773
1392 -45.8955
1393 -44.2411
1394 -47.7841
1395 -49.6178
1396 -48.5804
1397 -46.1947
1398 -49.0698
1399 -50.3131
1400 -50.0338
1401 -50.4845
1402 -50.3094
1403 -50.4807
1404 -50.715
1405 -51.716
1406 -52.7257
1407 -53.6716
1408 -53.2491
1409 -53.382
1410 -51.5467
1411 -53.0443
1412 -54.1235
1413 -55.1415
1414 -54.3478
1415 -55.4009
1416 -53.7135
1417 -53.7253
1418 -52.9104
1419 -56.0368
1420 -54.9143
1421 -55.1075
1422 -55.1385
1423 -54.5999
1424 -55.0481
1425 -55.6734
1426 -56.3424
1427 -55.778
1428 -57.4821
1429 -57.3647
1430 -58.0715
1431 -56.9349
1432 -58.1134
1433 -59.3569
1434 -60.0776
1435 -59.6633
1436 -59.9963
1437 -59.68
1438 -60.387
1439 -60.1485
1440 -61.1444
1441 -60.4704
1442 -60.7105
1443 -61.1175
1444 -60.0337
1445 -58.7256
1446 -61.6766
1447 -60.0417
1448 -60.0904
1449 -59.0919
1450 -57.9161
1451 -57.116
1452 -56.9077
1453 -57.6283
1454 -56.3108
1455 -55.4713
1456 -54.5591
1457 -54.3198
1458 -54.3383
1459 -53.5276
1460 -52.9484
1461 -52.1109
1462 -50.7682
1463 -51.1537
1464 -51.4293
1465 -50.3893
1466 -48.982
1467 -48.3738
1468 -48.8072
1469 -47.8782
1470 -47.2119
1471 -45.9045
1472 -47.9504
1473 -45.8319
1474 -46.4463
1475 -46.6675
1476 -44.5559
1477 -46.1868
1478 -47.1483
1479 -44.3035
1480 -44.6746
1481 -44.9596
1482 -44.5653
1483 -44.201
1484 -43.3098
1485 -43.8168
1486 -45.1549
1487 -44.035
1488 -42.61
1489 -42.5087
1490 -43.713
1491 -44.425
1492 -43.3403
1493 -43.1364
1494 -40.993
1495 -43.1143
1496 -43.8921
1497 -44.5255
1498 -45.4518
1499 -45.7261
1500 -44.9528
1501 -44.3357
1502 -43.0925
1503 -43.5674
1504 -42.9054
1505 -43.3554
1506 -42.8713
1507 -46.2782
1508 -45.2709
1509 -43.0647
1510 -43.0014
1511 -44.4676
1512 -42.945
1513 -43.4978
1514 -42.406
1515 -43.067
1516 -43.1033
1517 -42.6105
1518 -44.0805
1519 -43.9496
1520 -42.9632
1521 -42.8437
1522 -42.7669
1523 -43.291
1524 -43.7338
1525 -42.6344
1526 -41.5092
1527 -43.4541
1528 -43.9827
1529 -43.263
1530 -41.8861
1531 -42.0883
1532 -42.0047
1533 -41.7921
1534 -42.3767
1535 -41.1993
1536 -44.8419
1537 -43.2492
1538 -45.9059
1539 -45.6391
1540 -42.7183
1541 -44.0037
1542 -44.0615
1543 -43.5401
1544 -43.9408
1545 -44.0555
1546 -43.5132
1547 -43.9259
1548 -43.8435
1549 -42.6617
1550 -43.6606
1551 -42.0804
1552 -41.7405
1553 -42.7579
1554 -40.5919
1555 -42.046
1556 -41.2339
1557 -40.8805
1558 -41.9016
1559 -42.0683
1560 -41.6912
1561 -41.8195
1562 -42.5058
1563 -43.3798
1564 -41.8794
1565 -41.6554
1566 -42.6469
1567 -43.3073
1568 -41.9073
1569 -41.7576
1570 -40.9084
1571 -41.5675
1572 -42.4486
1573 -41.2042
1574 -41.6693
1575 -40.626
1576 -41.3939
1577 -41.9728
1578 -44.8773
1579 -44.2441
1580 -43.2696
1581 -44.9125
1582 -43.9755
1583 -43.0215
1584 -43.222
1585 -42.6489
1586 -41.9923
1587 -42.6272
1588 -43.4814
1589 -44.8936
1590 -44.5967
1591 -44.4755
1592 -42.06
1593 -42.3843
1594 -41.2721
1595 -40.5341
1596 -41.332
1597 -42.0725
1598 -43.445
1599 -41.5598
1600 -41.1935
1601 -41.4433
1602 -41.971
1603 -43.8274
1604 -40.9305
1605 -41.4897
1606 -40.1336
1607 -41.6586
1608 -42.0902
1609 -43.163
1610 -41.2976
1611 -40.9699
1612 -41.3541
1613 -39.4864
1614 -40.9992
1615 -42.6211
1616 -41.9208
1617 -40.7779
1618 -43.0353
1619 -44.1148
1620 -41.7748
1621 -42.8381
1622 -41.7343
1623 -42.2392
1624 -42.3793
1625 -43.4313
1626 -42.6592
1627 -43.3553
1628 -41.5143
1629 -42.4788
1630 -41.6689
1631 -41.5172
1632 -41.9265
1633 -41.1514
1634 -40.9114
1635 -39.8666
1636 -41.07
1637 -40.9876
1638 -41.8366
1639 -40.096
1640 -41.7601
1641 -43.5156
1642 -41.4668
1643 -41.0984
1644 -41.3929
1645 -41.9146
1646 -41.6477
1647 -41.4642
1648 -41.3855
1649 -41.0825
1650 -40.4142
1651 -40.1056
1652 -39.5995
1653 -40.5931
1654 -39.5597
1655 -41.9315
1656 -41.8436
1657 -42.2564
1658 -41.5327
1659 -41.3937
1660 -42.4102
1661 -43.708
1662 -41.8113
1663 -42.5041
1664 -41.4053
1665 -41.0065
1666 -41.3542
1667 -41.7387
1668 -41.8192
1669 -42.6995
1670 -40.9405
1671 -39.5413
1672 -41.3214
1673 -40.4909
1674 -40.4867
1675 -39.8396
1676 -41.083
1677 -41.172
1678 -41.8071
1679 -39.6947
1680 -39.5285
1681 -41.2975
1682 -40.6981
1683 -41.1234
1684 -39.8244
1685 -40.4378
1686 -40.0333
1687 -41.1175
1688 -41.9281
1689 -38.8015
1690 -39.6069
1691 -40.1
1692 -40.7017
1693 -39.5506
1694 -39.4468
1695 -41.2104
1696 -41.6653
1697 -40.6403
1698 -41.4293
1699 -41.974
1700 -41.7841
1701 -43.0707
1702 -41.5191
1703 -40.5964
1704 -39.655
1705 -40.4229
1706 -41.7443
1707 -42.2514
1708 -41.7069
1709 -42.4277
1710 -41.7086
1711 -41.5059
1712 -39.5701
1713 -39.755
1714 -38.6892
1715 -40.0524
1716 -41.4167
1717 -39.315
1718 -42.2037
1719 -40.9848
1720 -40.0746
1721 -39.6443
1722 -39.6453
1723 -40.6179
1724 -40.1379
1725 -39.8027
1726 -39.0957
1727 -39.6526
1728 -39.4124
1729 -38.3147
1730 -39.681
1731 -39.1729
1732 -39.5406
1733 -38.8685
1734 -38.3612
1735 -38.2882
1736 -40.5981
1737 -40.8107
1738 -41.1955
1739 -42.1956
1740 -41.7364
1741 -40.9784
1742 -40.2137
1743 -41.2456
1744 -40.708
1745 -40.5478
1746 -42.6668
1747 -40.9725
1748 -40.6816
1749 -40.5371
1750 -39.0841
1751 -38.9955
1752 -40.1661
1753 -40.0333
1754 -41.391
1755 -38.8118
1756 -40.665
1757 -39.5995
1758 -39.3064
1759 -39.8906
1760 -40.8282
1761 -39.3694
1762 -40.6662
1763 -39.3907
1764 -40.8915
1765 -39.2699
1766 -39.5993
1767 -40.3746
1768 -40.2899
1769 -39.6187
1770 -37.5334
1771 -38.3415
1772 -38.1787
1773 -40.4227
1774 -38.1886
1775 -39.5883
1776 -39.6656
1777 -39.841
1778 -42.0018
1779 -41.4755
1780 -39.0255
1781 -40.579
1782 -39.2501
1783 -41.3966
1784 -42.0163
1785 -40.666
1786 -41.1824
1787 -40.2015
1788 -40.0395
1789 -40.0434
1790 -39.8104
1791 -37.8318
1792 -37.2215
1793 -37.4026
1794 -39.7192
1795 -39.1112
1796 -39.568
1797 -38.8863
1798 -39.412
1799 -38.3666
1800 -39.1089
1801 -39.3682
1802 -38.2534
1803 -38.9408
1804 -38.0376
1805 -38.1499
1806 -37.8087
1807 -37.885
1808 -37.7552
1809 -37.2295
1810 -37.6632
1811 -36.9524
1812 -36.8208
1813 -35.3112
1814 -34.2909
1815 -34.5508
1816 -36.0771
1817 -35.7106
1818 -36.4729
1819 -34.4957
1820 -35.1094
1821 -33.3938
1822 -32.4313
1823 -31.1963
1824 -31.0472
1825 -31.5181
1826 -29.8411
1827 -30.1222
1828 -27.7928
1829 -29.3409
1830 -28.7951
1831 -27.1331
1832 -26.9574
1833 -24.1835
1834 -26.7993
1835 -25.885
1836 -24.1359
1837 -24.6906
1838 -24.8779
1839 -25.9981
1840 -24.1515
1841 -23.0904
1842 -22.5443
1843 -22.2566
1844 -22.6508
1845 -21.9068
1846 -21.024
1847 -21.7139
1848 -20.3359
1849 -20.4481
1850 -19.8448
1851 -19.0174
1852 -19.7238
1853 -18.1435
1854 -20.4931
1855 -19.5095
1856 -19.5658
1857 -18.7179
1858 -19.536
1859 -17.7001
1860 -17.2933
1861 -19.108
1862 -17.6637
1863 -15.8914
1864 -14.8063
1865 -13.7786
1866 -14.3762
1867 -14.5967
1868 -13.2094
1869 -11.7534
1870 -13.2159
1871 -13.9243
1872 -14.5286
1873 -12.9002
1874 -14.2509
1875 -14.2033
1876 -13.6934
1877 -14.0103
1878 -13.6556
1879 -14.716
1880 -14.9003
1881 -15.3262
1882 -17.4867
1883 -16.1101
1884 -15.5843
1885 -17.8665
1886 -16.8868
1887 -19.2768
1888 -18.6637
1889 -19.2604
1890 -18.5115
1891 -18.0441
1892 -19.9438
1893 -19.1828
1894 -21.6222
1895 -21.5296
1896 -23.1274
1897 -24.0239
1898 -23.6479
1899 -25.2039
1900 -24.366
1901 -24.1777
1902 -25.4863
1903 -25.7637
1904 -27.78
1905 -27.3172
1906 -27.0372
1907 -28.2275
1908 -27.82
1909 -29.2209
1910 -27.9654
1911 -27.729
1912 -27.0268
1913 -26.7532
1914 -26.6515
1915 -27.9533
1916 -27.2209
1917 -27.6032
1918 -28.3148
1919 -27.8754
1920 -28.232
1921 -29.3656
1922 -28.847
1923 -29.5438
1924 -28.4844
1925 -28.6192
1926 -29.2743
1927 -30.7699
1928 -29.8107
1929 -27.9229
1930 -29.8301
1931 -30.1876
1932 -30.9
1933 -29.6178
1934 -29.0662
1935 -30.5688
1936 -30.0824
1937 -28.7811
1938 -29.7846
1939 -30.5563
1940 -30.9137
1941 -31.2837
1942 -31.929
1943 -29.7918
1944 -30.4566
1945 -32.1051
1946 -30.7715
1947 -31.1987
1948 -30.8659
1949 -31.3875
1950 -31.0119
1951 -29.1612
1952 -29.5846
1953 -30.3758
1954 -31.0177
1955 -31.2922
1956 -30.6281
1957 -30.255
1958 -27.5714
1959 -28.928
1960 -29.6149
1961 -29.4363
1962 -31.2964
1963 -31.9006
1964 -31.0335
1965 -30.9931
1966 -31.0572
1967 -28.4086
1968 -29.1611
1969 -30.7567
1970 -30.8108
1971 -31.4213
1972 -30.2641
1973 -30.206
1974 -30.8342
1975 -31.8601
1976 -31.896
1977 -31.0683
1978 -30.8509
1979 -32.7398
1980 -31.2406
1981 -31.3435
1982 -31.7936
1983 -31.0762
1984 -32.2374
1985 -31.6143
1986 -32.6366
1987 -32.2553
1988 -31.051
1989 -31.9662
1990 -31.4827
1991 -31.4819
1992 -31.0526
1993 -30.7638
1994 -31.1189
1995 -30.8523
1996 -30.3844
1997 -29.2758
1998 -31.0457
1999 -30.0223
2000 -29.286
2001 -31.7203
2002 -32.5476
2003 -31.5966
2004 -32.5126
2005 -31.7603
2006 -31.5125
2007 -29.7556
2008 -31.7389
2009 -31.7896
2010 -31.411
2011 -30.9047
2012 -31.9816
2013 -31.8246
2014 -31.989
2015 -31.1902
2016 -31.6224
2017 -32.1821
2018 -31.7974
2019 -31.6321
2020 -31.9724
2021 -32.1647
2022 -32.4974
2023 -31.9971
2024 -32.5376
2025 -32.4105
2026 -32.9743
2027 -32.412
2028 -31.8352
2029 -32.4749
2030 -32.0533
2031 -31.8294
2032 -31.0298
2033 -32.3151
2034 -31.396
2035 -30.7987
2036 -31.5347
2037 -30.2891
2038 -30.6683
2039 -30.7834
2040 -30.632
2041 -31.4501
2042 -32.561
2043 -31.6891
2044 -32.1484
2045 -31.6418
2046 -32.2708
2047 -31.566
2048 -31.0998
2049 -31.3934
2050 -30.719
2051 -31.1407
2052 -32.4161
2053 -31.2533
2054 -32.472
2055 -32.1173
2056 -30.2122
2057 -33.3076
2058 -31.0552
2059 -31.4737
2060 -33.779
2061 -30.6346
2062 -32.9182
2063 -32.6275
2064 -32.299
2065 -34.0229
2066 -33.408
2067 -32.9517
2068 -32.0789
2069 -32.3176
2070 -31.872
2071 -30.9768
2072 -32.4536
2073 -32.4956
2074 -32.5882
2075 -31.098
2076 -31.0164
2077 -30.4077
2078 -29.7337
2079 -32.1727
2080 -31.174
2081 -31.5548
2082 -32.6608
2083 -31.4666
2084 -32.951
2085 -32.9304
2086 -33.4359
2087 -32.877
2088 -32.8191
2089 -32.281
2090 -31.6156
2091 -32.2933
2092 -31.7209
2093 -33.0456
2094 -33.38
2095 -32.7207
2096 -32.47
2097 -32.8183
2098 -33.6995
2099 -33.4949
2100 -33.6548
2101 -33.7207
2102 -33.4526
2103 -32.9098
2104 -34.4234
2105 -32.9581
2106 -33.02
2107 -33.0003
2108 -32.9427
2109 -32.804
2110 -32.905
2111 -33.1893
2112 -31.985
2113 -31.5317
2114 -32.7699
2115 -30.6783
2116 -31.117
2117 -30.6932
2118 -31.9336
2119 -32.7043
2120 -31.7079
2121 -30.9904
2122 -32.3307
2123 -34.7204
2124 -33.0416
2125 -32.5819
2126 -32.5712
2127 -32.6896
2128 -32.2149
2129 -32.7071
2130 -33.5908
2131 -33.2862
2132 -32.1982
2133 -32.7955
2134 -32.2562
2135 -34.2558
2136 -33.4004
2137 -36.0157
2138 -32.0431
2139 -33.4081
2140 -33.0369
2141 -33.6256
2142 -33.8581
2143 -34.7819
2144 -35.1574
2145 -34.1391
2146 -35.3111
2147 -33.8171
2148 -34.1601
2149 -34.2886
2150 -33.9677
2151 -32.6464
2152 -33.3076
2153 -33.4609
2154 -32.0636
2155 -33.5976
2156 -32.0695
2157 -32.2649
2158 -33.8272
2159 -31.5304
2160 -32.5117
2161 -33.3432
2162 -34.0072
2163 -33.7486
2164 -32.7057
2165 -32.7381
2166 -33.6457
2167 -34.4726
2168 -34.2752
2169 -32.7868
2170 -32.1852
2171 -33.6116
2172 -32.989
2173 -33.4568
2174 -34.0633
2175 -34.6392
2176 -33.4072
2177 -34.7924
2178 -34.5974
2179 -35.6734
2180 -34.6715
2181 -32.5727
2182 -33.6913
2183 -35.145
2184 -34.7288
2185 -31.9326
2186 -34.5443
2187 -35.4411
2188 -34.2232
2189 -34.1906
2190 -33.6465
2191 -33.4039
2192 -33.4838
2193 -32.1985
2194 -33.041
2195 -31.9973
2196 -32.5508
2197 -31.9116
2198 -33.6068
2199 -33.2138
2200 -33.4261
2201 -33.8086
2202 -34.4158
2203 -35.0791
2204 -35.1116
2205 -33.5238
2206 -34.6883
2207 -33.1956
2208 -33.6026
2209 -34.0823
2210 -35.0679
2211 -32.3431
2212 -33.5297
2213 -34.0909
2214 -33.9656
2215 -35.6852
2216 -34.1932
2217 -34.4574
2218 -34.5655
2219 -33.4655
2220 -35.2135
2221 -35.4649
2222 -33.5998
2223 -33.5108
2224 -35.5205
2225 -34.4918
2226 -35.9921
2227 -36.1877
2228 -34.5278
2229 -33.9569
2230 -34.4439
2231 -34.2297
2232 -33.3862
2233 -33.7516
2234 -32.783
2235 -33.6408
2236 -33.1316
2237 -33.1428
2238 -33.3542
2239 -33.3192
2240 -34.2184
2241 -34.7972
2242 -33.6928
2243 -34.9393
2244 -35.5758
2245 -35.5379
2246 -36.22
2247 -35.8256
2248 -37.2342
2249 -38.3705
2250 -37.5776
2251 -37.6362
2252 -39.5111
2253 -40.2882
2254 -37.8486
2255 -40.0904
2256 -43.1471
2257 -41.6558
2258 -42.7759
2259 -43.4591
2260 -42.8192
2261 -45.8226
2262 -45.6575
2263 -45.798
2264 -48.0006
2265 -47.0084
2266 -48.7386
2267 -48.8714
2268 -48.4657
2269 -49.8131
2270 -49.8422
2271 -50.6171
2272 -50.2916
2273 -50.4641
2274 -49.7564
2275 -51.7327
2276 -51.8267
2277 -50.8474
2278 -51.779
2279 -52.5098
2280 -51.0826
2281 -51.8158
2282 -54.5284
2283 -52.9696
2284 -50.7459
2285 -53.9092
2286 -53.5988
2287 -52.9511
2288 -52.7205
2289 -53.7923
2290 -51.606
2291 -54.0892
2292 -54.8546
2293 -54.7831
2294 -53.6053
2295 -53.2253
2296 -54.5036
2297 -55.5063
2298 -57.8304
2299 -57.414
2300 -57.6812
2301 -57.5243
2302 -58.3126
2303 -58.6384
2304 -59.836
2305 -59.3552
2306 -60.3498
2307 -60.2005
2308 -59.3547
2309 -61.2626
2310 -59.9044
2311 -61.0495
2312 -61.6824
2313 -60.7428
2314 -59.6423
2315 -60.7867
2316 -60.3875
2317 -58.6199
2318 -58.3266
2319 -57.7359
2320 -56.6857
2321 -58.1801
2322 -57.2947
2323 -54.3753
2324 -56.336
2325 -55.8639
2326 -55.423
2327 -54.4316
2328 -51.889
2329 -51.3852
2330 -51.0135
2331 -49.4456
2332 -51.4264
2333 -49.9774
2334 -49.9507
2335 -50.9342
2336 -49.3721
2337 -47.3939
2338 -48.4036
2339 -47.2167
2340 -46.2401
2341 -44.4568
2342 -46.0895
2343 -45.564
2344 -44.7469
2345 -46.1097
2346 -44.7416
2347 -44.5841
2348 -45.4965
2349 -45.0324
2350 -45.696
2351 -43.1548
2352 -43.408
2353 -44.1913
2354 -43.3705
2355 -43.8127
2356 -43.7843
2357 -44.3966
2358 -43.0615
2359 -41.8251
2360 -43.7972
2361 -43.1971
2362 -42.1143
2363 -43.1407
2364 -43.1334
2365 -41.9427
2366 -43.4565
2367 -45.5805
2368 -44.3903
2369 -45.159
2370 -44.2749
2371 -42.3532
2372 -43.6212
2373 -44.6986
2374 -43.3443
2375 -43.5616
2376 -44.8019
2377 -44.8823
2378 -44.4982
2379 -43.4525
2380 -43.9895
2381 -44.0145
2382 -43.8622
2383 -41.6799
2384 -40.9199
2385 -41.4481
2386 -42.2172
2387 -43.5844
2388 -42.7813
2389 -41.9846
2390 -43.4026
2391 -42.9404
2392 -42.9791
2393 -42.6421
2394 -40.8176
2395 -42.8365
2396 -42.4233
2397 -44.1737
2398 -43.1241
2399 -42.3077
2400 -42.2537
2401 -41.4274
2402 -42.2409
2403 -42.1862
2404 -40.7022
2405 -41.3009
2406 -42.5837
2407 -42.9672
2408 -43.166
2409 -42.7812
2410 -41.2676
2411 -43.3009
2412 -41.9192
2413 -42.4823
2414 -42.0281
2415 -43.0295
2416 -43.0165
2417 -43.4048
2418 -43.3722
2419 -41.057
2420 -41.7222
2421 -43.9118
2422 -41.189
2423 -41.6374
2424 -41.3762
2425 -42.5744
2426 -41.3295
2427 -43.2558
2428 -42.556
2429 -41.2909
2430 -42.8504
2431 -42.8766
2432 -42.0037
2433 -41.329
2434 -41.2549
2435 -42.2868
2436 -41.2593
2437 -42.5272
2438 -42.0426
2439 -41.9401
2440 -40.1371
2441 -41.3284
2442 -41.2991
2443 -40.3181
2444 -41.6554
2445 -41.2935
2446 -43.4071
2447 -42.7443
2448 -41.767
2449 -44.338
2450 -42.5213
2451 -43.6469
2452 -42.1782
2453 -42.5445
2454 -43.3091
2455 -41.6855
2456 -41.2435
2457 -41.2001
2458 -42.4597
2459 -41.0149
2460 -41.0209
2461 -41.284
2462 -41.2253
2463 -41.102
2464 -41.8766
2465 -40.5899
2466 -39.7112
2467 -40.6438
2468 -40.1049
2469 -40.1334
2470 -41.2855
2471 -41.0057
2472 -40.9625
2473 -39.3069
2474 -40.2663
2475 -41.5449
2476 -42.1998
2477 -40.6167
2478 -40.3886
2479 -41.4166
2480 -39.2226
2481 -39.6499
2482 -41.6106
2483 -39.31
2484 -40.5754
2485 -40.1876
2486 -39.8922
2487 -41.4709
2488 -41.3786
2489 -42.6419
2490 -43.8699
2491 -43.7096
2492 -42.6095
2493 -42.306
2494 -43.2078
2495 -41.1134
2496 -41.5673
2497 -41.8018
2498 -43.0474
2499 -42.6074
2500 -40.8175
2501 -40.6848
2502 -41.8575
2503 -40.3016
2504 -39.752
2505 -40.5085
2506 -42.7133
2507 -40.9271
2508 -41.2744
2509 -41.9903
2510 -42.129
2511 -41.8907
2512 -39.1124
2513 -39.6737
2514 -40.9202
2515 -40.337
2516 -39.6025
2517 -41.7058
2518 -40.6281
2519 -41.637
2520 -39.0148
2521 -39.9963
2522 -41.3709
2523 -39.2439
2524 -37.5234
2525 -40.2187
2526 -41.3265
2527 -42.2588
2528 -42.0303
2529 -42.1904
2530 -41.9639
2531 -41.7228
2532 -42.9219
2533 -41.3613
2534 -41.1113
2535 -41.1569
2536 -41.387
2537 -42.2052
2538 -41.5972
2539 -41.9061
2540 -40.3707
2541 -39.2154
2542 -41.0835
2543 -40.8883
2544 -39.3155
2545 -40.0877
2546 -40.5549
2547 -40.0129
2548 -39.8463
2549 -41.1325
2550 -38.7151
2551 -40.788
2552 -39.4619
2553 -39.7304
2554 -39.7358
2555 -40.2578
2556 -38.5567
2557 -39.1731
2558 -41.476
2559 -39.4424
2560 -40.3184
2561 -40.7585
2562 -40.3553
2563 -37.6299
2564 -40.2181
2565 -40.31
2566 -41.5557
2567 -41.469
2568 -40.7364
2569 -42.3172
2570 -41.1878
2571 -42.4339
2572 -40.9354
2573 -41.4
2574 -41.847
2575 -39.5833
2576 -40.8464
2577 -40.4304
2578 -41.6017
2579 -40.333
2580 -38.8286
2581 -39.2657
2582 -39.3531
2583 -39.6239
2584 -40.5217
2585 -39.1007
2586 -40.2924
2587 -40.2833
2588 -39.6377
2589 -40.469
2590 -41.0531
2591 -39.8053
2592 -37.7897
2593 -38.6329
2594 -38.1883
2595 -39.4486
2596 -38.8467
2597 -40.0291
2598 -38.2763
2599 -38.5817
2600 -40.843
2601 -39.3744
2602 -37.5937
2603 -38.3791
2604 -39.1419
2605 -38.9359
2606 -40.1506
2607 -39.5194
2608 -39.6348
2609 -39.3634
2610 -40.9543
2611 -40.8189
2612 -40.3118
2613 -39.1413
2614 -39.7305
2615 -40.0853
2616 -41.1949
2617 -39.5617
2618 -39.6484
2619 -39.6705
2620 -39.8947
2621 -39.9028
2622 -39.5889
2623 -38.5959
2624 -39.0807
2625 -39.1756
2626 -39.7395
2627 -40.9193
2628 -38.971
2629 -41.1296
2630 -38.8371
2631 -39.1789
2632 -39.3657
2633 -39.6213
2634 -39.4295
2635 -39.3638
2636 -38.1433
2637 -38.0376
2638 -39.4804
2639 -38.9556
2640 -37.5398
2641 -38.9762
2642 -38.3665
2643 -38.1311
2644 -38.8629
2645 -38.2466
2646 -40.3787
2647 -40.8459
2648 -39.7843
2649 -41.2215
2650 -40.2931
2651 -39.4452
2652 -38.2094
2653 -39.6239
2654 -39.1029
2655 -38.8878
2656 -39.618
2657 -40.7336
2658 -40.238
2659 -39.0297
2660 -38.6277
2661 -37.677
2662 -37.8727
2663 -37.0996
2664 -38.0417
2665 -39.1257
2666 -38.6049
2667 -39.0815
2668 -39.7232
2669 -38.7229
2670 -40.0824
2671 -38.8317
2672 -37.2296
2673 -37.7192
2674 -38.4806
2675 -38.3773
2676 -37.827
2677 -38.25
2678 -38.3495
2679 -36.5114
2680 -36.02
2681 -33.2296
2682 -35.5967
2683 -36.2634
2684 -34.5186
2685 -34.677
2686 -34.4307
2687 -33.1097
2688 -34.1287
2689 -35.1127
2690 -33.6149
2691 -32.0606
2692 -32.4205
2693 -31.9741
2694 -32.4183
2695 -29.5675
2696 -28.5626
2697 -29.9817
2698 -30.1738
2699 -29.3203
2700 -27.885
2701 -27.0527
2702 -26.3067
2703 -23.9462
2704 -24.2958
2705 -23.7716
2706 -23.1573
2707 -23.1947
2708 -24.6998
2709 -23.5268
2710 -22.8597
2711 -23.5767
2712 -22.7389
2713 -22.4505
2714 -21.9181
2715 -21.4891
2716 -21.9622
2717 -20.3905
2718 -20.8683
2719 -20.5582
2720 -21.2991
2721 -18.1476
2722 -18.0555
2723 -18.0591
2724 -18.8645
2725 -18.0433
2726 -18.2922
2727 -17.7527
2728 -18.5007
2729 -17.6651
2730 -16.7821
2731 -16.8663
2732 -16.8862
2733 -16.7629
2734 -15.5699
2735 -14.3792
2736 -14.1832
2737 -13.7289
2738 -12.95
2739 -12.8492
2740 -12.1545
2741 -13.4846
2742 -13.474
2743 -14.0122
2744 -13.689
2745 -14.3336
2746 -13.0992
2747 -15.259
2748 -11.5828
2749 -12.6034
2750 -13.5458
2751 -15.0991
2752 -14.4016
2753 -15.0022
2754 -15.1596
2755 -16.2392
2756 -17.0261
2757 -16.6127
2758 -16.8304
2759 -18.9603
2760 -18.6561
2761 -19.2375
2762 -19.7878
2763 -19.0846
2764 -20.807
2765 -22.1073
2766 -23.5085
2767 -23.5943
2768 -25.667
2769 -23.6137
2770 -25.1441
2771 -24.7985
2772 -24.8418
2773 -25.2865
2774 -26.5821
2775 -26.4181
2776 -24.4198
2777 -27.0597
2778 -26.6446
2779 -27.7231
2780 -27.7152
2781 -26.4336
2782 -27.5756
2783 -28.1749
2784 -28.7205
2785 -27.2825
2786 -27.8958
2787 -27.0894
2788 -26.7611
2789 -27.667
2790 -28.3351
2791 -28.0283
2792 -27.872
2793 -28.2381
2794 -28.8796
2795 -28.2971
2796 -28.4264
2797 -29.2116
2798 -29.5362
2799 -29.1093
2800 -30.9419
2801 -30.1906
2802 -29.8062
2803 -27.7625
2804 -29.6832
2805 -28.9636
2806 -30.1087
2807 -32.1076
2808 -28.7709
2809 -29.4102
2810 -30.1323
2811 -29.709
2812 -31.4923
2813 -30.4205
2814 -31.8177
2815 -31.3953
2816 -31.6962
2817 -30.7508
2818 -31.3575
2819 -29.8036
2820 -30.8581
2821 -30.9988
2822 -30.1511
2823 -31.4912
2824 -29.0154
2825 -28.1635
2826 -26.6178
2827 -28.0388
2828 -29.1841
2829 -28.8803
2830 -29.9205
2831 -29.7796
2832 -29.9088
2833 -30.9569
2834 -31.358
2835 -30.1101
2836 -29.6937
2837 -29.9741
2838 -30.094
2839 -28.9552
2840 -30.3715
2841 -30.2058
2842 -30.3187
2843 -31.8048
2844 -30.5386
2845 -31.2769
2846 -30.5602
2847 -30.5342
2848 -31.6804
2849 -31.992
2850 -32.3781
2851 -30.5685
2852 -31.1725
2853 -30.0548
2854 -32.3949
2855 -33.1072
2856 -33.1173
2857 -31.3929
2858 -31.9392
2859 -31.3527
2860 -31.4041
2861 -31.7192
2862 -31.8024
2863 -30.5697
2864 -29.6102
2865 -29.5432
2866 -27.8714
2867 -29.1376
2868 -29.3723
2869 -30.2974
2870 -29.9405
2871 -30.5627
2872 -29.7359
2873 -32.7139
2874 -31.1384
2875 -31.0942
2876 -30.3141
2877 -31.9522
2878 -32.1629
2879 -31.3933
2880 -31.3667
2881 -31.8997
2882 -32.4376
2883 -31.2246
2884 -31.9335
2885 -30.7304
2886 -31.0376
2887 -29.7076
2888 -31.7821
2889 -30.7703
2890 -31.7792
2891 -33.4332
2892 -31.6858
2893 -31.8964
2894 -32.0751
2895 -30.1335
2896 -31.3119
2897 -33.5721
2898 -32.6969
2899 -30.0139
2900 -32.2179
2901 -30.6769
2902 -29.6935
2903 -32.2838
2904 -31.153
2905 -30.1312
2906 -31.0328
2907 -30.1101
2908 -30.0171
2909 -30.7242
2910 -30.9879
2911 -32.2844
2912 -30.6033
2913 -31.9228
2914 -30.1281
2915 -32.6458
2916 -30.89
2917 -31.3445
2918 -30.9094
2919 -32.6183
2920 -30.5578
2921 -30.5047
2922 -29.5827
2923 -30.9608
2924 -31.2397
2925 -32.0656
2926 -32.3594
2927 -31.4002
2928 -31.5187
2929 -31.8933
2930 -32.7466
2931 -31.1938
2932 -32.4319
2933 -32.674
2934 -32.2565
2935 -33.3617
2936 -33.6979
2937 -33.3082
2938 -30.7009
2939 -31.7912
2940 -31.6762
2941 -33.4252
2942 -31.571
2943 -31.2083
2944 -31.7718
2945 -31.4622
2946 -31.6161
2947 -31.6813
2948 -30.8149
2949 -32.2033
2950 -32.6469
2951 -31.8229
2952 -32.9034
2953 -30.6321
2954 -32.7557
2955 -31.6126
2956 -32.2011
2957 -33.5521
2958 -33.8099
2959 -33.4162
2960 -31.8109
2961 -33.109
2962 -32.2553
2963 -31.2595
2964 -32.3636
2965 -33.9596
2966 -32.5625
2967 -32.8129
2968 -32.0264
2969 -32.8859
2970 -32.3818
2971 -32.5247
2972 -33.0432
2973 -33.8312
2974 -33.3417
2975 -33.9445
2976 -33.5385
2977 -33.7369
2978 -34.3375
2979 -31.5471
2980 -33.2367
2981 -32.7455
2982 -30.7312
2983 -32.3569
2984 -31.493
2985 -31.9468
2986 -32.3252
2987 -31.244
2988 -30.8869
2989 -31.686
2990 -31.4476
2991 -32.8455
2992 -33.3639
2993 -33.4406
2994 -33.7388
2995 -33.5391
2996 -35.0125
2997 -32.4052
2998 -31.2361
2999 -32.5474
3000 -32.54
3001 -31.4007
3002 -33.4553
3003 -32.5246
3004 -33.9553
3005 -32.6582
3006 -32.5863
3007 -32.7411
3008 -34.1125
3009 -32.3316
3010 -33.0596
3011 -33.7721
3012 -32.4023
3013 -33.1788
3014 -34.6679
3015 -33.5584
3016 -34.6031
3017 -32.6476
3018 -31.5846
3019 -33.1414
3020 -32.8975
3021 -33.526
3022 -34.2113
3023 -34.0268
3024 -34.0258
3025 -32.4214
3026 -32.0135
3027 -32.0779
3028 -33.1922
3029 -31.5044
3030 -34.5792
3031 -34.3789
3032 -31.6708
3033 -33.9202
3034 -34.0808
3035 -33.9296
3036 -33.0102
3037 -34.0281
3038 -31.9895
3039 -33.1068
3040 -33.9905
3041 -31.9227
3042 -31.7249
3043 -32.5271
3044 -32.9042
3045 -35.6854
3046 -33.4521
3047 -33.9801
3048 -34.5535
3049 -33.4868
3050 -33.7147
3051 -33.4484
3052 -34.4001
3053 -33.9634
3054 -34.6684
3055 -34.3698
3056 -34.7089
3057 -34.3492
3058 -34.4881
3059 -34.2118
3060 -32.4825
3061 -32.522
3062 -33.1303
3063 -32.8379
3064 -34.9502
3065 -32.6294
3066 -33.7631
3067 -33.0547
3068 -33.1155
3069 -32.4343
3070 -33.9649
3071 -33.9377
3072 -34.1226
3073 -33.5615
3074 -33.5926
3075 -33.3085
3076 -33.3838
3077 -34.6455
3078 -33.4493
3079 -33.9046
3080 -33.9601
3081 -32.9503
3082 -33.4831
3083 -36.278
3084 -34.9336
3085 -34.9508
3086 -34.507
3087 -33.4739
3088 -35.0734
3089 -34.8937
3090 -34.9839
3091 -34.8716
3092 -34.8503
3093 -35.2794
3094 -36.204
3095 -35.8571
3096 -34.9258
3097 -34.9188
3098 -34.2933
3099 -33.8945
3100 -33.2472
3101 -35.5079
3102 -33.4263
3103 -33.3842
3104 -33.4894
3105 -32.2667
3106 -31.6891
3107 -34.7734
3108 -33.8082
3109 -33.3362
3110 -33.3602
3111 -34.511
3112 -35.1363
3113 -34.992
3114 -36.6039
3115 -37.8492
3116 -35.9567
3117 -37.3238
3118 -37.7389
3119 -39.0571
3120 -38.3077
3121 -37.8639
3122 -39.5616
3123 -39.7406
3124 -39.4933
3125 -41.5808
3126 -41.6901
3127 -41.8927
3128 -43.376
3129 -43.6246
3130 -44.2534
3131 -46.1872
3132 -44.8324
3133 -47.1541
3134 -47.7478
3135 -49.1165
3136 -48.9112
3137 -50.8564
3138 -49.3542
3139 -48.8526
3140 -49.4543
3141 -50.9641
3142 -50.5434
3143 -48.9294
3144 -50.4419
3145 -49.7253
3146 -50.4159
3147 -51.0633
3148 -50.4131
3149 -49.4858
3150 -50.8378
3151 -50.6026
3152 -49.8116
3153 -49.5964
3154 -49.8258
3155 -48.4389
3156 -48.0347
3157 -45.5593
3158 -46.629
3159 -47.3786
3160 -46.523
3161 -45.8898
3162 -45.3691
3163 -46.6286
3164 -44.5327
3165 -44.1725
3166 -42.1869
3167 -42.3838
3168 -41.9026
3169 -42.1161
3170 -40.325
3171 -39.0672
3172 -39.0685
3173 -40.3338
3174 -39.6518
3175 -39.8362
3176 -38.0015
3177 -39.9151
3178 -39.6946
3179 -38.7389
3180 -38.0922
3181 -37.8696
3182 -38.6757
3183 -37.0412
3184 -37.4172
3185 -36.0559
3186 -36.2872
3187 -36.6669
3188 -36.415
3189 -35.4543
3190 -36.6139
3191 -37.7382
3192 -38.0153
3193 -35.1569
3194 -36.5787
3195 -36.8209
3196 -35.7828
3197 -37.5272
3198 -38.0093
3199 -37.0422
3200 -36.0942
3201 -36.9771
3202 -36.9498
3203 -35.7259
3204 -36.4716
3205 -36.4949
3206 -35.7311
3207 -35.813
3208 -35.9021
3209 -36.6333
3210 -37.4111
3211 -35.4801
3212 -35.5473
3213 -36.2005
3214 -35.1741
3215 -35.048
3216 -36.4591
3217 -36.3449
3218 -36.1322
3219 -35.3296
3220 -35.571
3221 -35.4482
3222 -37.3388
3223 -34.9388
3224 -35.7981
3225 -34.9963
3226 -36.261
3227 -36.4109
3228 -36.6927
3229 -36.3652
3230 -36.5954
3231 -35.1825
3232 -36.1558
3233 -35.0431
3234 -36.1375
3235 -35.6586
3236 -35.8562
3237 -35.3098
3238 -37.9171
3239 -35.3014
3240 -37.372
3241 -34.9993
3242 -35.5876
3243 -36.7316
3244 -34.8858
3245 -34.9429
3246 -35.1365
3247 -36.7152
3248 -35.2774
3249 -35.5251
3250 -35.704
3251 -35.4403
3252 -36.0845
3253 -35.1173
3254 -36.2248
3255 -35.6648
3256 -34.7026
3257 -35.8831
3258 -35.2952
3259 -35.6116
3260 -35.2945
3261 -34.2301
3262 -35.9258
3263 -35.0866
3264 -33.8619
3265 -35.3332
3266 -35.2511
3267 -36.8387
3268 -36.2651
3269 -36.0588
3270 -35.5946
3271 -35.4426
3272 -34.508
3273 -35.9358
3274 -35.6326
3275 -34.7653
3276 -33.9585
3277 -36.9233
3278 -34.5152
3279 -35.1241
3280 -35.7761
3281 -35.921
3282 -35.4217
3283 -36.4356
3284 -35.8115
3285 -36.0626
3286 -35.5613
3287 -35.8011
3288 -36.5274
3289 -35.6451
3290 -37.183
3291 -36.1796
3292 -35.1238
3293 -35.9053
3294 -36.374
3295 -35.6317
3296 -37.183
3297 -36.089
3298 -34.6847
3299 -35.1961
3300 -36.6614
3301 -35.3621
3302 -35.1361
3303 -35.9849
3304 -35.936
3305 -34.4849
3306 -34.4576
3307 -35.4736
3308 -34.5372
3309 -36.4089
3310 -37.0896
3311 -36.3434
3312 -35.2293
3313 -35.7373
3314 -34.578
3315 -36.6197
3316 -35.9189
3317 -35.5806
3318 -35.9576
3319 -36.2757
3320 -36.4233
3321 -35.8803
3322 -36.4072
3323 -34.9778
3324 -36.0832
3325 -36.8327
3326 -36.272
3327 -36.4677
3328 -38.0115
3329 -37.0572
3330 -36.5605
3331 -36.4971
3332 -36.1478
3333 -36.5343
3334 -35.4039
3335 -35.8412
3336 -36.9299
3337 -36.3589
3338 -36.2093
3339 -35.9882
3340 -34.854
3341 -36.343
3342 -34.7246
3343 -35.7962
3344 -35.4902
3345 -35.3601
3346 -36.1217
3347 -36.0442
3348 -36.6812
3349 -34.7351
3350 -36.5192
3351 -34.9647
3352 -34.3867
3353 -34.8637
3354 -35.7039
3355 -35.7551
3356 -36.9384
3357 -36.6323
3358 -35.3245
3359 -37.5695
3360 -35.7368
3361 -34.7453
3362 -36.2579
3363 -35.0184
3364 -36.0556
3365 -35.9341
3366 -35.5505
3367 -37.6251
3368 -36.4043
3369 -35.2037
3370 -36.3155
3371 -34.764
3372 -36.7459
3373 -36.3903
3374 -35.766
3375 -36.9053
3376 -35.0969
3377 -36.6865
3378 -35.4266
3379 -37.079
3380 -35.2869
3381 -36.587
3382 -35.7642
3383 -36.3456
3384 -36.2225
3385 -37.3337
3386 -35.7751
3387 -35.5148
3388 -36.4164
3389 -34.6692
3390 -36.1084
3391 -37.0458
3392 -35.8735
3393 -35.8722
3394 -37.1034
3395 -35.5594
3396 -35.9313
3397 -34.7109
3398 -36.7819
3399 -35.894
