0 -110.989
1 -110.299
2 -111.692
3 -111.681
4 -112.01
5 -112.385
6 -113.232
7 -113.659
8 -115.184
9 -114.775
10 -116.002
11 -114.75
12 -115.819
13 -113.421
14 -115.989
15 -116.098
16 -117.063
17 -116.986
18 -118.576
19 -121.641
20 -119.129
21 -119.607
22 -119.084
23 -122.298
24 -120.812
25 -122.025
26 -123.662
27 -122.704
28 -123.799
29 -124.159
30 -124.834
31 -122.767
32 -124.779
33 -123.687
34 -125.11
35 -128.423
36 -126.085
37 -129.503
38 -127.716
39 -126.647
40 -128.276
41 -127.046
42 -125.284
43 -126.014
44 -126.194
45 -126.847
46 -125.5
47 -126.643
48 -125.259
49 -127.732
50 -126.602
51 -127.076
52 -124.682
53 -125.363
54 -124.559
55 -125.145
56 -124.368
57 -124.853
58 -124.737
59 -124.343
60 -125.702
61 -123.448
62 -121.909
63 -122.572
64 -124.068
65 -123.718
66 -123.938
67 -120.933
68 -123.172
69 -123.223
70 -123.046
71 -120.912
72 -119.983
73 -119.625
74 -118.866
75 -119.304
76 -120.705
77 -117.607
78 -116.551
79 -119.443
80 -116.718
81 -116.537
82 -117.395
83 -117.78
84 -115.975
85 -115.857
86 -116.574
87 -118.838
88 -114.606
89 -116.987
90 -117.893
91 -116.581
92 -116.065
93 -116.864
94 -115.742
95 -114.987
96 -116.081
97 -115.379
98 -114.265
99 -116.642
100 -115.527
101 -114.898
102 -115.671
103 -114.363
104 -115.29
105 -114.696
106 -115.337
107 -117.947
108 -116.739
109 -115.699
110 -116.298
111 -115.605
112 -115.897
113 -116.594
114 -115.691
115 -114.569
116 -115.833
117 -115.24
118 -115.958
119 -115.536
120 -115.038
121 -115.696
122 -116.571
123 -117.272
124 -116.427
125 -116.119
126 -117.423
127 -116.432
128 -116.322
129 -115.198
130 -114.347
131 -116.013
132 -113.911
133 -116.714
134 -114.5
135 -116.609
136 -115.414
137 -114.58
138 -115.925
139 -115.63
140 -115.725
141 -114.521
142 -111.956
143 -112.313
144 -112.726
145 -113.87
146 -113.547
147 -113.852
148 -113.559
149 -113.989
150 -115.969
151 -115.895
152 -116.098
153 -114.276
154 -114.117
155 -113.885
156 -114.952
157 -112.888
158 -113.829
159 -113.565
160 -113.915
161 -112.695
162 -114.939
163 -115.494
164 -116.437
165 -113.384
166 -116.145
167 -115.886
168 -117.788
169 -116.173
170 -118.184
171 -115.59
172 -114.548
173 -115.773
174 -113.472
175 -115.242
176 -114.96
177 -115.972
178 -115.69
179 -116.217
180 -116.754
181 -116.896
182 -114.718
183 -117.689
184 -118.017
185 -116.9
186 -116.024
187 -116.026
188 -116.018
189 -117.805
190 -115.465
191 -115.266
192 -116.395
193 -116.269
194 -116.274
195 -114.558
196 -116.774
197 -116.988
198 -117.403
199 -114.718
200 -116.263
201 -113.534
202 -113.242
203 -113.654
204 -114.966
205 -114.277
206 -114.516
207 -113.66
208 -114.919
209 -113.241
210 -115.192
211 -114.34
212 -115.031
213 -116.402
214 -114.237
215 -113.496
216 -115.665
217 -115.057
218 -114.797
219 -114.476
220 -114.349
221 -115.593
222 -113.94
223 -115.866
224 -114.601
225 -117.937
226 -115.029
227 -116.198
228 -116.3
229 -116.787
230 -117.67
231 -116.631
232 -114.876
233 -117.043
234 -114.121
235 -115.724
236 -114.427
237 -116.32
238 -116.745
239 -115.834
240 -118.001
241 -116.134
242 -116.459
243 -120.139
244 -118.231
245 -116.325
246 -118.17
247 -117.323
248 -116.75
249 -116.104
250 -118.354
251 -116.326
252 -115.5
253 -118.043
254 -117.65
255 -118.595
256 -114.998
257 -119.071
258 -117.105
259 -116.757
260 -115.521
261 -114.918
262 -114.831
263 -114.914
264 -114.492
265 -114.146
266 -114.767
267 -114.603
268 -116.44
269 -116.087
270 -116.106
271 -114.002
272 -114.409
273 -113.435
274 -116.19
275 -114.815
276 -115.389
277 -116.449
278 -114.742
279 -117.299
280 -115.066
281 -115.43
282 -113.325
283 -114.555
284 -117.292
285 -116.603
286 -117.462
287 -117.158
288 -116.601
289 -118.115
290 -117.713
291 -117.187
292 -117.105
293 -114.714
294 -116.228
295 -116.187
296 -116.139
297 -117.245
298 -118.19
299 -116.438
300 -115.852
301 -118.97
302 -115.746
303 -117.136
304 -118.568
305 -118.508
306 -119.762
307 -118.922
308 -116.773
309 -115.736
310 -116.975
311 -117.071
312 -116.009
313 -119.357
314 -117.797
315 -116.646
316 -116.844
317 -118.388
318 -118.337
319 -115.51
320 -116.306
321 -116.157
322 -117.014
323 -116.992
324 -114.659
325 -116.285
326 -116.04
327 -117.115
328 -114.348
329 -114.424
330 -115.108
331 -115.062
332 -116.456
333 -114.728
334 -115.66
335 -116.679
336 -117.302
337 -115.904
338 -116.507
339 -117.16
340 -114.748
341 -116.147
342 -114.962
343 -117.853
344 -116.135
345 -115.766
346 -115.742
347 -116.152
348 -119.165
349 -119.294
350 -118.414
351 -117.893
352 -118.36
353 -117.895
354 -117.178
355 -117.52
356 -118.292
357 -116.011
358 -118.174
359 -116.053
360 -118.419
361 -118.185
362 -118.73
363 -119.201
364 -119.944
365 -119.542
366 -117.584
367 -117.174
368 -118.894
369 -117.615
370 -117.363
371 -118.268
372 -117.524
373 -116.829
374 -117.301
375 -119.074
376 -119.111
377 -115.73
378 -116.924
379 -118.338
380 -117.126
381 -116.811
382 -115.51
383 -118.928
384 -115.725
385 -115.342
386 -115.891
387 -115.787
388 -116.254
389 -116.17
390 -116.805
391 -116.831
392 -117.73
393 -117.161
394 -114.814
395 -117.359
396 -116.299
397 -116.455
398 -115.162
399 -115.65
400 -114.764
401 -115.205
402 -116.696
403 -115.639
404 -116.993
405 -116.356
406 -118.697
407 -119.343
408 -119.062
409 -117.866
410 -117.956
411 -118.713
412 -116.748
413 -117.599
414 -118.608
415 -118.01
416 -116.319
417 -116.528
418 -117.855
419 -116.733
420 -116.962
421 -119.28
422 -117.389
423 -117.937
424 -118.489
425 -118.61
426 -117.848
427 -116.967
428 -118.546
429 -118.711
430 -118.273
431 -116.415
432 -117.516
433 -117.163
434 -115.842
435 -117.616
436 -118.664
437 -118.56
438 -117.41
439 -118.638
440 -116.714
441 -116.64
442 -114.97
443 -116.532
444 -116.572
445 -116.834
446 -117.94
447 -114.876
448 -115.646
449 -115.145
450 -115.927
451 -117.427
452 -115.451
453 -116.071
454 -115.366
455 -117.114
456 -115.891
457 -115.236
458 -115.644
459 -117.667
460 -116.251
461 -116.867
462 -116.825
463 -116.534
464 -117.287
465 -117.582
466 -117.501
467 -116.699
468 -118.787
469 -117.553
470 -116.902
471 -116.326
472 -117.11
473 -118.193
474 -117.981
475 -118.13
476 -117.211
477 -118.445
478 -118.171
479 -117.454
480 -118.681
481 -118.715
482 -119.354
483 -118.227
484 -119.044
485 -119.592
486 -119.838
487 -117.731
488 -117.368
489 -117.569
490 -118.493
491 -117.27
492 -119.176
493 -117.442
494 -116.187
495 -118.128
496 -118.34
497 -120.001
498 -119.096
499 -117.817
500 -116.211
501 -115.359
502 -115.478
503 -115.881
504 -112.999
505 -116.075
506 -115.327
507 -116.619
508 -115.979
509 -115.441
510 -116.235
511 -116.665
512 -117.582
513 -117.559
514 -116.452
515 -115.76
516 -116.577
517 -117.599
518 -114.258
519 -115.168
520 -115.016
521 -116.967
522 -114.826
523 -117.285
524 -116.528
525 -118.296
526 -118.365
527 -119.01
528 -119.532
529 -116.396
530 -117.585
531 -117.987
532 -117.22
533 -118.117
534 -118.554
535 -117.89
536 -118.556
537 -117.57
538 -120.7
539 -117.504
540 -118.231
541 -120.908
542 -118.879
543 -119.786
544 -117.487
545 -119.109
546 -118.669
547 -118.378
548 -120.078
549 -117.168
550 -119.783
551 -117.886
552 -117.691
553 -116.639
554 -118.99
555 -119.369
556 -118.589
557 -117.099
558 -117.417
559 -118.205
560 -119.191
561 -118.265
562 -117.509
563 -117.203
564 -116.648
565 -117.315
566 -116.084
567 -117.668
568 -116.381
569 -117.703
570 -117.729
571 -115.957
572 -117.508
573 -115.893
574 -116.638
575 -117.73
576 -115.599
577 -116.883
578 -118.009
579 -116.462
580 -115.21
581 -115.777
582 -115.911
583 -116.27
584 -115.969
585 -115.676
586 -114.671
587 -117.52
588 -117.155
589 -118.388
590 -118.629
591 -117.101
592 -115.345
593 -118.145
594 -117.23
595 -116.902
596 -116.985
597 -115.103
598 -114.564
599 -115.913
600 -117.457
601 -117.511
602 -116.934
603 -116.967
604 -116.954
605 -116.083
606 -115.885
607 -115.364
608 -113.039
609 -113.883
610 -112.442
611 -111.852
612 -111.118
613 -111.413
614 -111.128
615 -111.048
616 -111.328
617 -109.227
618 -110.01
619 -108.371
620 -107.24
621 -109.02
622 -108.018
623 -108.356
624 -106.427
625 -106.497
626 -105.764
627 -103.288
628 -105.838
629 -105.289
630 -103.128
631 -101.694
632 -102.994
633 -105.222
634 -102.736
635 -101.751
636 -102.396
637 -102.367
638 -105.423
639 -104.452
640 -100.999
641 -102.629
642 -103.27
643 -100.849
644 -99.7273
645 -100.893
646 -102.138
647 -101.482
648 -103.938
649 -102.929
650 -103.729
651 -103.111
652 -102.389
653 -103.483
654 -102.972
655 -102.874
656 -102.209
657 -103.311
658 -104.176
659 -104.045
660 -105.725
661 -104.713
662 -105.248
663 -104.58
664 -105.845
665 -104.826
666 -106.287
667 -107.258
668 -107.293
669 -107.861
670 -107.501
671 -108.82
672 -108.964
673 -110.691
674 -108.741
675 -109.168
676 -107.242
677 -109.291
678 -110.827
679 -111.487
680 -110.769
681 -110.793
682 -111.622
683 -111.564
684 -112.283
685 -110.696
686 -111.391
687 -111.941
688 -110.636
689 -110.298
690 -111.542
691 -112.934
692 -111.899
693 -111.272
694 -112.823
695 -111.812
696 -112.724
697 -114.862
698 -112.223
699 -113.147
700 -114.46
701 -112.66
702 -114.009
703 -113.312
704 -112.91
705 -112.943
706 -112.43
707 -114.224
708 -112.865
709 -114.461
710 -112.45
711 -113.427
712 -114.903
713 -113.034
714 -113.602
715 -114.262
716 -113.665
717 -114.491
718 -113.027
719 -114.47
720 -112.596
721 -114.005
722 -115.18
723 -112.909
724 -114.843
725 -113.15
726 -114.485
727 -114.767
728 -115.504
729 -115.438
730 -115.48
731 -113.409
732 -113.268
733 -114.219
734 -114.84
735 -114.136
736 -115.318
737 -114.443
738 -113.098
739 -114.869
740 -114.294
741 -112.661
742 -115.699
743 -116.643
744 -114.704
745 -114.951
746 -115.704
747 -115.153
748 -113.734
749 -114.189
750 -111.843
751 -112.826
752 -113.723
753 -114.778
754 -114.875
755 -112.529
756 -116.199
757 -114.561
758 -113.293
759 -113.549
760 -114.683
761 -116.096
762 -115.446
763 -115.751
764 -114.351
765 -115.26
766 -115.033
767 -115.978
768 -115.151
769 -113.551
770 -114.52
771 -114.46
772 -115.03
773 -115.407
774 -114.54
775 -112.338
776 -113.317
777 -114.699
778 -113.992
779 -113.295
780 -113.013
781 -113.051
782 -114.354
783 -113.239
784 -113.927
785 -111.574
786 -113.291
787 -110.454
788 -111.803
789 -112.679
790 -110.132
791 -109.171
792 -108.545
793 -110.146
794 -107.828
795 -109.52
796 -109.324
797 -108.875
798 -106.519
799 -108.25
800 -105.424
801 -105.689
802 -105.888
803 -105.315
804 -106.764
805 -105.179
806 -104.298
807 -103.754
808 -104.232
809 -102.166
810 -103.508
811 -102.021
812 -103.812
813 -100.547
814 -101.399
815 -100.348
816 -99.5036
817 -98.5189
818 -98.3791
819 -98.0502
820 -99.1261
821 -97.3347
822 -97.0262
823 -97.3454
824 -94.8828
825 -93.6297
826 -95.2445
827 -94.3602
828 -95.929
829 -94.4344
830 -93.1617
831 -93.4314
832 -94.2538
833 -93.4757
834 -93.9079
835 -92.8903
836 -94.1682
837 -90.1781
838 -93.6583
839 -93.0492
840 -94.6971
841 -94.3235
842 -92.8393
843 -95.231
844 -94.2888
845 -94.1995
846 -94.6154
847 -94.6673
848 -95.9268
849 -95.1426
850 -96.3001
851 -99.3663
852 -95.869
853 -97.5097
854 -97.0262
855 -97.8754
856 -98.7916
857 -97.8956
858 -100.154
859 -100.16
860 -101.03
861 -98.8451
862 -99.8579
863 -102.072
864 -102.478
865 -103.075
866 -101.412
867 -103.525
868 -103.289
869 -102.743
870 -105.579
871 -103.866
872 -103.623
873 -103.386
874 -103.907
875 -103.144
876 -104.338
877 -104.694
878 -104.668
879 -105.501
880 -105.939
881 -106.347
882 -105.728
883 -104.951
884 -104.143
885 -104.867
886 -105.581
887 -106.52
888 -105.109
889 -104.198
890 -107.214
891 -107.579
892 -107.878
893 -106.871
894 -105.084
895 -108.654
896 -107.892
897 -105.386
898 -108.557
899 -107.056
900 -106.493
901 -106.439
902 -104.759
903 -106.209
904 -104.574
905 -104.542
906 -104.21
907 -106.05
908 -105.635
909 -105.626
910 -105.747
911 -104.581
912 -104.847
913 -105.069
914 -105.373
915 -103.389
916 -104.74
917 -107.213
918 -104.712
919 -104.846
920 -105.578
921 -106.903
922 -107.733
923 -107.604
924 -108.493
925 -107.799
926 -108.776
927 -105.636
928 -106.778
929 -108.106
930 -108.004
931 -109.918
932 -107.022
933 -107.336
934 -107.295
935 -108.522
936 -107.823
937 -106.122
938 -107.192
939 -107.721
940 -109.712
941 -107.211
942 -107.199
943 -107.78
944 -108.287
945 -105.914
946 -106.948
947 -105.888
948 -107.473
949 -105.593
950 -107.339
951 -108.156
952 -109.08
953 -108.441
954 -108.189
955 -108.056
956 -108.314
957 -108.973
958 -109.393
959 -108.065
960 -107.365
961 -107.092
962 -105.936
963 -104.508
964 -106.365
965 -107.437
966 -106.797
967 -104.693
968 -104.972
969 -104.96
970 -106.116
971 -105.528
972 -106.784
973 -105.801
974 -106.944
975 -105.478
976 -104.042
977 -106.425
978 -106.123
979 -108.751
980 -106.589
981 -107.425
982 -106.256
983 -107.306
984 -108.662
985 -107.873
986 -108.131
987 -109.333
988 -108.036
989 -106.848
990 -108.868
991 -108.588
992 -108.078
993 -106.897
994 -109.034
995 -108.566
996 -108.132
997 -107.453
998 -108.11
999 -107.565
1000 -110.213
1001 -108.097
1002 -106.467
1003 -105.831
1004 -108.437
1005 -106.808
1006 -106.759
1007 -107.382
1008 -105.985
1009 -107.734
1010 -105.971
1011 -107.555
1012 -107.198
1013 -107.025
1014 -107.499
1015 -108.736
1016 -109.654
1017 -108.053
1018 -109.799
1019 -107.902
1020 -106.213
1021 -109.273
1022 -105.787
1023 -105.959
1024 -106.777
1025 -106.868
1026 -106.943
1027 -105.408
1028 -105.998
1029 -105.342
1030 -105.82
1031 -105.634
1032 -105.986
1033 -105.57
1034 -104.801
1035 -105.367
1036 -104.971
1037 -105.906
1038 -105.435
1039 -106.671
1040 -105.719
1041 -107.433
1042 -108.037
1043 -106.715
1044 -108.195
1045 -107.635
1046 -107.985
1047 -107.205
1048 -108.303
1049 -107.607
1050 -109.18
1051 -108.265
1052 -108.342
1053 -106.7
1054 -109.231
1055 -106.993
1056 -105.67
1057 -107.886
1058 -107.986
1059 -107.882
1060 -107.015
1061 -107.18
1062 -106.904
1063 -108.152
1064 -106.985
1065 -107.263
1066 -107.055
1067 -107.341
1068 -108.679
1069 -105.426
1070 -108.741
1071 -105.817
1072 -109.185
1073 -107.769
1074 -108.887
1075 -107.71
1076 -109.85
1077 -108.135
1078 -109.935
1079 -107.968
1080 -105.024
1081 -106.891
1082 -106.846
1083 -106.361
1084 -106.342
1085 -104.031
1086 -105.809
1087 -107.298
1088 -104.657
1089 -106.696
1090 -106.135
1091 -103.548
1092 -106.249
1093 -104.178
1094 -103.705
1095 -105.633
1096 -103.165
1097 -106.185
1098 -105.27
1099 -105.233
1100 -107.289
1101 -108.4
1102 -107.132
1103 -106.728
1104 -107.181
1105 -108.147
1106 -107.543
1107 -109.093
1108 -109.573
1109 -105.806
1110 -108.717
1111 -106.889
1112 -106.599
1113 -106.835
1114 -105.729
1115 -105.992
1116 -106.275
1117 -107.106
1118 -107.761
1119 -107.689
1120 -107.114
1121 -107.053
1122 -107.265
1123 -108.135
1124 -107.061
1125 -105.563
1126 -108.224
1127 -106.594
1128 -107.489
1129 -107.044
1130 -107.412
1131 -107.244
1132 -105.912
1133 -105.62
1134 -107.877
1135 -106.043
1136 -106.686
1137 -107.919
1138 -108.078
1139 -107.969
1140 -104.557
1141 -106.321
1142 -106.516
1143 -105.252
1144 -106.142
1145 -107.395
1146 -103.493
1147 -105.563
1148 -105.624
1149 -104.712
1150 -106.479
1151 -102.96
1152 -105.577
1153 -103.969
1154 -103.925
1155 -105.133
1156 -105.957
1157 -104.922
1158 -103.721
1159 -106.318
1160 -106.739
1161 -107.55
1162 -107.314
1163 -106.864
1164 -107.442
1165 -107.174
1166 -105.952
1167 -108.575
1168 -106.822
1169 -105.622
1170 -108.23
1171 -108.564
1172 -106.216
1173 -104.993
1174 -106.678
1175 -106.721
1176 -104.967
1177 -106.461
1178 -107.252
1179 -107.166
1180 -107.338
1181 -107.566
1182 -109.305
1183 -109.119
1184 -106.49
1185 -106.326
1186 -108.275
1187 -104.538
1188 -107.24
1189 -106.614
1190 -105.366
1191 -106.243
1192 -108.237
1193 -107.839
1194 -105.867
1195 -106.965
1196 -105.474
1197 -106.917
1198 -106.934
1199 -106.573
1200 -105.013
1201 -105.587
1202 -105.004
1203 -103.624
1204 -103.267
1205 -104.191
1206 -104.79
1207 -104.596
1208 -105.433
1209 -103.354
1210 -105.137
1211 -105.546
1212 -104.474
1213 -104.551
1214 -103.595
1215 -104
1216 -104.112
1217 -104.622
1218 -107.467
1219 -105.717
1220 -104.954
1221 -106.2
1222 -107.543
1223 -105.701
1224 -104.729
1225 -105.166
1226 -107.431
1227 -106.38
1228 -105.431
1229 -106.456
1230 -105.189
1231 -104.855
1232 -105.818
1233 -106.954
1234 -103.733
1235 -103.444
1236 -107.088
1237 -104.831
1238 -105.292
1239 -108.77
1240 -105.857
1241 -105.968
1242 -105.475
1243 -107.73
1244 -105.745
1245 -106.98
1246 -105.634
1247 -105.263
1248 -105.171
1249 -105.945
1250 -106.892
1251 -106.827
1252 -105.83
1253 -106.058
1254 -106.146
1255 -108.153
1256 -107.497
1257 -106.277
1258 -105.883
1259 -103.955
1260 -105.222
1261 -104.032
1262 -104.48
1263 -105.662
1264 -103.488
1265 -102.522
1266 -104.043
1267 -104.263
1268 -104.422
1269 -102.456
1270 -103.464
1271 -103.266
1272 -102.045
1273 -102.545
1274 -102.43
1275 -102.914
1276 -103.885
1277 -104.394
1278 -104.935
1279 -103.57
1280 -104.086
1281 -105.055
1282 -104.773
1283 -104.128
1284 -105.482
1285 -106.664
1286 -103.03
1287 -104.913
1288 -106.947
1289 -108.324
1290 -106.21
1291 -106.394
1292 -105.324
1293 -104.516
1294 -102.554
1295 -105.417
1296 -105.324
1297 -105.653
1298 -104.021
1299 -102.964
1300 -104.758
1301 -104.796
1302 -104.878
1303 -105.666
1304 -105.878
1305 -105.139
1306 -104.334
1307 -103.95
1308 -103.957
1309 -103.682
1310 -105.669
1311 -103.399
1312 -105.699
1313 -104.354
1314 -106.364
1315 -105.109
1316 -106.403
1317 -103.141
1318 -107.086
1319 -105.409
1320 -103.639
1321 -105.09
1322 -103.674
1323 -103.817
1324 -104.653
1325 -101.792
1326 -102.604
1327 -103.316
1328 -103.116
1329 -102.31
1330 -101.231
1331 -104.54
1332 -103.332
1333 -102.012
1334 -103.183
1335 -101.313
1336 -103.71
1337 -102.054
1338 -104.141
1339 -103.357
1340 -104.29
1341 -103.345
1342 -105.16
1343 -103.844
1344 -103.582
1345 -104.122
1346 -105.37
1347 -106.649
1348 -105.043
1349 -105.483
1350 -104.916
1351 -106.843
1352 -104.789
1353 -104.736
1354 -106.308
1355 -103.433
1356 -104.859
1357 -103.443
1358 -104.362
1359 -103.411
1360 -105.292
1361 -104.174
1362 -104.793
1363 -104.341
1364 -103.918
1365 -104.928
1366 -104.505
1367 -104.825
1368 -104.65
1369 -103.321
1370 -104.141
1371 -104.408
1372 -103.187
1373 -105.682
1374 -104.985
1375 -104.596
1376 -103.211
1377 -103.663
1378 -105.119
1379 -103.802
1380 -105.334
1381 -103.86
1382 -103.761
1383 -104.351
1384 -104.192
1385 -104.692
1386 -104.437
1387 -103.871
1388 -105.441
1389 -103.421
1390 -104.225
1391 -104.86
1392 -105.978
1393 -104.55
1394 -105.09
1395 -106.412
1396 -105.366
1397 -106.45
1398 -106.721
1399 -109.179
1400 -107.202
1401 -106.133
1402 -109.826
1403 -109.422
1404 -110.976
1405 -108.952
1406 -111.466
1407 -111.439
1408 -111.661
1409 -111.028
1410 -110.995
1411 -112.141
1412 -114.656
1413 -113.96
1414 -114.639
1415 -114.248
1416 -112.482
1417 -114.128
1418 -114.759
1419 -117.023
1420 -116.84
1421 -115.989
1422 -117.005
1423 -117.786
1424 -118.494
1425 -117.167
1426 -117.431
1427 -118.95
1428 -118.668
1429 -119.141
1430 -119.785
1431 -119.617
1432 -118.685
1433 -118.991
1434 -117.571
1435 -120.467
1436 -120.384
1437 -119.571
1438 -117.922
1439 -117.381
1440 -119.109
1441 -118.441
1442 -117.087
1443 -117.303
1444 -118.82
1445 -118.764
1446 -116.788
1447 -117.211
1448 -117.285
1449 -115.454
1450 -117.782
1451 -115.968
1452 -116.359
1453 -116.391
1454 -116.867
1455 -116.518
1456 -114.67
1457 -115.722
1458 -114.371
1459 -113.993
1460 -113.707
1461 -115.564
1462 -112.831
1463 -114.424
1464 -111.19
1465 -112.932
1466 -112.335
1467 -112.468
1468 -111.011
1469 -110.548
1470 -110.077
1471 -110.456
1472 -111.243
1473 -110.668
1474 -110.16
1475 -109.882
1476 -110.27
1477 -110.587
1478 -109.592
1479 -108.833
1480 -106.756
1481 -110.623
1482 -110.446
1483 -110.058
1484 -109.085
1485 -107.845
1486 -109.052
1487 -108.371
1488 -107.904
1489 -108.033
1490 -108.74
1491 -107.62
1492 -108.108
1493 -109.351
1494 -108.486
1495 -105.546
1496 -107.447
1497 -107.459
1498 -106.489
1499 -106.839
1500 -108.718
1501 -107.881
1502 -106.984
1503 -106.411
1504 -107.579
1505 -106.511
1506 -107.286
1507 -105.146
1508 -107.555
1509 -105.91
1510 -106.671
1511 -105.332
1512 -106.541
1513 -106.636
1514 -106.779
1515 -105.788
1516 -107.394
1517 -105.965
1518 -106.883
1519 -106.374
1520 -106.422
1521 -106.486
1522 -105.679
1523 -106.39
1524 -105.229
1525 -107.353
1526 -104.57
1527 -104.904
1528 -105.629
1529 -106.802
1530 -105.715
1531 -106.071
1532 -104.457
1533 -106.22
1534 -105.091
1535 -106.268
1536 -104.213
1537 -105.456
1538 -106.068
1539 -105.303
1540 -108.532
1541 -106.669
1542 -106.216
1543 -106.307
1544 -105.189
1545 -107.547
1546 -105.629
1547 -106.329
1548 -104.378
1549 -106.766
1550 -107.1
1551 -106.809
1552 -104.694
1553 -105.743
1554 -105.901
1555 -105.877
1556 -105.52
1557 -104.196
1558 -106.115
1559 -105.424
1560 -105.622
1561 -105.002
1562 -106.427
1563 -105.206
1564 -104.611
1565 -106.025
1566 -105.857
1567 -107.036
1568 -104.845
1569 -104.291
1570 -106.203
1571 -106.659
1572 -106.927
1573 -104.495
1574 -108.902
1575 -106.752
1576 -107.896
1577 -106.304
1578 -109.643
1579 -110.366
1580 -108.597
1581 -109.725
1582 -109.462
1583 -113.258
1584 -111.831
1585 -113.336
1586 -110.956
1587 -111.088
1588 -111.216
1589 -111.351
1590 -111.939
1591 -110.526
1592 -114.631
1593 -113.209
1594 -116.568
1595 -115.833
1596 -115.981
1597 -118.301
1598 -117.451
1599 -118.849
1600 -117.36
1601 -118.281
1602 -117.71
1603 -119.489
1604 -120.348
1605 -119.288
1606 -119.781
1607 -119.607
1608 -121.834
1609 -120.786
1610 -120.407
1611 -123.122
1612 -122.788
1613 -124.02
1614 -124.192
1615 -123.978
1616 -124.456
1617 -123.82
1618 -125.047
1619 -125.086
1620 -128.005
1621 -128.369
1622 -125.502
1623 -125.951
1624 -124.699
1625 -127.122
1626 -126.852
1627 -127.229
1628 -128.406
1629 -125.527
1630 -128.454
1631 -127.187
1632 -125.524
1633 -125.902
1634 -127.208
1635 -126.725
1636 -124.448
1637 -126.636
1638 -125.149
1639 -123.591
1640 -122.681
1641 -125.402
1642 -124.273
1643 -124.116
1644 -123.491
1645 -124.611
1646 -125.336
1647 -122.958
1648 -123.719
1649 -122.222
1650 -121.857
1651 -123.159
1652 -120.189
1653 -123.224
1654 -120.507
1655 -120.177
1656 -120.444
1657 -120.893
1658 -118.121
1659 -120.222
1660 -118.628
1661 -118.832
1662 -119.018
1663 -117.326
1664 -117.628
1665 -115.436
1666 -115.004
1667 -116.909
1668 -117.943
1669 -116.303
1670 -115.783
1671 -117.767
1672 -118.761
1673 -117.651
1674 -115.269
1675 -117.911
1676 -114.805
1677 -115.898
1678 -113.994
1679 -115.112
1680 -114.461
1681 -115.222
1682 -114.764
1683 -114.146
1684 -114.081
1685 -115.459
1686 -114.596
1687 -114.683
1688 -114.876
1689 -116.021
1690 -117.43
1691 -117.224
1692 -117.262
1693 -113.524
1694 -115.375
1695 -116.959
1696 -115.836
1697 -115.038
1698 -115.598
1699 -115.885
1700 -114.73
1701 -115.433
1702 -116.793
1703 -115.933
1704 -117.007
1705 -114.157
1706 -118.581
1707 -115.5
1708 -114.449
1709 -115.823
1710 -116.459
1711 -117.952
1712 -115.905
1713 -114.766
1714 -116.04
1715 -115.088
1716 -116.055
1717 -115.518
1718 -116.828
1719 -115.702
1720 -115.974
1721 -116.626
1722 -115.932
1723 -115.878
1724 -115.333
1725 -115.123
1726 -113.326
1727 -112.835
1728 -112.93
1729 -112.808
1730 -113.688
1731 -113.581
1732 -113.446
1733 -113.421
1734 -113.813
1735 -114.305
1736 -114.486
1737 -113.733
1738 -114.17
1739 -114.198
1740 -113.654
1741 -112.849
1742 -111.409
1743 -114.015
1744 -113.205
1745 -113.076
1746 -114.326
1747 -113.765
1748 -114.033
1749 -116.133
1750 -116.936
1751 -117.044
1752 -115.01
1753 -116.564
1754 -113.097
1755 -115
1756 -114.423
1757 -116.301
1758 -112.939
1759 -116.636
1760 -116.579
1761 -114.52
1762 -115.901
1763 -116.884
1764 -116.35
1765 -115.518
1766 -116.753
1767 -114.688
1768 -117.958
1769 -117.267
1770 -118.036
1771 -116.668
1772 -117.223
1773 -115.093
1774 -115.077
1775 -116.347
1776 -115.684
1777 -114.301
1778 -115.291
1779 -114.038
1780 -115.77
1781 -116.259
1782 -116.422
1783 -115.219
1784 -115.367
1785 -114.665
1786 -113.894
1787 -115.999
1788 -116.376
1789 -114.387
1790 -113.779
1791 -114.846
1792 -112.021
1793 -114.35
1794 -114.311
1795 -114.162
1796 -115.917
1797 -113.896
1798 -113.787
1799 -114.167
1800 -116.215
1801 -114.09
1802 -112.98
1803 -113.565
1804 -113.747
1805 -113.876
1806 -114.217
1807 -115.201
1808 -113.809
1809 -114.744
1810 -115.796
1811 -116.46
1812 -116.25
1813 -117.563
1814 -116.392
1815 -113.789
1816 -115.272
1817 -115.684
1818 -116.951
1819 -114.28
1820 -116.999
1821 -116.933
1822 -115.83
1823 -116.621
1824 -118.465
1825 -117.818
1826 -117.185
1827 -118.241
1828 -117.194
1829 -116.508
1830 -118.679
1831 -116.759
1832 -116.566
1833 -118.365
1834 -114.709
1835 -115.168
1836 -115.439
1837 -116.869
1838 -114.409
1839 -114.025
1840 -116.383
1841 -115.642
1842 -116.656
1843 -115.272
1844 -114.185
1845 -115.745
1846 -114.471
1847 -116.13
1848 -114.192
1849 -115.797
1850 -115.607
1851 -114.343
1852 -114.407
1853 -115.455
1854 -115.723
1855 -115.022
1856 -114.627
1857 -115.633
1858 -115.291
1859 -114.414
1860 -115.182
1861 -114.929
1862 -114.862
1863 -115.628
1864 -113.848
1865 -113.413
1866 -114.763
1867 -113.438
1868 -115.423
1869 -116.193
1870 -116.115
1871 -117.102
1872 -118.921
1873 -119.564
1874 -117.97
1875 -116.122
1876 -117.284
1877 -119.371
1878 -115.011
1879 -114.473
1880 -116.6
1881 -117.042
1882 -117.178
1883 -117.662
1884 -117.119
1885 -117.224
1886 -118.376
1887 -115.968
1888 -119.316
1889 -116.766
1890 -118.053
1891 -116.222
1892 -117.988
1893 -117.019
1894 -116.691
1895 -116.76
1896 -117.349
1897 -116.491
1898 -116.393
1899 -115.907
1900 -117.326
1901 -115.521
1902 -118.912
1903 -117.657
1904 -116.861
1905 -114.877
1906 -113.531
1907 -116.44
1908 -117.374
1909 -114.629
1910 -114.072
1911 -113.823
1912 -113.559
1913 -113.762
1914 -114.537
1915 -116.08
1916 -114.899
1917 -117.097
1918 -115.547
1919 -114.06
1920 -116.485
1921 -115.896
1922 -114.929
1923 -116.706
1924 -116.678
1925 -112.764
1926 -115.519
1927 -115.895
1928 -116.022
1929 -117.273
1930 -116.727
1931 -117.256
1932 -117.036
1933 -118.957
1934 -115.336
1935 -115.09
1936 -115.919
1937 -116.917
1938 -116.976
1939 -116.78
1940 -114.989
1941 -117.639
1942 -118.036
1943 -117.295
1944 -116.666
1945 -118.146
1946 -118.253
1947 -118.035
1948 -118.664
1949 -117.118
1950 -118.162
1951 -116.524
1952 -116.683
1953 -116.247
1954 -118.46
1955 -117.571
1956 -116.901
1957 -117.437
1958 -116.956
1959 -115.955
1960 -117.219
1961 -117.917
1962 -116.556
1963 -116.275
1964 -116.188
1965 -114.774
1966 -115.104
1967 -116.247
1968 -115.952
1969 -116.332
1970 -116.388
1971 -117.489
1972 -117.775
1973 -115.763
1974 -116.08
1975 -113.159
1976 -115.404
1977 -116.656
1978 -115.992
1979 -116.177
1980 -117.33
1981 -116.625
1982 -115.173
1983 -117.07
1984 -114.764
1985 -116.391
1986 -116.719
1987 -117.516
1988 -118.267
1989 -117.082
1990 -115.997
1991 -116.694
1992 -117.172
1993 -117.326
1994 -117.253
1995 -117.304
1996 -118.71
1997 -117.276
1998 -117.54
1999 -116.374
2000 -117.826
2001 -118.461
2002 -117.581
2003 -117.81
2004 -118.11
2005 -118.179
2006 -117.265
2007 -119.056
2008 -117.353
2009 -119.012
2010 -120.171
2011 -117.661
2012 -117.417
2013 -118.617
2014 -117.437
2015 -117.696
2016 -117.844
2017 -116.818
2018 -116.65
2019 -118.941
2020 -118.266
2021 -119.056
2022 -118.369
2023 -118.161
2024 -117.308
2025 -117.703
2026 -116.777
2027 -116.736
2028 -114.905
2029 -114.586
2030 -116.646
2031 -117.96
2032 -115.267
2033 -117.075
2034 -116.542
2035 -116.951
2036 -116.653
2037 -117.305
2038 -114.935
2039 -115.361
2040 -116.494
2041 -116.267
2042 -116.927
2043 -116.419
2044 -113.933
2045 -115.91
2046 -116.223
2047 -115.225
2048 -116.735
2049 -118.37
2050 -117.24
2051 -119.851
2052 -119.091
2053 -118.141
2054 -117.412
2055 -119.948
2056 -118.259
2057 -117.125
2058 -117.01
2059 -118.051
2060 -116.496
2061 -117.41
2062 -117.729
2063 -118.511
2064 -118.282
2065 -118.911
2066 -119.362
2067 -117.092
2068 -119.085
2069 -116.635
2070 -118.618
2071 -118.619
2072 -116.813
2073 -118.725
2074 -115.844
2075 -118.414
2076 -118.026
2077 -117.602
2078 -118.958
2079 -118.922
2080 -116.883
2081 -117.266
2082 -117.98
2083 -117.714
2084 -114.972
2085 -115.91
2086 -116.131
2087 -116.201
2088 -117.267
2089 -116.689
2090 -118.309
2091 -116.303
2092 -115.602
2093 -114.307
2094 -117.669
2095 -116.619
2096 -117.1
2097 -115.344
2098 -116.018
2099 -115.606
2100 -117.051
2101 -116.81
2102 -116.888
2103 -116.499
2104 -115.337
2105 -113.496
2106 -118.048
2107 -115.762
2108 -118.442
2109 -116.986
2110 -118.095
2111 -118.682
2112 -118.849
2113 -118.634
2114 -117.325
2115 -118.807
2116 -116.846
2117 -118.41
2118 -118.292
2119 -118.361
2120 -118.251
2121 -118.376
2122 -119.984
2123 -117.57
2124 -118.701
2125 -117.95
2126 -118.536
2127 -118.297
2128 -119.198
2129 -119.054
2130 -117.576
2131 -117.34
2132 -117.929
2133 -119.118
2134 -118.004
2135 -116.994
2136 -117.15
2137 -116.231
2138 -118.548
2139 -117.776
2140 -118.63
2141 -117.092
2142 -117.693
2143 -117.889
2144 -116.427
2145 -116.917
2146 -115.316
2147 -116.854
2148 -115.823
2149 -116.677
2150 -116.512
2151 -117.087
2152 -115.964
2153 -118.396
2154 -117.104
2155 -115.532
2156 -117.932
2157 -117.333
2158 -116.686
2159 -116.128
2160 -117.697
2161 -115.942
2162 -115.826
2163 -116.092
2164 -115.706
2165 -113.762
2166 -115.345
2167 -116.583
2168 -116.65
2169 -117.709
2170 -119.025
2171 -118.661
2172 -118.438
2173 -116.911
2174 -117.895
2175 -117.353
2176 -116.28
2177 -117.264
2178 -115.497
2179 -115.525
2180 -116.916
2181 -116.648
2182 -115.573
2183 -116.711
2184 -115.772
2185 -114.659
2186 -114.869
2187 -114.646
2188 -113.302
2189 -114.821
2190 -113.698
2191 -112.413
2192 -114.263
2193 -113.605
2194 -113.884
2195 -112.906
2196 -112.217
2197 -110.619
2198 -110.08
2199 -109.818
2200 -108.228
2201 -109.807
2202 -109.191
2203 -109.991
2204 -109.146
2205 -105.6
2206 -105.32
2207 -104.548
2208 -106.331
2209 -105.85
2210 -105.612
2211 -103.484
2212 -104.366
2213 -104.034
2214 -103.89
2215 -101.561
2216 -100.087
2217 -102.014
2218 -101.517
2219 -102.92
2220 -100.988
2221 -100.928
2222 -100.602
2223 -100.693
2224 -102.891
2225 -99.9967
2226 -101.567
2227 -99.8784
2228 -100.823
2229 -101.472
2230 -101.688
2231 -100.5
2232 -100.924
2233 -100.96
2234 -100.856
2235 -102.064
2236 -102.077
2237 -99.9279
2238 -102.132
2239 -102.59
2240 -104.563
2241 -103.858
2242 -104.927
2243 -104.084
2244 -106.755
2245 -104.81
2246 -105.012
2247 -104.158
2248 -106.959
2249 -106.613
2250 -104.408
2251 -107.462
2252 -105.616
2253 -106.074
2254 -108.29
2255 -108.319
2256 -108.395
2257 -108.273
2258 -108.856
2259 -107.6
2260 -108.625
2261 -108.834
2262 -111.141
2263 -110.632
2264 -110.488
2265 -111.933
2266 -110.664
2267 -110.664
2268 -112.378
2269 -113.564
2270 -110.216
2271 -113.34
2272 -111.833
2273 -112.643
2274 -112.13
2275 -112.071
2276 -109.981
2277 -112.811
2278 -111.396
2279 -113.306
2280 -111.407
2281 -112.563
2282 -112.848
2283 -111.039
2284 -113.959
2285 -113.515
2286 -113.447
2287 -112.004
2288 -112.213
2289 -112.536
2290 -111.104
2291 -113.154
2292 -112.127
2293 -114.066
2294 -111.943
2295 -112.31
2296 -114.237
2297 -113.604
2298 -113.111
2299 -113.429
2300 -114.2
2301 -112.057
2302 -113.162
2303 -113.109
2304 -116.258
2305 -112.774
2306 -114.815
2307 -114.318
2308 -112.386
2309 -114.684
2310 -112.768
2311 -115.293
2312 -113.98
2313 -115.683
2314 -114.926
2315 -113.3
2316 -112.015
2317 -115.34
2318 -111.878
2319 -113.054
2320 -114.917
2321 -114.115
2322 -114.711
2323 -114.864
2324 -113.586
2325 -113.155
2326 -114.251
2327 -111.655
2328 -113.322
2329 -115.225
2330 -113.624
2331 -114.631
2332 -115.161
2333 -114.441
2334 -114.615
2335 -113.663
2336 -115.36
2337 -113.759
2338 -114.82
2339 -114.831
2340 -114.914
2341 -113.073
2342 -114.941
2343 -114.953
2344 -115.773
2345 -116.142
2346 -114.369
2347 -113.86
2348 -115.588
2349 -114.939
2350 -113.53
2351 -113.364
2352 -114.83
2353 -115.46
2354 -116.01
2355 -112.75
2356 -113.41
2357 -115.264
2358 -116.392
2359 -114.117
2360 -116.566
2361 -114.917
2362 -113.544
2363 -111.553
2364 -113.452
2365 -116.216
2366 -113.061
2367 -112.372
2368 -112.571
2369 -112.784
2370 -111.331
2371 -109.788
2372 -109.293
2373 -111.361
2374 -110.188
2375 -107.532
2376 -109.877
2377 -109.723
2378 -107.759
2379 -107.987
2380 -108.262
2381 -108.925
2382 -106.359
2383 -106.431
2384 -106.84
2385 -104.748
2386 -104.091
2387 -103.953
2388 -106.122
2389 -102.905
2390 -102.321
2391 -105.42
2392 -102.928
2393 -101.59
2394 -101.82
2395 -101.096
2396 -101.096
2397 -100.704
2398 -100.061
2399 -101.357
2400 -99.0903
2401 -99.7529
2402 -100.063
2403 -98.6053
2404 -99.301
2405 -98.1223
2406 -95.3657
2407 -98.4911
2408 -95.8684
2409 -94.9534
2410 -96.1804
2411 -92.7502
2412 -95.3569
2413 -92.7922
2414 -93.6799
2415 -93.2877
2416 -92.8905
2417 -92.7897
2418 -94.161
2419 -93.0009
2420 -92.2169
2421 -94.0722
2422 -93.4301
2423 -94.3448
2424 -93.9567
2425 -95.2884
2426 -94.6773
2427 -93.323
2428 -92.5386
2429 -93.9444
2430 -95.9198
2431 -93.5875
2432 -95.0759
2433 -96.1233
2434 -95.6873
2435 -97.5022
2436 -95.4291
2437 -99.1632
2438 -97.6401
2439 -98.5932
2440 -98.9403
2441 -98.2936
2442 -100.694
2443 -99.1935
2444 -100.101
2445 -98.9668
2446 -99.6953
2447 -102.917
2448 -100.824
2449 -102.763
2450 -102.438
2451 -103.311
2452 -103.507
2453 -102.391
2454 -104.28
2455 -104.629
2456 -105.109
2457 -104.002
2458 -104.465
2459 -104.47
2460 -103.284
2461 -106.642
2462 -105.37
2463 -103.523
2464 -106.27
2465 -104.653
2466 -106.617
2467 -105.485
2468 -105.67
2469 -105.716
2470 -104.812
2471 -105.693
2472 -105.158
2473 -106.066
2474 -106.417
2475 -107.303
2476 -107.455
2477 -109.578
2478 -107.846
2479 -107.691
2480 -106.825
2481 -108.225
2482 -106.162
2483 -106.904
2484 -105.845
2485 -105.809
2486 -108.049
2487 -104.968
2488 -105
2489 -107.726
2490 -106.896
2491 -105.72
2492 -106.291
2493 -103.987
2494 -103.493
2495 -104.809
2496 -104.429
2497 -102.855
2498 -104.634
2499 -104.578
2500 -105.73
2501 -105.737
2502 -104.272
2503 -105.811
2504 -105.483
2505 -107.657
2506 -107.638
2507 -105.603
2508 -107.025
2509 -107.831
2510 -107.403
2511 -106.818
2512 -107.752
2513 -107.932
2514 -106.231
2515 -108.613
2516 -106.639
2517 -106.817
2518 -106.729
2519 -107.8
2520 -106.028
2521 -106.073
2522 -108.261
2523 -106.401
2524 -107.209
2525 -108.31
2526 -107.676
2527 -106.778
2528 -109.577
2529 -107.476
2530 -106.774
2531 -106.418
2532 -106.77
2533 -106.69
2534 -107.263
2535 -108.028
2536 -108.859
2537 -107.175
2538 -107.966
2539 -109.698
2540 -107.327
2541 -109.523
2542 -109.433
2543 -108.2
2544 -108.054
2545 -107.623
2546 -106.733
2547 -105.182
2548 -105.119
2549 -106.061
2550 -105.587
2551 -106.239
2552 -107.635
2553 -105.408
2554 -106.117
2555 -104.029
2556 -106.677
2557 -105.523
2558 -105.774
2559 -105.369
2560 -107.67
2561 -106.496
2562 -106.319
2563 -104.619
2564 -105.702
2565 -107.725
2566 -107.542
2567 -105.968
2568 -107.32
2569 -106.856
2570 -107.629
2571 -110.475
2572 -106.48
2573 -108.553
2574 -108.592
2575 -108.826
2576 -108.069
2577 -109.001
2578 -107.108
2579 -106.859
2580 -107.115
2581 -107.119
2582 -107.072
2583 -108.427
2584 -108.77
2585 -107.826
2586 -107.193
2587 -108.232
2588 -109.032
2589 -106.782
2590 -106.719
2591 -106.099
2592 -107.739
2593 -106.467
2594 -107.402
2595 -107.162
2596 -108.34
2597 -108.533
2598 -109.825
2599 -108.589
2600 -108.924
2601 -108.422
2602 -108.944
2603 -107.431
2604 -106.982
2605 -107.95
2606 -105.303
2607 -106.94
2608 -107.084
2609 -105.396
2610 -104.614
2611 -107.219
2612 -107.942
2613 -106.668
2614 -104.639
2615 -106.839
2616 -107.329
2617 -105.436
2618 -106.339
2619 -106.252
2620 -105.898
2621 -105.41
2622 -107.94
2623 -107.176
2624 -109.305
2625 -106.817
2626 -107.208
2627 -105.346
2628 -107.14
2629 -106.483
2630 -108.934
2631 -107.127
2632 -109.543
2633 -107.219
2634 -107.733
2635 -106.27
2636 -110.84
2637 -110.092
2638 -106.537
2639 -107.888
2640 -107.723
2641 -108.056
2642 -107.974
2643 -107.94
2644 -107.232
2645 -106.931
2646 -108.706
2647 -108.565
2648 -107.887
2649 -107.846
2650 -106.37
2651 -107.343
2652 -106.487
2653 -107.208
2654 -109.378
2655 -109.072
2656 -108.636
2657 -105.765
2658 -107.95
2659 -109.991
2660 -108.328
2661 -107.561
2662 -107.347
2663 -108.36
2664 -108.119
2665 -109.494
2666 -104.866
2667 -108.1
2668 -106.473
2669 -107.134
2670 -106.591
2671 -106.439
2672 -106.526
2673 -106.411
2674 -106.553
2675 -106.101
2676 -104.929
2677 -106.147
2678 -105.529
2679 -105.813
2680 -105.828
2681 -105.301
2682 -103.919
2683 -106.199
2684 -107.516
2685 -105.763
2686 -108.31
2687 -108.748
2688 -105.012
2689 -107.176
2690 -107.306
2691 -108.149
2692 -108.623
2693 -108.08
2694 -106.889
2695 -108.681
2696 -108.179
2697 -107.07
2698 -106.483
2699 -108.133
2700 -107.157
2701 -107.089
2702 -105.949
2703 -107.391
2704 -108.238
2705 -107.988
2706 -107.787
2707 -108.487
2708 -109.282
2709 -107.352
2710 -107.553
2711 -107.522
2712 -106.23
2713 -106.645
2714 -106.672
2715 -106.913
2716 -107.594
2717 -109.199
2718 -106.992
2719 -107.439
2720 -108.62
2721 -107.646
2722 -107.301
2723 -107.097
2724 -106.313
2725 -106.314
2726 -104.705
2727 -105.877
2728 -104.597
2729 -107.008
2730 -105.124
2731 -103.598
2732 -104.172
2733 -104.155
2734 -105.825
2735 -105.135
2736 -104.038
2737 -105.957
2738 -105.142
2739 -106.297
2740 -104.443
2741 -107.072
2742 -105.965
2743 -105.24
2744 -107.016
2745 -106.2
2746 -107.149
2747 -105.293
2748 -106.642
2749 -107.864
2750 -106.804
2751 -106.963
2752 -106.007
2753 -107.839
2754 -107.391
2755 -105.58
2756 -108.064
2757 -107.215
2758 -106.44
2759 -107.149
2760 -106.943
2761 -105.608
2762 -106.274
2763 -105.807
2764 -105.98
2765 -106.514
2766 -105.718
2767 -105.944
2768 -106.026
2769 -108.163
2770 -107.496
2771 -106.239
2772 -107.2
2773 -107.554
2774 -105.344
2775 -108.522
2776 -107.257
2777 -107.652
2778 -107.53
2779 -106.902
2780 -107.862
2781 -108.413
2782 -105.528
2783 -105.147
2784 -105.156
2785 -105.374
2786 -106.074
2787 -105.687
2788 -104.285
2789 -104.147
2790 -104.783
2791 -105.302
2792 -105.116
2793 -104.396
2794 -104.198
2795 -104.358
2796 -104.989
2797 -103.699
2798 -103.399
2799 -104.051
2800 -104.713
2801 -104.933
2802 -105.577
2803 -105.185
2804 -104.693
2805 -103.337
2806 -105.118
2807 -105.355
2808 -107.518
2809 -107.422
2810 -106.414
2811 -106.58
2812 -106.987
2813 -106.309
2814 -106.095
2815 -105.819
2816 -107.455
2817 -105.298
2818 -107.511
2819 -104.538
2820 -106.827
2821 -105.161
2822 -106.081
2823 -108.009
2824 -107.377
2825 -106.085
2826 -105.762
2827 -105.557
2828 -104.875
2829 -105.611
2830 -105.44
2831 -105.148
2832 -105.633
2833 -104.9
2834 -107.748
2835 -107.304
2836 -106.381
2837 -106.485
2838 -105.933
2839 -107.623
2840 -106.614
2841 -107.524
2842 -104.91
2843 -103.997
2844 -105.395
2845 -105.64
2846 -104.578
2847 -105.123
2848 -105.683
2849 -104.836
2850 -104.147
2851 -103.884
2852 -104.462
2853 -104.995
2854 -104.094
2855 -103.756
2856 -103.454
2857 -103.52
2858 -103.607
2859 -105.518
2860 -104.494
2861 -104.951
2862 -104.23
2863 -106.061
2864 -105.351
2865 -104.956
2866 -107.358
2867 -103.976
2868 -107.449
2869 -105.848
2870 -105.247
2871 -105.413
2872 -104.994
2873 -105.461
2874 -105.184
2875 -107.273
2876 -105.506
2877 -106.786
2878 -106.527
2879 -104.417
2880 -104.386
2881 -105.575
2882 -106.162
2883 -105.148
2884 -105.524
2885 -105.381
2886 -105.591
2887 -106.426
2888 -104.569
2889 -106.368
2890 -104.178
2891 -104.976
2892 -104.794
2893 -105.394
2894 -104.505
2895 -105.22
2896 -104.496
2897 -104.151
2898 -106.375
2899 -103.62
2900 -105.663
2901 -104.421
2902 -104.715
2903 -106.539
2904 -105.397
2905 -103.911
2906 -103.267
2907 -104.277
2908 -105.384
2909 -101.056
2910 -104.306
2911 -104.3
2912 -103.702
2913 -104.023
2914 -103.402
2915 -104.859
2916 -105.76
2917 -103.662
2918 -103.177
2919 -101.113
2920 -103.25
2921 -103.692
2922 -103.568
2923 -103.991
2924 -103.44
2925 -104.21
2926 -104.868
2927 -105.201
2928 -106.201
2929 -106.153
2930 -104.895
2931 -106.492
2932 -105.989
2933 -105.796
2934 -103.776
2935 -104.521
2936 -103.957
2937 -103.084
2938 -105.516
2939 -104.821
2940 -103.124
2941 -103.531
2942 -104.941
2943 -104.961
2944 -104.604
2945 -104.465
2946 -105.198
2947 -105.24
2948 -103.951
2949 -103.664
2950 -103.968
2951 -105.009
2952 -104.207
2953 -104.15
2954 -104.413
2955 -104.323
2956 -104.823
2957 -103.203
2958 -103.339
2959 -106.321
2960 -105.402
2961 -105.21
2962 -105.262
2963 -105.609
2964 -103.456
2965 -103.036
2966 -104.051
2967 -105.64
2968 -103.711
2969 -103.917
2970 -102.573
2971 -103.333
2972 -105.919
2973 -107.277
2974 -104.861
2975 -104.955
2976 -105.2
2977 -104.926
2978 -104.632
2979 -105.24
2980 -106.481
2981 -108.611
2982 -106.511
2983 -106.683
2984 -110.355
2985 -108.587
2986 -108.513
2987 -109.954
2988 -112.022
2989 -111.509
2990 -112.102
2991 -113.559
2992 -112.395
2993 -114.124
2994 -113.887
2995 -111.996
2996 -113.359
2997 -115.248
2998 -115.71
2999 -113.067
3000 -113.496
3001 -114.231
3002 -114.533
3003 -114.139
3004 -117.111
3005 -115.536
3006 -118.945
3007 -118.765
3008 -119.82
3009 -120.084
3010 -118.972
3011 -119.135
3012 -118.63
3013 -118.459
3014 -117.248
3015 -117.284
3016 -117.846
3017 -118.362
3018 -118.807
3019 -119.225
3020 -119.128
3021 -118.991
3022 -119.322
3023 -118.827
3024 -117.586
3025 -117.607
3026 -119.091
3027 -118.414
3028 -119.515
3029 -118.574
3030 -117.043
3031 -118.473
3032 -117.653
3033 -116.195
3034 -116.337
3035 -115.356
3036 -117.273
3037 -117.214
3038 -116.104
3039 -115.531
3040 -116.009
3041 -114.835
3042 -113.594
3043 -114.054
3044 -114.032
3045 -113.802
3046 -113.153
3047 -113.128
3048 -113.65
3049 -113.284
3050 -111.901
3051 -110.661
3052 -111.694
3053 -110.207
3054 -110.324
3055 -110.176
3056 -109.262
3057 -110.453
3058 -111.978
3059 -110.053
3060 -109.483
3061 -109.99
3062 -110.832
3063 -110.919
3064 -107.839
3065 -108.032
3066 -108.854
3067 -109.333
3068 -108.549
3069 -107.815
3070 -109.113
3071 -108.478
3072 -108.619
3073 -107.918
3074 -109.103
3075 -109.582
3076 -106.748
3077 -106.844
3078 -106.791
3079 -108.667
3080 -107.591
3081 -110.729
3082 -106.518
3083 -108.994
3084 -106.79
3085 -107.088
3086 -106.749
3087 -108.091
3088 -108.063
3089 -106.676
3090 -107.759
3091 -106.921
3092 -107.771
3093 -106.967
3094 -105.864
3095 -107.019
3096 -107.259
3097 -107.883
3098 -108.737
3099 -106.929
3100 -106.535
3101 -106.557
3102 -106.377
3103 -107.869
3104 -106.334
3105 -106.69
3106 -105.081
3107 -106.758
3108 -105.054
3109 -105.6
3110 -106.42
3111 -105.023
3112 -105.03
3113 -106.4
3114 -105.499
3115 -107.08
3116 -106.687
3117 -106.481
3118 -104.701
3119 -104.095
3120 -106.46
3121 -103.044
3122 -106.82
3123 -107.828
3124 -106.202
3125 -106.088
3126 -106.988
3127 -105.501
3128 -106.547
3129 -103.306
3130 -105.883
3131 -107.316
3132 -105.061
3133 -105.54
3134 -105.706
3135 -106.328
3136 -106.977
3137 -105.959
3138 -103.748
3139 -106.395
3140 -106.996
3141 -105.62
3142 -105.651
3143 -105.764
3144 -105.174
3145 -105.524
3146 -106.097
3147 -107.343
3148 -107.035
3149 -106.21
3150 -108.191
3151 -106.163
3152 -106.36
3153 -107.24
3154 -106.101
3155 -105.565
3156 -104.783
3157 -105.277
3158 -104.94
3159 -105.585
3160 -105.626
3161 -107.473
3162 -105.594
3163 -107.147
3164 -106.351
3165 -104.262
3166 -104.902
3167 -104.925
3168 -107.027
3169 -106.598
3170 -105.121
3171 -106.269
3172 -105.59
3173 -106.937
3174 -106.408
3175 -105.975
3176 -106.325
3177 -104.974
3178 -107.829
3179 -107.416
3180 -107.041
3181 -105.469
3182 -105.984
3183 -105.993
3184 -106.503
3185 -106.114
3186 -105.865
3187 -106.279
3188 -106.766
3189 -107.028
3190 -107.558
3191 -105.519
3192 -106.546
3193 -106.96
3194 -105.755
3195 -107.687
3196 -107.818
3197 -106.023
3198 -105.124
3199 -105.301
3200 -106.033
3201 -107.627
3202 -104.275
3203 -107.635
3204 -107.145
3205 -104.167
3206 -105.613
3207 -104.657
3208 -106.621
3209 -105.579
3210 -106.295
3211 -105.896
3212 -104.675
3213 -106.583
3214 -105.841
3215 -106.513
3216 -106.145
3217 -104.994
3218 -106.863
3219 -105.902
3220 -107.208
3221 -106.388
3222 -105.666
3223 -104.904
3224 -105.401
3225 -106.96
3226 -107.727
3227 -104.544
3228 -105.003
3229 -107.057
3230 -104.022
3231 -107.089
3232 -105.606
3233 -107.247
3234 -105.246
3235 -105.058
3236 -103.663
3237 -107.017
3238 -106.439
3239 -106.028
3240 -104.299
3241 -106.118
3242 -104.907
3243 -104.599
3244 -107.758
3245 -107.185
3246 -107.825
3247 -106.828
3248 -105.737
3249 -105.555
3250 -105.492
3251 -107.686
3252 -105.69
3253 -105.747
3254 -106.481
3255 -107.736
3256 -104.374
3257 -105.836
3258 -107.013
3259 -107.209
3260 -106.786
3261 -105.381
3262 -106.17
3263 -105.672
3264 -106.185
3265 -105.751
3266 -104.714
3267 -104.351
3268 -105.399
3269 -106.281
3270 -105.415
3271 -105.391
3272 -105.893
3273 -106.193
3274 -104.893
3275 -106.539
3276 -105.441
3277 -105.008
3278 -105.591
3279 -105.121
3280 -106.659
3281 -105.061
3282 -107.99
3283 -106.575
3284 -106.857
3285 -105.909
3286 -106.491
3287 -106.972
3288 -107.052
3289 -107.499
3290 -107.092
3291 -107.227
3292 -106.437
3293 -106.396
3294 -105.211
3295 -105.126
3296 -107.724
3297 -107.909
3298 -106.193
3299 -106.284
3300 -105.042
3301 -107.044
3302 -106.223
3303 -106.807
3304 -105.365
3305 -105.482
3306 -106.869
3307 -107.472
3308 -106.329
3309 -107.97
3310 -105.217
3311 -105.538
3312 -108.611
3313 -106.622
3314 -107.401
3315 -105.723
3316 -107.351
3317 -104.775
3318 -107.097
3319 -107.728
3320 -106.084
3321 -106.378
3322 -106.538
3323 -105.915
3324 -105.788
3325 -105.887
3326 -106.013
3327 -106.777
3328 -106.355
3329 -107.045
3330 -106.221
3331 -105.032
3332 -108.133
3333 -105.773
3334 -104.852
3335 -108.374
3336 -106.351
3337 -106.613
3338 -106.978
3339 -106.165
3340 -106.75
3341 -106.13
3342 -105.229
3343 -104.199
3344 -105.885
3345 -109.107
3346 -105.179
3347 -106.537
3348 -105.264
3349 -107.056
3350 -107.034
3351 -106.324
3352 -107.336
3353 -106.94
3354 -105.015
3355 -106.178
3356 -105.913
3357 -106.939
3358 -106.364
3359 -106.996
3360 -105.405
3361 -105.646
3362 -107.857
3363 -104.726
3364 -106.966
3365 -106.857
3366 -105.704
3367 -107.872
3368 -106.095
3369 -106.148
3370 -106.41
3371 -108.113
3372 -107.189
3373 -107.427
3374 -108.049
3375 -106.048
3376 -106.459
3377 -107.994
3378 -106.622
3379 -107.419
3380 -106.253
3381 -104.606
3382 -105.727
3383 -105.833
3384 -106.479
3385 -106.08
3386 -106.029
3387 -106.765
3388 -105.856
3389 -106.105
3390 -106.672
3391 -105.36
3392 -104.306
3393 -106.021
3394 -106.255
3395 -105.974
3396 -107.135
3397 -106.798
3398 -107.216
3399 -106.764
