0 -138.88
1 -138.88
2 -138.864
3 -138.828
4 -138.802
5 -138.795
6 -138.79
7 -138.781
8 -138.77
9 -138.76
10 -138.761
11 -138.778
12 -138.785
13 -138.814
14 -138.83
15 -138.892
16 -138.92
17 -138.919
18 -138.873
19 -138.87
20 -138.891
21 -138.925
22 -138.936
23 -139.027
24 -139.862
25 -140.003
26 -140.049
27 -140.244
28 -140.76
29 -141.476
30 -142.254
31 -142.995
32 -143.693
33 -144.282
34 -144.885
35 -145.615
36 -146.413
37 -147.204
38 -147.972
39 -148.657
40 -149.339
41 -150.044
42 -151.033
43 -152.078
44 -152.956
45 -153.706
46 -154.454
47 -155.219
48 -156.085
49 -157.151
50 -158.203
51 -159.239
52 -160.035
53 -160.709
54 -161.186
55 -161.586
56 -161.74
57 -161.698
58 -161.63
59 -161.51
60 -161.308
61 -161.146
62 -160.764
63 -160.178
64 -159.449
65 -158.711
66 -158.119
67 -157.606
68 -157.118
69 -156.613
70 -156.109
71 -155.618
72 -154.999
73 -154.68
74 -154.315
75 -153.739
76 -152.959
77 -152.222
78 -151.557
79 -150.985
80 -150.757
81 -150.455
82 -150.155
83 -149.735
84 -149.367
85 -149.076
86 -148.656
87 -148.269
88 -148.066
89 -147.866
90 -147.377
91 -147.107
92 -147.013
93 -147.177
94 -147.445
95 -147.703
96 -147.985
97 -147.874
98 -147.777
99 -147.621
100 -147.561
101 -147.564
102 -147.628
103 -147.528
104 -147.156
105 -146.937
106 -146.375
107 -146.135
108 -145.852
109 -145.703
110 -145.819
111 -146.03
112 -146.191
113 -146.24
114 -146.119
115 -145.945
116 -145.81
117 -145.71
118 -145.647
119 -145.497
120 -145.346
121 -145.17
122 -145.065
123 -144.954
124 -144.977
125 -144.678
126 -144.617
127 -144.501
128 -144.574
129 -144.952
130 -145.207
131 -145.598
132 -146.003
133 -146.092
134 -146.099
135 -145.922
136 -145.914
137 -145.897
138 -145.978
139 -146.053
140 -146.05
141 -145.674
142 -145.09
143 -144.685
144 -144.265
145 -144.165
146 -144.376
147 -144.78
148 -145.105
149 -145.307
150 -145.236
151 -145.037
152 -144.793
153 -144.56
154 -144.621
155 -144.548
156 -144.447
157 -144.48
158 -144.35
159 -144.397
160 -144.112
161 -144.025
162 -143.986
163 -143.953
164 -144.23
165 -144.6
166 -144.912
167 -145.476
168 -145.606
169 -145.657
170 -145.488
171 -145.354
172 -145.296
173 -145.332
174 -145.419
175 -145.373
176 -145.126
177 -144.549
178 -144.131
179 -143.801
180 -143.675
181 -143.893
182 -144.237
183 -144.51
184 -144.691
185 -144.605
186 -144.33
187 -144.024
188 -143.918
189 -143.853
190 -143.91
191 -143.848
192 -143.775
193 -143.602
194 -143.595
195 -143.304
196 -143.097
197 -143.1
198 -143.198
199 -143.474
200 -143.787
201 -144.084
202 -144.469
203 -144.67
204 -144.737
205 -144.634
206 -144.62
207 -144.737
208 -144.803
209 -144.85
210 -144.813
211 -144.73
212 -144.112
213 -143.711
214 -143.284
215 -143.01
216 -143.206
217 -143.573
218 -143.965
219 -144.183
220 -144.081
221 -143.876
222 -143.647
223 -143.507
224 -143.418
225 -143.437
226 -143.338
227 -143.27
228 -143.18
229 -143.104
230 -142.919
231 -142.713
232 -142.699
233 -142.708
234 -143.006
235 -143.392
236 -143.708
237 -144.242
238 -144.51
239 -144.49
240 -144.239
241 -144.111
242 -144.155
243 -144.25
244 -144.35
245 -144.384
246 -144.268
247 -143.659
248 -143.151
249 -142.736
250 -142.496
251 -142.67
252 -143.014
253 -143.423
254 -143.641
255 -143.571
256 -143.283
257 -143.108
258 -142.974
259 -142.972
260 -142.9
261 -142.805
262 -142.737
263 -142.595
264 -142.501
265 -142.48
266 -142.204
267 -142.108
268 -142.148
269 -142.446
270 -142.942
271 -143.288
272 -143.71
273 -144.05
274 -144.127
275 -144.052
276 -143.959
277 -143.888
278 -143.901
279 -143.938
280 -143.787
281 -143.784
282 -143.357
283 -142.828
284 -142.555
285 -142.241
286 -142.233
287 -142.483
288 -142.814
289 -143.122
290 -143.199
291 -143.053
292 -142.912
293 -142.606
294 -142.512
295 -142.415
296 -142.359
297 -142.301
298 -142.166
299 -142.005
300 -142.052
301 -141.71
302 -141.469
303 -141.37
304 -141.692
305 -142.105
306 -142.46
307 -142.9
308 -143.17
309 -143.196
310 -143.224
311 -143.164
312 -143.136
313 -143.094
314 -143.1
315 -142.983
316 -142.95
317 -142.734
318 -142.432
319 -142.215
320 -141.885
321 -141.762
322 -141.972
323 -142.162
324 -142.215
325 -142.369
326 -142.272
327 -142.096
328 -141.941
329 -141.89
330 -141.817
331 -141.67
332 -141.62
333 -141.585
334 -141.354
335 -141.388
336 -141.222
337 -141.177
338 -141.162
339 -141.283
340 -141.67
341 -142.026
342 -142.414
343 -142.809
344 -142.924
345 -142.929
346 -142.675
347 -142.603
348 -142.642
349 -142.681
350 -142.525
351 -142.479
352 -142.325
353 -141.927
354 -141.597
355 -141.285
356 -141.1
357 -141.125
358 -141.348
359 -141.508
360 -141.62
361 -141.552
362 -141.413
363 -141.269
364 -141.083
365 -140.893
366 -140.93
367 -140.884
368 -140.872
369 -140.693
370 -140.785
371 -140.653
372 -140.5
373 -140.494
374 -140.683
375 -141.008
376 -141.273
377 -141.622
378 -142.074
379 -142.065
380 -142.227
381 -142.117
382 -142.037
383 -142.008
384 -142.073
385 -142.175
386 -142.19
387 -141.97
388 -141.586
389 -141.378
390 -141.013
391 -140.88
392 -141.055
393 -141.301
394 -141.498
395 -141.55
396 -141.406
397 -141.17
398 -140.937
399 -140.698
400 -140.641
401 -140.6
402 -140.514
403 -140.423
404 -140.227
405 -140.27
406 -140.128
407 -140.129
408 -140.156
409 -140.249
410 -140.599
411 -140.972
412 -141.292
413 -141.745
414 -141.749
415 -141.771
416 -141.521
417 -141.473
418 -141.374
419 -141.394
420 -141.401
421 -141.337
422 -141.248
423 -140.83
424 -140.671
425 -140.307
426 -140.209
427 -140.311
428 -140.403
429 -140.582
430 -140.68
431 -140.664
432 -140.5
433 -140.363
434 -140.174
435 -139.967
436 -139.836
437 -139.752
438 -139.803
439 -139.708
440 -139.661
441 -139.608
442 -139.48
443 -139.41
444 -139.491
445 -139.911
446 -140.23
447 -140.515
448 -141
449 -141.17
450 -141.136
451 -141.026
452 -141.014
453 -140.967
454 -140.959
455 -140.917
456 -140.782
457 -140.686
458 -140.318
459 -140.215
460 -139.946
461 -139.63
462 -139.665
463 -139.806
464 -139.96
465 -139.985
466 -139.997
467 -139.772
468 -139.644
469 -139.423
470 -139.337
471 -139.23
472 -139.044
473 -138.942
474 -138.949
475 -138.901
476 -138.751
477 -138.557
478 -138.552
479 -138.496
480 -138.87
481 -139.391
482 -139.702
483 -140.094
484 -140.227
485 -140.263
486 -140.131
487 -140.037
488 -140.1
489 -140.111
490 -140.125
491 -140.067
492 -140.148
493 -139.683
494 -139.416
495 -139.014
496 -138.641
497 -138.618
498 -138.791
499 -139
500 -139.194
501 -139.278
502 -139.171
503 -139.065
504 -138.809
505 -138.678
506 -138.575
507 -138.52
508 -138.534
509 -138.509
510 -138.406
511 -138.426
512 -138.243
513 -138.153
514 -138.083
515 -138.281
516 -138.705
517 -139.001
518 -139.395
519 -139.747
520 -139.784
521 -139.693
522 -139.491
523 -139.473
524 -139.467
525 -139.56
526 -139.575
527 -139.546
528 -139.26
529 -138.912
530 -138.595
531 -138.268
532 -138.193
533 -138.22
534 -138.255
535 -138.292
536 -138.3
537 -138.16
538 -138.056
539 -137.878
540 -137.832
541 -137.682
542 -137.645
543 -137.655
544 -137.662
545 -137.543
546 -137.629
547 -137.394
548 -137.295
549 -137.269
550 -137.472
551 -137.868
552 -138.22
553 -138.62
554 -138.917
555 -138.858
556 -138.768
557 -138.622
558 -138.57
559 -138.652
560 -138.834
561 -138.868
562 -138.952
563 -138.571
564 -138.139
565 -137.752
566 -137.255
567 -137.153
568 -137.296
569 -137.538
570 -137.894
571 -138.028
572 -137.869
573 -137.617
574 -137.338
575 -137.22
576 -137.114
577 -137.145
578 -137.07
579 -136.993
580 -136.745
581 -136.83
582 -136.553
583 -136.518
584 -136.458
585 -136.626
586 -136.99
587 -137.279
588 -137.658
589 -138.064
590 -138.108
591 -138.016
592 -137.788
593 -137.688
594 -137.678
595 -137.754
596 -137.783
597 -137.846
598 -137.59
599 -137.225
600 -137.002
601 -136.514
602 -136.368
603 -136.437
604 -136.561
605 -136.666
606 -136.66
607 -136.601
608 -136.472
609 -136.331
610 -136.17
611 -136.074
612 -136.007
613 -135.962
614 -135.979
615 -135.726
616 -135.815
617 -135.672
618 -135.585
619 -135.532
620 -135.608
621 -135.976
622 -136.285
623 -136.578
624 -136.969
625 -136.926
626 -136.963
627 -136.773
628 -136.751
629 -136.771
630 -136.824
631 -136.905
632 -137.039
633 -136.821
634 -136.177
635 -135.786
636 -135.274
637 -135.023
638 -135.088
639 -135.431
640 -135.704
641 -135.83
642 -135.801
643 -135.617
644 -135.472
645 -135.16
646 -135.061
647 -135.028
648 -134.955
649 -134.895
650 -134.731
651 -134.844
652 -134.486
653 -134.31
654 -134.341
655 -134.42
656 -134.676
657 -135.052
658 -135.367
659 -135.83
660 -135.99
661 -136.138
662 -135.89
663 -135.793
664 -135.68
665 -135.744
666 -135.753
667 -135.779
668 -135.653
669 -135.162
670 -135.029
671 -134.624
672 -134.495
673 -134.495
674 -134.665
675 -134.869
676 -134.913
677 -134.962
678 -134.807
679 -134.743
680 -134.498
681 -134.478
682 -134.331
683 -134.211
684 -134.18
685 -134.011
686 -134.068
687 -133.977
688 -133.838
689 -133.746
690 -133.742
691 -133.984
692 -134.277
693 -134.608
694 -135.135
695 -135.28
696 -135.307
697 -135.144
698 -134.991
699 -134.87
700 -134.905
701 -134.926
702 -135.005
703 -135.019
704 -134.388
705 -133.957
706 -133.379
707 -133.052
708 -133.023
709 -133.221
710 -133.494
711 -133.752
712 -133.929
713 -133.757
714 -133.689
715 -133.476
716 -133.441
717 -133.351
718 -133.298
719 -133.234
720 -133.088
721 -133.079
722 -132.926
723 -132.68
724 -132.646
725 -132.608
726 -132.843
727 -133.243
728 -133.649
729 -134.038
730 -134.203
731 -134.302
732 -134.244
733 -134.134
734 -134.11
735 -134.21
736 -134.197
737 -134.106
738 -134.213
739 -133.815
740 -133.39
741 -132.905
742 -132.478
743 -132.495
744 -132.688
745 -132.853
746 -133.07
747 -133.288
748 -133.099
749 -132.995
750 -132.772
751 -132.701
752 -132.516
753 -132.344
754 -132.191
755 -132.116
756 -131.968
757 -131.871
758 -131.669
759 -131.499
760 -131.486
761 -131.691
762 -132.101
763 -132.477
764 -132.924
765 -133.268
766 -133.384
767 -133.34
768 -133.085
769 -133.014
770 -132.988
771 -133.009
772 -132.953
773 -133.006
774 -132.705
775 -132.246
776 -131.807
777 -131.356
778 -131.182
779 -131.372
780 -131.685
781 -132.002
782 -132.173
783 -132.009
784 -131.845
785 -131.694
786 -131.529
787 -131.423
788 -131.376
789 -131.356
790 -131.314
791 -131.125
792 -131.106
793 -130.84
794 -130.717
795 -130.675
796 -130.948
797 -131.341
798 -131.731
799 -132.134
800 -132.519
801 -132.556
802 -132.51
803 -132.24
804 -132.198
805 -132.267
806 -132.345
807 -132.203
808 -132.224
809 -131.999
810 -131.625
811 -131.375
812 -131.004
813 -130.882
814 -130.933
815 -131.045
816 -131.226
817 -131.296
818 -131.198
819 -131.03
820 -130.918
821 -130.692
822 -130.49
823 -130.251
824 -129.921
825 -129.532
826 -129.001
827 -128.8
828 -128.27
829 -127.814
830 -127.292
831 -126.941
832 -126.726
833 -126.597
834 -126.539
835 -126.404
836 -125.962
837 -125.31
838 -124.487
839 -123.641
840 -122.686
841 -121.997
842 -121.575
843 -121.316
844 -120.695
845 -119.89
846 -118.94
847 -117.541
848 -116.383
849 -115.679
850 -115.324
851 -115.077
852 -115.173
853 -115.223
854 -115.328
855 -115.272
856 -115.27
857 -115.185
858 -115.25
859 -115.522
860 -115.8
861 -115.857
862 -115.765
863 -115.735
864 -115.667
865 -115.816
866 -116.248
867 -116.965
868 -117.721
869 -118.318
870 -118.704
871 -119.07
872 -119.342
873 -119.749
874 -120.237
875 -120.862
876 -121.367
877 -121.762
878 -122.036
879 -122.324
880 -122.634
881 -123.052
882 -123.435
883 -123.726
884 -123.858
885 -123.987
886 -124.135
887 -124.338
888 -124.517
889 -124.625
890 -124.783
891 -124.961
892 -125.147
893 -125.343
894 -125.461
895 -125.46
896 -125.429
897 -125.454
898 -125.633
899 -125.777
900 -125.939
901 -126.029
902 -126.053
903 -126.004
904 -125.956
905 -125.928
906 -126.016
907 -126.096
908 -126.215
909 -126.276
910 -126.303
911 -126.291
912 -126.285
913 -126.26
914 -126.252
915 -126.295
916 -126.368
917 -126.455
918 -126.53
919 -126.564
920 -126.556
921 -126.581
922 -126.598
923 -126.635
924 -126.64
925 -126.659
926 -126.653
927 -126.656
928 -126.6
929 -126.592
930 -126.56
931 -126.556
932 -126.549
933 -126.54
934 -126.484
935 -126.371
936 -125.413
937 -124.998
938 -124.957
939 -124.694
940 -123.976
941 -122.941
942 -121.919
943 -121.096
944 -120.503
945 -120.065
946 -119.515
947 -118.799
948 -117.959
949 -117.121
950 -116.277
951 -115.544
952 -114.845
953 -114.147
954 -113.417
955 -112.584
956 -111.764
957 -110.928
958 -110.037
959 -109.206
960 -108.519
961 -107.874
962 -107.341
963 -106.888
964 -106.673
965 -106.541
966 -106.388
967 -106.238
968 -106.208
969 -106.434
970 -106.922
971 -107.506
972 -108.012
973 -108.24
974 -108.399
975 -108.709
976 -109.051
977 -109.46
978 -109.799
979 -110.085
980 -110.382
981 -110.676
982 -110.964
983 -111.416
984 -112.14
985 -113.147
986 -114.115
987 -115.1
988 -115.916
989 -116.413
990 -116.749
991 -117.043
992 -117.357
993 -117.624
994 -117.941
995 -118.07
996 -118.333
997 -118.624
998 -118.624
999 -118.579
1000 -118.491
1001 -118.238
1002 -117.994
1003 -117.919
1004 -118.138
1005 -118.356
1006 -118.908
1007 -119.479
1008 -119.689
1009 -119.79
1010 -119.778
1011 -119.842
1012 -120.016
1013 -120.176
1014 -120.501
1015 -120.912
1016 -121.014
1017 -121.089
1018 -121.227
1019 -121.288
1020 -121.281
1021 -121.282
1022 -121.189
1023 -121.323
1024 -121.541
1025 -121.641
1026 -121.89
1027 -122.031
1028 -122.073
1029 -122.149
1030 -122.112
1031 -121.816
1032 -121.722
1033 -121.604
1034 -121.619
1035 -121.483
1036 -121.361
1037 -121.006
1038 -120.579
1039 -120.207
1040 -120.048
1041 -120.252
1042 -120.86
1043 -121.411
1044 -121.58
1045 -121.643
1046 -121.581
1047 -121.48
1048 -121.398
1049 -121.541
1050 -121.882
1051 -122.104
1052 -122.284
1053 -122.279
1054 -122.237
1055 -122.229
1056 -122.216
1057 -122.201
1058 -122.101
1059 -122.45
1060 -122.65
1061 -122.799
1062 -122.969
1063 -122.975
1064 -122.966
1065 -122.959
1066 -122.703
1067 -122.609
1068 -122.48
1069 -122.475
1070 -122.348
1071 -122.168
1072 -121.894
1073 -121.46
1074 -121.081
1075 -120.99
1076 -121.075
1077 -121.551
1078 -122.19
1079 -122.352
1080 -122.521
1081 -122.569
1082 -122.572
1083 -122.54
1084 -122.607
1085 -122.868
1086 -123.065
1087 -123.164
1088 -123.193
1089 -123.249
1090 -123.25
1091 -123.228
1092 -123.18
1093 -123.114
1094 -123.334
1095 -123.477
1096 -123.655
1097 -123.78
1098 -123.875
1099 -123.89
1100 -123.867
1101 -123.533
1102 -123.412
1103 -123.275
1104 -123.32
1105 -123.224
1106 -123.06
1107 -122.825
1108 -122.475
1109 -122.055
1110 -121.876
1111 -121.854
1112 -122.282
1113 -122.912
1114 -123.092
1115 -123.209
1116 -123.131
1117 -122.982
1118 -122.954
1119 -122.97
1120 -123.214
1121 -123.517
1122 -123.671
1123 -123.729
1124 -123.869
1125 -123.967
1126 -124.007
1127 -123.927
1128 -123.885
1129 -124.098
1130 -124.339
1131 -124.481
1132 -124.736
1133 -124.82
1134 -124.733
1135 -124.728
1136 -124.429
1137 -124.362
1138 -124.289
1139 -124.315
1140 -124.322
1141 -124.088
1142 -123.82
1143 -123.405
1144 -123.045
1145 -122.894
1146 -122.967
1147 -123.282
1148 -123.815
1149 -124.027
1150 -124.231
1151 -124.275
1152 -124.249
1153 -124.196
1154 -124.178
1155 -124.322
1156 -124.529
1157 -124.678
1158 -124.7
1159 -124.733
1160 -124.81
1161 -124.778
1162 -124.68
1163 -124.544
1164 -124.703
1165 -124.868
1166 -124.95
1167 -125.074
1168 -125.252
1169 -125.325
1170 -125.307
1171 -125.108
1172 -124.984
1173 -124.803
1174 -124.69
1175 -124.726
1176 -124.598
1177 -124.423
1178 -124.215
1179 -123.784
1180 -123.408
1181 -123.3
1182 -123.749
1183 -124.364
1184 -124.636
1185 -124.867
1186 -124.951
1187 -124.842
1188 -124.788
1189 -124.714
1190 -124.811
1191 -125.13
1192 -125.315
1193 -125.441
1194 -125.498
1195 -125.703
1196 -125.73
1197 -125.708
1198 -125.662
1199 -125.676
1200 -125.901
1201 -125.86
1202 -126.131
1203 -126.354
1204 -126.402
1205 -126.383
1206 -126.291
1207 -126.204
1208 -126.028
1209 -125.991
1210 -126.047
1211 -125.843
1212 -125.544
1213 -125.215
1214 -124.789
1215 -124.396
1216 -124.407
1217 -124.641
1218 -125.265
1219 -125.574
1220 -125.816
1221 -125.928
1222 -125.874
1223 -125.81
1224 -125.697
1225 -125.777
1226 -126.015
1227 -126.22
1228 -126.41
1229 -126.521
1230 -126.616
1231 -126.599
1232 -126.54
1233 -126.467
1234 -126.371
1235 -126.661
1236 -126.67
1237 -126.782
1238 -126.979
1239 -127.078
1240 -127.132
1241 -127.081
1242 -126.957
1243 -126.841
1244 -126.798
1245 -126.818
1246 -126.632
1247 -126.385
1248 -126.131
1249 -125.798
1250 -125.451
1251 -125.383
1252 -125.551
1253 -126.019
1254 -126.435
1255 -126.628
1256 -126.729
1257 -126.59
1258 -126.62
1259 -126.609
1260 -126.789
1261 -127.069
1262 -127.224
1263 -127.353
1264 -127.272
1265 -127.323
1266 -127.463
1267 -127.541
1268 -127.452
1269 -127.343
1270 -127.634
1271 -127.551
1272 -127.679
1273 -127.74
1274 -127.839
1275 -127.788
1276 -127.678
1277 -127.61
1278 -127.605
1279 -127.539
1280 -127.445
1281 -127.417
1282 -127.259
1283 -126.999
1284 -126.592
1285 -126.173
1286 -126.04
1287 -126.221
1288 -126.921
1289 -127.601
1290 -128.109
1291 -128.477
1292 -128.802
1293 -129.177
1294 -129.545
1295 -130.151
1296 -130.833
1297 -131.562
1298 -132.277
1299 -132.771
1300 -133.501
1301 -134.266
1302 -134.946
1303 -135.724
1304 -136.353
1305 -136.814
1306 -137.456
1307 -138.124
1308 -138.817
1309 -139.754
1310 -140.781
1311 -141.858
1312 -142.696
1313 -143.206
1314 -143.474
1315 -143.343
1316 -143.442
1317 -143.313
1318 -143.405
1319 -143.749
1320 -144.09
1321 -144.179
1322 -143.966
1323 -143.523
1324 -142.954
1325 -142.553
1326 -142.275
1327 -142.023
1328 -141.715
1329 -141.15
1330 -140.491
1331 -139.728
1332 -139.092
1333 -138.665
1334 -138.358
1335 -137.966
1336 -137.46
1337 -136.841
1338 -136.158
1339 -135.541
1340 -134.994
1341 -134.631
1342 -134.319
1343 -133.913
1344 -133.525
1345 -133.09
1346 -132.668
1347 -132.306
1348 -132.03
1349 -131.844
1350 -131.673
1351 -131.572
1352 -131.436
1353 -131.22
1354 -130.988
1355 -130.806
1356 -130.674
1357 -130.585
1358 -130.497
1359 -130.396
1360 -130.301
1361 -130.236
1362 -130.175
1363 -130.14
1364 -130.061
1365 -129.999
1366 -129.901
1367 -129.8
1368 -129.711
1369 -129.669
1370 -129.629
1371 -129.544
1372 -129.461
1373 -129.4
1374 -129.355
1375 -129.351
1376 -129.36
1377 -129.36
1378 -129.35
1379 -129.332
1380 -129.294
1381 -129.27
1382 -129.269
1383 -129.243
1384 -129.206
1385 -129.167
1386 -129.133
1387 -129.136
1388 -129.156
1389 -129.2
1390 -129.214
1391 -129.196
1392 -129.178
1393 -129.152
1394 -129.14
1395 -129.15
1396 -129.159
1397 -129.173
1398 -129.2
1399 -129.296
1400 -130.296
1401 -130.724
1402 -130.762
1403 -130.997
1404 -131.643
1405 -132.611
1406 -133.642
1407 -134.5
1408 -135.023
1409 -135.262
1410 -135.483
1411 -135.979
1412 -136.745
1413 -137.673
1414 -138.633
1415 -139.508
1416 -140.279
1417 -140.939
1418 -141.6
1419 -142.357
1420 -143.265
1421 -144.277
1422 -145.342
1423 -146.454
1424 -147.459
1425 -148.234
1426 -148.92
1427 -149.449
1428 -150.106
1429 -150.702
1430 -151.174
1431 -151.522
1432 -151.542
1433 -151.384
1434 -151.208
1435 -151.039
1436 -150.922
1437 -150.636
1438 -150.26
1439 -149.823
1440 -149.509
1441 -149.021
1442 -148.37
1443 -147.718
1444 -147.368
1445 -146.923
1446 -146.397
1447 -145.655
1448 -145.183
1449 -144.709
1450 -144.279
1451 -143.848
1452 -143.358
1453 -142.72
1454 -142.073
1455 -141.463
1456 -140.904
1457 -140.43
1458 -139.913
1459 -139.535
1460 -139.299
1461 -139.027
1462 -138.683
1463 -138.443
1464 -138.169
1465 -137.79
1466 -137.659
1467 -137.528
1468 -137.3
1469 -137.051
1470 -136.883
1471 -136.829
1472 -136.757
1473 -136.649
1474 -136.658
1475 -136.449
1476 -136.306
1477 -136.18
1478 -136.231
1479 -136.487
1480 -136.718
1481 -136.866
1482 -137.171
1483 -137.039
1484 -136.928
1485 -136.672
1486 -136.591
1487 -136.647
1488 -136.827
1489 -136.9
1490 -136.883
1491 -136.78
1492 -136.381
1493 -136.219
1494 -135.937
1495 -135.641
1496 -135.629
1497 -135.617
1498 -135.645
1499 -135.755
1500 -135.73
1501 -135.578
1502 -135.52
1503 -135.35
1504 -135.287
1505 -135.141
1506 -135.003
1507 -134.9
1508 -134.778
1509 -134.961
1510 -134.771
1511 -134.69
1512 -134.643
1513 -134.583
1514 -134.77
1515 -135.113
1516 -135.402
1517 -135.849
1518 -136.024
1519 -136.027
1520 -135.71
1521 -135.54
1522 -135.331
1523 -135.462
1524 -135.647
1525 -135.779
1526 -135.715
1527 -135.37
1528 -135.201
1529 -134.76
1530 -134.356
1531 -134.343
1532 -134.517
1533 -134.632
1534 -134.77
1535 -134.8
1536 -134.569
1537 -134.295
1538 -134.134
1539 -134.022
1540 -134.024
1541 -133.926
1542 -133.913
1543 -133.896
1544 -133.907
1545 -133.724
1546 -133.68
1547 -133.709
1548 -133.626
1549 -133.794
1550 -134.318
1551 -134.591
1552 -134.827
1553 -135.018
1554 -134.994
1555 -134.839
1556 -134.808
1557 -134.77
1558 -134.837
1559 -134.953
1560 -134.911
1561 -134.829
1562 -134.356
1563 -134.22
1564 -133.81
1565 -133.523
1566 -133.454
1567 -133.463
1568 -133.583
1569 -133.714
1570 -133.743
1571 -133.615
1572 -133.526
1573 -133.386
1574 -133.237
1575 -133.135
1576 -133.012
1577 -133.007
1578 -132.928
1579 -132.922
1580 -132.758
1581 -132.633
1582 -132.643
1583 -132.606
1584 -132.784
1585 -133.1
1586 -133.338
1587 -133.613
1588 -133.944
1589 -133.957
1590 -133.844
1591 -133.656
1592 -133.535
1593 -133.552
1594 -133.673
1595 -133.707
1596 -133.851
1597 -133.485
1598 -133.266
1599 -132.891
1600 -132.598
1601 -132.523
1602 -132.68
1603 -132.895
1604 -133.029
1605 -133.046
1606 -132.844
1607 -132.74
1608 -132.699
1609 -132.594
1610 -132.497
1611 -132.364
1612 -132.237
1613 -132.116
1614 -132.102
1615 -132.011
1616 -131.887
1617 -131.87
1618 -131.844
1619 -132.035
1620 -132.343
1621 -132.62
1622 -132.896
1623 -133.248
1624 -133.17
1625 -133.112
1626 -132.95
1627 -132.903
1628 -132.86
1629 -133.056
1630 -133.042
1631 -133.048
1632 -132.682
1633 -132.441
1634 -132.146
1635 -131.825
1636 -131.624
1637 -131.656
1638 -131.721
1639 -131.728
1640 -131.859
1641 -131.783
1642 -131.604
1643 -131.484
1644 -131.297
1645 -131.251
1646 -131.22
1647 -131.12
1648 -131.096
1649 -131.132
1650 -131.139
1651 -130.949
1652 -130.928
1653 -130.91
1654 -131.017
1655 -131.319
1656 -131.667
1657 -131.901
1658 -132.253
1659 -132.277
1660 -132.267
1661 -132.106
1662 -131.961
1663 -131.92
1664 -132.044
1665 -132.08
1666 -132.274
1667 -132.083
1668 -131.823
1669 -131.584
1670 -131.191
1671 -130.933
1672 -130.963
1673 -131.064
1674 -131.114
1675 -131.216
1676 -131.147
1677 -131.003
1678 -130.845
1679 -130.719
1680 -130.62
1681 -130.529
1682 -130.375
1683 -130.307
1684 -130.178
1685 -130.2
1686 -130.004
1687 -129.937
1688 -129.889
1689 -129.913
1690 -130.227
1691 -130.623
1692 -130.905
1693 -131.316
1694 -131.382
1695 -131.345
1696 -131.098
1697 -131.023
1698 -130.988
1699 -131.114
1700 -131.114
1701 -131.166
1702 -131.045
1703 -130.762
1704 -130.61
1705 -130.165
1706 -129.887
1707 -129.776
1708 -129.901
1709 -130.114
1710 -130.204
1711 -130.094
1712 -129.99
1713 -129.959
1714 -129.817
1715 -129.75
1716 -129.615
1717 -129.427
1718 -129.444
1719 -129.369
1720 -129.44
1721 -129.157
1722 -129.104
1723 -129.029
1724 -129.045
1725 -129.38
1726 -129.778
1727 -130.022
1728 -130.429
1729 -130.463
1730 -130.482
1731 -130.316
1732 -130.275
1733 -130.267
1734 -130.429
1735 -130.498
1736 -130.547
1737 -130.557
1738 -130.095
1739 -129.926
1740 -129.522
1741 -129.197
1742 -128.983
1743 -129.108
1744 -129.304
1745 -129.36
1746 -129.385
1747 -129.304
1748 -129.153
1749 -129.03
1750 -128.808
1751 -128.633
1752 -128.333
1753 -128.012
1754 -127.574
1755 -127.277
1756 -126.783
1757 -126.281
1758 -125.811
1759 -125.386
1760 -125.076
1761 -124.981
1762 -124.811
1763 -124.741
1764 -124.341
1765 -123.863
1766 -122.953
1767 -122.195
1768 -121.396
1769 -120.65
1770 -120.059
1771 -119.876
1772 -119.366
1773 -118.692
1774 -118.029
1775 -117.031
1776 -115.672
1777 -114.616
1778 -113.921
1779 -113.464
1780 -113.304
1781 -113.324
1782 -113.488
1783 -113.545
1784 -113.505
1785 -113.386
1786 -113.44
1787 -113.559
1788 -113.756
1789 -113.948
1790 -114.101
1791 -114.096
1792 -114.147
1793 -114.438
1794 -114.814
1795 -115.213
1796 -115.516
1797 -115.912
1798 -116.284
1799 -116.753
1800 -117.307
1801 -117.872
1802 -118.448
1803 -119.062
1804 -119.651
1805 -120.181
1806 -120.569
1807 -120.89
1808 -121.213
1809 -121.508
1810 -121.698
1811 -121.87
1812 -121.973
1813 -122.134
1814 -122.352
1815 -122.593
1816 -122.849
1817 -123.068
1818 -123.252
1819 -123.33
1820 -123.337
1821 -123.342
1822 -123.427
1823 -123.522
1824 -123.657
1825 -123.791
1826 -123.914
1827 -124.018
1828 -124.124
1829 -124.152
1830 -124.198
1831 -124.204
1832 -124.255
1833 -124.298
1834 -124.384
1835 -124.471
1836 -124.56
1837 -124.57
1838 -124.558
1839 -124.542
1840 -124.552
1841 -124.586
1842 -124.672
1843 -124.767
1844 -124.83
1845 -124.864
1846 -124.869
1847 -124.858
1848 -124.865
1849 -124.896
1850 -124.902
1851 -124.912
1852 -124.884
1853 -124.86
1854 -124.85
1855 -124.909
1856 -124.923
1857 -124.94
1858 -124.878
1859 -124.847
1860 -124.83
1861 -124.894
1862 -124.896
1863 -124.796
1864 -123.776
1865 -123.395
1866 -123.367
1867 -123.146
1868 -122.419
1869 -121.384
1870 -120.34
1871 -119.512
1872 -118.966
1873 -118.587
1874 -118.091
1875 -117.339
1876 -116.458
1877 -115.517
1878 -114.633
1879 -113.875
1880 -113.2
1881 -112.568
1882 -111.89
1883 -111.141
1884 -110.426
1885 -109.756
1886 -109.038
1887 -108.211
1888 -107.348
1889 -106.536
1890 -105.953
1891 -105.389
1892 -105.022
1893 -104.816
1894 -104.841
1895 -105.037
1896 -105.222
1897 -105.382
1898 -105.63
1899 -105.803
1900 -106.112
1901 -106.615
1902 -107.082
1903 -107.561
1904 -107.97
1905 -108.382
1906 -108.659
1907 -108.632
1908 -108.794
1909 -109.286
1910 -109.941
1911 -110.641
1912 -111.475
1913 -112.339
1914 -113.094
1915 -113.88
1916 -114.62
1917 -115.121
1918 -115.445
1919 -115.843
1920 -116.186
1921 -116.411
1922 -116.648
1923 -116.83
1924 -117.142
1925 -117.214
1926 -117.199
1927 -117.153
1928 -117.157
1929 -117.022
1930 -116.85
1931 -116.712
1932 -116.679
1933 -116.987
1934 -117.63
1935 -118.387
1936 -118.479
1937 -118.532
1938 -118.545
1939 -118.518
1940 -118.724
1941 -118.895
1942 -119.208
1943 -119.523
1944 -119.728
1945 -119.854
1946 -119.933
1947 -120.087
1948 -120.179
1949 -120.229
1950 -120.148
1951 -120.273
1952 -120.479
1953 -120.45
1954 -120.525
1955 -120.637
1956 -120.662
1957 -120.785
1958 -120.717
1959 -120.571
1960 -120.543
1961 -120.457
1962 -120.545
1963 -120.466
1964 -120.281
1965 -119.84
1966 -119.409
1967 -119.14
1968 -119.103
1969 -119.311
1970 -119.957
1971 -120.321
1972 -120.439
1973 -120.464
1974 -120.352
1975 -120.243
1976 -120.191
1977 -120.376
1978 -120.655
1979 -120.913
1980 -121.014
1981 -120.98
1982 -121.055
1983 -121.184
1984 -121.208
1985 -121.216
1986 -121.147
1987 -121.411
1988 -121.435
1989 -121.45
1990 -121.579
1991 -121.632
1992 -121.669
1993 -121.68
1994 -121.495
1995 -121.389
1996 -121.25
1997 -121.234
1998 -121.264
1999 -121.204
2000 -120.865
2001 -120.537
2002 -120.184
2003 -119.889
2004 -119.973
2005 -120.602
2006 -121.09
2007 -121.381
2008 -121.526
2009 -121.475
2010 -121.368
2011 -121.187
2012 -121.326
2013 -121.584
2014 -121.796
2015 -122.008
2016 -122.023
2017 -122.156
2018 -122.203
2019 -122.189
2020 -122.172
2021 -122.027
2022 -122.165
2023 -122.188
2024 -122.29
2025 -122.538
2026 -122.667
2027 -122.67
2028 -122.628
2029 -122.436
2030 -122.408
2031 -122.314
2032 -122.312
2033 -122.286
2034 -122.162
2035 -121.814
2036 -121.375
2037 -121.022
2038 -120.813
2039 -120.873
2040 -121.45
2041 -121.89
2042 -122.021
2043 -122.097
2044 -122.015
2045 -121.867
2046 -121.855
2047 -121.972
2048 -122.186
2049 -122.432
2050 -122.642
2051 -122.74
2052 -122.849
2053 -122.925
2054 -123.028
2055 -123.01
2056 -122.925
2057 -123.166
2058 -123.329
2059 -123.383
2060 -123.53
2061 -123.599
2062 -123.588
2063 -123.6
2064 -123.43
2065 -123.439
2066 -123.383
2067 -123.34
2068 -123.348
2069 -123.107
2070 -122.766
2071 -122.298
2072 -121.947
2073 -121.793
2074 -121.791
2075 -122.229
2076 -122.929
2077 -123.128
2078 -123.296
2079 -123.4
2080 -123.37
2081 -123.195
2082 -123.1
2083 -123.211
2084 -123.393
2085 -123.462
2086 -123.532
2087 -123.707
2088 -123.837
2089 -123.846
2090 -123.83
2091 -123.738
2092 -123.739
2093 -123.836
2094 -123.842
2095 -124.015
2096 -124.101
2097 -124.181
2098 -124.243
2099 -124.098
2100 -124.04
2101 -123.982
2102 -123.968
2103 -123.953
2104 -123.818
2105 -123.563
2106 -123.169
2107 -122.792
2108 -122.487
2109 -122.421
2110 -122.851
2111 -123.445
2112 -123.62
2113 -123.868
2114 -123.923
2115 -123.853
2116 -123.792
2117 -123.763
2118 -123.99
2119 -124.256
2120 -124.439
2121 -124.56
2122 -124.58
2123 -124.678
2124 -124.805
2125 -124.9
2126 -124.868
2127 -124.87
2128 -125.025
2129 -124.91
2130 -125.038
2131 -125.149
2132 -125.257
2133 -125.456
2134 -125.334
2135 -125.258
2136 -125.18
2137 -125.072
2138 -124.985
2139 -124.866
2140 -124.743
2141 -124.271
2142 -123.813
2143 -123.557
2144 -123.505
2145 -123.731
2146 -124.462
2147 -124.784
2148 -124.98
2149 -124.986
2150 -124.841
2151 -124.702
2152 -124.622
2153 -124.82
2154 -125.095
2155 -125.312
2156 -125.373
2157 -125.444
2158 -125.625
2159 -125.713
2160 -125.752
2161 -125.734
2162 -125.643
2163 -125.771
2164 -125.694
2165 -125.846
2166 -125.948
2167 -126.051
2168 -126.226
2169 -126.18
2170 -125.989
2171 -125.921
2172 -125.884
2173 -125.84
2174 -125.657
2175 -125.45
2176 -125.19
2177 -124.834
2178 -124.54
2179 -124.43
2180 -124.604
2181 -125.236
2182 -125.565
2183 -125.791
2184 -125.869
2185 -125.801
2186 -125.696
2187 -125.64
2188 -125.794
2189 -126.018
2190 -126.237
2191 -126.378
2192 -126.35
2193 -126.46
2194 -126.577
2195 -126.64
2196 -126.579
2197 -126.456
2198 -126.726
2199 -126.673
2200 -126.76
2201 -126.82
2202 -126.843
2203 -126.894
2204 -126.84
2205 -126.766
2206 -126.74
2207 -126.698
2208 -126.551
2209 -126.545
2210 -126.4
2211 -126.101
2212 -125.682
2213 -125.398
2214 -125.327
2215 -125.511
2216 -126.167
2217 -126.758
2218 -127.238
2219 -127.629
2220 -127.98
2221 -128.309
2222 -128.632
2223 -129.182
2224 -129.795
2225 -130.465
2226 -131.138
2227 -131.691
2228 -132.466
2229 -133.371
2230 -134.076
2231 -134.875
2232 -135.497
2233 -135.931
2234 -136.557
2235 -137.159
2236 -137.85
2237 -138.804
2238 -139.883
2239 -140.925
2240 -141.762
2241 -142.315
2242 -142.428
2243 -142.439
2244 -142.502
2245 -142.375
2246 -142.298
2247 -142.588
2248 -143.03
2249 -143.269
2250 -143.133
2251 -142.604
2252 -141.869
2253 -141.381
2254 -141.093
2255 -140.947
2256 -140.76
2257 -140.375
2258 -139.685
2259 -138.885
2260 -138.134
2261 -137.677
2262 -137.349
2263 -137.001
2264 -136.62
2265 -136.004
2266 -135.27
2267 -134.541
2268 -133.969
2269 -133.459
2270 -132.982
2271 -132.553
2272 -132.299
2273 -132.037
2274 -131.799
2275 -131.532
2276 -131.3
2277 -131.061
2278 -130.867
2279 -130.645
2280 -130.36
2281 -130.116
2282 -129.984
2283 -129.959
2284 -129.871
2285 -129.78
2286 -129.62
2287 -129.484
2288 -129.409
2289 -129.42
2290 -129.489
2291 -129.473
2292 -129.396
2293 -129.264
2294 -129.136
2295 -129.035
2296 -128.98
2297 -128.971
2298 -128.925
2299 -128.857
2300 -128.749
2301 -128.69
2302 -128.656
2303 -128.64
2304 -128.657
2305 -128.654
2306 -128.626
2307 -128.56
2308 -128.475
2309 -128.436
2310 -128.452
2311 -128.494
2312 -128.505
2313 -128.463
2314 -128.384
2315 -128.321
2316 -128.313
2317 -128.381
2318 -128.4
2319 -128.371
2320 -128.325
2321 -128.291
2322 -128.302
2323 -128.326
2324 -128.35
2325 -128.337
2326 -128.33
2327 -128.41
2328 -129.429
2329 -129.805
2330 -129.855
2331 -130.1
2332 -130.76
2333 -131.72
2334 -132.742
2335 -133.627
2336 -134.197
2337 -134.553
2338 -134.906
2339 -135.448
2340 -136.215
2341 -137.122
2342 -138.005
2343 -138.732
2344 -139.346
2345 -139.892
2346 -140.509
2347 -141.298
2348 -142.253
2349 -143.335
2350 -144.461
2351 -145.577
2352 -146.532
2353 -147.253
2354 -147.967
2355 -148.618
2356 -149.41
2357 -149.994
2358 -150.313
2359 -150.42
2360 -150.401
2361 -150.292
2362 -150.111
2363 -149.924
2364 -149.729
2365 -149.422
2366 -149.201
2367 -148.855
2368 -148.412
2369 -147.84
2370 -147.251
2371 -146.774
2372 -146.357
2373 -145.82
2374 -145.307
2375 -144.619
2376 -144.06
2377 -143.571
2378 -143.248
2379 -142.99
2380 -142.478
2381 -141.756
2382 -141.016
2383 -140.359
2384 -139.64
2385 -139.347
2386 -138.914
2387 -138.587
2388 -138.27
2389 -138.006
2390 -137.697
2391 -137.446
2392 -137.103
2393 -136.949
2394 -136.81
2395 -136.656
2396 -136.393
2397 -136.281
2398 -136.022
2399 -135.859
2400 -135.811
2401 -135.862
2402 -135.753
2403 -135.446
2404 -135.35
2405 -135.314
2406 -135.368
2407 -135.63
2408 -135.955
2409 -136.117
2410 -136.296
2411 -136.069
2412 -135.985
2413 -135.758
2414 -135.724
2415 -135.814
2416 -136.001
2417 -135.99
2418 -135.977
2419 -135.737
2420 -135.345
2421 -135.163
2422 -134.874
2423 -134.75
2424 -134.772
2425 -134.844
2426 -134.887
2427 -134.924
2428 -134.837
2429 -134.664
2430 -134.476
2431 -134.387
2432 -134.281
2433 -134.162
2434 -134.001
2435 -133.87
2436 -133.862
2437 -133.906
2438 -133.714
2439 -133.733
2440 -133.719
2441 -133.682
2442 -133.925
2443 -134.279
2444 -134.493
2445 -134.871
2446 -134.99
2447 -134.96
2448 -134.713
2449 -134.574
2450 -134.453
2451 -134.585
2452 -134.735
2453 -134.878
2454 -134.85
2455 -134.479
2456 -134.281
2457 -133.953
2458 -133.659
2459 -133.552
2460 -133.618
2461 -133.729
2462 -133.84
2463 -133.783
2464 -133.612
2465 -133.506
2466 -133.337
2467 -133.321
2468 -133.33
2469 -133.269
2470 -133.173
2471 -133.057
2472 -133.11
2473 -132.719
2474 -132.633
2475 -132.637
2476 -132.631
2477 -132.883
2478 -133.336
2479 -133.671
2480 -134.017
2481 -134.14
2482 -134.174
2483 -133.904
2484 -133.732
2485 -133.744
2486 -133.854
2487 -133.948
2488 -133.919
2489 -133.919
2490 -133.57
2491 -133.365
2492 -133.067
2493 -132.748
2494 -132.614
2495 -132.527
2496 -132.63
2497 -132.662
2498 -132.661
2499 -132.661
2500 -132.618
2501 -132.491
2502 -132.26
2503 -132.204
2504 -132.062
2505 -131.971
2506 -131.86
2507 -132.024
2508 -131.902
2509 -131.812
2510 -131.78
2511 -131.708
2512 -131.877
2513 -132.247
2514 -132.549
2515 -132.899
2516 -133.093
2517 -133.092
2518 -132.925
2519 -132.799
2520 -132.651
2521 -132.794
2522 -132.889
2523 -132.983
2524 -133.05
2525 -132.673
2526 -132.522
2527 -132.176
2528 -131.929
2529 -131.734
2530 -131.913
2531 -132.051
2532 -132.202
2533 -132.286
2534 -132.228
2535 -132.062
2536 -132.061
2537 -131.862
2538 -131.77
2539 -131.59
2540 -131.477
2541 -131.382
2542 -131.381
2543 -131.249
2544 -131.069
2545 -131.098
2546 -131.022
2547 -131.162
2548 -131.495
2549 -131.848
2550 -132.176
2551 -132.505
2552 -132.464
2553 -132.26
2554 -132.102
2555 -131.99
2556 -132.091
2557 -132.184
2558 -132.232
2559 -132.29
2560 -131.915
2561 -131.678
2562 -131.333
2563 -131.025
2564 -130.745
2565 -130.795
2566 -130.935
2567 -130.972
2568 -130.895
2569 -130.862
2570 -130.833
2571 -130.706
2572 -130.617
2573 -130.588
2574 -130.455
2575 -130.343
2576 -130.269
2577 -130.245
2578 -130.195
2579 -129.994
2580 -129.97
2581 -129.984
2582 -130.101
2583 -130.422
2584 -130.852
2585 -131.125
2586 -131.505
2587 -131.481
2588 -131.47
2589 -131.308
2590 -131.147
2591 -131.161
2592 -131.353
2593 -131.29
2594 -131.531
2595 -131.32
2596 -131.009
2597 -130.708
2598 -130.264
2599 -130.039
2600 -130.068
2601 -130.162
2602 -130.339
2603 -130.433
2604 -130.295
2605 -130.187
2606 -130.093
2607 -129.907
2608 -129.839
2609 -129.706
2610 -129.64
2611 -129.531
2612 -129.479
2613 -129.43
2614 -129.098
2615 -128.976
2616 -128.98
2617 -129.047
2618 -129.362
2619 -129.725
2620 -130.005
2621 -130.473
2622 -130.463
2623 -130.445
2624 -130.319
2625 -130.172
2626 -130.251
2627 -130.362
2628 -130.268
2629 -130.363
2630 -130.149
2631 -129.839
2632 -129.632
2633 -129.266
2634 -128.96
2635 -128.904
2636 -129.031
2637 -129.161
2638 -129.23
2639 -129.279
2640 -129.211
2641 -129.12
2642 -129.046
2643 -129
2644 -128.838
2645 -128.753
2646 -128.641
2647 -128.534
2648 -128.538
2649 -128.306
2650 -128.316
2651 -128.241
2652 -128.253
2653 -128.528
2654 -128.856
2655 -129.094
2656 -129.659
2657 -129.659
2658 -129.654
2659 -129.508
2660 -129.461
2661 -129.445
2662 -129.578
2663 -129.69
2664 -129.801
2665 -129.609
2666 -129.254
2667 -129.071
2668 -128.594
2669 -128.399
2670 -128.362
2671 -128.423
2672 -128.483
2673 -128.617
2674 -128.572
2675 -128.412
2676 -128.25
2677 -128.156
2678 -127.956
2679 -127.753
2680 -127.481
2681 -127.189
2682 -126.859
2683 -126.574
2684 -125.995
2685 -125.551
2686 -125.013
2687 -124.557
2688 -124.323
2689 -124.285
2690 -124.097
2691 -124.002
2692 -123.612
2693 -123.055
2694 -122.179
2695 -121.351
2696 -120.541
2697 -119.836
2698 -119.392
2699 -119.028
2700 -118.456
2701 -117.854
2702 -117.24
2703 -116.11
2704 -114.997
2705 -114.061
2706 -113.193
2707 -112.66
2708 -112.476
2709 -112.527
2710 -112.537
2711 -112.524
2712 -112.612
2713 -112.601
2714 -112.63
2715 -112.803
2716 -113.002
2717 -113.148
2718 -113.266
2719 -113.383
2720 -113.479
2721 -113.601
2722 -113.859
2723 -114.315
2724 -114.778
2725 -115.31
2726 -115.836
2727 -116.306
2728 -116.778
2729 -117.248
2730 -117.771
2731 -118.318
2732 -118.839
2733 -119.28
2734 -119.569
2735 -119.731
2736 -119.932
2737 -120.237
2738 -120.613
2739 -121.006
2740 -121.329
2741 -121.596
2742 -121.771
2743 -121.879
2744 -121.966
2745 -122.066
2746 -122.225
2747 -122.415
2748 -122.553
2749 -122.677
2750 -122.807
2751 -122.884
2752 -122.952
2753 -122.956
2754 -123
2755 -123.09
2756 -123.242
2757 -123.402
2758 -123.523
2759 -123.606
2760 -123.642
2761 -123.688
2762 -123.727
2763 -123.754
2764 -123.779
2765 -123.778
2766 -123.795
2767 -123.806
2768 -123.83
2769 -123.832
2770 -123.814
2771 -123.78
2772 -123.748
2773 -123.759
2774 -123.751
2775 -123.785
2776 -123.817
2777 -123.853
2778 -123.87
2779 -123.887
2780 -123.918
2781 -123.952
2782 -123.986
2783 -124.01
2784 -124.018
2785 -124.028
2786 -124.014
2787 -123.987
2788 -123.959
2789 -123.933
2790 -123.936
2791 -123.793
2792 -122.8
2793 -122.481
2794 -122.4
2795 -122.152
2796 -121.435
2797 -120.439
2798 -119.452
2799 -118.604
2800 -118.044
2801 -117.635
2802 -117.169
2803 -116.542
2804 -115.792
2805 -114.99
2806 -114.12
2807 -113.303
2808 -112.578
2809 -111.887
2810 -111.195
2811 -110.437
2812 -109.697
2813 -108.966
2814 -108.109
2815 -107.306
2816 -106.598
2817 -106.027
2818 -105.61
2819 -105.211
2820 -104.848
2821 -104.502
2822 -104.315
2823 -104.258
2824 -104.358
2825 -104.723
2826 -105.148
2827 -105.508
2828 -105.877
2829 -106.184
2830 -106.423
2831 -106.688
2832 -106.997
2833 -107.526
2834 -108.126
2835 -108.478
2836 -108.766
2837 -109.096
2838 -109.481
2839 -110.037
2840 -110.759
2841 -111.801
2842 -112.818
2843 -113.714
2844 -114.426
2845 -114.84
2846 -115.028
2847 -115.325
2848 -115.68
2849 -115.982
2850 -116.121
2851 -116.232
2852 -116.571
2853 -116.72
2854 -116.759
2855 -116.852
2856 -116.767
2857 -116.572
2858 -116.387
2859 -116.373
2860 -116.554
2861 -116.77
2862 -117.271
2863 -117.768
2864 -117.988
2865 -118.069
2866 -118.107
2867 -118.26
2868 -118.352
2869 -118.433
2870 -118.753
2871 -119.082
2872 -119.21
2873 -119.323
2874 -119.528
2875 -119.684
2876 -119.775
2877 -119.858
2878 -119.763
2879 -119.782
2880 -119.862
2881 -119.975
2882 -120.095
2883 -120.204
2884 -120.351
2885 -120.465
2886 -120.356
2887 -120.098
2888 -120.02
2889 -119.981
2890 -119.975
2891 -119.916
2892 -119.904
2893 -119.547
2894 -119.066
2895 -118.741
2896 -118.659
2897 -118.97
2898 -119.555
2899 -119.966
2900 -120.168
2901 -120.119
2902 -119.972
2903 -119.859
2904 -119.785
2905 -119.971
2906 -120.245
2907 -120.445
2908 -120.564
2909 -120.573
2910 -120.7
2911 -120.77
2912 -120.817
2913 -120.787
2914 -120.679
2915 -120.857
2916 -120.887
2917 -121.046
2918 -121.225
2919 -121.24
2920 -121.36
2921 -121.397
2922 -121.158
2923 -121.046
2924 -120.889
2925 -120.966
2926 -120.862
2927 -120.738
2928 -120.517
2929 -120.205
2930 -119.795
2931 -119.554
2932 -119.723
2933 -120.216
2934 -120.667
2935 -121.063
2936 -121.2
2937 -121.135
2938 -121.079
2939 -120.912
2940 -121.04
2941 -121.259
2942 -121.47
2943 -121.585
2944 -121.63
2945 -121.761
2946 -121.83
2947 -121.837
2948 -121.814
2949 -121.721
2950 -121.838
2951 -121.863
2952 -121.938
2953 -122.115
2954 -122.248
2955 -122.318
2956 -122.317
2957 -122.105
2958 -122.002
2959 -121.926
2960 -122.059
2961 -121.999
2962 -121.853
2963 -121.563
2964 -121.123
2965 -120.712
2966 -120.433
2967 -120.448
2968 -120.958
2969 -121.4
2970 -121.633
2971 -121.796
2972 -121.683
2973 -121.597
2974 -121.499
2975 -121.614
2976 -121.852
2977 -122.132
2978 -122.339
2979 -122.388
2980 -122.576
2981 -122.679
2982 -122.706
2983 -122.748
2984 -122.591
2985 -122.677
2986 -122.801
2987 -122.952
2988 -123.115
2989 -123.16
2990 -123.228
2991 -123.287
2992 -123.127
2993 -122.993
2994 -122.976
2995 -122.962
2996 -122.96
2997 -122.796
2998 -122.574
2999 -122.146
3000 -121.745
3001 -121.476
3002 -121.54
3003 -122.034
3004 -122.504
3005 -122.801
3006 -123.055
3007 -122.987
3008 -122.847
3009 -122.776
3010 -122.72
3011 -122.879
3012 -123.076
3013 -123.281
3014 -123.346
3015 -123.392
3016 -123.518
3017 -123.571
3018 -123.536
3019 -123.409
3020 -123.487
3021 -123.549
3022 -123.483
3023 -123.576
3024 -123.668
3025 -123.735
3026 -123.873
3027 -123.79
3028 -123.806
3029 -123.691
3030 -123.681
3031 -123.682
3032 -123.486
3033 -123.26
3034 -122.852
3035 -122.465
3036 -122.129
3037 -122.107
3038 -122.409
3039 -122.963
3040 -123.35
3041 -123.529
3042 -123.671
3043 -123.607
3044 -123.458
3045 -123.439
3046 -123.543
3047 -123.728
3048 -124.018
3049 -124.144
3050 -124.289
3051 -124.506
3052 -124.617
3053 -124.672
3054 -124.521
3055 -124.554
3056 -124.665
3057 -124.601
3058 -124.732
3059 -124.912
3060 -125.017
3061 -125.138
3062 -125.015
3063 -124.909
3064 -124.84
3065 -124.731
3066 -124.674
3067 -124.494
3068 -124.271
3069 -123.953
3070 -123.603
3071 -123.335
3072 -123.179
3073 -123.436
3074 -123.956
3075 -124.3
3076 -124.63
3077 -124.686
3078 -124.629
3079 -124.495
3080 -124.398
3081 -124.519
3082 -124.81
3083 -125.028
3084 -125.101
3085 -125.151
3086 -125.319
3087 -125.454
3088 -125.573
3089 -125.396
3090 -125.323
3091 -125.492
3092 -125.286
3093 -125.457
3094 -125.659
3095 -125.79
3096 -125.837
3097 -125.736
3098 -125.652
3099 -125.606
3100 -125.518
3101 -125.51
3102 -125.446
3103 -125.202
3104 -124.859
3105 -124.471
3106 -124.181
3107 -124.173
3108 -124.304
3109 -124.892
3110 -125.278
3111 -125.517
3112 -125.598
3113 -125.588
3114 -125.499
3115 -125.397
3116 -125.513
3117 -125.738
3118 -125.904
3119 -125.991
3120 -126.08
3121 -126.264
3122 -126.402
3123 -126.372
3124 -126.133
3125 -126.037
3126 -126.21
3127 -126.145
3128 -126.325
3129 -126.498
3130 -126.544
3131 -126.617
3132 -126.557
3133 -126.469
3134 -126.45
3135 -126.34
3136 -126.361
3137 -126.341
3138 -126.167
3139 -125.861
3140 -125.466
3141 -125.218
3142 -125.087
3143 -125.216
3144 -125.916
3145 -126.446
3146 -126.899
3147 -127.335
3148 -127.648
3149 -127.962
3150 -128.362
3151 -128.998
3152 -129.624
3153 -130.351
3154 -130.91
3155 -131.425
3156 -132.273
3157 -133.157
3158 -133.921
3159 -134.747
3160 -135.335
3161 -135.69
3162 -136.245
3163 -136.858
3164 -137.482
3165 -138.458
3166 -139.638
3167 -140.72
3168 -141.506
3169 -142.012
3170 -142.114
3171 -142.166
3172 -142.164
3173 -142.037
3174 -142.153
3175 -142.544
3176 -142.902
3177 -142.976
3178 -142.71
3179 -142.104
3180 -141.488
3181 -141.114
3182 -140.935
3183 -140.812
3184 -140.59
3185 -140.023
3186 -139.22
3187 -138.315
3188 -137.655
3189 -137.285
3190 -137.034
3191 -136.797
3192 -136.366
3193 -135.754
3194 -135
3195 -134.353
3196 -133.859
3197 -133.45
3198 -133.033
3199 -132.589
3200 -132.143
3201 -131.706
3202 -131.343
3203 -131.009
3204 -130.786
3205 -130.658
3206 -130.499
3207 -130.334
3208 -130.163
3209 -130.026
3210 -129.869
3211 -129.679
3212 -129.506
3213 -129.37
3214 -129.322
3215 -129.33
3216 -129.269
3217 -129.187
3218 -129.097
3219 -128.983
3220 -128.868
3221 -128.815
3222 -128.773
3223 -128.791
3224 -128.803
3225 -128.8
3226 -128.735
3227 -128.632
3228 -128.547
3229 -128.496
3230 -128.5
3231 -128.525
3232 -128.549
3233 -128.564
3234 -128.553
3235 -128.507
3236 -128.437
3237 -128.371
3238 -128.318
3239 -128.275
3240 -128.232
3241 -128.191
3242 -128.17
3243 -128.157
3244 -128.194
3245 -128.213
3246 -128.222
3247 -128.205
3248 -128.195
3249 -128.19
3250 -128.187
3251 -128.203
3252 -128.199
3253 -128.19
3254 -128.17
3255 -128.126
3256 -128.092
3257 -128.096
3258 -128.113
3259 -128.13
3260 -128.095
3261 -128.068
3262 -128.043
3263 -128.06
3264 -128.076
3265 -128.087
3266 -128.09
3267 -128.063
3268 -128.042
3269 -128.03
3270 -128.022
3271 -128.05
3272 -128.066
3273 -128.09
3274 -128.097
3275 -128.08
3276 -128.089
3277 -128.062
3278 -128.05
3279 -128.063
3280 -128.08
3281 -128.104
3282 -128.087
3283 -128.07
3284 -128.07
3285 -128.098
3286 -128.123
3287 -128.15
3288 -128.155
3289 -128.118
3290 -128.11
3291 -128.119
3292 -128.13
3293 -128.151
3294 -128.152
3295 -128.125
3296 -128.118
3297 -128.11
3298 -128.12
3299 -128.117
3300 -128.11
3301 -128.12
3302 -128.134
3303 -128.133
3304 -128.142
3305 -128.12
3306 -128.115
3307 -128.1
3308 -128.147
3309 -128.176
3310 -128.169
3311 -128.152
3312 -128.15
3313 -128.172
3314 -128.198
3315 -128.21
3316 -128.207
3317 -128.17
3318 -128.145
3319 -128.164
3320 -128.173
3321 -128.199
3322 -128.196
3323 -128.202
3324 -128.2
3325 -128.217
3326 -128.238
3327 -128.251
3328 -128.252
3329 -128.24
3330 -128.248
3331 -128.249
3332 -128.254
3333 -128.26
3334 -128.25
3335 -128.255
3336 -128.259
3337 -128.277
3338 -128.251
3339 -128.234
3340 -128.23
3341 -128.25
3342 -128.264
3343 -128.286
3344 -128.28
3345 -128.264
3346 -128.255
3347 -128.262
3348 -128.289
3349 -128.313
3350 -128.314
3351 -128.329
3352 -128.312
3353 -128.3
3354 -128.318
3355 -128.319
3356 -128.306
3357 -128.31
3358 -128.31
3359 -128.317
3360 -128.319
3361 -128.329
3362 -128.32
3363 -128.356
3364 -128.37
3365 -128.38
3366 -128.373
3367 -128.356
3368 -128.361
3369 -128.378
3370 -128.39
3371 -128.392
3372 -128.382
3373 -128.364
3374 -128.363
3375 -128.37
3376 -128.385
3377 -128.386
3378 -128.388
3379 -128.371
3380 -128.38
3381 -128.395
3382 -128.41
3383 -128.427
3384 -128.432
3385 -128.422
3386 -128.448
3387 -128.44
3388 -128.444
3389 -128.451
3390 -128.454
3391 -128.43
3392 -128.461
3393 -128.462
3394 -128.45
3395 -128.427
3396 -128.401
3397 -128.418
3398 -128.457
3399 -128.48
