0 -46.68
1 -46.6544
2 -46.6288
3 -46.6032
4 -46.6075
5 -46.586
6 -46.58
7 -46.5704
8 -46.5451
9 -46.53
10 -46.53
11 -46.5209
12 -46.5337
13 -46.5465
14 -46.5593
15 -46.5558
16 -46.5449
17 -46.55
18 -46.5605
19 -46.5767
20 -46.59
21 -46.6079
22 -46.6165
23 -46.6091
24 -46.5979
25 -46.58
26 -46.5859
27 -46.6
28 -46.6
29 -46.6186
30 -46.6184
31 -46.9033
32 -47.5598
33 -47.6805
34 -47.7263
35 -47.7812
36 -47.9481
37 -48.3439
38 -48.8828
39 -49.4842
40 -50.0843
41 -50.6379
42 -51.0822
43 -51.49
44 -51.8753
45 -52.3106
46 -52.777
47 -53.3162
48 -53.8925
49 -54.4838
50 -55.0627
51 -55.5431
52 -55.9566
53 -56.3589
54 -56.7741
55 -57.3166
56 -57.9718
57 -58.669
58 -59.335
59 -59.9842
60 -60.5865
61 -61.198
62 -61.8288
63 -62.4402
64 -63.0229
65 -63.6318
66 -64.2669
67 -64.8783
68 -65.432
69 -66.0265
70 -66.5323
71 -67.0782
72 -67.5404
73 -67.9216
74 -68.2262
75 -68.3865
76 -68.5034
77 -68.5022
78 -68.4118
79 -68.2992
80 -68.1909
81 -68.1286
82 -67.9156
83 -67.5502
84 -67.164
85 -66.6858
86 -66.2004
87 -65.777
88 -65.4313
89 -65.1247
90 -64.7337
91 -64.276
92 -63.7749
93 -63.299
94 -62.7944
95 -62.3277
96 -61.8134
97 -61.415
98 -61.1437
99 -60.8255
100 -60.4418
101 -59.9213
102 -59.3972
103 -58.9027
104 -58.4279
105 -57.9601
106 -57.5847
107 -57.3743
108 -57.1406
109 -56.8617
110 -56.4979
111 -56.1721
112 -55.7969
113 -55.4925
114 -55.2506
115 -55.18
116 -55.0684
117 -54.7871
118 -54.5781
119 -54.438
120 -54.1831
121 -53.8213
122 -53.4871
123 -53.2482
124 -53.3947
125 -53.5885
126 -54.0203
127 -54.43
128 -54.8733
129 -54.9493
130 -54.8018
131 -54.6302
132 -54.3783
133 -54.1204
134 -54.0112
135 -53.9177
136 -53.9317
137 -53.9445
138 -53.994
139 -53.9983
140 -53.8142
141 -53.5651
142 -53.2662
143 -53.0033
144 -52.6783
145 -52.4384
146 -52.2531
147 -52.1874
148 -52.2393
149 -52.4868
150 -52.8211
151 -53.0519
152 -53.1134
153 -53.1194
154 -52.8619
155 -52.5743
156 -52.286
157 -52.0582
158 -51.8727
159 -51.8588
160 -51.87
161 -51.9413
162 -52.0369
163 -52.1649
164 -52.1879
165 -52.1355
166 -52.0931
167 -51.883
168 -51.6671
169 -51.4837
170 -51.3672
171 -51.539
172 -51.8223
173 -52.1046
174 -52.5212
175 -52.9946
176 -53.3857
177 -53.4768
178 -53.4608
179 -53.3576
180 -53.0767
181 -52.8557
182 -52.6843
183 -52.6273
184 -52.7108
185 -52.8517
186 -53.0143
187 -53.036
188 -52.8774
189 -52.6202
190 -52.3709
191 -52.1058
192 -51.8222
193 -51.5963
194 -51.462
195 -51.4985
196 -51.6422
197 -51.8709
198 -52.0788
199 -52.2453
200 -52.266
201 -52.1819
202 -52.0165
203 -51.8336
204 -51.5935
205 -51.387
206 -51.3255
207 -51.3638
208 -51.5317
209 -51.699
210 -51.9099
211 -51.9367
212 -51.8749
213 -51.8443
214 -51.6528
215 -51.3312
216 -51.0688
217 -50.8904
218 -51.1021
219 -51.4467
220 -51.7744
221 -52.1285
222 -52.5374
223 -52.8943
224 -52.9861
225 -52.8934
226 -52.7007
227 -52.5201
228 -52.361
229 -52.2299
230 -52.1555
231 -52.3019
232 -52.5062
233 -52.6736
234 -52.7197
235 -52.5376
236 -52.3871
237 -52.1566
238 -51.9181
239 -51.6636
240 -51.5322
241 -51.3722
242 -51.3031
243 -51.3864
244 -51.5916
245 -51.8911
246 -52.104
247 -52.1867
248 -52.1254
249 -51.9392
250 -51.6114
251 -51.2445
252 -51.0025
253 -50.8195
254 -50.8223
255 -51.0585
256 -51.2933
257 -51.5106
258 -51.5717
259 -51.5461
260 -51.4718
261 -51.3466
262 -51.0968
263 -50.8512
264 -50.72
265 -50.788
266 -51.1041
267 -51.5575
268 -52.1023
269 -52.5651
270 -52.8094
271 -52.9381
272 -52.8312
273 -52.5616
274 -52.3273
275 -52.1623
276 -52.0074
277 -52.0147
278 -52.1245
279 -52.3238
280 -52.4176
281 -52.3432
282 -52.227
283 -52.1498
284 -51.9918
285 -51.8311
286 -51.5865
287 -51.3705
288 -51.19
289 -51.2057
290 -51.2539
291 -51.3545
292 -51.6103
293 -51.7389
294 -51.769
295 -51.7719
296 -51.8353
297 -51.78
298 -51.6968
299 -51.5948
300 -51.53
301 -51.5396
302 -51.55
303 -51.6282
304 -51.8359
305 -51.896
306 -52.0151
307 -51.9234
308 -51.8043
309 -51.5491
310 -51.2484
311 -51.0615
312 -51.1754
313 -51.3165
314 -51.6218
315 -52.0481
316 -52.5783
317 -52.9534
318 -52.9727
319 -52.9673
320 -52.7263
321 -52.5
322 -52.2762
323 -52.22
324 -52.1919
325 -52.2992
326 -52.5347
327 -52.7235
328 -52.6698
329 -52.4827
330 -52.343
331 -52.1367
332 -51.8715
333 -51.5359
334 -51.3161
335 -51.1317
336 -51.2305
337 -51.4055
338 -51.688
339 -51.9021
340 -52.0471
341 -52.0204
342 -51.8813
343 -51.6406
344 -51.3809
345 -51.1337
346 -50.8733
347 -50.8121
348 -50.9077
349 -51.065
350 -51.1599
351 -51.3415
352 -51.3741
353 -51.3546
354 -51.1092
355 -50.9362
356 -50.6979
357 -50.58
358 -50.516
359 -50.6498
360 -51.1253
361 -51.625
362 -52.141
363 -52.4479
364 -52.6831
365 -52.75
366 -52.6702
367 -52.4288
368 -52.1884
369 -51.9749
370 -51.8082
371 -51.8477
372 -51.9328
373 -52.0766
374 -52.1588
375 -52.2174
376 -52.0789
377 -51.9494
378 -51.6847
379 -51.3652
380 -51.0697
381 -50.8116
382 -50.7343
383 -50.8047
384 -50.9766
385 -51.164
386 -51.4307
387 -51.541
388 -51.515
389 -51.4691
390 -51.3785
391 -51.2632
392 -51.0768
393 -50.9005
394 -50.7808
395 -50.7773
396 -50.7644
397 -50.8198
398 -50.8812
399 -50.9493
400 -51.0132
401 -50.8796
402 -50.7304
403 -50.5246
404 -50.2692
405 -50.1766
406 -50.2367
407 -50.4599
408 -50.8544
409 -51.3516
410 -51.9088
411 -52.1649
412 -52.2355
413 -52.25
414 -52.0305
415 -51.8078
416 -51.6489
417 -51.55
418 -51.55
419 -51.5921
420 -51.7346
421 -51.8451
422 -51.7801
423 -51.6214
424 -51.4689
425 -51.1444
426 -50.8386
427 -50.5184
428 -50.3362
429 -50.3345
430 -50.4733
431 -50.6654
432 -50.9299
433 -51.2161
434 -51.3749
435 -51.3162
436 -51.1167
437 -50.899
438 -50.6626
439 -50.3921
440 -50.2355
441 -50.2188
442 -50.3856
443 -50.5407
444 -50.7156
445 -50.8219
446 -50.8443
447 -50.8686
448 -50.5978
449 -50.3243
450 -50.0026
451 -49.8001
452 -49.8622
453 -50.0402
454 -50.3643
455 -50.7857
456 -51.3335
457 -51.83
458 -51.9509
459 -51.9683
460 -51.8772
461 -51.6199
462 -51.3827
463 -51.2344
464 -51.2077
465 -51.2563
466 -51.3417
467 -51.4559
468 -51.5477
469 -51.5419
470 -51.3919
471 -51.2551
472 -50.9299
473 -50.6988
474 -50.3824
475 -50.1518
476 -50.088
477 -50.232
478 -50.3209
479 -50.4874
480 -50.6611
481 -50.7802
482 -50.823
483 -50.7123
484 -50.5417
485 -50.3462
486 -50.2216
487 -50.0701
488 -49.9426
489 -49.9775
490 -49.9911
491 -50.0667
492 -50.0837
493 -50.0015
494 -50.0351
495 -49.9954
496 -49.7511
497 -49.496
498 -49.3116
499 -49.3993
500 -49.6237
501 -49.9102
502 -50.279
503 -50.7292
504 -51.0866
505 -51.0709
506 -50.9255
507 -50.595
508 -50.1758
509 -49.7485
510 -49.3745
511 -48.9774
512 -48.6834
513 -48.5119
514 -48.2091
515 -47.8655
516 -47.4639
517 -47.0723
518 -46.3304
519 -45.606
520 -44.9471
521 -44.2884
522 -43.6147
523 -43.0832
524 -42.7428
525 -42.4566
526 -42.1755
527 -41.7785
528 -41.3607
529 -40.7763
530 -40.0414
531 -39.2068
532 -38.3809
533 -37.5416
534 -36.7882
535 -36.1885
536 -35.6474
537 -35.2672
538 -35.11
539 -35.0193
540 -34.7888
541 -34.6004
542 -34.3379
543 -34.0089
544 -33.6134
545 -33.162
546 -32.6986
547 -32.3219
548 -32.0023
549 -31.7576
550 -31.5747
551 -31.428
552 -31.3442
553 -31.2531
554 -31.1802
555 -31.1005
556 -30.9874
557 -30.8833
558 -30.6656
559 -30.4747
560 -30.2831
561 -30.037
562 -29.8689
563 -29.7786
564 -29.6791
565 -29.601
566 -29.494
567 -29.3632
568 -29.18
569 -28.9507
570 -28.2713
571 -27.3016
572 -26.8178
573 -26.5416
574 -26.2222
575 -25.738
576 -25.1202
577 -24.457
578 -23.944
579 -23.6336
580 -23.5027
581 -23.5612
582 -23.752
583 -23.7858
584 -23.7053
585 -23.6034
586 -23.3696
587 -23.2122
588 -23.1586
589 -23.1326
590 -23.2255
591 -23.4891
592 -23.7089
593 -23.8713
594 -24.1224
595 -24.4098
596 -24.7227
597 -25.1062
598 -25.5796
599 -25.9775
600 -26.5011
601 -27.0706
602 -27.6341
603 -28.2449
604 -28.8258
605 -29.3443
606 -29.8172
607 -30.3532
608 -30.8203
609 -31.3207
610 -31.872
611 -32.4355
612 -33.0684
613 -33.7256
614 -34.3693
615 -34.9428
616 -35.4026
617 -35.8135
618 -36.1518
619 -36.5085
620 -36.8137
621 -37.1201
622 -37.437
623 -37.693
624 -37.918
625 -38.0803
626 -38.185
627 -38.249
628 -38.3375
629 -38.6734
630 -39.0257
631 -39.2658
632 -39.5898
633 -39.9294
634 -40.2091
635 -40.4284
636 -40.6107
637 -40.7387
638 -40.8012
639 -40.6138
640 -40.4585
641 -40.3399
642 -40.2028
643 -40.0829
644 -39.9473
645 -39.8984
646 -39.8249
647 -39.669
648 -39.4601
649 -39.2136
650 -39.0177
651 -38.907
652 -38.9299
653 -39.2556
654 -39.7647
655 -40.2186
656 -40.56
657 -40.8922
658 -41.1826
659 -41.2689
660 -41.2697
661 -41.3157
662 -41.338
663 -41.3258
664 -41.2946
665 -41.3458
666 -41.3415
667 -41.3517
668 -41.2907
669 -41.3061
670 -41.384
671 -41.4831
672 -41.5544
673 -41.5522
674 -41.4821
675 -41.2819
676 -41.2747
677 -41.3514
678 -41.4913
679 -41.6706
680 -41.944
681 -42.2937
682 -42.4092
683 -42.464
684 -42.5483
685 -42.587
686 -42.4744
687 -42.1063
688 -41.8227
689 -41.6585
690 -41.5472
691 -41.3585
692 -41.32
693 -41.3049
694 -41.1957
695 -40.9807
696 -40.7737
697 -40.5484
698 -40.3547
699 -40.2164
700 -40.4521
701 -40.8076
702 -41.1146
703 -41.2912
704 -41.514
705 -41.8295
706 -41.9577
707 -41.987
708 -41.9629
709 -41.95
710 -41.8341
711 -41.7511
712 -41.7768
713 -41.7888
714 -41.768
715 -41.7568
716 -41.856
717 -41.9445
718 -42.0474
719 -42.1802
720 -42.1908
721 -42.1309
722 -41.9907
723 -41.9985
724 -42.0662
725 -42.1386
726 -42.2744
727 -42.4305
728 -42.709
729 -42.917
730 -42.9956
731 -43.0785
732 -43.0749
733 -42.8956
734 -42.6258
735 -42.2666
736 -42.1469
737 -42.0573
738 -41.8765
739 -41.7858
740 -41.7521
741 -41.6423
742 -41.4539
743 -41.2262
744 -40.8989
745 -40.728
746 -40.6771
747 -40.9485
748 -41.3414
749 -41.6967
750 -41.9506
751 -42.2516
752 -42.4826
753 -42.5131
754 -42.4625
755 -42.3765
756 -42.2507
757 -42.0332
758 -41.9725
759 -42.0438
760 -42.1886
761 -42.2182
762 -42.2013
763 -42.2882
764 -42.4159
765 -42.5356
766 -42.5998
767 -42.6626
768 -42.5012
769 -42.3213
770 -42.3293
771 -42.4278
772 -42.531
773 -42.7996
774 -43.0159
775 -43.2288
776 -43.4801
777 -43.4976
778 -43.4772
779 -43.4579
780 -43.2831
781 -43.0127
782 -42.6531
783 -42.5117
784 -42.4913
785 -42.2773
786 -42.1736
787 -42.079
788 -41.9347
789 -41.7471
790 -41.5021
791 -41.238
792 -41.015
793 -40.9414
794 -41.1973
795 -41.566
796 -41.8745
797 -42.0981
798 -42.4036
799 -42.643
800 -42.71
801 -42.7182
802 -42.5892
803 -42.4521
804 -42.2911
805 -42.2776
806 -42.3888
807 -42.4852
808 -42.5265
809 -42.5413
810 -42.5737
811 -42.625
812 -42.6943
813 -42.7611
814 -42.81
815 -42.7055
816 -42.6
817 -42.6092
818 -42.6712
819 -42.6739
820 -42.896
821 -43.1215
822 -43.2354
823 -43.4287
824 -43.4909
825 -43.5255
826 -43.505
827 -43.3782
828 -43.0953
829 -42.8051
830 -42.683
831 -42.621
832 -42.5082
833 -42.468
834 -42.3865
835 -42.1796
836 -42.0003
837 -41.7196
838 -41.4697
839 -41.2824
840 -41.3398
841 -41.6328
842 -41.9977
843 -42.2708
844 -42.525
845 -42.8484
846 -42.9803
847 -43.0154
848 -42.9502
849 -42.9324
850 -42.7545
851 -42.656
852 -42.6584
853 -42.813
854 -42.8461
855 -42.8887
856 -42.8549
857 -42.8721
858 -42.8755
859 -42.9944
860 -43.13
861 -43.1366
862 -42.9899
863 -42.8875
864 -42.99
865 -43.0378
866 -43.0073
867 -43.1951
868 -43.4333
869 -43.6254
870 -43.8482
871 -43.84
872 -43.907
873 -43.9059
874 -43.7163
875 -43.4228
876 -43.1138
877 -43.0526
878 -42.9671
879 -42.8674
880 -42.7708
881 -42.7266
882 -42.5383
883 -42.3302
884 -41.9785
885 -41.7391
886 -41.5423
887 -41.6146
888 -41.9066
889 -42.2242
890 -42.4696
891 -42.6672
892 -43.0473
893 -43.2522
894 -43.31
895 -43.282
896 -43.1634
897 -42.971
898 -42.7949
899 -42.6865
900 -42.6698
901 -42.6323
902 -42.6033
903 -42.6735
904 -42.8635
905 -42.9504
906 -43.033
907 -43.0729
908 -43.0515
909 -43.0283
910 -42.9336
911 -42.9791
912 -43.0683
913 -43.158
914 -43.4226
915 -43.5544
916 -43.6861
917 -43.8663
918 -43.9559
919 -43.9894
920 -43.9291
921 -43.8402
922 -43.4864
923 -43.22
924 -43.2098
925 -43.1466
926 -43.0659
927 -43.0127
928 -42.9291
929 -42.818
930 -42.6536
931 -42.3352
932 -42.1047
933 -41.8915
934 -42.0566
935 -42.3683
936 -42.6911
937 -42.9183
938 -43.2546
939 -43.485
940 -43.5632
941 -43.5122
942 -43.4382
943 -43.3258
944 -43.1751
945 -43.0706
946 -43.0966
947 -43.1977
948 -43.2208
949 -43.2264
950 -43.2965
951 -43.3951
952 -43.4618
953 -43.5692
954 -43.552
955 -43.4963
956 -43.3971
957 -43.4121
958 -43.5371
959 -43.6269
960 -43.5866
961 -43.8084
962 -44.0404
963 -44.1715
964 -44.3113
965 -44.3115
966 -44.3872
967 -44.2755
968 -44.1366
969 -43.7796
970 -43.6925
971 -43.6966
972 -43.6226
973 -43.4663
974 -43.4039
975 -43.2684
976 -43.1078
977 -42.8619
978 -42.5657
979 -42.2781
980 -42.0657
981 -42.2242
982 -42.5356
983 -42.8389
984 -43.0142
985 -43.2621
986 -43.459
987 -43.5811
988 -43.6391
989 -43.59
990 -43.445
991 -43.3499
992 -43.2985
993 -43.4089
994 -43.4697
995 -43.4586
996 -43.3836
997 -43.4197
998 -43.5355
999 -43.619
1000 -43.7001
1001 -43.7005
1002 -43.643
1003 -43.6046
1004 -43.5503
1005 -43.6852
1006 -43.7323
1007 -43.8652
1008 -44.1341
1009 -44.2695
1010 -44.4425
1011 -44.5682
1012 -44.6604
1013 -44.6924
1014 -44.716
1015 -44.6736
1016 -44.5265
1017 -44.644
1018 -44.909
1019 -45.0105
1020 -45.1898
1021 -45.4086
1022 -45.7029
1023 -45.8727
1024 -46.0544
1025 -46.1519
1026 -46.2768
1027 -46.6395
1028 -47.2277
1029 -47.8027
1030 -48.43
1031 -49.1529
1032 -49.967
1033 -50.7318
1034 -51.4454
1035 -51.9478
1036 -52.3957
1037 -52.6728
1038 -52.9842
1039 -53.3242
1040 -53.797
1041 -54.2531
1042 -54.8103
1043 -55.2845
1044 -55.7689
1045 -56.3204
1046 -56.8908
1047 -57.4794
1048 -58.0572
1049 -58.6676
1050 -59.2951
1051 -59.765
1052 -59.9452
1053 -60.1137
1054 -60.1913
1055 -60.3697
1056 -60.5083
1057 -60.7606
1058 -60.992
1059 -61.3868
1060 -61.7378
1061 -62.0579
1062 -62.3966
1063 -62.7194
1064 -63.0467
1065 -63.3486
1066 -63.5395
1067 -63.6723
1068 -63.7754
1069 -63.87
1070 -64.1904
1071 -64.4576
1072 -64.717
1073 -64.9272
1074 -65.0744
1075 -65.1305
1076 -65.2001
1077 -65.298
1078 -65.5157
1079 -65.7419
1080 -66.0634
1081 -66.9284
1082 -67.7075
1083 -67.9266
1084 -67.9801
1085 -68.0239
1086 -68.3811
1087 -68.8937
1088 -69.5064
1089 -69.9851
1090 -70.2762
1091 -70.2209
1092 -70.0958
1093 -69.9318
1094 -69.78
1095 -69.7934
1096 -69.8446
1097 -69.9496
1098 -70.1177
1099 -70.2503
1100 -70.31
1101 -70.2068
1102 -69.9712
1103 -69.578
1104 -69.0314
1105 -68.5036
1106 -67.9312
1107 -67.4682
1108 -67.0259
1109 -66.6156
1110 -66.1948
1111 -65.7429
1112 -65.2829
1113 -64.8192
1114 -64.2998
1115 -63.7619
1116 -63.2031
1117 -62.6757
1118 -62.1024
1119 -61.6096
1120 -61.073
1121 -60.5799
1122 -60.0293
1123 -59.4353
1124 -58.822
1125 -58.3234
1126 -57.8422
1127 -57.5352
1128 -57.1749
1129 -56.877
1130 -56.6747
1131 -56.4303
1132 -56.0814
1133 -55.69
1134 -55.3758
1135 -55.0814
1136 -54.8769
1137 -54.7055
1138 -54.4655
1139 -54.2879
1140 -54.1439
1141 -53.9036
1142 -53.588
1143 -53.218
1144 -52.9043
1145 -52.832
1146 -53.0678
1147 -53.3423
1148 -53.7662
1149 -54.0676
1150 -54.3543
1151 -54.4001
1152 -54.1368
1153 -53.8657
1154 -53.6122
1155 -53.3725
1156 -53.249
1157 -53.1926
1158 -53.2
1159 -53.2149
1160 -53.2847
1161 -53.2928
1162 -53.1844
1163 -53.108
1164 -52.9799
1165 -52.6948
1166 -52.2623
1167 -51.9752
1168 -51.7053
1169 -51.57
1170 -51.6431
1171 -51.8798
1172 -52.1482
1173 -52.3981
1174 -52.4651
1175 -52.3991
1176 -52.1369
1177 -51.8691
1178 -51.5677
1179 -51.3169
1180 -51.1147
1181 -51.0736
1182 -51.2506
1183 -51.4827
1184 -51.5883
1185 -51.6916
1186 -51.6937
1187 -51.7588
1188 -51.4677
1189 -51.2239
1190 -50.9704
1191 -50.8188
1192 -50.734
1193 -51.0345
1194 -51.3139
1195 -51.7206
1196 -52.1715
1197 -52.6263
1198 -52.9008
1199 -52.7943
1200 -52.6673
1201 -52.3403
1202 -52.0604
1203 -51.843
1204 -51.8549
1205 -51.8933
1206 -52.1031
1207 -52.3208
1208 -52.486
1209 -52.3736
1210 -52.2266
1211 -52.0194
1212 -51.6716
1213 -51.3266
1214 -51.0872
1215 -50.8894
1216 -50.8766
1217 -50.9976
1218 -51.16
1219 -51.3555
1220 -51.482
1221 -51.6939
1222 -51.6614
1223 -51.5205
1224 -51.2934
1225 -51.1132
1226 -50.9849
1227 -50.917
1228 -50.8535
1229 -50.9722
1230 -51.128
1231 -51.2557
1232 -51.2649
1233 -51.2113
1234 -51.1604
1235 -50.898
1236 -50.6745
1237 -50.4177
1238 -50.2188
1239 -50.165
1240 -50.4979
1241 -50.7775
1242 -51.0498
1243 -51.4771
1244 -52.0032
1245 -52.2313
1246 -52.1842
1247 -52.16
1248 -51.9173
1249 -51.6629
1250 -51.4945
1251 -51.4312
1252 -51.472
1253 -51.5881
1254 -51.8218
1255 -51.8727
1256 -51.8448
1257 -51.8802
1258 -51.8041
1259 -51.5425
1260 -51.2674
1261 -51.1074
1262 -50.8646
1263 -50.69
1264 -50.6823
1265 -50.8487
1266 -51.0529
1267 -51.2176
1268 -51.4848
1269 -51.5429
1270 -51.3651
1271 -51.0815
1272 -50.7768
1273 -50.4871
1274 -50.337
1275 -50.2943
1276 -50.4782
1277 -50.58
1278 -50.7685
1279 -50.8885
1280 -50.8981
1281 -50.9069
1282 -50.7142
1283 -50.5609
1284 -50.3328
1285 -50.1341
1286 -49.9857
1287 -50.3724
1288 -50.6208
1289 -50.9632
1290 -51.3142
1291 -51.7638
1292 -51.9475
1293 -51.8402
1294 -51.7662
1295 -51.5403
1296 -51.3301
1297 -51.1691
1298 -51.1524
1299 -51.2391
1300 -51.3934
1301 -51.5207
1302 -51.5627
1303 -51.5686
1304 -51.5601
1305 -51.4177
1306 -51.1799
1307 -50.9578
1308 -50.75
1309 -50.5284
1310 -50.3861
1311 -50.4468
1312 -50.4936
1313 -50.6625
1314 -50.72
1315 -50.89
1316 -50.8719
1317 -50.8336
1318 -50.7746
1319 -50.7716
1320 -50.6272
1321 -50.4581
1322 -50.3309
1323 -50.3304
1324 -50.2292
1325 -50.2522
1326 -50.35
1327 -50.44
1328 -50.5135
1329 -50.3295
1330 -50.2286
1331 -49.9425
1332 -49.7461
1333 -49.6676
1334 -49.9847
1335 -50.1804
1336 -50.6007
1337 -51.035
1338 -51.4981
1339 -51.7009
1340 -51.64
1341 -51.5641
1342 -51.3278
1343 -51.1759
1344 -51.0111
1345 -50.985
1346 -51.0526
1347 -51.3127
1348 -51.5241
1349 -51.595
1350 -51.5013
1351 -51.3881
1352 -51.2446
1353 -50.8956
1354 -50.6029
1355 -50.3013
1356 -50.111
1357 -50.07
1358 -50.2166
1359 -50.4093
1360 -50.6825
1361 -50.8393
1362 -50.8963
1363 -50.7824
1364 -50.6198
1365 -50.4246
1366 -50.1745
1367 -49.9885
1368 -49.8251
1369 -49.8362
1370 -49.9511
1371 -50.052
1372 -50.2356
1373 -50.3144
1374 -50.3657
1375 -50.214
1376 -49.9116
1377 -49.7323
1378 -49.5377
1379 -49.4009
1380 -49.5177
1381 -49.8655
1382 -50.1463
1383 -50.5586
1384 -50.9838
1385 -51.3996
1386 -51.4797
1387 -51.4297
1388 -51.2715
1389 -51.0197
1390 -50.8334
1391 -50.7487
1392 -50.6969
1393 -50.7487
1394 -50.9561
1395 -51.1521
1396 -51.1718
1397 -51.1022
1398 -51.0073
1399 -50.8186
1400 -50.5334
1401 -50.2648
1402 -50.0349
1403 -49.8363
1404 -49.8219
1405 -49.8705
1406 -49.9536
1407 -50.0794
1408 -50.2666
1409 -50.3447
1410 -50.3798
1411 -50.36
1412 -50.3446
1413 -50.2218
1414 -50.0384
1415 -49.8121
1416 -49.7057
1417 -49.6574
1418 -49.6499
1419 -49.7227
1420 -49.7631
1421 -49.8983
1422 -49.775
1423 -49.5287
1424 -49.3352
1425 -49.1366
1426 -48.9505
1427 -49.0338
1428 -49.2677
1429 -49.592
1430 -49.965
1431 -50.4835
1432 -51.019
1433 -51.148
1434 -51.1511
1435 -51.0056
1436 -50.7748
1437 -50.6211
1438 -50.5037
1439 -50.4003
1440 -50.3883
1441 -50.497
1442 -50.6673
1443 -50.6198
1444 -50.5756
1445 -50.4831
1446 -50.2445
1447 -49.9939
1448 -49.7419
1449 -49.4985
1450 -49.3038
1451 -49.3003
1452 -49.4401
1453 -49.6322
1454 -49.8724
1455 -50.0577
1456 -50.1766
1457 -50.0769
1458 -49.8729
1459 -49.6851
1460 -49.4741
1461 -49.224
1462 -49.1402
1463 -49.2656
1464 -49.4202
1465 -49.5083
1466 -49.6317
1467 -49.7395
1468 -49.8251
1469 -49.5506
1470 -49.3055
1471 -49.0433
1472 -48.8594
1473 -48.7229
1474 -48.8417
1475 -49.0583
1476 -49.388
1477 -49.8673
1478 -50.3858
1479 -50.7366
1480 -50.7218
1481 -50.7198
1482 -50.5096
1483 -50.2548
1484 -50.0936
1485 -50.042
1486 -50.0754
1487 -50.1936
1488 -50.424
1489 -50.5459
1490 -50.558
1491 -50.462
1492 -50.2959
1493 -49.98
1494 -49.7113
1495 -49.4974
1496 -49.2598
1497 -49.1416
1498 -49.1811
1499 -49.278
1500 -49.4106
1501 -49.5229
1502 -49.6368
1503 -49.68
1504 -49.6723
1505 -49.5954
1506 -49.5048
1507 -49.4023
1508 -49.2948
1509 -49.1881
1510 -49.1681
1511 -49.0963
1512 -49.0862
1513 -49.1104
1514 -49.1094
1515 -49.2019
1516 -49.0304
1517 -48.9056
1518 -48.7401
1519 -48.5224
1520 -48.4472
1521 -48.605
1522 -48.8098
1523 -49.1562
1524 -49.6172
1525 -50.1244
1526 -50.2766
1527 -50.1649
1528 -49.993
1529 -49.5661
1530 -49.1178
1531 -48.7208
1532 -48.3337
1533 -48.0163
1534 -47.7492
1535 -47.5256
1536 -47.2813
1537 -46.9562
1538 -46.5682
1539 -45.8786
1540 -45.2328
1541 -44.5923
1542 -43.9149
1543 -43.2125
1544 -42.6184
1545 -42.1827
1546 -41.8866
1547 -41.6086
1548 -41.29
1549 -40.9423
1550 -40.4817
1551 -39.8446
1552 -39.0634
1553 -38.2557
1554 -37.3779
1555 -36.543
1556 -35.8075
1557 -35.1485
1558 -34.7587
1559 -34.5678
1560 -34.4523
1561 -34.3035
1562 -34.1248
1563 -33.913
1564 -33.6565
1565 -33.3576
1566 -32.9596
1567 -32.4918
1568 -31.9924
1569 -31.4934
1570 -31.071
1571 -30.7732
1572 -30.6007
1573 -30.4953
1574 -30.46
1575 -30.4306
1576 -30.4063
1577 -30.2473
1578 -30.0642
1579 -29.8477
1580 -29.6494
1581 -29.5456
1582 -29.3766
1583 -29.1838
1584 -29.0417
1585 -28.9396
1586 -28.8113
1587 -28.6491
1588 -28.4954
1589 -28.3023
1590 -28.1347
1591 -27.6926
1592 -26.7925
1593 -26.2626
1594 -26.085
1595 -25.9429
1596 -25.6053
1597 -24.9566
1598 -24.1729
1599 -23.4758
1600 -22.9861
1601 -22.7958
1602 -22.8398
1603 -23.1088
1604 -23.3896
1605 -23.4652
1606 -23.3918
1607 -23.169
1608 -22.839
1609 -22.6521
1610 -22.5648
1611 -22.6025
1612 -22.8436
1613 -23.1949
1614 -23.6007
1615 -23.9593
1616 -24.2559
1617 -24.4736
1618 -24.7176
1619 -25.0318
1620 -25.416
1621 -25.8873
1622 -26.4742
1623 -26.9926
1624 -27.629
1625 -28.2659
1626 -28.8968
1627 -29.4405
1628 -29.9249
1629 -30.3608
1630 -30.882
1631 -31.4428
1632 -32.0646
1633 -32.6342
1634 -33.2095
1635 -33.7756
1636 -34.3763
1637 -34.8857
1638 -35.3212
1639 -35.6652
1640 -36.002
1641 -36.2978
1642 -36.5451
1643 -36.9169
1644 -37.2668
1645 -37.6581
1646 -37.9763
1647 -38.1285
1648 -38.1855
1649 -38.2478
1650 -38.4714
1651 -38.7391
1652 -38.9335
1653 -39.1782
1654 -39.5497
1655 -39.8724
1656 -40.2668
1657 -40.4286
1658 -40.5893
1659 -40.7053
1660 -40.6926
1661 -40.5117
1662 -40.232
1663 -40.1824
1664 -40.2067
1665 -40.1042
1666 -40.058
1667 -39.971
1668 -39.8798
1669 -39.6629
1670 -39.4316
1671 -39.1899
1672 -39.0759
1673 -39.0119
1674 -39.1502
1675 -39.4932
1676 -39.9213
1677 -40.2712
1678 -40.5817
1679 -40.9142
1680 -41.138
1681 -41.2546
1682 -41.2091
1683 -41.1742
1684 -41.104
1685 -41.0807
1686 -41.0584
1687 -41.1146
1688 -41.1632
1689 -41.1437
1690 -41.2067
1691 -41.2369
1692 -41.3047
1693 -41.3811
1694 -41.5028
1695 -41.5153
1696 -41.4189
1697 -41.354
1698 -41.3689
1699 -41.3642
1700 -41.3853
1701 -41.5989
1702 -41.7502
1703 -42.0649
1704 -42.1553
1705 -42.2189
1706 -42.326
1707 -42.3116
1708 -42.1551
1709 -41.7868
1710 -41.5469
1711 -41.5023
1712 -41.4287
1713 -41.2869
1714 -41.2858
1715 -41.2195
1716 -41.1053
1717 -40.895
1718 -40.6019
1719 -40.3101
1720 -40.1271
1721 -40.1876
1722 -40.4756
1723 -40.8128
1724 -41.1141
1725 -41.4061
1726 -41.6569
1727 -41.8162
1728 -41.87
1729 -41.8204
1730 -41.7196
1731 -41.6043
1732 -41.5088
1733 -41.508
1734 -41.5542
1735 -41.6086
1736 -41.6422
1737 -41.6642
1738 -41.7145
1739 -41.7721
1740 -41.9624
1741 -42.0959
1742 -42.1471
1743 -41.9874
1744 -41.9743
1745 -42.1025
1746 -42.1454
1747 -42.0766
1748 -42.2386
1749 -42.4272
1750 -42.5539
1751 -42.6655
1752 -42.7935
1753 -42.9192
1754 -42.8255
1755 -42.6046
1756 -42.2712
1757 -42.0731
1758 -42.0342
1759 -41.914
1760 -41.7816
1761 -41.7448
1762 -41.6812
1763 -41.4919
1764 -41.3255
1765 -41.1232
1766 -40.8804
1767 -40.6215
1768 -40.702
1769 -41.0168
1770 -41.4019
1771 -41.7022
1772 -41.9781
1773 -42.3122
1774 -42.4719
1775 -42.5105
1776 -42.4229
1777 -42.2422
1778 -42.0258
1779 -41.8906
1780 -41.8938
1781 -41.9187
1782 -42.0731
1783 -42.1249
1784 -42.2417
1785 -42.2899
1786 -42.415
1787 -42.5247
1788 -42.56
1789 -42.4932
1790 -42.37
1791 -42.3768
1792 -42.4377
1793 -42.5506
1794 -42.5528
1795 -42.8191
1796 -42.9593
1797 -43.1002
1798 -43.17
1799 -43.2719
1800 -43.2941
1801 -43.2758
1802 -43.0939
1803 -42.7031
1804 -42.5568
1805 -42.5789
1806 -42.4585
1807 -42.2728
1808 -42.1583
1809 -42.0247
1810 -41.827
1811 -41.561
1812 -41.3222
1813 -41.1045
1814 -40.9741
1815 -41.0793
1816 -41.3506
1817 -41.6549
1818 -41.8919
1819 -42.1696
1820 -42.4442
1821 -42.56
1822 -42.5485
1823 -42.4836
1824 -42.3468
1825 -42.2098
1826 -42.1249
1827 -42.2043
1828 -42.296
1829 -42.3973
1830 -42.4614
1831 -42.5254
1832 -42.5657
1833 -42.6417
1834 -42.775
1835 -42.86
1836 -42.8257
1837 -42.6908
1838 -42.65
1839 -42.7392
1840 -42.7596
1841 -42.72
1842 -42.9092
1843 -43.0221
1844 -43.158
1845 -43.22
1846 -43.3077
1847 -43.432
1848 -43.3656
1849 -43.1479
1850 -42.7555
1851 -42.71
1852 -42.7501
1853 -42.6492
1854 -42.5409
1855 -42.56
1856 -42.4213
1857 -42.1365
1858 -41.8181
1859 -41.585
1860 -41.3509
1861 -41.1897
1862 -41.3396
1863 -41.6769
1864 -42.0007
1865 -42.2718
1866 -42.6249
1867 -43.012
1868 -43.1759
1869 -43.1671
1870 -43.1158
1871 -42.8243
1872 -42.6143
1873 -42.4873
1874 -42.4893
1875 -42.4652
1876 -42.5015
1877 -42.5691
1878 -42.697
1879 -42.7904
1880 -42.959
1881 -43.1613
1882 -43.25
1883 -43.1796
1884 -43.0708
1885 -43.0474
1886 -43.0376
1887 -43.0212
1888 -42.9891
1889 -43.2375
1890 -43.3121
1891 -43.5022
1892 -43.5729
1893 -43.6886
1894 -43.7064
1895 -43.6377
1896 -43.3623
1897 -43.0097
1898 -42.9058
1899 -42.9694
1900 -42.8316
1901 -42.7022
1902 -42.6298
1903 -42.546
1904 -42.3486
1905 -42.0744
1906 -41.8087
1907 -41.4941
1908 -41.3956
1909 -41.5381
1910 -41.8295
1911 -42.1188
1912 -42.4456
1913 -42.7631
1914 -42.9647
1915 -43.0903
1916 -43.0723
1917 -42.9731
1918 -42.8137
1919 -42.7253
1920 -42.6634
1921 -42.7067
1922 -42.749
1923 -42.7673
1924 -42.7413
1925 -42.8775
1926 -42.9543
1927 -43.0908
1928 -43.1693
1929 -43.2217
1930 -43.1683
1931 -43.111
1932 -42.9874
1933 -43.039
1934 -43.0737
1935 -43.1206
1936 -43.3744
1937 -43.5196
1938 -43.6528
1939 -43.6999
1940 -43.8151
1941 -43.8522
1942 -43.8068
1943 -43.5207
1944 -43.2814
1945 -43.2129
1946 -43.2396
1947 -43.0987
1948 -43.0325
1949 -43.0092
1950 -42.94
1951 -42.7381
1952 -42.4774
1953 -42.244
1954 -42.0012
1955 -42.0211
1956 -42.1988
1957 -42.5464
1958 -42.8164
1959 -43.0535
1960 -43.3484
1961 -43.5137
1962 -43.5297
1963 -43.4722
1964 -43.4144
1965 -43.2119
1966 -43.0262
1967 -42.9995
1968 -43.1172
1969 -43.1428
1970 -43.1684
1971 -43.2282
1972 -43.3531
1973 -43.4482
1974 -43.6209
1975 -43.6497
1976 -43.6397
1977 -43.5137
1978 -43.4567
1979 -43.4624
1980 -43.5555
1981 -43.5106
1982 -43.6408
1983 -43.847
1984 -43.9581
1985 -44.0674
1986 -44.0953
1987 -44.16
1988 -44.1795
1989 -44.0488
1990 -43.7277
1991 -43.6055
1992 -43.59
1993 -43.5448
1994 -43.424
1995 -43.4188
1996 -43.3425
1997 -43.2001
1998 -42.9249
1999 -42.6954
2000 -42.3914
2001 -42.1467
2002 -42.0629
2003 -42.3004
2004 -42.5914
2005 -42.9062
2006 -43.2269
2007 -43.5543
2008 -43.7117
2009 -43.7547
2010 -43.7033
2011 -43.5157
2012 -43.3423
2013 -43.1712
2014 -43.2154
2015 -43.2907
2016 -43.4316
2017 -43.4468
2018 -43.4921
2019 -43.4935
2020 -43.5477
2021 -43.6136
2022 -43.7003
2023 -43.6542
2024 -43.6677
2025 -43.6292
2026 -43.6483
2027 -43.716
2028 -43.708
2029 -43.8218
2030 -44.009
2031 -44.0938
2032 -44.2188
2033 -44.3785
2034 -44.5715
2035 -44.6666
2036 -44.6733
2037 -44.5674
2038 -44.6712
2039 -44.8717
2040 -45.0296
2041 -45.1494
2042 -45.3789
2043 -45.6975
2044 -45.856
2045 -46.0941
2046 -46.2752
2047 -46.3607
2048 -46.4839
2049 -46.9268
2050 -47.4863
2051 -48.1054
2052 -48.6995
2053 -49.5116
2054 -50.2586
2055 -51.0215
2056 -51.5748
2057 -52.0855
2058 -52.4403
2059 -52.8174
2060 -53.1118
2061 -53.4711
2062 -53.8855
2063 -54.46
2064 -55.0009
2065 -55.5692
2066 -56.0544
2067 -56.5918
2068 -57.1638
2069 -57.7452
2070 -58.3053
2071 -58.8446
2072 -59.386
2073 -59.721
2074 -60.0667
2075 -60.2823
2076 -60.5042
2077 -60.6072
2078 -60.754
2079 -60.8926
2080 -61.1788
2081 -61.4505
2082 -61.7677
2083 -62.0429
2084 -62.4421
2085 -62.8235
2086 -63.235
2087 -63.4892
2088 -63.6724
2089 -63.7364
2090 -63.8102
2091 -63.903
2092 -64.1378
2093 -64.3422
2094 -64.5867
2095 -64.8009
2096 -65.01
2097 -65.1723
2098 -65.3047
2099 -65.4251
2100 -65.5213
2101 -65.672
2102 -66.2432
2103 -67.1577
2104 -67.521
2105 -67.6262
2106 -67.6258
2107 -67.8883
2108 -68.3905
2109 -69.1302
2110 -69.7391
2111 -70.1992
2112 -70.3
2113 -70.1574
2114 -69.8993
2115 -69.701
2116 -69.5411
2117 -69.5982
2118 -69.6361
2119 -69.8531
2120 -69.9815
2121 -70.0439
2122 -69.9658
2123 -69.7904
2124 -69.4093
2125 -68.9526
2126 -68.4787
2127 -68.0148
2128 -67.5004
2129 -67.0027
2130 -66.5416
2131 -66.1261
2132 -65.7096
2133 -65.2552
2134 -64.7309
2135 -64.1379
2136 -63.5949
2137 -63.1064
2138 -62.6811
2139 -62.1745
2140 -61.6622
2141 -61.1627
2142 -60.6813
2143 -60.1595
2144 -59.5609
2145 -58.9225
2146 -58.359
2147 -57.8519
2148 -57.471
2149 -57.0277
2150 -56.7627
2151 -56.5171
2152 -56.319
2153 -55.9903
2154 -55.6818
2155 -55.3063
2156 -54.9822
2157 -54.729
2158 -54.5987
2159 -54.3573
2160 -54.1226
2161 -53.9659
2162 -53.8433
2163 -53.6173
2164 -53.2488
2165 -52.7948
2166 -52.5121
2167 -52.7706
2168 -53.0386
2169 -53.3615
2170 -53.7017
2171 -53.9841
2172 -54.2179
2173 -54.1164
2174 -53.7661
2175 -53.4861
2176 -53.1625
2177 -52.9878
2178 -52.883
2179 -52.8842
2180 -52.9059
2181 -53.0043
2182 -53.0858
2183 -53.1011
2184 -52.9721
2185 -52.7922
2186 -52.4633
2187 -52.0519
2188 -51.6466
2189 -51.3079
2190 -51.1364
2191 -51.2614
2192 -51.543
2193 -51.8784
2194 -52.1646
2195 -52.3151
2196 -52.327
2197 -52.0779
2198 -51.7523
2199 -51.409
2200 -51.1639
2201 -50.9438
2202 -50.8515
2203 -50.9504
2204 -51.1757
2205 -51.2752
2206 -51.4896
2207 -51.5664
2208 -51.6144
2209 -51.2695
2210 -50.9333
2211 -50.7105
2212 -50.5172
2213 -50.3713
2214 -50.4437
2215 -50.7977
2216 -51.1503
2217 -51.6492
2218 -52.0817
2219 -52.5225
2220 -52.5873
2221 -52.5267
2222 -52.3529
2223 -51.992
2224 -51.7067
2225 -51.6348
2226 -51.6191
2227 -51.7686
2228 -51.9501
2229 -52.0838
2230 -52.1031
2231 -52.0429
2232 -51.946
2233 -51.6782
2234 -51.3665
2235 -51.1291
2236 -50.8998
2237 -50.7512
2238 -50.7827
2239 -50.9022
2240 -51.0443
2241 -51.1783
2242 -51.3558
2243 -51.3782
2244 -51.2775
2245 -51.1026
2246 -51.0091
2247 -50.8199
2248 -50.6836
2249 -50.5609
2250 -50.6064
2251 -50.7195
2252 -50.9127
2253 -51.0976
2254 -51.1932
2255 -51.1296
2256 -50.7894
2257 -50.5205
2258 -50.2817
2259 -50.0319
2260 -49.791
2261 -49.8872
2262 -50.2256
2263 -50.6137
2264 -51.0316
2265 -51.4662
2266 -51.9
2267 -52.0416
2268 -51.9751
2269 -51.8221
2270 -51.4967
2271 -51.2776
2272 -51.1111
2273 -51.07
2274 -51.157
2275 -51.3873
2276 -51.6249
2277 -51.72
2278 -51.6795
2279 -51.5711
2280 -51.3641
2281 -50.9864
2282 -50.752
2283 -50.5011
2284 -50.3474
2285 -50.3299
2286 -50.5188
2287 -50.6983
2288 -50.9615
2289 -51.1692
2290 -51.2326
2291 -51.0956
2292 -50.7746
2293 -50.4813
2294 -50.2082
2295 -49.9947
2296 -49.9336
2297 -50.1061
2298 -50.2581
2299 -50.4067
2300 -50.548
2301 -50.72
2302 -50.7402
2303 -50.4853
2304 -50.2568
2305 -50.0965
2306 -49.8969
2307 -49.7246
2308 -49.8261
2309 -50.1086
2310 -50.4649
2311 -50.8617
2312 -51.2897
2313 -51.6849
2314 -51.7664
2315 -51.6798
2316 -51.4813
2317 -51.1923
2318 -51.0327
2319 -50.8924
2320 -50.9156
2321 -51.035
2322 -51.1733
2323 -51.3098
2324 -51.3812
2325 -51.3708
2326 -51.2728
2327 -51.0234
2328 -50.7738
2329 -50.5535
2330 -50.2782
2331 -50.1027
2332 -50.0852
2333 -50.1624
2334 -50.2468
2335 -50.3896
2336 -50.5488
2337 -50.5607
2338 -50.5575
2339 -50.5198
2340 -50.4607
2341 -50.3475
2342 -50.247
2343 -50.0666
2344 -50.0378
2345 -49.99
2346 -50.0263
2347 -50.0773
2348 -50.2705
2349 -50.2556
2350 -50.0635
2351 -49.8886
2352 -49.6738
2353 -49.418
2354 -49.2201
2355 -49.4349
2356 -49.6451
2357 -50.0356
2358 -50.514
2359 -51.113
2360 -51.5206
2361 -51.5567
2362 -51.5689
2363 -51.3082
2364 -51.0238
2365 -50.8178
2366 -50.7207
2367 -50.7439
2368 -50.8768
2369 -51.0309
2370 -51.1819
2371 -51.1571
2372 -51.0749
2373 -50.8949
2374 -50.6744
2375 -50.4232
2376 -50.2277
2377 -49.9553
2378 -49.8331
2379 -49.9216
2380 -50.0995
2381 -50.2827
2382 -50.4981
2383 -50.669
2384 -50.6086
2385 -50.382
2386 -50.1439
2387 -49.8974
2388 -49.7186
2389 -49.5625
2390 -49.518
2391 -49.5701
2392 -49.7201
2393 -49.9126
2394 -50.0911
2395 -50.1841
2396 -50.0977
2397 -49.798
2398 -49.5332
2399 -49.3671
2400 -49.2024
2401 -49.1222
2402 -49.3679
2403 -49.6904
2404 -50.0857
2405 -50.5242
2406 -50.9311
2407 -51.1557
2408 -51.1258
2409 -51.0887
2410 -50.7942
2411 -50.5694
2412 -50.354
2413 -50.32
2414 -50.3308
2415 -50.4794
2416 -50.667
2417 -50.7529
2418 -50.7834
2419 -50.7517
2420 -50.6976
2421 -50.429
2422 -50.2237
2423 -50.0189
2424 -49.7977
2425 -49.6111
2426 -49.5881
2427 -49.6332
2428 -49.765
2429 -49.895
2430 -50.0327
2431 -50.1107
2432 -50.09
2433 -50.0551
2434 -49.9193
2435 -49.7777
2436 -49.5415
2437 -49.4104
2438 -49.3735
2439 -49.3244
2440 -49.32
2441 -49.4164
2442 -49.5639
2443 -49.4914
2444 -49.2481
2445 -49.0988
2446 -48.9115
2447 -48.6938
2448 -48.6423
2449 -48.8163
2450 -49.028
2451 -49.415
2452 -49.9562
2453 -50.5096
2454 -50.7766
2455 -50.8728
2456 -50.8711
2457 -50.6345
2458 -50.4178
2459 -50.2014
2460 -50.0875
2461 -50.0527
2462 -50.202
2463 -50.4051
2464 -50.5015
2465 -50.4929
2466 -50.4279
2467 -50.2504
2468 -49.9083
2469 -49.576
2470 -49.3061
2471 -49.0801
2472 -49.0036
2473 -49.0148
2474 -49.188
2475 -49.4018
2476 -49.6023
2477 -49.7922
2478 -49.7799
2479 -49.6504
2480 -49.3973
2481 -49.148
2482 -48.9425
2483 -48.8085
2484 -48.8386
2485 -48.976
2486 -49.0923
2487 -49.234
2488 -49.4102
2489 -49.4705
2490 -49.2237
2491 -48.9279
2492 -48.8082
2493 -48.5904
2494 -48.3314
2495 -48.3347
2496 -48.6019
2497 -48.9171
2498 -49.2624
2499 -49.6844
2500 -50.2072
2501 -50.3875
2502 -50.3948
2503 -50.2958
2504 -50.0301
2505 -49.8412
2506 -49.6931
2507 -49.6164
2508 -49.6569
2509 -49.7905
2510 -49.9245
2511 -49.9782
2512 -50.0014
2513 -50.0267
2514 -49.8745
2515 -49.5582
2516 -49.3281
2517 -49.0214
2518 -48.7834
2519 -48.7204
2520 -48.7745
2521 -48.8557
2522 -48.9752
2523 -49.1806
2524 -49.2459
2525 -49.2122
2526 -49.161
2527 -49.1598
2528 -49.0871
2529 -48.9439
2530 -48.7771
2531 -48.7538
2532 -48.7534
2533 -48.7218
2534 -48.7822
2535 -48.845
2536 -48.9547
2537 -48.842
2538 -48.6892
2539 -48.5428
2540 -48.3273
2541 -48.1145
2542 -48.1551
2543 -48.3642
2544 -48.7079
2545 -49.1136
2546 -49.5934
2547 -49.9671
2548 -49.9206
2549 -49.7283
2550 -49.3713
2551 -48.9033
2552 -48.4449
2553 -48.0021
2554 -47.6417
2555 -47.4452
2556 -47.259
2557 -47.0015
2558 -46.6624
2559 -46.319
2560 -45.8573
2561 -45.2171
2562 -44.556
2563 -43.8712
2564 -43.1861
2565 -42.5005
2566 -41.9035
2567 -41.5036
2568 -41.2627
2569 -41.0175
2570 -40.6202
2571 -40.1463
2572 -39.6193
2573 -38.9755
2574 -38.1374
2575 -37.2118
2576 -36.3657
2577 -35.677
2578 -35.0837
2579 -34.6055
2580 -34.3335
2581 -34.2571
2582 -34.1062
2583 -33.8557
2584 -33.5441
2585 -33.2058
2586 -32.8356
2587 -32.4547
2588 -31.9734
2589 -31.5593
2590 -31.245
2591 -30.9899
2592 -30.7202
2593 -30.5053
2594 -30.437
2595 -30.3764
2596 -30.3314
2597 -30.32
2598 -30.2726
2599 -30.1083
2600 -29.8963
2601 -29.5543
2602 -29.2842
2603 -29.098
2604 -28.8753
2605 -28.7297
2606 -28.6529
2607 -28.6017
2608 -28.5504
2609 -28.5538
2610 -28.4549
2611 -28.3019
2612 -28.1216
2613 -27.2344
2614 -26.3835
2615 -25.9915
2616 -25.7989
2617 -25.596
2618 -25.1754
2619 -24.5432
2620 -23.7834
2621 -23.1428
2622 -22.7135
2623 -22.558
2624 -22.6956
2625 -23.023
2626 -23.1688
2627 -23.1271
2628 -23.0277
2629 -22.7503
2630 -22.5469
2631 -22.4756
2632 -22.528
2633 -22.6716
2634 -22.9788
2635 -23.2135
2636 -23.4018
2637 -23.7096
2638 -24.0288
2639 -24.3933
2640 -24.781
2641 -25.2505
2642 -25.671
2643 -26.147
2644 -26.6758
2645 -27.2996
2646 -27.9209
2647 -28.5671
2648 -29.137
2649 -29.5738
2650 -30.1044
2651 -30.6221
2652 -31.119
2653 -31.644
2654 -32.1961
2655 -32.8368
2656 -33.5693
2657 -34.194
2658 -34.7169
2659 -35.1102
2660 -35.527
2661 -35.8762
2662 -36.1564
2663 -36.4766
2664 -36.8038
2665 -37.196
2666 -37.5098
2667 -37.8263
2668 -38.1125
2669 -38.2633
2670 -38.3017
2671 -38.4207
2672 -38.7557
2673 -38.9896
2674 -39.2176
2675 -39.4768
2676 -39.7328
2677 -39.9718
2678 -40.1709
2679 -40.2734
2680 -40.4537
2681 -40.5644
2682 -40.5193
2683 -40.2668
2684 -40.1868
2685 -40.192
2686 -40.1295
2687 -40.0551
2688 -39.9901
2689 -39.9472
2690 -39.8193
2691 -39.6087
2692 -39.3612
2693 -39.1176
2694 -39.0235
2695 -38.9793
2696 -39.2659
2697 -39.6795
2698 -40.0274
2699 -40.4138
2700 -40.769
2701 -40.9837
2702 -41.0349
2703 -41.0665
2704 -41.07
2705 -40.9979
2706 -40.9553
2707 -40.92
2708 -40.9528
2709 -41.027
2710 -41.0924
2711 -41.0551
2712 -41.1415
2713 -41.2584
2714 -41.3615
2715 -41.4921
2716 -41.5991
2717 -41.521
2718 -41.3723
2719 -41.2914
2720 -41.2915
2721 -41.3294
2722 -41.4683
2723 -41.602
2724 -41.8268
2725 -42.1139
2726 -42.1778
2727 -42.195
2728 -42.2031
2729 -42.123
2730 -41.8168
2731 -41.499
2732 -41.4204
2733 -41.4263
2734 -41.3552
2735 -41.291
2736 -41.3075
2737 -41.1989
2738 -40.968
2739 -40.6955
2740 -40.4024
2741 -40.1431
2742 -40.0479
2743 -40.2208
2744 -40.5918
2745 -40.885
2746 -41.1894
2747 -41.5706
2748 -41.8382
2749 -41.9487
2750 -41.8893
2751 -41.7687
2752 -41.6453
2753 -41.4907
2754 -41.392
2755 -41.4748
2756 -41.587
2757 -41.6443
2758 -41.6109
2759 -41.646
2760 -41.7421
2761 -41.8632
2762 -42.1191
2763 -42.2048
2764 -42.1426
2765 -42.0556
2766 -41.9968
2767 -42.0238
2768 -41.9931
2769 -42.1113
2770 -42.2466
2771 -42.3639
2772 -42.5719
2773 -42.685
2774 -42.7839
2775 -42.83
2776 -42.6873
2777 -42.4189
2778 -42.1556
2779 -42.0511
2780 -41.9909
2781 -41.8555
2782 -41.777
2783 -41.7425
2784 -41.5986
2785 -41.3831
2786 -41.1408
2787 -40.8418
2788 -40.5831
2789 -40.5533
2790 -40.7464
2791 -41.0621
2792 -41.4272
2793 -41.7858
2794 -42.1208
2795 -42.3327
2796 -42.4782
2797 -42.4989
2798 -42.4066
2799 -42.1684
2800 -41.9771
2801 -41.8652
2802 -41.8883
2803 -41.9788
2804 -42.05
2805 -42.0913
2806 -42.1818
2807 -42.3311
2808 -42.4873
2809 -42.6383
2810 -42.7005
2811 -42.6328
2812 -42.5005
2813 -42.4363
2814 -42.4438
2815 -42.3953
2816 -42.5053
2817 -42.6715
2818 -42.7472
2819 -42.9432
2820 -43.0644
2821 -43.1463
2822 -43.1579
2823 -43.0666
2824 -42.8064
2825 -42.6205
2826 -42.5782
2827 -42.5107
2828 -42.3442
2829 -42.2784
2830 -42.1661
2831 -41.9942
2832 -41.7982
2833 -41.5235
2834 -41.1947
2835 -40.9307
2836 -40.9782
2837 -41.2058
2838 -41.5531
2839 -41.8301
2840 -42.1152
2841 -42.4033
2842 -42.6266
2843 -42.7274
2844 -42.6295
2845 -42.5397
2846 -42.4174
2847 -42.2616
2848 -42.143
2849 -42.2436
2850 -42.4012
2851 -42.4619
2852 -42.4795
2853 -42.5955
2854 -42.711
2855 -42.7589
2856 -42.8655
2857 -42.9363
2858 -42.889
2859 -42.7994
2860 -42.8247
2861 -42.87
2862 -42.8056
2863 -42.9209
2864 -43.0925
2865 -43.1197
2866 -43.2101
2867 -43.3083
2868 -43.3978
2869 -43.3604
2870 -43.2107
2871 -42.9688
2872 -42.8474
2873 -42.82
2874 -42.7617
2875 -42.7021
2876 -42.6516
2877 -42.5661
2878 -42.3636
2879 -42.1572
2880 -41.8437
2881 -41.5614
2882 -41.3014
2883 -41.363
2884 -41.6427
2885 -41.9885
2886 -42.2433
2887 -42.5301
2888 -42.8412
2889 -43.0072
2890 -42.9789
2891 -42.8932
2892 -42.772
2893 -42.6221
2894 -42.5074
2895 -42.5217
2896 -42.5647
2897 -42.6641
2898 -42.7192
2899 -42.7766
2900 -42.8467
2901 -42.9549
2902 -43.1261
2903 -43.3045
2904 -43.2825
2905 -43.1486
2906 -43.0522
2907 -43.0482
2908 -43.0171
2909 -42.9483
2910 -43.0627
2911 -43.1716
2912 -43.2576
2913 -43.3756
2914 -43.5487
2915 -43.71
2916 -43.71
2917 -43.5595
2918 -43.2407
2919 -43.1528
2920 -43.1265
2921 -43.0161
2922 -42.9064
2923 -42.86
2924 -42.7891
2925 -42.6642
2926 -42.4639
2927 -42.1944
2928 -41.8951
2929 -41.65
2930 -41.7012
2931 -41.9192
2932 -42.1754
2933 -42.4281
2934 -42.7623
2935 -43.1106
2936 -43.3005
2937 -43.2836
2938 -43.1872
2939 -43.0085
2940 -42.8593
2941 -42.7147
2942 -42.6527
2943 -42.6813
2944 -42.7612
2945 -42.7285
2946 -42.7971
2947 -42.8805
2948 -43.0559
2949 -43.2177
2950 -43.4068
2951 -43.4044
2952 -43.3546
2953 -43.2843
2954 -43.2751
2955 -43.2512
2956 -43.1731
2957 -43.341
2958 -43.3935
2959 -43.5258
2960 -43.6493
2961 -43.8353
2962 -43.9239
2963 -43.8872
2964 -43.6774
2965 -43.4349
2966 -43.3606
2967 -43.335
2968 -43.2085
2969 -43.1382
2970 -43.0663
2971 -43.0151
2972 -42.857
2973 -42.6692
2974 -42.4327
2975 -42.141
2976 -41.9972
2977 -42.0902
2978 -42.3878
2979 -42.6172
2980 -42.9078
2981 -43.2303
2982 -43.5601
2983 -43.6265
2984 -43.6683
2985 -43.5417
2986 -43.3293
2987 -43.0818
2988 -42.9985
2989 -42.896
2990 -42.9467
2991 -43.084
2992 -43.1507
2993 -43.2152
2994 -43.3693
2995 -43.5005
2996 -43.6357
2997 -43.7049
2998 -43.6484
2999 -43.5734
3000 -43.5114
3001 -43.6112
3002 -43.5671
3003 -43.5756
3004 -43.783
3005 -43.9716
3006 -44.1345
3007 -44.2484
3008 -44.368
3009 -44.3931
3010 -44.2635
3011 -44.0071
3012 -43.7924
3013 -43.7866
3014 -43.7523
3015 -43.6778
3016 -43.6096
3017 -43.5108
3018 -43.3297
3019 -43.1282
3020 -42.9361
3021 -42.6353
3022 -42.3326
3023 -42.1747
3024 -42.2998
3025 -42.6273
3026 -42.9227
3027 -43.2053
3028 -43.5117
3029 -43.7652
3030 -43.8327
3031 -43.81
3032 -43.7802
3033 -43.628
3034 -43.4701
3035 -43.3733
3036 -43.2988
3037 -43.3059
3038 -43.2961
3039 -43.2608
3040 -43.3591
3041 -43.472
3042 -43.6481
3043 -43.803
3044 -43.9174
3045 -43.815
3046 -43.8085
3047 -43.7843
3048 -43.8497
3049 -43.7988
3050 -43.9096
3051 -44.1427
3052 -44.2282
3053 -44.3465
3054 -44.442
3055 -44.6629
3056 -44.8349
3057 -44.8886
3058 -44.7542
3059 -44.7858
3060 -44.9308
3061 -45.1027
3062 -45.2235
3063 -45.5089
3064 -45.8821
3065 -46.2038
3066 -46.4512
3067 -46.6771
3068 -46.7829
3069 -46.8554
3070 -47.1278
3071 -47.6154
3072 -48.2459
3073 -48.9258
3074 -49.707
3075 -50.4276
3076 -51.2063
3077 -51.9195
3078 -52.4981
3079 -52.9152
3080 -53.1725
3081 -53.4991
3082 -53.829
3083 -54.2701
3084 -54.7048
3085 -55.2199
3086 -55.7785
3087 -56.2909
3088 -56.8288
3089 -57.3964
3090 -57.95
3091 -58.5467
3092 -59.0619
3093 -59.4113
3094 -59.8526
3095 -60.1887
3096 -60.4035
3097 -60.5495
3098 -60.6111
3099 -60.6001
3100 -60.4533
3101 -60.2384
3102 -60.1167
3103 -60.0608
3104 -60.056
3105 -60.0352
3106 -60.0758
3107 -60.0591
3108 -59.988
3109 -59.7468
3110 -59.4385
3111 -59.0766
3112 -58.7392
3113 -58.3206
3114 -57.9377
3115 -57.6076
3116 -57.2989
3117 -57.0043
3118 -56.7484
3119 -56.4122
3120 -55.9875
3121 -55.4809
3122 -54.9107
3123 -54.3493
3124 -53.8219
3125 -53.3254
3126 -52.8832
3127 -52.4599
3128 -52.0585
3129 -51.7131
3130 -51.4101
3131 -51.154
3132 -50.9003
3133 -50.6612
3134 -50.3469
3135 -50.0614
3136 -49.767
3137 -49.5457
3138 -49.3632
3139 -49.2374
3140 -49.1155
3141 -49.0365
3142 -48.9332
3143 -48.8107
3144 -48.6399
3145 -48.4819
3146 -48.3213
3147 -48.2129
3148 -48.0738
3149 -47.9784
3150 -47.9277
3151 -47.9139
3152 -47.8863
3153 -47.9082
3154 -47.8735
3155 -47.789
3156 -47.6723
3157 -47.533
3158 -47.4034
3159 -47.2753
3160 -47.1856
3161 -47.164
3162 -47.1752
3163 -47.1548
3164 -47.0879
3165 -47.0174
3166 -46.9277
3167 -46.8735
3168 -46.8717
3169 -46.8934
3170 -46.9463
3171 -47.0005
3172 -47.0758
3173 -47.1014
3174 -47.11
3175 -47.0448
3176 -46.9936
3177 -46.9354
3178 -46.9006
3179 -46.8424
3180 -46.7987
3181 -46.7556
3182 -46.7691
3183 -46.7638
3184 -46.77
3185 -46.7513
3186 -46.7378
3187 -46.72
3188 -46.7022
3189 -46.6582
3190 -46.6232
3191 -46.5976
3192 -46.581
3193 -46.56
3194 -46.5692
3195 -46.5651
3196 -46.5702
3197 -46.583
3198 -46.5959
3199 -46.5827
3200 -46.5771
3201 -46.5557
3202 -46.5358
3203 -46.5201
3204 -46.5173
3205 -46.5045
3206 -46.5
3207 -46.4811
3208 -46.4861
3209 -46.4733
3210 -46.4986
3211 -46.5
3212 -46.5
3213 -46.508
3214 -46.5123
3215 -46.5436
3216 -46.5436
3217 -46.5308
3218 -46.504
3219 -46.4608
3220 -46.4324
3221 -46.43
3222 -46.43
3223 -46.424
3224 -46.4465
3225 -46.4633
3226 -46.48
3227 -46.4872
3228 -46.4901
3229 -46.5029
3230 -46.5157
3231 -46.5115
3232 -46.5
3233 -46.4918
3234 -46.4869
3235 -46.49
3236 -46.485
3237 -46.4947
3238 -46.5062
3239 -46.5219
3240 -46.54
3241 -46.5465
3242 -46.55
3243 -46.5622
3244 -46.57
3245 -46.5778
3246 -46.5706
3247 -46.5766
3248 -46.5638
3249 -46.56
3250 -46.5454
3251 -46.5792
3252 -46.5678
3253 -46.56
3254 -46.557
3255 -46.5558
3256 -46.5686
3257 -46.5729
3258 -46.5943
3259 -46.6071
3260 -46.6199
3261 -46.62
3262 -46.62
3263 -46.6117
3264 -46.6078
3265 -46.59
3266 -46.5967
3267 -46.5905
3268 -46.5854
3269 -46.5597
3270 -46.5421
3271 -46.5507
3272 -46.5671
3273 -46.5927
3274 -46.6366
3275 -46.6361
3276 -46.6152
3277 -46.6024
3278 -46.6
3279 -46.6
3280 -46.612
3281 -46.6288
3282 -46.6316
3283 -46.6356
3284 -46.6083
3285 -46.59
3286 -46.58
3287 -46.5913
3288 -46.6254
3289 -46.6638
3290 -46.69
3291 -46.6831
3292 -46.68
3293 -46.6575
3294 -46.6447
3295 -46.6562
3296 -46.6518
3297 -46.6886
3298 -46.72
3299 -46.72
3300 -46.7
3301 -46.7
3302 -46.6922
3303 -46.6911
3304 -46.7167
3305 -46.7362
3306 -46.74
3307 -46.7382
3308 -46.7254
3309 -46.7052
3310 -46.7098
3311 -46.7
3312 -46.7058
3313 -46.7186
3314 -46.73
3315 -46.7342
3316 -46.7189
3317 -46.71
3318 -46.72
3319 -46.72
3320 -46.7283
3321 -46.7422
3322 -46.76
3323 -46.7533
3324 -46.7595
3325 -46.7577
3326 -46.7449
3327 -46.7321
3328 -46.7493
3329 -46.7435
3330 -46.7437
3331 -46.7217
3332 -46.718
3333 -46.7195
3334 -46.73
3335 -46.7511
3336 -46.7832
3337 -46.784
3338 -46.7712
3339 -46.76
3340 -46.7556
3341 -46.7428
3342 -46.77
3343 -46.7957
3344 -46.8156
3345 -46.8284
3346 -46.8088
3347 -46.7919
3348 -46.7731
3349 -46.77
3350 -46.79
3351 -46.8058
3352 -46.8362
3353 -46.8309
3354 -46.8326
3355 -46.8135
3356 -46.7914
3357 -46.7921
3358 -46.8049
3359 -46.8177
3360 -46.8295
3361 -46.82
3362 -46.8138
3363 -46.819
3364 -46.81
3365 -46.81
3366 -46.8174
3367 -46.85
3368 -46.853
3369 -46.86
3370 -46.8514
3371 -46.8472
3372 -46.8342
3373 -46.847
3374 -46.85
3375 -46.84
3376 -46.84
3377 -46.8565
3378 -46.8689
3379 -46.8561
3380 -46.85
3381 -46.85
3382 -46.86
3383 -46.86
3384 -46.8758
3385 -46.8907
3386 -46.9035
3387 -46.91
3388 -46.8917
3389 -46.8681
3390 -46.86
3391 -46.86
3392 -46.8707
3393 -46.8932
3394 -46.9
3395 -46.8825
3396 -46.9153
3397 -46.8988
3398 -46.8884
3399 -46.91
