0 -105.795
1 -103.812
2 -103.83
3 -103.93
4 -104.291
5 -103.295
6 -104.841
7 -104.548
8 -105.179
9 -105.205
10 -104.95
11 -104.898
12 -104.777
13 -104.329
14 -104.214
15 -105.413
16 -104.427
17 -104.469
18 -105.71
19 -103.53
20 -106.263
21 -103.094
22 -105.055
23 -105.009
24 -105.644
25 -105.095
26 -103.933
27 -105.735
28 -105.816
29 -105.076
30 -105.776
31 -106.052
32 -106.455
33 -107.883
34 -107.556
35 -108.619
36 -108.546
37 -110.145
38 -109.678
39 -109.818
40 -110
41 -111.098
42 -113.366
43 -113.106
44 -113.258
45 -113.313
46 -112.494
47 -115.416
48 -116.028
49 -116.665
50 -116.808
51 -117.823
52 -119.921
53 -119.358
54 -120.196
55 -119.477
56 -120.2
57 -121.29
58 -122.198
59 -123.127
60 -122.723
61 -124.384
62 -123.645
63 -123.706
64 -122.192
65 -123.777
66 -124.307
67 -125.282
68 -124.637
69 -125.402
70 -125.368
71 -124.805
72 -123.674
73 -124.884
74 -124.115
75 -123.3
76 -122.511
77 -123.055
78 -122.823
79 -122.289
80 -121.986
81 -121.249
82 -119.552
83 -121.873
84 -120.1
85 -119.03
86 -118.275
87 -119.956
88 -119.016
89 -118.76
90 -117.552
91 -115.923
92 -116.268
93 -115.802
94 -115.433
95 -116.183
96 -114.808
97 -114.389
98 -114.766
99 -114.343
100 -115.053
101 -113.565
102 -114.716
103 -112.714
104 -112.638
105 -111.247
106 -111.702
107 -112.527
108 -112.189
109 -112.943
110 -112.96
111 -113.585
112 -112.192
113 -112.793
114 -112.333
115 -114.748
116 -114.292
117 -112.749
118 -113.561
119 -114.1
120 -115.027
121 -113.53
122 -114.973
123 -113.768
124 -114.606
125 -114.569
126 -113.532
127 -112.506
128 -112.251
129 -112.042
130 -114.024
131 -113.488
132 -112.957
133 -113.965
134 -112.23
135 -113.266
136 -112.468
137 -111.826
138 -112.169
139 -111.638
140 -111.002
141 -111.123
142 -112.115
143 -111.965
144 -111.309
145 -111.537
146 -111.762
147 -110.801
148 -111.577
149 -112.278
150 -112.284
151 -112.02
152 -112.736
153 -113.147
154 -112.775
155 -113.935
156 -113.848
157 -112.265
158 -112.959
159 -113.087
160 -113.555
161 -115.315
162 -113.559
163 -113.697
164 -114.515
165 -113.404
166 -112.726
167 -111.106
168 -112.458
169 -111.772
170 -112.665
171 -112.918
172 -110.973
173 -113.564
174 -112.712
175 -112.619
176 -113.021
177 -111.179
178 -112.818
179 -111.677
180 -111.657
181 -110.451
182 -110.55
183 -112.343
184 -110.867
185 -111.997
186 -111.268
187 -110.221
188 -111.769
189 -111.158
190 -111.961
191 -112.274
192 -112.621
193 -113.685
194 -112.954
195 -113.072
196 -111.281
197 -113.557
198 -113.44
199 -112.871
200 -113.1
201 -115.339
202 -112.508
203 -113.569
204 -113.436
205 -112.463
206 -112.278
207 -112.716
208 -113.443
209 -112.591
210 -112.507
211 -113.432
212 -114.237
213 -112.83
214 -113.731
215 -112.353
216 -112.605
217 -111.178
218 -110.805
219 -112.451
220 -111.827
221 -111.778
222 -110.654
223 -110.707
224 -110.1
225 -111.361
226 -110.579
227 -110.947
228 -109.607
229 -110.933
230 -111.302
231 -111.961
232 -114.443
233 -112.787
234 -113.686
235 -113.007
236 -113.834
237 -112.149
238 -110.596
239 -113.511
240 -113.181
241 -113.46
242 -113.744
243 -114.145
244 -113.251
245 -114.722
246 -114.267
247 -113.529
248 -114.221
249 -112.831
250 -112.971
251 -112.802
252 -113.026
253 -113.308
254 -113.32
255 -112.009
256 -113.177
257 -109.862
258 -111.297
259 -109.599
260 -111.517
261 -112.157
262 -112.036
263 -112.93
264 -110.925
265 -111.993
266 -110.737
267 -111.153
268 -110.129
269 -110.942
270 -111.636
271 -110.245
272 -112.94
273 -113.597
274 -113.827
275 -113.617
276 -111.967
277 -113.126
278 -112.051
279 -113.261
280 -112.761
281 -113.398
282 -114.901
283 -114.365
284 -114.915
285 -114.161
286 -114.197
287 -114.057
288 -113.463
289 -111.802
290 -112.022
291 -112.483
292 -112.808
293 -112.116
294 -112.473
295 -113.628
296 -111.716
297 -113.68
298 -110.265
299 -112.678
300 -110.229
301 -109.632
302 -110.61
303 -111.299
304 -109.975
305 -112.472
306 -111.766
307 -108.98
308 -109.82
309 -109.857
310 -111.434
311 -110.735
312 -112.472
313 -111.596
314 -114.025
315 -115.005
316 -112.27
317 -112.456
318 -112.335
319 -113.495
320 -113.376
321 -111.93
322 -113.119
323 -111.748
324 -113.465
325 -113.797
326 -114.855
327 -113.575
328 -113.659
329 -111.83
330 -112.283
331 -114.563
332 -112.178
333 -114.015
334 -113.907
335 -113.266
336 -114.071
337 -112.898
338 -113.194
339 -111.221
340 -111.581
341 -112.727
342 -112.069
343 -111.709
344 -112.458
345 -110.68
346 -111.802
347 -110.642
348 -109.696
349 -110.635
350 -110.293
351 -111.6
352 -112.094
353 -111.844
354 -112.836
355 -113.179
356 -113.383
357 -113.562
358 -113.107
359 -114.128
360 -113.442
361 -115.542
362 -113.567
363 -112.553
364 -114.15
365 -112.947
366 -113.461
367 -112.414
368 -113.391
369 -110.85
370 -111.473
371 -112.481
372 -113.259
373 -112.736
374 -113.792
375 -113.589
376 -112.462
377 -113.659
378 -112.556
379 -109.712
380 -111.152
381 -111.339
382 -110.609
383 -111.282
384 -112.457
385 -111.248
386 -110.934
387 -110.684
388 -109.547
389 -112.033
390 -110.623
391 -110.025
392 -112.937
393 -112.259
394 -113.444
395 -113.441
396 -113.081
397 -112.817
398 -113.631
399 -112.868
400 -113.801
401 -114.005
402 -113.172
403 -111.837
404 -113.142
405 -114.042
406 -112.348
407 -114.784
408 -112.393
409 -112.917
410 -112.196
411 -112.038
412 -112.758
413 -112.415
414 -113.786
415 -111.211
416 -111.779
417 -112.418
418 -111.148
419 -110.509
420 -111.745
421 -110.401
422 -110.595
423 -110.596
424 -111.187
425 -110.917
426 -110.752
427 -111.161
428 -110.495
429 -110.549
430 -110.681
431 -111.27
432 -110.332
433 -109.914
434 -112.195
435 -113.162
436 -112.024
437 -113.219
438 -111.056
439 -111.055
440 -111.34
441 -112.98
442 -109.667
443 -111.292
444 -111.272
445 -112.081
446 -110.553
447 -108.271
448 -108.37
449 -108.747
450 -108.545
451 -107.384
452 -103.88
453 -105.985
454 -105.184
455 -105.143
456 -103.929
457 -103.515
458 -103.742
459 -101.215
460 -101.005
461 -99.4617
462 -99.1109
463 -97.3011
464 -97.2607
465 -97.5725
466 -98.8241
467 -97.4371
468 -96.2859
469 -97.3904
470 -95.8918
471 -97.1117
472 -97.5948
473 -95.5817
474 -95.9024
475 -95.8487
476 -95.9643
477 -97.6487
478 -96.3813
479 -97.0586
480 -97.7663
481 -97.1091
482 -96.9192
483 -97.042
484 -98.8853
485 -98.9879
486 -100.749
487 -99.9886
488 -99.8739
489 -100.11
490 -100.866
491 -102.408
492 -101.578
493 -103.304
494 -102.967
495 -105.099
496 -103.476
497 -101.934
498 -103.52
499 -105.38
500 -105.468
501 -105.081
502 -104.168
503 -106.119
504 -106.474
505 -106.891
506 -107.266
507 -105.578
508 -106.935
509 -107.049
510 -106.389
511 -105.915
512 -106.736
513 -106.412
514 -108.247
515 -107.356
516 -105.523
517 -106.731
518 -106.022
519 -107.163
520 -106.157
521 -108.265
522 -107.382
523 -107.042
524 -109.433
525 -107.146
526 -106.512
527 -107.83
528 -107.998
529 -108.589
530 -108.181
531 -107.411
532 -106.538
533 -107.146
534 -108.157
535 -107.274
536 -107.745
537 -108.465
538 -107.024
539 -108.01
540 -108.595
541 -107.743
542 -108.296
543 -110.175
544 -107.915
545 -108.966
546 -108.728
547 -108.586
548 -107.992
549 -108.519
550 -109.354
551 -109.755
552 -108.581
553 -108.909
554 -109.143
555 -109.949
556 -107.976
557 -109.053
558 -108.79
559 -108.342
560 -107.761
561 -108.63
562 -108.435
563 -110.205
564 -107.497
565 -106.452
566 -107.613
567 -105.993
568 -107.32
569 -105.552
570 -104.272
571 -103.22
572 -103.322
573 -103.671
574 -105.136
575 -102.252
576 -102.47
577 -99.8857
578 -99.9571
579 -99.815
580 -100.197
581 -97.7795
582 -98.4899
583 -98.1759
584 -97.6547
585 -97.0796
586 -95.7408
587 -95.072
588 -94.337
589 -92.8098
590 -93.3528
591 -92.3573
592 -90.9947
593 -91.1279
594 -90.3133
595 -89.8042
596 -87.8017
597 -88.4192
598 -87.8765
599 -87.7601
600 -87.2118
601 -88.0831
602 -87.0939
603 -87.5176
604 -87.3211
605 -86.7599
606 -86.9962
607 -87.7893
608 -88.173
609 -89.2338
610 -89.609
611 -90.5314
612 -89.039
613 -91.4888
614 -91.8371
615 -92.0162
616 -92.0592
617 -92.4478
618 -92.8967
619 -93.9051
620 -95.6212
621 -94.4969
622 -95.8243
623 -96.4495
624 -96.6751
625 -97.1756
626 -98.2536
627 -98.2966
628 -98.81
629 -98.1892
630 -99.3648
631 -100.519
632 -97.468
633 -99.1264
634 -98.8708
635 -99.4072
636 -99.8908
637 -100.297
638 -100.569
639 -100.758
640 -100.67
641 -101.845
642 -101.301
643 -100.846
644 -101.2
645 -100.824
646 -100.085
647 -99.6669
648 -99.7765
649 -98.1723
650 -97.5242
651 -99.1402
652 -99.8006
653 -98.2321
654 -97.7753
655 -99.1392
656 -100.011
657 -98.538
658 -100.325
659 -101.464
660 -102.236
661 -100.194
662 -101.562
663 -101.472
664 -102.427
665 -102.236
666 -101.721
667 -102.783
668 -101.248
669 -102.231
670 -102.733
671 -101.401
672 -102.03
673 -102.68
674 -102.144
675 -99.391
676 -102.226
677 -101.113
678 -100.601
679 -101.301
680 -101.723
681 -102.659
682 -103.385
683 -102.925
684 -102.795
685 -102.966
686 -101.406
687 -100.614
688 -100.612
689 -99.9928
690 -99.9973
691 -100.106
692 -99.3738
693 -97.8944
694 -98.2048
695 -99.0483
696 -99.7659
697 -99.789
698 -100.329
699 -99.424
700 -101.842
701 -101.416
702 -102.753
703 -102.531
704 -103.508
705 -102.069
706 -102.408
707 -102.328
708 -102.237
709 -100.962
710 -100.685
711 -101.371
712 -102.595
713 -102.232
714 -102.281
715 -102.194
716 -101.412
717 -101.56
718 -100.941
719 -102.664
720 -103.482
721 -102.646
722 -102.618
723 -103.676
724 -104.259
725 -103.883
726 -101.937
727 -101.403
728 -102.136
729 -102.276
730 -99.2045
731 -101.103
732 -99.9251
733 -99.3546
734 -98.7927
735 -99.4747
736 -98.5993
737 -98.6796
738 -100.426
739 -99.8626
740 -100.991
741 -101.728
742 -101.448
743 -101.703
744 -101.901
745 -101.771
746 -102.366
747 -101.846
748 -103.148
749 -101.841
750 -102.291
751 -102.903
752 -101.52
753 -102.89
754 -102.27
755 -102.449
756 -101.182
757 -102.377
758 -101.558
759 -100.689
760 -102.08
761 -103.335
762 -103.621
763 -104.032
764 -102.756
765 -103.373
766 -103.201
767 -100.997
768 -101.169
769 -100.423
770 -100.846
771 -97.3327
772 -101.203
773 -99.3722
774 -98.9663
775 -98.1253
776 -98.7519
777 -98.6187
778 -99.7206
779 -99.7955
780 -99.755
781 -102.079
782 -101.189
783 -103.557
784 -103.26
785 -101.389
786 -103.289
787 -101.858
788 -101.779
789 -103.765
790 -102.054
791 -100.312
792 -101.504
793 -101.943
794 -101.995
795 -101.479
796 -101.177
797 -101.408
798 -100.532
799 -101.549
800 -101.131
801 -102.234
802 -102.294
803 -101.933
804 -102.39
805 -103.464
806 -102.53
807 -102.391
808 -101.828
809 -100.42
810 -99.7004
811 -99.7148
812 -100.222
813 -99.019
814 -100.041
815 -99.1424
816 -97.1883
817 -98.3128
818 -98.8844
819 -99.9588
820 -99.6992
821 -99.967
822 -101.94
823 -102.046
824 -102.159
825 -103.167
826 -102.818
827 -101.664
828 -102.351
829 -101.782
830 -102.059
831 -100.888
832 -101.467
833 -103.211
834 -101.32
835 -101.772
836 -101.155
837 -101.119
838 -101.883
839 -101.953
840 -101.241
841 -99.0682
842 -102.804
843 -104.376
844 -102.262
845 -100.795
846 -102.325
847 -102.607
848 -102.013
849 -99.6721
850 -100.302
851 -101.099
852 -99.2532
853 -99.9739
854 -99.673
855 -99.2036
856 -97.9322
857 -98.4819
858 -100.189
859 -100.109
860 -99.8851
861 -101.716
862 -101.455
863 -102.195
864 -102.423
865 -101.581
866 -101.497
867 -101.194
868 -101.274
869 -101.605
870 -102.048
871 -101.927
872 -101.104
873 -101.271
874 -101.568
875 -102.416
876 -100.825
877 -101.747
878 -102.167
879 -100.797
880 -101.061
881 -100.69
882 -102.239
883 -100.837
884 -102.453
885 -103.783
886 -102.352
887 -104.394
888 -101.88
889 -103.062
890 -101.443
891 -100.658
892 -100.218
893 -99.3261
894 -99.4402
895 -99.9942
896 -98.4748
897 -97.042
898 -99.2252
899 -99.8708
900 -100.387
901 -99.4972
902 -100.982
903 -101.842
904 -101.505
905 -101.404
906 -102.274
907 -101.534
908 -101.026
909 -102.275
910 -102.629
911 -100.548
912 -102.345
913 -101.11
914 -101.598
915 -103.111
916 -103.065
917 -102.284
918 -102.796
919 -101.544
920 -100.662
921 -102.712
922 -101.238
923 -103.429
924 -100.63
925 -102.143
926 -103.13
927 -102.683
928 -99.5044
929 -102.096
930 -100.329
931 -101.245
932 -100.405
933 -99.0608
934 -99.4709
935 -98.7815
936 -98.6233
937 -100.137
938 -99.1714
939 -99.4266
940 -99.982
941 -99.4408
942 -100.94
943 -100.344
944 -100.671
945 -101.179
946 -101.046
947 -100.708
948 -102.971
949 -100.886
950 -100.948
951 -100.597
952 -102.803
953 -101.8
954 -101.098
955 -101.919
956 -102.405
957 -101.445
958 -101.865
959 -99.8946
960 -101.317
961 -101.769
962 -101.822
963 -101.463
964 -101.396
965 -100.83
966 -102.306
967 -102.579
968 -102.033
969 -101.339
970 -101.833
971 -102.039
972 -101.434
973 -101.649
974 -101.888
975 -101.466
976 -100.694
977 -100.23
978 -101.301
979 -103.771
980 -102.868
981 -103.609
982 -103.605
983 -106.549
984 -105.069
985 -107.572
986 -108.291
987 -108.712
988 -109.627
989 -109.929
990 -110.181
991 -111.449
992 -110.326
993 -111.794
994 -111.258
995 -111.745
996 -114.084
997 -114.153
998 -113.506
999 -116.076
1000 -116.46
1001 -116.164
1002 -115.41
1003 -116.736
1004 -116.874
1005 -116.129
1006 -116.781
1007 -116.245
1008 -114.464
1009 -114.861
1010 -116.685
1011 -115.474
1012 -114.8
1013 -114.091
1014 -115.13
1015 -114.464
1016 -113.134
1017 -112.611
1018 -113.054
1019 -113.641
1020 -113.226
1021 -113.152
1022 -112.213
1023 -111.527
1024 -111.06
1025 -110.829
1026 -110.212
1027 -109.378
1028 -109.389
1029 -107.99
1030 -109.199
1031 -107.683
1032 -107.933
1033 -108.854
1034 -106.6
1035 -106.047
1036 -106.696
1037 -106.888
1038 -105.454
1039 -106.286
1040 -106.283
1041 -105.521
1042 -105.395
1043 -104.814
1044 -103.059
1045 -106.606
1046 -105.879
1047 -104.605
1048 -105.156
1049 -104.226
1050 -103.069
1051 -104.35
1052 -105.592
1053 -104.621
1054 -104.005
1055 -104.4
1056 -103.938
1057 -105.149
1058 -104.424
1059 -104.825
1060 -103.85
1061 -102.5
1062 -102.843
1063 -105.631
1064 -104.732
1065 -103.729
1066 -103.501
1067 -102.733
1068 -105.106
1069 -104.585
1070 -104.106
1071 -105.054
1072 -103.521
1073 -103.044
1074 -103.854
1075 -105.153
1076 -104.162
1077 -104.595
1078 -103.29
1079 -105.376
1080 -103.954
1081 -104.801
1082 -103.401
1083 -103.897
1084 -103.413
1085 -103.439
1086 -102.644
1087 -102.549
1088 -103.529
1089 -103.947
1090 -105.289
1091 -103.224
1092 -103.787
1093 -103.878
1094 -102.291
1095 -103.803
1096 -102.806
1097 -103.637
1098 -102.586
1099 -105.534
1100 -102.323
1101 -105.254
1102 -105.387
1103 -106.802
1104 -108.247
1105 -107.66
1106 -109.061
1107 -109.536
1108 -108.02
1109 -109.477
1110 -110.699
1111 -110.046
1112 -111.735
1113 -112.722
1114 -112.153
1115 -114.092
1116 -113.12
1117 -112.502
1118 -114.389
1119 -116.231
1120 -117.217
1121 -117.896
1122 -118.594
1123 -119.53
1124 -119.515
1125 -120.422
1126 -119.773
1127 -122.12
1128 -122.07
1129 -123.156
1130 -123.157
1131 -123.96
1132 -123.998
1133 -125.181
1134 -124.898
1135 -123.8
1136 -123.386
1137 -123.021
1138 -123.876
1139 -124.506
1140 -123.097
1141 -121.839
1142 -122.956
1143 -123.387
1144 -123.089
1145 -122.678
1146 -122.427
1147 -122.079
1148 -121.128
1149 -120.421
1150 -118.909
1151 -120.02
1152 -118.774
1153 -118.883
1154 -117.349
1155 -117.841
1156 -116.71
1157 -117.103
1158 -115.855
1159 -113.68
1160 -114.727
1161 -115.077
1162 -113.935
1163 -115.177
1164 -113.451
1165 -113.125
1166 -113.138
1167 -114.194
1168 -112.44
1169 -114.222
1170 -113.929
1171 -111.199
1172 -110.135
1173 -112.165
1174 -110.782
1175 -111.053
1176 -110.45
1177 -110.873
1178 -114.178
1179 -112.771
1180 -112.754
1181 -113.236
1182 -113.266
1183 -112.377
1184 -113.605
1185 -112.554
1186 -112.938
1187 -113.358
1188 -113.476
1189 -113.065
1190 -112.525
1191 -112.289
1192 -112.781
1193 -112.008
1194 -112.665
1195 -111.633
1196 -110.437
1197 -112.962
1198 -111.117
1199 -112.231
1200 -112.048
1201 -111.975
1202 -110.401
1203 -110.917
1204 -112.305
1205 -108.843
1206 -109.256
1207 -111.139
1208 -111.379
1209 -110.583
1210 -110.158
1211 -110.387
1212 -109.69
1213 -108.755
1214 -107.766
1215 -108.464
1216 -109.472
1217 -110.506
1218 -109.148
1219 -110.744
1220 -112.7
1221 -111.762
1222 -113.28
1223 -112.17
1224 -110.404
1225 -111.489
1226 -112.18
1227 -112.508
1228 -111.806
1229 -114.01
1230 -112.468
1231 -111.989
1232 -110.53
1233 -111.438
1234 -112.372
1235 -111.076
1236 -112.304
1237 -112.276
1238 -111.769
1239 -110.768
1240 -110.642
1241 -111.792
1242 -112.531
1243 -110.856
1244 -110.825
1245 -110.63
1246 -110.411
1247 -112.084
1248 -109.23
1249 -110.801
1250 -109.773
1251 -110.303
1252 -108.553
1253 -110.834
1254 -110.661
1255 -109.563
1256 -109.168
1257 -109.449
1258 -110.568
1259 -111.958
1260 -112.852
1261 -110.318
1262 -112.711
1263 -111.34
1264 -110.257
1265 -110.836
1266 -111.134
1267 -112.646
1268 -110.894
1269 -111.933
1270 -112.841
1271 -112.288
1272 -111.45
1273 -111.022
1274 -112.196
1275 -110.57
1276 -111.568
1277 -111.84
1278 -111.93
1279 -112.071
1280 -113.35
1281 -112.882
1282 -109.702
1283 -112.071
1284 -110.211
1285 -110.166
1286 -109.129
1287 -110.105
1288 -111.757
1289 -110.41
1290 -110.248
1291 -111.023
1292 -110.549
1293 -109.789
1294 -109.441
1295 -109.395
1296 -108.222
1297 -108.574
1298 -108.77
1299 -110.615
1300 -112.113
1301 -113.15
1302 -112.039
1303 -111.513
1304 -111.654
1305 -112.796
1306 -111.913
1307 -111.808
1308 -112.19
1309 -113.473
1310 -114.097
1311 -113.213
1312 -112.639
1313 -110.974
1314 -113.042
1315 -110.402
1316 -110.83
1317 -111.879
1318 -112.088
1319 -111.758
1320 -112.098
1321 -112.479
1322 -110.892
1323 -113.457
1324 -111.079
1325 -111.053
1326 -109.611
1327 -110.189
1328 -110.742
1329 -110.94
1330 -110.684
1331 -110.038
1332 -108.539
1333 -110.957
1334 -109.681
1335 -109.394
1336 -108.262
1337 -109.353
1338 -109.709
1339 -110.313
1340 -109.737
1341 -111.775
1342 -113.358
1343 -113.09
1344 -113.705
1345 -111.768
1346 -112.956
1347 -112.635
1348 -112.446
1349 -113.217
1350 -113.358
1351 -112.674
1352 -112.182
1353 -112.601
1354 -112.861
1355 -113.077
1356 -112.289
1357 -111.721
1358 -111.968
1359 -112.188
1360 -112.348
1361 -111.497
1362 -112.229
1363 -111.009
1364 -110.283
1365 -110.656
1366 -111.503
1367 -110.168
1368 -109.769
1369 -109.218
1370 -110.38
1371 -109.847
1372 -110.53
1373 -110.248
1374 -111.158
1375 -109.631
1376 -110.765
1377 -110.06
1378 -108.405
1379 -109.88
1380 -111.707
1381 -112.613
1382 -113.069
1383 -113.086
1384 -112.913
1385 -111.342
1386 -112.889
1387 -113.379
1388 -114.897
1389 -113.235
1390 -112.098
1391 -112.629
1392 -111.193
1393 -112.772
1394 -112.304
1395 -112.625
1396 -112.763
1397 -111.25
1398 -111.213
1399 -111.154
1400 -111.486
1401 -111.326
1402 -112.428
1403 -111.915
1404 -112.412
1405 -110.033
1406 -109.878
1407 -111.21
1408 -111.055
1409 -110.385
1410 -110.086
1411 -111.019
1412 -109.928
1413 -110.423
1414 -110.314
1415 -111.486
1416 -109.023
1417 -107.61
1418 -108.586
1419 -110.838
1420 -109.72
1421 -112.198
1422 -113.102
1423 -112.663
1424 -111.114
1425 -110.597
1426 -111.052
1427 -110.256
1428 -112.859
1429 -114.662
1430 -112.388
1431 -113.28
1432 -113.932
1433 -113.593
1434 -113.195
1435 -112.532
1436 -111.338
1437 -112.435
1438 -111.15
1439 -111.393
1440 -110.863
1441 -112.29
1442 -110.583
1443 -111.819
1444 -112.471
1445 -111.659
1446 -109.314
1447 -112.277
1448 -110.404
1449 -110.075
1450 -111.911
1451 -111.227
1452 -110.671
1453 -110.259
1454 -111.07
1455 -110.692
1456 -107.652
1457 -109.099
1458 -109.456
1459 -110.396
1460 -110.186
1461 -112.607
1462 -112.903
1463 -112.671
1464 -111.641
1465 -113.369
1466 -111.977
1467 -112.886
1468 -111.33
1469 -112.901
1470 -111.89
1471 -112.182
1472 -112.364
1473 -113.485
1474 -112.284
1475 -113.215
1476 -111.816
1477 -111.544
1478 -112.473
1479 -112.174
1480 -111.533
1481 -111.473
1482 -111.524
1483 -111.664
1484 -111.564
1485 -111.693
1486 -111.021
1487 -110.469
1488 -109.646
1489 -110.891
1490 -110.08
1491 -109.315
1492 -110.267
1493 -108.863
1494 -111.422
1495 -109.879
1496 -108.318
1497 -108.268
1498 -108.734
1499 -108.395
1500 -109.732
1501 -109.503
1502 -111.005
1503 -111.524
1504 -112.29
1505 -112.1
1506 -110.78
1507 -109.634
1508 -108.826
1509 -109.882
1510 -110.855
1511 -110.975
1512 -108.631
1513 -110.026
1514 -110.49
1515 -109.098
1516 -108.056
1517 -107.55
1518 -106.152
1519 -106.917
1520 -103.672
1521 -105.488
1522 -104.094
1523 -103.751
1524 -102.478
1525 -102.758
1526 -101.957
1527 -101.069
1528 -100.463
1529 -99.7398
1530 -97.8151
1531 -96.2804
1532 -96.6853
1533 -97.2565
1534 -95.5154
1535 -96.7538
1536 -95.4501
1537 -97.3376
1538 -95.2465
1539 -94.8447
1540 -96.1099
1541 -96.4002
1542 -95.9159
1543 -96.039
1544 -96.8181
1545 -96.3094
1546 -96.1153
1547 -94.6811
1548 -96.6126
1549 -97.6309
1550 -95.7178
1551 -97.4683
1552 -97.2179
1553 -98.0267
1554 -98.6761
1555 -99.5938
1556 -99.7212
1557 -100.12
1558 -100.584
1559 -102.323
1560 -101.443
1561 -101.624
1562 -101.259
1563 -103.566
1564 -101.779
1565 -103.063
1566 -104.053
1567 -104.539
1568 -105.116
1569 -104.185
1570 -105.158
1571 -104.164
1572 -104.704
1573 -104.454
1574 -104.997
1575 -106.517
1576 -105.868
1577 -105.803
1578 -105.238
1579 -106.72
1580 -104.562
1581 -106.454
1582 -107.327
1583 -106.991
1584 -107.879
1585 -107.388
1586 -107.672
1587 -107.636
1588 -106.66
1589 -106.694
1590 -106.84
1591 -106.591
1592 -106.865
1593 -106.429
1594 -106.703
1595 -107.936
1596 -107.96
1597 -105.933
1598 -107.621
1599 -109.144
1600 -107.591
1601 -107.566
1602 -107.178
1603 -108.315
1604 -107.887
1605 -108.826
1606 -108.233
1607 -107.31
1608 -108.26
1609 -107.954
1610 -108.712
1611 -108.292
1612 -107.86
1613 -108.996
1614 -109.121
1615 -107.104
1616 -108.13
1617 -108.822
1618 -106.516
1619 -107.956
1620 -107.033
1621 -107.9
1622 -109.011
1623 -107.539
1624 -109.802
1625 -108.37
1626 -108.546
1627 -108.44
1628 -106.501
1629 -107.134
1630 -108.258
1631 -107.892
1632 -106.173
1633 -106.328
1634 -107.76
1635 -107.058
1636 -106.689
1637 -105.725
1638 -104.809
1639 -103.636
1640 -104.976
1641 -103.542
1642 -101.055
1643 -101.509
1644 -101.791
1645 -99.9729
1646 -99.615
1647 -99.725
1648 -99.2565
1649 -98.803
1650 -96.5674
1651 -97.5365
1652 -96.082
1653 -96.7607
1654 -94.4046
1655 -94.6264
1656 -92.9727
1657 -93.8234
1658 -92.6072
1659 -89.9768
1660 -91.027
1661 -89.5303
1662 -90.1777
1663 -88.4982
1664 -88.0827
1665 -87.4895
1666 -86.8912
1667 -86.6735
1668 -86.4935
1669 -85.008
1670 -87.4646
1671 -87.2551
1672 -86.3996
1673 -87.7986
1674 -86.9547
1675 -86.8854
1676 -87.0549
1677 -88.4818
1678 -88.6283
1679 -88.6465
1680 -88.926
1681 -90.014
1682 -89.8654
1683 -91.8896
1684 -89.6813
1685 -92.7408
1686 -92.541
1687 -93.7351
1688 -93.903
1689 -94.8813
1690 -95.5846
1691 -96.3394
1692 -96.1926
1693 -97.1541
1694 -97.1505
1695 -96.6257
1696 -96.9894
1697 -97.6237
1698 -98.7743
1699 -100.41
1700 -99.8313
1701 -99.7445
1702 -99.315
1703 -98.4725
1704 -97.4874
1705 -99.9077
1706 -99.9431
1707 -101.333
1708 -100.671
1709 -100.587
1710 -100.27
1711 -101.037
1712 -101.677
1713 -101.193
1714 -100.894
1715 -99.5733
1716 -99.5307
1717 -98.1076
1718 -98.9991
1719 -98.0567
1720 -99.4156
1721 -99.1567
1722 -97.0598
1723 -97.1721
1724 -98.7329
1725 -98.9118
1726 -98.5253
1727 -99.2178
1728 -99.445
1729 -101.1
1730 -101.862
1731 -100.786
1732 -102.252
1733 -101.882
1734 -101.58
1735 -102.213
1736 -101.768
1737 -102.054
1738 -100.59
1739 -100.688
1740 -100.617
1741 -101.101
1742 -102.49
1743 -100.904
1744 -101.18
1745 -100.44
1746 -101.707
1747 -101.849
1748 -101.658
1749 -101.225
1750 -102.004
1751 -102.66
1752 -102.757
1753 -102.856
1754 -101.09
1755 -100.965
1756 -99.6325
1757 -100.855
1758 -99.8591
1759 -98.2772
1760 -98.9328
1761 -99.7743
1762 -99.0108
1763 -98.9308
1764 -98.6903
1765 -99.9127
1766 -99.9228
1767 -100.503
1768 -100.855
1769 -103.195
1770 -102.131
1771 -103.019
1772 -101.99
1773 -102.451
1774 -103.384
1775 -103.387
1776 -100.616
1777 -101.846
1778 -101.532
1779 -101.717
1780 -101.572
1781 -102.274
1782 -101.344
1783 -103.159
1784 -102.165
1785 -100.855
1786 -101.191
1787 -101.383
1788 -100.883
1789 -100.955
1790 -102.184
1791 -101.822
1792 -101.839
1793 -102.723
1794 -101.47
1795 -101.651
1796 -101.102
1797 -99.5535
1798 -98.9893
1799 -98.1153
1800 -99.4048
1801 -100.648
1802 -97.7379
1803 -98.894
1804 -97.8087
1805 -98.0769
1806 -99.6067
1807 -99.8094
1808 -101.198
1809 -101.521
1810 -100.384
1811 -101.886
1812 -102.884
1813 -102.017
1814 -101.476
1815 -101.096
1816 -100.695
1817 -100.306
1818 -101.06
1819 -101.202
1820 -100.792
1821 -102.016
1822 -102.806
1823 -102.084
1824 -102.032
1825 -103.381
1826 -101.64
1827 -101.357
1828 -100.626
1829 -100.178
1830 -103.104
1831 -101.322
1832 -103.172
1833 -102.333
1834 -103.152
1835 -101.091
1836 -100.382
1837 -100.948
1838 -100.243
1839 -98.9631
1840 -100.178
1841 -99.5677
1842 -100.011
1843 -98.2758
1844 -99.3281
1845 -98.1272
1846 -99.1766
1847 -99.6003
1848 -100.426
1849 -101.925
1850 -102.439
1851 -102.341
1852 -101.931
1853 -102.24
1854 -101.953
1855 -101.599
1856 -102.746
1857 -101.206
1858 -102.23
1859 -100.716
1860 -102.441
1861 -101.266
1862 -101.815
1863 -102.071
1864 -102.252
1865 -102.912
1866 -101.299
1867 -102.334
1868 -102.267
1869 -102.024
1870 -102.201
1871 -102.585
1872 -102.752
1873 -103.94
1874 -102.223
1875 -102.834
1876 -101.025
1877 -102.113
1878 -100.003
1879 -100.647
1880 -100.25
1881 -99.359
1882 -99.2464
1883 -99.9947
1884 -99.2956
1885 -99.6045
1886 -99.4395
1887 -99.5212
1888 -100.423
1889 -102.058
1890 -100.585
1891 -100.398
1892 -100.558
1893 -102.646
1894 -102.106
1895 -101.763
1896 -101.407
1897 -101.679
1898 -100.904
1899 -99.8078
1900 -100.194
1901 -101.361
1902 -102.519
1903 -101.967
1904 -101.653
1905 -101.102
1906 -102.066
1907 -101.569
1908 -100.166
1909 -101.951
1910 -100.593
1911 -102.041
1912 -102.959
1913 -102.321
1914 -103.583
1915 -100.998
1916 -100.336
1917 -100.531
1918 -100.842
1919 -98.6103
1920 -100.326
1921 -99.9914
1922 -100.283
1923 -98.9777
1924 -99.0446
1925 -98.9515
1926 -98.6469
1927 -99.6935
1928 -100.526
1929 -99.9748
1930 -100.931
1931 -102.541
1932 -101.959
1933 -102.58
1934 -102.1
1935 -101.252
1936 -101.68
1937 -100.806
1938 -100.592
1939 -102.742
1940 -100.09
1941 -100.274
1942 -101.12
1943 -101.033
1944 -102.405
1945 -104.434
1946 -102.016
1947 -103.714
1948 -101.447
1949 -103.238
1950 -101.564
1951 -102.264
1952 -102.303
1953 -102.104
1954 -103.511
1955 -102.073
1956 -101.465
1957 -100.324
1958 -101.323
1959 -99.5914
1960 -98.9479
1961 -99.9649
1962 -99.8166
1963 -98.3806
1964 -99.3736
1965 -99.0512
1966 -99.0099
1967 -99.8857
1968 -100.904
1969 -100.39
1970 -101.376
1971 -102.846
1972 -100.71
1973 -102.002
1974 -102.372
1975 -101.742
1976 -103.917
1977 -102.464
1978 -102.298
1979 -100.979
1980 -102
1981 -100.736
1982 -100.553
1983 -103.218
1984 -101.861
1985 -101.239
1986 -100.847
1987 -102.238
1988 -101.594
1989 -100.794
1990 -101.984
1991 -101.546
1992 -102.902
1993 -101.271
1994 -101.859
1995 -101.734
1996 -102.024
1997 -101.081
1998 -100.229
1999 -98.7184
2000 -100.416
2001 -98.9063
2002 -99.4989
2003 -98.0378
2004 -100.121
2005 -98.6013
2006 -99.2275
2007 -97.9246
2008 -99.7342
2009 -97.4797
2010 -100.288
2011 -102.972
2012 -101.905
2013 -101.316
2014 -103.345
2015 -101.25
2016 -103.498
2017 -100.07
2018 -101.362
2019 -101.393
2020 -101.167
2021 -100.366
2022 -100.264
2023 -101.025
2024 -102.39
2025 -101.321
2026 -102.119
2027 -102.859
2028 -101.66
2029 -100.904
2030 -101.516
2031 -101.014
2032 -102.016
2033 -101.932
2034 -101.595
2035 -102.695
2036 -104.488
2037 -102.405
2038 -101.038
2039 -100.773
2040 -99.5036
2041 -101.565
2042 -102.211
2043 -102.336
2044 -102.144
2045 -102.575
2046 -103.111
2047 -102.338
2048 -102.516
2049 -104.548
2050 -104.79
2051 -105.846
2052 -107.504
2053 -108.095
2054 -107.93
2055 -107.695
2056 -109.605
2057 -110.446
2058 -109.731
2059 -111.286
2060 -111.334
2061 -111.742
2062 -111.644
2063 -111.788
2064 -113.112
2065 -114.405
2066 -115.683
2067 -115.887
2068 -115.411
2069 -117.174
2070 -115.84
2071 -116.317
2072 -116.305
2073 -115.227
2074 -115.278
2075 -115.172
2076 -116.69
2077 -115.642
2078 -115.291
2079 -114.693
2080 -116.529
2081 -115.138
2082 -114.181
2083 -114.508
2084 -114.603
2085 -112.959
2086 -113.071
2087 -112.088
2088 -113.58
2089 -111.895
2090 -109.693
2091 -110.805
2092 -112.773
2093 -110.958
2094 -108.16
2095 -110.182
2096 -109.722
2097 -109.142
2098 -108.963
2099 -107.91
2100 -107.901
2101 -108.92
2102 -108.398
2103 -108.324
2104 -108.587
2105 -106.068
2106 -106.542
2107 -104.527
2108 -105.864
2109 -106.053
2110 -106.403
2111 -105.415
2112 -104.635
2113 -106.356
2114 -103.92
2115 -105.35
2116 -107.071
2117 -105.777
2118 -105.151
2119 -107.063
2120 -104.307
2121 -104.26
2122 -104.15
2123 -102.253
2124 -105.409
2125 -104.622
2126 -104.726
2127 -102.392
2128 -103.873
2129 -105.347
2130 -103.93
2131 -104.548
2132 -101.687
2133 -104.385
2134 -104.164
2135 -104.112
2136 -104.113
2137 -103.589
2138 -104.197
2139 -105.98
2140 -103.077
2141 -103.222
2142 -103.19
2143 -102.722
2144 -103.777
2145 -103.514
2146 -104.681
2147 -103.529
2148 -102.305
2149 -103.256
2150 -102.357
2151 -101.628
2152 -101.922
2153 -102.092
2154 -102.317
2155 -103.692
2156 -104.017
2157 -103.958
2158 -103.352
2159 -103.567
2160 -103.624
2161 -104.301
2162 -104.041
2163 -104.561
2164 -104.491
2165 -103.364
2166 -106.148
2167 -105.404
2168 -102.889
2169 -104.537
2170 -104.598
2171 -104.656
2172 -106.876
2173 -109.469
2174 -106.661
2175 -109.518
2176 -108.933
2177 -110.711
2178 -109.584
2179 -110.129
2180 -110.887
2181 -112.39
2182 -111.466
2183 -112.721
2184 -113.958
2185 -115.076
2186 -114.607
2187 -116.101
2188 -114.713
2189 -114.93
2190 -117.154
2191 -118.799
2192 -118.427
2193 -119.769
2194 -119.883
2195 -121.73
2196 -121.835
2197 -122.808
2198 -122.399
2199 -122.68
2200 -121.556
2201 -125.712
2202 -123.144
2203 -122.335
2204 -124.606
2205 -124.326
2206 -123.942
2207 -123.072
2208 -122.802
2209 -123.111
2210 -122.997
2211 -121.442
2212 -122.744
2213 -121.909
2214 -121.214
2215 -120.773
2216 -122.165
2217 -120.314
2218 -120.233
2219 -120.103
2220 -118.835
2221 -118.452
2222 -117.512
2223 -117.983
2224 -117.246
2225 -116.528
2226 -116.126
2227 -114.527
2228 -114.632
2229 -115.059
2230 -115.13
2231 -111.798
2232 -112.641
2233 -113.642
2234 -112.76
2235 -112.622
2236 -111.957
2237 -110.54
2238 -111.208
2239 -111.821
2240 -109.085
2241 -109.529
2242 -111.547
2243 -109.417
2244 -110.461
2245 -111.47
2246 -112.496
2247 -112.319
2248 -112.379
2249 -112.043
2250 -111.897
2251 -113.418
2252 -113.058
2253 -113.102
2254 -112.57
2255 -112.532
2256 -114.061
2257 -113.986
2258 -112.512
2259 -112.14
2260 -114.633
2261 -112.77
2262 -111.538
2263 -112.344
2264 -111.662
2265 -111.345
2266 -111.033
2267 -112.735
2268 -112.66
2269 -111.003
2270 -110.424
2271 -111.121
2272 -110.569
2273 -109.488
2274 -108.944
2275 -111.125
2276 -109.455
2277 -109.499
2278 -110.057
2279 -109.258
2280 -108.598
2281 -108.746
2282 -109.291
2283 -109.529
2284 -108.334
2285 -109.671
2286 -109.769
2287 -110.809
2288 -111.311
2289 -110.436
2290 -111.128
2291 -111.039
2292 -111.981
2293 -113.278
2294 -112.182
2295 -111.991
2296 -113.539
2297 -111.61
2298 -112.542
2299 -111.942
2300 -112.992
2301 -110.695
2302 -110.961
2303 -111.685
2304 -112.061
2305 -110.808
2306 -110.626
2307 -110.806
2308 -112.65
2309 -113.71
2310 -112.142
2311 -111.411
2312 -108.692
2313 -110.218
2314 -109.191
2315 -108.517
2316 -110.716
2317 -110.06
2318 -110.86
2319 -109.975
2320 -109.848
2321 -109.819
2322 -109.093
2323 -109.469
2324 -107.886
2325 -109.677
2326 -110.013
2327 -110.921
2328 -112.434
2329 -112.157
2330 -111.296
2331 -111.697
2332 -112.148
2333 -111.228
2334 -112.015
2335 -111.064
2336 -111.24
2337 -110.739
2338 -111.961
2339 -112.962
2340 -112.463
2341 -112.167
2342 -111.465
2343 -112.024
2344 -111.105
2345 -110.024
2346 -110.453
2347 -111.35
2348 -111.407
2349 -110.975
2350 -112.342
2351 -111.154
2352 -110.811
2353 -110.35
2354 -110.507
2355 -107.879
2356 -109.199
2357 -110.576
2358 -109.706
2359 -110.121
2360 -109.948
2361 -108.496
2362 -109.825
2363 -108.767
2364 -108.437
2365 -110.007
2366 -109.974
2367 -111.738
2368 -111.309
2369 -110.477
2370 -111.817
2371 -111.427
2372 -110.688
2373 -112.131
2374 -112.064
2375 -111.063
2376 -112.322
2377 -111.457
2378 -111.869
2379 -112.47
2380 -112.687
2381 -111.496
2382 -113.237
2383 -112.896
2384 -111.494
2385 -111.23
2386 -110.883
2387 -110.879
2388 -111.511
2389 -111.732
2390 -113.114
2391 -110.695
2392 -110.968
2393 -110.512
2394 -110.12
2395 -110.473
2396 -109.755
2397 -110.09
2398 -108.773
2399 -109.434
2400 -109.892
2401 -108.536
2402 -110.04
2403 -108.501
2404 -108.914
2405 -109.09
2406 -109.96
2407 -110.243
2408 -110.202
2409 -112.222
2410 -111.471
2411 -110.931
2412 -112.944
2413 -112.954
2414 -112.553
2415 -110.8
2416 -111.753
2417 -112.651
2418 -113.083
2419 -111.768
2420 -113.26
2421 -112.31
2422 -113.432
2423 -112.279
2424 -111.46
2425 -109.627
2426 -110.203
2427 -112.422
2428 -111.377
2429 -111.98
2430 -111.327
2431 -110.653
2432 -110.872
2433 -110.56
2434 -112.256
2435 -111.047
2436 -109.332
2437 -109.061
2438 -110.233
2439 -110.159
2440 -110.77
2441 -110.435
2442 -108.508
2443 -109.531
2444 -108.955
2445 -109.526
2446 -108.592
2447 -110.605
2448 -111.232
2449 -111.19
2450 -113.356
2451 -112.284
2452 -113.656
2453 -113.096
2454 -109.991
2455 -110.67
2456 -111.748
2457 -111.901
2458 -111.947
2459 -112.446
2460 -112.436
2461 -112.185
2462 -113.445
2463 -112.99
2464 -112.088
2465 -113.053
2466 -110.161
2467 -109.588
2468 -112.253
2469 -112.334
2470 -111.062
2471 -111.346
2472 -111.449
2473 -111.819
2474 -111.073
2475 -109.341
2476 -109.937
2477 -109.766
2478 -108.741
2479 -111.547
2480 -109.806
2481 -110.265
2482 -109.518
2483 -108.56
2484 -108.919
2485 -109.378
2486 -109.614
2487 -110.126
2488 -111.746
2489 -110.698
2490 -113.444
2491 -111.95
2492 -112.264
2493 -111.588
2494 -111.927
2495 -111.241
2496 -111.59
2497 -112.974
2498 -112.898
2499 -113.047
2500 -112.313
2501 -112.219
2502 -111.897
2503 -112.406
2504 -112.171
2505 -112.408
2506 -113.076
2507 -110.228
2508 -111.796
2509 -111.042
2510 -110.056
2511 -112.933
2512 -111.795
2513 -111.498
2514 -109.748
2515 -109.543
2516 -110.24
2517 -108.531
2518 -111.025
2519 -109.317
2520 -108.823
2521 -110.215
2522 -110.18
2523 -109.084
2524 -109.412
2525 -107.958
2526 -109.269
2527 -110.416
2528 -109.161
2529 -111.183
2530 -111.081
2531 -112.933
2532 -112.344
2533 -113.153
2534 -113.015
2535 -110.912
2536 -111.078
2537 -112.075
2538 -112.341
2539 -111.663
2540 -112.725
2541 -112.428
2542 -112.881
2543 -113.869
2544 -110.239
2545 -110.754
2546 -111.62
2547 -110.479
2548 -109.631
2549 -111.306
2550 -112.543
2551 -111.102
2552 -110.877
2553 -111.255
2554 -110.094
2555 -110.14
2556 -110.556
2557 -110.046
2558 -112.115
2559 -110.76
2560 -109.812
2561 -109.048
2562 -109.684
2563 -109.207
2564 -110.033
2565 -110.198
2566 -108.431
2567 -109.379
2568 -109.349
2569 -111.052
2570 -110.548
2571 -111.478
2572 -111.949
2573 -111.661
2574 -111.342
2575 -109.781
2576 -109.762
2577 -109.305
2578 -110.294
2579 -111.193
2580 -109.573
2581 -109.496
2582 -109.116
2583 -107.815
2584 -108.554
2585 -106.047
2586 -105.98
2587 -105.381
2588 -105.458
2589 -103.721
2590 -103.78
2591 -103.606
2592 -103.969
2593 -102.317
2594 -103.4
2595 -100.309
2596 -99.8316
2597 -98.4362
2598 -97.6945
2599 -97.421
2600 -97.4111
2601 -97.8897
2602 -96.8581
2603 -95.7832
2604 -95.2404
2605 -96.6234
2606 -96.8027
2607 -96.4124
2608 -94.0217
2609 -93.9198
2610 -94.5651
2611 -94.7449
2612 -95.556
2613 -95.791
2614 -96.3752
2615 -96.9514
2616 -94.6788
2617 -96.4181
2618 -96.6334
2619 -98.0539
2620 -97.9098
2621 -98.2555
2622 -98.7006
2623 -99.399
2624 -99.0525
2625 -100.118
2626 -99.374
2627 -100.108
2628 -101.321
2629 -100.736
2630 -103.243
2631 -100.967
2632 -101.478
2633 -103.366
2634 -103.314
2635 -103.74
2636 -104.128
2637 -104.071
2638 -106.455
2639 -105.796
2640 -104.798
2641 -105.559
2642 -106.266
2643 -104.485
2644 -104.886
2645 -105.1
2646 -105.561
2647 -107.776
2648 -106.852
2649 -106.095
2650 -104.893
2651 -106.546
2652 -106.184
2653 -105.354
2654 -106.794
2655 -106.63
2656 -106.28
2657 -106.361
2658 -107.349
2659 -104.998
2660 -108.058
2661 -105.885
2662 -106.912
2663 -106.417
2664 -108.037
2665 -106.302
2666 -107.17
2667 -107.235
2668 -106.879
2669 -107.656
2670 -106.928
2671 -108.566
2672 -106.701
2673 -107.209
2674 -106.484
2675 -107.775
2676 -105.868
2677 -107.035
2678 -108.394
2679 -107.314
2680 -107.738
2681 -107.265
2682 -107.912
2683 -106.198
2684 -108.788
2685 -107.989
2686 -108.08
2687 -108.587
2688 -108.67
2689 -106.811
2690 -107.465
2691 -106.74
2692 -107.983
2693 -108.29
2694 -108.951
2695 -107.452
2696 -107.311
2697 -107.498
2698 -107.373
2699 -107.361
2700 -105.997
2701 -105.884
2702 -106.157
2703 -105.926
2704 -105.233
2705 -107.44
2706 -104.498
2707 -103.119
2708 -102.034
2709 -101.925
2710 -101.143
2711 -102.263
2712 -101.275
2713 -100.526
2714 -101.213
2715 -99.5665
2716 -98.4845
2717 -98.7086
2718 -98.6833
2719 -97.2798
2720 -94.9783
2721 -95.1578
2722 -94.5874
2723 -94.5429
2724 -93.9104
2725 -92.7996
2726 -90.4371
2727 -92.9249
2728 -91.7983
2729 -88.918
2730 -89.093
2731 -89.0979
2732 -89.2037
2733 -88.5259
2734 -87.2804
2735 -87.7976
2736 -87.0304
2737 -86.5633
2738 -85.5446
2739 -86.0842
2740 -88.1237
2741 -86.9252
2742 -87.4287
2743 -87.0813
2744 -86.4137
2745 -89.0012
2746 -89.4633
2747 -87.6401
2748 -89.4076
2749 -91.0534
2750 -90.2613
2751 -90.9821
2752 -92.2388
2753 -92.881
2754 -92.9424
2755 -94.1945
2756 -95.5402
2757 -95.0107
2758 -94.7357
2759 -94.9921
2760 -96.5477
2761 -96.0249
2762 -98.8738
2763 -98.5715
2764 -97.7775
2765 -97.0655
2766 -97.7919
2767 -99.2529
2768 -99.0587
2769 -99.0549
2770 -99.7689
2771 -98.3179
2772 -99.8735
2773 -99.3259
2774 -99.3205
2775 -100.33
2776 -101.297
2777 -100.108
2778 -101.285
2779 -101.624
2780 -100.6
2781 -100.174
2782 -100.916
2783 -99.4738
2784 -100.163
2785 -98.3433
2786 -100.428
2787 -98.6963
2788 -98.1181
2789 -97.1687
2790 -97.9736
2791 -99.1805
2792 -100.005
2793 -97.9454
2794 -101.109
2795 -101.158
2796 -100.287
2797 -100.833
2798 -101.414
2799 -102.568
2800 -102.436
2801 -100.809
2802 -100.822
2803 -101.087
2804 -102.148
2805 -101.975
2806 -101.496
2807 -100.535
2808 -100.649
2809 -101.35
2810 -102.662
2811 -101.155
2812 -102.757
2813 -101.663
2814 -101.687
2815 -101.429
2816 -102.771
2817 -101.584
2818 -103.092
2819 -103.878
2820 -103.449
2821 -102.388
2822 -100.998
2823 -102.134
2824 -100.428
2825 -98.4675
2826 -100.055
2827 -99.0485
2828 -97.8425
2829 -98.2087
2830 -99.7651
2831 -99.6861
2832 -99.6398
2833 -99.6924
2834 -99.1929
2835 -100.805
2836 -101.402
2837 -100.974
2838 -100.711
2839 -101.541
2840 -102.414
2841 -102.653
2842 -102.167
2843 -101.158
2844 -101.607
2845 -100.876
2846 -101.414
2847 -100.573
2848 -102.042
2849 -101.299
2850 -102.003
2851 -101.784
2852 -101.897
2853 -102.827
2854 -101.294
2855 -100.394
2856 -100.18
2857 -101.9
2858 -101.479
2859 -101.308
2860 -103.169
2861 -101.732
2862 -101.024
2863 -103.043
2864 -100.829
2865 -101.265
2866 -100.505
2867 -98.8592
2868 -98.7151
2869 -99.7286
2870 -98.2325
2871 -100.495
2872 -99.0505
2873 -99.1854
2874 -99.9173
2875 -101
2876 -101.47
2877 -101.054
2878 -102.47
2879 -101.991
2880 -102.859
2881 -101.181
2882 -101.773
2883 -101.823
2884 -102.312
2885 -101.962
2886 -102.203
2887 -101.046
2888 -101.4
2889 -102.436
2890 -101.585
2891 -101.713
2892 -102.499
2893 -103.439
2894 -101.363
2895 -101.904
2896 -101.659
2897 -102.653
2898 -102.087
2899 -102.718
2900 -102.562
2901 -102.255
2902 -103.552
2903 -100.442
2904 -100.956
2905 -100.709
2906 -100.086
2907 -100.038
2908 -99.3189
2909 -99.7824
2910 -99.9387
2911 -99.8167
2912 -99.309
2913 -98.4694
2914 -99.3628
2915 -100.009
2916 -100.643
2917 -101.895
2918 -101.21
2919 -101.155
2920 -101.777
2921 -102.579
2922 -102.296
2923 -102.356
2924 -101.056
2925 -100.849
2926 -102.244
2927 -101.558
2928 -103.042
2929 -99.5004
2930 -101.819
2931 -101.868
2932 -101.726
2933 -101.772
2934 -101.52
2935 -99.2509
2936 -101.037
2937 -100.36
2938 -101.451
2939 -102.922
2940 -103.606
2941 -101.179
2942 -103.637
2943 -102.924
2944 -101.302
2945 -100.57
2946 -101.38
2947 -100.57
2948 -99.6117
2949 -98.8835
2950 -99.8024
2951 -100.845
2952 -98.9319
2953 -99.1272
2954 -98.9588
2955 -100.206
2956 -99.2509
2957 -101.339
2958 -100.916
2959 -101.249
2960 -101.866
2961 -102.193
2962 -103.359
2963 -101.854
2964 -100.805
2965 -101.654
2966 -101.012
2967 -101.169
2968 -101.396
2969 -101.169
2970 -102.05
2971 -101.592
2972 -102.619
2973 -101.143
2974 -101.601
2975 -102.221
2976 -101.475
2977 -100.604
2978 -103.08
2979 -102.114
2980 -101.21
2981 -102.67
2982 -102.613
2983 -101.25
2984 -102.905
2985 -102.24
2986 -100.188
2987 -99.918
2988 -100.161
2989 -98.0492
2990 -99.7099
2991 -97.5105
2992 -100.186
2993 -101.184
2994 -98.4768
2995 -97.2346
2996 -100.855
2997 -100.234
2998 -100.79
2999 -102.278
3000 -102.554
3001 -101.994
3002 -101.011
3003 -101.891
3004 -101.793
3005 -100.439
3006 -101.24
3007 -101.299
3008 -101.346
3009 -101.409
3010 -101.287
3011 -101.876
3012 -102.625
3013 -102.55
3014 -102.177
3015 -102.662
3016 -100.29
3017 -102.273
3018 -99.8951
3019 -102.273
3020 -104.124
3021 -102.239
3022 -103.562
3023 -101.415
3024 -100.994
3025 -102.282
3026 -101.549
3027 -100.645
3028 -99.1454
3029 -100.891
3030 -99.9702
3031 -100.496
3032 -99.8744
3033 -98.3147
3034 -98.3279
3035 -99.6296
3036 -99.7404
3037 -101.5
3038 -101.382
3039 -100.439
3040 -101.874
3041 -103.298
3042 -101.638
3043 -104.375
3044 -102.193
3045 -101.583
3046 -100.681
3047 -101.336
3048 -99.9806
3049 -100.744
3050 -101.7
3051 -100.173
3052 -102.261
3053 -102.231
3054 -102.361
3055 -101.772
3056 -101.574
3057 -101.588
3058 -101.038
3059 -102.2
3060 -102.27
3061 -102.918
3062 -102.112
3063 -100.946
3064 -102.759
3065 -101.305
3066 -101.598
3067 -100.39
3068 -99.9452
3069 -99.9035
3070 -98.4283
3071 -98.4662
3072 -100.564
3073 -98.1547
3074 -98.335
3075 -98.3414
3076 -100.208
3077 -99.0708
3078 -100.18
3079 -100.632
3080 -102.135
3081 -101.933
3082 -102.481
3083 -101.745
3084 -102.618
3085 -103.23
3086 -102.468
3087 -102.032
3088 -99.9673
3089 -100.877
3090 -101.621
3091 -103.639
3092 -102.375
3093 -101.856
3094 -101.752
3095 -103.087
3096 -102.205
3097 -102.486
3098 -101.44
3099 -100.45
3100 -102.178
3101 -101.892
3102 -101.731
3103 -102.033
3104 -102.62
3105 -102.13
3106 -102.236
3107 -101.394
3108 -100.306
3109 -100.001
3110 -101.994
3111 -102.107
3112 -101.298
3113 -102.154
3114 -102.494
3115 -101.803
3116 -102.885
3117 -103.295
3118 -105.334
3119 -105.495
3120 -107.431
3121 -106.944
3122 -108.537
3123 -109.172
3124 -109.503
3125 -109.824
3126 -109.936
3127 -111.039
3128 -110.759
3129 -110.085
3130 -111.447
3131 -111.798
3132 -112.459
3133 -113.113
3134 -115.22
3135 -113.965
3136 -115.595
3137 -116.294
3138 -116.67
3139 -115.126
3140 -115.374
3141 -114.473
3142 -116.011
3143 -116.231
3144 -116.253
3145 -115.492
3146 -116.186
3147 -113.707
3148 -115.671
3149 -115.287
3150 -115.466
3151 -114.193
3152 -113.958
3153 -113.657
3154 -114.152
3155 -113.02
3156 -113.327
3157 -112.816
3158 -112.006
3159 -110.798
3160 -111.481
3161 -111.665
3162 -109.987
3163 -108.776
3164 -109.028
3165 -109.876
3166 -108.034
3167 -109.168
3168 -109.114
3169 -108.716
3170 -107.689
3171 -106.917
3172 -107.236
3173 -106.977
3174 -106.098
3175 -105.728
3176 -107.086
3177 -107.369
3178 -105.68
3179 -104.382
3180 -106.33
3181 -104.125
3182 -105.272
3183 -103.843
3184 -104.784
3185 -104.555
3186 -103.985
3187 -106.384
3188 -105.74
3189 -104.723
3190 -104.02
3191 -103.742
3192 -106.404
3193 -104.586
3194 -103.967
3195 -104.74
3196 -103.702
3197 -104.112
3198 -101.455
3199 -104.865
3200 -103.403
3201 -103.917
3202 -103.762
3203 -103.659
3204 -103.978
3205 -103.861
3206 -104.175
3207 -103.748
3208 -104.097
3209 -104.351
3210 -103.493
3211 -103.948
3212 -103.026
3213 -104.424
3214 -102.753
3215 -103.771
3216 -105.779
3217 -103.71
3218 -102.944
3219 -104.186
3220 -102.841
3221 -105.145
3222 -103.14
3223 -104.238
3224 -102.968
3225 -103.515
3226 -103.892
3227 -103.749
3228 -104.231
3229 -103.436
3230 -103.03
3231 -104.038
3232 -103.162
3233 -104.418
3234 -102.428
3235 -103.517
3236 -103.631
3237 -103.964
3238 -102.635
3239 -104.212
3240 -103.63
3241 -103.448
3242 -102.863
3243 -103.411
3244 -103.196
3245 -104.122
3246 -105.266
3247 -102.897
3248 -106.755
3249 -103.5
3250 -104.598
3251 -104.003
3252 -104.144
3253 -103.644
3254 -103.768
3255 -102.98
3256 -104.168
3257 -103.7
3258 -103.613
3259 -104.699
3260 -103.586
3261 -104.103
3262 -104.092
3263 -102.679
3264 -103.681
3265 -104.017
3266 -105.062
3267 -104.301
3268 -102.736
3269 -104.739
3270 -105.153
3271 -105.18
3272 -104.93
3273 -102.375
3274 -103.53
3275 -103.426
3276 -102.969
3277 -104.301
3278 -102.896
3279 -104.84
3280 -102.659
3281 -104.279
3282 -102.79
3283 -103.961
3284 -104.684
3285 -103.625
3286 -103.718
3287 -103.04
3288 -103.634
3289 -103.189
3290 -103.537
3291 -103.851
3292 -103.339
3293 -104.229
3294 -104.542
3295 -103.972
3296 -103.839
3297 -103.486
3298 -102.459
3299 -104.023
3300 -103.223
3301 -103.733
3302 -103.031
3303 -103.862
3304 -103.401
3305 -103.27
3306 -103.695
3307 -104.718
3308 -104.042
3309 -105.344
3310 -103.079
3311 -104.189
3312 -104.187
3313 -103.959
3314 -104.297
3315 -104.013
3316 -104.183
3317 -103.83
3318 -103.645
3319 -102.923
3320 -106.076
3321 -104.222
3322 -102.582
3323 -103.172
3324 -104.519
3325 -102.779
3326 -102.194
3327 -105.769
3328 -104.318
3329 -103.528
3330 -104.943
3331 -102.559
3332 -103.428
3333 -103.863
3334 -103.836
3335 -104.356
3336 -103.719
3337 -104.197
3338 -104.402
3339 -104.449
3340 -104.791
3341 -104.407
3342 -102.847
3343 -103.64
3344 -105.092
3345 -102.922
3346 -104.308
3347 -104.725
3348 -103.793
3349 -102.539
3350 -105.081
3351 -103.352
3352 -105.196
3353 -102.843
3354 -104.47
3355 -104.543
3356 -104.417
3357 -103.834
3358 -103.801
3359 -105.774
3360 -103.015
3361 -104.33
3362 -103.081
3363 -104.291
3364 -102.879
3365 -104.83
3366 -104.141
3367 -104.327
3368 -103.399
3369 -102.412
3370 -103.078
3371 -103.954
3372 -103.6
3373 -104.541
3374 -103.84
3375 -104.753
3376 -103.696
3377 -104.05
3378 -104.001
3379 -103.102
3380 -103.228
3381 -103.637
3382 -103.165
3383 -104.68
3384 -103.849
3385 -103.595
3386 -103.204
3387 -104.539
3388 -104.41
3389 -103.609
3390 -104.395
3391 -103.565
3392 -104.019
3393 -103.643
3394 -103.94
3395 -103.792
3396 -105.246
3397 -103.949
3398 -103.754
3399 -103.267
