0 -108.25
1 -107.399
2 -106.12
3 -105.291
4 -106.716
5 -106.206
6 -105.386
7 -104.165
8 -104.198
9 -103.839
10 -103.537
11 -101.682
12 -100.915
13 -99.4326
14 -99.5966
15 -97.9744
16 -97.4457
17 -100.082
18 -99.0116
19 -97.4307
20 -97.8687
21 -97.4201
22 -97.4587
23 -96.8656
24 -96.3244
25 -95.6698
26 -96.2546
27 -95.2525
28 -95.8804
29 -96.3533
30 -97.3165
31 -97.3205
32 -97.1175
33 -97.1786
34 -97.2384
35 -97.2705
36 -99.2651
37 -99.0051
38 -96.8839
39 -97.9128
40 -97.378
41 -99.923
42 -99.3379
43 -99.6847
44 -99.8202
45 -99.6478
46 -102.496
47 -100.613
48 -102.17
49 -101.641
50 -102.539
51 -101.329
52 -103.4
53 -104.165
54 -102.983
55 -104.389
56 -105.113
57 -105.913
58 -105.673
59 -104.371
60 -105.936
61 -105.583
62 -105.276
63 -105.432
64 -106.374
65 -106.747
66 -105.888
67 -107.175
68 -106.708
69 -106.527
70 -107.421
71 -106.169
72 -106.022
73 -106.4
74 -107.497
75 -106.288
76 -106.267
77 -106.871
78 -106.917
79 -108.119
80 -106.731
81 -106.94
82 -108.031
83 -108.566
84 -108.687
85 -108.316
86 -107.157
87 -107.805
88 -106.17
89 -107.918
90 -109.069
91 -108.646
92 -108.592
93 -108.102
94 -107.351
95 -107.152
96 -106.942
97 -107.633
98 -109.147
99 -107.884
100 -107.426
101 -108.78
102 -107.72
103 -108.836
104 -106.991
105 -108.93
106 -108.656
107 -108.001
108 -107.551
109 -110.296
110 -109.959
111 -107.303
112 -108.399
113 -108.627
114 -108.973
115 -108.564
116 -108.402
117 -109.185
118 -108.381
119 -109.507
120 -108.262
121 -107.606
122 -107.658
123 -108.178
124 -108.912
125 -107.972
126 -108.802
127 -107.964
128 -108.927
129 -110.116
130 -108.604
131 -106.922
132 -106.961
133 -108.41
134 -107.737
135 -106.985
136 -106.987
137 -105.957
138 -104.353
139 -101.831
140 -103.665
141 -104.069
142 -103.278
143 -102.704
144 -102.497
145 -100.916
146 -100.992
147 -101.797
148 -100.827
149 -99.6735
150 -99.0298
151 -98.8597
152 -98.596
153 -97.98
154 -99.6882
155 -97.1658
156 -96.5567
157 -94.8717
158 -94.9152
159 -95.4919
160 -94.4413
161 -92.7376
162 -90.8546
163 -90.7788
164 -92.1409
165 -91.2717
166 -89.4062
167 -89.9184
168 -88.7018
169 -88.6303
170 -87.6771
171 -86.2053
172 -87.4461
173 -87.63
174 -87.6849
175 -85.9998
176 -87.3269
177 -86.6546
178 -86.3332
179 -87.3905
180 -87.2707
181 -87.7116
182 -88.5182
183 -87.8672
184 -87.962
185 -88.2352
186 -88.2006
187 -88.3094
188 -89.324
189 -90.3091
190 -90.557
191 -91.2042
192 -92.536
193 -92.4127
194 -93.5085
195 -92.0835
196 -94.3389
197 -95.0837
198 -93.4713
199 -95.4272
200 -94.3299
201 -96.8019
202 -95.9893
203 -96.879
204 -96.6315
205 -97.8814
206 -97.0069
207 -100.138
208 -98.8325
209 -97.5972
210 -99.4908
211 -99.5449
212 -99.9601
213 -98.2393
214 -98.8926
215 -99.0303
216 -100.542
217 -99.4855
218 -100.725
219 -99.4437
220 -102.059
221 -102.471
222 -100.364
223 -100.806
224 -101.283
225 -100.787
226 -99.8803
227 -99.0619
228 -99.4496
229 -99.5242
230 -97.5159
231 -98.2344
232 -98.7349
233 -99.2009
234 -96.0928
235 -97.0816
236 -99.0978
237 -98.0817
238 -98.6421
239 -99.7819
240 -100.675
241 -101.832
242 -101.259
243 -101.852
244 -99.9269
245 -101.116
246 -101.773
247 -101.044
248 -101.37
249 -101.8
250 -100.094
251 -102.334
252 -100.695
253 -100.826
254 -100.792
255 -99.7478
256 -101.947
257 -102.369
258 -104.027
259 -101.64
260 -101.132
261 -100.433
262 -101.673
263 -101.195
264 -102.188
265 -99.8171
266 -102.286
267 -101.304
268 -102.471
269 -104.001
270 -102.633
271 -101.018
272 -103.091
273 -101.49
274 -100.136
275 -100.011
276 -98.7739
277 -99.3092
278 -98.2125
279 -98.0952
280 -100.164
281 -99.8507
282 -98.3738
283 -98.2605
284 -99.6293
285 -99.2785
286 -99.612
287 -100.048
288 -99.5401
289 -100.975
290 -99.7789
291 -101.504
292 -102.15
293 -101.235
294 -101.468
295 -101.925
296 -102.163
297 -102.2
298 -100.248
299 -102.508
300 -100.038
301 -101.674
302 -100.591
303 -100.768
304 -100.644
305 -99.805
306 -101.574
307 -99.847
308 -100.212
309 -101.083
310 -102.239
311 -99.7631
312 -101.123
313 -102.146
314 -99.7298
315 -101.671
316 -101.292
317 -100.09
318 -101.035
319 -101.81
320 -100.55
321 -98.8735
322 -100.672
323 -99.6088
324 -99.0492
325 -99.3033
326 -99.9409
327 -101.211
328 -98.7575
329 -98.6539
330 -97.853
331 -97.4577
332 -99.9212
333 -98.4844
334 -100.209
335 -100.054
336 -100.523
337 -100.369
338 -101.543
339 -102.802
340 -102.12
341 -100.339
342 -101.673
343 -101.586
344 -100.906
345 -101.71
346 -100.769
347 -100.755
348 -99.4153
349 -101.485
350 -99.5751
351 -101.57
352 -100.823
353 -100.152
354 -100.954
355 -102.246
356 -100.199
357 -99.7171
358 -101.062
359 -101.236
360 -102.163
361 -101.233
362 -101.574
363 -101.192
364 -102.218
365 -101.218
366 -100.766
367 -99.7506
368 -99.3207
369 -99.7888
370 -98.9385
371 -98.9165
372 -99.122
373 -99.0426
374 -98.3967
375 -97.6194
376 -97.6786
377 -98.5715
378 -99.6848
379 -99.0066
380 -101.236
381 -99.9417
382 -99.9945
383 -100.314
384 -100.494
385 -100.242
386 -102.818
387 -102.141
388 -101.648
389 -101.953
390 -101.451
391 -100.69
392 -101.344
393 -100.936
394 -102.533
395 -101.12
396 -100.606
397 -99.7121
398 -102.254
399 -100.462
400 -99.8378
401 -100.988
402 -100.684
403 -101.093
404 -100.635
405 -101.946
406 -100.05
407 -100.447
408 -101.926
409 -102.62
410 -101.926
411 -100.154
412 -101.598
413 -100.616
414 -98.5565
415 -100.486
416 -99.4467
417 -98.2517
418 -98.1363
419 -97.2072
420 -98.7114
421 -98.2564
422 -96.4933
423 -98.4086
424 -97.5203
425 -96.5022
426 -98.7901
427 -99.1465
428 -99.8116
429 -100.136
430 -100.083
431 -100.147
432 -100.707
433 -100.694
434 -100.644
435 -101.68
436 -100.573
437 -101.036
438 -100.407
439 -96.7244
440 -97.5543
441 -99.6458
442 -100.975
443 -99.7081
444 -101.017
445 -100.766
446 -100.555
447 -99.4846
448 -99.4314
449 -97.8118
450 -97.9316
451 -100.249
452 -99.2475
453 -99.855
454 -100.375
455 -101.213
456 -101.877
457 -100.634
458 -100.401
459 -100.406
460 -99.6139
461 -98.2021
462 -98.6679
463 -100.357
464 -99.4356
465 -98.9484
466 -97.9115
467 -97.4716
468 -97.7055
469 -97.4644
470 -95.8671
471 -96.6437
472 -96.9076
473 -97.9764
474 -96.9949
475 -98.9098
476 -99.1327
477 -99.2706
478 -99.0488
479 -99.3624
480 -99.7159
481 -98.5212
482 -100.594
483 -99.7374
484 -99.1417
485 -100.293
486 -98.8637
487 -99.0917
488 -98.0337
489 -99.3668
490 -98.7288
491 -100.738
492 -101.186
493 -100.073
494 -99.2386
495 -99.6666
496 -99.0802
497 -100.026
498 -99.301
499 -99.6049
500 -100.119
501 -100.467
502 -100.999
503 -98.4415
504 -99.1585
505 -99.5656
506 -99.5527
507 -99.3779
508 -98.4784
509 -97.1528
510 -96.5943
511 -96.6589
512 -98.0953
513 -96.884
514 -96.1506
515 -96.3013
516 -98.3258
517 -95.6117
518 -95.6147
519 -97.1327
520 -97.5717
521 -96.998
522 -98.1507
523 -97.2958
524 -98.4655
525 -98.8647
526 -99.4061
527 -98.6188
528 -99.3591
529 -99.0285
530 -99.2317
531 -99.0943
532 -99.4633
533 -98.0622
534 -98.4545
535 -98.3269
536 -98.7231
537 -98.5582
538 -98.1665
539 -99.3852
540 -98.275
541 -99.4826
542 -97.9815
543 -98.8675
544 -98.1587
545 -99.1775
546 -99.8098
547 -98.512
548 -100.281
549 -98.9966
550 -99.5029
551 -98.0818
552 -100.106
553 -98.174
554 -96.7232
555 -97.1306
556 -96.9667
557 -98.0939
558 -95.6629
559 -97.155
560 -96.9673
561 -97.4425
562 -94.7896
563 -95.8236
564 -96.5063
565 -96.6419
566 -97.8839
567 -97.0059
568 -95.786
569 -97.1629
570 -98.1705
571 -99.9608
572 -98.7003
573 -98.985
574 -99.2766
575 -98.4666
576 -97.704
577 -98.3847
578 -97.7917
579 -97.9404
580 -98.2204
581 -98.3099
582 -98.468
583 -98.1044
584 -97.293
585 -98.1876
586 -96.7805
587 -98.4737
588 -97.5524
589 -97.5774
590 -98.6391
591 -98.6829
592 -97.3932
593 -98.8302
594 -98.5393
595 -98.8431
596 -99.5654
597 -99.851
598 -98.0163
599 -97.8959
600 -97.8975
601 -99.7924
602 -99.1606
603 -99.2868
604 -97.8492
605 -99.3221
606 -99.4172
607 -98.3285
608 -98.216
609 -99.0752
610 -98.6905
611 -99.4132
612 -100.715
613 -100.483
614 -101.681
615 -102.757
616 -102.93
617 -102.599
618 -105.102
619 -106.246
620 -104.905
621 -105.447
622 -107.207
623 -107.838
624 -107.334
625 -108.434
626 -107.674
627 -107.776
628 -108.331
629 -109.359
630 -110.858
631 -112.672
632 -111.422
633 -112.841
634 -112.084
635 -110.445
636 -112.87
637 -114.118
638 -111.322
639 -113.994
640 -114.154
641 -115.01
642 -112.899
643 -111.964
644 -113.678
645 -112.22
646 -112.747
647 -112.797
648 -111.296
649 -112.968
650 -111.113
651 -111.176
652 -111.233
653 -112.266
654 -111.185
655 -111.562
656 -109.611
657 -109.644
658 -110.913
659 -110.37
660 -110.14
661 -109.102
662 -108.013
663 -107.061
664 -107.613
665 -106.816
666 -105.754
667 -104.849
668 -105.646
669 -105.394
670 -105.429
671 -104.555
672 -103.997
673 -105.136
674 -104.95
675 -104.793
676 -103.376
677 -103.457
678 -103.571
679 -104.232
680 -103.417
681 -102.504
682 -103.059
683 -100.91
684 -101.793
685 -102.027
686 -101.726
687 -101.819
688 -101.611
689 -102.199
690 -101.919
691 -102.527
692 -101.555
693 -101.751
694 -101.475
695 -100.94
696 -101.934
697 -100.205
698 -101.207
699 -101.538
700 -102.526
701 -100.785
702 -101.208
703 -101.09
704 -99.2444
705 -100.65
706 -100.252
707 -100.181
708 -100.012
709 -100.194
710 -99.5256
711 -101.398
712 -100.074
713 -99.9032
714 -100.916
715 -100.638
716 -100.651
717 -99.876
718 -99.6253
719 -99.7666
720 -101.509
721 -102.065
722 -100.341
723 -100.342
724 -100.932
725 -100.425
726 -101.461
727 -100.771
728 -102.138
729 -102.11
730 -100.472
731 -99.5491
732 -99.2811
733 -99.0186
734 -101.515
735 -100.991
736 -100.875
737 -101.814
738 -101.001
739 -100.703
740 -100.748
741 -100.432
742 -99.311
743 -100.359
744 -101.371
745 -101.218
746 -101.019
747 -101.158
748 -102.076
749 -100.444
750 -101.205
751 -101.425
752 -102.972
753 -103.973
754 -104.969
755 -104.664
756 -106.102
757 -103.995
758 -105.656
759 -104.895
760 -105.624
761 -106.586
762 -107.394
763 -108.022
764 -109.204
765 -107.808
766 -108.926
767 -108.838
768 -111.655
769 -110.811
770 -110.698
771 -111.911
772 -112.692
773 -112.918
774 -114.211
775 -114.488
776 -114.484
777 -115.185
778 -116.306
779 -117.89
780 -117.192
781 -117.203
782 -119.004
783 -118.319
784 -119.424
785 -120.313
786 -120.966
787 -120.664
788 -121.594
789 -120.497
790 -119.889
791 -120.063
792 -121.581
793 -119.695
794 -119.905
795 -120.591
796 -120.44
797 -120.157
798 -119.084
799 -120.744
800 -120.331
801 -118.224
802 -118.795
803 -118.263
804 -117.341
805 -118.098
806 -116.718
807 -116.034
808 -115.958
809 -114.974
810 -115.513
811 -115.279
812 -113.522
813 -114.638
814 -113.618
815 -112.699
816 -113.453
817 -113.716
818 -112.237
819 -110.61
820 -110.5
821 -110.54
822 -110.814
823 -110.702
824 -110.185
825 -109.511
826 -108.226
827 -109.579
828 -110.6
829 -109.455
830 -108.607
831 -109.65
832 -108.852
833 -107.188
834 -107.435
835 -107.072
836 -108.069
837 -108.492
838 -107.236
839 -110.188
840 -107.064
841 -109.67
842 -108.99
843 -110.398
844 -108.989
845 -109.887
846 -109.125
847 -108.669
848 -110.702
849 -108.864
850 -108.537
851 -110.02
852 -110.817
853 -109.416
854 -108.401
855 -109.99
856 -109.137
857 -109.731
858 -106.986
859 -107.397
860 -107.94
861 -106.246
862 -107.825
863 -108.726
864 -107.699
865 -107.742
866 -108.817
867 -107.276
868 -108.362
869 -106.599
870 -107.052
871 -108.316
872 -108.065
873 -107.194
874 -108.352
875 -108.819
876 -108.209
877 -106.379
878 -107.253
879 -107.699
880 -107.102
881 -107.425
882 -105.684
883 -105.711
884 -107.14
885 -107.757
886 -107.4
887 -108.293
888 -108.387
889 -109.339
890 -108.431
891 -108.751
892 -107.825
893 -109.759
894 -108.859
895 -108.364
896 -110.624
897 -109.227
898 -109.841
899 -109.626
900 -108.352
901 -109.811
902 -107.836
903 -109.033
904 -108.452
905 -109.415
906 -108.282
907 -108.084
908 -108.208
909 -109.337
910 -110.64
911 -109.506
912 -109.199
913 -107.654
914 -106.653
915 -107.769
916 -106.314
917 -107.738
918 -107.559
919 -106.851
920 -106.975
921 -107.129
922 -106.206
923 -107.619
924 -107.958
925 -106.436
926 -106.832
927 -104.972
928 -106.116
929 -105.563
930 -106.302
931 -106.187
932 -108.384
933 -108.397
934 -107.891
935 -109.669
936 -109.187
937 -109.528
938 -109.364
939 -108.416
940 -108.433
941 -108.145
942 -108.21
943 -109.062
944 -110.039
945 -109.506
946 -110.362
947 -109.667
948 -110.39
949 -111.638
950 -111.162
951 -108.74
952 -107.581
953 -108.135
954 -108.88
955 -108.629
956 -108.425
957 -109.204
958 -109.666
959 -111.193
960 -110.177
961 -108.245
962 -108.716
963 -107.307
964 -107.317
965 -107.604
966 -106.944
967 -108.11
968 -108.064
969 -108.936
970 -109.077
971 -109.531
972 -107.725
973 -107.45
974 -109.57
975 -107.474
976 -107.175
977 -106.825
978 -107.796
979 -109.078
980 -109.484
981 -110.384
982 -109.445
983 -110.612
984 -109.865
985 -108.819
986 -109.998
987 -109.072
988 -111.064
989 -110.614
990 -110.226
991 -110.817
992 -111.141
993 -109.838
994 -111.882
995 -111.339
996 -109.913
997 -110.608
998 -110.167
999 -109.856
1000 -111.306
1001 -110.645
1002 -109.971
1003 -110.299
1004 -110.315
1005 -109.167
1006 -109.834
1007 -110.425
1008 -108.951
1009 -108.773
1010 -109.136
1011 -108.731
1012 -107.978
1013 -109.501
1014 -108.564
1015 -108.859
1016 -108.992
1017 -108.723
1018 -108.985
1019 -109.063
1020 -108.28
1021 -109.598
1022 -110.272
1023 -106.936
1024 -108.559
1025 -108.891
1026 -110.226
1027 -110.85
1028 -111.353
1029 -111.401
1030 -111.311
1031 -112.85
1032 -110.018
1033 -110.141
1034 -109.182
1035 -110.722
1036 -111.484
1037 -111.36
1038 -109.807
1039 -112.003
1040 -111.779
1041 -110.895
1042 -110.942
1043 -111.771
1044 -111.345
1045 -112.186
1046 -109.215
1047 -108.863
1048 -109.984
1049 -111.164
1050 -110.397
1051 -110.364
1052 -110.26
1053 -111.247
1054 -111.091
1055 -110.116
1056 -108.729
1057 -108.121
1058 -108.786
1059 -108.95
1060 -109.848
1061 -110.677
1062 -110.6
1063 -110.208
1064 -110.814
1065 -110.036
1066 -109.836
1067 -108.859
1068 -108.511
1069 -108.659
1070 -109.484
1071 -110.057
1072 -110.469
1073 -111.799
1074 -109.898
1075 -110.782
1076 -112.501
1077 -112.739
1078 -111.741
1079 -111.684
1080 -110.164
1081 -112.352
1082 -111.897
1083 -111.975
1084 -111.647
1085 -112.874
1086 -111.866
1087 -113.09
1088 -111.406
1089 -112.386
1090 -110.3
1091 -110.432
1092 -109.947
1093 -110.86
1094 -111.333
1095 -110.346
1096 -111.191
1097 -110.512
1098 -110.895
1099 -111.916
1100 -111.038
1101 -110.744
1102 -109.762
1103 -111.039
1104 -109.117
1105 -109.199
1106 -111.042
1107 -109.468
1108 -109.911
1109 -109.963
1110 -110.218
1111 -110.224
1112 -110.581
1113 -110.714
1114 -109.626
1115 -108.834
1116 -110.742
1117 -109.113
1118 -107.947
1119 -109.335
1120 -110.588
1121 -110.021
1122 -110.865
1123 -112.34
1124 -112.923
1125 -110.914
1126 -112.24
1127 -111.65
1128 -111.036
1129 -111.866
1130 -111.653
1131 -112.198
1132 -111.93
1133 -111.314
1134 -112.712
1135 -112.503
1136 -111.661
1137 -110.854
1138 -111.316
1139 -110.67
1140 -110.296
1141 -110.209
1142 -109.721
1143 -111.72
1144 -112.948
1145 -110.499
1146 -111.306
1147 -111.15
1148 -111.91
1149 -110.762
1150 -110.076
1151 -109.796
1152 -110.588
1153 -111.178
1154 -108.01
1155 -110.834
1156 -110.04
1157 -108.99
1158 -110.711
1159 -110.543
1160 -109.045
1161 -108.615
1162 -109.941
1163 -110.59
1164 -110.544
1165 -111.332
1166 -110.699
1167 -110.001
1168 -111.185
1169 -112.911
1170 -113.399
1171 -111.328
1172 -110.49
1173 -111.475
1174 -111.613
1175 -112.83
1176 -113.529
1177 -114.048
1178 -113.209
1179 -111.723
1180 -113.057
1181 -112.025
1182 -112.708
1183 -110.653
1184 -112.508
1185 -112.512
1186 -111.446
1187 -111.667
1188 -111.185
1189 -112.852
1190 -111.256
1191 -111.52
1192 -112.156
1193 -111.727
1194 -111.301
1195 -111.128
1196 -109.807
1197 -111.086
1198 -110.216
1199 -110.301
1200 -110.567
1201 -110.956
1202 -111.415
1203 -110.489
1204 -110.209
1205 -109.059
1206 -110.818
1207 -109.9
1208 -108.91
1209 -110.032
1210 -110.838
1211 -108.565
1212 -109.928
1213 -111
1214 -109.665
1215 -111.755
1216 -110.193
1217 -109.125
1218 -110.459
1219 -110.967
1220 -110.538
1221 -111.128
1222 -109.599
1223 -109.978
1224 -110.758
1225 -109.785
1226 -108.883
1227 -109.504
1228 -108.78
1229 -107.898
1230 -106.779
1231 -106.639
1232 -105.158
1233 -105.779
1234 -105.883
1235 -104.842
1236 -105.284
1237 -105.737
1238 -103.66
1239 -103.98
1240 -103.457
1241 -99.7802
1242 -102.654
1243 -100.851
1244 -98.6151
1245 -99.0467
1246 -97.7386
1247 -97.257
1248 -97.4763
1249 -95.8476
1250 -96.9181
1251 -96.6676
1252 -98.0031
1253 -95.9569
1254 -96.0862
1255 -96.2741
1256 -95.5409
1257 -96.1112
1258 -96.3766
1259 -94.4114
1260 -94.9538
1261 -95.7311
1262 -95.5284
1263 -95.5654
1264 -95.3621
1265 -95.2093
1266 -94.4615
1267 -96.0278
1268 -96.671
1269 -98.9286
1270 -96.4377
1271 -97.7167
1272 -98.5427
1273 -97.6581
1274 -98.5057
1275 -98.771
1276 -99.8736
1277 -99.7452
1278 -99.1603
1279 -100.674
1280 -101.007
1281 -101.634
1282 -102.174
1283 -103.849
1284 -101.949
1285 -102.765
1286 -103.852
1287 -102.463
1288 -103.939
1289 -105.381
1290 -104.085
1291 -105.001
1292 -106.193
1293 -104.608
1294 -106.661
1295 -105.638
1296 -105.846
1297 -106.748
1298 -105.472
1299 -105.629
1300 -106.889
1301 -107.287
1302 -106.92
1303 -106.971
1304 -106.773
1305 -106.737
1306 -105.881
1307 -107.257
1308 -105.986
1309 -106.326
1310 -107.465
1311 -107.483
1312 -105.876
1313 -107.291
1314 -107.906
1315 -107.578
1316 -106.424
1317 -106.061
1318 -106.629
1319 -106.413
1320 -108.366
1321 -106.269
1322 -109.359
1323 -107.932
1324 -108.37
1325 -106.615
1326 -108.887
1327 -107.785
1328 -106.95
1329 -109.345
1330 -107.518
1331 -108.179
1332 -108.141
1333 -107.969
1334 -107.663
1335 -107.302
1336 -107.963
1337 -106.786
1338 -107.339
1339 -108.168
1340 -107.342
1341 -108.781
1342 -110.359
1343 -108.11
1344 -109.3
1345 -107.829
1346 -106.502
1347 -107.251
1348 -106.581
1349 -108.793
1350 -108.973
1351 -108.197
1352 -107.831
1353 -108.282
1354 -108.069
1355 -108.712
1356 -108.258
1357 -108.454
1358 -108.187
1359 -109.411
1360 -107.207
1361 -106.858
1362 -108.097
1363 -105.83
1364 -107.384
1365 -106.374
1366 -106.187
1367 -106.066
1368 -106.879
1369 -104.49
1370 -103.577
1371 -102.649
1372 -103.319
1373 -101.922
1374 -102.499
1375 -101.322
1376 -101.256
1377 -102.338
1378 -101.922
1379 -99.7345
1380 -99.9924
1381 -100.318
1382 -98.6098
1383 -97.9256
1384 -97.4797
1385 -97.7888
1386 -97.482
1387 -96.5947
1388 -95.7436
1389 -95.1996
1390 -93.1808
1391 -92.6927
1392 -93.1456
1393 -92.8557
1394 -91.9131
1395 -90.9721
1396 -91.2205
1397 -89.2664
1398 -89.0182
1399 -89.4171
1400 -89.4323
1401 -87.5286
1402 -86.5471
1403 -86.4786
1404 -87.8515
1405 -86.2385
1406 -85.4957
1407 -86.75
1408 -86.1536
1409 -85.3051
1410 -86.7552
1411 -86.2719
1412 -87.1192
1413 -86.6391
1414 -87.428
1415 -88.0457
1416 -87.5532
1417 -88.5695
1418 -89.6064
1419 -88.1584
1420 -89.1623
1421 -91.1159
1422 -91.4168
1423 -92.5396
1424 -92.5994
1425 -92.3075
1426 -93.8259
1427 -94.2164
1428 -94.4776
1429 -95.3581
1430 -93.7451
1431 -95.0155
1432 -95.2585
1433 -96.6062
1434 -96.1694
1435 -96.8376
1436 -96.2341
1437 -98.1932
1438 -98.0616
1439 -99.2379
1440 -97.6118
1441 -97.5393
1442 -98.0818
1443 -100.212
1444 -99.1485
1445 -98.9786
1446 -98.9937
1447 -99.9629
1448 -100.05
1449 -100.371
1450 -98.8744
1451 -100.822
1452 -99.153
1453 -101.852
1454 -101.828
1455 -99.573
1456 -99.7924
1457 -99.0651
1458 -98.6759
1459 -99.3283
1460 -99.6667
1461 -97.7102
1462 -97.6534
1463 -98.5835
1464 -100.569
1465 -98.8839
1466 -99.4361
1467 -98.6547
1468 -98.1305
1469 -98.4246
1470 -97.6923
1471 -98.1284
1472 -98.1664
1473 -99.488
1474 -100.401
1475 -102.765
1476 -101.231
1477 -101.857
1478 -100.995
1479 -100.801
1480 -100.807
1481 -101.247
1482 -100.649
1483 -101.18
1484 -100.527
1485 -102.134
1486 -100.871
1487 -101.23
1488 -101.826
1489 -101.827
1490 -101.259
1491 -100.532
1492 -101.876
1493 -101.892
1494 -101.514
1495 -100.603
1496 -100.9
1497 -101.765
1498 -102.005
1499 -101.064
1500 -101.053
1501 -100.965
1502 -102
1503 -102.662
1504 -101.595
1505 -98.9306
1506 -100.478
1507 -100.899
1508 -99.7353
1509 -99.4366
1510 -98.5812
1511 -98.9087
1512 -99.7138
1513 -97.0767
1514 -98.5088
1515 -98.4897
1516 -98.3852
1517 -100.161
1518 -99.2803
1519 -99.7034
1520 -101.959
1521 -100.69
1522 -102.108
1523 -102.983
1524 -100.39
1525 -101.135
1526 -101.252
1527 -100.133
1528 -99.7827
1529 -100.433
1530 -100.833
1531 -100.361
1532 -99.2896
1533 -98.7367
1534 -102.218
1535 -101.09
1536 -100.579
1537 -100.402
1538 -99.709
1539 -100.534
1540 -101.402
1541 -97.8145
1542 -99.034
1543 -100.065
1544 -102.324
1545 -99.8874
1546 -102.615
1547 -101.768
1548 -100.71
1549 -100.78
1550 -101.308
1551 -101.702
1552 -100.11
1553 -100.344
1554 -100.17
1555 -99.3554
1556 -98.6523
1557 -99.0349
1558 -98.4329
1559 -98.5373
1560 -98.0342
1561 -97.1721
1562 -99.7948
1563 -98.2162
1564 -98.6751
1565 -100.997
1566 -98.8854
1567 -99.2784
1568 -100.349
1569 -99.7379
1570 -101.906
1571 -101.091
1572 -101.615
1573 -102.765
1574 -100.718
1575 -99.6012
1576 -101.421
1577 -100.412
1578 -100.476
1579 -100.099
1580 -99.1625
1581 -99.4986
1582 -99.7375
1583 -99.3817
1584 -100.486
1585 -101.241
1586 -102.73
1587 -100.263
1588 -101.168
1589 -100.9
1590 -100.502
1591 -101.255
1592 -101.72
1593 -101.818
1594 -101.73
1595 -102.013
1596 -102.498
1597 -101.792
1598 -99.8708
1599 -99.5203
1600 -99.1743
1601 -98.0412
1602 -97.8658
1603 -98.7573
1604 -98.1051
1605 -98.633
1606 -97.8744
1607 -98.8017
1608 -97.9799
1609 -97.8004
1610 -97.4613
1611 -98.3829
1612 -98.7668
1613 -99.3552
1614 -100.926
1615 -100.817
1616 -99.1918
1617 -101.596
1618 -98.0382
1619 -99.6402
1620 -101.153
1621 -100.356
1622 -101.193
1623 -101.273
1624 -97.8886
1625 -99.2939
1626 -99.2282
1627 -100.284
1628 -100.391
1629 -101.189
1630 -101.204
1631 -100.943
1632 -100.38
1633 -99.5404
1634 -99.8108
1635 -99.7116
1636 -100.694
1637 -101.053
1638 -101.023
1639 -101.964
1640 -101.858
1641 -101.967
1642 -100.087
1643 -100.036
1644 -100.475
1645 -99.3578
1646 -100.466
1647 -99.3661
1648 -98.5198
1649 -99.1897
1650 -97.7885
1651 -98.5813
1652 -97.0818
1653 -98.3056
1654 -97.9004
1655 -98.0656
1656 -97.6184
1657 -98.2437
1658 -99.2714
1659 -99.6435
1660 -99.1626
1661 -100.899
1662 -99.392
1663 -100.619
1664 -100.851
1665 -101.09
1666 -100.176
1667 -102.051
1668 -100.525
1669 -99.6167
1670 -99.4391
1671 -98.0669
1672 -99.0265
1673 -98.7817
1674 -99.5327
1675 -99.6564
1676 -99.9009
1677 -100.902
1678 -99.5578
1679 -100.804
1680 -99.2094
1681 -98.6809
1682 -99.6083
1683 -100.036
1684 -100.999
1685 -101.705
1686 -99.7468
1687 -99.7505
1688 -100.853
1689 -101.281
1690 -97.919
1691 -97.6712
1692 -97.3818
1693 -97.745
1694 -98.5627
1695 -97.5893
1696 -97.9714
1697 -96.9343
1698 -96.8545
1699 -98.0488
1700 -96.4814
1701 -95.7992
1702 -96.6799
1703 -96.4396
1704 -97.9643
1705 -98.7037
1706 -98.1688
1707 -99.4603
1708 -99.7132
1709 -98.6457
1710 -99.6629
1711 -99.5823
1712 -99.8218
1713 -99.1589
1714 -98.9452
1715 -99.4096
1716 -98.0553
1717 -99.3998
1718 -99.1362
1719 -99.7276
1720 -98.9681
1721 -99.2392
1722 -98.3449
1723 -100.004
1724 -99.4127
1725 -99.2047
1726 -99.0711
1727 -98.8703
1728 -98.4794
1729 -98.8188
1730 -98.1203
1731 -99.6907
1732 -100.935
1733 -101.741
1734 -100.012
1735 -99.7752
1736 -100.303
1737 -99.9279
1738 -99.3456
1739 -97.2761
1740 -95.5215
1741 -95.4452
1742 -97.0485
1743 -97.6823
1744 -97.3282
1745 -97.8777
1746 -96.7527
1747 -96.8948
1748 -95.4949
1749 -95.209
1750 -96.3463
1751 -96.3865
1752 -97.0738
1753 -97.885
1754 -98.3782
1755 -97.3426
1756 -97.986
1757 -96.9866
1758 -98.0577
1759 -99.3851
1760 -99.2681
1761 -98.7452
1762 -97.3923
1763 -98.9283
1764 -97.0051
1765 -97.9629
1766 -99.3778
1767 -98.9893
1768 -97.2014
1769 -97.5074
1770 -97.772
1771 -98.569
1772 -97.7242
1773 -97.1064
1774 -97.4599
1775 -98.2471
1776 -98.152
1777 -96.6426
1778 -98.2333
1779 -99.6622
1780 -100.145
1781 -100.102
1782 -98.4624
1783 -99.0095
1784 -97.9771
1785 -97.7516
1786 -98.5006
1787 -97.5419
1788 -95.9922
1789 -97.7924
1790 -96.4136
1791 -96.5035
1792 -95.9008
1793 -97.1041
1794 -95.8627
1795 -95.2811
1796 -97.6901
1797 -97.4053
1798 -96.0523
1799 -98.0678
1800 -97.0158
1801 -97.4512
1802 -97.2868
1803 -97.9027
1804 -97.9372
1805 -99.1777
1806 -99.3671
1807 -97.9441
1808 -98.0316
1809 -97.1857
1810 -97.3046
1811 -96.7838
1812 -98.4624
1813 -98.2483
1814 -97.1001
1815 -99.4301
1816 -99.3736
1817 -97.9595
1818 -97.4894
1819 -98.2119
1820 -98.8792
1821 -98.5615
1822 -97.2879
1823 -100.321
1824 -97.7331
1825 -98.7896
1826 -99.793
1827 -99.8586
1828 -99.8523
1829 -100.648
1830 -95.6679
1831 -98.9399
1832 -97.9535
1833 -97.0865
1834 -97.9855
1835 -98.4049
1836 -99.3605
1837 -98.4668
1838 -98.4333
1839 -98.3118
1840 -99.5173
1841 -101.063
1842 -101.069
1843 -99.7626
1844 -101.475
1845 -100.945
1846 -102.81
1847 -102.329
1848 -102.273
1849 -104.765
1850 -106.51
1851 -105.43
1852 -106.364
1853 -107.37
1854 -107.368
1855 -108.752
1856 -108.199
1857 -107.142
1858 -109.291
1859 -109.441
1860 -109.165
1861 -109.505
1862 -110.351
1863 -111.884
1864 -112.003
1865 -112.977
1866 -113.137
1867 -112.951
1868 -112.768
1869 -112.276
1870 -112.766
1871 -111.82
1872 -110.793
1873 -113.197
1874 -112.347
1875 -111.566
1876 -112.785
1877 -112.558
1878 -111.764
1879 -111.324
1880 -112.455
1881 -111.552
1882 -112.655
1883 -110.66
1884 -110.971
1885 -109.845
1886 -110.69
1887 -110.471
1888 -109.929
1889 -109.27
1890 -108.735
1891 -109.533
1892 -108.58
1893 -106.702
1894 -107.805
1895 -108.135
1896 -106.898
1897 -105.409
1898 -105.689
1899 -105.157
1900 -106.644
1901 -105.251
1902 -105.51
1903 -104.15
1904 -104.617
1905 -103.14
1906 -104.19
1907 -104.163
1908 -103.942
1909 -104.574
1910 -103.209
1911 -103.073
1912 -103.226
1913 -102.161
1914 -103.172
1915 -102.314
1916 -102.842
1917 -103.905
1918 -101.834
1919 -102.196
1920 -101.326
1921 -103.693
1922 -101.563
1923 -99.863
1924 -101.742
1925 -102.913
1926 -100.875
1927 -101.085
1928 -102.889
1929 -100.782
1930 -100.57
1931 -101.244
1932 -102.364
1933 -101.261
1934 -100.715
1935 -99.1443
1936 -100.791
1937 -100.981
1938 -101.338
1939 -100.009
1940 -99.4991
1941 -99.6515
1942 -100.625
1943 -101.135
1944 -100.937
1945 -100.087
1946 -99.6015
1947 -99.6015
1948 -101.473
1949 -99.6767
1950 -101.046
1951 -101.118
1952 -101.744
1953 -100.747
1954 -99.574
1955 -100.637
1956 -99.86
1957 -100.703
1958 -101.133
1959 -98.4879
1960 -101.045
1961 -101.016
1962 -99.4876
1963 -99.2187
1964 -99.4929
1965 -99.1062
1966 -99.4858
1967 -100.927
1968 -102.081
1969 -101.297
1970 -99.5673
1971 -101.455
1972 -100.242
1973 -100.262
1974 -99.2219
1975 -100.701
1976 -99.5657
1977 -101.371
1978 -101.368
1979 -101.725
1980 -102.409
1981 -101.646
1982 -102.46
1983 -100.638
1984 -104.183
1985 -104.107
1986 -104.19
1987 -104.112
1988 -105.85
1989 -107.37
1990 -105.722
1991 -105.102
1992 -105.494
1993 -105.455
1994 -106.516
1995 -107.47
1996 -108.55
1997 -109.364
1998 -110.77
1999 -108.713
2000 -110.338
2001 -113.421
2002 -114.057
2003 -113.078
2004 -113.251
2005 -114.65
2006 -113.953
2007 -113.593
2008 -114.832
2009 -116.566
2010 -117.111
2011 -117.528
2012 -115.793
2013 -116.418
2014 -118.284
2015 -118.059
2016 -119.046
2017 -121.003
2018 -121.088
2019 -121.492
2020 -121.386
2021 -120.316
2022 -118.641
2023 -120.674
2024 -119.928
2025 -120.306
2026 -120.082
2027 -120.024
2028 -120.337
2029 -119.722
2030 -120.412
2031 -119.682
2032 -119.311
2033 -119.802
2034 -118.944
2035 -118.088
2036 -117.214
2037 -116.363
2038 -117.645
2039 -116.622
2040 -115.397
2041 -115.116
2042 -116.095
2043 -115.682
2044 -113.363
2045 -113.228
2046 -113.165
2047 -112.231
2048 -111.961
2049 -110.921
2050 -109.228
2051 -111.975
2052 -110.48
2053 -109.555
2054 -108.559
2055 -108.951
2056 -108.3
2057 -109.775
2058 -109.747
2059 -108.889
2060 -108.895
2061 -109.034
2062 -108.829
2063 -108.385
2064 -108.289
2065 -107.506
2066 -108.369
2067 -107.288
2068 -107.604
2069 -107.701
2070 -108.494
2071 -108.551
2072 -108.439
2073 -109.518
2074 -108.733
2075 -109.415
2076 -109.125
2077 -109.233
2078 -108.557
2079 -108.127
2080 -108.346
2081 -109.514
2082 -109.548
2083 -109.359
2084 -109.6
2085 -109.678
2086 -111.741
2087 -108.036
2088 -108.495
2089 -107.529
2090 -108.308
2091 -108.68
2092 -107.178
2093 -107.751
2094 -108.236
2095 -107.55
2096 -108.713
2097 -107.989
2098 -106.739
2099 -106.932
2100 -105.711
2101 -106.347
2102 -107.581
2103 -106.757
2104 -105.939
2105 -107.097
2106 -107.375
2107 -105.95
2108 -106.851
2109 -105.256
2110 -105.728
2111 -107.679
2112 -106.071
2113 -106.061
2114 -105.353
2115 -107.241
2116 -107.058
2117 -107.203
2118 -107.398
2119 -108.204
2120 -109.411
2121 -109.138
2122 -108.907
2123 -109.434
2124 -108.619
2125 -108.605
2126 -107.24
2127 -107.716
2128 -108.233
2129 -108.1
2130 -108.253
2131 -110.455
2132 -109.567
2133 -109.885
2134 -107.465
2135 -108.753
2136 -109.193
2137 -106.925
2138 -106.985
2139 -108.093
2140 -109.654
2141 -107.649
2142 -108.67
2143 -107.87
2144 -106.554
2145 -107.789
2146 -107.333
2147 -107.46
2148 -107.845
2149 -107.528
2150 -105.566
2151 -105.282
2152 -107.182
2153 -107.503
2154 -108.548
2155 -107.41
2156 -108.268
2157 -106.221
2158 -106.663
2159 -107.332
2160 -107.059
2161 -105.806
2162 -108.714
2163 -106.712
2164 -108.25
2165 -108.585
2166 -109.059
2167 -109.221
2168 -108.811
2169 -109.353
2170 -109.386
2171 -108.791
2172 -106.771
2173 -110.088
2174 -108.352
2175 -108.912
2176 -109.492
2177 -109.036
2178 -111.291
2179 -110.562
2180 -110.13
2181 -110.097
2182 -110.176
2183 -108.984
2184 -108.947
2185 -109.552
2186 -107.153
2187 -107.601
2188 -107.992
2189 -109.554
2190 -108.913
2191 -107.751
2192 -108.796
2193 -107.82
2194 -106.78
2195 -107.88
2196 -108.171
2197 -107.09
2198 -106.815
2199 -108.17
2200 -108.25
2201 -107.328
2202 -109.284
2203 -107.84
2204 -108.195
2205 -107.766
2206 -107.776
2207 -107.812
2208 -107.894
2209 -107.008
2210 -108.819
2211 -108.644
2212 -109.329
2213 -110.96
2214 -110.765
2215 -109.304
2216 -109.165
2217 -109.95
2218 -110.307
2219 -110.43
2220 -110.698
2221 -108.844
2222 -110.251
2223 -110.804
2224 -110.601
2225 -110.949
2226 -110.574
2227 -110.819
2228 -109.216
2229 -110.26
2230 -108.969
2231 -108.614
2232 -109.486
2233 -109.122
2234 -109.61
2235 -109.705
2236 -108.47
2237 -107.279
2238 -108.341
2239 -109.345
2240 -109.406
2241 -110.66
2242 -110.19
2243 -110.576
2244 -107.385
2245 -108.098
2246 -109.435
2247 -107.753
2248 -109.014
2249 -107.699
2250 -108.381
2251 -108.731
2252 -105.662
2253 -107.584
2254 -108.589
2255 -109.194
2256 -109.407
2257 -109.538
2258 -109.818
2259 -111.18
2260 -109.105
2261 -108.789
2262 -109.867
2263 -110.829
2264 -110.881
2265 -110.462
2266 -108.803
2267 -109.451
2268 -110.294
2269 -111.801
2270 -111.447
2271 -110.7
2272 -109.506
2273 -111.989
2274 -111.236
2275 -110.439
2276 -109.894
2277 -109.733
2278 -110.628
2279 -109.104
2280 -108.106
2281 -109.888
2282 -110.983
2283 -107.949
2284 -110.755
2285 -108.531
2286 -109.272
2287 -108.754
2288 -108.869
2289 -108.987
2290 -108.577
2291 -110.341
2292 -110.458
2293 -110.686
2294 -111.791
2295 -109.515
2296 -109.088
2297 -109.188
2298 -109.147
2299 -108.581
2300 -108.329
2301 -109.032
2302 -107.935
2303 -109.646
2304 -111.423
2305 -110.611
2306 -111.647
2307 -110.239
2308 -110.892
2309 -111.192
2310 -111.115
2311 -109.656
2312 -110.837
2313 -110.202
2314 -111.349
2315 -110.821
2316 -111.053
2317 -110.565
2318 -110.267
2319 -110.682
2320 -112.101
2321 -110.771
2322 -112.181
2323 -111
2324 -110.916
2325 -110.689
2326 -111.041
2327 -111.366
2328 -110.672
2329 -112.336
2330 -110.959
2331 -110.636
2332 -111.458
2333 -110.358
2334 -110.29
2335 -108.373
2336 -108.181
2337 -110.395
2338 -109.588
2339 -110.581
2340 -109.351
2341 -109.622
2342 -110.472
2343 -109.55
2344 -109.911
2345 -109.274
2346 -108.479
2347 -108.163
2348 -109.362
2349 -108.771
2350 -109.953
2351 -109.943
2352 -112.27
2353 -110.895
2354 -111.986
2355 -110.396
2356 -111.882
2357 -111.536
2358 -111.173
2359 -110.992
2360 -111.811
2361 -111.404
2362 -109.975
2363 -110.819
2364 -111.003
2365 -109.804
2366 -111.342
2367 -112.517
2368 -112.5
2369 -112.055
2370 -110.854
2371 -112.155
2372 -111.072
2373 -109.872
2374 -109.583
2375 -110.164
2376 -111.609
2377 -110.024
2378 -112.862
2379 -111.071
2380 -110.002
2381 -109.023
2382 -110.044
2383 -109.852
2384 -110.736
2385 -109.596
2386 -110.815
2387 -110.057
2388 -108.285
2389 -110.51
2390 -110.259
2391 -110.102
2392 -109.708
2393 -108.685
2394 -108.253
2395 -107.99
2396 -110.479
2397 -110.763
2398 -109.585
2399 -110.953
2400 -112.084
2401 -111.155
2402 -112.269
2403 -111.524
2404 -111.39
2405 -111.089
2406 -111.094
2407 -111.414
2408 -110.916
2409 -112.433
2410 -113.91
2411 -112.603
2412 -111.312
2413 -113.243
2414 -110.886
2415 -112.355
2416 -111.377
2417 -110.881
2418 -111.483
2419 -111.28
2420 -109.741
2421 -110.301
2422 -112.751
2423 -111.89
2424 -110.54
2425 -110.295
2426 -110.465
2427 -110.742
2428 -110.744
2429 -112.072
2430 -109.096
2431 -109.573
2432 -110.88
2433 -110.008
2434 -109.249
2435 -109.729
2436 -108.544
2437 -110.103
2438 -110.139
2439 -109.668
2440 -108.228
2441 -109.903
2442 -109.713
2443 -109.697
2444 -109.969
2445 -110.149
2446 -112.428
2447 -111.268
2448 -110.298
2449 -109.901
2450 -109.211
2451 -110.153
2452 -109.585
2453 -109.241
2454 -110.075
2455 -108.325
2456 -109.578
2457 -109.195
2458 -108.905
2459 -109.068
2460 -107.196
2461 -105.825
2462 -106.686
2463 -106.293
2464 -105.184
2465 -104.201
2466 -103.2
2467 -103.777
2468 -103.019
2469 -103.15
2470 -102.704
2471 -102.944
2472 -102.807
2473 -100.835
2474 -100.791
2475 -99.1867
2476 -96.8315
2477 -97.2035
2478 -96.615
2479 -96.0817
2480 -96.9014
2481 -97.4413
2482 -96.5017
2483 -96.4636
2484 -96.6164
2485 -96.1224
2486 -94.4407
2487 -93.9458
2488 -94.1126
2489 -94.7971
2490 -95.1544
2491 -96.2733
2492 -95.6813
2493 -94.8832
2494 -94.4292
2495 -95.957
2496 -94.2299
2497 -96.2608
2498 -96.576
2499 -96.246
2500 -98.3834
2501 -97.7692
2502 -97.8187
2503 -98.5862
2504 -97.1826
2505 -97.9908
2506 -98.7242
2507 -98.272
2508 -100.01
2509 -100.587
2510 -100.163
2511 -101.014
2512 -101.654
2513 -100.706
2514 -100.823
2515 -101.19
2516 -102.85
2517 -103.734
2518 -104.106
2519 -103.897
2520 -104.851
2521 -103.728
2522 -104.067
2523 -104.288
2524 -105.508
2525 -104.986
2526 -106.053
2527 -105.93
2528 -104.213
2529 -105.47
2530 -104.925
2531 -106.03
2532 -107.068
2533 -106.6
2534 -106.47
2535 -104.434
2536 -106.348
2537 -105.846
2538 -105.135
2539 -106.611
2540 -108.399
2541 -107.525
2542 -108.537
2543 -106.463
2544 -106.493
2545 -106.654
2546 -105.811
2547 -106.945
2548 -107.807
2549 -107.95
2550 -106.274
2551 -107.253
2552 -106.999
2553 -107.38
2554 -106.134
2555 -106.511
2556 -105.678
2557 -105.918
2558 -106.926
2559 -106.414
2560 -107.761
2561 -108.289
2562 -108.582
2563 -108.047
2564 -108.833
2565 -107.277
2566 -105.018
2567 -107.376
2568 -107.559
2569 -107.507
2570 -105.74
2571 -108.093
2572 -107.84
2573 -107.56
2574 -108.247
2575 -107.985
2576 -106.558
2577 -109.351
2578 -107.405
2579 -107.743
2580 -108.509
2581 -108.295
2582 -108.386
2583 -108.353
2584 -107.436
2585 -107.672
2586 -107.916
2587 -107.651
2588 -106.645
2589 -108.254
2590 -107.965
2591 -107.474
2592 -106.71
2593 -106.87
2594 -105.88
2595 -107.048
2596 -107.315
2597 -105.689
2598 -106.571
2599 -106.42
2600 -105.332
2601 -103.889
2602 -103.142
2603 -103.077
2604 -101.395
2605 -101.181
2606 -100.749
2607 -100.268
2608 -100.616
2609 -99.4522
2610 -99.2068
2611 -97.9974
2612 -98.5396
2613 -97.9285
2614 -97.4646
2615 -95.1689
2616 -97.1251
2617 -96.4041
2618 -94.8501
2619 -94.9586
2620 -94.32
2621 -94.2202
2622 -92.5461
2623 -92.857
2624 -91.0394
2625 -90.9297
2626 -90.1376
2627 -91.1626
2628 -88.9867
2629 -91.3326
2630 -90.1716
2631 -87.9913
2632 -88.1436
2633 -87.18
2634 -85.9497
2635 -85.9229
2636 -86.3154
2637 -87.375
2638 -87.8176
2639 -86.5441
2640 -86.161
2641 -85.6799
2642 -86.8299
2643 -87.0619
2644 -88.5027
2645 -88.0881
2646 -87.9552
2647 -87.8311
2648 -87.6709
2649 -88.1942
2650 -90.972
2651 -89.3069
2652 -90.5844
2653 -92.7644
2654 -90.9766
2655 -92.5096
2656 -92.869
2657 -92.6237
2658 -93.6661
2659 -94.0141
2660 -94.4224
2661 -95.1359
2662 -95.755
2663 -96.2819
2664 -96.158
2665 -96.6333
2666 -96.4004
2667 -95.6666
2668 -96.9143
2669 -96.8516
2670 -97.3455
2671 -98.3172
2672 -97.7186
2673 -98.7017
2674 -99.1908
2675 -98.8776
2676 -99.1978
2677 -98.9694
2678 -100.176
2679 -98.3252
2680 -99.5771
2681 -100.857
2682 -101.036
2683 -100.317
2684 -100.425
2685 -101.571
2686 -100.45
2687 -100.406
2688 -99.8524
2689 -99.6963
2690 -99.6981
2691 -99.3234
2692 -99.0423
2693 -98.1053
2694 -98.5914
2695 -97.0306
2696 -97.8635
2697 -96.9898
2698 -98.0524
2699 -97.6469
2700 -98.4229
2701 -99.6039
2702 -99.2375
2703 -100.054
2704 -100.3
2705 -100.601
2706 -99.7378
2707 -98.6918
2708 -101.339
2709 -102.701
2710 -101
2711 -100.759
2712 -102.462
2713 -101.66
2714 -101.012
2715 -101.178
2716 -100.162
2717 -100.001
2718 -100.536
2719 -99.7783
2720 -100.972
2721 -101.431
2722 -100.244
2723 -100.169
2724 -102.047
2725 -100.941
2726 -99.6313
2727 -101.103
2728 -101.54
2729 -100.948
2730 -103.386
2731 -102.502
2732 -102.642
2733 -102.803
2734 -101.478
2735 -99.8766
2736 -101.975
2737 -99.7485
2738 -99.3245
2739 -100.144
2740 -99.2714
2741 -98.183
2742 -97.1491
2743 -97.8937
2744 -98.2358
2745 -99.9959
2746 -99.2478
2747 -98.6091
2748 -100.475
2749 -99.3574
2750 -99.604
2751 -101.341
2752 -101.031
2753 -100.163
2754 -102.554
2755 -102.123
2756 -101.704
2757 -100.649
2758 -101.464
2759 -101.936
2760 -100.589
2761 -101.275
2762 -98.8987
2763 -99.4498
2764 -100.164
2765 -99.494
2766 -101.392
2767 -101.592
2768 -100.846
2769 -101.427
2770 -101.098
2771 -101.654
2772 -99.2892
2773 -100.137
2774 -100.124
2775 -100.055
2776 -102.213
2777 -101.856
2778 -101.298
2779 -101.348
2780 -101.053
2781 -100.048
2782 -99.3619
2783 -99.4988
2784 -99.0495
2785 -98.2514
2786 -98.67
2787 -98.7926
2788 -99.0021
2789 -98.018
2790 -98.0397
2791 -98.6546
2792 -97.8047
2793 -97.6427
2794 -97.5847
2795 -97.7372
2796 -98.0942
2797 -99.7196
2798 -100.368
2799 -101.268
2800 -101.907
2801 -102.165
2802 -101.564
2803 -101.755
2804 -101.929
2805 -100.864
2806 -100.249
2807 -99.7736
2808 -100.036
2809 -100.14
2810 -98.9578
2811 -99.8609
2812 -102.237
2813 -99.6515
2814 -101.041
2815 -100.979
2816 -100.3
2817 -100.121
2818 -100.211
2819 -101
2820 -100.366
2821 -100.597
2822 -100.014
2823 -101.138
2824 -100.54
2825 -101.719
2826 -100.449
2827 -101.479
2828 -100.422
2829 -99.6176
2830 -100.5
2831 -101.547
2832 -100.272
2833 -99.3464
2834 -99.2523
2835 -98.3177
2836 -98.5833
2837 -96.7697
2838 -97.3068
2839 -96.7173
2840 -97.9035
2841 -97.9123
2842 -98.7544
2843 -101.633
2844 -101.088
2845 -99.3186
2846 -98.5279
2847 -99.7851
2848 -99.877
2849 -99.5297
2850 -100.818
2851 -102.114
2852 -101.484
2853 -101.409
2854 -100.36
2855 -100.388
2856 -99.5351
2857 -98.8221
2858 -98.4792
2859 -100.258
2860 -100.191
2861 -99.7414
2862 -100.165
2863 -100.102
2864 -100.059
2865 -98.9253
2866 -99.6089
2867 -99.8803
2868 -99.696
2869 -102.129
2870 -102.664
2871 -101.439
2872 -101.528
2873 -100.781
2874 -100.11
2875 -100.301
2876 -101.49
2877 -98.3106
2878 -98.2413
2879 -98.7039
2880 -98.3908
2881 -97.0432
2882 -96.5698
2883 -98.464
2884 -98.0564
2885 -97.1558
2886 -97.792
2887 -97.9918
2888 -97.2276
2889 -99.1882
2890 -98.3415
2891 -99.5824
2892 -98.6492
2893 -99.4375
2894 -101.395
2895 -100.689
2896 -100.362
2897 -100.631
2898 -99.727
2899 -99.0473
2900 -100.971
2901 -99.6671
2902 -100.517
2903 -101.19
2904 -100.6
2905 -100.796
2906 -100.645
2907 -98.7397
2908 -99.2096
2909 -101.913
2910 -101.047
2911 -99.8577
2912 -98.9068
2913 -98.9309
2914 -100.065
2915 -101.009
2916 -100.425
2917 -102.505
2918 -100.743
2919 -100.588
2920 -100.283
2921 -98.2919
2922 -98.8747
2923 -98.9336
2924 -97.506
2925 -99.5212
2926 -97.4606
2927 -97.3754
2928 -96.5303
2929 -98.1657
2930 -96.686
2931 -98.7875
2932 -96.3382
2933 -96.5905
2934 -97.7137
2935 -97.3795
2936 -96.9345
2937 -98.4937
2938 -99.1567
2939 -99.1313
2940 -100.655
2941 -99.6097
2942 -99.6309
2943 -99.328
2944 -100.157
2945 -98.8451
2946 -98.8864
2947 -98.9196
2948 -100.47
2949 -99.8447
2950 -99.0129
2951 -99.1069
2952 -99.0773
2953 -98.898
2954 -100.087
2955 -100.4
2956 -99.1282
2957 -98.9861
2958 -99.2268
2959 -99.6448
2960 -99.4657
2961 -99.1732
2962 -98.1973
2963 -99.8535
2964 -100.861
2965 -99.0885
2966 -99.8521
2967 -99.825
2968 -98.6496
2969 -97.7573
2970 -97.0844
2971 -97.8554
2972 -96.1866
2973 -98.6644
2974 -97.4075
2975 -96.4331
2976 -96.9645
2977 -98.4317
2978 -96.9245
2979 -96.0242
2980 -95.8686
2981 -98.7232
2982 -98.2341
2983 -98.2489
2984 -99.2852
2985 -98.2233
2986 -99.4402
2987 -99.504
2988 -100.416
2989 -99.4586
2990 -100.633
2991 -97.9824
2992 -99.3276
2993 -99.0055
2994 -98.8498
2995 -98.5396
2996 -97.7038
2997 -97.7065
2998 -100.442
2999 -98.4079
3000 -99.1358
3001 -99.4239
3002 -97.6017
3003 -97.204
3004 -98.263
3005 -100.225
3006 -97.0175
3007 -98.3589
3008 -98.3763
3009 -98.0347
3010 -98.61
3011 -99.9707
3012 -98.6995
3013 -99.1735
3014 -98.3968
3015 -98.2299
3016 -98.8499
3017 -96.5171
3018 -97.2203
3019 -96.5046
3020 -97.0427
3021 -96.6672
3022 -95.3317
3023 -97.2861
3024 -96.6268
3025 -96.1136
3026 -94.317
3027 -98.1795
3028 -97.8657
3029 -98.9405
3030 -95.524
3031 -97.8131
3032 -98.1835
3033 -98.662
3034 -97.8125
3035 -98.0416
3036 -98.3869
3037 -99.1967
3038 -98.5863
3039 -99.625
3040 -98.9794
3041 -97.8902
3042 -97.7986
3043 -97.7553
3044 -97.2039
3045 -97.9523
3046 -99.3577
3047 -97.8531
3048 -98.7485
3049 -99.1166
3050 -99.459
3051 -97.3426
3052 -98.0574
3053 -98.5639
3054 -99.3149
3055 -98.792
3056 -98.7913
3057 -99.5017
3058 -99.5555
3059 -100.038
3060 -98.7041
3061 -98.4888
3062 -97.1303
3063 -97.1136
3064 -98.9228
3065 -96.4202
3066 -96.9024
3067 -97.0212
3068 -99.5877
3069 -99.7087
3070 -98.7416
3071 -99.4764
3072 -99.0419
3073 -100.172
3074 -100.136
3075 -100.463
3076 -101.469
3077 -102.639
3078 -102.727
3079 -103.792
3080 -106.177
3081 -105.925
3082 -104.738
3083 -106.328
3084 -107.038
3085 -108.538
3086 -107.872
3087 -108.734
3088 -107.362
3089 -108.139
3090 -108.14
3091 -108.966
3092 -111.845
3093 -110.4
3094 -112.796
3095 -111.712
3096 -111.722
3097 -114.311
3098 -111.854
3099 -113.219
3100 -113.545
3101 -112.339
3102 -111.852
3103 -112.331
3104 -113.019
3105 -113.176
3106 -114.59
3107 -113.607
3108 -112.497
3109 -111.681
3110 -112.24
3111 -111.136
3112 -110.537
3113 -110.719
3114 -111.407
3115 -110.712
3116 -110.24
3117 -111.311
3118 -109.392
3119 -109.795
3120 -110.805
3121 -109.323
3122 -110.383
3123 -108.738
3124 -109.261
3125 -107.618
3126 -107.626
3127 -106.074
3128 -107.175
3129 -106.428
3130 -106.863
3131 -103.057
3132 -105.28
3133 -103.48
3134 -103.215
3135 -104.86
3136 -104.472
3137 -104.708
3138 -103.483
3139 -103.583
3140 -103.294
3141 -102.778
3142 -103.154
3143 -102.621
3144 -101.995
3145 -100.965
3146 -102.387
3147 -101.708
3148 -100.923
3149 -103.01
3150 -102.501
3151 -101.798
3152 -101.322
3153 -100.635
3154 -100.867
3155 -100.119
3156 -101.8
3157 -101.766
3158 -101.304
3159 -102.254
3160 -102.113
3161 -101.284
3162 -99.6014
3163 -101.274
3164 -101.992
3165 -102.649
3166 -99.9559
3167 -101.426
3168 -100.915
3169 -99.3456
3170 -101.519
3171 -100.93
3172 -99.1724
3173 -100.147
3174 -100.594
3175 -100.29
3176 -100.562
3177 -99.9674
3178 -100.559
3179 -99.8891
3180 -99.5671
3181 -99.1252
3182 -101.105
3183 -102.569
3184 -101.664
3185 -101.302
3186 -102.445
3187 -100.929
3188 -100.603
3189 -100.257
3190 -100.38
3191 -100.57
3192 -100.174
3193 -100.713
3194 -100.336
3195 -99.8597
3196 -100.558
3197 -100.359
3198 -100.725
3199 -101.963
3200 -99.9507
3201 -100.512
3202 -100.912
3203 -100.551
3204 -101.807
3205 -100.318
3206 -99.8586
3207 -100.108
3208 -100.637
3209 -99.5011
3210 -101.264
3211 -100.163
3212 -100.138
3213 -100.219
3214 -100.417
3215 -100.799
3216 -100.283
3217 -99.1233
3218 -99.9611
3219 -100.106
3220 -100.483
3221 -100.409
3222 -98.2679
3223 -101.033
3224 -101.265
3225 -100.592
3226 -101.174
3227 -99.8732
3228 -99.9442
3229 -101.512
3230 -100.16
3231 -99.8956
3232 -100.751
3233 -100.065
3234 -99.8739
3235 -100.394
3236 -101.606
3237 -101.354
3238 -99.4909
3239 -100.594
3240 -98.9574
3241 -99.4518
3242 -100.935
3243 -101.571
3244 -100.044
3245 -99.511
3246 -100.157
3247 -98.9679
3248 -102.092
3249 -99.6058
3250 -98.9926
3251 -99.598
3252 -100.126
3253 -99.2817
3254 -100.112
3255 -100.448
3256 -100.155
3257 -101.436
3258 -99.4743
3259 -100.959
3260 -100.477
3261 -100.288
3262 -99.5735
3263 -101.77
3264 -99.6783
3265 -100.289
3266 -98.3463
3267 -100.667
3268 -101.066
3269 -103.292
3270 -100.658
3271 -99.2073
3272 -100.459
3273 -99.0225
3274 -100.899
3275 -100.868
3276 -100.03
3277 -100.997
3278 -99.9903
3279 -100.156
3280 -101.607
3281 -101.469
3282 -99.5492
3283 -100.496
3284 -100.614
3285 -99.8117
3286 -99.8068
3287 -101.083
3288 -100.302
3289 -100.675
3290 -99.7541
3291 -101.338
3292 -100.018
3293 -101.031
3294 -99.8946
3295 -101.027
3296 -100.536
3297 -99.8932
3298 -100.206
3299 -100.695
3300 -100.058
3301 -100.516
3302 -101.6
3303 -100.165
3304 -100.804
3305 -100.58
3306 -100.303
3307 -99.4162
3308 -99.7283
3309 -100.505
3310 -100.55
3311 -100.066
3312 -101.715
3313 -101.319
3314 -101.036
3315 -100.003
3316 -99.6909
3317 -99.4152
3318 -98.9322
3319 -100.071
3320 -100.466
3321 -102.908
3322 -101.048
3323 -99.4723
3324 -100.571
3325 -100.824
3326 -100.075
3327 -100.414
3328 -100.628
3329 -100.582
3330 -99.6773
3331 -100.235
3332 -100.349
3333 -100.14
3334 -100.809
3335 -101.617
3336 -100.323
3337 -99.7657
3338 -100.271
3339 -101.041
3340 -100.743
3341 -100.498
3342 -100.515
3343 -99.7501
3344 -98.9232
3345 -100.522
3346 -99.9319
3347 -100.112
3348 -101.109
3349 -101.346
3350 -99.915
3351 -99.3746
3352 -100.274
3353 -99.7231
3354 -99.2569
3355 -100.44
3356 -99.7889
3357 -101.451
3358 -99.4191
3359 -99.9629
3360 -100.778
3361 -100.06
3362 -100.788
3363 -100.295
3364 -99.6715
3365 -102.7
3366 -100.625
3367 -101.031
3368 -100.94
3369 -100.726
3370 -100.766
3371 -99.8631
3372 -101.786
3373 -101.674
3374 -102.427
3375 -99.7694
3376 -100.285
3377 -101.082
3378 -101.063
3379 -100.658
3380 -101.137
3381 -99.833
3382 -100.272
3383 -99.8567
3384 -100.656
3385 -99.6797
3386 -100.13
3387 -100.635
3388 -100.846
3389 -101.339
3390 -99.6118
3391 -99.8884
3392 -100.758
3393 -99.8957
3394 -100.918
3395 -101.03
3396 -99.4683
3397 -100.048
3398 -101.187
3399 -99.7525
