0 -40.575
1 -41.583
2 -41.4011
3 -42.5759
4 -43.2135
5 -41.0948
6 -41.2189
7 -42.3896
8 -40.9866
9 -41.9063
10 -42.8957
11 -41.8018
12 -41.528
13 -39.1803
14 -40.7995
15 -42.854
16 -40.8245
17 -41.4176
18 -40.6984
19 -41.2944
20 -42.2455
21 -41.6379
22 -40.8906
23 -40.3964
24 -41.4087
25 -43.9076
26 -42.007
27 -41.0077
28 -41.4471
29 -42.9109
30 -41.1734
31 -40.9845
32 -41.63
33 -41.7298
34 -42.3897
35 -42.3254
36 -43.2966
37 -44.2238
38 -43.7919
39 -44.6672
40 -43.966
41 -45.1556
42 -45.4445
43 -45.924
44 -46.9478
45 -48.7071
46 -48.5614
47 -47.768
48 -46.4981
49 -48.5608
50 -49.1889
51 -49.3324
52 -51.2219
53 -50.4424
54 -50.6594
55 -52.4572
56 -52.5171
57 -52.8792
58 -54.3086
59 -55.8354
60 -54.8718
61 -55.8435
62 -57.1087
63 -57.176
64 -57.2684
65 -57.2818
66 -59.3081
67 -59.5126
68 -59.6447
69 -61.3126
70 -61.7827
71 -61.7765
72 -61.8937
73 -62.1961
74 -63.879
75 -64.3678
76 -64.1336
77 -62.9572
78 -62.1886
79 -62.7051
80 -64.1692
81 -63.565
82 -61.4307
83 -63.9582
84 -63.7859
85 -62.3537
86 -60.2496
87 -58.9686
88 -60.9312
89 -60.2861
90 -59.8504
91 -59.55
92 -57.9794
93 -59.0746
94 -56.5157
95 -57.2426
96 -58.0209
97 -55.5166
98 -56.5543
99 -56.9178
100 -54.9319
101 -56.3242
102 -55.4759
103 -55.5875
104 -52.6917
105 -52.6745
106 -52.1709
107 -53.3241
108 -53.007
109 -52.6467
110 -50.7314
111 -50.5954
112 -51.3763
113 -50.7533
114 -49.5352
115 -50.148
116 -50.4482
117 -50.455
118 -50.6452
119 -49.2522
120 -48.9639
121 -48.4111
122 -49.4865
123 -47.9692
124 -49.1912
125 -49.5334
126 -48.9943
127 -50.3954
128 -49.6657
129 -49.7773
130 -49.4708
131 -49.6667
132 -50.7333
133 -50.1094
134 -50.3062
135 -48.8005
136 -49.4271
137 -49.0912
138 -50.2803
139 -49.7022
140 -50.5393
141 -49.1307
142 -49.167
143 -48.81
144 -47.258
145 -48.016
146 -46.2683
147 -47.6515
148 -47.8472
149 -46.759
150 -48.2442
151 -49.0884
152 -47.3962
153 -47.3643
154 -48.2378
155 -49.0863
156 -47.9592
157 -47.4839
158 -45.6583
159 -46.3773
160 -45.6812
161 -45.9661
162 -45.0542
163 -47.3759
164 -45.8811
165 -47.0809
166 -46.9553
167 -47.9786
168 -47.9037
169 -46.5876
170 -46.2144
171 -45.7128
172 -47.0476
173 -47.309
174 -48.6777
175 -47.8981
176 -49.2502
177 -48.944
178 -48.2453
179 -48.7387
180 -48.1965
181 -47.5996
182 -47.9158
183 -46.8849
184 -46.2439
185 -46.3506
186 -48.1949
187 -48.1906
188 -48.8434
189 -47.7478
190 -46.1534
191 -47.4438
192 -47.1372
193 -46.9599
194 -47.5358
195 -46.5982
196 -46.1096
197 -46.9009
198 -46.893
199 -45.8444
200 -48.6779
201 -48.4918
202 -46.6279
203 -45.0426
204 -46.0359
205 -45.7779
206 -46.2023
207 -46.6623
208 -47.5261
209 -46.2634
210 -46.1191
211 -48.1495
212 -46.6332
213 -47.4686
214 -44.7757
215 -47.6336
216 -46.6271
217 -46.8063
218 -46.7514
219 -47.1468
220 -47.0541
221 -46.3031
222 -49.2047
223 -48.723
224 -49.0435
225 -48.9811
226 -47.6956
227 -46.5532
228 -45.9976
229 -48.1461
230 -47.1884
231 -47.4582
232 -48.8689
233 -46.3242
234 -47.6976
235 -47.7203
236 -48.0315
237 -47.8675
238 -47.3163
239 -44.788
240 -46.7879
241 -46.01
242 -43.9873
243 -47.1636
244 -45.7433
245 -46.8497
246 -48.2023
247 -46.4416
248 -47.6081
249 -47.1959
250 -48.3938
251 -46.8776
252 -45.3085
253 -45.4498
254 -46.8728
255 -45.9315
256 -47.5706
257 -45.9756
258 -45.6336
259 -46.5682
260 -45.9186
261 -46.0493
262 -47.5749
263 -45.0185
264 -46.0373
265 -46.4944
266 -47.4464
267 -45.7461
268 -46.9727
269 -47.5199
270 -48.1161
271 -47.5842
272 -46.9839
273 -46.8747
274 -47.4556
275 -47.0983
276 -45.677
277 -47.5844
278 -46.317
279 -47.4805
280 -48.249
281 -47.9441
282 -46.6145
283 -46.7736
284 -45.9742
285 -45.6683
286 -47.1859
287 -48.2447
288 -46.873
289 -45.1918
290 -45.1842
291 -46.1342
292 -47.6256
293 -47.1616
294 -47.2647
295 -48.0164
296 -47.2307
297 -46.007
298 -46.4286
299 -46.4975
300 -44.9968
301 -45.5822
302 -48.3187
303 -45.3246
304 -46.3553
305 -46.87
306 -46.9344
307 -47.7892
308 -46.9703
309 -46.2452
310 -48.6102
311 -45.9135
312 -44.8786
313 -43.7003
314 -47.2962
315 -47.2187
316 -48.2505
317 -48.2672
318 -47.1581
319 -47.6516
320 -49.1681
321 -47.7998
322 -46.3955
323 -46.239
324 -47.8741
325 -46.3595
326 -47.9663
327 -48.8608
328 -50.9104
329 -47.845
330 -47.562
331 -47.8463
332 -47.242
333 -47.2351
334 -47.2334
335 -46.4719
336 -48.1233
337 -46.2439
338 -47.1186
339 -47.0551
340 -47.0526
341 -47.0535
342 -48.0679
343 -48.3748
344 -47.3547
345 -45.4986
346 -45.2853
347 -45.2701
348 -45.6388
349 -46.4697
350 -46.3618
351 -46.5907
352 -46.1666
353 -48.2265
354 -45.7213
355 -44.5986
356 -47.5842
357 -45.1576
358 -45.8362
359 -46.0053
360 -46.5947
361 -47.6764
362 -47.1613
363 -47.1296
364 -47.6996
365 -48.9246
366 -47.955
367 -47.7587
368 -46.6082
369 -46.4045
370 -46.4831
371 -47.2608
372 -46.1721
373 -46.7286
374 -47.7056
375 -46.3975
376 -45.9299
377 -46.5861
378 -47.29
379 -46.4761
380 -45.0395
381 -45.1912
382 -47.0375
383 -47.0111
384 -44.2582
385 -46.3759
386 -46.8078
387 -47.9684
388 -45.8638
389 -47.2063
390 -46.4344
391 -46.0247
392 -46.3129
393 -44.7057
394 -45.5676
395 -45.2829
396 -45.1268
397 -46.4597
398 -45.6382
399 -46.4194
400 -44.6726
401 -47.0173
402 -45.7848
403 -45.7014
404 -44.7567
405 -44.0333
406 -44.9812
407 -46.0124
408 -46.8433
409 -46.961
410 -47.4586
411 -47.9573
412 -48.1794
413 -47.4743
414 -47.2049
415 -47.0229
416 -47.863
417 -46.9236
418 -43.828
419 -44.9901
420 -46.9626
421 -46.8293
422 -47.1299
423 -46.435
424 -45.9258
425 -46.6469
426 -45.0515
427 -44.6243
428 -43.5937
429 -44.7813
430 -45.7638
431 -44.8217
432 -44.1772
433 -45.6533
434 -47.1881
435 -46.2057
436 -45.1206
437 -46.174
438 -45.3237
439 -45.7799
440 -45.4586
441 -45.3884
442 -44.2135
443 -45.5811
444 -45.8568
445 -45.7781
446 -44.5832
447 -44.071
448 -45.5512
449 -45.823
450 -44.2406
451 -45.1776
452 -44.3538
453 -45.0463
454 -44.4635
455 -46.1211
456 -48.0403
457 -47.4319
458 -47.7246
459 -47.4808
460 -46.6614
461 -48.5432
462 -46.0936
463 -46.4968
464 -47.7208
465 -46.7473
466 -46.2676
467 -45.4731
468 -46.8089
469 -46.5693
470 -46.316
471 -46.21
472 -46.1837
473 -44.6648
474 -46.7871
475 -44.8547
476 -45.4925
477 -45.5372
478 -45.1086
479 -47.0786
480 -46.3254
481 -44.3665
482 -44.9669
483 -46.7385
484 -45.8673
485 -45.752
486 -44.9992
487 -45.1299
488 -45.425
489 -45.0821
490 -44.5219
491 -44.7289
492 -44.4787
493 -45.1616
494 -44.7182
495 -43.7296
496 -44.7589
497 -44.8978
498 -45.189
499 -42.8463
500 -43.6607
501 -44.8646
502 -45.1979
503 -45.8112
504 -46.0072
505 -44.9053
506 -45.3958
507 -46.279
508 -45.5768
509 -43.4699
510 -44.3079
511 -43.1951
512 -43.797
513 -41.6741
514 -43.7919
515 -43.1381
516 -41.1763
517 -39.9943
518 -41.1028
519 -40.4866
520 -38.7499
521 -40.3637
522 -38.3311
523 -37.306
524 -37.7984
525 -36.6679
526 -35.5149
527 -36.1269
528 -36.6634
529 -36.3604
530 -33.52
531 -35.3545
532 -32.6724
533 -31.9824
534 -30.2338
535 -32.2419
536 -30.3894
537 -30.5985
538 -30.4393
539 -30.4093
540 -29.8299
541 -30.6466
542 -29.6238
543 -28.8968
544 -27.7176
545 -26.0995
546 -26.3162
547 -26.8332
548 -27.2867
549 -26.6933
550 -28.1216
551 -26.8682
552 -25.3102
553 -24.9158
554 -26.362
555 -27.3036
556 -25.4649
557 -25.0497
558 -27.5499
559 -26.1357
560 -25.8987
561 -26.9859
562 -24.9522
563 -24.7882
564 -24.5528
565 -23.5177
566 -22.0525
567 -24.1666
568 -24.1327
569 -24.012
570 -22.7293
571 -21.2245
572 -23.188
573 -22.0573
574 -20.4095
575 -21.561
576 -20.4716
577 -19.9572
578 -17.8213
579 -18.1989
580 -18.1059
581 -18.0376
582 -19.366
583 -19.9376
584 -20.5379
585 -17.0993
586 -17.7289
587 -17.4666
588 -18.2755
589 -18.5428
590 -19.1885
591 -17.7494
592 -19.4053
593 -18.8413
594 -19.1519
595 -16.1994
596 -21.0171
597 -20.8354
598 -20.9053
599 -21.4774
600 -21.6895
601 -21.6235
602 -22.713
603 -24.394
604 -23.4131
605 -22.7172
606 -25.3492
607 -25.0662
608 -26.4101
609 -26.3357
610 -27.2264
611 -27.6347
612 -27.4459
613 -28.883
614 -29.7391
615 -31.1242
616 -30.8474
617 -31.8934
618 -31.2784
619 -31.0334
620 -33.8893
621 -33.6485
622 -32.0932
623 -34.5251
624 -32.5275
625 -32.9626
626 -32.744
627 -30.5494
628 -33.2794
629 -33.9973
630 -33.7724
631 -34.7617
632 -35.2139
633 -34.1769
634 -34.346
635 -34.7469
636 -35.321
637 -34.3805
638 -34.9872
639 -35.3799
640 -34.9302
641 -33.6932
642 -36.1797
643 -35.4333
644 -35.2271
645 -34.0607
646 -34.7194
647 -34.1447
648 -36.4642
649 -33.2868
650 -34.0339
651 -34.5215
652 -36.3697
653 -35.5416
654 -34.8915
655 -34.3655
656 -35.1668
657 -35.316
658 -35.8655
659 -35.2663
660 -36.9317
661 -36.2882
662 -36.5616
663 -36.0092
664 -36.658
665 -36.3198
666 -36.2745
667 -36.0864
668 -36.0175
669 -36.1226
670 -36.0227
671 -37.4464
672 -36.5478
673 -36.0312
674 -35.7921
675 -35.5262
676 -35.763
677 -34.2395
678 -35.3808
679 -37.9225
680 -35.9068
681 -37.0038
682 -36.9776
683 -36.2251
684 -38.1752
685 -37.7584
686 -37.518
687 -37.118
688 -34.9331
689 -36.2894
690 -36.6209
691 -37.7438
692 -36.1053
693 -35.9517
694 -34.6645
695 -37.1726
696 -36.0919
697 -36.9917
698 -34.6588
699 -34.4205
700 -36.5362
701 -37.213
702 -35.8961
703 -33.8686
704 -37.04
705 -36.1399
706 -35.7519
707 -36.968
708 -37.441
709 -37.8099
710 -38.4442
711 -37.2993
712 -36.7695
713 -35.9074
714 -35.3651
715 -35.9827
716 -36.7572
717 -36.7994
718 -37.3735
719 -36.3646
720 -36.1489
721 -36.8422
722 -36.797
723 -38.174
724 -36.4402
725 -36.7891
726 -37.2564
727 -38.7519
728 -37.306
729 -38.4512
730 -38.0881
731 -37.0422
732 -38.4216
733 -38.0403
734 -37.1086
735 -36.1784
736 -37.8048
737 -36.7179
738 -37.5347
739 -36.3117
740 -37.3889
741 -35.303
742 -37.1716
743 -36.5076
744 -36.0203
745 -35.8987
746 -35.446
747 -35.6748
748 -35.9264
749 -37.0904
750 -37.049
751 -36.4302
752 -37.4428
753 -37.4503
754 -35.5495
755 -36.1246
756 -38.5339
757 -37.4321
758 -36.2922
759 -36.3458
760 -37.1598
761 -37.452
762 -38.6069
763 -37.8784
764 -37.4978
765 -37.5895
766 -36.8061
767 -38.3229
768 -38.4405
769 -37.991
770 -37.7165
771 -36.9344
772 -37.0224
773 -35.518
774 -38.6879
775 -38.2434
776 -38.3783
777 -37.4965
778 -39.085
779 -37.8704
780 -37.7373
781 -37.8232
782 -38.9782
783 -38.7658
784 -37.4598
785 -36.9295
786 -37.5752
787 -36.8863
788 -37.13
789 -37.1542
790 -36.1131
791 -37.4118
792 -36.0245
793 -35.6652
794 -36.699
795 -37.7717
796 -38.2069
797 -37.8018
798 -36.7985
799 -38.2198
800 -37.7478
801 -38.1686
802 -37.1223
803 -37.7792
804 -36.9041
805 -37.2305
806 -37.5443
807 -38.7142
808 -37.9151
809 -38.4554
810 -37.5709
811 -37.431
812 -37.4283
813 -37.7043
814 -37.8954
815 -36.902
816 -38.2478
817 -38.9631
818 -37.6515
819 -37.8703
820 -36.3971
821 -37.4829
822 -37.838
823 -36.8823
824 -38.2835
825 -38.5632
826 -37.4071
827 -36.9736
828 -37.4317
829 -36.9779
830 -36.2748
831 -38.8083
832 -37.5224
833 -38.4903
834 -38.27
835 -36.7661
836 -35.5153
837 -39.5983
838 -36.3463
839 -35.7475
840 -36.666
841 -35.9512
842 -37.507
843 -37.1306
844 -37.0275
845 -36.7115
846 -38.6449
847 -37.5825
848 -38.0016
849 -37.8922
850 -38.985
851 -39.0076
852 -38.1847
853 -38.2322
854 -38.2956
855 -37.8849
856 -37.418
857 -38.3643
858 -36.8304
859 -37.4751
860 -38.3347
861 -38.6999
862 -38.5169
863 -38.0993
864 -37.2465
865 -38.3332
866 -38.056
867 -36.4404
868 -38.1794
869 -38.1656
870 -37.6093
871 -38.9237
872 -38.195
873 -38.9514
874 -39.2295
875 -39.8089
876 -37.72
877 -37.1675
878 -38.3444
879 -37.8728
880 -36.2676
881 -37.7294
882 -37.9182
883 -36.066
884 -37.3282
885 -35.26
886 -36.9902
887 -35.7553
888 -36.9382
889 -37.6834
890 -37.0411
891 -38.0798
892 -37.8899
893 -37.8241
894 -37.6825
895 -37.936
896 -39.1579
897 -38.9167
898 -37.7459
899 -37.4343
900 -37.7922
901 -36.0884
902 -37.5466
903 -37.3129
904 -36.6469
905 -36.6802
906 -39.3228
907 -39.8012
908 -39.0546
909 -37.9021
910 -38.4989
911 -37.1286
912 -38.4309
913 -37.2738
914 -38.1124
915 -39.4219
916 -38.7265
917 -37.9499
918 -39.0191
919 -37.3047
920 -38.2588
921 -39.201
922 -37.6831
923 -37.7794
924 -38.7433
925 -38.5215
926 -38.4726
927 -37.8606
928 -38.1274
929 -37.5713
930 -37.543
931 -37.609
932 -38.7048
933 -36.8598
934 -40.2929
935 -38.606
936 -37.4941
937 -38.5965
938 -37.0297
939 -37.8358
940 -39.387
941 -38.0553
942 -38.726
943 -38.8827
944 -37.2689
945 -38.4222
946 -36.8683
947 -37.2943
948 -36.5957
949 -38.6612
950 -39.6144
951 -37.4296
952 -38.0962
953 -39.2563
954 -39.0637
955 -39.7095
956 -38.2578
957 -38.6991
958 -38.27
959 -39.7653
960 -38.6762
961 -38.0329
962 -41.1029
963 -40.2486
964 -39.7734
965 -40.1236
966 -39.9963
967 -38.3112
968 -38.5217
969 -39.8863
970 -36.8649
971 -37.5006
972 -39.6495
973 -39.8996
974 -38.2711
975 -37.9935
976 -38.9744
977 -37.6114
978 -38.6111
979 -37.7902
980 -37.4855
981 -36.0128
982 -37.4205
983 -38.0864
984 -38.4394
985 -38.0033
986 -37.6634
987 -39.207
988 -39.7614
989 -39.3029
990 -38.7232
991 -38.2954
992 -38.329
993 -39.1275
994 -38.7815
995 -38.686
996 -38.4746
997 -36.8738
998 -38.0571
999 -38.2734
1000 -38.8298
1001 -38.4392
1002 -38.8258
1003 -39.049
1004 -40.2385
1005 -38.7498
1006 -39.4231
1007 -39.759
1008 -39.6058
1009 -38.9037
1010 -39.2972
1011 -41.3473
1012 -40.0986
1013 -39.3795
1014 -38.4928
1015 -39.2494
1016 -39.5275
1017 -38.7448
1018 -39.4374
1019 -40.431
1020 -39.9189
1021 -40.2332
1022 -40.7751
1023 -41.5986
1024 -40.6306
1025 -41.5849
1026 -41.0272
1027 -42.5398
1028 -42.4172
1029 -42.4717
1030 -44.2251
1031 -43.8106
1032 -44.9621
1033 -44.5014
1034 -47.097
1035 -48.0712
1036 -47.8995
1037 -46.5345
1038 -48.6636
1039 -48.5235
1040 -48.5711
1041 -49.1854
1042 -49.9371
1043 -51.427
1044 -50.5743
1045 -50.6483
1046 -52.6402
1047 -51.931
1048 -53.3617
1049 -54.3866
1050 -54.4092
1051 -54.8536
1052 -54.6142
1053 -53.366
1054 -54.5649
1055 -55.4265
1056 -54.8843
1057 -56.126
1058 -56.511
1059 -55.8539
1060 -56.6135
1061 -57.5597
1062 -57.6429
1063 -58.3524
1064 -58.3448
1065 -59.6369
1066 -58.7166
1067 -58.8379
1068 -59.4599
1069 -58.3274
1070 -59.2742
1071 -60.3042
1072 -59.6966
1073 -58.8829
1074 -59.2703
1075 -60.2375
1076 -61.2498
1077 -59.8385
1078 -61.7886
1079 -62.134
1080 -60.8475
1081 -61.7338
1082 -62.6249
1083 -61.6866
1084 -62.2476
1085 -62.7962
1086 -63.6779
1087 -65.5543
1088 -64.5008
1089 -64.4249
1090 -65.0222
1091 -65.9432
1092 -64.8673
1093 -63.9913
1094 -63.4007
1095 -64.9614
1096 -64.8478
1097 -66.1129
1098 -65.596
1099 -66.9422
1100 -66.3323
1101 -65.1112
1102 -65.979
1103 -64.85
1104 -64.3848
1105 -63.7947
1106 -62.7651
1107 -62.0569
1108 -64.3068
1109 -61.5938
1110 -60.7885
1111 -61.4434
1112 -60.2979
1113 -60.328
1114 -59.718
1115 -60.4253
1116 -57.7295
1117 -57.5517
1118 -57.5499
1119 -56.2249
1120 -56.7017
1121 -55.1011
1122 -55.851
1123 -53.6038
1124 -53.5944
1125 -52.005
1126 -53.2621
1127 -54.0531
1128 -53.1043
1129 -52.5919
1130 -51.7945
1131 -50.2931
1132 -50.7193
1133 -49.3716
1134 -50.5935
1135 -50.0215
1136 -48.347
1137 -49.6341
1138 -49.029
1139 -50.1251
1140 -48.3288
1141 -48.2617
1142 -49.6344
1143 -49.2667
1144 -48.034
1145 -46.6904
1146 -46.7986
1147 -48.2147
1148 -47.7333
1149 -49.6014
1150 -51.3649
1151 -50.4632
1152 -49.9017
1153 -48.7432
1154 -48.4252
1155 -49.1665
1156 -47.8822
1157 -47.8053
1158 -48.019
1159 -48.1478
1160 -47.7621
1161 -49.0735
1162 -47.549
1163 -48.3476
1164 -47.8943
1165 -48.8609
1166 -47.5727
1167 -46.9739
1168 -47.5741
1169 -45.807
1170 -46.2024
1171 -47.0184
1172 -47.7357
1173 -47.9927
1174 -48.3319
1175 -47.5611
1176 -47.9643
1177 -47.3906
1178 -45.8786
1179 -46.4561
1180 -46.3531
1181 -44.8261
1182 -46.0868
1183 -47.5531
1184 -47.9471
1185 -47.8626
1186 -47.4944
1187 -46.6481
1188 -45.1171
1189 -45.1871
1190 -44.9338
1191 -44.901
1192 -45.9087
1193 -46.5153
1194 -45.4352
1195 -46.9293
1196 -48.675
1197 -47.7162
1198 -47.4353
1199 -48.0602
1200 -47.4079
1201 -46.2545
1202 -45.1057
1203 -45.4437
1204 -47.1219
1205 -46.1545
1206 -46.6256
1207 -47.1026
1208 -47.1305
1209 -46.6503
1210 -47.1243
1211 -47.516
1212 -46.3354
1213 -46.2241
1214 -46.8486
1215 -45.3346
1216 -45.2194
1217 -45.8394
1218 -45.5646
1219 -43.9689
1220 -45.6166
1221 -45.0458
1222 -45.7328
1223 -45.9094
1224 -46.1303
1225 -45.7948
1226 -46.295
1227 -45.9898
1228 -45.968
1229 -45.6484
1230 -45.7621
1231 -46.6548
1232 -44.8835
1233 -46.5239
1234 -46.2271
1235 -45.1167
1236 -46.7476
1237 -45.2094
1238 -45.2287
1239 -44.3812
1240 -46.9211
1241 -45.1885
1242 -46.7695
1243 -44.0678
1244 -46.683
1245 -47.5352
1246 -46.7976
1247 -47.9381
1248 -45.9507
1249 -45.1537
1250 -45.1655
1251 -47.124
1252 -45.6168
1253 -46.2705
1254 -47.1281
1255 -45.4385
1256 -46.4864
1257 -46.091
1258 -47.0784
1259 -46.2735
1260 -46.4512
1261 -46.4805
1262 -46.0888
1263 -44.6203
1264 -46.6151
1265 -45.649
1266 -44.3765
1267 -45.6635
1268 -45.8125
1269 -46.4947
1270 -46.4927
1271 -45.1552
1272 -45.1006
1273 -46.6745
1274 -46.1706
1275 -46.2797
1276 -45.9132
1277 -46.1845
1278 -47.2804
1279 -47.6039
1280 -45.2999
1281 -46.0756
1282 -45.985
1283 -45.153
1284 -45.5765
1285 -44.3112
1286 -45.818
1287 -45.0994
1288 -44.9602
1289 -45.5218
1290 -46.9057
1291 -46.7993
1292 -46.5451
1293 -47.5324
1294 -46.5656
1295 -46.7703
1296 -47.2544
1297 -46.0984
1298 -44.2265
1299 -45.2144
1300 -47.1714
1301 -46.5892
1302 -46.388
1303 -46.2309
1304 -47.7746
1305 -46.6209
1306 -46.8388
1307 -46.7416
1308 -45.229
1309 -44.1184
1310 -45.5476
1311 -46.9243
1312 -45.176
1313 -45.7986
1314 -45.8094
1315 -45.2677
1316 -46.2878
1317 -46.3692
1318 -44.2712
1319 -45.1954
1320 -45.4537
1321 -44.4249
1322 -46.9014
1323 -46.8303
1324 -44.5205
1325 -46.1374
1326 -45.3949
1327 -46.4705
1328 -44.1424
1329 -44.2752
1330 -45.7887
1331 -44.7725
1332 -43.8335
1333 -46.0589
1334 -45.4384
1335 -43.9691
1336 -46.5051
1337 -46.6591
1338 -47.2547
1339 -46.6704
1340 -47.1548
1341 -46.3318
1342 -45.2396
1343 -45.7142
1344 -46.8843
1345 -46.7687
1346 -45.1798
1347 -44.9824
1348 -47.2722
1349 -47.6311
1350 -46.1097
1351 -46.3023
1352 -44.8153
1353 -45.2211
1354 -46.7368
1355 -45.8854
1356 -45.5088
1357 -46.3441
1358 -45.6308
1359 -44.5927
1360 -43.6813
1361 -45.2827
1362 -44.7478
1363 -45.4045
1364 -46.4805
1365 -45.4664
1366 -45.3207
1367 -46.4596
1368 -44.3132
1369 -45.0561
1370 -45.3091
1371 -45.7413
1372 -45.8044
1373 -44.7416
1374 -44.8601
1375 -46.1517
1376 -45.9594
1377 -45.3461
1378 -44.6973
1379 -43.4055
1380 -43.318
1381 -44.8061
1382 -43.7989
1383 -45.3517
1384 -46.7722
1385 -46.6748
1386 -47.1072
1387 -47.5657
1388 -47.1364
1389 -45.9062
1390 -45.3626
1391 -44.5492
1392 -45.9794
1393 -44.2907
1394 -45.7177
1395 -45.764
1396 -46.4918
1397 -45.6279
1398 -45.4382
1399 -45.299
1400 -45.2446
1401 -45.8817
1402 -44.9444
1403 -45.1892
1404 -45.1541
1405 -45.5684
1406 -44.3126
1407 -42.8083
1408 -43.943
1409 -44.9742
1410 -44.8488
1411 -45.0872
1412 -44.0598
1413 -44.8583
1414 -43.6314
1415 -43.6248
1416 -45.0719
1417 -44.3372
1418 -46.2535
1419 -43.7863
1420 -44.6843
1421 -46.4698
1422 -44.9969
1423 -43.6507
1424 -44.2498
1425 -46.3754
1426 -44.6159
1427 -43.715
1428 -44.1976
1429 -46.0896
1430 -46.2257
1431 -45.8819
1432 -44.3039
1433 -44.1616
1434 -45.9939
1435 -46.9115
1436 -44.6405
1437 -45.0612
1438 -44.3894
1439 -45.929
1440 -45.6418
1441 -45.781
1442 -46.9053
1443 -46.5417
1444 -46.5651
1445 -46.1048
1446 -47.2278
1447 -45.7274
1448 -43.429
1449 -43.5859
1450 -44.4738
1451 -44.55
1452 -44.7799
1453 -42.8738
1454 -45.3263
1455 -44.7596
1456 -47.1467
1457 -45.8361
1458 -43.4719
1459 -44.6232
1460 -44.3836
1461 -45.1893
1462 -44.0931
1463 -43.4569
1464 -44.1109
1465 -44.8231
1466 -43.843
1467 -44.5627
1468 -45.6697
1469 -45.1294
1470 -45.3005
1471 -44.0714
1472 -44.2492
1473 -43.2407
1474 -44.5483
1475 -43.786
1476 -44.2838
1477 -45.4138
1478 -46.4113
1479 -45.6225
1480 -47.1563
1481 -44.7379
1482 -45.037
1483 -45.9445
1484 -45.1119
1485 -44.8211
1486 -46.7852
1487 -44.4666
1488 -44.4816
1489 -47.6258
1490 -46.7428
1491 -45.162
1492 -45.3718
1493 -45.3819
1494 -44.7136
1495 -45.7556
1496 -44.8848
1497 -45.4691
1498 -44.1696
1499 -42.8626
1500 -45.0633
1501 -44.6378
1502 -45.2167
1503 -45.0121
1504 -43.9768
1505 -44.1504
1506 -43.5743
1507 -43.7652
1508 -43.8654
1509 -43.9223
1510 -42.2728
1511 -44.8487
1512 -43.771
1513 -45.0742
1514 -45.0254
1515 -45.2309
1516 -44.1971
1517 -43.9128
1518 -44.4782
1519 -43.8094
1520 -43.2174
1521 -43.037
1522 -44.2182
1523 -43.9524
1524 -43.5255
1525 -45.2198
1526 -44.65
1527 -43.9978
1528 -45.5403
1529 -44.6652
1530 -44.5762
1531 -43.3237
1532 -42.7572
1533 -41.1712
1534 -42.0037
1535 -42.1106
1536 -42.0681
1537 -42.05
1538 -41.7927
1539 -40.0793
1540 -40.9369
1541 -40.4213
1542 -37.6091
1543 -37.6854
1544 -37.1236
1545 -38.1224
1546 -36.7182
1547 -36.3048
1548 -37.1225
1549 -37.3508
1550 -35.7745
1551 -35.45
1552 -34.1623
1553 -33.4199
1554 -32.6097
1555 -30.6643
1556 -30.8263
1557 -29.7337
1558 -30.0428
1559 -29.5939
1560 -29.6113
1561 -29.8164
1562 -28.9409
1563 -29.0792
1564 -27.7421
1565 -27.8109
1566 -29.4599
1567 -27.8984
1568 -27.094
1569 -25.8643
1570 -25.5002
1571 -25.1447
1572 -26.5906
1573 -26.3768
1574 -24.7066
1575 -26.2219
1576 -26.165
1577 -26.2505
1578 -27.2361
1579 -23.9568
1580 -24.0398
1581 -23.5001
1582 -24.9702
1583 -24.6703
1584 -24.645
1585 -24.3122
1586 -23.8833
1587 -24.4737
1588 -23.77
1589 -24.1651
1590 -23.0556
1591 -22.9134
1592 -21.1351
1593 -19.8772
1594 -20.2598
1595 -20.6883
1596 -20.1713
1597 -20.2647
1598 -18.4413
1599 -18.2755
1600 -17.4265
1601 -17.3614
1602 -16.6869
1603 -18.281
1604 -18.707
1605 -19.0152
1606 -18.621
1607 -19.2428
1608 -19.0491
1609 -17.2763
1610 -16.311
1611 -17.2047
1612 -17.9262
1613 -18.1885
1614 -20.103
1615 -17.6199
1616 -18.7391
1617 -18.9517
1618 -19.2989
1619 -19.6016
1620 -20.0137
1621 -23.0074
1622 -21.2749
1623 -22.6647
1624 -22.4347
1625 -21.7778
1626 -23.8554
1627 -24.5855
1628 -26.2865
1629 -23.4967
1630 -25.3227
1631 -27.2699
1632 -27.0242
1633 -26.907
1634 -28.1747
1635 -28.4861
1636 -28.5626
1637 -30.2086
1638 -29.9439
1639 -29.8657
1640 -30.7675
1641 -31.4547
1642 -33.2736
1643 -32.7009
1644 -32.593
1645 -32.4458
1646 -32.1356
1647 -33.3175
1648 -33.4368
1649 -33.2342
1650 -34.1621
1651 -34.0317
1652 -34.403
1653 -35.2878
1654 -34.3212
1655 -35.4431
1656 -35.1233
1657 -35.3519
1658 -35.6045
1659 -35.9289
1660 -33.5661
1661 -35.9649
1662 -35.9273
1663 -35.4995
1664 -35.1594
1665 -36.1395
1666 -37.4913
1667 -35.1014
1668 -35.2016
1669 -34.2525
1670 -33.8056
1671 -34.1702
1672 -34.4382
1673 -33.87
1674 -34.8157
1675 -34.6597
1676 -34.581
1677 -36.2883
1678 -35.9499
1679 -36.0451
1680 -36.7191
1681 -34.9678
1682 -36.9277
1683 -37.2122
1684 -36.5833
1685 -36.594
1686 -35.6329
1687 -35.0827
1688 -37.0549
1689 -35.0939
1690 -37.2112
1691 -37.0121
1692 -35.5059
1693 -36.7024
1694 -36.7762
1695 -37.7605
1696 -36.7481
1697 -37.1487
1698 -36.8446
1699 -35.632
1700 -35.8226
1701 -35.3719
1702 -35.9757
1703 -37.0698
1704 -36.6344
1705 -37.6902
1706 -37.3165
1707 -38.4231
1708 -37.7537
1709 -37.2046
1710 -36.1949
1711 -36.2992
1712 -35.1229
1713 -34.2463
1714 -35.9568
1715 -36.4081
1716 -36.8168
1717 -35.8573
1718 -35.6609
1719 -37.4307
1720 -35.3895
1721 -36.34
1722 -36.0199
1723 -35.8604
1724 -35.929
1725 -36.0414
1726 -37.8793
1727 -37.1268
1728 -37.2805
1729 -37.3714
1730 -36.1825
1731 -36.5907
1732 -34.793
1733 -36.3819
1734 -36.6974
1735 -35.5103
1736 -37.7604
1737 -37.3998
1738 -38.6925
1739 -36.0745
1740 -37.6911
1741 -36.2726
1742 -38.1005
1743 -36.741
1744 -36.7167
1745 -37.6748
1746 -38.0943
1747 -37.3643
1748 -37.936
1749 -37.1461
1750 -38.9024
1751 -37.4851
1752 -38.5883
1753 -36.6926
1754 -36.8879
1755 -37.0242
1756 -36.5024
1757 -36.3332
1758 -37.5541
1759 -38.3086
1760 -36.6092
1761 -37.0216
1762 -36.0383
1763 -35.7371
1764 -35.5729
1765 -36.6689
1766 -36.4839
1767 -36.5656
1768 -35.822
1769 -35.5131
1770 -35.7013
1771 -37.2119
1772 -37.5748
1773 -38.132
1774 -36.8655
1775 -36.7861
1776 -36.9498
1777 -37.1278
1778 -36.0373
1779 -36.9464
1780 -38.4451
1781 -36.8505
1782 -35.3724
1783 -37.9652
1784 -38.3427
1785 -36.2615
1786 -37.8221
1787 -37.3891
1788 -37.7696
1789 -36.3603
1790 -36.7579
1791 -37.3041
1792 -38.0305
1793 -37.5661
1794 -38.592
1795 -38.2607
1796 -37.8602
1797 -37.3591
1798 -37.6374
1799 -36.8189
1800 -38.6127
1801 -36.6446
1802 -38.2888
1803 -37.9547
1804 -38.6098
1805 -38.9484
1806 -39.0048
1807 -35.207
1808 -36.951
1809 -36.973
1810 -36.1616
1811 -36.1801
1812 -35.6892
1813 -35.8551
1814 -37.1757
1815 -36.2133
1816 -36.8176
1817 -36.8755
1818 -38.0246
1819 -37.6944
1820 -37.2339
1821 -37.0276
1822 -38.1601
1823 -38.0776
1824 -36.9921
1825 -37.5082
1826 -37.414
1827 -35.8213
1828 -37.9588
1829 -37.3564
1830 -37.2605
1831 -37.5212
1832 -37.2714
1833 -36.8868
1834 -38.2553
1835 -38.6566
1836 -38.5794
1837 -38.778
1838 -38.1119
1839 -37.6287
1840 -38.6197
1841 -38.1314
1842 -36.9673
1843 -36.677
1844 -39.3542
1845 -39.9981
1846 -38.2106
1847 -38.6978
1848 -38.5824
1849 -38.8494
1850 -38.2566
1851 -37.6799
1852 -37.7085
1853 -37.0797
1854 -36.9667
1855 -37.6775
1856 -37.3522
1857 -34.8309
1858 -36.2996
1859 -34.9396
1860 -35.4116
1861 -35.8241
1862 -35.2258
1863 -36.883
1864 -37.2663
1865 -37.1581
1866 -38.0059
1867 -39.2641
1868 -38.3671
1869 -38.783
1870 -38.7105
1871 -37.6304
1872 -38.3037
1873 -37.045
1874 -36.635
1875 -37.3355
1876 -37.6002
1877 -37.2991
1878 -37.9662
1879 -37.6186
1880 -37.9059
1881 -39.0861
1882 -38.5886
1883 -38.222
1884 -37.9579
1885 -40.1123
1886 -38.226
1887 -36.8713
1888 -38.5122
1889 -37.348
1890 -38.9874
1891 -39.2278
1892 -38.3237
1893 -38.8121
1894 -39.319
1895 -38.8778
1896 -38.7306
1897 -38.7126
1898 -39.7749
1899 -38.7456
1900 -38.4717
1901 -38.4587
1902 -38.0958
1903 -38.2539
1904 -37.339
1905 -36.1259
1906 -37.1389
1907 -36.5026
1908 -36.0987
1909 -36.6473
1910 -36.5463
1911 -37.3375
1912 -38.1146
1913 -38.4118
1914 -36.8725
1915 -38.3546
1916 -36.9896
1917 -39.0103
1918 -39.0065
1919 -39.7613
1920 -37.9507
1921 -38.0295
1922 -38.663
1923 -38.5272
1924 -38.2463
1925 -37.7532
1926 -37.66
1927 -37.4169
1928 -39.9918
1929 -38.267
1930 -38.5465
1931 -38.9297
1932 -37.4845
1933 -38.0461
1934 -38.4032
1935 -38.4204
1936 -39.7947
1937 -39.9372
1938 -37.991
1939 -39.4355
1940 -39.5518
1941 -37.8277
1942 -39.3458
1943 -38.8021
1944 -39.1326
1945 -37.9311
1946 -37.9224
1947 -37.7966
1948 -38.1153
1949 -38.9824
1950 -37.3725
1951 -38.7601
1952 -38.2828
1953 -37.8143
1954 -36.8808
1955 -37.3278
1956 -38.2797
1957 -38.443
1958 -38.1779
1959 -37.2629
1960 -37.9172
1961 -37.3878
1962 -37.8677
1963 -37.1735
1964 -36.9233
1965 -38.3831
1966 -38.2518
1967 -37.6505
1968 -38.3698
1969 -38.2977
1970 -38.526
1971 -37.6231
1972 -37.9262
1973 -39.5734
1974 -38.4881
1975 -38.8107
1976 -37.6633
1977 -38.38
1978 -39.0326
1979 -39.2666
1980 -37.7173
1981 -34.9738
1982 -39.1316
1983 -39.5707
1984 -38.7255
1985 -37.9929
1986 -38.7783
1987 -38.3636
1988 -39.168
1989 -38.068
1990 -38.7708
1991 -40.3694
1992 -39.6851
1993 -38.8842
1994 -38.386
1995 -38.8434
1996 -37.919
1997 -38.0106
1998 -38.7598
1999 -38.2729
2000 -37.4193
2001 -36.6785
2002 -36.8846
2003 -36.7588
2004 -37.265
2005 -38.9637
2006 -37.1111
2007 -37.9847
2008 -39.467
2009 -37.0168
2010 -39.0726
2011 -38.7587
2012 -38.1092
2013 -39.0512
2014 -38.0451
2015 -38.1216
2016 -38.2248
2017 -39.7142
2018 -37.6604
2019 -38.0866
2020 -39.0787
2021 -37.9409
2022 -38.781
2023 -38.8796
2024 -39.0623
2025 -39.19
2026 -39.5529
2027 -38.5112
2028 -39.9181
2029 -38.2236
2030 -38.599
2031 -39.2214
2032 -38.9872
2033 -38.884
2034 -40.7107
2035 -39.7678
2036 -39.7938
2037 -39.9612
2038 -39.5688
2039 -39.2027
2040 -40.5099
2041 -40.5993
2042 -39.89
2043 -40.0023
2044 -40.3566
2045 -41.8453
2046 -41.2506
2047 -43.2996
2048 -42.9665
2049 -41.6081
2050 -43.389
2051 -43.0967
2052 -43.5704
2053 -43.2346
2054 -45.2434
2055 -47.1243
2056 -46.5589
2057 -47.993
2058 -47.8036
2059 -48.4736
2060 -48.4735
2061 -48.7727
2062 -49.3282
2063 -48.6306
2064 -50.7778
2065 -49.3816
2066 -51.0536
2067 -52.3698
2068 -50.1937
2069 -52.8235
2070 -54.1897
2071 -53.5483
2072 -54.4828
2073 -56.5488
2074 -54.9005
2075 -55.8674
2076 -55.0783
2077 -55.9682
2078 -55.8989
2079 -57.0489
2080 -57.0019
2081 -57.0196
2082 -55.7746
2083 -57.6002
2084 -58.3568
2085 -57.8246
2086 -59.9641
2087 -59.5794
2088 -57.8175
2089 -58.3325
2090 -57.8714
2091 -59.7848
2092 -58.9711
2093 -59.4961
2094 -59.3898
2095 -60.094
2096 -59.9392
2097 -60.7033
2098 -60.1741
2099 -60.3022
2100 -60.1142
2101 -60.9517
2102 -60.3403
2103 -62.7402
2104 -63.1195
2105 -61.5531
2106 -63.7081
2107 -62.6499
2108 -63.9871
2109 -63.914
2110 -65.7227
2111 -64.4811
2112 -64.4188
2113 -64.8244
2114 -65.2005
2115 -65.4694
2116 -65.9234
2117 -64.4999
2118 -66.254
2119 -64.6487
2120 -65.7548
2121 -65.6709
2122 -65.1607
2123 -65.7489
2124 -63.7738
2125 -64.5115
2126 -64.3094
2127 -62.6759
2128 -61.6639
2129 -61.7786
2130 -61.5796
2131 -60.5423
2132 -60.9564
2133 -60.2197
2134 -57.9581
2135 -60.4931
2136 -59.78
2137 -57.3025
2138 -57.3387
2139 -56.9741
2140 -57.5396
2141 -56.9388
2142 -55.9318
2143 -55.8949
2144 -54.4756
2145 -53.7218
2146 -52.3244
2147 -52.1682
2148 -51.0398
2149 -52.2566
2150 -52.0139
2151 -51.5258
2152 -52.7791
2153 -51.1153
2154 -49.6962
2155 -49.8031
2156 -49.7971
2157 -48.6946
2158 -48.9298
2159 -48.5075
2160 -47.2329
2161 -48.62
2162 -49.2094
2163 -49.7073
2164 -47.9051
2165 -47.8837
2166 -46.9924
2167 -47.2319
2168 -48.6485
2169 -49.1887
2170 -48.4183
2171 -49.5547
2172 -49.6518
2173 -50.2145
2174 -48.5889
2175 -49.3226
2176 -48.783
2177 -48.5619
2178 -47.3796
2179 -47.996
2180 -47.7043
2181 -47.5566
2182 -48.0127
2183 -47.2375
2184 -47.8217
2185 -47.0492
2186 -47.7576
2187 -47.6588
2188 -48.285
2189 -46.7894
2190 -46.911
2191 -45.2463
2192 -46.3722
2193 -46.5766
2194 -46.7729
2195 -47.6616
2196 -46.9644
2197 -46.8084
2198 -45.8582
2199 -46.3554
2200 -46.2455
2201 -47.1223
2202 -47.1646
2203 -46.9612
2204 -46.477
2205 -45.5895
2206 -47.5425
2207 -46.9371
2208 -48.216
2209 -46.4279
2210 -45.0907
2211 -45.4866
2212 -46.2832
2213 -45.529
2214 -44.0266
2215 -45.2717
2216 -45.7496
2217 -46.9636
2218 -47.3473
2219 -48.1487
2220 -47.3573
2221 -48.0095
2222 -47.53
2223 -47.414
2224 -45.6739
2225 -46.3287
2226 -47.3045
2227 -47.485
2228 -47.1705
2229 -47.3982
2230 -46.2608
2231 -48.3857
2232 -47.8094
2233 -46.5928
2234 -47.9999
2235 -46.7242
2236 -45.1537
2237 -44.7726
2238 -45.6435
2239 -45.9008
2240 -46.5807
2241 -44.8371
2242 -48.0159
2243 -47.0507
2244 -46.8082
2245 -47.8712
2246 -46.7062
2247 -46.1221
2248 -45.5623
2249 -45.5831
2250 -46.5433
2251 -46.2152
2252 -45.9451
2253 -46.0305
2254 -46.6213
2255 -45.23
2256 -46.1767
2257 -45.3947
2258 -45.3275
2259 -43.8544
2260 -44.5657
2261 -43.2121
2262 -45.9991
2263 -45.4454
2264 -46.2493
2265 -46.7973
2266 -48.0177
2267 -47.0611
2268 -47.449
2269 -46.4634
2270 -46.5931
2271 -47.295
2272 -47.8255
2273 -47.0086
2274 -47.3496
2275 -46.9107
2276 -47.0001
2277 -46.6596
2278 -45.5874
2279 -47.0899
2280 -45.4949
2281 -46.257
2282 -44.46
2283 -45.2181
2284 -46.7722
2285 -45.8644
2286 -44.0831
2287 -43.5141
2288 -46.5346
2289 -46.2007
2290 -45.6875
2291 -46.6216
2292 -45.9561
2293 -45.7535
2294 -45.5133
2295 -43.6508
2296 -44.3911
2297 -44.9467
2298 -45.1703
2299 -44.9333
2300 -45.8491
2301 -46.849
2302 -44.4873
2303 -44.5242
2304 -44.6377
2305 -46.7691
2306 -46.828
2307 -45.6845
2308 -44.2857
2309 -43.2182
2310 -46.2892
2311 -45.6011
2312 -47.2395
2313 -45.507
2314 -46.1477
2315 -46.8735
2316 -45.7484
2317 -46.3559
2318 -45.4563
2319 -45.0685
2320 -45.1176
2321 -45.3238
2322 -47.0231
2323 -46.7299
2324 -45.4003
2325 -46.4367
2326 -46.2971
2327 -45.0657
2328 -44.3576
2329 -45.3763
2330 -45.1753
2331 -45.2412
2332 -44.0789
2333 -43.049
2334 -45.0433
2335 -44.4361
2336 -45.7795
2337 -46.3816
2338 -45.2747
2339 -44.8255
2340 -45.0976
2341 -45.4446
2342 -45.0288
2343 -45.1195
2344 -45.1407
2345 -46.1242
2346 -46.4456
2347 -44.5278
2348 -45.2874
2349 -45.4342
2350 -45.1769
2351 -43.9862
2352 -44.9658
2353 -44.1939
2354 -43.6336
2355 -45.2148
2356 -45.1613
2357 -44.2873
2358 -44.5814
2359 -46.3665
2360 -47.0198
2361 -48.1512
2362 -46.1703
2363 -45.0738
2364 -47.0081
2365 -45.5796
2366 -43.8773
2367 -45.0974
2368 -45.9335
2369 -45.9486
2370 -45.6151
2371 -46.0488
2372 -47.2272
2373 -45.4796
2374 -44.9667
2375 -46.8917
2376 -45.9482
2377 -45.3695
2378 -43.8998
2379 -44.2175
2380 -44.9642
2381 -45.4028
2382 -45.7655
2383 -46.1745
2384 -44.8055
2385 -44.9147
2386 -44.5147
2387 -44.8978
2388 -44.4228
2389 -44.7597
2390 -45.9147
2391 -44.8049
2392 -45.523
2393 -45.0881
2394 -44.3641
2395 -44.7426
2396 -45.3244
2397 -43.8491
2398 -45.1304
2399 -44.1884
2400 -43.9125
2401 -43.5144
2402 -43.6225
2403 -45.2901
2404 -46.2543
2405 -44.4952
2406 -46.1629
2407 -47.003
2408 -45.0509
2409 -46.5143
2410 -44.9762
2411 -46.2359
2412 -46.2635
2413 -44.5235
2414 -45.1566
2415 -42.6981
2416 -44.4776
2417 -44.7056
2418 -44.8634
2419 -47.1216
2420 -44.896
2421 -45.3586
2422 -44.3231
2423 -44.0155
2424 -44.9823
2425 -45.262
2426 -43.2198
2427 -45.6857
2428 -45.0704
2429 -44.8575
2430 -44.0053
2431 -45.8149
2432 -45.1135
2433 -45.2189
2434 -44.6644
2435 -44.719
2436 -44.54
2437 -44.5269
2438 -44.9405
2439 -43.6053
2440 -44.0339
2441 -44.9485
2442 -44.9975
2443 -42.7373
2444 -43.916
2445 -43.6251
2446 -44.5932
2447 -43.4311
2448 -42.9673
2449 -43.5659
2450 -43.7467
2451 -43.2183
2452 -44.8209
2453 -45.6756
2454 -46.8013
2455 -45.8469
2456 -47.998
2457 -46.6354
2458 -46.3464
2459 -45.7489
2460 -46.3
2461 -43.5394
2462 -45.6771
2463 -46.1124
2464 -44.4802
2465 -44.6759
2466 -45.062
2467 -44.3703
2468 -44.4471
2469 -44.9071
2470 -44.3213
2471 -43.2845
2472 -45.1612
2473 -44.096
2474 -43.5376
2475 -44.6816
2476 -43.8818
2477 -44.8445
2478 -45.0704
2479 -45.2675
2480 -44.6561
2481 -43.7042
2482 -44.9506
2483 -44.0674
2484 -43.1079
2485 -42.7206
2486 -42.5456
2487 -44.5221
2488 -44.3881
2489 -44.1978
2490 -44.1094
2491 -43.2367
2492 -44.4704
2493 -44.0219
2494 -41.7627
2495 -44.0416
2496 -43.32
2497 -44.8362
2498 -44.1117
2499 -46.0608
2500 -44.9615
2501 -44.5704
2502 -44.2656
2503 -44.4604
2504 -44.9599
2505 -44.2433
2506 -44.6016
2507 -45.5994
2508 -44.155
2509 -44.5564
2510 -44.1483
2511 -45.0476
2512 -44.4206
2513 -45.8192
2514 -44.2993
2515 -44.5488
2516 -43.749
2517 -43.6286
2518 -43.2501
2519 -42.3622
2520 -43.3403
2521 -43.2538
2522 -44.2066
2523 -44.7266
2524 -43.2366
2525 -44.7433
2526 -44.1775
2527 -45.2393
2528 -44.4962
2529 -45.4285
2530 -43.4604
2531 -43.8712
2532 -43.8697
2533 -43.5685
2534 -42.3164
2535 -43.5718
2536 -43.974
2537 -43.7429
2538 -42.7871
2539 -43.2041
2540 -42.5613
2541 -44.9328
2542 -42.7155
2543 -43.9262
2544 -44.8681
2545 -45.0071
2546 -44.5398
2547 -45.5609
2548 -45.2041
2549 -44.9331
2550 -43.4564
2551 -44.1299
2552 -42.6178
2553 -42.8246
2554 -42.1886
2555 -41.8944
2556 -42.238
2557 -41.0922
2558 -41.9747
2559 -40.1575
2560 -41.6786
2561 -41.3186
2562 -38.1073
2563 -38.0728
2564 -37.0293
2565 -35.8748
2566 -36.6556
2567 -35.9353
2568 -36.3635
2569 -35.0912
2570 -36.8046
2571 -35.5071
2572 -34.0142
2573 -33.9479
2574 -32.732
2575 -31.657
2576 -30.9182
2577 -29.9424
2578 -30.3925
2579 -28.4511
2580 -29.5981
2581 -29.1492
2582 -29.6551
2583 -29.0729
2584 -28.6496
2585 -28.2429
2586 -27.7624
2587 -27.4617
2588 -26.3624
2589 -26.1887
2590 -25.4811
2591 -26.0263
2592 -26.9349
2593 -25.585
2594 -25.2741
2595 -26.5681
2596 -26.0076
2597 -26.7135
2598 -24.0616
2599 -24.4874
2600 -24.2726
2601 -24.0879
2602 -23.5215
2603 -23.1069
2604 -24.0795
2605 -23.2908
2606 -23.9738
2607 -23.5324
2608 -23.6776
2609 -21.5776
2610 -22.6516
2611 -21.4849
2612 -22.4211
2613 -21.986
2614 -21.7424
2615 -21.646
2616 -20.253
2617 -20.3781
2618 -20.8187
2619 -18.7381
2620 -18.0713
2621 -17.7403
2622 -17.4589
2623 -17.4412
2624 -16.702
2625 -16.9166
2626 -18.6261
2627 -19.1931
2628 -18.0749
2629 -17.5094
2630 -18.6177
2631 -18.2399
2632 -17.2804
2633 -17.7201
2634 -17.5997
2635 -17.4672
2636 -17.2891
2637 -20.5583
2638 -19.8057
2639 -19.9013
2640 -19.3454
2641 -19.2856
2642 -20.6193
2643 -20.5293
2644 -22.2227
2645 -21.5831
2646 -22.816
2647 -22.4841
2648 -23.9574
2649 -24.3748
2650 -24.9082
2651 -26.838
2652 -26.6888
2653 -25.3299
2654 -27.4268
2655 -27.009
2656 -27.9215
2657 -28.7503
2658 -30.2981
2659 -29.8953
2660 -30.0081
2661 -32.8841
2662 -30.7089
2663 -32.542
2664 -32.4111
2665 -29.9549
2666 -33.1565
2667 -32.3002
2668 -34.5652
2669 -32.2189
2670 -33.615
2671 -34.5467
2672 -32.3017
2673 -33.4437
2674 -34.334
2675 -34.1337
2676 -34.8014
2677 -34.4118
2678 -35.8692
2679 -33.7459
2680 -36.305
2681 -34.9202
2682 -35.7073
2683 -34.8691
2684 -36.384
2685 -35.078
2686 -33.3397
2687 -34.5048
2688 -34.2857
2689 -34.0639
2690 -33.742
2691 -34.524
2692 -34.794
2693 -33.9974
2694 -33.7743
2695 -34.1739
2696 -33.1822
2697 -32.8053
2698 -36.0443
2699 -35.021
2700 -36.8011
2701 -36.0373
2702 -35.8903
2703 -37.2663
2704 -34.9086
2705 -36.8355
2706 -35.9393
2707 -35.2627
2708 -34.7531
2709 -35.4193
2710 -35.9322
2711 -35.2558
2712 -36.4317
2713 -35.4273
2714 -36.0413
2715 -38.9419
2716 -35.9638
2717 -36.0052
2718 -35.5299
2719 -36.5529
2720 -36.0752
2721 -37.0727
2722 -36.6647
2723 -36.5059
2724 -35.8883
2725 -37.8005
2726 -36.8237
2727 -38.2182
2728 -36.4825
2729 -38.8117
2730 -36.6918
2731 -37.7989
2732 -36.1156
2733 -38.3338
2734 -37.8216
2735 -36.073
2736 -35.3603
2737 -35.6661
2738 -35.5867
2739 -35.8237
2740 -35.4843
2741 -34.6595
2742 -35.7733
2743 -34.5707
2744 -35.628
2745 -35.4405
2746 -36.1355
2747 -36.1979
2748 -38.7173
2749 -37.0147
2750 -36.916
2751 -35.4214
2752 -36.8605
2753 -37.6695
2754 -36.653
2755 -36.0449
2756 -37.0689
2757 -36.7284
2758 -35.7987
2759 -37.2413
2760 -36.0966
2761 -35.9386
2762 -37.3853
2763 -37.6084
2764 -36.8246
2765 -37.9762
2766 -35.6384
2767 -37.6263
2768 -35.6201
2769 -38.4979
2770 -37.2935
2771 -36.4792
2772 -37.4084
2773 -37.522
2774 -37.1591
2775 -36.5407
2776 -38.9358
2777 -36.8115
2778 -35.33
2779 -37.5484
2780 -37.0567
2781 -36.0869
2782 -36.6096
2783 -35.8397
2784 -36.846
2785 -36.529
2786 -36.3993
2787 -36.0038
2788 -35.6358
2789 -35.9999
2790 -34.9511
2791 -36.47
2792 -37.1161
2793 -39.0272
2794 -37.4621
2795 -38.2994
2796 -37.2198
2797 -39.4879
2798 -38.1329
2799 -37.3719
2800 -37.2762
2801 -36.9632
2802 -35.5621
2803 -35.754
2804 -38.6472
2805 -35.8644
2806 -37.1948
2807 -37.9685
2808 -37.8085
2809 -38.2085
2810 -38.347
2811 -38.1984
2812 -38.163
2813 -36.9474
2814 -36.4448
2815 -37.7592
2816 -37.4284
2817 -38.2379
2818 -36.9102
2819 -37.6726
2820 -37.9326
2821 -37.6275
2822 -38.9864
2823 -37.0098
2824 -36.1131
2825 -39.965
2826 -36.5983
2827 -37.7933
2828 -35.6334
2829 -36.8152
2830 -36.7424
2831 -37.4312
2832 -37.1961
2833 -38.0905
2834 -36.2364
2835 -37.0448
2836 -36.0775
2837 -37.6924
2838 -37.5879
2839 -37.272
2840 -37.2417
2841 -35.6487
2842 -36.422
2843 -38.3878
2844 -38.3585
2845 -38.2812
2846 -37.6465
2847 -37.8174
2848 -35.8487
2849 -36.2559
2850 -35.5601
2851 -38.1075
2852 -36.0477
2853 -36.7531
2854 -37.2388
2855 -37.4094
2856 -37.8789
2857 -37.6978
2858 -37.6108
2859 -37.8589
2860 -37.7401
2861 -38.305
2862 -38.6867
2863 -38.4136
2864 -38.2556
2865 -37.6522
2866 -38.4841
2867 -39.881
2868 -39.2714
2869 -37.3992
2870 -37.1591
2871 -38.38
2872 -37.2958
2873 -38.5115
2874 -37.8429
2875 -39.9658
2876 -37.4831
2877 -37.8055
2878 -36.6729
2879 -36.4181
2880 -38.1032
2881 -36.5526
2882 -36.0958
2883 -36.3568
2884 -36.3949
2885 -36.4642
2886 -37.8893
2887 -37.5799
2888 -37.1972
2889 -36.326
2890 -37.6458
2891 -37.2301
2892 -37.1056
2893 -37.8726
2894 -36.3866
2895 -37.1071
2896 -37.1529
2897 -36.8243
2898 -37.2645
2899 -36.7506
2900 -37.4599
2901 -38.2538
2902 -37.32
2903 -37.4845
2904 -37.6383
2905 -37.8973
2906 -37.4064
2907 -37.0243
2908 -37.3841
2909 -38.3683
2910 -38.1852
2911 -39.5582
2912 -38.3189
2913 -38.384
2914 -39.1539
2915 -39.1809
2916 -38.5358
2917 -39.0086
2918 -39.361
2919 -37.2615
2920 -39.815
2921 -39.2942
2922 -37.858
2923 -37.325
2924 -37.1523
2925 -37.6242
2926 -38.1028
2927 -37.2599
2928 -35.3874
2929 -36.7455
2930 -36.417
2931 -36.575
2932 -35.4621
2933 -37.1158
2934 -37.0057
2935 -38.3709
2936 -38.2835
2937 -38.5479
2938 -37.9736
2939 -39.0658
2940 -38.642
2941 -37.596
2942 -37.6205
2943 -37.9935
2944 -37.08
2945 -37.4245
2946 -38.0745
2947 -37.9162
2948 -37.5487
2949 -37.7277
2950 -38.4319
2951 -39.5973
2952 -37.6932
2953 -37.6999
2954 -37.1367
2955 -37.1842
2956 -37.7575
2957 -39.6084
2958 -38.1547
2959 -39.2901
2960 -38.6813
2961 -38.1103
2962 -37.832
2963 -38.2075
2964 -38.4923
2965 -38.8255
2966 -38.6544
2967 -38.8061
2968 -37.4643
2969 -37.8845
2970 -38.1122
2971 -36.7606
2972 -39.0652
2973 -37.4607
2974 -37.2085
2975 -39.1832
2976 -37.4827
2977 -37.2585
2978 -37.8205
2979 -39.9522
2980 -37.5981
2981 -37.9606
2982 -41.2422
2983 -38.2255
2984 -38.545
2985 -39.5594
2986 -37.5953
2987 -38.6805
2988 -37.7932
2989 -37.9523
2990 -36.7898
2991 -37.8135
2992 -39.426
2993 -36.8022
2994 -37.4098
2995 -38.542
2996 -38.9015
2997 -39.662
2998 -39.1081
2999 -39.1807
3000 -38.897
3001 -38.4813
3002 -38.4174
3003 -37.4745
3004 -38.8068
3005 -38.2344
3006 -40.0936
3007 -40.4532
3008 -38.8797
3009 -38.4048
3010 -38.9243
3011 -38.2998
3012 -37.3735
3013 -37.0289
3014 -40.4686
3015 -38.0869
3016 -38.0203
3017 -39.7678
3018 -39.877
3019 -37.5572
3020 -36.5127
3021 -37.5837
3022 -37.9896
3023 -37.4491
3024 -36.673
3025 -37.3222
3026 -38.8295
3027 -38.6798
3028 -38.0923
3029 -39.0498
3030 -38.8726
3031 -38.3
3032 -37.9435
3033 -39.6266
3034 -39.0811
3035 -40.1504
3036 -38.6277
3037 -38.1641
3038 -37.8159
3039 -36.8708
3040 -38.7157
3041 -39.3452
3042 -38.4138
3043 -37.8452
3044 -39.7493
3045 -38.4315
3046 -38.9219
3047 -38.8169
3048 -38.7332
3049 -38.9783
3050 -37.0456
3051 -39.553
3052 -40.0663
3053 -38.3805
3054 -40.2341
3055 -40.7154
3056 -40.3453
3057 -38.9832
3058 -40.8311
3059 -38.1656
3060 -40.2789
3061 -42.4688
3062 -40.5962
3063 -40.8068
3064 -40.9516
3065 -41.0429
3066 -40.0628
3067 -40.4058
3068 -40.2947
3069 -41.1284
3070 -43.2687
3071 -42.4361
3072 -44.5753
3073 -44.3705
3074 -43.0101
3075 -46.4537
3076 -45.7166
3077 -46.2397
3078 -46.6159
3079 -46.9141
3080 -47.8909
3081 -47.9461
3082 -48.001
3083 -49.251
3084 -51.1382
3085 -50.6685
3086 -50.1854
3087 -51.1251
3088 -51.2993
3089 -54.2956
3090 -54.6737
3091 -54.0338
3092 -54.9108
3093 -53.7397
3094 -54.3211
3095 -55.5999
3096 -55.0523
3097 -53.8717
3098 -55.6045
3099 -55.8628
3100 -55.3735
3101 -55.0633
3102 -54.3692
3103 -55.0482
3104 -54.667
3105 -55.8201
3106 -55.764
3107 -57.2005
3108 -55.3404
3109 -54.1373
3110 -53.8328
3111 -54.711
3112 -54.3627
3113 -53.2536
3114 -52.0729
3115 -52.8647
3116 -52.315
3117 -52.0581
3118 -52.6657
3119 -52.7765
3120 -50.6452
3121 -50.7826
3122 -49.5595
3123 -50.6036
3124 -47.6078
3125 -48.1809
3126 -47.552
3127 -47.0721
3128 -47.9308
3129 -46.8874
3130 -46.8773
3131 -46.509
3132 -47.3076
3133 -46.7122
3134 -45.3357
3135 -45.7638
3136 -44.8522
3137 -44.0335
3138 -43.6423
3139 -43.8348
3140 -43.7435
3141 -44.4358
3142 -45.0181
3143 -44.098
3144 -43.1654
3145 -42.9037
3146 -44.5211
3147 -42.5546
3148 -42.4851
3149 -42.0619
3150 -41.5549
3151 -43.7393
3152 -43.2557
3153 -42.8718
3154 -43.4258
3155 -42.1531
3156 -42.5828
3157 -41.5303
3158 -41.6699
3159 -42.6195
3160 -41.9428
3161 -41.2255
3162 -41.7214
3163 -42.4533
3164 -43.1992
3165 -42.5435
3166 -42.205
3167 -42.5132
3168 -41.5091
3169 -42.2545
3170 -40.4072
3171 -41.9438
3172 -42.4133
3173 -42.2441
3174 -42.2945
3175 -42.2861
3176 -40.7183
3177 -41.4749
3178 -43.1181
3179 -42.2633
3180 -41.5198
3181 -39.8013
3182 -41.7227
3183 -40.2579
3184 -40.8153
3185 -41.3551
3186 -40.6843
3187 -41.0311
3188 -42.7353
3189 -40.6714
3190 -42.3065
3191 -41.1846
3192 -41.8658
3193 -41.5872
3194 -41.4047
3195 -40.138
3196 -41.8159
3197 -41.9987
3198 -41.8823
3199 -42.7205
3200 -42.3531
3201 -42.6057
3202 -41.7858
3203 -41.1119
3204 -41.9317
3205 -41.2778
3206 -41.2653
3207 -39.6277
3208 -40.5315
3209 -41.5648
3210 -42.1354
3211 -41.6044
3212 -41.3354
3213 -40.384
3214 -40.7067
3215 -42.1434
3216 -41.9835
3217 -43.5944
3218 -41.1521
3219 -41.2798
3220 -41.3958
3221 -40.9155
3222 -41.4327
3223 -40.9544
3224 -39.8218
3225 -40.0155
3226 -41.6446
3227 -41.3316
3228 -40.6708
3229 -41.6629
3230 -42.3654
3231 -42.2098
3232 -41.7369
3233 -41.4845
3234 -40.6527
3235 -40.83
3236 -40.9852
3237 -41.7311
3238 -40.3977
3239 -40.9601
3240 -40.812
3241 -40.191
3242 -42.1149
3243 -41.0685
3244 -42.187
3245 -41.926
3246 -40.763
3247 -40.8953
3248 -43.0025
3249 -41.8094
3250 -42.9899
3251 -41.4486
3252 -41.7519
3253 -41.1733
3254 -41.8379
3255 -41.8591
3256 -40.5063
3257 -41.4484
3258 -41.0712
3259 -42.7497
3260 -42.1749
3261 -42.1724
3262 -42.3006
3263 -40.8397
3264 -41.037
3265 -41.9328
3266 -40.652
3267 -41.8587
3268 -40.2798
3269 -42.2514
3270 -41.5753
3271 -41.9539
3272 -41.9525
3273 -41.2662
3274 -42.2912
3275 -40.8022
3276 -42.0435
3277 -40.4472
3278 -42.4429
3279 -40.9971
3280 -43.0431
3281 -41.7766
3282 -41.4422
3283 -42.7724
3284 -41.6131
3285 -41.481
3286 -42.152
3287 -42.4286
3288 -42.1417
3289 -40.9576
3290 -41.5095
3291 -41.8388
3292 -42.08
3293 -40.5676
3294 -41.9222
3295 -42.8581
3296 -41.5496
3297 -40.9123
3298 -41.305
3299 -41.2649
3300 -41.9644
3301 -41.2671
3302 -41.6046
3303 -41.5662
3304 -41.075
3305 -41.9279
3306 -41.1577
3307 -43.5765
3308 -42.0653
3309 -41.9382
3310 -42.6319
3311 -43.8251
3312 -41.482
3313 -42.5017
3314 -42.8977
3315 -42.0628
3316 -42.4765
3317 -43.1959
3318 -41.955
3319 -42.3383
3320 -42.6263
3321 -42.0798
3322 -42.241
3323 -41.7893
3324 -42.7936
3325 -42.0303
3326 -41.8142
3327 -42.399
3328 -43.4892
3329 -42.9176
3330 -41.1774
3331 -41.5408
3332 -42.6542
3333 -42.2115
3334 -42.21
3335 -42.459
3336 -41.1862
3337 -42.1045
3338 -40.5725
3339 -41.6818
3340 -42.2456
3341 -41.7051
3342 -41.154
3343 -40.5398
3344 -42.5107
3345 -42.2014
3346 -42.5475
3347 -40.829
3348 -42.2811
3349 -42.0376
3350 -41.9501
3351 -41.0682
3352 -42.0701
3353 -40.8236
3354 -41.7655
3355 -40.5015
3356 -40.5749
3357 -41.9695
3358 -41.3019
3359 -41.5476
3360 -42.5157
3361 -40.8192
3362 -41.1057
3363 -42.512
3364 -41.0293
3365 -41.4375
3366 -43.0907
3367 -42.7549
3368 -42.2467
3369 -42.0093
3370 -41.6709
3371 -40.011
3372 -40.4327
3373 -41.1731
3374 -41.317
3375 -41.5956
3376 -42.8799
3377 -42.28
3378 -39.5611
3379 -41.3807
3380 -42.3335
3381 -42.3147
3382 -40.8246
3383 -42.2368
3384 -40.0595
3385 -42.1216
3386 -41.3647
3387 -41.4959
3388 -41.8917
3389 -41.2933
3390 -41.82
3391 -41.0796
3392 -40.9917
3393 -41.5353
3394 -40.9596
3395 -41.3268
3396 -43.4115
3397 -41.8694
3398 -41.3591
3399 -42.6869
