0 -141.939
1 -144.161
2 -143.399
3 -143.644
4 -144.007
5 -142.751
6 -143.545
7 -142.751
8 -142.898
9 -143.124
10 -143.922
11 -145.261
12 -143.635
13 -144.086
14 -144.083
15 -144.48
16 -142.644
17 -145.797
18 -144.327
19 -143.793
20 -143.723
21 -143.793
22 -143.372
23 -142.061
24 -144.763
25 -145.194
26 -145.34
27 -145.549
28 -145.369
29 -145.637
30 -146.907
31 -148.031
32 -147.74
33 -148.624
34 -149.43
35 -150.654
36 -151.334
37 -152.523
38 -153.135
39 -152.248
40 -153.808
41 -154.393
42 -157.133
43 -156.031
44 -158.392
45 -159.2
46 -159.376
47 -159.372
48 -159.835
49 -162.19
50 -163.533
51 -162.567
52 -164.549
53 -165.109
54 -166.207
55 -166.813
56 -165.476
57 -166.727
58 -166.269
59 -165.909
60 -166.648
61 -165.644
62 -165.973
63 -164.385
64 -164.91
65 -162.77
66 -162.873
67 -162.056
68 -161.976
69 -160.464
70 -161.243
71 -161.134
72 -161.632
73 -160.427
74 -158.73
75 -158.915
76 -158.532
77 -157.197
78 -157.464
79 -154.029
80 -156.011
81 -154.937
82 -155.695
83 -153.814
84 -152.655
85 -154.16
86 -153.786
87 -152.528
88 -153.781
89 -153.19
90 -151.06
91 -151.69
92 -150.814
93 -153.09
94 -152.4
95 -152.639
96 -153.14
97 -152.081
98 -151.624
99 -153.211
100 -151.871
101 -152.052
102 -153.461
103 -151.771
104 -152.377
105 -152.258
106 -152.234
107 -151.72
108 -151.139
109 -149.503
110 -151.681
111 -151.468
112 -151.098
113 -150.01
114 -151.418
115 -152.748
116 -152.203
117 -151.321
118 -151.232
119 -151.056
120 -150.142
121 -150.654
122 -150.126
123 -149.685
124 -149.176
125 -150.002
126 -150.326
127 -150.047
128 -149.061
129 -151.288
130 -150.896
131 -150.115
132 -150.908
133 -150.881
134 -151.5
135 -151.503
136 -151.452
137 -150.491
138 -152.672
139 -150.984
140 -152.173
141 -150.196
142 -149.457
143 -150.801
144 -148.656
145 -148.817
146 -149.86
147 -149.934
148 -151.178
149 -150.903
150 -150.758
151 -149.986
152 -149.219
153 -148.993
154 -151.703
155 -148.192
156 -149.176
157 -149.539
158 -148.145
159 -149.343
160 -149.821
161 -147.787
162 -148.542
163 -149.138
164 -148.898
165 -150.204
166 -149.905
167 -150.415
168 -150.496
169 -150.304
170 -150.171
171 -150.576
172 -151.506
173 -151.334
174 -151.112
175 -148.832
176 -149.291
177 -148.814
178 -148.232
179 -147.613
180 -149.529
181 -149.453
182 -149.152
183 -149.124
184 -149.216
185 -149.557
186 -150.022
187 -149.515
188 -149.66
189 -149.315
190 -149.451
191 -149.393
192 -148.799
193 -148.239
194 -147.732
195 -147.048
196 -148.708
197 -147.266
198 -146.531
199 -147.792
200 -148.828
201 -149.005
202 -149.56
203 -149.797
204 -149.464
205 -149.934
206 -149.499
207 -149.864
208 -150.29
209 -150.711
210 -150.406
211 -150.644
212 -150.239
213 -148.447
214 -147.221
215 -150.311
216 -146.058
217 -148.222
218 -147.729
219 -146.999
220 -150.014
221 -148.603
222 -148.298
223 -148.946
224 -148.063
225 -147.582
226 -148.462
227 -147.441
228 -148.232
229 -148.991
230 -148.085
231 -147.107
232 -148.53
233 -146.611
234 -147.82
235 -148.468
236 -148.843
237 -149.918
238 -148.658
239 -150.402
240 -148.429
241 -148.688
242 -148.384
243 -149.29
244 -149.109
245 -149.302
246 -149.584
247 -148.291
248 -147.734
249 -147.567
250 -148.045
251 -147.54
252 -147.262
253 -148.549
254 -148.276
255 -148.608
256 -146.554
257 -147.229
258 -148.622
259 -146.955
260 -149.075
261 -148.227
262 -147.918
263 -146.335
264 -147.871
265 -147.024
266 -146.509
267 -146.097
268 -147.759
269 -148.32
270 -148.064
271 -148.588
272 -149.219
273 -150.129
274 -151.16
275 -149.034
276 -148.086
277 -149.139
278 -149.476
279 -147.613
280 -150.44
281 -148.81
282 -148.384
283 -148.193
284 -146.617
285 -147.155
286 -146.956
287 -147.688
288 -148.448
289 -147.515
290 -148.122
291 -147.498
292 -149.296
293 -147.703
294 -147.148
295 -147.982
296 -147.754
297 -147.409
298 -147.443
299 -148.024
300 -145.322
301 -147.097
302 -147.164
303 -146.305
304 -147.054
305 -147.134
306 -147.49
307 -147.428
308 -149.115
309 -147.556
310 -147.592
311 -147.351
312 -148.864
313 -147.672
314 -147.227
315 -147.782
316 -147.029
317 -147.918
318 -147.806
319 -147.887
320 -148.672
321 -148.495
322 -147.282
323 -148.395
324 -145.105
325 -147.602
326 -147.974
327 -147.988
328 -147.218
329 -146.804
330 -146.033
331 -146.126
332 -146.876
333 -146.705
334 -147.524
335 -146.288
336 -146.226
337 -147.161
338 -146.403
339 -147.832
340 -146.902
341 -147.841
342 -146.789
343 -147.521
344 -147.826
345 -147.861
346 -147.758
347 -148.772
348 -149.575
349 -146.773
350 -146.66
351 -148.644
352 -146.656
353 -147.03
354 -146.937
355 -146.269
356 -145.63
357 -145.078
358 -145.671
359 -146.191
360 -146.352
361 -147.732
362 -146.255
363 -146.331
364 -145.996
365 -147.063
366 -146.106
367 -145.656
368 -145.709
369 -146.792
370 -146.258
371 -146.498
372 -143.757
373 -144.747
374 -146.963
375 -146.118
376 -146.285
377 -147.312
378 -146.494
379 -147.415
380 -146.646
381 -147.612
382 -147.765
383 -146.61
384 -147.311
385 -146.318
386 -149.248
387 -148.22
388 -147.03
389 -146.235
390 -145.506
391 -145.407
392 -145.372
393 -145.483
394 -145.836
395 -145.9
396 -146.705
397 -146.654
398 -146.241
399 -144.726
400 -144.707
401 -146.123
402 -146.276
403 -145.555
404 -145.337
405 -146.829
406 -144.875
407 -144.882
408 -144.21
409 -143.632
410 -145.964
411 -146.787
412 -145.875
413 -146.2
414 -147.846
415 -146.233
416 -147.284
417 -146.284
418 -145.891
419 -147.111
420 -146.799
421 -148.03
422 -145.599
423 -146.882
424 -147.166
425 -145.694
426 -145.412
427 -143.338
428 -145.314
429 -145.182
430 -147.078
431 -146.159
432 -146.538
433 -145.164
434 -145.961
435 -145.329
436 -143.549
437 -143.576
438 -144.83
439 -144.233
440 -144.407
441 -144.959
442 -144.449
443 -144.106
444 -145.182
445 -145.999
446 -145.288
447 -146.501
448 -145.768
449 -146.049
450 -145.087
451 -146.183
452 -146.282
453 -146.225
454 -144.15
455 -147.232
456 -146.639
457 -143.778
458 -144.319
459 -144.091
460 -144.672
461 -143.801
462 -145.178
463 -145.084
464 -145.21
465 -145.125
466 -145.433
467 -143.718
468 -143.315
469 -144.429
470 -145.034
471 -144.112
472 -144.702
473 -144.566
474 -145.242
475 -142.507
476 -143.007
477 -144.493
478 -143.303
479 -142.915
480 -143.417
481 -144.384
482 -143.789
483 -144.288
484 -144.793
485 -145.001
486 -144.455
487 -144.453
488 -145.966
489 -145.528
490 -145.662
491 -144.235
492 -146.915
493 -144.268
494 -143.356
495 -144.182
496 -144.145
497 -143.388
498 -144.712
499 -143.83
500 -143.779
501 -144.835
502 -146.047
503 -143.891
504 -143.593
505 -142.878
506 -143.507
507 -143.442
508 -143.689
509 -143.046
510 -144.175
511 -143.333
512 -145.345
513 -143.789
514 -141.998
515 -143.588
516 -144.018
517 -143.928
518 -145.379
519 -144.311
520 -144.397
521 -144.642
522 -144.333
523 -145.856
524 -144.227
525 -144.101
526 -144.471
527 -144.575
528 -144.315
529 -144.74
530 -143.04
531 -143.479
532 -144.255
533 -143.535
534 -144.142
535 -143.751
536 -141.331
537 -143.858
538 -142.871
539 -143.249
540 -142.122
541 -143.031
542 -142.447
543 -144.281
544 -143.231
545 -143.209
546 -143.082
547 -142.032
548 -142.262
549 -141.624
550 -140.472
551 -143.027
552 -144.288
553 -143.839
554 -144.033
555 -143.921
556 -143.042
557 -143.384
558 -142.416
559 -144.11
560 -142.739
561 -144.107
562 -145.286
563 -143.129
564 -143.055
565 -142.885
566 -141.285
567 -142.409
568 -141.695
569 -143.578
570 -142.838
571 -143.181
572 -144.381
573 -142.251
574 -142.281
575 -142.674
576 -143.776
577 -142.898
578 -142.176
579 -141.977
580 -142.093
581 -142.443
582 -142.963
583 -141.532
584 -139.9
585 -141.543
586 -141.277
587 -143.394
588 -143.025
589 -143.384
590 -142.114
591 -142.901
592 -141.401
593 -142.538
594 -143.596
595 -143.564
596 -142.715
597 -143.94
598 -143.403
599 -142.469
600 -141.084
601 -141.261
602 -141.887
603 -139.513
604 -142.814
605 -142.22
606 -141.835
607 -140.841
608 -141.727
609 -141.411
610 -141.467
611 -140.173
612 -140.448
613 -141.427
614 -140.167
615 -140.347
616 -139.552
617 -141.037
618 -141.108
619 -140.736
620 -141.016
621 -140.779
622 -141.467
623 -141.435
624 -142.792
625 -141.85
626 -142.357
627 -139.761
628 -142.937
629 -141.802
630 -141.926
631 -141.465
632 -142.979
633 -141.683
634 -140.857
635 -141.891
636 -140.037
637 -140.298
638 -138.735
639 -141.291
640 -141.54
641 -140.509
642 -140.878
643 -140.262
644 -141.242
645 -139.834
646 -139.475
647 -139.501
648 -139.67
649 -140.269
650 -140.169
651 -140.195
652 -139.641
653 -138.844
654 -139.379
655 -139.389
656 -138.427
657 -139.186
658 -140.259
659 -141.141
660 -141.082
661 -141.884
662 -142.764
663 -139.796
664 -141.371
665 -140.961
666 -141.445
667 -141.016
668 -141.486
669 -140.2
670 -139.357
671 -140.392
672 -138.99
673 -138.508
674 -139.19
675 -139.585
676 -139.314
677 -139.542
678 -140.46
679 -139.471
680 -140.856
681 -139.568
682 -139.126
683 -139.241
684 -139.74
685 -139.387
686 -138.828
687 -138.55
688 -137.986
689 -139.251
690 -139.054
691 -138.982
692 -140.291
693 -140.534
694 -139.786
695 -140.888
696 -140.962
697 -139.805
698 -139.961
699 -139.133
700 -141.006
701 -139.435
702 -139.778
703 -140.45
704 -138.866
705 -139.173
706 -137.943
707 -138.853
708 -137.867
709 -138.562
710 -139.412
711 -139.493
712 -138.851
713 -139.253
714 -140.066
715 -138.557
716 -137.945
717 -137.156
718 -138.118
719 -137.681
720 -138.963
721 -139.02
722 -136.857
723 -137.3
724 -137.561
725 -138.995
726 -138.579
727 -137.131
728 -139.261
729 -138.683
730 -138.48
731 -139.38
732 -138.772
733 -138.2
734 -139.048
735 -138.646
736 -138.979
737 -139.15
738 -140.213
739 -138.963
740 -137.826
741 -137.586
742 -137.628
743 -137.246
744 -138.941
745 -139.569
746 -139.442
747 -138.754
748 -138.324
749 -136.51
750 -137.769
751 -139.763
752 -136.395
753 -136.141
754 -138.094
755 -135.887
756 -137.673
757 -137.054
758 -136.442
759 -136.03
760 -135.581
761 -136.678
762 -136.725
763 -138.103
764 -138.83
765 -136.342
766 -138.5
767 -138.473
768 -137.209
769 -138.061
770 -138.396
771 -137.591
772 -138.454
773 -139.034
774 -137.576
775 -135.374
776 -136.38
777 -135.859
778 -136.277
779 -135.744
780 -136.57
781 -137.889
782 -137.048
783 -135.934
784 -137.459
785 -135.998
786 -135.565
787 -137.463
788 -135.133
789 -136.877
790 -135.87
791 -136.604
792 -137.065
793 -135.538
794 -135.572
795 -133.731
796 -135.172
797 -134.958
798 -136.997
799 -136.925
800 -137.285
801 -136.79
802 -136.511
803 -138.68
804 -136.617
805 -137.424
806 -136.873
807 -136.877
808 -137.188
809 -137.423
810 -136.529
811 -135.277
812 -136.595
813 -137.023
814 -135.515
815 -135.717
816 -137.314
817 -136.355
818 -136.744
819 -134.96
820 -136.084
821 -136.496
822 -136.067
823 -133.853
824 -136.262
825 -134.789
826 -135.464
827 -134.356
828 -132.06
829 -134.904
830 -132.051
831 -133.173
832 -133.003
833 -131.732
834 -131.745
835 -131.319
836 -131.175
837 -131.131
838 -129.804
839 -129.14
840 -126.401
841 -126.406
842 -125.824
843 -128.238
844 -125.075
845 -124.561
846 -124.864
847 -121.951
848 -120.574
849 -121.224
850 -120.95
851 -119.748
852 -120.621
853 -120.76
854 -120.821
855 -120.002
856 -120.876
857 -119.355
858 -121.605
859 -120.183
860 -119.96
861 -121.203
862 -120.28
863 -120.919
864 -120.911
865 -120.78
866 -120.174
867 -121.783
868 -122.253
869 -122.841
870 -123.723
871 -123.364
872 -125.247
873 -124.008
874 -125.832
875 -125.39
876 -126.604
877 -127.153
878 -127.493
879 -127.536
880 -127.988
881 -129.429
882 -127.905
883 -128.898
884 -128.389
885 -129.719
886 -129.779
887 -130.766
888 -129.28
889 -130.832
890 -130.347
891 -127.907
892 -131.649
893 -128.747
894 -131.17
895 -130.669
896 -130.238
897 -130.337
898 -131.226
899 -129.529
900 -129.791
901 -130.822
902 -129.593
903 -130.861
904 -131.082
905 -131.552
906 -131.594
907 -129.527
908 -130.926
909 -131.234
910 -131.913
911 -131.189
912 -132.407
913 -131.634
914 -130.714
915 -131.175
916 -131.671
917 -132.31
918 -129.934
919 -130.513
920 -131.226
921 -132.403
922 -131.718
923 -132.136
924 -131.261
925 -130.671
926 -132.739
927 -132.692
928 -131.462
929 -131.129
930 -131.632
931 -130.794
932 -130.276
933 -131.245
934 -131.258
935 -131.699
936 -129.998
937 -130.033
938 -130.021
939 -129.629
940 -128.518
941 -129.92
942 -128.236
943 -126.563
944 -124.878
945 -125.199
946 -123.283
947 -123.961
948 -121.957
949 -122.129
950 -122.607
951 -120.947
952 -120.77
953 -119.39
954 -118.299
955 -118.241
956 -115.988
957 -116.576
958 -116.488
959 -114.704
960 -114.022
961 -112.802
962 -112.508
963 -112.087
964 -111.716
965 -110.757
966 -110.849
967 -112.655
968 -110.544
969 -111.027
970 -111.481
971 -112.55
972 -113.738
973 -112.976
974 -113.724
975 -112.647
976 -114.873
977 -114.686
978 -115.583
979 -116.13
980 -114.754
981 -115.259
982 -116.403
983 -112.948
984 -117.575
985 -118.044
986 -119.541
987 -119.257
988 -121.814
989 -121.623
990 -121.907
991 -120.841
992 -122.483
993 -121.867
994 -122.721
995 -122.362
996 -123.034
997 -124.948
998 -123.32
999 -123.076
1000 -123.19
1001 -123.538
1002 -122.062
1003 -120.752
1004 -123.497
1005 -123.427
1006 -125.429
1007 -125.204
1008 -125.771
1009 -125.528
1010 -125.885
1011 -125.196
1012 -126.024
1013 -124.781
1014 -125.922
1015 -125.165
1016 -124.632
1017 -127.084
1018 -125.6
1019 -126.752
1020 -127.212
1021 -127.213
1022 -125.525
1023 -128.117
1024 -124.903
1025 -127.964
1026 -128.267
1027 -127.647
1028 -125.931
1029 -126.598
1030 -127.621
1031 -126.742
1032 -125.853
1033 -126.337
1034 -127.124
1035 -127.017
1036 -128.002
1037 -127.058
1038 -125.392
1039 -125.193
1040 -126.21
1041 -125.321
1042 -125.305
1043 -126.09
1044 -126.34
1045 -125.864
1046 -126.241
1047 -127.575
1048 -126.433
1049 -127.791
1050 -125.249
1051 -127.406
1052 -127.294
1053 -128.184
1054 -127.637
1055 -126.138
1056 -127.665
1057 -127.955
1058 -126.321
1059 -126.106
1060 -128.061
1061 -127.695
1062 -126.94
1063 -128.132
1064 -127.69
1065 -128.045
1066 -128.048
1067 -127.048
1068 -128.947
1069 -128.572
1070 -126.439
1071 -126.954
1072 -126.339
1073 -127.388
1074 -126.512
1075 -124.589
1076 -126.731
1077 -125.951
1078 -126.924
1079 -127.365
1080 -127.253
1081 -127.538
1082 -127.071
1083 -127.942
1084 -127.448
1085 -128.613
1086 -127.661
1087 -128.361
1088 -128.591
1089 -129.043
1090 -128.201
1091 -128.775
1092 -127.76
1093 -127.455
1094 -128.799
1095 -128.918
1096 -128.339
1097 -130.012
1098 -128.391
1099 -129.062
1100 -128.358
1101 -129.206
1102 -129.073
1103 -127.886
1104 -128.561
1105 -129.637
1106 -127.435
1107 -127.102
1108 -126.823
1109 -127.294
1110 -126.067
1111 -126.737
1112 -126.495
1113 -129.101
1114 -126.423
1115 -129.296
1116 -127.854
1117 -127.374
1118 -127.584
1119 -128.12
1120 -127.591
1121 -128.485
1122 -129.413
1123 -129.001
1124 -130.766
1125 -128.694
1126 -127.196
1127 -129.319
1128 -128.664
1129 -128.92
1130 -130.508
1131 -129.335
1132 -130.358
1133 -130.531
1134 -131.492
1135 -129.438
1136 -129.811
1137 -128.841
1138 -129.376
1139 -131.012
1140 -129.594
1141 -129.042
1142 -127.826
1143 -127.894
1144 -128.005
1145 -128.418
1146 -128.304
1147 -129.638
1148 -128.846
1149 -129.027
1150 -128.995
1151 -129.503
1152 -128.96
1153 -130.318
1154 -129.044
1155 -128.355
1156 -129.611
1157 -130.645
1158 -130.066
1159 -131.708
1160 -130.171
1161 -130.98
1162 -130.393
1163 -129.736
1164 -129.766
1165 -129.917
1166 -130.399
1167 -129.609
1168 -129.471
1169 -129.862
1170 -132.068
1171 -130.57
1172 -129.774
1173 -128.897
1174 -130.18
1175 -129.725
1176 -129.105
1177 -130.11
1178 -129.581
1179 -128.049
1180 -127.858
1181 -128.532
1182 -127.882
1183 -129.262
1184 -129.772
1185 -131.818
1186 -129.713
1187 -128.781
1188 -129.755
1189 -131.058
1190 -129.4
1191 -130.459
1192 -131.156
1193 -131.084
1194 -129.675
1195 -131.217
1196 -130.892
1197 -129.809
1198 -128.473
1199 -131.519
1200 -130.041
1201 -129.682
1202 -130.166
1203 -131.109
1204 -131.765
1205 -129.326
1206 -131.35
1207 -130.272
1208 -131.75
1209 -130.761
1210 -131.395
1211 -130.477
1212 -129.254
1213 -129.997
1214 -130.175
1215 -128.457
1216 -131.473
1217 -128.949
1218 -130.055
1219 -131.34
1220 -131.438
1221 -131.744
1222 -129.312
1223 -130.46
1224 -131.333
1225 -131.619
1226 -132.018
1227 -131.813
1228 -130.176
1229 -131.32
1230 -130.981
1231 -130.744
1232 -129.743
1233 -130.995
1234 -131.565
1235 -131.062
1236 -131.97
1237 -132.095
1238 -131.718
1239 -130.311
1240 -131.399
1241 -131.556
1242 -132.029
1243 -132.276
1244 -133.041
1245 -131.533
1246 -131.469
1247 -132.354
1248 -129.81
1249 -130.193
1250 -130.955
1251 -130.611
1252 -131.114
1253 -131.767
1254 -132.246
1255 -131.776
1256 -131.403
1257 -131.29
1258 -130.32
1259 -131.601
1260 -131.877
1261 -131.968
1262 -133.267
1263 -134.789
1264 -132.176
1265 -132.738
1266 -131.44
1267 -131.394
1268 -132.079
1269 -134.378
1270 -133.176
1271 -132.894
1272 -131.953
1273 -132.64
1274 -133.669
1275 -132.887
1276 -132.583
1277 -132.593
1278 -133.119
1279 -133.183
1280 -131.929
1281 -132.126
1282 -132.293
1283 -130.935
1284 -130.735
1285 -131.757
1286 -131.822
1287 -131.539
1288 -130.875
1289 -133.017
1290 -133.226
1291 -133.321
1292 -134.859
1293 -133.853
1294 -133.495
1295 -136.493
1296 -136.326
1297 -135.797
1298 -137.159
1299 -138.938
1300 -139.027
1301 -140.593
1302 -139.756
1303 -140.619
1304 -142.188
1305 -140.392
1306 -142.371
1307 -143.163
1308 -142.89
1309 -144.549
1310 -145.511
1311 -147.086
1312 -147.46
1313 -148.71
1314 -148.334
1315 -149.188
1316 -147.37
1317 -148.258
1318 -148.608
1319 -148.842
1320 -148.698
1321 -149.076
1322 -149.139
1323 -148.209
1324 -148.668
1325 -148.628
1326 -147.044
1327 -148.133
1328 -147.282
1329 -146.228
1330 -146.487
1331 -147.109
1332 -145.092
1333 -142.737
1334 -143.783
1335 -143.248
1336 -142.84
1337 -142.642
1338 -141.648
1339 -140.4
1340 -138.441
1341 -139.96
1342 -139.503
1343 -138.068
1344 -138.817
1345 -137.326
1346 -137.687
1347 -139.204
1348 -139.198
1349 -137.321
1350 -137.802
1351 -137.197
1352 -136.832
1353 -136.751
1354 -137.274
1355 -136.837
1356 -136.905
1357 -135.577
1358 -135.753
1359 -134.213
1360 -134.952
1361 -134.979
1362 -134.134
1363 -136.017
1364 -135.682
1365 -135.331
1366 -135.348
1367 -134.11
1368 -134.1
1369 -134.086
1370 -135.42
1371 -134.769
1372 -134.204
1373 -133.678
1374 -133.87
1375 -132.072
1376 -133.605
1377 -133.926
1378 -134.38
1379 -135.276
1380 -134.266
1381 -133
1382 -134.473
1383 -133.705
1384 -134.858
1385 -133.601
1386 -134.349
1387 -134.164
1388 -134.817
1389 -134.939
1390 -133.87
1391 -134.955
1392 -133.708
1393 -132.304
1394 -134.213
1395 -135.967
1396 -134.217
1397 -133.87
1398 -133.234
1399 -133.54
1400 -135.226
1401 -135.924
1402 -135.894
1403 -135.356
1404 -137.431
1405 -137.34
1406 -138.769
1407 -140.119
1408 -139.934
1409 -141.1
1410 -142.403
1411 -139.8
1412 -140.991
1413 -142.304
1414 -144.375
1415 -145.541
1416 -147.675
1417 -147.041
1418 -147.06
1419 -148.524
1420 -147.264
1421 -149.774
1422 -150.778
1423 -151.547
1424 -152.626
1425 -152.174
1426 -153.302
1427 -154.855
1428 -155.191
1429 -154.767
1430 -155.799
1431 -156.813
1432 -157.232
1433 -157.426
1434 -157.015
1435 -155.003
1436 -154.54
1437 -158.23
1438 -155.201
1439 -153.799
1440 -154.942
1441 -154.399
1442 -154.5
1443 -154.799
1444 -151.772
1445 -152.229
1446 -151.313
1447 -150.63
1448 -150.429
1449 -150.476
1450 -148.858
1451 -150.251
1452 -147.744
1453 -146.805
1454 -146.877
1455 -145.908
1456 -146.719
1457 -145.878
1458 -146.47
1459 -144.569
1460 -143.917
1461 -142.286
1462 -142.83
1463 -142.018
1464 -144.138
1465 -142.616
1466 -142.553
1467 -142.25
1468 -142.082
1469 -143.171
1470 -141.983
1471 -141.101
1472 -141.587
1473 -140.664
1474 -142.329
1475 -141.322
1476 -141.668
1477 -141.466
1478 -141.75
1479 -141.159
1480 -140.941
1481 -142.873
1482 -140.93
1483 -143.299
1484 -142.77
1485 -140.613
1486 -143.388
1487 -141.568
1488 -142.65
1489 -142.727
1490 -140.776
1491 -142.416
1492 -142.687
1493 -140.641
1494 -140.89
1495 -140.802
1496 -140.784
1497 -139.62
1498 -139.666
1499 -141.151
1500 -140.473
1501 -139.842
1502 -139.553
1503 -139.221
1504 -140.027
1505 -141.5
1506 -140.145
1507 -140.595
1508 -139.898
1509 -141.184
1510 -139.539
1511 -140.428
1512 -140.348
1513 -140.003
1514 -140.245
1515 -140.722
1516 -140.449
1517 -141.369
1518 -142.049
1519 -140.933
1520 -141.562
1521 -141.355
1522 -138.031
1523 -139.975
1524 -140.831
1525 -140.766
1526 -140.877
1527 -140.239
1528 -140.944
1529 -139.528
1530 -139.711
1531 -140.041
1532 -138.598
1533 -139.551
1534 -139.805
1535 -138.923
1536 -139.799
1537 -138.901
1538 -139.323
1539 -139.337
1540 -138.946
1541 -137.952
1542 -137.828
1543 -137.848
1544 -137.33
1545 -137.936
1546 -139.218
1547 -138.664
1548 -137.946
1549 -136.807
1550 -139.789
1551 -140.232
1552 -140.189
1553 -141.53
1554 -140.532
1555 -140.632
1556 -140.657
1557 -140.533
1558 -140.784
1559 -139.97
1560 -140.47
1561 -139.141
1562 -139.692
1563 -139.405
1564 -138.369
1565 -138.665
1566 -137.232
1567 -138.38
1568 -138.453
1569 -139.557
1570 -140.338
1571 -139.049
1572 -138.29
1573 -140.261
1574 -138.963
1575 -137.125
1576 -136.639
1577 -138.34
1578 -137.583
1579 -137.168
1580 -138.025
1581 -137.328
1582 -137.346
1583 -137.819
1584 -138.13
1585 -137.549
1586 -138.134
1587 -139.712
1588 -138.623
1589 -139.331
1590 -139.467
1591 -140.06
1592 -137.884
1593 -138.776
1594 -138.232
1595 -138.574
1596 -139.361
1597 -138.165
1598 -137.241
1599 -137.543
1600 -137.04
1601 -137.415
1602 -137.837
1603 -135.763
1604 -138.792
1605 -139.403
1606 -137.025
1607 -136.44
1608 -138.271
1609 -137.602
1610 -138.005
1611 -135.304
1612 -137.452
1613 -138.219
1614 -138.444
1615 -135.912
1616 -136.839
1617 -137.271
1618 -138.048
1619 -136.472
1620 -137.947
1621 -136.937
1622 -138.133
1623 -137.431
1624 -136.901
1625 -138.627
1626 -137.757
1627 -137.647
1628 -136.517
1629 -137.78
1630 -138.805
1631 -138.953
1632 -136.736
1633 -137.22
1634 -136.565
1635 -136.48
1636 -135.477
1637 -136.195
1638 -136.474
1639 -135.26
1640 -137.342
1641 -135.936
1642 -137.618
1643 -136.824
1644 -138.258
1645 -135.988
1646 -135.775
1647 -136.931
1648 -136.531
1649 -136.265
1650 -136.724
1651 -135.135
1652 -134.939
1653 -135.403
1654 -135.022
1655 -136.749
1656 -136.313
1657 -137.716
1658 -135.689
1659 -136.51
1660 -138.635
1661 -136.91
1662 -136.151
1663 -137.014
1664 -137.743
1665 -136.955
1666 -137.135
1667 -138.256
1668 -136.075
1669 -137.74
1670 -136.043
1671 -135.925
1672 -136.851
1673 -135.571
1674 -136.26
1675 -136.253
1676 -136.721
1677 -136.697
1678 -137.827
1679 -137.095
1680 -134.322
1681 -135.972
1682 -134.446
1683 -134.869
1684 -134.931
1685 -135.828
1686 -134.651
1687 -135.329
1688 -133.473
1689 -135.734
1690 -135.109
1691 -135.805
1692 -137.28
1693 -135.805
1694 -135.005
1695 -136.601
1696 -136.64
1697 -136.212
1698 -135.1
1699 -137.947
1700 -136.854
1701 -136.395
1702 -136.398
1703 -134.586
1704 -135.583
1705 -134.816
1706 -134.704
1707 -135.692
1708 -135.752
1709 -135.749
1710 -135.63
1711 -135.004
1712 -134.024
1713 -136.333
1714 -136.157
1715 -135.621
1716 -134.747
1717 -134.383
1718 -134.096
1719 -134.054
1720 -133.339
1721 -133.966
1722 -134.304
1723 -134.789
1724 -135.525
1725 -134.935
1726 -134.663
1727 -133.915
1728 -135.908
1729 -134.18
1730 -135.834
1731 -135.498
1732 -132.841
1733 -134.95
1734 -134.934
1735 -134.808
1736 -135.623
1737 -134.65
1738 -136.039
1739 -135.808
1740 -132.775
1741 -133.966
1742 -134.288
1743 -133.865
1744 -134.202
1745 -134.437
1746 -134.795
1747 -135.363
1748 -134.881
1749 -134.573
1750 -133.782
1751 -135.058
1752 -134.275
1753 -132.447
1754 -131.926
1755 -132.37
1756 -132.03
1757 -130.659
1758 -131.587
1759 -129.945
1760 -128.594
1761 -130.384
1762 -130.116
1763 -128.362
1764 -129.696
1765 -129.423
1766 -128.027
1767 -128.115
1768 -126.37
1769 -126.017
1770 -124.648
1771 -123.903
1772 -124.701
1773 -123.846
1774 -124.442
1775 -121.029
1776 -120.638
1777 -119.506
1778 -118.154
1779 -119.435
1780 -118.001
1781 -118.498
1782 -118.871
1783 -118.3
1784 -118.549
1785 -118.326
1786 -118.254
1787 -119.138
1788 -119.288
1789 -118.423
1790 -120.331
1791 -119.853
1792 -119.912
1793 -119.32
1794 -118.846
1795 -119.824
1796 -120.795
1797 -120.579
1798 -120.658
1799 -119.924
1800 -122.856
1801 -122.27
1802 -122.354
1803 -124.063
1804 -124.51
1805 -124.836
1806 -125.437
1807 -126.978
1808 -126.319
1809 -127.74
1810 -127.245
1811 -125.087
1812 -124.819
1813 -125.896
1814 -126.769
1815 -127.553
1816 -129.069
1817 -127.969
1818 -128.105
1819 -129.053
1820 -128.491
1821 -126.9
1822 -128.923
1823 -127.737
1824 -128.616
1825 -128.84
1826 -128.726
1827 -128.876
1828 -128.544
1829 -130.17
1830 -129.085
1831 -129.261
1832 -128.76
1833 -128.522
1834 -129.368
1835 -130.102
1836 -128.738
1837 -129.807
1838 -130.153
1839 -130.463
1840 -129.249
1841 -129.955
1842 -129.925
1843 -129.572
1844 -130.681
1845 -130.017
1846 -129.667
1847 -129.903
1848 -128.753
1849 -129.037
1850 -130.294
1851 -129.091
1852 -129.897
1853 -129.469
1854 -130.556
1855 -128.858
1856 -130.43
1857 -128.974
1858 -128.665
1859 -130.508
1860 -130.411
1861 -130.82
1862 -129.191
1863 -128.174
1864 -127.686
1865 -128.425
1866 -128.049
1867 -129.083
1868 -127.538
1869 -126.014
1870 -125.638
1871 -125.119
1872 -124.094
1873 -123.106
1874 -125.021
1875 -123.22
1876 -121.074
1877 -122.44
1878 -120.815
1879 -117.542
1880 -118.075
1881 -118.408
1882 -117.192
1883 -114.427
1884 -114.492
1885 -114.491
1886 -115.252
1887 -111.371
1888 -111.786
1889 -110.731
1890 -110.289
1891 -109.913
1892 -109.898
1893 -109.759
1894 -111.53
1895 -109.443
1896 -110.719
1897 -110.465
1898 -110.862
1899 -111.675
1900 -110.913
1901 -112.206
1902 -112.774
1903 -112.341
1904 -113.371
1905 -114.593
1906 -113.427
1907 -113.873
1908 -113.33
1909 -115.095
1910 -113.559
1911 -114.713
1912 -115.407
1913 -117.177
1914 -117.381
1915 -117.957
1916 -119.397
1917 -119.998
1918 -120.918
1919 -120.447
1920 -121.721
1921 -121.632
1922 -122.565
1923 -122.704
1924 -123.225
1925 -123.762
1926 -121.204
1927 -121.697
1928 -121.171
1929 -121.95
1930 -122.077
1931 -120.898
1932 -121.532
1933 -122.205
1934 -122.728
1935 -124.701
1936 -124.186
1937 -124.01
1938 -123.627
1939 -123.512
1940 -123.628
1941 -123.546
1942 -123.702
1943 -125.662
1944 -125.057
1945 -125.861
1946 -124.876
1947 -125.356
1948 -126.591
1949 -126.837
1950 -123.895
1951 -124.868
1952 -125.833
1953 -125.148
1954 -126.264
1955 -127.414
1956 -124.414
1957 -124.751
1958 -124.515
1959 -125.363
1960 -126.359
1961 -125.345
1962 -124.818
1963 -124.798
1964 -126.224
1965 -123.944
1966 -123.999
1967 -124.384
1968 -123.509
1969 -124.397
1970 -124.584
1971 -125.445
1972 -124.146
1973 -125.656
1974 -125.371
1975 -124.759
1976 -123.792
1977 -125.244
1978 -125.799
1979 -125.212
1980 -125.469
1981 -125.087
1982 -125.21
1983 -125.497
1984 -126.645
1985 -126.745
1986 -126.239
1987 -126.428
1988 -126.47
1989 -125.848
1990 -127.554
1991 -125.587
1992 -125.242
1993 -128.564
1994 -124.995
1995 -125.013
1996 -125.71
1997 -126.13
1998 -126.276
1999 -126.926
2000 -126.656
2001 -126.283
2002 -126.092
2003 -125.101
2004 -124.363
2005 -125.118
2006 -126.674
2007 -126.232
2008 -126.106
2009 -126.077
2010 -126.089
2011 -126.178
2012 -126.396
2013 -126.023
2014 -128
2015 -124.642
2016 -127.13
2017 -127.675
2018 -125.839
2019 -126.666
2020 -127.222
2021 -125.342
2022 -126.632
2023 -127.044
2024 -126.454
2025 -128.141
2026 -128.977
2027 -127.491
2028 -127.819
2029 -127.859
2030 -127.946
2031 -128.335
2032 -127.399
2033 -128.054
2034 -125.124
2035 -126.611
2036 -126.289
2037 -124.547
2038 -124.987
2039 -124.402
2040 -126.746
2041 -128.493
2042 -127.304
2043 -127.299
2044 -126.26
2045 -126.639
2046 -126.97
2047 -126.735
2048 -127.543
2049 -128.322
2050 -127.736
2051 -127.554
2052 -128.44
2053 -127.91
2054 -128.79
2055 -127.771
2056 -126.639
2057 -128.064
2058 -126.422
2059 -128.814
2060 -128.021
2061 -128.223
2062 -127.414
2063 -128.637
2064 -129.529
2065 -128.706
2066 -128.839
2067 -127.828
2068 -128.476
2069 -127.845
2070 -129.074
2071 -127.718
2072 -124.192
2073 -126.074
2074 -126.751
2075 -125.989
2076 -126.976
2077 -127.256
2078 -128.5
2079 -128.9
2080 -128.08
2081 -128.005
2082 -127.812
2083 -128.343
2084 -128.712
2085 -128.933
2086 -127.202
2087 -128.597
2088 -128.938
2089 -127.664
2090 -129.929
2091 -129.699
2092 -127.479
2093 -128.666
2094 -128.19
2095 -128.516
2096 -129.025
2097 -129.381
2098 -130.047
2099 -129.629
2100 -128.161
2101 -128.617
2102 -129.539
2103 -129.563
2104 -129.241
2105 -129.551
2106 -128.198
2107 -127.908
2108 -127.484
2109 -126.722
2110 -127.74
2111 -128.81
2112 -128.333
2113 -128.168
2114 -128.956
2115 -128.306
2116 -128.809
2117 -128.826
2118 -129.72
2119 -128.371
2120 -129.303
2121 -130.726
2122 -129.243
2123 -129.116
2124 -129.239
2125 -129.71
2126 -128.988
2127 -128.926
2128 -128.841
2129 -129.494
2130 -130.145
2131 -129.948
2132 -128.386
2133 -128.87
2134 -130.464
2135 -131.015
2136 -130.518
2137 -130.846
2138 -128.801
2139 -128.415
2140 -129.473
2141 -128.072
2142 -129.172
2143 -128.456
2144 -129.298
2145 -129.46
2146 -130.303
2147 -128.421
2148 -128.94
2149 -130.672
2150 -129.465
2151 -128.436
2152 -129.709
2153 -129.981
2154 -130.076
2155 -130.725
2156 -128.87
2157 -131.44
2158 -130.927
2159 -131.161
2160 -131.06
2161 -132.54
2162 -130.781
2163 -130.298
2164 -129.736
2165 -129.859
2166 -130.49
2167 -130.179
2168 -132.1
2169 -131.726
2170 -130.158
2171 -130.998
2172 -130.713
2173 -131.283
2174 -131.642
2175 -131.256
2176 -131.788
2177 -129.538
2178 -131.574
2179 -129.781
2180 -129.794
2181 -130.552
2182 -129.864
2183 -131.187
2184 -130.082
2185 -129.801
2186 -129.916
2187 -132.169
2188 -131.482
2189 -129.877
2190 -131.893
2191 -130.589
2192 -132.434
2193 -131.243
2194 -130.512
2195 -132.484
2196 -131.514
2197 -131.42
2198 -131.971
2199 -131.58
2200 -132.12
2201 -131.597
2202 -131.012
2203 -132.157
2204 -132.278
2205 -131.796
2206 -131.287
2207 -132.12
2208 -132.832
2209 -131.897
2210 -130.718
2211 -131.997
2212 -129.996
2213 -129.208
2214 -131.396
2215 -129.436
2216 -131.373
2217 -130.881
2218 -131.708
2219 -131.603
2220 -133.563
2221 -133.152
2222 -132.551
2223 -133.056
2224 -133.475
2225 -136.505
2226 -137.252
2227 -136.684
2228 -137.658
2229 -136.48
2230 -139.208
2231 -140.895
2232 -141.733
2233 -140.962
2234 -142.141
2235 -141.737
2236 -142.575
2237 -144.568
2238 -144
2239 -145.5
2240 -145.531
2241 -147.465
2242 -149.344
2243 -147.296
2244 -148.02
2245 -147.076
2246 -147.539
2247 -148.39
2248 -147.867
2249 -147.473
2250 -148.078
2251 -147.665
2252 -145.448
2253 -145.564
2254 -146.471
2255 -146.476
2256 -144.992
2257 -145.597
2258 -145.486
2259 -144.659
2260 -143.412
2261 -142.355
2262 -142.51
2263 -142.72
2264 -140.576
2265 -140.923
2266 -140.01
2267 -139.106
2268 -138.942
2269 -137.35
2270 -137.641
2271 -135.939
2272 -137.011
2273 -137.821
2274 -137.349
2275 -137.546
2276 -139.764
2277 -136.179
2278 -136.624
2279 -135.515
2280 -135.775
2281 -135.653
2282 -136.32
2283 -135.315
2284 -134.73
2285 -132.822
2286 -134.518
2287 -133.339
2288 -133.472
2289 -135.553
2290 -133.538
2291 -134.711
2292 -134.318
2293 -135.574
2294 -133.963
2295 -132.934
2296 -134.95
2297 -133.758
2298 -134.582
2299 -133.526
2300 -134.534
2301 -133.724
2302 -133.742
2303 -133.994
2304 -132.789
2305 -134.15
2306 -133.544
2307 -134.926
2308 -133.293
2309 -134.248
2310 -134.551
2311 -133.151
2312 -133.687
2313 -134.443
2314 -135.365
2315 -134.628
2316 -134.032
2317 -132.653
2318 -132.28
2319 -133.739
2320 -132.473
2321 -132.907
2322 -134.448
2323 -133.804
2324 -132.965
2325 -132.809
2326 -133.002
2327 -133.807
2328 -133.699
2329 -134.842
2330 -134.393
2331 -135.114
2332 -135.65
2333 -136.862
2334 -137.035
2335 -137.896
2336 -138.026
2337 -139.18
2338 -140.225
2339 -140.5
2340 -139.923
2341 -141.425
2342 -142.885
2343 -144.973
2344 -143.844
2345 -144.923
2346 -145.265
2347 -145.354
2348 -147.4
2349 -148.961
2350 -150.112
2351 -150.327
2352 -150.558
2353 -152.961
2354 -153.588
2355 -155.078
2356 -154.33
2357 -155.163
2358 -154.956
2359 -155.789
2360 -155.797
2361 -156.888
2362 -154.343
2363 -155.67
2364 -155.371
2365 -154.284
2366 -153.971
2367 -154.479
2368 -152.612
2369 -153.345
2370 -153.259
2371 -151.811
2372 -151.264
2373 -149.59
2374 -150.085
2375 -149.862
2376 -148.261
2377 -147.233
2378 -149.157
2379 -146.178
2380 -147.569
2381 -147.391
2382 -145.878
2383 -145.762
2384 -144.379
2385 -144.838
2386 -145.579
2387 -144.136
2388 -143.758
2389 -144.417
2390 -143.108
2391 -141.45
2392 -141.575
2393 -139.794
2394 -141.615
2395 -140.604
2396 -139.089
2397 -141.911
2398 -141.25
2399 -141.074
2400 -140.31
2401 -140.904
2402 -141.856
2403 -140.329
2404 -140.693
2405 -140.143
2406 -139.679
2407 -139.436
2408 -140.412
2409 -140.282
2410 -141.011
2411 -140.321
2412 -141.357
2413 -142.215
2414 -141.361
2415 -140.708
2416 -140.68
2417 -142.144
2418 -141.317
2419 -141.284
2420 -140.65
2421 -140.281
2422 -139.607
2423 -140.581
2424 -140.496
2425 -140.752
2426 -139.015
2427 -141.597
2428 -139.48
2429 -139.913
2430 -137.755
2431 -138.695
2432 -138.604
2433 -140.395
2434 -137.992
2435 -139.149
2436 -139.137
2437 -139.388
2438 -140.32
2439 -138.316
2440 -139.38
2441 -138.85
2442 -139.106
2443 -140.788
2444 -139.271
2445 -140.066
2446 -141.787
2447 -139.701
2448 -138.672
2449 -139.017
2450 -138.204
2451 -139.014
2452 -139.262
2453 -139.584
2454 -139.422
2455 -139.602
2456 -138.826
2457 -137.236
2458 -138.46
2459 -139.191
2460 -138.443
2461 -138.854
2462 -139.971
2463 -139.351
2464 -138.469
2465 -139.03
2466 -137.748
2467 -138.592
2468 -137.782
2469 -138.716
2470 -139.355
2471 -138.14
2472 -138.246
2473 -137.343
2474 -135.546
2475 -136.711
2476 -136.272
2477 -138.045
2478 -139.295
2479 -138.392
2480 -139.889
2481 -138.461
2482 -138.66
2483 -138.708
2484 -138.246
2485 -139.327
2486 -138.452
2487 -137.739
2488 -139.458
2489 -139.622
2490 -137.539
2491 -137.753
2492 -138.048
2493 -137.369
2494 -136.284
2495 -138.699
2496 -138.174
2497 -137.536
2498 -137.242
2499 -137.024
2500 -137.825
2501 -137.182
2502 -138.506
2503 -137.735
2504 -135.734
2505 -137.152
2506 -136.588
2507 -137.272
2508 -136.282
2509 -135.305
2510 -136.187
2511 -135.057
2512 -135.479
2513 -136.723
2514 -137.462
2515 -136.539
2516 -136.974
2517 -138.627
2518 -137.675
2519 -137.36
2520 -137.829
2521 -137.263
2522 -139.974
2523 -139.417
2524 -138.148
2525 -137.069
2526 -138.487
2527 -136.741
2528 -136.106
2529 -137.355
2530 -135.946
2531 -136.157
2532 -139.198
2533 -136.778
2534 -136.549
2535 -138.666
2536 -137.153
2537 -136.09
2538 -137.272
2539 -135.53
2540 -136.583
2541 -136.707
2542 -136.494
2543 -135.551
2544 -136.289
2545 -134.169
2546 -137.933
2547 -136.551
2548 -136.757
2549 -138.042
2550 -137.537
2551 -135.964
2552 -137.561
2553 -137.058
2554 -137.955
2555 -137.65
2556 -137.922
2557 -137.189
2558 -136.321
2559 -136.847
2560 -135.645
2561 -136.943
2562 -137.469
2563 -135.768
2564 -134.948
2565 -136.955
2566 -135.723
2567 -135.313
2568 -135.613
2569 -135.38
2570 -135.783
2571 -135.527
2572 -135.099
2573 -135.122
2574 -135.942
2575 -135.193
2576 -135.944
2577 -134.477
2578 -136.663
2579 -135.253
2580 -133.993
2581 -134.225
2582 -135.538
2583 -135.954
2584 -136.017
2585 -136.009
2586 -136.919
2587 -135.97
2588 -135.621
2589 -135.679
2590 -136.309
2591 -135.475
2592 -136.642
2593 -136.627
2594 -136.627
2595 -135.75
2596 -135.398
2597 -134.3
2598 -134.025
2599 -135.109
2600 -136.853
2601 -134.116
2602 -135.9
2603 -135.541
2604 -135.592
2605 -136.595
2606 -134.691
2607 -134.268
2608 -135.738
2609 -134.282
2610 -134.911
2611 -135.003
2612 -133.319
2613 -134.549
2614 -134.771
2615 -134.538
2616 -134.785
2617 -134.362
2618 -133.992
2619 -134.656
2620 -135.063
2621 -134.158
2622 -133.725
2623 -137.731
2624 -136.086
2625 -135.455
2626 -135.495
2627 -135.45
2628 -135.356
2629 -135.691
2630 -136.933
2631 -134.969
2632 -134.657
2633 -134.691
2634 -133.924
2635 -134.254
2636 -133.903
2637 -134.338
2638 -134.774
2639 -135.051
2640 -133.641
2641 -134.259
2642 -132.364
2643 -133.502
2644 -134.532
2645 -133.754
2646 -132.181
2647 -133.08
2648 -133.676
2649 -134.45
2650 -134.537
2651 -133.536
2652 -133.87
2653 -134.224
2654 -132.894
2655 -131.904
2656 -133.873
2657 -134.466
2658 -134.399
2659 -136.199
2660 -133.012
2661 -132.584
2662 -136.165
2663 -135.466
2664 -135.545
2665 -134.587
2666 -133.353
2667 -133.622
2668 -133.595
2669 -133.07
2670 -133.849
2671 -133.168
2672 -132.942
2673 -133.96
2674 -132.035
2675 -134.176
2676 -132.877
2677 -132.316
2678 -133.36
2679 -133.959
2680 -133.07
2681 -132.09
2682 -133.307
2683 -131.32
2684 -129.559
2685 -130.028
2686 -130.024
2687 -129.62
2688 -128.519
2689 -127.946
2690 -129.45
2691 -130.061
2692 -127.322
2693 -128.907
2694 -127.12
2695 -126.377
2696 -125.354
2697 -124.81
2698 -124.37
2699 -123.821
2700 -123.266
2701 -124.082
2702 -121.195
2703 -120.42
2704 -120.606
2705 -116.857
2706 -120.019
2707 -117.969
2708 -117.976
2709 -116.567
2710 -118.393
2711 -116.067
2712 -118.267
2713 -118.663
2714 -117.373
2715 -118.587
2716 -118.974
2717 -117.062
2718 -118.859
2719 -118.043
2720 -117.177
2721 -118.332
2722 -118.314
2723 -118.551
2724 -119.356
2725 -120.224
2726 -120.368
2727 -121.918
2728 -123.298
2729 -122.327
2730 -122.646
2731 -124.185
2732 -123.885
2733 -124.11
2734 -124.688
2735 -123.829
2736 -124.651
2737 -124.948
2738 -125.507
2739 -126.812
2740 -125.633
2741 -125.841
2742 -126.823
2743 -126.055
2744 -127.199
2745 -127.39
2746 -127.008
2747 -128.287
2748 -128.124
2749 -127.861
2750 -127.219
2751 -127.619
2752 -127.974
2753 -127.178
2754 -126.941
2755 -127.838
2756 -127.985
2757 -128.928
2758 -129.353
2759 -129.389
2760 -130.125
2761 -127.51
2762 -128.587
2763 -128.468
2764 -129.222
2765 -127.506
2766 -128.473
2767 -129.171
2768 -128.412
2769 -128.677
2770 -128.592
2771 -128.449
2772 -128.315
2773 -129.991
2774 -130
2775 -129.963
2776 -128.876
2777 -128.93
2778 -127.185
2779 -130.143
2780 -128.909
2781 -128.954
2782 -129.029
2783 -129.122
2784 -129.604
2785 -128.772
2786 -129.067
2787 -128.444
2788 -127.859
2789 -128.661
2790 -128.84
2791 -129.152
2792 -126.791
2793 -128.029
2794 -127.22
2795 -126.61
2796 -126.569
2797 -124.78
2798 -123.436
2799 -124.146
2800 -122.521
2801 -123.436
2802 -121.033
2803 -121.575
2804 -121.075
2805 -119.231
2806 -118.905
2807 -118.357
2808 -118.569
2809 -115.632
2810 -115.86
2811 -115.772
2812 -115.089
2813 -114.223
2814 -113.46
2815 -112.619
2816 -110.56
2817 -109.475
2818 -109.655
2819 -109.094
2820 -110.202
2821 -109.088
2822 -110.924
2823 -108.584
2824 -109.531
2825 -109.526
2826 -109.314
2827 -109.702
2828 -111.673
2829 -111.508
2830 -111.715
2831 -111.171
2832 -111.897
2833 -112.929
2834 -114.574
2835 -112.581
2836 -113.978
2837 -116.152
2838 -114.231
2839 -113.116
2840 -116.039
2841 -117.691
2842 -116.792
2843 -117.882
2844 -119.12
2845 -120.684
2846 -119.793
2847 -120.829
2848 -121.672
2849 -122.734
2850 -121.377
2851 -122.573
2852 -120.762
2853 -122.379
2854 -121.221
2855 -123.356
2856 -123.249
2857 -121.868
2858 -121.559
2859 -121.073
2860 -120.73
2861 -122.247
2862 -122.721
2863 -121.991
2864 -124.229
2865 -123.053
2866 -121.387
2867 -122.539
2868 -124.754
2869 -123.643
2870 -123.424
2871 -124.834
2872 -124.602
2873 -124.35
2874 -125.099
2875 -125.132
2876 -124.478
2877 -126.217
2878 -125.292
2879 -125.335
2880 -124.997
2881 -123.663
2882 -125.012
2883 -125.087
2884 -125.317
2885 -125.986
2886 -126.605
2887 -126.125
2888 -124.701
2889 -124.792
2890 -125.563
2891 -125.593
2892 -125.148
2893 -124.19
2894 -124.614
2895 -123.943
2896 -123.264
2897 -123.044
2898 -125.048
2899 -123.971
2900 -124.806
2901 -124.755
2902 -124.468
2903 -124.626
2904 -124.472
2905 -124.594
2906 -124.99
2907 -124.554
2908 -124.796
2909 -125.625
2910 -126.11
2911 -123.201
2912 -126.32
2913 -125.644
2914 -125.583
2915 -125.682
2916 -126.508
2917 -126.078
2918 -125.8
2919 -127.493
2920 -127.185
2921 -127.742
2922 -127.369
2923 -125.175
2924 -125.949
2925 -124.893
2926 -125.74
2927 -125.159
2928 -126.145
2929 -126.574
2930 -124.303
2931 -124.283
2932 -123.715
2933 -125.102
2934 -124.347
2935 -125.86
2936 -126.417
2937 -126.494
2938 -125.997
2939 -127.417
2940 -124.52
2941 -127.209
2942 -124.933
2943 -125.469
2944 -126.169
2945 -126.759
2946 -127.499
2947 -126.442
2948 -127.526
2949 -126.889
2950 -126.94
2951 -127.626
2952 -128.109
2953 -128.145
2954 -126.671
2955 -126.669
2956 -127.599
2957 -127.499
2958 -126.591
2959 -126.253
2960 -126.997
2961 -127.704
2962 -125.884
2963 -126.766
2964 -126.629
2965 -124.727
2966 -125.107
2967 -126.204
2968 -125.211
2969 -126.412
2970 -126.441
2971 -127.452
2972 -126.945
2973 -126.181
2974 -125.767
2975 -126.028
2976 -126.398
2977 -127.979
2978 -126.687
2979 -127.473
2980 -127.154
2981 -127.123
2982 -125.51
2983 -125.247
2984 -128.728
2985 -127.113
2986 -126.582
2987 -127.169
2988 -128.809
2989 -127.745
2990 -126.945
2991 -128.361
2992 -128.229
2993 -126.289
2994 -127.482
2995 -127.181
2996 -126.35
2997 -126.179
2998 -128.043
2999 -128.677
3000 -128.289
3001 -126.819
3002 -126.711
3003 -125.098
3004 -127.793
3005 -127.671
3006 -127.382
3007 -126.866
3008 -128.104
3009 -127.668
3010 -128.104
3011 -128.229
3012 -128.232
3013 -127.224
3014 -127.954
3015 -128.989
3016 -127.439
3017 -129.881
3018 -127.282
3019 -128.528
3020 -129.063
3021 -127.024
3022 -129.249
3023 -129.44
3024 -128.77
3025 -128.067
3026 -128.679
3027 -128.16
3028 -129.602
3029 -127.299
3030 -129.252
3031 -127.336
3032 -128.477
3033 -127.697
3034 -129.624
3035 -126.624
3036 -126.353
3037 -127.519
3038 -128.213
3039 -129.004
3040 -128.346
3041 -128.637
3042 -129.079
3043 -128.323
3044 -128.253
3045 -128.48
3046 -128.624
3047 -127.503
3048 -128.345
3049 -128.678
3050 -128.553
3051 -129.266
3052 -130.207
3053 -128.701
3054 -130.792
3055 -130.4
3056 -129.63
3057 -129.456
3058 -129.643
3059 -129.855
3060 -129.524
3061 -129.221
3062 -129.325
3063 -130.213
3064 -129.817
3065 -130.927
3066 -129.383
3067 -129.218
3068 -129.072
3069 -129.117
3070 -128.416
3071 -129.634
3072 -128.98
3073 -128.528
3074 -129.52
3075 -129.105
3076 -129.976
3077 -129.558
3078 -129.837
3079 -130.564
3080 -129.769
3081 -129.698
3082 -129.297
3083 -129.068
3084 -129.749
3085 -129.79
3086 -130.324
3087 -131.314
3088 -129.96
3089 -130.952
3090 -130.63
3091 -132.778
3092 -130.253
3093 -129.266
3094 -131.645
3095 -129.813
3096 -130.23
3097 -129.402
3098 -130.997
3099 -128.677
3100 -129.376
3101 -129.997
3102 -130.211
3103 -130.365
3104 -130.741
3105 -130.452
3106 -130.188
3107 -128.62
3108 -128.627
3109 -129.88
3110 -130.611
3111 -129.95
3112 -131.285
3113 -130.242
3114 -130.78
3115 -128.467
3116 -129.05
3117 -131.041
3118 -130.352
3119 -130.463
3120 -132.351
3121 -132.615
3122 -130.819
3123 -131.623
3124 -132.087
3125 -129.331
3126 -131.964
3127 -130.331
3128 -131.031
3129 -130.966
3130 -130.413
3131 -131.788
3132 -132.082
3133 -133.864
3134 -132.073
3135 -132.447
3136 -131.145
3137 -131.957
3138 -131.345
3139 -131.881
3140 -129.545
3141 -130.112
3142 -129.897
3143 -129.738
3144 -129.798
3145 -130.767
3146 -133.527
3147 -132.562
3148 -133.368
3149 -132.249
3150 -133.76
3151 -134.355
3152 -134.977
3153 -133.871
3154 -136.926
3155 -135.987
3156 -137.35
3157 -137.888
3158 -138.206
3159 -140.128
3160 -140.815
3161 -141.257
3162 -140.581
3163 -141.58
3164 -141.411
3165 -143.276
3166 -144.355
3167 -145.368
3168 -147.029
3169 -147.515
3170 -146.773
3171 -147.317
3172 -147.363
3173 -145.919
3174 -146.408
3175 -147.797
3176 -147.049
3177 -147.676
3178 -147.969
3179 -146.854
3180 -146.836
3181 -145.014
3182 -145.693
3183 -146.185
3184 -147.13
3185 -145.057
3186 -144.301
3187 -145.032
3188 -144.225
3189 -142.557
3190 -140.975
3191 -142.37
3192 -142.378
3193 -140.356
3194 -139.996
3195 -139.653
3196 -138.603
3197 -139.252
3198 -138.374
3199 -137.505
3200 -136.874
3201 -137.254
3202 -136.574
3203 -136.822
3204 -135.177
3205 -136.226
3206 -135.054
3207 -135.426
3208 -135.209
3209 -135.029
3210 -133.763
3211 -135.758
3212 -134.476
3213 -134.008
3214 -133.753
3215 -133.952
3216 -133.501
3217 -134.202
3218 -132.58
3219 -135.29
3220 -133.521
3221 -133.775
3222 -134.455
3223 -134.185
3224 -133.486
3225 -133.673
3226 -132.433
3227 -132.542
3228 -134.199
3229 -134.537
3230 -135.11
3231 -133.296
3232 -134.726
3233 -133.962
3234 -134.51
3235 -132.566
3236 -133.367
3237 -133.821
3238 -133.851
3239 -132.333
3240 -132.679
3241 -133.134
3242 -133.907
3243 -133.715
3244 -133.666
3245 -131.736
3246 -131.549
3247 -133.354
3248 -132.814
3249 -133.314
3250 -133.58
3251 -132.452
3252 -132.328
3253 -134.638
3254 -133.832
3255 -132.151
3256 -133.883
3257 -132.817
3258 -133.044
3259 -132.619
3260 -133.383
3261 -133.522
3262 -131.723
3263 -132.136
3264 -132.382
3265 -133.087
3266 -132.746
3267 -133.036
3268 -134.073
3269 -133.928
3270 -132.439
3271 -133.232
3272 -133.031
3273 -132.977
3274 -133.465
3275 -134.255
3276 -130.861
3277 -132.808
3278 -133.716
3279 -133.748
3280 -132.131
3281 -132.332
3282 -133.111
3283 -131.924
3284 -133.257
3285 -133.54
3286 -133.413
3287 -134.248
3288 -132.728
3289 -133.953
3290 -134.227
3291 -132.038
3292 -132.965
3293 -133.182
3294 -134.537
3295 -132.883
3296 -133.108
3297 -133.546
3298 -131.937
3299 -132.66
3300 -133.288
3301 -133.601
3302 -132.53
3303 -133.642
3304 -132.777
3305 -132.789
3306 -132.34
3307 -132.84
3308 -134.808
3309 -133.221
3310 -132.773
3311 -132.555
3312 -133.867
3313 -133.268
3314 -131.529
3315 -133.31
3316 -134.451
3317 -132.729
3318 -133.605
3319 -134.387
3320 -132.551
3321 -133.175
3322 -134.1
3323 -133.131
3324 -132.973
3325 -133.005
3326 -132.665
3327 -133.175
3328 -131.848
3329 -132.771
3330 -133.094
3331 -134.119
3332 -133.714
3333 -132.409
3334 -135.491
3335 -133.085
3336 -133.167
3337 -132.172
3338 -131.694
3339 -132.184
3340 -132.801
3341 -133.868
3342 -133.128
3343 -134.258
3344 -132.924
3345 -132.775
3346 -132.309
3347 -133.761
3348 -132.792
3349 -134.618
3350 -133.968
3351 -133.686
3352 -133.376
3353 -133.722
3354 -133.064
3355 -132.794
3356 -132.929
3357 -133.834
3358 -133.261
3359 -133.168
3360 -132.449
3361 -134.596
3362 -133.631
3363 -133.599
3364 -133.007
3365 -132.663
3366 -134.219
3367 -132.829
3368 -133.771
3369 -133.654
3370 -132.413
3371 -132.99
3372 -134.053
3373 -134.402
3374 -133.054
3375 -133.042
3376 -133.772
3377 -133.776
3378 -134.269
3379 -133.311
3380 -131.892
3381 -134.084
3382 -133.846
3383 -133.534
3384 -133.439
3385 -131.961
3386 -133.501
3387 -133.57
3388 -132.679
3389 -135.665
3390 -132.207
3391 -133.742
3392 -134.243
3393 -133.491
3394 -134.413
3395 -133.122
3396 -134.18
3397 -133.739
3398 -133.455
3399 -134.45
