0 -111.672
1 -111.822
2 -111.025
3 -112.366
4 -112.063
5 -110.219
6 -112.426
7 -112.278
8 -111.722
9 -112.104
10 -112.441
11 -111.642
12 -111.677
13 -113.49
14 -111.964
15 -112.478
16 -112.263
17 -112.201
18 -113.623
19 -112.667
20 -115.522
21 -116.044
22 -116.556
23 -116.192
24 -117.03
25 -117.926
26 -118.399
27 -118.069
28 -119.407
29 -118.839
30 -120.523
31 -122.058
32 -120.392
33 -123.061
34 -122.7
35 -123.986
36 -123.53
37 -125.843
38 -125.253
39 -125.46
40 -128.075
41 -127.673
42 -128.32
43 -131.347
44 -130.801
45 -129.611
46 -131.284
47 -130.974
48 -131.387
49 -132.327
50 -132.796
51 -133.173
52 -131.424
53 -131.362
54 -132.146
55 -132.776
56 -132.47
57 -132.595
58 -132.278
59 -132.262
60 -132.379
61 -132.633
62 -131.026
63 -130.755
64 -130.914
65 -130.265
66 -129.879
67 -129.45
68 -128.287
69 -126.755
70 -127.919
71 -126.908
72 -127.97
73 -127.097
74 -125.254
75 -125.196
76 -124.712
77 -123.818
78 -123.738
79 -125.561
80 -122.151
81 -122.066
82 -120.527
83 -123.884
84 -121.757
85 -122.807
86 -124.037
87 -121.237
88 -123.032
89 -120.272
90 -119.9
91 -119.364
92 -119.812
93 -118.59
94 -119.9
95 -120.169
96 -120.568
97 -121.482
98 -121.657
99 -122.992
100 -122.247
101 -122.217
102 -122.292
103 -122.184
104 -122.397
105 -122.703
106 -122.614
107 -120.611
108 -122.738
109 -119.604
110 -121.563
111 -121.794
112 -120.906
113 -120.635
114 -119.886
115 -120.18
116 -121.112
117 -121.257
118 -121.121
119 -121.251
120 -119.796
121 -120.332
122 -119.636
123 -119.664
124 -119.174
125 -120.085
126 -120.133
127 -120.796
128 -118.675
129 -119.77
130 -121.386
131 -119.672
132 -119.472
133 -119.527
134 -118.42
135 -119.523
136 -120.582
137 -121.8
138 -121.758
139 -121.449
140 -121.693
141 -121.723
142 -122.576
143 -121.193
144 -120.73
145 -122.52
146 -121.359
147 -121.188
148 -122.412
149 -122.685
150 -122.066
151 -120.23
152 -122.444
153 -121.856
154 -121.677
155 -121.055
156 -121.081
157 -120.9
158 -120.636
159 -120.895
160 -121.18
161 -120.827
162 -118.967
163 -118.44
164 -119.121
165 -119.678
166 -118.2
167 -119.386
168 -120.618
169 -120.859
170 -121.357
171 -120.056
172 -119.639
173 -119.711
174 -119.931
175 -119.135
176 -120.792
177 -120.927
178 -121.548
179 -121.505
180 -122.297
181 -122.267
182 -123.586
183 -121.847
184 -120.555
185 -121.433
186 -121.857
187 -122.706
188 -122.067
189 -122.371
190 -122.643
191 -123.22
192 -121.035
193 -121.11
194 -121.928
195 -121.948
196 -120.759
197 -122.946
198 -122.493
199 -122.766
200 -122.08
201 -120.829
202 -120.428
203 -119.759
204 -120.271
205 -120.863
206 -122.191
207 -119.75
208 -121.664
209 -121.707
210 -122.029
211 -119.939
212 -120.512
213 -119.898
214 -118.544
215 -120.717
216 -120.03
217 -120.254
218 -121.742
219 -121.88
220 -122.658
221 -122.384
222 -122.535
223 -121.892
224 -121.195
225 -121.856
226 -121.84
227 -121.558
228 -123.225
229 -123.117
230 -122.877
231 -122.304
232 -122.447
233 -123.173
234 -121.332
235 -121.118
236 -120.718
237 -121.466
238 -121.344
239 -121.845
240 -122.303
241 -123.494
242 -122.626
243 -120.274
244 -120.433
245 -120.852
246 -118.975
247 -119.746
248 -121.735
249 -121.461
250 -121.621
251 -120.511
252 -120.882
253 -121.016
254 -120.091
255 -119.891
256 -120.599
257 -120.37
258 -121.178
259 -122.448
260 -121.635
261 -124.009
262 -122.992
263 -121.79
264 -122.309
265 -121.993
266 -123.23
267 -122.188
268 -122.735
269 -123.425
270 -123.24
271 -122.294
272 -122.198
273 -120.797
274 -121.669
275 -121.76
276 -121.698
277 -121.3
278 -121.622
279 -121.822
280 -123.036
281 -122.459
282 -122.759
283 -121.061
284 -120.947
285 -120.759
286 -120.838
287 -119.86
288 -121.858
289 -121.554
290 -120.717
291 -121.33
292 -120.843
293 -121.717
294 -120.827
295 -121.319
296 -121.206
297 -121.484
298 -119.599
299 -121.708
300 -122.782
301 -123.625
302 -122.983
303 -121.368
304 -122.979
305 -122.335
306 -123.874
307 -122.476
308 -121.601
309 -123.214
310 -124.78
311 -124.121
312 -123.728
313 -122.944
314 -123.697
315 -122.497
316 -122.001
317 -123.672
318 -121.836
319 -123.207
320 -122.955
321 -121.871
322 -121.909
323 -121.15
324 -122.478
325 -120.744
326 -120.423
327 -121.551
328 -121.544
329 -120.944
330 -121.451
331 -121.567
332 -122.457
333 -120.589
334 -121.131
335 -119.713
336 -119.982
337 -121.56
338 -119.839
339 -121.397
340 -121.825
341 -123.019
342 -121.571
343 -121.803
344 -121.77
345 -123.675
346 -122.497
347 -122.089
348 -122.61
349 -121.72
350 -123.458
351 -122.086
352 -122.787
353 -123.127
354 -122.197
355 -122.095
356 -121.613
357 -122.374
358 -121.718
359 -120.091
360 -122.027
361 -121.934
362 -122.985
363 -120.316
364 -121.502
365 -122.49
366 -120.027
367 -120.541
368 -121.26
369 -120.322
370 -121.47
371 -121.737
372 -122.574
373 -121.2
374 -121.551
375 -120.498
376 -121.414
377 -120.524
378 -120.482
379 -122.769
380 -121.867
381 -123.289
382 -124.004
383 -122.961
384 -122.987
385 -121.464
386 -120.734
387 -121.378
388 -121.682
389 -123.426
390 -124.975
391 -120.645
392 -123.729
393 -122.88
394 -123.362
395 -123.539
396 -121.125
397 -122.277
398 -121.819
399 -122.036
400 -121.316
401 -122.848
402 -120.625
403 -123.149
404 -122.78
405 -122.595
406 -120.808
407 -120.905
408 -120.712
409 -121.401
410 -120.447
411 -120.175
412 -121.582
413 -120.809
414 -119.384
415 -119.939
416 -121.91
417 -121.037
418 -120.332
419 -119.647
420 -121.828
421 -122.185
422 -123.042
423 -123.688
424 -120.757
425 -121.518
426 -119.777
427 -121.957
428 -122.384
429 -120.531
430 -119.658
431 -119.105
432 -119.904
433 -119.214
434 -119.072
435 -118.509
436 -118.508
437 -117.394
438 -116.086
439 -114.827
440 -115.138
441 -112.299
442 -113.483
443 -113.4
444 -114.561
445 -114.401
446 -112.312
447 -110.83
448 -110.355
449 -109.253
450 -108.078
451 -106.764
452 -106.58
453 -106.984
454 -106.798
455 -107.398
456 -106.375
457 -107.641
458 -105.418
459 -105.487
460 -106.171
461 -106.623
462 -104.949
463 -106.996
464 -104.618
465 -106.236
466 -105.713
467 -105.863
468 -106.645
469 -107.782
470 -106.869
471 -109.207
472 -106.715
473 -109.023
474 -109.602
475 -109.32
476 -111.22
477 -109.891
478 -110.23
479 -110.91
480 -111.984
481 -111.224
482 -113.064
483 -112.683
484 -114.68
485 -114.046
486 -113.899
487 -115.976
488 -113.085
489 -114.066
490 -114.634
491 -114.495
492 -114.683
493 -114.015
494 -115.198
495 -114.685
496 -116.201
497 -117.143
498 -116.337
499 -116.833
500 -116.645
501 -117.61
502 -116.079
503 -117.266
504 -116.778
505 -116.467
506 -117.004
507 -116.483
508 -115.04
509 -117.44
510 -118.062
511 -117.147
512 -118.317
513 -117.653
514 -116.602
515 -117.312
516 -118.347
517 -118.377
518 -116.908
519 -117.728
520 -117.824
521 -118.788
522 -117.977
523 -118.304
524 -118.607
525 -117.228
526 -119.176
527 -118.473
528 -117.054
529 -117.006
530 -117.736
531 -119.455
532 -118.448
533 -116.913
534 -118.673
535 -117.722
536 -118.564
537 -120.01
538 -120.151
539 -118.637
540 -118.103
541 -117.048
542 -117.66
543 -117.687
544 -117.083
545 -117.514
546 -117.991
547 -118.454
548 -118.982
549 -117.778
550 -117.744
551 -118.633
552 -116.566
553 -117.644
554 -119.039
555 -117.627
556 -117.142
557 -115.378
558 -115.147
559 -114.36
560 -112.06
561 -112.42
562 -112.223
563 -111.612
564 -112.11
565 -110.926
566 -111.068
567 -108.161
568 -109.611
569 -108.657
570 -107.876
571 -106.956
572 -107.701
573 -105.493
574 -104.647
575 -106.878
576 -103.381
577 -100.576
578 -102.351
579 -100.319
580 -101.121
581 -101.472
582 -100.285
583 -99.2195
584 -98.8928
585 -97.9625
586 -98.4662
587 -97.6795
588 -97.6979
589 -96.8219
590 -97.1574
591 -97.7561
592 -97.1164
593 -96.725
594 -97.0306
595 -98.158
596 -99.9726
597 -98.6581
598 -98.2449
599 -99.1537
600 -99.9693
601 -100.711
602 -101.903
603 -101.563
604 -102.39
605 -102.122
606 -104.163
607 -103.253
608 -105.15
609 -105.16
610 -106.764
611 -105.967
612 -107.141
613 -106.25
614 -107.14
615 -106.938
616 -108.291
617 -109.442
618 -108.844
619 -109.376
620 -109.312
621 -110.306
622 -109.495
623 -108.962
624 -108.994
625 -108.909
626 -108.774
627 -109.424
628 -111.518
629 -110.371
630 -111.6
631 -111.853
632 -111.439
633 -111.631
634 -109.582
635 -109.187
636 -109.315
637 -109.443
638 -110.297
639 -108.349
640 -108.7
641 -107.471
642 -107.009
643 -108.218
644 -108.117
645 -108.346
646 -109.597
647 -110.409
648 -112.524
649 -110.648
650 -111.559
651 -111.667
652 -111.287
653 -112.157
654 -110.454
655 -111.105
656 -111.161
657 -109.928
658 -110.47
659 -111.278
660 -109.854
661 -110.215
662 -110.981
663 -110.836
664 -110.969
665 -111.936
666 -111.711
667 -110.906
668 -111.835
669 -111.291
670 -113.541
671 -112.336
672 -111.794
673 -113.145
674 -110.816
675 -111.223
676 -111.456
677 -110.871
678 -110.339
679 -109.505
680 -110.58
681 -110.621
682 -108.789
683 -109.032
684 -108.186
685 -109.411
686 -110.467
687 -109.634
688 -111.62
689 -111.094
690 -112.205
691 -112.281
692 -112.523
693 -112.119
694 -112.907
695 -112.418
696 -112.574
697 -112.09
698 -110.593
699 -111.637
700 -110.033
701 -111.191
702 -112.988
703 -112.437
704 -113.264
705 -112.521
706 -111.198
707 -112.172
708 -110.462
709 -112.544
710 -112.046
711 -112.235
712 -112.273
713 -111.419
714 -111.933
715 -112.258
716 -111.705
717 -109.21
718 -111.37
719 -108.769
720 -109.985
721 -110.417
722 -110.19
723 -109.141
724 -108.537
725 -109.622
726 -109.708
727 -111.007
728 -110.521
729 -112.43
730 -111.984
731 -110.556
732 -112.594
733 -111.631
734 -112.109
735 -111.768
736 -111.455
737 -111.322
738 -109.991
739 -110.076
740 -112.697
741 -112.087
742 -111.848
743 -111.917
744 -112.999
745 -112.063
746 -112.108
747 -110.604
748 -112.901
749 -112.091
750 -111.702
751 -112.731
752 -112.645
753 -112.321
754 -112.463
755 -112.116
756 -111.539
757 -111.652
758 -110.226
759 -111.056
760 -110.545
761 -109.939
762 -111.955
763 -109.44
764 -109.559
765 -108.655
766 -108.048
767 -110.476
768 -109.624
769 -111.278
770 -109.823
771 -111.343
772 -111.876
773 -112.68
774 -112.828
775 -112.457
776 -112.607
777 -111.078
778 -111.939
779 -111.694
780 -111.244
781 -112.146
782 -111.422
783 -111.702
784 -111.734
785 -113.41
786 -112.116
787 -112.362
788 -110.983
789 -112.703
790 -110.894
791 -111.928
792 -111.626
793 -113.646
794 -111.53
795 -111.637
796 -111.059
797 -111.368
798 -111.21
799 -109.96
800 -110.562
801 -110.095
802 -108.99
803 -107.461
804 -108.323
805 -108.248
806 -109.173
807 -108.492
808 -109.127
809 -109.24
810 -110.952
811 -111.913
812 -112.162
813 -111.506
814 -113.003
815 -112.093
816 -112.429
817 -109.87
818 -112.705
819 -111.807
820 -110.691
821 -111.47
822 -112.152
823 -110.453
824 -112.351
825 -111.508
826 -112.986
827 -111.795
828 -111.366
829 -110.692
830 -111.662
831 -110.496
832 -111.156
833 -111.706
834 -113.558
835 -112.872
836 -112.751
837 -111.471
838 -109.952
839 -110.312
840 -110.19
841 -111.257
842 -109.506
843 -107.864
844 -107.584
845 -108.371
846 -109.089
847 -109.99
848 -110.714
849 -109.834
850 -110.204
851 -110.782
852 -109.647
853 -111.811
854 -113.63
855 -111.218
856 -110.145
857 -111.794
858 -111.824
859 -110.274
860 -110.557
861 -110.654
862 -110.457
863 -110.813
864 -111.018
865 -109.85
866 -111.467
867 -112.236
868 -110.624
869 -108.806
870 -111.682
871 -110.632
872 -110.785
873 -110.737
874 -111.736
875 -110.875
876 -111.867
877 -112.276
878 -110.819
879 -109.22
880 -109.404
881 -108.837
882 -109.667
883 -107.556
884 -108.144
885 -108.558
886 -107.201
887 -108.369
888 -106.905
889 -106.955
890 -109.323
891 -108.134
892 -110.867
893 -110.64
894 -110.632
895 -109.417
896 -111.696
897 -109.942
898 -109.129
899 -110.507
900 -110.774
901 -109.703
902 -109.285
903 -110.672
904 -110.585
905 -110.587
906 -110.45
907 -112.219
908 -111.363
909 -110.836
910 -110.427
911 -109.824
912 -110.507
913 -111.13
914 -109.861
915 -112.387
916 -111.992
917 -111.47
918 -109.981
919 -109.769
920 -109.361
921 -111.256
922 -107.93
923 -106.689
924 -107.561
925 -105.931
926 -107.768
927 -108.623
928 -107.503
929 -106.313
930 -108.2
931 -108.235
932 -109.403
933 -110.176
934 -109.854
935 -109.611
936 -109.776
937 -111.364
938 -110.503
939 -109.484
940 -109.572
941 -109.757
942 -110.793
943 -109.937
944 -110.939
945 -108.931
946 -108.777
947 -111.339
948 -110.745
949 -111.026
950 -109.984
951 -109.832
952 -109.729
953 -109.102
954 -108.454
955 -109.253
956 -110.66
957 -110.951
958 -111.334
959 -111.743
960 -109.567
961 -107.691
962 -108.426
963 -109.548
964 -108.539
965 -110.382
966 -110.032
967 -111.296
968 -110.643
969 -110.259
970 -110.53
971 -112.891
972 -114.621
973 -113.993
974 -114.369
975 -115.405
976 -115.87
977 -118.461
978 -116.999
979 -119.849
980 -119.89
981 -119.969
982 -119.081
983 -118.658
984 -120.429
985 -121.559
986 -122.242
987 -123.191
988 -123.831
989 -125.134
990 -125.666
991 -126.638
992 -124.495
993 -124.45
994 -124.5
995 -123.856
996 -123.53
997 -124.028
998 -122.054
999 -124.385
1000 -123.739
1001 -124.406
1002 -122.857
1003 -122.837
1004 -122.945
1005 -121.525
1006 -123.158
1007 -122.132
1008 -121.48
1009 -120.442
1010 -121.558
1011 -122.959
1012 -119.513
1013 -120.55
1014 -119.412
1015 -118.289
1016 -117.625
1017 -116.48
1018 -116.81
1019 -116.676
1020 -116.115
1021 -115.98
1022 -116.326
1023 -116.561
1024 -115.54
1025 -114.657
1026 -116.121
1027 -114.649
1028 -115.78
1029 -113.195
1030 -113.972
1031 -112.733
1032 -114.288
1033 -115.486
1034 -113.963
1035 -113.424
1036 -113.615
1037 -113.031
1038 -112.755
1039 -113.134
1040 -112.829
1041 -112.779
1042 -113.153
1043 -113.093
1044 -113.547
1045 -113.267
1046 -112.06
1047 -112.294
1048 -112.627
1049 -113.404
1050 -111.709
1051 -112.236
1052 -113.339
1053 -111.175
1054 -111.92
1055 -111.482
1056 -111.337
1057 -110.837
1058 -113.129
1059 -111.927
1060 -111.925
1061 -111.048
1062 -111.733
1063 -111.936
1064 -110.939
1065 -111.536
1066 -112.044
1067 -111.258
1068 -112.18
1069 -112.123
1070 -112.995
1071 -110.131
1072 -111.388
1073 -110.714
1074 -110.929
1075 -111.004
1076 -110.8
1077 -111.986
1078 -112.99
1079 -110.763
1080 -110.814
1081 -111.971
1082 -111.378
1083 -111.268
1084 -111.501
1085 -112.248
1086 -112.775
1087 -111.993
1088 -112.632
1089 -111.371
1090 -112.786
1091 -113.382
1092 -113.409
1093 -112.414
1094 -113.562
1095 -115.8
1096 -117.387
1097 -115.659
1098 -117.869
1099 -118.198
1100 -118.138
1101 -118.073
1102 -119.04
1103 -120.803
1104 -121.582
1105 -120.983
1106 -121.233
1107 -123.335
1108 -122.431
1109 -122.113
1110 -123.555
1111 -125.579
1112 -125.164
1113 -126.303
1114 -127.64
1115 -127.346
1116 -127.269
1117 -129.45
1118 -129.402
1119 -129.232
1120 -130.204
1121 -130.267
1122 -132.075
1123 -132.522
1124 -132.428
1125 -132.272
1126 -132.141
1127 -131.761
1128 -133.892
1129 -130.689
1130 -131.875
1131 -132.511
1132 -132.495
1133 -131.507
1134 -130.982
1135 -129.747
1136 -129.17
1137 -129.797
1138 -130.178
1139 -128.585
1140 -128.364
1141 -127.143
1142 -127.106
1143 -128.25
1144 -126.687
1145 -125.368
1146 -125.995
1147 -123.758
1148 -123.414
1149 -123.361
1150 -123.604
1151 -122.525
1152 -123.276
1153 -122.564
1154 -121.485
1155 -120.883
1156 -122.111
1157 -121.265
1158 -120.77
1159 -121.382
1160 -122.105
1161 -120.726
1162 -119.921
1163 -119.622
1164 -120.355
1165 -119.018
1166 -118.224
1167 -118.733
1168 -120.401
1169 -121.774
1170 -122.463
1171 -121.607
1172 -120.35
1173 -121.479
1174 -120.65
1175 -120.711
1176 -121.734
1177 -120.535
1178 -119.844
1179 -123.476
1180 -120.325
1181 -118.96
1182 -120.966
1183 -121.034
1184 -119.969
1185 -121.78
1186 -119.525
1187 -119.672
1188 -120.044
1189 -118.796
1190 -120.559
1191 -119.738
1192 -119.393
1193 -120.38
1194 -119.531
1195 -119.245
1196 -118.83
1197 -117.601
1198 -117.037
1199 -119.508
1200 -120.157
1201 -119.528
1202 -119.866
1203 -118.35
1204 -118.658
1205 -117.88
1206 -118.786
1207 -119.831
1208 -120.196
1209 -118.579
1210 -120.065
1211 -120.493
1212 -120.491
1213 -120.36
1214 -120.264
1215 -121.777
1216 -120.018
1217 -118.828
1218 -119.092
1219 -121.332
1220 -121.039
1221 -119.927
1222 -121.26
1223 -121.328
1224 -121.517
1225 -122.659
1226 -120.802
1227 -119.436
1228 -119.802
1229 -121.203
1230 -120.269
1231 -121.16
1232 -118.728
1233 -121.03
1234 -118.463
1235 -118.698
1236 -119.035
1237 -118.98
1238 -119.47
1239 -117.858
1240 -118.889
1241 -120.631
1242 -119.587
1243 -119.247
1244 -118.567
1245 -119.826
1246 -117.692
1247 -118.49
1248 -119.179
1249 -119.159
1250 -119.244
1251 -121.08
1252 -120.746
1253 -121.583
1254 -121.398
1255 -122.729
1256 -121.046
1257 -120.24
1258 -122.133
1259 -121.733
1260 -122.688
1261 -119.892
1262 -121.583
1263 -121.646
1264 -121.383
1265 -122.152
1266 -121.207
1267 -120.897
1268 -120.709
1269 -120.721
1270 -121.147
1271 -121.514
1272 -120.256
1273 -121.171
1274 -119.813
1275 -119.695
1276 -118.747
1277 -119.909
1278 -118.935
1279 -120.559
1280 -119.393
1281 -118.475
1282 -119.886
1283 -119.34
1284 -120.383
1285 -120.377
1286 -120.216
1287 -117.839
1288 -118.642
1289 -119.82
1290 -120
1291 -121.522
1292 -121.569
1293 -121.369
1294 -121.973
1295 -122.093
1296 -120.213
1297 -122.352
1298 -121.109
1299 -120.553
1300 -121.747
1301 -121.666
1302 -123.7
1303 -122.736
1304 -122.29
1305 -121.516
1306 -121.767
1307 -120.428
1308 -121.928
1309 -118.951
1310 -121.733
1311 -121.484
1312 -121.485
1313 -121.71
1314 -121.183
1315 -122.547
1316 -120.068
1317 -120.516
1318 -118.429
1319 -118.061
1320 -120.503
1321 -120.467
1322 -120.333
1323 -120.39
1324 -121.656
1325 -120.976
1326 -119.163
1327 -119.411
1328 -119.228
1329 -119.112
1330 -120.916
1331 -121.956
1332 -122.629
1333 -120.973
1334 -120.801
1335 -123.19
1336 -122.201
1337 -121.663
1338 -121.736
1339 -121.889
1340 -121.518
1341 -123.115
1342 -122.085
1343 -122.66
1344 -121.545
1345 -123.337
1346 -121.259
1347 -121.224
1348 -121.361
1349 -120.114
1350 -120.953
1351 -121.223
1352 -122.175
1353 -122.688
1354 -121.434
1355 -122.086
1356 -121.324
1357 -120.315
1358 -119.519
1359 -120.446
1360 -120.402
1361 -121.424
1362 -120.575
1363 -119.805
1364 -120.385
1365 -119.653
1366 -120.379
1367 -119.964
1368 -119.295
1369 -119.398
1370 -118.762
1371 -120.116
1372 -121.474
1373 -123.459
1374 -121.747
1375 -121.065
1376 -120.63
1377 -121.187
1378 -120.229
1379 -121.064
1380 -122.754
1381 -122.215
1382 -121.721
1383 -122.482
1384 -122.763
1385 -121.954
1386 -121.223
1387 -120.286
1388 -122.53
1389 -122.53
1390 -119.999
1391 -122.118
1392 -120.079
1393 -122.536
1394 -121.108
1395 -120.492
1396 -121.222
1397 -121.95
1398 -120.563
1399 -119.982
1400 -119.376
1401 -118.906
1402 -119.613
1403 -119.999
1404 -120.19
1405 -120.616
1406 -118.807
1407 -118.496
1408 -118.996
1409 -119.391
1410 -119.124
1411 -119.48
1412 -121.004
1413 -122.17
1414 -122.157
1415 -122.239
1416 -121.364
1417 -120.968
1418 -120.561
1419 -121.061
1420 -121.101
1421 -121.649
1422 -122.183
1423 -122.162
1424 -121.624
1425 -122.064
1426 -122.642
1427 -123.37
1428 -122.933
1429 -120.605
1430 -121.413
1431 -119.743
1432 -120.406
1433 -120.398
1434 -122.314
1435 -121.663
1436 -120.445
1437 -121.647
1438 -120.266
1439 -118.742
1440 -121.397
1441 -120.13
1442 -118.602
1443 -119.571
1444 -119.482
1445 -119.347
1446 -120.26
1447 -120.193
1448 -121.433
1449 -120.088
1450 -119.871
1451 -119.88
1452 -121.806
1453 -119.944
1454 -122.656
1455 -121.639
1456 -120.268
1457 -121.412
1458 -122.514
1459 -122.637
1460 -122.466
1461 -122.733
1462 -123.057
1463 -121.201
1464 -122.362
1465 -123.447
1466 -121.918
1467 -121.862
1468 -121.262
1469 -121.376
1470 -122.114
1471 -120.32
1472 -121.218
1473 -121.404
1474 -119.086
1475 -121.534
1476 -122.009
1477 -121.989
1478 -120.631
1479 -121.497
1480 -119.488
1481 -120.266
1482 -120.934
1483 -119.933
1484 -119.571
1485 -121.034
1486 -120.697
1487 -119.536
1488 -118.639
1489 -120.747
1490 -119.414
1491 -120.061
1492 -118.775
1493 -119.993
1494 -121.259
1495 -121.228
1496 -122.112
1497 -121.688
1498 -119.808
1499 -120.159
1500 -119.676
1501 -119.546
1502 -119.882
1503 -118.079
1504 -118.534
1505 -118.766
1506 -118.467
1507 -118.845
1508 -118.558
1509 -117.142
1510 -116.103
1511 -116.594
1512 -114.237
1513 -112.526
1514 -113.272
1515 -115.126
1516 -113.003
1517 -114.207
1518 -110.94
1519 -111.192
1520 -110.23
1521 -108.751
1522 -107.705
1523 -106.103
1524 -106.754
1525 -105.225
1526 -106.489
1527 -106.042
1528 -105.174
1529 -105.893
1530 -105.555
1531 -103.726
1532 -104.095
1533 -103.757
1534 -104.54
1535 -105.375
1536 -104.774
1537 -105.779
1538 -104.267
1539 -104.751
1540 -106.547
1541 -106.596
1542 -105.438
1543 -107.661
1544 -107.004
1545 -108.307
1546 -107.394
1547 -107.476
1548 -108.356
1549 -109.981
1550 -109.871
1551 -109.75
1552 -110.998
1553 -112.262
1554 -111.688
1555 -111.482
1556 -112.673
1557 -113.163
1558 -114.003
1559 -112.731
1560 -114.317
1561 -115.364
1562 -115.75
1563 -115.233
1564 -114.27
1565 -114.786
1566 -114.421
1567 -116.168
1568 -114.975
1569 -115.483
1570 -116.394
1571 -115.991
1572 -116.774
1573 -116.208
1574 -115.408
1575 -115.562
1576 -117.672
1577 -115.847
1578 -117.009
1579 -116.629
1580 -117.659
1581 -115.901
1582 -117.249
1583 -115.995
1584 -116.401
1585 -117.867
1586 -118.532
1587 -118.675
1588 -117.11
1589 -117.385
1590 -116.292
1591 -116.925
1592 -118.239
1593 -118.315
1594 -119.326
1595 -117.238
1596 -116.401
1597 -118.255
1598 -117.441
1599 -117.217
1600 -117.635
1601 -117.309
1602 -117.641
1603 -118.873
1604 -118.456
1605 -118.1
1606 -117.362
1607 -118.535
1608 -119.104
1609 -118.269
1610 -118.072
1611 -119.817
1612 -117.173
1613 -116.9
1614 -118.164
1615 -117.893
1616 -117.998
1617 -116.587
1618 -118.398
1619 -118.308
1620 -117.16
1621 -118.163
1622 -117.097
1623 -118.031
1624 -116.352
1625 -115.335
1626 -115.85
1627 -117.461
1628 -118.276
1629 -117.419
1630 -114.74
1631 -114.257
1632 -113.169
1633 -112.142
1634 -113.566
1635 -113.579
1636 -110.573
1637 -110.642
1638 -111.416
1639 -110.776
1640 -108.597
1641 -109.277
1642 -108.627
1643 -107.335
1644 -104.849
1645 -103.869
1646 -105.308
1647 -104.586
1648 -103.626
1649 -102.175
1650 -103.08
1651 -102.402
1652 -101.322
1653 -100.553
1654 -100.115
1655 -99.3026
1656 -99.397
1657 -98.5538
1658 -97.0794
1659 -97.2028
1660 -97.6486
1661 -96.0183
1662 -96.6968
1663 -96.644
1664 -95.1449
1665 -97.2559
1666 -98.0448
1667 -97.5304
1668 -96.3082
1669 -97.276
1670 -96.9932
1671 -98.0453
1672 -99.4107
1673 -98.7497
1674 -100.515
1675 -99.8218
1676 -100.744
1677 -102.759
1678 -101.091
1679 -102.983
1680 -104.073
1681 -103.811
1682 -104.013
1683 -105.465
1684 -106.23
1685 -105.977
1686 -106.593
1687 -107.737
1688 -107.06
1689 -106.303
1690 -108.588
1691 -109.726
1692 -108.362
1693 -108.254
1694 -110.105
1695 -107.606
1696 -109.536
1697 -109.949
1698 -110.127
1699 -110.648
1700 -109.151
1701 -109.623
1702 -112.286
1703 -111.15
1704 -112.03
1705 -110.529
1706 -110.198
1707 -109.038
1708 -110.944
1709 -108.622
1710 -109.194
1711 -109.452
1712 -110.746
1713 -108.661
1714 -107.415
1715 -109.024
1716 -110.939
1717 -108.408
1718 -108.9
1719 -109.886
1720 -110.395
1721 -110.337
1722 -110.397
1723 -111.621
1724 -110.763
1725 -112.206
1726 -110.715
1727 -113.355
1728 -111.971
1729 -112.216
1730 -112.607
1731 -112.296
1732 -110.333
1733 -111.471
1734 -111.674
1735 -110.624
1736 -110.964
1737 -111.467
1738 -110.534
1739 -111.33
1740 -110.051
1741 -111.141
1742 -112.244
1743 -112.22
1744 -112.235
1745 -111.533
1746 -111.944
1747 -111.811
1748 -110.925
1749 -110.466
1750 -111.462
1751 -110.417
1752 -108.716
1753 -110.264
1754 -108.929
1755 -109.308
1756 -107.94
1757 -108.197
1758 -109.242
1759 -110.193
1760 -109.703
1761 -111.422
1762 -112.688
1763 -112.283
1764 -111.702
1765 -111.977
1766 -111.21
1767 -111.965
1768 -111.066
1769 -113.003
1770 -111.946
1771 -112.704
1772 -109.861
1773 -108.792
1774 -110.982
1775 -111.862
1776 -111.91
1777 -113.306
1778 -112.613
1779 -113.682
1780 -110.472
1781 -112.24
1782 -111.017
1783 -111.337
1784 -111.978
1785 -112.6
1786 -112.33
1787 -112.588
1788 -111.891
1789 -110.732
1790 -109.021
1791 -110.956
1792 -110.915
1793 -109.605
1794 -109.598
1795 -109.608
1796 -108.16
1797 -107.473
1798 -109.928
1799 -109.601
1800 -110.17
1801 -110.712
1802 -110.997
1803 -111.254
1804 -111.891
1805 -112.034
1806 -111.572
1807 -112.62
1808 -112.036
1809 -111.48
1810 -110.753
1811 -110.05
1812 -111.538
1813 -111.612
1814 -111.85
1815 -110.512
1816 -113.358
1817 -111.653
1818 -112.371
1819 -110.321
1820 -111.295
1821 -111.846
1822 -111.105
1823 -111.388
1824 -113.075
1825 -114.158
1826 -113.73
1827 -112.67
1828 -110.129
1829 -110.243
1830 -112.607
1831 -110.802
1832 -109.49
1833 -109.762
1834 -110.142
1835 -109.796
1836 -108.546
1837 -109.856
1838 -109.263
1839 -109.192
1840 -109.591
1841 -110.818
1842 -110.607
1843 -111.383
1844 -110.949
1845 -112.157
1846 -111.899
1847 -111.74
1848 -111.125
1849 -111.841
1850 -111.146
1851 -110.548
1852 -110.586
1853 -111.509
1854 -111.034
1855 -112.071
1856 -111.815
1857 -112.667
1858 -111.802
1859 -110.839
1860 -110.636
1861 -109.965
1862 -111.861
1863 -111.623
1864 -111.051
1865 -112.342
1866 -112.435
1867 -110.896
1868 -113.1
1869 -110.836
1870 -108.897
1871 -108.331
1872 -109.095
1873 -110.24
1874 -108.413
1875 -109.466
1876 -108.585
1877 -108.597
1878 -109.499
1879 -108.368
1880 -110.185
1881 -108.475
1882 -112.947
1883 -110.623
1884 -111.593
1885 -111.917
1886 -110.764
1887 -111.499
1888 -111.238
1889 -111.615
1890 -112.748
1891 -111.559
1892 -110.936
1893 -110.371
1894 -111.016
1895 -110.679
1896 -110.948
1897 -110.04
1898 -112.321
1899 -113.443
1900 -111.743
1901 -111.371
1902 -111.79
1903 -111.266
1904 -109.999
1905 -111.509
1906 -111.549
1907 -113.127
1908 -112.464
1909 -110.866
1910 -110.477
1911 -109.133
1912 -108.489
1913 -109.216
1914 -108.18
1915 -108.994
1916 -109.201
1917 -108.821
1918 -109.508
1919 -107.703
1920 -107.646
1921 -109.005
1922 -108.184
1923 -110.015
1924 -111.303
1925 -110.777
1926 -110.269
1927 -110.594
1928 -110.357
1929 -112.657
1930 -111.399
1931 -110.906
1932 -109.828
1933 -111.855
1934 -111.551
1935 -108.952
1936 -112.532
1937 -109.841
1938 -109.26
1939 -110.717
1940 -111.045
1941 -109.265
1942 -109.925
1943 -109.643
1944 -110.17
1945 -111.194
1946 -111.318
1947 -111.83
1948 -112.519
1949 -111.054
1950 -110.439
1951 -109.179
1952 -109.998
1953 -110.648
1954 -109.603
1955 -109.309
1956 -107.948
1957 -108.332
1958 -107.996
1959 -107.032
1960 -108.683
1961 -108.523
1962 -107.691
1963 -109.063
1964 -108.906
1965 -109.535
1966 -109.483
1967 -111.771
1968 -110.162
1969 -110.06
1970 -110.385
1971 -110.742
1972 -109.981
1973 -109.819
1974 -108.555
1975 -108.968
1976 -111.358
1977 -110.165
1978 -111.139
1979 -109.556
1980 -109.587
1981 -110.406
1982 -109.785
1983 -110.063
1984 -109.84
1985 -110.137
1986 -111.55
1987 -111.772
1988 -111.344
1989 -112.137
1990 -109.593
1991 -109.387
1992 -108.667
1993 -107.588
1994 -109.182
1995 -107.229
1996 -108.992
1997 -107.351
1998 -108.069
1999 -107.499
2000 -107.784
2001 -107.21
2002 -107.376
2003 -107.634
2004 -108.71
2005 -108.216
2006 -110.37
2007 -110.368
2008 -110.119
2009 -110.916
2010 -110.127
2011 -109.581
2012 -110.962
2013 -108.655
2014 -109.185
2015 -109.028
2016 -109.006
2017 -109.74
2018 -109.103
2019 -111.072
2020 -109.558
2021 -109.059
2022 -109.95
2023 -109.685
2024 -109.101
2025 -110.357
2026 -109.439
2027 -110.885
2028 -110.078
2029 -111.213
2030 -111.283
2031 -111.598
2032 -109.271
2033 -108.228
2034 -108.527
2035 -109.27
2036 -109.029
2037 -108.511
2038 -110.093
2039 -110.346
2040 -109.413
2041 -110.915
2042 -110.984
2043 -111.437
2044 -112.184
2045 -113.549
2046 -114.771
2047 -114.203
2048 -114.884
2049 -116.013
2050 -117.088
2051 -119.149
2052 -118.346
2053 -119.005
2054 -120.642
2055 -118.727
2056 -119.498
2057 -119.236
2058 -122.414
2059 -122.081
2060 -122.654
2061 -123.651
2062 -124.749
2063 -123.566
2064 -122.687
2065 -123.692
2066 -122.193
2067 -123.782
2068 -124.784
2069 -122.646
2070 -123.563
2071 -124.486
2072 -123.94
2073 -124.254
2074 -123.733
2075 -122.559
2076 -122.425
2077 -122.889
2078 -121.267
2079 -121.938
2080 -122.462
2081 -121.651
2082 -119.591
2083 -120.917
2084 -120.787
2085 -119.367
2086 -119.619
2087 -119.837
2088 -118.596
2089 -116.529
2090 -116.775
2091 -116.505
2092 -116.51
2093 -116.845
2094 -116.744
2095 -115.901
2096 -115.267
2097 -115.194
2098 -115.412
2099 -113.896
2100 -114.589
2101 -114.08
2102 -114.3
2103 -114.2
2104 -113.703
2105 -113.887
2106 -115.267
2107 -111.859
2108 -111.584
2109 -112.64
2110 -111.21
2111 -113.721
2112 -111.412
2113 -113.244
2114 -112.971
2115 -113.016
2116 -110.8
2117 -112.256
2118 -112.292
2119 -111.221
2120 -111.199
2121 -112.561
2122 -112.942
2123 -111.469
2124 -111.799
2125 -111.063
2126 -111.373
2127 -111.834
2128 -111.914
2129 -111.65
2130 -111.602
2131 -110.445
2132 -111.593
2133 -111.992
2134 -111.404
2135 -111.298
2136 -112.701
2137 -111.088
2138 -109.648
2139 -111.748
2140 -110.446
2141 -111.223
2142 -111.242
2143 -112.095
2144 -110.608
2145 -110.461
2146 -111.182
2147 -109.71
2148 -111.569
2149 -111.261
2150 -111.247
2151 -111.28
2152 -111.036
2153 -111.605
2154 -110.659
2155 -110.631
2156 -111.703
2157 -109.968
2158 -111.067
2159 -110.524
2160 -111.793
2161 -112.032
2162 -111.437
2163 -111.851
2164 -113.31
2165 -111.313
2166 -111.894
2167 -113.841
2168 -115.825
2169 -115.716
2170 -117.16
2171 -117.233
2172 -115.827
2173 -116.811
2174 -118.233
2175 -118.75
2176 -118.904
2177 -119.729
2178 -121.917
2179 -121.044
2180 -122.817
2181 -122.725
2182 -124.767
2183 -124.018
2184 -122.403
2185 -125.381
2186 -126.081
2187 -126.556
2188 -128.128
2189 -127.059
2190 -128.048
2191 -130.153
2192 -130.815
2193 -129.532
2194 -131.711
2195 -130.638
2196 -131.742
2197 -133.814
2198 -131.607
2199 -131.829
2200 -131.807
2201 -132.503
2202 -130.971
2203 -131.602
2204 -130.927
2205 -130.78
2206 -130.05
2207 -131.759
2208 -128.789
2209 -128.231
2210 -129.652
2211 -129.476
2212 -128.56
2213 -127.248
2214 -128.826
2215 -126.554
2216 -126.855
2217 -125.769
2218 -125.332
2219 -125.074
2220 -126.02
2221 -123.529
2222 -123.465
2223 -124.18
2224 -122.965
2225 -120.912
2226 -122.496
2227 -120.538
2228 -121.537
2229 -121.546
2230 -120.462
2231 -121.093
2232 -120.709
2233 -119.747
2234 -119.905
2235 -118.285
2236 -119.265
2237 -118.475
2238 -118.626
2239 -120.595
2240 -120.284
2241 -120.204
2242 -120.114
2243 -121.261
2244 -121
2245 -120.879
2246 -121.014
2247 -119.241
2248 -121.681
2249 -120.463
2250 -119.242
2251 -119.861
2252 -121.101
2253 -120.337
2254 -121.249
2255 -120.695
2256 -120.496
2257 -120.03
2258 -118.019
2259 -119.264
2260 -118.322
2261 -118.974
2262 -119.443
2263 -122.068
2264 -121.626
2265 -120.093
2266 -116.473
2267 -118.148
2268 -118.215
2269 -117.839
2270 -117.908
2271 -118.206
2272 -119.82
2273 -118.437
2274 -118.295
2275 -119.12
2276 -118.343
2277 -118.29
2278 -116.471
2279 -116.63
2280 -117.2
2281 -117.874
2282 -118.599
2283 -119.435
2284 -119.183
2285 -121.174
2286 -120.114
2287 -119.53
2288 -120.781
2289 -119.319
2290 -120.632
2291 -121.888
2292 -120.452
2293 -120.83
2294 -121.189
2295 -121.323
2296 -121.409
2297 -120.207
2298 -119.399
2299 -118.936
2300 -119.044
2301 -120.754
2302 -119.455
2303 -119.64
2304 -121.055
2305 -118.353
2306 -120.363
2307 -118.551
2308 -119.096
2309 -118.951
2310 -116.206
2311 -119.123
2312 -118.526
2313 -119.282
2314 -119.413
2315 -118.642
2316 -119.155
2317 -117.912
2318 -117.467
2319 -117.02
2320 -118.359
2321 -118.554
2322 -117.758
2323 -120.749
2324 -119.833
2325 -121.358
2326 -120.491
2327 -121.171
2328 -120.623
2329 -119.655
2330 -120.329
2331 -119.981
2332 -121.127
2333 -121.789
2334 -121.342
2335 -121.926
2336 -121.005
2337 -120.846
2338 -120.955
2339 -119.502
2340 -120.321
2341 -119.416
2342 -118.058
2343 -120.99
2344 -121.307
2345 -120.59
2346 -119.294
2347 -119.75
2348 -120.44
2349 -119.291
2350 -120.031
2351 -119.514
2352 -119.941
2353 -119.41
2354 -118.331
2355 -120.208
2356 -117.588
2357 -119.536
2358 -119.487
2359 -118.972
2360 -116.979
2361 -118.767
2362 -119.057
2363 -122.058
2364 -119.936
2365 -120.384
2366 -121.549
2367 -118.785
2368 -119.323
2369 -120.42
2370 -120.543
2371 -118.713
2372 -120.524
2373 -120.856
2374 -122.127
2375 -121.3
2376 -121.506
2377 -120.414
2378 -121.617
2379 -121.705
2380 -120.462
2381 -119.427
2382 -119.645
2383 -119.332
2384 -120.605
2385 -121.845
2386 -120.852
2387 -120.619
2388 -119.63
2389 -119.83
2390 -120.124
2391 -118.847
2392 -120.164
2393 -119.635
2394 -120.058
2395 -120.182
2396 -118.313
2397 -119.238
2398 -118.999
2399 -119.28
2400 -117.852
2401 -118.133
2402 -119.036
2403 -120.298
2404 -120.759
2405 -121.214
2406 -121.026
2407 -120.794
2408 -120.371
2409 -120.528
2410 -120.82
2411 -120.367
2412 -120.814
2413 -120.575
2414 -120.908
2415 -122
2416 -122.566
2417 -123.483
2418 -121.364
2419 -121.344
2420 -121.269
2421 -119.392
2422 -120.923
2423 -121.513
2424 -120.904
2425 -121.229
2426 -120.09
2427 -121.03
2428 -120.745
2429 -119.403
2430 -119.255
2431 -119.944
2432 -121.109
2433 -118.673
2434 -118.086
2435 -120.877
2436 -119.246
2437 -119.101
2438 -120.66
2439 -118.411
2440 -118.702
2441 -118.659
2442 -118.833
2443 -119.875
2444 -118.479
2445 -119.634
2446 -121.846
2447 -121.04
2448 -121.254
2449 -120.091
2450 -121.578
2451 -120.371
2452 -120.501
2453 -120.828
2454 -121.77
2455 -121.402
2456 -121.87
2457 -120.903
2458 -120.867
2459 -119.273
2460 -120.203
2461 -120.906
2462 -120.376
2463 -119.185
2464 -120.54
2465 -121.487
2466 -121.64
2467 -121.22
2468 -119.982
2469 -118.968
2470 -120.293
2471 -119.656
2472 -119.007
2473 -119.782
2474 -119.35
2475 -119.687
2476 -120.173
2477 -119.426
2478 -119.635
2479 -119.059
2480 -120.233
2481 -119.672
2482 -116.588
2483 -119.029
2484 -119.802
2485 -119.732
2486 -120.8
2487 -121.44
2488 -121.007
2489 -121.16
2490 -121.798
2491 -119.446
2492 -120.789
2493 -120.398
2494 -121.184
2495 -121.711
2496 -122.624
2497 -123.958
2498 -123.082
2499 -121.487
2500 -120.679
2501 -122.123
2502 -120.317
2503 -120.261
2504 -120.834
2505 -120.046
2506 -121.56
2507 -121.787
2508 -121.818
2509 -120.01
2510 -119.428
2511 -120.565
2512 -118.911
2513 -118.429
2514 -119.713
2515 -119.392
2516 -119.69
2517 -120.607
2518 -119.895
2519 -119.183
2520 -119.066
2521 -117.986
2522 -119.316
2523 -119.474
2524 -120.79
2525 -121.379
2526 -121.274
2527 -121.309
2528 -121.754
2529 -122.106
2530 -120.125
2531 -120.854
2532 -121.257
2533 -120.517
2534 -120.987
2535 -120.593
2536 -122.307
2537 -122.107
2538 -122.646
2539 -122.189
2540 -121.515
2541 -120.614
2542 -122.274
2543 -120.864
2544 -119.682
2545 -121.219
2546 -120.034
2547 -121.357
2548 -120.974
2549 -121.109
2550 -120.56
2551 -119.855
2552 -119.313
2553 -119.128
2554 -118.927
2555 -120.584
2556 -119.255
2557 -120.183
2558 -119.912
2559 -118.039
2560 -119.771
2561 -119.358
2562 -117.531
2563 -118.337
2564 -118.381
2565 -118.587
2566 -118.745
2567 -120.829
2568 -120.255
2569 -121.357
2570 -121.411
2571 -120.808
2572 -119.564
2573 -120.097
2574 -119.536
2575 -119.823
2576 -119.453
2577 -118.782
2578 -119.524
2579 -118.508
2580 -118.012
2581 -117.398
2582 -116.687
2583 -115.745
2584 -114.249
2585 -114.872
2586 -113.556
2587 -113.009
2588 -110.997
2589 -112.179
2590 -112.394
2591 -110.48
2592 -109.319
2593 -107.349
2594 -108.577
2595 -106.354
2596 -107.86
2597 -105.434
2598 -106.247
2599 -105.011
2600 -104.837
2601 -104.521
2602 -104.278
2603 -105.95
2604 -103.137
2605 -103.075
2606 -103.961
2607 -104.007
2608 -104.894
2609 -105.556
2610 -104.658
2611 -105.758
2612 -105.593
2613 -105.656
2614 -104.71
2615 -106.589
2616 -107.018
2617 -106.982
2618 -106.948
2619 -108.58
2620 -110.221
2621 -107.647
2622 -108.074
2623 -110.495
2624 -111.546
2625 -110.366
2626 -112.004
2627 -112.363
2628 -112.645
2629 -112.172
2630 -114.11
2631 -112.954
2632 -113.119
2633 -113.214
2634 -114.092
2635 -113.571
2636 -113.949
2637 -114.246
2638 -114.16
2639 -115.163
2640 -117.494
2641 -116.044
2642 -115.371
2643 -115.866
2644 -115.33
2645 -115.681
2646 -115.181
2647 -115.383
2648 -116.661
2649 -116.055
2650 -118.189
2651 -115.555
2652 -118.175
2653 -116.232
2654 -116.324
2655 -116.53
2656 -116.998
2657 -117.782
2658 -117.406
2659 -116.06
2660 -117.852
2661 -116.4
2662 -116.042
2663 -116.716
2664 -118.199
2665 -117.621
2666 -116.681
2667 -117.235
2668 -117.08
2669 -117.774
2670 -118.291
2671 -117.806
2672 -116.767
2673 -118.627
2674 -117.919
2675 -117.848
2676 -117.453
2677 -118.297
2678 -116.604
2679 -116.698
2680 -117.014
2681 -117.315
2682 -116.583
2683 -117.041
2684 -117.971
2685 -117.382
2686 -117.602
2687 -118.327
2688 -116.436
2689 -116.469
2690 -117.834
2691 -117.508
2692 -118.089
2693 -116.669
2694 -117.764
2695 -117.556
2696 -117.716
2697 -116.742
2698 -115.389
2699 -116.676
2700 -116.557
2701 -116.334
2702 -114.195
2703 -115.002
2704 -114.164
2705 -113.375
2706 -112.609
2707 -112.615
2708 -112.271
2709 -111.454
2710 -108.801
2711 -107.532
2712 -110.076
2713 -107.349
2714 -108.238
2715 -107.508
2716 -105.87
2717 -107.112
2718 -104.986
2719 -107.185
2720 -104.636
2721 -103.525
2722 -102.676
2723 -102.292
2724 -99.2833
2725 -100.108
2726 -99.2274
2727 -100.288
2728 -99.3402
2729 -99.3305
2730 -97.7938
2731 -96.9952
2732 -96.9239
2733 -96.3268
2734 -97.2228
2735 -97.3839
2736 -95.8856
2737 -96.1539
2738 -96.7539
2739 -97.3288
2740 -95.5075
2741 -97.4323
2742 -96.5119
2743 -96.8197
2744 -99.4444
2745 -98.4193
2746 -99.486
2747 -99.759
2748 -102.095
2749 -101.778
2750 -101.017
2751 -101.318
2752 -103.362
2753 -104.68
2754 -103.74
2755 -106.218
2756 -105.209
2757 -107.747
2758 -106.943
2759 -107.386
2760 -108.251
2761 -107.093
2762 -107.629
2763 -107.867
2764 -108.231
2765 -109.173
2766 -107.9
2767 -109.208
2768 -107.903
2769 -108.479
2770 -107.938
2771 -109.235
2772 -110.367
2773 -110.648
2774 -110.524
2775 -109.434
2776 -112.66
2777 -109.933
2778 -110.928
2779 -111.125
2780 -109.428
2781 -109.053
2782 -108.568
2783 -109.474
2784 -110.219
2785 -108.499
2786 -107.775
2787 -106.389
2788 -108.074
2789 -108.625
2790 -110.687
2791 -109.702
2792 -109.731
2793 -110.037
2794 -111.412
2795 -112.634
2796 -110.39
2797 -111.935
2798 -111.483
2799 -111.275
2800 -110.971
2801 -110.317
2802 -111.595
2803 -108.528
2804 -111.336
2805 -111.2
2806 -111.373
2807 -111.833
2808 -111.522
2809 -111.675
2810 -109.887
2811 -110.488
2812 -110.736
2813 -111.22
2814 -111.564
2815 -113.269
2816 -113.642
2817 -113.276
2818 -112.814
2819 -112.118
2820 -113.995
2821 -111.085
2822 -111.153
2823 -110.658
2824 -109.841
2825 -109.985
2826 -110.347
2827 -107.947
2828 -107.814
2829 -108.656
2830 -109.897
2831 -109.515
2832 -109.395
2833 -108.35
2834 -110.065
2835 -111.019
2836 -110.716
2837 -111.062
2838 -111.159
2839 -109.678
2840 -112.793
2841 -111.784
2842 -112.417
2843 -111.834
2844 -111.14
2845 -109.647
2846 -112.061
2847 -111.442
2848 -111.242
2849 -112.613
2850 -110.84
2851 -110.932
2852 -113.19
2853 -113.21
2854 -111.956
2855 -113.618
2856 -111.737
2857 -111.869
2858 -112.866
2859 -112.44
2860 -113.339
2861 -111.254
2862 -111.153
2863 -110.357
2864 -108.633
2865 -109.924
2866 -110.126
2867 -108.87
2868 -109.81
2869 -109.123
2870 -111.396
2871 -108.533
2872 -110.574
2873 -109.148
2874 -110.117
2875 -110.505
2876 -110.855
2877 -112.159
2878 -113.022
2879 -111.988
2880 -113.191
2881 -112.725
2882 -111.633
2883 -112.609
2884 -112.047
2885 -111.528
2886 -110.453
2887 -110.402
2888 -111.447
2889 -111.122
2890 -111.72
2891 -110.871
2892 -112.059
2893 -111.201
2894 -112.475
2895 -112.654
2896 -112.541
2897 -113.809
2898 -113.319
2899 -112.632
2900 -111.242
2901 -110.527
2902 -112.184
2903 -111.209
2904 -110.481
2905 -110.01
2906 -110.076
2907 -109.674
2908 -110.498
2909 -109.984
2910 -110.226
2911 -108.432
2912 -108.323
2913 -109.092
2914 -111
2915 -111.046
2916 -110.779
2917 -111.458
2918 -112.087
2919 -111.819
2920 -112.433
2921 -111.064
2922 -111.567
2923 -112.885
2924 -111.918
2925 -111.476
2926 -111.153
2927 -109.815
2928 -110.958
2929 -110.243
2930 -111.836
2931 -112.761
2932 -112.169
2933 -109.889
2934 -112.593
2935 -112.026
2936 -110.177
2937 -113.493
2938 -111.149
2939 -111.345
2940 -111.614
2941 -111.142
2942 -110.996
2943 -111.282
2944 -110.905
2945 -109.261
2946 -110.189
2947 -109.982
2948 -109.64
2949 -109.404
2950 -109.482
2951 -107.515
2952 -108.32
2953 -108.88
2954 -107.786
2955 -109.369
2956 -111.121
2957 -110.786
2958 -110.955
2959 -111.579
2960 -111.434
2961 -111.364
2962 -110.845
2963 -110.48
2964 -110.789
2965 -111.083
2966 -110.274
2967 -111.812
2968 -111.313
2969 -111.457
2970 -111.339
2971 -112.594
2972 -109.728
2973 -110.59
2974 -110.949
2975 -110.24
2976 -109.702
2977 -112.589
2978 -111.073
2979 -111.478
2980 -112.582
2981 -110.349
2982 -112.106
2983 -111.826
2984 -111.199
2985 -109.586
2986 -110.885
2987 -109.064
2988 -110.073
2989 -107.837
2990 -108.438
2991 -107.802
2992 -108.465
2993 -108.434
2994 -109.268
2995 -109.043
2996 -108.609
2997 -110.948
2998 -111.448
2999 -110.344
3000 -111.243
3001 -111.585
3002 -111.668
3003 -109.658
3004 -111.196
3005 -110.552
3006 -109.667
3007 -110.549
3008 -110.169
3009 -110.161
3010 -110.932
3011 -111.041
3012 -111.436
3013 -111.377
3014 -111.673
3015 -111.519
3016 -111.621
3017 -108.854
3018 -110.539
3019 -110.224
3020 -111.395
3021 -110.972
3022 -111.396
3023 -111.373
3024 -110.305
3025 -110.348
3026 -108.062
3027 -109.532
3028 -109.216
3029 -108.176
3030 -107.727
3031 -107.753
3032 -109.492
3033 -107.049
3034 -109.426
3035 -108.411
3036 -109.37
3037 -109.232
3038 -110.545
3039 -110.104
3040 -111.167
3041 -111.029
3042 -110.597
3043 -109.363
3044 -110.294
3045 -109.804
3046 -108.582
3047 -109.646
3048 -108.871
3049 -109.307
3050 -110.605
3051 -109.8
3052 -109.944
3053 -110.058
3054 -110.073
3055 -110.313
3056 -109.845
3057 -111.412
3058 -110.913
3059 -110.433
3060 -111.39
3061 -111.209
3062 -110.752
3063 -111.189
3064 -110.14
3065 -109.474
3066 -109.128
3067 -108.438
3068 -108.603
3069 -108.795
3070 -108.765
3071 -107.537
3072 -107.504
3073 -106.683
3074 -108.461
3075 -108.089
3076 -109.935
3077 -108.345
3078 -108.37
3079 -109.66
3080 -110.255
3081 -109.529
3082 -111.183
3083 -110.005
3084 -110.03
3085 -110.326
3086 -110.525
3087 -109.459
3088 -109.194
3089 -110.37
3090 -109.717
3091 -110.002
3092 -109.091
3093 -110.351
3094 -110.367
3095 -108.114
3096 -108.131
3097 -108.012
3098 -109.121
3099 -109.426
3100 -110.615
3101 -111.739
3102 -109.989
3103 -112.255
3104 -109.999
3105 -109.058
3106 -109.121
3107 -109.237
3108 -109.301
3109 -108.952
3110 -109.795
3111 -110.894
3112 -111.215
3113 -111.752
3114 -109.444
3115 -110.291
3116 -111.25
3117 -112.501
3118 -114.817
3119 -114.321
3120 -114.655
3121 -115.674
3122 -116.109
3123 -117.046
3124 -118.368
3125 -117.037
3126 -118.809
3127 -119.247
3128 -119.742
3129 -120.36
3130 -120.529
3131 -122.109
3132 -121.609
3133 -123.711
3134 -124.937
3135 -126.054
3136 -125.909
3137 -124.339
3138 -124.413
3139 -121.817
3140 -123.616
3141 -124.389
3142 -123.575
3143 -122.926
3144 -122.686
3145 -124.931
3146 -123.317
3147 -124.233
3148 -123.276
3149 -122.675
3150 -122.636
3151 -121.344
3152 -122.458
3153 -123.484
3154 -121.901
3155 -121.65
3156 -119.538
3157 -119.737
3158 -118.433
3159 -118.796
3160 -119.486
3161 -117.896
3162 -117.083
3163 -116.362
3164 -114.78
3165 -116.907
3166 -117.539
3167 -114.422
3168 -114.526
3169 -114.883
3170 -114.63
3171 -114.76
3172 -114.511
3173 -113.74
3174 -115.1
3175 -114.191
3176 -114.64
3177 -114.119
3178 -113.339
3179 -113.081
3180 -112.721
3181 -111.739
3182 -113.358
3183 -114.221
3184 -113.277
3185 -113.365
3186 -113.321
3187 -111.772
3188 -111.805
3189 -111.589
3190 -111.148
3191 -112.127
3192 -111.962
3193 -111.973
3194 -112.146
3195 -111.385
3196 -112.19
3197 -112.399
3198 -112.867
3199 -111.911
3200 -110.949
3201 -113.067
3202 -111.508
3203 -112.133
3204 -111.382
3205 -110.73
3206 -113.295
3207 -111.896
3208 -109.581
3209 -110.177
3210 -109.741
3211 -111.183
3212 -110.959
3213 -111.174
3214 -111.008
3215 -111.354
3216 -110.669
3217 -110.935
3218 -110.152
3219 -112.769
3220 -110.347
3221 -111.383
3222 -109.715
3223 -110.449
3224 -110.839
3225 -109.994
3226 -110.868
3227 -112.029
3228 -111.572
3229 -111.5
3230 -110.112
3231 -110.688
3232 -112.417
3233 -110.869
3234 -110.696
3235 -111.984
3236 -110.077
3237 -111.583
3238 -109.907
3239 -109.417
3240 -111.146
3241 -111.383
3242 -110.379
3243 -111.241
3244 -111.561
3245 -111.429
3246 -110.379
3247 -109.602
3248 -109.76
3249 -112.571
3250 -110.437
3251 -111.743
3252 -109.268
3253 -110.938
3254 -111.741
3255 -111.023
3256 -111.379
3257 -110.689
3258 -111.286
3259 -110.562
3260 -111.987
3261 -111.563
3262 -110.952
3263 -112.01
3264 -111.837
3265 -111.177
3266 -109.79
3267 -112.356
3268 -111.329
3269 -111.291
3270 -111.136
3271 -111.24
3272 -111.477
3273 -109.957
3274 -109.832
3275 -112.468
3276 -110.536
3277 -109.854
3278 -110.713
3279 -111.088
3280 -110.709
3281 -111.482
3282 -111.314
3283 -111.424
3284 -112.67
3285 -110.732
3286 -112.239
3287 -111.018
3288 -111.555
3289 -110.524
3290 -112.215
3291 -110.661
3292 -110.211
3293 -110.454
3294 -112.114
3295 -110.462
3296 -110.753
3297 -111.224
3298 -110.846
3299 -111.335
3300 -112.199
3301 -111.403
3302 -112.399
3303 -110.942
3304 -110.437
3305 -111.323
3306 -111.289
3307 -111.545
3308 -110.724
3309 -111.28
3310 -112.258
3311 -111.26
3312 -111.355
3313 -111.485
3314 -111.145
3315 -112.203
3316 -110.309
3317 -110.222
3318 -109.816
3319 -113.475
3320 -111.725
3321 -111.988
3322 -110.592
3323 -111.783
3324 -111.295
3325 -111.66
3326 -112.642
3327 -111.316
3328 -110.354
3329 -109.845
3330 -110.57
3331 -111.91
3332 -111.52
3333 -110.861
3334 -114.372
3335 -112.042
3336 -109.493
3337 -110.867
3338 -111.04
3339 -110.744
3340 -111.181
3341 -110.09
3342 -111.957
3343 -110.951
3344 -111.668
3345 -111.63
3346 -110.594
3347 -110.776
3348 -110.948
3349 -110.533
3350 -111.015
3351 -110.964
3352 -113.024
3353 -110.753
3354 -111.559
3355 -112.762
3356 -113.324
3357 -112.82
3358 -111.865
3359 -111.456
3360 -111.347
3361 -110.276
3362 -111.699
3363 -111.246
3364 -112
3365 -110.967
3366 -111.597
3367 -110.626
3368 -110.695
3369 -111.244
3370 -110.492
3371 -110.41
3372 -110.577
3373 -111.129
3374 -111.617
3375 -111.09
3376 -111.846
3377 -112.471
3378 -111.014
3379 -110.572
3380 -111.708
3381 -110.936
3382 -112.086
3383 -111.237
3384 -111.833
3385 -111.565
3386 -111.508
3387 -111.156
3388 -111.201
3389 -110.493
3390 -110.851
3391 -111.937
3392 -110.847
3393 -110.708
3394 -109.932
3395 -112.176
3396 -111.254
3397 -112.022
3398 -111.012
3399 -112.003
