0 -103.72
1 -103.71
2 -103.701
3 -103.653
4 -103.624
5 -103.613
6 -103.62
7 -103.628
8 -103.626
9 -103.619
10 -103.599
11 -103.58
12 -103.59
13 -103.581
14 -103.614
15 -103.636
16 -103.638
17 -103.645
18 -103.626
19 -103.61
20 -103.611
21 -103.631
22 -103.64
23 -103.631
24 -103.602
25 -103.59
26 -103.59
27 -103.712
28 -104.41
29 -104.671
30 -104.72
31 -104.766
32 -105.132
33 -105.8
34 -106.591
35 -107.271
36 -107.803
37 -108.237
38 -108.677
39 -109.165
40 -109.664
41 -110.179
42 -110.691
43 -111.147
44 -111.55
45 -111.835
46 -112.196
47 -112.655
48 -113.303
49 -114.025
50 -114.752
51 -115.395
52 -115.978
53 -116.544
54 -117.076
55 -117.66
56 -118.232
57 -118.832
58 -119.385
59 -119.849
60 -120.197
61 -120.481
62 -120.7
63 -121.045
64 -121.358
65 -121.649
66 -121.79
67 -121.825
68 -121.839
69 -121.763
70 -121.582
71 -121.369
72 -121.115
73 -120.807
74 -120.436
75 -120.053
76 -119.644
77 -119.27
78 -118.915
79 -118.581
80 -118.071
81 -117.45
82 -116.97
83 -116.672
84 -116.454
85 -116.112
86 -115.724
87 -115.484
88 -115.28
89 -115.065
90 -114.668
91 -113.992
92 -113.328
93 -112.876
94 -112.578
95 -112.418
96 -112.231
97 -111.975
98 -111.654
99 -111.35
100 -111.087
101 -110.891
102 -110.807
103 -110.734
104 -110.77
105 -110.886
106 -110.707
107 -110.465
108 -110.302
109 -110.469
110 -110.34
111 -110.011
112 -110.067
113 -110.474
114 -111.042
115 -111.632
116 -111.988
117 -111.985
118 -111.736
119 -111.377
120 -111.261
121 -111.4
122 -111.642
123 -111.74
124 -111.902
125 -112.035
126 -111.935
127 -111.862
128 -111.987
129 -112.193
130 -112.264
131 -112.189
132 -111.97
133 -111.694
134 -111.408
135 -111.298
136 -111.42
137 -111.641
138 -111.961
139 -112.029
140 -112.019
141 -111.781
142 -111.321
143 -110.81
144 -110.436
145 -110.324
146 -110.267
147 -110.087
148 -109.854
149 -109.774
150 -109.625
151 -109.606
152 -109.573
153 -109.633
154 -109.7
155 -109.654
156 -109.734
157 -109.692
158 -109.755
159 -109.477
160 -109.179
161 -109.174
162 -109.593
163 -110.162
164 -110.842
165 -111.37
166 -111.364
167 -111.111
168 -110.67
169 -110.46
170 -110.711
171 -111.06
172 -111.308
173 -111.384
174 -111.541
175 -111.661
176 -111.68
177 -111.775
178 -111.83
179 -111.791
180 -111.826
181 -111.733
182 -111.449
183 -111.279
184 -111.243
185 -111.165
186 -111.352
187 -111.68
188 -111.853
189 -111.913
190 -111.714
191 -111.359
192 -110.847
193 -110.396
194 -110.256
195 -110.24
196 -110.191
197 -110.073
198 -109.97
199 -109.842
200 -109.838
201 -109.844
202 -109.932
203 -109.919
204 -109.861
205 -109.836
206 -109.839
207 -109.893
208 -109.678
209 -109.44
210 -109.536
211 -109.949
212 -110.628
213 -111.292
214 -111.585
215 -111.548
216 -111.411
217 -111.088
218 -111.08
219 -111.256
220 -111.49
221 -111.679
222 -111.735
223 -111.823
224 -111.753
225 -111.785
226 -111.879
227 -111.913
228 -111.855
229 -111.813
230 -111.687
231 -111.34
232 -111.268
233 -111.248
234 -111.344
235 -111.649
236 -111.86
237 -111.933
238 -111.74
239 -111.465
240 -111.01
241 -110.525
242 -110.16
243 -110.097
244 -110.034
245 -109.919
246 -109.908
247 -109.824
248 -109.598
249 -109.575
250 -109.594
251 -109.645
252 -109.567
253 -109.55
254 -109.533
255 -109.651
256 -109.611
257 -109.343
258 -109.309
259 -109.52
260 -110.083
261 -110.78
262 -111.424
263 -111.565
264 -111.58
265 -111.325
266 -111.173
267 -111.295
268 -111.43
269 -111.64
270 -111.793
271 -112.068
272 -112.112
273 -112.048
274 -112.063
275 -112.25
276 -112.382
277 -112.402
278 -112.328
279 -111.966
280 -111.795
281 -111.933
282 -111.972
283 -112.025
284 -112.355
285 -112.543
286 -112.65
287 -112.449
288 -112.067
289 -111.545
290 -111.097
291 -111.081
292 -111.183
293 -111.13
294 -110.912
295 -110.789
296 -110.625
297 -110.61
298 -110.573
299 -110.645
300 -110.585
301 -110.589
302 -110.584
303 -110.613
304 -110.698
305 -110.498
306 -110.346
307 -110.525
308 -110.99
309 -111.575
310 -112.193
311 -112.389
312 -112.362
313 -112.144
314 -111.816
315 -111.829
316 -111.972
317 -112.185
318 -112.379
319 -112.57
320 -112.797
321 -112.757
322 -112.657
323 -112.744
324 -112.808
325 -112.888
326 -112.909
327 -112.765
328 -112.281
329 -112.212
330 -112.25
331 -112.23
332 -112.403
333 -112.73
334 -112.833
335 -112.715
336 -112.336
337 -111.892
338 -111.445
339 -111.178
340 -111.16
341 -111.19
342 -111.025
343 -111.005
344 -110.869
345 -110.755
346 -110.716
347 -110.665
348 -110.705
349 -110.667
350 -110.711
351 -110.676
352 -110.61
353 -110.541
354 -110.361
355 -110.442
356 -110.869
357 -111.433
358 -112.087
359 -112.554
360 -112.635
361 -112.473
362 -112.224
363 -112.07
364 -112.43
365 -112.705
366 -112.966
367 -112.932
368 -113.043
369 -113.152
370 -113.199
371 -113.297
372 -113.333
373 -113.249
374 -113.21
375 -113.283
376 -113.11
377 -112.674
378 -112.618
379 -112.612
380 -112.75
381 -113.052
382 -113.291
383 -113.247
384 -112.995
385 -112.53
386 -112.031
387 -111.567
388 -111.488
389 -111.504
390 -111.363
391 -111.094
392 -110.93
393 -110.776
394 -110.691
395 -110.711
396 -110.73
397 -110.679
398 -110.663
399 -110.66
400 -110.627
401 -110.611
402 -110.429
403 -110.248
404 -110.508
405 -111.04
406 -111.685
407 -112.29
408 -112.503
409 -112.475
410 -112.265
411 -111.986
412 -112.049
413 -112.311
414 -112.559
415 -112.735
416 -112.837
417 -113.07
418 -113.03
419 -112.883
420 -112.923
421 -112.998
422 -113.071
423 -113.1
424 -112.94
425 -112.505
426 -112.325
427 -112.393
428 -112.436
429 -112.65
430 -113.017
431 -113.228
432 -113.198
433 -112.853
434 -112.339
435 -111.772
436 -111.487
437 -111.495
438 -111.498
439 -111.42
440 -111.3
441 -111.117
442 -110.93
443 -110.969
444 -110.942
445 -110.973
446 -110.885
447 -110.94
448 -110.915
449 -111.025
450 -110.91
451 -110.65
452 -110.574
453 -110.923
454 -111.522
455 -112.257
456 -112.765
457 -112.86
458 -112.772
459 -112.607
460 -112.482
461 -112.698
462 -112.92
463 -113.179
464 -113.205
465 -113.311
466 -113.297
467 -113.244
468 -113.244
469 -113.256
470 -113.221
471 -113.192
472 -113.205
473 -112.95
474 -112.461
475 -112.408
476 -112.452
477 -112.596
478 -112.895
479 -113.143
480 -113.123
481 -112.815
482 -112.324
483 -111.796
484 -111.39
485 -111.324
486 -111.34
487 -111.162
488 -111.035
489 -110.993
490 -110.833
491 -110.662
492 -110.599
493 -110.667
494 -110.735
495 -110.63
496 -110.52
497 -110.451
498 -110.593
499 -110.625
500 -110.565
501 -110.733
502 -111.168
503 -111.767
504 -112.453
505 -112.762
506 -112.8
507 -112.555
508 -112.373
509 -112.373
510 -112.696
511 -112.9
512 -113.14
513 -113.219
514 -113.401
515 -113.304
516 -113.085
517 -113.07
518 -113.006
519 -112.963
520 -112.725
521 -112.368
522 -111.681
523 -111.23
524 -110.999
525 -110.668
526 -110.425
527 -110.513
528 -110.4
529 -109.987
530 -109.307
531 -108.39
532 -107.512
533 -106.734
534 -106.072
535 -105.565
536 -104.931
537 -104.219
538 -103.443
539 -102.82
540 -102.217
541 -101.637
542 -101.109
543 -100.778
544 -100.372
545 -100.015
546 -99.5882
547 -99.1445
548 -98.7918
549 -98.5009
550 -98.16
551 -97.91
552 -97.6445
553 -97.3873
554 -97.1536
555 -97.0718
556 -97.0209
557 -97.0473
558 -96.9909
559 -96.7618
560 -96.4818
561 -96.17
562 -96.0445
563 -95.9264
564 -95.8545
565 -95.7609
566 -95.5627
567 -95.2791
568 -95.02
569 -94.4136
570 -93.2836
571 -92.7455
572 -92.36
573 -91.9664
574 -91.3427
575 -90.5391
576 -89.9945
577 -89.9382
578 -90.1927
579 -90.3727
580 -90.4173
581 -90.2055
582 -89.8618
583 -89.69
584 -89.5655
585 -89.5964
586 -89.7318
587 -89.9218
588 -90.0582
589 -90.0945
590 -90.2673
591 -90.6518
592 -91.1191
593 -91.5791
594 -92.02
595 -92.4555
596 -93.0482
597 -93.7509
598 -94.4264
599 -94.9364
600 -95.3873
601 -95.8655
602 -96.4591
603 -97.17
604 -97.7991
605 -98.44
606 -99.0518
607 -99.5245
608 -99.7064
609 -99.9173
610 -100.175
611 -100.575
612 -100.944
613 -101.261
614 -101.531
615 -101.711
616 -101.83
617 -101.88
618 -101.916
619 -101.903
620 -101.833
621 -101.81
622 -101.854
623 -101.96
624 -102.133
625 -102.539
626 -103.143
627 -103.48
628 -103.318
629 -103.029
630 -102.898
631 -103.085
632 -103.273
633 -103.389
634 -103.404
635 -103.165
636 -102.745
637 -102.385
638 -102.14
639 -102.065
640 -101.883
641 -101.745
642 -101.638
643 -101.397
644 -101.077
645 -100.658
646 -100.406
647 -100.226
648 -100.394
649 -100.64
650 -101.11
651 -101.668
652 -102.049
653 -102.051
654 -102.153
655 -102.349
656 -102.684
657 -102.937
658 -103.131
659 -103.251
660 -103.26
661 -103.213
662 -103.198
663 -103.318
664 -103.518
665 -103.653
666 -103.871
667 -104.01
668 -103.921
669 -103.476
670 -102.976
671 -102.66
672 -102.643
673 -102.725
674 -102.995
675 -103.315
676 -103.551
677 -103.667
678 -103.897
679 -104.122
680 -104.312
681 -104.148
682 -103.95
683 -103.829
684 -103.58
685 -103.247
686 -102.948
687 -102.745
688 -102.483
689 -102.135
690 -102.032
691 -101.863
692 -101.697
693 -101.34
694 -100.927
695 -100.553
696 -100.432
697 -100.675
698 -101.063
699 -101.601
700 -102.015
701 -102.187
702 -102.267
703 -102.433
704 -102.7
705 -103.02
706 -103.276
707 -103.433
708 -103.474
709 -103.406
710 -103.312
711 -103.219
712 -103.259
713 -103.46
714 -103.658
715 -103.85
716 -103.773
717 -103.531
718 -103.134
719 -102.812
720 -102.594
721 -102.579
722 -102.719
723 -103.003
724 -103.384
725 -103.365
726 -103.29
727 -103.245
728 -103.332
729 -103.445
730 -103.428
731 -103.401
732 -103.401
733 -103.098
734 -102.776
735 -102.557
736 -102.359
737 -102.1
738 -101.953
739 -101.856
740 -101.665
741 -101.386
742 -100.903
743 -100.481
744 -100.215
745 -100.254
746 -100.495
747 -100.808
748 -101.29
749 -101.583
750 -101.843
751 -101.984
752 -102.191
753 -102.431
754 -102.693
755 -102.976
756 -103.21
757 -103.235
758 -103.174
759 -103.11
760 -103.162
761 -103.245
762 -103.498
763 -103.78
764 -103.985
765 -103.905
766 -103.524
767 -103.079
768 -102.671
769 -102.607
770 -102.78
771 -103.095
772 -103.356
773 -103.375
774 -103.157
775 -103.095
776 -103.183
777 -103.367
778 -103.515
779 -103.589
780 -103.553
781 -103.34
782 -102.985
783 -102.687
784 -102.395
785 -102.206
786 -102.121
787 -102.041
788 -101.903
789 -101.627
790 -101.194
791 -100.628
792 -100.11
793 -100.134
794 -100.355
795 -100.662
796 -101.126
797 -101.577
798 -101.803
799 -101.829
800 -101.87
801 -102.088
802 -102.423
803 -102.73
804 -102.887
805 -102.929
806 -102.778
807 -102.691
808 -102.685
809 -102.853
810 -102.95
811 -103.11
812 -103.249
813 -103.435
814 -103.24
815 -102.854
816 -102.463
817 -102.204
818 -102.132
819 -102.227
820 -102.569
821 -102.842
822 -102.87
823 -102.736
824 -102.865
825 -102.95
826 -103.053
827 -102.984
828 -103.085
829 -103.249
830 -103.02
831 -102.54
832 -102.185
833 -101.985
834 -101.901
835 -101.894
836 -101.82
837 -101.532
838 -101.117
839 -100.618
840 -100.174
841 -99.9555
842 -100.065
843 -100.343
844 -100.815
845 -101.355
846 -101.515
847 -101.52
848 -101.673
849 -101.987
850 -102.359
851 -102.652
852 -102.869
853 -102.913
854 -102.798
855 -102.7
856 -102.851
857 -102.987
858 -103.1
859 -103.142
860 -103.289
861 -103.442
862 -103.312
863 -102.985
864 -102.643
865 -102.396
866 -102.188
867 -102.156
868 -102.291
869 -102.48
870 -102.648
871 -102.67
872 -102.734
873 -102.715
874 -102.728
875 -102.706
876 -102.725
877 -102.828
878 -102.78
879 -102.555
880 -102.14
881 -101.786
882 -101.477
883 -101.407
884 -101.317
885 -101.119
886 -100.945
887 -100.657
888 -100.204
889 -99.68
890 -99.6291
891 -99.84
892 -100.176
893 -100.516
894 -100.852
895 -101.066
896 -101.184
897 -101.329
898 -101.58
899 -101.919
900 -102.264
901 -102.449
902 -102.47
903 -102.345
904 -102.235
905 -102.24
906 -102.425
907 -102.7
908 -102.853
909 -102.934
910 -102.931
911 -102.72
912 -102.278
913 -101.94
914 -101.745
915 -101.813
916 -101.947
917 -102.226
918 -102.582
919 -102.705
920 -102.62
921 -102.492
922 -102.517
923 -102.634
924 -102.68
925 -102.737
926 -102.806
927 -102.538
928 -102.139
929 -101.715
930 -101.482
931 -101.375
932 -101.337
933 -101.335
934 -101.208
935 -100.94
936 -100.349
937 -99.8836
938 -99.6273
939 -99.8036
940 -100.025
941 -100.469
942 -100.929
943 -101.066
944 -101.063
945 -101.15
946 -101.49
947 -101.88
948 -102.264
949 -102.468
950 -102.5
951 -102.389
952 -102.215
953 -102.135
954 -102.211
955 -102.311
956 -102.475
957 -102.65
958 -102.797
959 -102.739
960 -102.392
961 -102.032
962 -101.711
963 -101.435
964 -101.275
965 -101.461
966 -101.925
967 -102.33
968 -102.35
969 -102.384
970 -102.345
971 -102.428
972 -102.505
973 -102.487
974 -102.465
975 -102.295
976 -101.981
977 -101.668
978 -101.325
979 -101.02
980 -100.796
981 -100.684
982 -100.645
983 -100.494
984 -100.275
985 -99.8245
986 -99.27
987 -99.0709
988 -99.2509
989 -99.6345
990 -100.21
991 -100.635
992 -100.805
993 -100.891
994 -100.959
995 -101.22
996 -101.496
997 -101.887
998 -102.099
999 -102.135
1000 -102.068
1001 -101.95
1002 -101.951
1003 -102.055
1004 -102.243
1005 -102.485
1006 -102.617
1007 -102.617
1008 -102.476
1009 -102.121
1010 -101.767
1011 -101.442
1012 -101.41
1013 -101.53
1014 -101.726
1015 -102.107
1016 -102.276
1017 -102.204
1018 -102.102
1019 -102.059
1020 -102.235
1021 -102.227
1022 -102.311
1023 -102.34
1024 -102.187
1025 -101.882
1026 -101.561
1027 -101.301
1028 -101.115
1029 -101.014
1030 -100.89
1031 -100.755
1032 -100.529
1033 -100.316
1034 -99.96
1035 -99.7173
1036 -99.8809
1037 -100.259
1038 -100.859
1039 -101.555
1040 -102.166
1041 -102.48
1042 -102.876
1043 -103.466
1044 -104.235
1045 -104.98
1046 -105.492
1047 -105.914
1048 -106.317
1049 -106.683
1050 -107.031
1051 -107.445
1052 -107.893
1053 -108.455
1054 -108.975
1055 -109.521
1056 -110.09
1057 -110.766
1058 -111.245
1059 -111.577
1060 -111.709
1061 -111.842
1062 -112.075
1063 -112.463
1064 -112.916
1065 -113.39
1066 -113.81
1067 -114.03
1068 -114.258
1069 -114.495
1070 -114.816
1071 -115.245
1072 -115.711
1073 -116.176
1074 -116.498
1075 -116.765
1076 -117.022
1077 -117.333
1078 -117.55
1079 -117.76
1080 -117.884
1081 -117.966
1082 -118.095
1083 -118.263
1084 -118.437
1085 -118.635
1086 -118.839
1087 -119.516
1088 -120.36
1089 -120.71
1090 -121.078
1091 -121.593
1092 -122.242
1093 -122.711
1094 -122.813
1095 -122.602
1096 -122.356
1097 -122.256
1098 -122.427
1099 -122.655
1100 -122.76
1101 -122.658
1102 -122.324
1103 -121.915
1104 -121.566
1105 -121.345
1106 -121.33
1107 -121.319
1108 -121.162
1109 -120.687
1110 -119.96
1111 -119.22
1112 -118.605
1113 -118.248
1114 -117.963
1115 -117.581
1116 -117.136
1117 -116.467
1118 -115.956
1119 -115.595
1120 -115.193
1121 -114.778
1122 -114.56
1123 -114.371
1124 -114.118
1125 -113.727
1126 -113.301
1127 -112.768
1128 -112.143
1129 -111.552
1130 -111.131
1131 -110.915
1132 -110.87
1133 -110.79
1134 -110.483
1135 -110.185
1136 -109.94
1137 -109.661
1138 -109.52
1139 -109.564
1140 -109.597
1141 -109.502
1142 -109.355
1143 -109.177
1144 -109.2
1145 -109.002
1146 -108.729
1147 -108.758
1148 -109.249
1149 -109.785
1150 -110.273
1151 -110.515
1152 -110.604
1153 -110.566
1154 -110.305
1155 -110.01
1156 -109.82
1157 -109.915
1158 -110.255
1159 -110.366
1160 -110.281
1161 -110.245
1162 -110.408
1163 -110.515
1164 -110.519
1165 -110.532
1166 -110.55
1167 -110.492
1168 -110.434
1169 -110.128
1170 -109.946
1171 -109.976
1172 -110.231
1173 -110.591
1174 -110.64
1175 -110.443
1176 -110.177
1177 -109.88
1178 -109.501
1179 -108.946
1180 -108.671
1181 -108.628
1182 -108.495
1183 -108.349
1184 -108.205
1185 -108.205
1186 -108.018
1187 -108.011
1188 -107.98
1189 -108.054
1190 -108.075
1191 -108.131
1192 -108.15
1193 -108.207
1194 -108.113
1195 -107.832
1196 -107.884
1197 -108.305
1198 -108.961
1199 -109.7
1200 -110.04
1201 -110.1
1202 -109.936
1203 -109.721
1204 -109.443
1205 -109.421
1206 -109.623
1207 -109.872
1208 -110.075
1209 -110.169
1210 -110.28
1211 -110.336
1212 -110.362
1213 -110.382
1214 -110.404
1215 -110.44
1216 -110.535
1217 -110.268
1218 -109.977
1219 -109.981
1220 -110.017
1221 -110.07
1222 -110.414
1223 -110.623
1224 -110.633
1225 -110.522
1226 -110.171
1227 -109.727
1228 -109.195
1229 -109.035
1230 -108.922
1231 -108.896
1232 -108.73
1233 -108.719
1234 -108.534
1235 -108.368
1236 -108.465
1237 -108.474
1238 -108.474
1239 -108.274
1240 -108.271
1241 -108.306
1242 -108.465
1243 -108.32
1244 -108.175
1245 -108.316
1246 -108.823
1247 -109.475
1248 -109.965
1249 -110.22
1250 -110.182
1251 -110.055
1252 -109.792
1253 -109.599
1254 -109.83
1255 -110.117
1256 -110.292
1257 -110.294
1258 -110.287
1259 -110.356
1260 -110.415
1261 -110.451
1262 -110.506
1263 -110.441
1264 -110.494
1265 -110.43
1266 -110.034
1267 -109.879
1268 -110.015
1269 -110.093
1270 -110.361
1271 -110.659
1272 -110.638
1273 -110.528
1274 -110.224
1275 -109.747
1276 -109.15
1277 -108.755
1278 -108.682
1279 -108.614
1280 -108.514
1281 -108.44
1282 -108.418
1283 -108.236
1284 -108.214
1285 -108.17
1286 -108.154
1287 -108.07
1288 -108.072
1289 -108.005
1290 -108.129
1291 -108.172
1292 -108.034
1293 -108.026
1294 -108.282
1295 -108.865
1296 -109.577
1297 -110.07
1298 -110.22
1299 -110.124
1300 -109.925
1301 -109.694
1302 -109.728
1303 -110.045
1304 -110.264
1305 -110.379
1306 -110.496
1307 -110.625
1308 -110.686
1309 -110.65
1310 -110.739
1311 -110.777
1312 -110.825
1313 -110.911
1314 -110.734
1315 -110.465
1316 -110.424
1317 -110.408
1318 -110.42
1319 -110.74
1320 -110.97
1321 -111.052
1322 -110.885
1323 -110.441
1324 -109.861
1325 -109.353
1326 -109.193
1327 -109.095
1328 -109.083
1329 -108.922
1330 -108.956
1331 -108.8
1332 -108.637
1333 -108.528
1334 -108.534
1335 -108.45
1336 -108.411
1337 -108.324
1338 -108.32
1339 -108.415
1340 -108.47
1341 -108.386
1342 -108.55
1343 -108.998
1344 -109.536
1345 -110.021
1346 -110.295
1347 -110.405
1348 -110.325
1349 -110.115
1350 -109.859
1351 -110.035
1352 -110.24
1353 -110.37
1354 -110.415
1355 -110.575
1356 -110.703
1357 -110.665
1358 -110.655
1359 -110.625
1360 -110.594
1361 -110.674
1362 -110.613
1363 -110.32
1364 -110.22
1365 -110.253
1366 -110.193
1367 -110.334
1368 -110.66
1369 -110.8
1370 -110.749
1371 -110.515
1372 -109.985
1373 -109.465
1374 -109.076
1375 -109.12
1376 -109.125
1377 -109.021
1378 -108.895
1379 -108.863
1380 -108.676
1381 -108.618
1382 -108.585
1383 -108.541
1384 -108.538
1385 -108.536
1386 -108.62
1387 -108.57
1388 -108.615
1389 -108.438
1390 -108.436
1391 -108.844
1392 -109.425
1393 -110.068
1394 -110.451
1395 -110.552
1396 -110.494
1397 -110.34
1398 -110.159
1399 -110.328
1400 -110.677
1401 -110.858
1402 -110.875
1403 -110.897
1404 -110.985
1405 -111.048
1406 -111.109
1407 -111.222
1408 -111.17
1409 -111.079
1410 -111.108
1411 -110.892
1412 -110.589
1413 -110.596
1414 -110.538
1415 -110.599
1416 -110.953
1417 -111.231
1418 -111.202
1419 -110.9
1420 -110.396
1421 -109.882
1422 -109.507
1423 -109.298
1424 -109.19
1425 -109.052
1426 -108.954
1427 -108.957
1428 -108.797
1429 -108.51
1430 -108.43
1431 -108.428
1432 -108.441
1433 -108.339
1434 -108.255
1435 -108.291
1436 -108.342
1437 -108.393
1438 -108.405
1439 -108.48
1440 -108.982
1441 -109.61
1442 -110.138
1443 -110.498
1444 -110.456
1445 -110.282
1446 -110.019
1447 -109.917
1448 -110.184
1449 -110.366
1450 -110.581
1451 -110.695
1452 -110.82
1453 -110.87
1454 -110.879
1455 -110.96
1456 -110.935
1457 -110.943
1458 -111.037
1459 -110.927
1460 -110.494
1461 -110.316
1462 -110.402
1463 -110.52
1464 -110.74
1465 -111.051
1466 -111.208
1467 -111.175
1468 -110.905
1469 -110.301
1470 -109.722
1471 -109.332
1472 -109.382
1473 -109.433
1474 -109.35
1475 -109.18
1476 -109.153
1477 -108.957
1478 -108.884
1479 -108.792
1480 -108.726
1481 -108.714
1482 -108.673
1483 -108.685
1484 -108.64
1485 -108.79
1486 -108.858
1487 -108.865
1488 -109.072
1489 -109.585
1490 -110.224
1491 -110.755
1492 -110.997
1493 -110.973
1494 -110.74
1495 -110.475
1496 -110.58
1497 -110.822
1498 -110.951
1499 -110.979
1500 -111.099
1501 -111.305
1502 -111.313
1503 -111.245
1504 -111.295
1505 -111.315
1506 -111.286
1507 -111.28
1508 -110.94
1509 -110.633
1510 -110.695
1511 -110.712
1512 -110.7
1513 -110.86
1514 -111.078
1515 -111.16
1516 -111.04
1517 -110.616
1518 -110.05
1519 -109.429
1520 -109.151
1521 -109.144
1522 -109.183
1523 -109.058
1524 -109.08
1525 -109.007
1526 -108.796
1527 -108.667
1528 -108.596
1529 -108.54
1530 -108.499
1531 -108.459
1532 -108.515
1533 -108.621
1534 -108.69
1535 -108.595
1536 -108.667
1537 -109.185
1538 -109.875
1539 -110.494
1540 -110.78
1541 -110.881
1542 -110.788
1543 -110.622
1544 -110.471
1545 -110.615
1546 -110.745
1547 -110.918
1548 -111.089
1549 -111.315
1550 -111.311
1551 -111.22
1552 -111.169
1553 -111.098
1554 -110.855
1555 -110.642
1556 -110.257
1557 -109.675
1558 -109.269
1559 -108.984
1560 -108.692
1561 -108.477
1562 -108.54
1563 -108.404
1564 -108.173
1565 -107.685
1566 -106.964
1567 -106.128
1568 -105.365
1569 -104.709
1570 -104.257
1571 -103.583
1572 -102.815
1573 -101.89
1574 -101.098
1575 -100.516
1576 -100.008
1577 -99.5436
1578 -99.1345
1579 -98.7491
1580 -98.3955
1581 -98.1191
1582 -97.7809
1583 -97.3318
1584 -96.89
1585 -96.4745
1586 -96.26
1587 -96.1836
1588 -96.1655
1589 -96.04
1590 -95.88
1591 -95.6364
1592 -95.4282
1593 -95.1718
1594 -95.0845
1595 -95.12
1596 -95.0827
1597 -94.9591
1598 -94.77
1599 -94.5609
1600 -94.3045
1601 -94.13
1602 -93.9582
1603 -93.7836
1604 -93
1605 -91.96
1606 -91.48
1607 -91.4055
1608 -91.2364
1609 -90.56
1610 -89.5673
1611 -88.8673
1612 -88.7509
1613 -89.06
1614 -89.3418
1615 -89.4855
1616 -89.3527
1617 -89.03
1618 -88.7382
1619 -88.5127
1620 -88.5873
1621 -88.8582
1622 -89.2273
1623 -89.46
1624 -89.4955
1625 -89.52
1626 -89.6727
1627 -90.1182
1628 -90.73
1629 -91.3945
1630 -91.9491
1631 -92.4073
1632 -92.9573
1633 -93.45
1634 -94.1627
1635 -94.7727
1636 -95.3036
1637 -95.7082
1638 -96.2409
1639 -96.92
1640 -97.6491
1641 -98.3418
1642 -98.7482
1643 -98.9809
1644 -99.2227
1645 -99.4409
1646 -99.7864
1647 -100.115
1648 -100.486
1649 -100.732
1650 -100.87
1651 -101.015
1652 -101.162
1653 -101.312
1654 -101.366
1655 -101.237
1656 -101.077
1657 -101.025
1658 -100.981
1659 -101.067
1660 -101.398
1661 -101.91
1662 -102.251
1663 -102.551
1664 -102.664
1665 -102.744
1666 -102.76
1667 -102.775
1668 -102.644
1669 -102.41
1670 -102.225
1671 -101.993
1672 -101.7
1673 -101.497
1674 -101.183
1675 -100.978
1676 -100.821
1677 -100.735
1678 -100.575
1679 -100.393
1680 -100.002
1681 -99.73
1682 -99.4864
1683 -99.61
1684 -99.9127
1685 -100.396
1686 -101.015
1687 -101.442
1688 -101.523
1689 -101.574
1690 -101.734
1691 -102.032
1692 -102.255
1693 -102.47
1694 -102.63
1695 -102.645
1696 -102.677
1697 -102.728
1698 -102.731
1699 -102.909
1700 -103.062
1701 -103.267
1702 -103.262
1703 -103.153
1704 -102.767
1705 -102.19
1706 -101.94
1707 -101.916
1708 -102.151
1709 -102.395
1710 -102.685
1711 -102.889
1712 -102.989
1713 -103.203
1714 -103.377
1715 -103.488
1716 -103.45
1717 -103.291
1718 -103.093
1719 -102.874
1720 -102.511
1721 -102.154
1722 -101.935
1723 -101.67
1724 -101.363
1725 -101.164
1726 -101.056
1727 -100.95
1728 -100.741
1729 -100.31
1730 -99.9455
1731 -99.8091
1732 -100.01
1733 -100.403
1734 -100.917
1735 -101.443
1736 -101.627
1737 -101.622
1738 -101.75
1739 -102.04
1740 -102.369
1741 -102.654
1742 -102.787
1743 -102.763
1744 -102.603
1745 -102.526
1746 -102.51
1747 -102.586
1748 -102.726
1749 -102.91
1750 -103.144
1751 -103.211
1752 -102.882
1753 -102.44
1754 -102.035
1755 -101.81
1756 -101.815
1757 -102.057
1758 -102.391
1759 -102.638
1760 -102.64
1761 -102.43
1762 -102.43
1763 -102.42
1764 -102.678
1765 -102.847
1766 -102.855
1767 -102.592
1768 -102.331
1769 -102.065
1770 -101.834
1771 -101.61
1772 -101.38
1773 -101.365
1774 -101.347
1775 -101.11
1776 -100.758
1777 -100.3
1778 -99.8709
1779 -99.67
1780 -99.6645
1781 -99.9409
1782 -100.28
1783 -100.756
1784 -101.093
1785 -101.165
1786 -101.305
1787 -101.545
1788 -101.908
1789 -102.251
1790 -102.46
1791 -102.573
1792 -102.616
1793 -102.55
1794 -102.511
1795 -102.536
1796 -102.719
1797 -102.971
1798 -103.223
1799 -103.339
1800 -103.293
1801 -103.036
1802 -102.622
1803 -102.231
1804 -102
1805 -101.956
1806 -102.127
1807 -102.359
1808 -102.586
1809 -102.748
1810 -102.959
1811 -103.192
1812 -103.309
1813 -103.133
1814 -102.878
1815 -102.71
1816 -102.596
1817 -102.347
1818 -101.945
1819 -101.666
1820 -101.382
1821 -101.193
1822 -101.081
1823 -100.932
1824 -100.764
1825 -100.542
1826 -100.08
1827 -99.7109
1828 -99.48
1829 -99.6318
1830 -100.051
1831 -100.647
1832 -101.105
1833 -101.165
1834 -101.127
1835 -101.133
1836 -101.513
1837 -101.87
1838 -102.22
1839 -102.376
1840 -102.328
1841 -102.151
1842 -102.048
1843 -102.099
1844 -102.225
1845 -102.307
1846 -102.505
1847 -102.699
1848 -102.79
1849 -102.5
1850 -102.135
1851 -101.794
1852 -101.578
1853 -101.554
1854 -101.728
1855 -102.036
1856 -102.245
1857 -102.288
1858 -102.297
1859 -102.52
1860 -102.482
1861 -102.46
1862 -102.59
1863 -102.685
1864 -102.548
1865 -102.206
1866 -101.835
1867 -101.61
1868 -101.509
1869 -101.318
1870 -101.19
1871 -101.15
1872 -100.954
1873 -100.73
1874 -100.295
1875 -99.87
1876 -99.5136
1877 -99.5973
1878 -99.8409
1879 -100.228
1880 -100.674
1881 -100.97
1882 -101.025
1883 -101.172
1884 -101.387
1885 -101.736
1886 -102.08
1887 -102.32
1888 -102.419
1889 -102.403
1890 -102.287
1891 -102.222
1892 -102.24
1893 -102.438
1894 -102.711
1895 -102.943
1896 -103.016
1897 -102.827
1898 -102.522
1899 -102.059
1900 -101.709
1901 -101.581
1902 -101.628
1903 -101.7
1904 -101.899
1905 -102.061
1906 -102.083
1907 -102.021
1908 -101.879
1909 -101.966
1910 -102.173
1911 -102.365
1912 -102.301
1913 -102.117
1914 -101.83
1915 -101.425
1916 -101.109
1917 -100.877
1918 -100.828
1919 -100.854
1920 -100.788
1921 -100.586
1922 -100.186
1923 -99.6445
1924 -99.2918
1925 -99.16
1926 -99.2936
1927 -99.6064
1928 -100.018
1929 -100.473
1930 -100.585
1931 -100.593
1932 -100.625
1933 -100.957
1934 -101.301
1935 -101.708
1936 -101.92
1937 -101.981
1938 -101.879
1939 -101.765
1940 -101.773
1941 -101.904
1942 -102.129
1943 -102.307
1944 -102.513
1945 -102.56
1946 -102.335
1947 -101.95
1948 -101.598
1949 -101.291
1950 -101.21
1951 -101.308
1952 -101.584
1953 -101.991
1954 -102.205
1955 -102.283
1956 -102.335
1957 -102.44
1958 -102.55
1959 -102.494
1960 -102.386
1961 -102.325
1962 -101.96
1963 -101.594
1964 -101.325
1965 -101.085
1966 -100.849
1967 -100.672
1968 -100.674
1969 -100.57
1970 -100.371
1971 -100
1972 -99.5382
1973 -99.18
1974 -99.1345
1975 -99.2945
1976 -99.6782
1977 -100.278
1978 -100.653
1979 -100.807
1980 -100.87
1981 -101.093
1982 -101.307
1983 -101.605
1984 -101.851
1985 -101.991
1986 -102.013
1987 -101.884
1988 -101.791
1989 -101.758
1990 -101.795
1991 -101.89
1992 -102.095
1993 -102.186
1994 -102.211
1995 -101.947
1996 -101.629
1997 -101.222
1998 -100.976
1999 -100.966
2000 -101.13
2001 -101.505
2002 -101.83
2003 -101.789
2004 -101.64
2005 -101.502
2006 -101.593
2007 -101.722
2008 -101.816
2009 -101.918
2010 -101.808
2011 -101.519
2012 -101.212
2013 -100.95
2014 -100.677
2015 -100.463
2016 -100.455
2017 -100.439
2018 -100.203
2019 -99.8827
2020 -99.4564
2021 -99.0173
2022 -98.7391
2023 -98.95
2024 -99.31
2025 -99.7327
2026 -100.089
2027 -100.267
2028 -100.255
2029 -100.401
2030 -100.67
2031 -101.156
2032 -101.531
2033 -101.663
2034 -101.646
2035 -101.6
2036 -101.571
2037 -101.596
2038 -101.658
2039 -101.796
2040 -102.033
2041 -102.236
2042 -102.344
2043 -102.136
2044 -101.707
2045 -101.322
2046 -101.09
2047 -101.04
2048 -101.04
2049 -101.212
2050 -101.557
2051 -101.791
2052 -101.813
2053 -101.735
2054 -101.67
2055 -101.76
2056 -101.749
2057 -101.79
2058 -101.803
2059 -101.652
2060 -101.329
2061 -101.023
2062 -100.795
2063 -100.613
2064 -100.518
2065 -100.446
2066 -100.328
2067 -100.063
2068 -99.76
2069 -99.4736
2070 -99.3336
2071 -99.4045
2072 -99.7745
2073 -100.423
2074 -101.201
2075 -101.789
2076 -102.105
2077 -102.423
2078 -103.006
2079 -103.75
2080 -104.434
2081 -105.054
2082 -105.535
2083 -105.872
2084 -106.181
2085 -106.486
2086 -106.855
2087 -107.392
2088 -108.018
2089 -108.64
2090 -109.22
2091 -109.649
2092 -110.176
2093 -110.663
2094 -111.105
2095 -111.393
2096 -111.56
2097 -111.767
2098 -112.03
2099 -112.344
2100 -112.733
2101 -113.14
2102 -113.5
2103 -113.838
2104 -114.035
2105 -114.297
2106 -114.713
2107 -115.236
2108 -115.74
2109 -116.047
2110 -116.322
2111 -116.527
2112 -116.77
2113 -116.909
2114 -117.08
2115 -117.257
2116 -117.446
2117 -117.656
2118 -117.867
2119 -118.042
2120 -118.197
2121 -118.359
2122 -119.27
2123 -119.95
2124 -120.162
2125 -120.264
2126 -120.755
2127 -121.543
2128 -122.277
2129 -122.546
2130 -122.369
2131 -121.943
2132 -121.615
2133 -121.615
2134 -121.74
2135 -121.954
2136 -122.012
2137 -121.815
2138 -121.446
2139 -121.067
2140 -120.776
2141 -120.703
2142 -120.651
2143 -120.437
2144 -119.975
2145 -119.25
2146 -118.522
2147 -118.002
2148 -117.693
2149 -117.455
2150 -117.073
2151 -116.542
2152 -115.826
2153 -115.31
2154 -115.01
2155 -114.674
2156 -114.26
2157 -114.014
2158 -113.728
2159 -113.447
2160 -113.034
2161 -112.524
2162 -112.065
2163 -111.587
2164 -111.185
2165 -110.731
2166 -110.336
2167 -110.11
2168 -110.052
2169 -109.93
2170 -109.74
2171 -109.547
2172 -109.249
2173 -109.067
2174 -108.987
2175 -108.982
2176 -108.744
2177 -108.582
2178 -108.57
2179 -108.678
2180 -108.467
2181 -108.135
2182 -108.179
2183 -108.636
2184 -109.255
2185 -109.815
2186 -110.105
2187 -110.138
2188 -110.016
2189 -109.71
2190 -109.47
2191 -109.301
2192 -109.561
2193 -109.777
2194 -109.87
2195 -109.848
2196 -109.755
2197 -109.865
2198 -109.935
2199 -110.012
2200 -110.01
2201 -110.009
2202 -109.984
2203 -109.872
2204 -109.598
2205 -109.477
2206 -109.441
2207 -109.629
2208 -109.971
2209 -110.112
2210 -110.075
2211 -109.89
2212 -109.528
2213 -109.043
2214 -108.541
2215 -108.195
2216 -108.119
2217 -108.025
2218 -107.838
2219 -107.618
2220 -107.571
2221 -107.458
2222 -107.47
2223 -107.558
2224 -107.598
2225 -107.542
2226 -107.445
2227 -107.324
2228 -107.389
2229 -107.391
2230 -107.312
2231 -107.392
2232 -107.806
2233 -108.37
2234 -109.063
2235 -109.443
2236 -109.52
2237 -109.373
2238 -109.099
2239 -108.866
2240 -108.926
2241 -109.141
2242 -109.303
2243 -109.485
2244 -109.57
2245 -109.766
2246 -109.792
2247 -109.728
2248 -109.768
2249 -109.849
2250 -110.009
2251 -110.152
2252 -109.873
2253 -109.568
2254 -109.528
2255 -109.47
2256 -109.539
2257 -109.91
2258 -110.21
2259 -110.296
2260 -110.124
2261 -109.753
2262 -109.174
2263 -108.569
2264 -108.337
2265 -108.305
2266 -108.38
2267 -108.195
2268 -108.13
2269 -108.003
2270 -107.863
2271 -107.759
2272 -107.723
2273 -107.744
2274 -107.766
2275 -107.776
2276 -107.767
2277 -107.86
2278 -107.725
2279 -107.605
2280 -107.974
2281 -108.534
2282 -109.086
2283 -109.581
2284 -109.763
2285 -109.845
2286 -109.663
2287 -109.348
2288 -109.14
2289 -109.445
2290 -109.669
2291 -109.838
2292 -109.813
2293 -109.883
2294 -109.912
2295 -109.961
2296 -110.061
2297 -110.044
2298 -109.969
2299 -109.97
2300 -109.911
2301 -109.54
2302 -109.491
2303 -109.494
2304 -109.533
2305 -109.693
2306 -110.039
2307 -110.176
2308 -110.044
2309 -109.733
2310 -109.2
2311 -108.641
2312 -108.168
2313 -108.12
2314 -108.095
2315 -108.047
2316 -107.902
2317 -107.95
2318 -107.771
2319 -107.655
2320 -107.605
2321 -107.6
2322 -107.592
2323 -107.588
2324 -107.564
2325 -107.66
2326 -107.701
2327 -107.526
2328 -107.494
2329 -107.9
2330 -108.445
2331 -109.108
2332 -109.53
2333 -109.762
2334 -109.718
2335 -109.437
2336 -109.138
2337 -109.19
2338 -109.423
2339 -109.673
2340 -109.852
2341 -109.995
2342 -110.156
2343 -110.24
2344 -110.287
2345 -110.338
2346 -110.252
2347 -110.236
2348 -110.401
2349 -110.299
2350 -109.936
2351 -109.901
2352 -109.815
2353 -109.935
2354 -110.26
2355 -110.56
2356 -110.584
2357 -110.365
2358 -110.033
2359 -109.505
2360 -108.894
2361 -108.547
2362 -108.484
2363 -108.603
2364 -108.575
2365 -108.49
2366 -108.291
2367 -108.078
2368 -108.022
2369 -108.093
2370 -108.035
2371 -107.934
2372 -107.862
2373 -107.895
2374 -108.032
2375 -107.974
2376 -107.85
2377 -108.016
2378 -108.429
2379 -109.018
2380 -109.6
2381 -109.836
2382 -109.844
2383 -109.668
2384 -109.468
2385 -109.428
2386 -109.648
2387 -109.7
2388 -109.855
2389 -110.001
2390 -110.215
2391 -110.191
2392 -110.097
2393 -110.09
2394 -110.176
2395 -110.173
2396 -110.177
2397 -110.085
2398 -109.81
2399 -109.83
2400 -109.854
2401 -109.745
2402 -109.806
2403 -110.157
2404 -110.383
2405 -110.375
2406 -110.088
2407 -109.532
2408 -108.943
2409 -108.48
2410 -108.516
2411 -108.605
2412 -108.519
2413 -108.373
2414 -108.397
2415 -108.288
2416 -108.202
2417 -108.101
2418 -108.058
2419 -107.991
2420 -107.87
2421 -107.875
2422 -108.007
2423 -108.134
2424 -108.034
2425 -108.061
2426 -108.388
2427 -108.916
2428 -109.515
2429 -109.906
2430 -110.135
2431 -110.15
2432 -109.978
2433 -109.707
2434 -109.755
2435 -109.932
2436 -110.211
2437 -110.364
2438 -110.467
2439 -110.584
2440 -110.54
2441 -110.595
2442 -110.76
2443 -110.765
2444 -110.724
2445 -110.691
2446 -110.468
2447 -110.085
2448 -110.092
2449 -110.127
2450 -110.224
2451 -110.576
2452 -110.767
2453 -110.79
2454 -110.559
2455 -110.177
2456 -109.581
2457 -109.001
2458 -108.747
2459 -108.704
2460 -108.708
2461 -108.457
2462 -108.347
2463 -108.255
2464 -108.1
2465 -108.096
2466 -108.025
2467 -107.958
2468 -107.904
2469 -107.912
2470 -107.89
2471 -107.915
2472 -107.858
2473 -107.827
2474 -108.115
2475 -108.56
2476 -109.125
2477 -109.67
2478 -110.041
2479 -110.114
2480 -109.877
2481 -109.535
2482 -109.411
2483 -109.684
2484 -109.891
2485 -110.027
2486 -110.08
2487 -110.293
2488 -110.407
2489 -110.351
2490 -110.316
2491 -110.35
2492 -110.343
2493 -110.497
2494 -110.415
2495 -110.037
2496 -109.948
2497 -110.01
2498 -110.059
2499 -110.152
2500 -110.416
2501 -110.624
2502 -110.645
2503 -110.426
2504 -109.93
2505 -109.335
2506 -108.896
2507 -108.849
2508 -108.87
2509 -108.762
2510 -108.589
2511 -108.618
2512 -108.576
2513 -108.453
2514 -108.344
2515 -108.278
2516 -108.27
2517 -108.372
2518 -108.341
2519 -108.29
2520 -108.255
2521 -108.073
2522 -108.098
2523 -108.47
2524 -109.097
2525 -109.825
2526 -110.207
2527 -110.336
2528 -110.342
2529 -110.184
2530 -109.95
2531 -110.063
2532 -110.277
2533 -110.458
2534 -110.564
2535 -110.64
2536 -110.771
2537 -110.792
2538 -110.775
2539 -110.81
2540 -110.772
2541 -110.65
2542 -110.718
2543 -110.489
2544 -110.18
2545 -110.172
2546 -110.118
2547 -110.118
2548 -110.366
2549 -110.69
2550 -110.781
2551 -110.57
2552 -110.16
2553 -109.639
2554 -109.07
2555 -108.799
2556 -108.706
2557 -108.617
2558 -108.552
2559 -108.565
2560 -108.579
2561 -108.353
2562 -108.209
2563 -108.15
2564 -108.098
2565 -108.051
2566 -108.018
2567 -107.988
2568 -108.195
2569 -108.253
2570 -108.144
2571 -108.268
2572 -108.633
2573 -109.355
2574 -109.93
2575 -110.321
2576 -110.43
2577 -110.34
2578 -110.065
2579 -109.929
2580 -110.176
2581 -110.419
2582 -110.601
2583 -110.596
2584 -110.731
2585 -110.75
2586 -110.675
2587 -110.671
2588 -110.635
2589 -110.545
2590 -110.399
2591 -110.028
2592 -109.367
2593 -108.881
2594 -108.578
2595 -108.305
2596 -108.11
2597 -108.146
2598 -107.903
2599 -107.589
2600 -107.152
2601 -106.553
2602 -105.753
2603 -104.965
2604 -104.153
2605 -103.504
2606 -102.762
2607 -102
2608 -101.249
2609 -100.578
2610 -100.145
2611 -99.5255
2612 -98.88
2613 -98.3855
2614 -98.08
2615 -97.8691
2616 -97.5436
2617 -97.1
2618 -96.61
2619 -96.2082
2620 -95.9282
2621 -95.8482
2622 -95.8182
2623 -95.6473
2624 -95.4145
2625 -95.2164
2626 -95.0464
2627 -94.9627
2628 -94.83
2629 -94.72
2630 -94.69
2631 -94.6173
2632 -94.4555
2633 -94.2618
2634 -94.0473
2635 -93.9018
2636 -93.7536
2637 -93.61
2638 -93.4245
2639 -92.8991
2640 -91.74
2641 -91.2118
2642 -90.8882
2643 -90.5564
2644 -89.9064
2645 -89.0682
2646 -88.4791
2647 -88.3755
2648 -88.6109
2649 -88.8918
2650 -89.0318
2651 -88.94
2652 -88.6764
2653 -88.4727
2654 -88.3164
2655 -88.4164
2656 -88.6809
2657 -88.8191
2658 -88.9055
2659 -88.9809
2660 -89.1382
2661 -89.4564
2662 -89.91
2663 -90.4582
2664 -90.9418
2665 -91.4018
2666 -91.9318
2667 -92.56
2668 -93.2582
2669 -93.8991
2670 -94.4264
2671 -94.9418
2672 -95.4945
2673 -96.11
2674 -96.7736
2675 -97.3155
2676 -97.8909
2677 -98.3982
2678 -98.7482
2679 -99.0682
2680 -99.3255
2681 -99.6764
2682 -99.9973
2683 -100.257
2684 -100.45
2685 -100.592
2686 -100.845
2687 -101.092
2688 -101.184
2689 -101.125
2690 -100.936
2691 -100.845
2692 -100.782
2693 -100.785
2694 -100.906
2695 -101.24
2696 -101.673
2697 -102.047
2698 -102.36
2699 -102.565
2700 -102.551
2701 -102.624
2702 -102.721
2703 -102.675
2704 -102.33
2705 -102.01
2706 -101.68
2707 -101.473
2708 -101.244
2709 -100.876
2710 -100.505
2711 -100.439
2712 -100.388
2713 -100.246
2714 -99.9682
2715 -99.6536
2716 -99.4082
2717 -99.21
2718 -99.3464
2719 -99.7227
2720 -100.245
2721 -100.758
2722 -101.056
2723 -101.107
2724 -101.238
2725 -101.441
2726 -101.762
2727 -102.095
2728 -102.38
2729 -102.441
2730 -102.421
2731 -102.328
2732 -102.323
2733 -102.449
2734 -102.696
2735 -102.823
2736 -102.874
2737 -102.88
2738 -102.809
2739 -102.54
2740 -102.043
2741 -101.808
2742 -101.72
2743 -101.802
2744 -102.065
2745 -102.406
2746 -102.653
2747 -102.742
2748 -102.925
2749 -103.086
2750 -103.18
2751 -102.974
2752 -102.815
2753 -102.825
2754 -102.718
2755 -102.421
2756 -102.021
2757 -101.652
2758 -101.231
2759 -100.976
2760 -100.84
2761 -100.84
2762 -100.771
2763 -100.596
2764 -100.18
2765 -99.8355
2766 -99.5945
2767 -99.6964
2768 -100.067
2769 -100.637
2770 -101.153
2771 -101.369
2772 -101.39
2773 -101.559
2774 -101.812
2775 -102.069
2776 -102.337
2777 -102.482
2778 -102.54
2779 -102.443
2780 -102.41
2781 -102.399
2782 -102.528
2783 -102.64
2784 -102.781
2785 -102.885
2786 -102.884
2787 -102.64
2788 -102.31
2789 -101.99
2790 -101.778
2791 -101.802
2792 -101.896
2793 -102.109
2794 -102.2
2795 -102.144
2796 -102.315
2797 -102.633
2798 -102.755
2799 -102.707
2800 -102.729
2801 -102.656
2802 -102.429
2803 -102.105
2804 -101.862
2805 -101.61
2806 -101.284
2807 -100.947
2808 -100.734
2809 -100.678
2810 -100.625
2811 -100.465
2812 -100.115
2813 -99.6918
2814 -99.3
2815 -99.2491
2816 -99.5
2817 -100.008
2818 -100.546
2819 -100.89
2820 -101.017
2821 -101.154
2822 -101.372
2823 -101.638
2824 -101.944
2825 -102.254
2826 -102.417
2827 -102.42
2828 -102.303
2829 -102.297
2830 -102.424
2831 -102.623
2832 -102.814
2833 -102.886
2834 -102.96
2835 -102.909
2836 -102.78
2837 -102.405
2838 -102.01
2839 -101.832
2840 -101.855
2841 -101.951
2842 -102.122
2843 -102.249
2844 -102.358
2845 -102.665
2846 -102.961
2847 -103.095
2848 -103.139
2849 -102.99
2850 -102.627
2851 -102.271
2852 -102.014
2853 -101.885
2854 -101.677
2855 -101.379
2856 -101.055
2857 -100.862
2858 -100.706
2859 -100.605
2860 -100.31
2861 -99.9
2862 -99.5382
2863 -99.3918
2864 -99.52
2865 -99.8018
2866 -100.304
2867 -100.797
2868 -101.055
2869 -101.074
2870 -101.154
2871 -101.35
2872 -101.769
2873 -102.009
2874 -102.148
2875 -102.147
2876 -102.09
2877 -102.025
2878 -101.991
2879 -102.091
2880 -102.294
2881 -102.523
2882 -102.71
2883 -102.645
2884 -102.426
2885 -102.077
2886 -101.618
2887 -101.415
2888 -101.4
2889 -101.586
2890 -101.826
2891 -101.961
2892 -101.954
2893 -101.94
2894 -102.167
2895 -102.227
2896 -102.308
2897 -102.389
2898 -102.423
2899 -102.241
2900 -101.926
2901 -101.59
2902 -101.376
2903 -101.231
2904 -101.03
2905 -101.012
2906 -100.935
2907 -100.751
2908 -100.483
2909 -100.074
2910 -99.7173
2911 -99.4318
2912 -99.3691
2913 -99.5
2914 -99.8691
2915 -100.39
2916 -100.777
2917 -100.952
2918 -101.049
2919 -101.198
2920 -101.423
2921 -101.735
2922 -102.053
2923 -102.257
2924 -102.229
2925 -102.144
2926 -102
2927 -102.13
2928 -102.29
2929 -102.497
2930 -102.613
2931 -102.68
2932 -102.6
2933 -102.452
2934 -102.064
2935 -101.648
2936 -101.326
2937 -101.17
2938 -101.282
2939 -101.571
2940 -101.765
2941 -101.975
2942 -102.288
2943 -102.506
2944 -102.563
2945 -102.53
2946 -102.498
2947 -102.298
2948 -102.03
2949 -101.685
2950 -101.342
2951 -101.041
2952 -100.658
2953 -100.378
2954 -100.305
2955 -100.227
2956 -100.164
2957 -99.9464
2958 -99.5464
2959 -99.15
2960 -98.9164
2961 -99
2962 -99.31
2963 -99.8309
2964 -100.282
2965 -100.587
2966 -100.578
2967 -100.627
2968 -100.899
2969 -101.365
2970 -101.69
2971 -101.852
2972 -101.917
2973 -101.881
2974 -101.781
2975 -101.675
2976 -101.777
2977 -102.006
2978 -102.272
2979 -102.335
2980 -102.341
2981 -102.06
2982 -101.767
2983 -101.338
2984 -101.136
2985 -101.146
2986 -101.262
2987 -101.575
2988 -101.868
2989 -101.931
2990 -101.808
2991 -101.901
2992 -101.87
2993 -102.011
2994 -102.151
2995 -102.253
2996 -102.158
2997 -101.91
2998 -101.532
2999 -101.243
3000 -101.044
3001 -100.835
3002 -100.779
3003 -100.78
3004 -100.557
3005 -100.243
3006 -99.82
3007 -99.3645
3008 -99.1173
3009 -99.0227
3010 -99.1836
3011 -99.5709
3012 -100.038
3013 -100.44
3014 -100.61
3015 -100.672
3016 -100.81
3017 -101.135
3018 -101.549
3019 -101.807
3020 -101.873
3021 -101.835
3022 -101.694
3023 -101.685
3024 -101.751
3025 -101.82
3026 -101.902
3027 -102.049
3028 -102.191
3029 -102.12
3030 -101.89
3031 -101.512
3032 -101.11
3033 -100.796
3034 -100.638
3035 -100.691
3036 -101
3037 -101.345
3038 -101.555
3039 -101.777
3040 -102.02
3041 -101.978
3042 -101.942
3043 -102.011
3044 -101.862
3045 -101.614
3046 -101.219
3047 -100.93
3048 -100.724
3049 -100.502
3050 -100.289
3051 -100.126
3052 -100.018
3053 -99.9309
3054 -99.7136
3055 -99.2627
3056 -98.88
3057 -98.6527
3058 -98.88
3059 -99.2609
3060 -99.6845
3061 -100.008
3062 -100.233
3063 -100.357
3064 -100.401
3065 -100.674
3066 -101.086
3067 -101.525
3068 -101.707
3069 -101.74
3070 -101.593
3071 -101.505
3072 -101.557
3073 -101.689
3074 -101.875
3075 -102.013
3076 -102.129
3077 -102.125
3078 -101.958
3079 -101.571
3080 -101.17
3081 -100.955
3082 -100.977
3083 -101.023
3084 -101.227
3085 -101.536
3086 -101.667
3087 -101.642
3088 -101.695
3089 -101.572
3090 -101.65
3091 -101.81
3092 -101.933
3093 -101.878
3094 -101.638
3095 -101.342
3096 -101.057
3097 -100.781
3098 -100.464
3099 -100.441
3100 -100.445
3101 -100.362
3102 -100.15
3103 -99.8491
3104 -99.5673
3105 -99.3991
3106 -99.5355
3107 -99.9945
3108 -100.642
3109 -101.278
3110 -101.853
3111 -102.275
3112 -102.799
3113 -103.29
3114 -104.043
3115 -104.806
3116 -105.489
3117 -106.012
3118 -106.33
3119 -106.643
3120 -106.947
3121 -107.376
3122 -107.876
3123 -108.475
3124 -109.1
3125 -109.565
3126 -109.995
3127 -110.532
3128 -111.115
3129 -111.672
3130 -111.985
3131 -112.135
3132 -112.213
3133 -112.183
3134 -112.275
3135 -112.44
3136 -112.646
3137 -112.841
3138 -112.919
3139 -112.818
3140 -112.582
3141 -112.436
3142 -112.511
3143 -112.701
3144 -112.752
3145 -112.583
3146 -112.34
3147 -112.114
3148 -111.943
3149 -111.639
3150 -111.316
3151 -111.02
3152 -110.685
3153 -110.412
3154 -110.055
3155 -109.484
3156 -108.902
3157 -108.35
3158 -107.975
3159 -107.641
3160 -107.42
3161 -107.137
3162 -106.814
3163 -106.617
3164 -106.386
3165 -106.018
3166 -105.685
3167 -105.448
3168 -105.32
3169 -105.286
3170 -105.234
3171 -105.107
3172 -104.927
3173 -104.745
3174 -104.6
3175 -104.456
3176 -104.28
3177 -104.168
3178 -104.145
3179 -104.15
3180 -104.065
3181 -103.873
3182 -103.673
3183 -103.533
3184 -103.525
3185 -103.569
3186 -103.543
3187 -103.459
3188 -103.324
3189 -103.227
3190 -103.17
3191 -103.122
3192 -103.073
3193 -103.056
3194 -103.017
3195 -102.946
3196 -102.859
3197 -102.781
3198 -102.727
3199 -102.722
3200 -102.756
3201 -102.72
3202 -102.658
3203 -102.565
3204 -102.499
3205 -102.439
3206 -102.369
3207 -102.318
3208 -102.304
3209 -102.339
3210 -102.379
3211 -102.359
3212 -102.34
3213 -102.296
3214 -102.262
3215 -102.25
3216 -102.25
3217 -102.257
3218 -102.265
3219 -102.292
3220 -102.313
3221 -102.307
3222 -102.258
3223 -102.21
3224 -102.205
3225 -102.246
3226 -102.297
3227 -102.294
3228 -102.265
3229 -102.214
3230 -102.204
3231 -102.22
3232 -102.221
3233 -102.23
3234 -102.22
3235 -102.23
3236 -102.23
3237 -102.203
3238 -102.165
3239 -102.158
3240 -102.187
3241 -102.214
3242 -102.217
3243 -102.209
3244 -102.184
3245 -102.16
3246 -102.175
3247 -102.207
3248 -102.23
3249 -102.214
3250 -102.21
3251 -102.21
3252 -102.188
3253 -102.193
3254 -102.192
3255 -102.215
3256 -102.24
3257 -102.245
3258 -102.231
3259 -102.204
3260 -102.21
3261 -102.243
3262 -102.265
3263 -102.29
3264 -102.277
3265 -102.248
3266 -102.225
3267 -102.22
3268 -102.255
3269 -102.269
3270 -102.3
3271 -102.284
3272 -102.267
3273 -102.231
3274 -102.232
3275 -102.246
3276 -102.262
3277 -102.296
3278 -102.29
3279 -102.275
3280 -102.261
3281 -102.246
3282 -102.248
3283 -102.255
3284 -102.277
3285 -102.308
3286 -102.281
3287 -102.251
3288 -102.255
3289 -102.24
3290 -102.269
3291 -102.298
3292 -102.32
3293 -102.312
3294 -102.307
3295 -102.278
3296 -102.26
3297 -102.266
3298 -102.302
3299 -102.32
3300 -102.32
3301 -102.32
3302 -102.302
3303 -102.297
3304 -102.302
3305 -102.313
3306 -102.349
3307 -102.366
3308 -102.35
3309 -102.32
3310 -102.315
3311 -102.3
3312 -102.325
3313 -102.33
3314 -102.354
3315 -102.344
3316 -102.35
3317 -102.328
3318 -102.324
3319 -102.34
3320 -102.331
3321 -102.345
3322 -102.37
3323 -102.361
3324 -102.35
3325 -102.33
3326 -102.33
3327 -102.35
3328 -102.357
3329 -102.37
3330 -102.351
3331 -102.339
3332 -102.346
3333 -102.35
3334 -102.36
3335 -102.369
3336 -102.361
3337 -102.372
3338 -102.367
3339 -102.36
3340 -102.366
3341 -102.356
3342 -102.372
3343 -102.39
3344 -102.36
3345 -102.365
3346 -102.351
3347 -102.37
3348 -102.362
3349 -102.378
3350 -102.4
3351 -102.378
3352 -102.383
3353 -102.381
3354 -102.39
3355 -102.4
3356 -102.4
3357 -102.4
3358 -102.396
3359 -102.398
3360 -102.417
3361 -102.403
3362 -102.382
3363 -102.384
3364 -102.401
3365 -102.405
3366 -102.41
3367 -102.406
3368 -102.399
3369 -102.41
3370 -102.402
3371 -102.417
3372 -102.41
3373 -102.412
3374 -102.414
3375 -102.421
3376 -102.425
3377 -102.4
3378 -102.415
3379 -102.401
3380 -102.424
3381 -102.43
3382 -102.43
3383 -102.423
3384 -102.422
3385 -102.424
3386 -102.429
3387 -102.42
3388 -102.42
3389 -102.425
3390 -102.421
3391 -102.426
3392 -102.42
3393 -102.433
3394 -102.44
3395 -102.448
3396 -102.44
3397 -102.451
3398 -102.455
3399 -102.45
