0 -127.201
1 -127.778
2 -127.385
3 -127.736
4 -128.519
5 -126.161
6 -127.388
7 -126.251
8 -126.74
9 -126.701
10 -126.24
11 -127.849
12 -126.954
13 -128.011
14 -125.609
15 -126.547
16 -128.176
17 -126.011
18 -127.478
19 -127.641
20 -127.118
21 -127.221
22 -127.411
23 -126.069
24 -127.362
25 -127.991
26 -127.312
27 -126.9
28 -126.516
29 -126.891
30 -126.905
31 -127.861
32 -127.372
33 -128.354
34 -127.672
35 -128.615
36 -129.068
37 -129.38
38 -129.077
39 -129.676
40 -131.462
41 -131.512
42 -132.642
43 -131.453
44 -133.988
45 -134.561
46 -133.563
47 -133.523
48 -132.993
49 -133.536
50 -134.65
51 -134.928
52 -135.204
53 -135.13
54 -136.796
55 -136.412
56 -137.084
57 -138.71
58 -139.054
59 -139.508
60 -140.036
61 -141.163
62 -140.782
63 -141.996
64 -141.429
65 -141.703
66 -142.758
67 -143.979
68 -144.396
69 -144.708
70 -145.591
71 -143.771
72 -145.591
73 -146.261
74 -146.075
75 -146.062
76 -148.014
77 -146.658
78 -146.701
79 -146.343
80 -146.236
81 -146.129
82 -147.471
83 -145.666
84 -146.019
85 -145.748
86 -144.892
87 -144.427
88 -144.915
89 -145.718
90 -144.374
91 -143.165
92 -144.1
93 -143.306
94 -142.078
95 -141.028
96 -140.75
97 -140.377
98 -140.057
99 -138.364
100 -140.308
101 -138.415
102 -136.985
103 -138.305
104 -138.483
105 -138.07
106 -137.543
107 -137.335
108 -137.097
109 -137.816
110 -137.503
111 -136.851
112 -136.798
113 -136.449
114 -135.717
115 -137.128
116 -136.315
117 -135.848
118 -135.685
119 -134.45
120 -134.638
121 -133.706
122 -134.278
123 -132.925
124 -131.045
125 -133.907
126 -134.41
127 -134.888
128 -136.567
129 -134.165
130 -134.784
131 -133.804
132 -134.739
133 -135.918
134 -134.822
135 -134.408
136 -135.051
137 -135.772
138 -134.439
139 -133.675
140 -132.889
141 -135.284
142 -135.298
143 -134.529
144 -134.23
145 -130.982
146 -134.379
147 -132.794
148 -133.631
149 -134.776
150 -133.667
151 -133.257
152 -133.386
153 -134.016
154 -133.666
155 -132.538
156 -134.169
157 -131.86
158 -132.505
159 -134.565
160 -133.347
161 -133.565
162 -134.874
163 -132.741
164 -134.397
165 -133.83
166 -134.348
167 -133.334
168 -133.121
169 -132.213
170 -131.643
171 -132.699
172 -132.593
173 -133.506
174 -133.485
175 -132.987
176 -134.158
177 -133.932
178 -133.366
179 -133.859
180 -134.887
181 -133.359
182 -133.411
183 -134.199
184 -134.133
185 -133.843
186 -134.146
187 -133.044
188 -135.339
189 -133.334
190 -133.438
191 -135.413
192 -133.618
193 -132.703
194 -131.673
195 -131.91
196 -131.981
197 -134.162
198 -134.419
199 -132.593
200 -132.185
201 -131.935
202 -132.871
203 -132.334
204 -132.688
205 -132.173
206 -132.034
207 -131.916
208 -132.076
209 -132.758
210 -132.063
211 -131.962
212 -132.564
213 -132.403
214 -130.354
215 -131.539
216 -133.862
217 -131.788
218 -132.792
219 -132.135
220 -132.468
221 -134.429
222 -133.354
223 -134.979
224 -134.556
225 -134.517
226 -133.911
227 -133.978
228 -133.938
229 -133.379
230 -132.808
231 -134.765
232 -132.614
233 -133.605
234 -134.108
235 -133.329
236 -134.502
237 -132.887
238 -133.532
239 -131.758
240 -133.365
241 -134.093
242 -132.081
243 -132.191
244 -132.177
245 -132.411
246 -133.397
247 -132.417
248 -133.372
249 -132.97
250 -132.726
251 -133.011
252 -132.145
253 -131.626
254 -132.877
255 -133.219
256 -132.515
257 -130.931
258 -131.267
259 -133.658
260 -131.283
261 -132.436
262 -131.336
263 -130.953
264 -133.416
265 -133.177
266 -131.47
267 -133.262
268 -134.961
269 -132.121
270 -135.222
271 -132.497
272 -132.475
273 -133.348
274 -132.354
275 -132.089
276 -132.996
277 -134.159
278 -134.049
279 -133.04
280 -132.601
281 -133.048
282 -133.628
283 -132.185
284 -134.61
285 -132.811
286 -131.615
287 -133.405
288 -132.405
289 -132.6
290 -131.555
291 -133.347
292 -134.381
293 -133.103
294 -132.419
295 -132.702
296 -132.745
297 -134.122
298 -133.848
299 -132.568
300 -131.225
301 -132.005
302 -133.061
303 -131.869
304 -133.603
305 -133.322
306 -131.791
307 -132.353
308 -132.944
309 -131.708
310 -132.49
311 -130.981
312 -131.077
313 -133.249
314 -132.484
315 -132.837
316 -133.698
317 -134.411
318 -133.274
319 -133.752
320 -131.649
321 -133.608
322 -131.097
323 -132.75
324 -134.298
325 -135.921
326 -133.447
327 -134.077
328 -133.406
329 -133.556
330 -132.258
331 -132.453
332 -132.638
333 -130.959
334 -132.367
335 -132.506
336 -131.673
337 -133.006
338 -133.486
339 -132.901
340 -132.837
341 -132.97
342 -132.01
343 -131.907
344 -132.361
345 -132.421
346 -132.465
347 -132.54
348 -131.062
349 -132.059
350 -133.408
351 -131.561
352 -133.695
353 -132.717
354 -132.112
355 -131.903
356 -131.49
357 -130.887
358 -131.068
359 -131.564
360 -131.459
361 -131.741
362 -132.986
363 -133.492
364 -133.879
365 -133.374
366 -132.589
367 -132.192
368 -132.97
369 -133.15
370 -133.226
371 -134.438
372 -132.984
373 -134.584
374 -133.952
375 -132.927
376 -133.32
377 -133.261
378 -131.756
379 -134.325
380 -133.573
381 -131.821
382 -132.17
383 -134.29
384 -132.651
385 -132.395
386 -132.497
387 -132.391
388 -132.247
389 -133.824
390 -133.651
391 -133.899
392 -131.15
393 -130.846
394 -132.351
395 -133.806
396 -132.739
397 -130.769
398 -131.064
399 -132.47
400 -131.706
401 -131.034
402 -132.472
403 -131.613
404 -131.819
405 -131.059
406 -132.181
407 -131.971
408 -133.489
409 -133.884
410 -132.963
411 -132.619
412 -132.295
413 -133.386
414 -131.836
415 -131.571
416 -131.658
417 -131.94
418 -133.171
419 -132.808
420 -133.119
421 -132.752
422 -132.689
423 -133.488
424 -133.269
425 -133.92
426 -131.988
427 -131.16
428 -131.753
429 -130.09
430 -131.973
431 -131.295
432 -133.337
433 -133.722
434 -132.421
435 -133.117
436 -130.64
437 -130.435
438 -131.588
439 -132.144
440 -130.908
441 -130.164
442 -130.676
443 -131.773
444 -133.507
445 -133.267
446 -131.309
447 -133.24
448 -132.009
449 -132.398
450 -131.357
451 -131.97
452 -131.567
453 -131.945
454 -132.556
455 -133.535
456 -134.01
457 -134.073
458 -131.88
459 -132.364
460 -132.573
461 -131.973
462 -133.02
463 -132.924
464 -133.916
465 -132.133
466 -132.164
467 -133.218
468 -133.902
469 -132.998
470 -134.205
471 -131.189
472 -132.728
473 -131.561
474 -131.556
475 -132.275
476 -132.321
477 -131.887
478 -132.114
479 -132.512
480 -131.763
481 -132.98
482 -130.993
483 -131.323
484 -130.82
485 -129.923
486 -131.982
487 -132.09
488 -132.395
489 -132.648
490 -132.481
491 -132.766
492 -133.387
493 -131.599
494 -131.569
495 -130.413
496 -131.695
497 -130.968
498 -130.756
499 -130.193
500 -130.863
501 -130.594
502 -131.319
503 -130.862
504 -132.19
505 -131.71
506 -132.73
507 -133.463
508 -131.909
509 -132.836
510 -131.477
511 -131.895
512 -132.855
513 -132.443
514 -129.214
515 -131.372
516 -132.322
517 -131.841
518 -128.881
519 -128.735
520 -128.6
521 -129.062
522 -128.168
523 -127.532
524 -127.843
525 -126.148
526 -126.753
527 -125.884
528 -125.726
529 -124.367
530 -125.236
531 -124.856
532 -123.718
533 -122.899
534 -122.228
535 -121.535
536 -121.204
537 -121.364
538 -120.036
539 -120.596
540 -120.008
541 -119.811
542 -119.599
543 -117.935
544 -117.154
545 -116.263
546 -117.09
547 -115.64
548 -117.251
549 -116.526
550 -117.039
551 -114.79
552 -114.819
553 -116.347
554 -117.044
555 -115.871
556 -115.14
557 -115.749
558 -115.722
559 -116.089
560 -115.898
561 -115.236
562 -115.2
563 -114.901
564 -114.716
565 -114.424
566 -115.887
567 -114.497
568 -114.25
569 -114.496
570 -114.735
571 -114.679
572 -113.942
573 -113.46
574 -112.333
575 -112.078
576 -111.142
577 -109.92
578 -110.67
579 -110.766
580 -109.772
581 -110.456
582 -108.355
583 -109.674
584 -109.207
585 -108.644
586 -110.181
587 -108.921
588 -108.099
589 -108.216
590 -106.997
591 -109.92
592 -107.447
593 -108.35
594 -108.435
595 -108.081
596 -107.606
597 -107.22
598 -109.179
599 -109.156
600 -107.913
601 -108.414
602 -108.63
603 -108.936
604 -109.006
605 -109.295
606 -110.972
607 -110.92
608 -110.474
609 -112.301
610 -112.088
611 -113.082
612 -113.86
613 -113.802
614 -115.287
615 -114.229
616 -115.156
617 -116.334
618 -116.294
619 -117.32
620 -118.006
621 -118.717
622 -118.897
623 -117.074
624 -118.742
625 -118.798
626 -119.336
627 -120.51
628 -120.579
629 -119.243
630 -120.077
631 -121.941
632 -120.823
633 -120.985
634 -122.229
635 -120.75
636 -120.025
637 -121.901
638 -121.426
639 -121.438
640 -121.637
641 -119.44
642 -122.146
643 -122.276
644 -122.551
645 -122.975
646 -122.807
647 -122.212
648 -122.548
649 -122.084
650 -122.335
651 -121.104
652 -121.074
653 -121.24
654 -121.306
655 -123.388
656 -121.868
657 -120.806
658 -121.082
659 -120.433
660 -120.774
661 -120.871
662 -120.983
663 -120.735
664 -123.029
665 -121.032
666 -122.606
667 -122.412
668 -123.036
669 -124.806
670 -122.926
671 -122.155
672 -122.437
673 -123.359
674 -123.063
675 -122.538
676 -123.385
677 -121.562
678 -124.258
679 -123.153
680 -122.442
681 -124.411
682 -123.112
683 -123.054
684 -123.075
685 -122.528
686 -122.683
687 -124.412
688 -123.408
689 -123.68
690 -124.105
691 -123.911
692 -124.278
693 -125.685
694 -126.063
695 -124.458
696 -123.178
697 -124.016
698 -123.526
699 -122.365
700 -123.132
701 -123.501
702 -121.042
703 -121.313
704 -122.033
705 -122.392
706 -121.295
707 -121.799
708 -121.298
709 -121.551
710 -120.562
711 -121.883
712 -123.107
713 -123.572
714 -123.577
715 -122.396
716 -122.455
717 -123.661
718 -124.1
719 -123.13
720 -122.171
721 -122.175
722 -122.732
723 -123.22
724 -122.59
725 -123.603
726 -123.144
727 -122.413
728 -123.166
729 -124.05
730 -122.343
731 -123.395
732 -122.603
733 -123.538
734 -124.21
735 -122.328
736 -124.67
737 -124.633
738 -124.27
739 -125.564
740 -124.137
741 -124.288
742 -124.597
743 -123.489
744 -124.003
745 -122.815
746 -122.984
747 -122.472
748 -121.583
749 -121.619
750 -121.868
751 -122.452
752 -122.697
753 -121.712
754 -121.577
755 -121.995
756 -122.598
757 -123.051
758 -121.324
759 -122.372
760 -124.388
761 -123.011
762 -122.818
763 -123.71
764 -124.878
765 -124.643
766 -123.498
767 -123.38
768 -123.473
769 -123.326
770 -122.767
771 -122.957
772 -124.724
773 -125.062
774 -123.448
775 -124.237
776 -123.372
777 -123.224
778 -123.444
779 -122.689
780 -124.846
781 -124.146
782 -123.962
783 -124.366
784 -124.882
785 -124.991
786 -124.58
787 -124.192
788 -124.84
789 -123.237
790 -123.825
791 -123.019
792 -123.645
793 -123.079
794 -120.995
795 -121.855
796 -122.107
797 -123.523
798 -122.77
799 -121.926
800 -121.549
801 -121.777
802 -122.212
803 -121.277
804 -124.395
805 -122.272
806 -122.676
807 -124.806
808 -121.942
809 -123.355
810 -122.018
811 -124.259
812 -123.07
813 -124.212
814 -122.601
815 -122.673
816 -123.302
817 -122.073
818 -124.423
819 -123.315
820 -123.226
821 -122.947
822 -123.421
823 -125.252
824 -125.118
825 -122.755
826 -123.089
827 -124.388
828 -125.023
829 -123.297
830 -124.959
831 -124.609
832 -123.332
833 -123.698
834 -123.258
835 -123.435
836 -123.801
837 -123.808
838 -123.758
839 -123.835
840 -122.727
841 -123.16
842 -122.245
843 -121.801
844 -122.536
845 -122.406
846 -122.089
847 -122.796
848 -122.085
849 -121.895
850 -122.054
851 -123.111
852 -122.994
853 -123.191
854 -124.15
855 -123.456
856 -124.652
857 -125.639
858 -123.394
859 -124.027
860 -123.468
861 -124.819
862 -123.376
863 -123.398
864 -123.508
865 -122.632
866 -123.365
867 -124.849
868 -124.359
869 -122.795
870 -122.987
871 -123.147
872 -122.842
873 -122.657
874 -124.92
875 -124.826
876 -124.286
877 -123.412
878 -125.126
879 -125.115
880 -123.947
881 -124.381
882 -125.012
883 -125.138
884 -123.322
885 -123.37
886 -121.744
887 -122.916
888 -124.059
889 -122.21
890 -122.401
891 -122.994
892 -122.306
893 -121.241
894 -120.866
895 -123.907
896 -124.413
897 -122.889
898 -123.289
899 -123.241
900 -124.465
901 -123.703
902 -123.844
903 -123.968
904 -123.192
905 -122.899
906 -124.888
907 -123.274
908 -124.063
909 -122.811
910 -121.338
911 -123.164
912 -122.909
913 -123.371
914 -123.779
915 -124.148
916 -124.407
917 -122.711
918 -124.223
919 -124.298
920 -123.219
921 -124.413
922 -123.705
923 -124.234
924 -122.724
925 -123.717
926 -125.481
927 -125.176
928 -125.852
929 -123.897
930 -123.671
931 -122.336
932 -122.032
933 -123.309
934 -122.205
935 -122.622
936 -122.83
937 -122.662
938 -123.505
939 -122.674
940 -123.188
941 -122.344
942 -121.705
943 -122.902
944 -124.693
945 -124.884
946 -123.481
947 -122.235
948 -123.452
949 -123.959
950 -123.581
951 -124.232
952 -123.278
953 -123.363
954 -123.432
955 -124.613
956 -124.312
957 -125.261
958 -123.486
959 -123.74
960 -121.783
961 -124.105
962 -124.849
963 -123.505
964 -123.77
965 -123.421
966 -123.727
967 -124.072
968 -124.26
969 -124.336
970 -124.252
971 -125.265
972 -125.582
973 -125.353
974 -124.781
975 -124.999
976 -124.943
977 -124.092
978 -122.61
979 -121.726
980 -122.534
981 -122.994
982 -123.509
983 -121.778
984 -123.358
985 -122.9
986 -123.081
987 -122.592
988 -122.792
989 -122.713
990 -124.538
991 -123.844
992 -124.322
993 -123.557
994 -123.534
995 -121.943
996 -123.956
997 -124.649
998 -123.261
999 -125.222
1000 -124.536
1001 -122.807
1002 -123.589
1003 -122.455
1004 -124.507
1005 -123.247
1006 -122.971
1007 -122.868
1008 -123.524
1009 -124.421
1010 -124.685
1011 -123.501
1012 -123.127
1013 -122.913
1014 -123.425
1015 -125.906
1016 -124.65
1017 -124.854
1018 -123.618
1019 -125.006
1020 -125.235
1021 -124.313
1022 -125.214
1023 -124.877
1024 -125.671
1025 -127.19
1026 -126.514
1027 -126.629
1028 -126.074
1029 -125.894
1030 -126.021
1031 -126.581
1032 -127.908
1033 -128.885
1034 -127.408
1035 -128.071
1036 -129.442
1037 -129.175
1038 -131.054
1039 -131.403
1040 -132.041
1041 -133.528
1042 -133.24
1043 -132.638
1044 -133.679
1045 -134.016
1046 -135.919
1047 -135.614
1048 -135.877
1049 -135.025
1050 -136.485
1051 -136.449
1052 -135.775
1053 -136.567
1054 -136.812
1055 -138.939
1056 -137.694
1057 -138.965
1058 -138.566
1059 -138.408
1060 -140.065
1061 -139.892
1062 -140.058
1063 -140.692
1064 -140.28
1065 -139.834
1066 -138.606
1067 -140.377
1068 -140.494
1069 -142.185
1070 -141.039
1071 -140.516
1072 -141.391
1073 -141.912
1074 -141.643
1075 -142.155
1076 -142.266
1077 -142.398
1078 -141.191
1079 -142.276
1080 -143.402
1081 -142.185
1082 -143.9
1083 -144.142
1084 -144.608
1085 -144.036
1086 -145.304
1087 -143.372
1088 -144.883
1089 -144.821
1090 -146.584
1091 -147.027
1092 -146.995
1093 -147.285
1094 -145.772
1095 -148.279
1096 -147.834
1097 -146.381
1098 -147.822
1099 -147.92
1100 -148.118
1101 -148.869
1102 -147.2
1103 -147.001
1104 -145.63
1105 -147.715
1106 -146.599
1107 -146.712
1108 -147.406
1109 -148.042
1110 -145.933
1111 -146.439
1112 -145.1
1113 -146.37
1114 -146.429
1115 -144.229
1116 -143.935
1117 -143.115
1118 -142.032
1119 -141.881
1120 -142.164
1121 -141.053
1122 -141.803
1123 -138.475
1124 -139.158
1125 -139.146
1126 -139.083
1127 -136.6
1128 -137.465
1129 -139.084
1130 -137.081
1131 -137.419
1132 -135.398
1133 -136.077
1134 -136.792
1135 -135.191
1136 -134.934
1137 -136.58
1138 -135.325
1139 -134.949
1140 -135.689
1141 -134.372
1142 -134.003
1143 -134.01
1144 -133.333
1145 -133.615
1146 -134.533
1147 -135.925
1148 -133.358
1149 -135.007
1150 -133.903
1151 -132.866
1152 -134.651
1153 -133.564
1154 -135.543
1155 -134.15
1156 -135.06
1157 -133.692
1158 -134.494
1159 -133.229
1160 -133.387
1161 -134.39
1162 -133.514
1163 -133.55
1164 -134.277
1165 -134.582
1166 -134.094
1167 -133.515
1168 -132.66
1169 -132.832
1170 -132.943
1171 -132.808
1172 -133.491
1173 -132.929
1174 -132.503
1175 -133.849
1176 -132.463
1177 -131.838
1178 -131.257
1179 -132.662
1180 -132.006
1181 -132.805
1182 -132.999
1183 -133.237
1184 -133.381
1185 -132.306
1186 -132.302
1187 -132.073
1188 -131.353
1189 -131.536
1190 -130.796
1191 -130.918
1192 -130.831
1193 -131.816
1194 -132.217
1195 -132.434
1196 -133.532
1197 -132.69
1198 -132.247
1199 -132.594
1200 -131.951
1201 -132.72
1202 -132.444
1203 -130.983
1204 -133.412
1205 -132.575
1206 -134.252
1207 -133.187
1208 -134.173
1209 -132.547
1210 -131.569
1211 -131.148
1212 -132.617
1213 -133.483
1214 -129.948
1215 -133.015
1216 -130.937
1217 -132.125
1218 -132.173
1219 -132.055
1220 -133.118
1221 -133.146
1222 -132.986
1223 -131.406
1224 -131.067
1225 -131.361
1226 -131.963
1227 -131.162
1228 -132.557
1229 -129.523
1230 -132.761
1231 -132.967
1232 -132.097
1233 -132.582
1234 -131.535
1235 -131.93
1236 -131.256
1237 -132.015
1238 -131.454
1239 -130.24
1240 -131.026
1241 -131.581
1242 -131.949
1243 -132.845
1244 -133.142
1245 -132.704
1246 -131.996
1247 -132.792
1248 -132.943
1249 -131.221
1250 -131.469
1251 -132.753
1252 -133.599
1253 -132.429
1254 -134.559
1255 -133.053
1256 -132.55
1257 -134.226
1258 -131.815
1259 -132.396
1260 -130.907
1261 -132.471
1262 -132.306
1263 -132.356
1264 -132.162
1265 -132.021
1266 -132.144
1267 -132.575
1268 -131.72
1269 -131.511
1270 -131.027
1271 -132.487
1272 -130.272
1273 -130.413
1274 -129.895
1275 -131.244
1276 -133.072
1277 -131.383
1278 -133.847
1279 -131.108
1280 -131.271
1281 -131.056
1282 -132.113
1283 -129.592
1284 -131.06
1285 -130.514
1286 -132.587
1287 -130.75
1288 -131.633
1289 -133.872
1290 -132.612
1291 -132.566
1292 -133.013
1293 -130.723
1294 -132.623
1295 -132.759
1296 -132.03
1297 -132.553
1298 -133.412
1299 -131.793
1300 -132.753
1301 -133.345
1302 -132.655
1303 -131.171
1304 -132.421
1305 -132.535
1306 -130.725
1307 -131.74
1308 -132.253
1309 -131.348
1310 -133.29
1311 -131.135
1312 -132.063
1313 -131.985
1314 -131.79
1315 -131.138
1316 -131.165
1317 -132.202
1318 -130.691
1319 -131.679
1320 -130.67
1321 -131.995
1322 -131.344
1323 -133.152
1324 -131.339
1325 -132.282
1326 -131.055
1327 -130.124
1328 -133.681
1329 -130.957
1330 -130.333
1331 -131.117
1332 -130.556
1333 -130.767
1334 -132.671
1335 -133.441
1336 -132.7
1337 -132.036
1338 -133.657
1339 -132.49
1340 -132.1
1341 -132.528
1342 -132.93
1343 -131.721
1344 -131.145
1345 -132.758
1346 -133.099
1347 -132.7
1348 -132.436
1349 -133.437
1350 -133.213
1351 -133.034
1352 -131.52
1353 -129.776
1354 -130.762
1355 -130.533
1356 -131.913
1357 -131.765
1358 -131.937
1359 -131.081
1360 -131.955
1361 -131.674
1362 -131.583
1363 -129.879
1364 -132.012
1365 -130.996
1366 -130.407
1367 -130.781
1368 -130.573
1369 -131.972
1370 -132.647
1371 -132.295
1372 -131.693
1373 -131.496
1374 -131.143
1375 -130.009
1376 -129.342
1377 -130.423
1378 -130.175
1379 -130.114
1380 -131.66
1381 -131.442
1382 -132.616
1383 -132.797
1384 -131.494
1385 -131.43
1386 -132.478
1387 -132.189
1388 -132.84
1389 -131.759
1390 -132.1
1391 -131.865
1392 -132.459
1393 -133.439
1394 -132.94
1395 -131.55
1396 -131.751
1397 -131.779
1398 -132.491
1399 -132.713
1400 -131.434
1401 -131.323
1402 -129.979
1403 -131.317
1404 -132.29
1405 -130.749
1406 -132.051
1407 -131.83
1408 -131.027
1409 -132.028
1410 -130.529
1411 -131.332
1412 -131.075
1413 -130.237
1414 -130.273
1415 -131.038
1416 -130.19
1417 -130.83
1418 -131.525
1419 -131.813
1420 -130.305
1421 -129.997
1422 -131.139
1423 -131.986
1424 -131.545
1425 -130.086
1426 -130.162
1427 -131.575
1428 -130.6
1429 -131.427
1430 -131.541
1431 -131.762
1432 -131.558
1433 -132.689
1434 -130.769
1435 -132.151
1436 -131.646
1437 -131.849
1438 -129.865
1439 -131.069
1440 -130.582
1441 -133.189
1442 -132.866
1443 -132.329
1444 -132.789
1445 -132.422
1446 -131.81
1447 -130.848
1448 -129.483
1449 -129.248
1450 -130.854
1451 -131.799
1452 -130.872
1453 -131.923
1454 -131.857
1455 -131.965
1456 -130.34
1457 -130.27
1458 -130.838
1459 -130.108
1460 -129.771
1461 -130.874
1462 -130.789
1463 -130.233
1464 -131.333
1465 -130.476
1466 -130.097
1467 -131.29
1468 -130.015
1469 -130.23
1470 -130.313
1471 -130.386
1472 -131.045
1473 -130.98
1474 -132.256
1475 -131.24
1476 -133.233
1477 -129.843
1478 -132.677
1479 -132.533
1480 -133.727
1481 -131.779
1482 -131.858
1483 -130.696
1484 -132.103
1485 -132.89
1486 -131.984
1487 -132.409
1488 -131.678
1489 -131.836
1490 -131.428
1491 -132.727
1492 -132.331
1493 -131.809
1494 -130.813
1495 -130.037
1496 -130.826
1497 -131.02
1498 -131.917
1499 -130.576
1500 -131.522
1501 -130.561
1502 -131.685
1503 -130.99
1504 -129.92
1505 -131.009
1506 -130.7
1507 -130.509
1508 -129.262
1509 -131.011
1510 -130.702
1511 -129.254
1512 -131.054
1513 -129.556
1514 -130.017
1515 -130.482
1516 -129.491
1517 -129.352
1518 -129.569
1519 -129.465
1520 -131.041
1521 -129.825
1522 -131.869
1523 -130.361
1524 -130.619
1525 -131.303
1526 -129.745
1527 -132.868
1528 -131.027
1529 -131.75
1530 -131.222
1531 -130.437
1532 -131.008
1533 -129.337
1534 -129.769
1535 -129.919
1536 -130.041
1537 -129.334
1538 -129.071
1539 -128.583
1540 -129.003
1541 -127.613
1542 -126.613
1543 -126.474
1544 -127.703
1545 -127.289
1546 -126.068
1547 -125.786
1548 -125.8
1549 -125.336
1550 -124.106
1551 -122.711
1552 -122.17
1553 -122.703
1554 -121.629
1555 -121.089
1556 -120.18
1557 -120.532
1558 -118.594
1559 -120.14
1560 -119.631
1561 -120.077
1562 -118.273
1563 -119.188
1564 -118.019
1565 -117.477
1566 -116.72
1567 -116.189
1568 -116.932
1569 -114.656
1570 -114.997
1571 -115.938
1572 -115.537
1573 -115.136
1574 -115.524
1575 -114.848
1576 -115.735
1577 -114.776
1578 -115.837
1579 -115.139
1580 -114.453
1581 -115.43
1582 -114.657
1583 -114.139
1584 -114.783
1585 -114.701
1586 -113.737
1587 -113.383
1588 -113.921
1589 -115.034
1590 -113.322
1591 -114.945
1592 -112.706
1593 -112.524
1594 -112.455
1595 -111.228
1596 -111.477
1597 -109.958
1598 -110.815
1599 -110.733
1600 -108.864
1601 -109.606
1602 -108.164
1603 -107.526
1604 -110.023
1605 -108.005
1606 -108.583
1607 -107.634
1608 -107.878
1609 -107.992
1610 -107.713
1611 -106.844
1612 -107.339
1613 -106.902
1614 -107.115
1615 -109.643
1616 -108.413
1617 -108.501
1618 -106.038
1619 -107.246
1620 -108.232
1621 -110.333
1622 -110.529
1623 -109.136
1624 -109.331
1625 -109.375
1626 -109.149
1627 -110.96
1628 -110.201
1629 -112.609
1630 -111.788
1631 -112.486
1632 -113.147
1633 -114.833
1634 -114.254
1635 -114.919
1636 -115.249
1637 -115.252
1638 -115.908
1639 -116.098
1640 -117.012
1641 -116.23
1642 -116.575
1643 -116.942
1644 -119.746
1645 -119.991
1646 -118.338
1647 -121.144
1648 -120.731
1649 -119.319
1650 -120.026
1651 -119.618
1652 -120.521
1653 -121.712
1654 -120.498
1655 -120.194
1656 -121.857
1657 -121.141
1658 -122.027
1659 -122.411
1660 -123.444
1661 -121.334
1662 -121.854
1663 -123.323
1664 -122.884
1665 -122.295
1666 -123.992
1667 -122.491
1668 -123.857
1669 -123.008
1670 -122.83
1671 -119.935
1672 -121.064
1673 -120.789
1674 -120.91
1675 -121.632
1676 -120.047
1677 -121.722
1678 -119.632
1679 -120.475
1680 -121.125
1681 -120.443
1682 -119.378
1683 -120.276
1684 -120.675
1685 -122.066
1686 -124.073
1687 -123.221
1688 -121.95
1689 -122.2
1690 -123.007
1691 -124.094
1692 -122.781
1693 -122.412
1694 -121.9
1695 -122.186
1696 -121.537
1697 -120.929
1698 -121.344
1699 -123.88
1700 -123.093
1701 -121.826
1702 -124.619
1703 -123.117
1704 -121.028
1705 -122.193
1706 -123.63
1707 -121.444
1708 -122.854
1709 -124.141
1710 -124.159
1711 -122.799
1712 -123.828
1713 -124.096
1714 -123.108
1715 -122.042
1716 -122.365
1717 -120.715
1718 -121.895
1719 -121.832
1720 -121.152
1721 -122.786
1722 -122.023
1723 -121.82
1724 -122.076
1725 -121.68
1726 -122.158
1727 -120.626
1728 -121.338
1729 -121.943
1730 -121.762
1731 -123.953
1732 -121.413
1733 -121.974
1734 -122.82
1735 -125.146
1736 -124.216
1737 -123.739
1738 -123.949
1739 -122.898
1740 -123.398
1741 -123.112
1742 -122.804
1743 -121.934
1744 -122.307
1745 -121.963
1746 -122.634
1747 -123.064
1748 -123.351
1749 -122.961
1750 -123.95
1751 -122.575
1752 -122.548
1753 -122.87
1754 -123.397
1755 -122.65
1756 -125.72
1757 -125.05
1758 -125.075
1759 -125.67
1760 -124.796
1761 -125.123
1762 -123.168
1763 -122.79
1764 -122.733
1765 -122.944
1766 -122.643
1767 -123.588
1768 -122.01
1769 -121.459
1770 -123.234
1771 -122.457
1772 -121.595
1773 -121.142
1774 -121.4
1775 -122.371
1776 -122.253
1777 -121.864
1778 -121.838
1779 -121.928
1780 -122.858
1781 -121.522
1782 -123.28
1783 -123.011
1784 -124.859
1785 -121.845
1786 -122.404
1787 -123.245
1788 -123.547
1789 -123.061
1790 -124.246
1791 -123.134
1792 -123.294
1793 -123.989
1794 -122.38
1795 -124.491
1796 -124.354
1797 -123.803
1798 -122.89
1799 -123.777
1800 -123.27
1801 -124.173
1802 -124.399
1803 -123.174
1804 -124.912
1805 -123.277
1806 -124.739
1807 -125.149
1808 -124.484
1809 -125.288
1810 -122.561
1811 -123.163
1812 -123.808
1813 -122.471
1814 -122.333
1815 -121.232
1816 -122.375
1817 -121.211
1818 -121.689
1819 -121.98
1820 -121.252
1821 -122.019
1822 -122.369
1823 -122.779
1824 -123.393
1825 -122.192
1826 -122.905
1827 -122.547
1828 -123.639
1829 -123.215
1830 -125.167
1831 -122.233
1832 -123.684
1833 -123.929
1834 -122.994
1835 -122.531
1836 -123.991
1837 -122.397
1838 -123.415
1839 -122.703
1840 -123.376
1841 -123.125
1842 -123.312
1843 -124.746
1844 -123.472
1845 -123.846
1846 -123.906
1847 -123.886
1848 -123.502
1849 -124.823
1850 -124.179
1851 -125.235
1852 -125.297
1853 -123.313
1854 -122.543
1855 -125.598
1856 -123.591
1857 -124.217
1858 -124.037
1859 -122.685
1860 -122.94
1861 -122.149
1862 -121.356
1863 -123.246
1864 -122.778
1865 -122.628
1866 -124.097
1867 -121.371
1868 -121.872
1869 -123.563
1870 -122.542
1871 -122.754
1872 -123.155
1873 -123.621
1874 -121.99
1875 -123.726
1876 -123.02
1877 -123.271
1878 -123.95
1879 -123.692
1880 -123.696
1881 -122.53
1882 -123.316
1883 -122.947
1884 -123.445
1885 -123.479
1886 -123.959
1887 -123.836
1888 -124.14
1889 -124.423
1890 -125.109
1891 -123.875
1892 -123.778
1893 -124.291
1894 -124.402
1895 -123.417
1896 -124.351
1897 -124.46
1898 -123.671
1899 -124.588
1900 -123.578
1901 -123.905
1902 -125.071
1903 -123.748
1904 -124.415
1905 -122.965
1906 -123.066
1907 -122.426
1908 -122.293
1909 -123.49
1910 -122.745
1911 -121.853
1912 -120.711
1913 -121.809
1914 -122.098
1915 -121.287
1916 -122.662
1917 -122.43
1918 -123.601
1919 -122.046
1920 -124.046
1921 -122.641
1922 -123.987
1923 -122.726
1924 -123.618
1925 -124.037
1926 -123.561
1927 -124.856
1928 -125.934
1929 -124.381
1930 -123.582
1931 -122.755
1932 -123.038
1933 -123.78
1934 -123.177
1935 -123.427
1936 -123.665
1937 -125.672
1938 -126.467
1939 -124.64
1940 -122.824
1941 -122.839
1942 -126.404
1943 -125.565
1944 -123.673
1945 -125.184
1946 -125.141
1947 -125.356
1948 -124.678
1949 -123.92
1950 -123.715
1951 -121.717
1952 -123.735
1953 -123.5
1954 -123.733
1955 -122.588
1956 -121.101
1957 -122.875
1958 -123.523
1959 -123.66
1960 -122.274
1961 -121.61
1962 -122.656
1963 -123.425
1964 -123.095
1965 -121.83
1966 -122.916
1967 -124.291
1968 -125.056
1969 -123.199
1970 -123.981
1971 -124.265
1972 -123.693
1973 -123.734
1974 -124.433
1975 -122.963
1976 -123.693
1977 -122.137
1978 -124.543
1979 -124.489
1980 -124.067
1981 -123.808
1982 -124.365
1983 -124.147
1984 -123.907
1985 -123.968
1986 -123.869
1987 -124.728
1988 -124.033
1989 -124.03
1990 -124.653
1991 -124.124
1992 -124.878
1993 -125.337
1994 -125.659
1995 -125.738
1996 -125.724
1997 -122.826
1998 -123.888
1999 -122.835
2000 -121.92
2001 -123.079
2002 -122.897
2003 -123.912
2004 -122.782
2005 -124.851
2006 -123.526
2007 -122.962
2008 -122.552
2009 -123.679
2010 -122.282
2011 -123.531
2012 -123.214
2013 -124.08
2014 -124.002
2015 -123.721
2016 -124.015
2017 -125.382
2018 -124.576
2019 -122.556
2020 -123.94
2021 -125.492
2022 -123.121
2023 -123.271
2024 -123.757
2025 -124.011
2026 -123.838
2027 -124.773
2028 -124.695
2029 -125.086
2030 -125.283
2031 -123.928
2032 -123.694
2033 -124.409
2034 -124.509
2035 -124.584
2036 -126.123
2037 -125.421
2038 -124.658
2039 -124.834
2040 -125.04
2041 -126.358
2042 -126.108
2043 -126.232
2044 -126.621
2045 -124.602
2046 -125.322
2047 -125.817
2048 -125.306
2049 -125.445
2050 -127.218
2051 -127.226
2052 -128.18
2053 -129.557
2054 -127.934
2055 -128.124
2056 -129.178
2057 -128.846
2058 -130.206
2059 -130.17
2060 -132.007
2061 -131.972
2062 -131.853
2063 -132.444
2064 -133.542
2065 -134.875
2066 -134.967
2067 -134.495
2068 -134.944
2069 -135.953
2070 -135.646
2071 -135.56
2072 -134.945
2073 -136.476
2074 -136.831
2075 -136.7
2076 -137.31
2077 -138.725
2078 -139.24
2079 -140.707
2080 -140.59
2081 -140.501
2082 -139.6
2083 -139.515
2084 -140.626
2085 -138.898
2086 -141.263
2087 -141.216
2088 -140.931
2089 -142.521
2090 -141.081
2091 -141.803
2092 -144.077
2093 -141.27
2094 -142.245
2095 -142.413
2096 -142.003
2097 -141.499
2098 -142.337
2099 -141.989
2100 -140.919
2101 -142.672
2102 -141.769
2103 -143.52
2104 -143.926
2105 -145.734
2106 -145.484
2107 -145.559
2108 -144.346
2109 -145.407
2110 -146.123
2111 -147.265
2112 -148.112
2113 -146.826
2114 -150.496
2115 -147.328
2116 -145.889
2117 -147.123
2118 -147.054
2119 -146.606
2120 -147.075
2121 -147.722
2122 -148.024
2123 -146.597
2124 -147.204
2125 -146.766
2126 -145.935
2127 -147.062
2128 -145.391
2129 -145.835
2130 -146.582
2131 -144.873
2132 -145.291
2133 -143.889
2134 -144.823
2135 -143.776
2136 -143.299
2137 -142.804
2138 -142.647
2139 -140.75
2140 -140.565
2141 -139.877
2142 -139.365
2143 -140.148
2144 -137.756
2145 -138.613
2146 -140.564
2147 -138.024
2148 -136.526
2149 -137.087
2150 -136.41
2151 -136.262
2152 -136.983
2153 -136.93
2154 -136.675
2155 -137.603
2156 -136.221
2157 -136.801
2158 -135.53
2159 -135.308
2160 -134.522
2161 -134.72
2162 -135.543
2163 -133.461
2164 -131.202
2165 -133.105
2166 -133.651
2167 -135.08
2168 -135.162
2169 -133.726
2170 -134.234
2171 -133.023
2172 -132.912
2173 -134.091
2174 -134.579
2175 -135.188
2176 -134.504
2177 -134.411
2178 -133.336
2179 -133.558
2180 -133.314
2181 -133.989
2182 -133.061
2183 -133.232
2184 -133.435
2185 -134.277
2186 -130.693
2187 -132.283
2188 -132.224
2189 -131.385
2190 -134.355
2191 -134.454
2192 -133.804
2193 -133.704
2194 -133.307
2195 -132.628
2196 -131.294
2197 -131.392
2198 -131.278
2199 -132.522
2200 -131.298
2201 -132.477
2202 -132.511
2203 -131.917
2204 -131.273
2205 -130.258
2206 -132.128
2207 -131.773
2208 -131.306
2209 -130.827
2210 -131.026
2211 -130.499
2212 -131.505
2213 -130.016
2214 -131.715
2215 -132.172
2216 -133.987
2217 -132.442
2218 -132.009
2219 -131.44
2220 -132.179
2221 -132.194
2222 -132.092
2223 -132.912
2224 -132.571
2225 -132.769
2226 -133.4
2227 -132.537
2228 -132.344
2229 -132.272
2230 -132.628
2231 -130.518
2232 -132.562
2233 -131.487
2234 -130.697
2235 -131.581
2236 -131.127
2237 -132.349
2238 -132.039
2239 -131.953
2240 -132.373
2241 -130.984
2242 -131.727
2243 -132.034
2244 -131.965
2245 -129.41
2246 -129.901
2247 -132.226
2248 -131.663
2249 -132.502
2250 -132.167
2251 -131.116
2252 -131.803
2253 -131.481
2254 -131.64
2255 -130.037
2256 -132.604
2257 -131.032
2258 -130.75
2259 -131.798
2260 -131.837
2261 -133.143
2262 -131.929
2263 -131.62
2264 -133.04
2265 -133.252
2266 -132.692
2267 -132.763
2268 -132.24
2269 -132.618
2270 -131.269
2271 -131.712
2272 -131.377
2273 -132.184
2274 -133.306
2275 -133.567
2276 -131.544
2277 -132.053
2278 -131.747
2279 -132.066
2280 -131.778
2281 -131.154
2282 -130.583
2283 -131.723
2284 -131.407
2285 -132.241
2286 -133.284
2287 -134.112
2288 -133.847
2289 -132.956
2290 -131.183
2291 -131.63
2292 -130.541
2293 -130.847
2294 -130.413
2295 -130.962
2296 -131.572
2297 -131.487
2298 -131.935
2299 -130.942
2300 -130.344
2301 -130.511
2302 -132.149
2303 -130.125
2304 -130.689
2305 -130.506
2306 -131.222
2307 -131.137
2308 -132.45
2309 -131.795
2310 -132.837
2311 -132.474
2312 -131.274
2313 -133.201
2314 -132.548
2315 -131.727
2316 -132.012
2317 -131.712
2318 -130.43
2319 -132.376
2320 -132.75
2321 -132.016
2322 -131.294
2323 -131.231
2324 -133.706
2325 -132.49
2326 -132.283
2327 -130.881
2328 -130.812
2329 -132.451
2330 -129.002
2331 -130.643
2332 -130.894
2333 -130.94
2334 -131.862
2335 -131.364
2336 -129.382
2337 -132.878
2338 -130.404
2339 -130.713
2340 -131.292
2341 -130.035
2342 -131.781
2343 -131.121
2344 -131.482
2345 -131.232
2346 -130.401
2347 -130.025
2348 -130.751
2349 -130.408
2350 -129.036
2351 -130.525
2352 -130.343
2353 -130.228
2354 -129.937
2355 -131.1
2356 -132.494
2357 -132.007
2358 -132.934
2359 -132.603
2360 -131.92
2361 -131.067
2362 -130.462
2363 -131.183
2364 -131.39
2365 -130.128
2366 -131.113
2367 -132.867
2368 -131.896
2369 -131.932
2370 -130.789
2371 -130.937
2372 -132.355
2373 -131.313
2374 -131.852
2375 -130.643
2376 -130.82
2377 -131.082
2378 -131.215
2379 -130.702
2380 -132.43
2381 -131.693
2382 -131.062
2383 -130.355
2384 -131.304
2385 -131.256
2386 -128.784
2387 -131.142
2388 -130.382
2389 -129.838
2390 -131.774
2391 -130.563
2392 -131.363
2393 -130.829
2394 -131.354
2395 -130.054
2396 -130.796
2397 -129.622
2398 -130.463
2399 -130.49
2400 -131.349
2401 -132.677
2402 -132.046
2403 -131.838
2404 -131.971
2405 -131.457
2406 -131.891
2407 -131.802
2408 -132.566
2409 -132.054
2410 -132.875
2411 -131.759
2412 -132.067
2413 -131.394
2414 -131.426
2415 -131.049
2416 -132.216
2417 -131.461
2418 -131.069
2419 -132.027
2420 -132.621
2421 -132.174
2422 -130.113
2423 -131.519
2424 -131.443
2425 -131.259
2426 -132.188
2427 -131.133
2428 -131.362
2429 -130.369
2430 -131.671
2431 -129.992
2432 -130.328
2433 -128.57
2434 -130.566
2435 -130.997
2436 -131.783
2437 -131.016
2438 -130.969
2439 -131.774
2440 -129.471
2441 -129.701
2442 -129.896
2443 -129.596
2444 -129.111
2445 -130.352
2446 -130.967
2447 -129.556
2448 -131.497
2449 -131.876
2450 -133.366
2451 -132.538
2452 -132.756
2453 -130.412
2454 -132.656
2455 -130.771
2456 -131.607
2457 -131.677
2458 -131.614
2459 -130.771
2460 -131.102
2461 -131.191
2462 -131.955
2463 -133.725
2464 -131.637
2465 -131.95
2466 -130.348
2467 -129.303
2468 -128.986
2469 -130.064
2470 -129.715
2471 -130.509
2472 -131.548
2473 -131.123
2474 -131.47
2475 -130.722
2476 -130.493
2477 -130.744
2478 -129.352
2479 -129.658
2480 -129.635
2481 -129.91
2482 -130.802
2483 -130.576
2484 -132.042
2485 -130.371
2486 -131.008
2487 -129.95
2488 -130.78
2489 -131.331
2490 -128.72
2491 -130.05
2492 -128.543
2493 -128.84
2494 -129.785
2495 -131.144
2496 -132.195
2497 -131.666
2498 -132.398
2499 -131.075
2500 -132.246
2501 -131.409
2502 -131.25
2503 -129.404
2504 -131.239
2505 -130.533
2506 -130.515
2507 -131.878
2508 -131.48
2509 -132.267
2510 -131.006
2511 -130.182
2512 -130.279
2513 -130.644
2514 -129.364
2515 -130.431
2516 -130.435
2517 -130.475
2518 -131.436
2519 -131.444
2520 -131.552
2521 -131.871
2522 -132.128
2523 -130.524
2524 -130.333
2525 -130.672
2526 -129.03
2527 -129.418
2528 -129.116
2529 -129.699
2530 -130.894
2531 -130.393
2532 -129.346
2533 -129.266
2534 -130.481
2535 -130.439
2536 -130.284
2537 -129.408
2538 -129.871
2539 -130.032
2540 -129.411
2541 -130.333
2542 -130.048
2543 -131.656
2544 -131.671
2545 -131.348
2546 -130.419
2547 -130.789
2548 -130.716
2549 -130.501
2550 -129.298
2551 -130.115
2552 -128.627
2553 -129.542
2554 -131.15
2555 -130.883
2556 -128.403
2557 -130.305
2558 -128.82
2559 -126.845
2560 -128.572
2561 -126.878
2562 -127.027
2563 -126.419
2564 -126.388
2565 -125.276
2566 -125.402
2567 -126.288
2568 -123.63
2569 -123.722
2570 -122.903
2571 -122.005
2572 -122.456
2573 -120.691
2574 -122.254
2575 -120.936
2576 -120.933
2577 -119.511
2578 -119.707
2579 -118.423
2580 -119.288
2581 -119.474
2582 -117.913
2583 -116.884
2584 -115.817
2585 -116.212
2586 -116.637
2587 -116.171
2588 -116.952
2589 -117.006
2590 -115.506
2591 -115.818
2592 -115.202
2593 -115.383
2594 -113.823
2595 -115.062
2596 -115.525
2597 -115.524
2598 -114.252
2599 -114.704
2600 -113.996
2601 -113.947
2602 -115.347
2603 -115.047
2604 -114.028
2605 -113.583
2606 -114.396
2607 -113.215
2608 -114.423
2609 -115.1
2610 -111.875
2611 -112.917
2612 -112.18
2613 -114.047
2614 -112.728
2615 -110.961
2616 -110.13
2617 -110.763
2618 -110.846
2619 -110.48
2620 -108.232
2621 -108.979
2622 -108.197
2623 -107.355
2624 -106.482
2625 -107.842
2626 -108.579
2627 -108.428
2628 -106.815
2629 -108.486
2630 -108.748
2631 -105.869
2632 -106.363
2633 -107.516
2634 -107.351
2635 -106.939
2636 -107.91
2637 -108.44
2638 -109.586
2639 -108.492
2640 -108.601
2641 -108.612
2642 -109.603
2643 -109.603
2644 -109.802
2645 -108.603
2646 -109.909
2647 -108.332
2648 -109.503
2649 -111.349
2650 -112.667
2651 -113.345
2652 -112.238
2653 -111.964
2654 -115.432
2655 -114.806
2656 -114.236
2657 -116.629
2658 -115.708
2659 -117.743
2660 -117.426
2661 -118.015
2662 -118.956
2663 -117.998
2664 -118.643
2665 -120.349
2666 -119.01
2667 -118.772
2668 -118.652
2669 -118.996
2670 -119.892
2671 -120.715
2672 -121.388
2673 -120.896
2674 -120.712
2675 -121.492
2676 -121.819
2677 -119.283
2678 -121.043
2679 -121.326
2680 -121.774
2681 -120.475
2682 -121.794
2683 -120.961
2684 -122.109
2685 -123.385
2686 -122.69
2687 -123.187
2688 -122.595
2689 -121.169
2690 -121.005
2691 -120.24
2692 -120.553
2693 -119.854
2694 -121.767
2695 -121.59
2696 -122.444
2697 -122.207
2698 -120.634
2699 -120.688
2700 -119.395
2701 -120.824
2702 -120.213
2703 -120.592
2704 -121.006
2705 -121.542
2706 -122.099
2707 -121.625
2708 -122.544
2709 -120.896
2710 -124.931
2711 -123.029
2712 -124.095
2713 -122.799
2714 -123.375
2715 -121.817
2716 -123.584
2717 -123.547
2718 -122.871
2719 -124.203
2720 -122.415
2721 -122.736
2722 -123.381
2723 -122.018
2724 -123.161
2725 -123.065
2726 -120.812
2727 -124.096
2728 -122.976
2729 -123.048
2730 -122.745
2731 -124.401
2732 -123.242
2733 -123.146
2734 -125.445
2735 -123.864
2736 -122.655
2737 -123.172
2738 -122.514
2739 -121.46
2740 -121.747
2741 -121.775
2742 -122.063
2743 -121.184
2744 -121.129
2745 -122.072
2746 -121.728
2747 -121.598
2748 -122.019
2749 -121.969
2750 -122.395
2751 -121.227
2752 -121.592
2753 -121.185
2754 -122.01
2755 -123.413
2756 -122.212
2757 -124.057
2758 -123.273
2759 -121.558
2760 -121.219
2761 -122.421
2762 -120.312
2763 -122.323
2764 -121.615
2765 -124.36
2766 -122.85
2767 -123.875
2768 -123.548
2769 -123.207
2770 -122.538
2771 -121.974
2772 -123.007
2773 -125.699
2774 -122.787
2775 -122.662
2776 -121.896
2777 -122.658
2778 -124.481
2779 -123.577
2780 -124.62
2781 -124.587
2782 -123.498
2783 -123.773
2784 -123.515
2785 -123.285
2786 -123.591
2787 -122.159
2788 -121.683
2789 -121.499
2790 -120.932
2791 -123.229
2792 -122.172
2793 -120.22
2794 -120.776
2795 -120.939
2796 -121.345
2797 -122.417
2798 -121.875
2799 -123.072
2800 -122.554
2801 -123.733
2802 -122.698
2803 -124.134
2804 -122.967
2805 -123.734
2806 -123.81
2807 -122.683
2808 -124.628
2809 -123.595
2810 -122.649
2811 -123.166
2812 -121.437
2813 -123.492
2814 -123.763
2815 -125.009
2816 -123.273
2817 -123.652
2818 -123.806
2819 -122.393
2820 -122.04
2821 -120.681
2822 -122.969
2823 -123.153
2824 -124.46
2825 -123.996
2826 -123.737
2827 -124.53
2828 -124.089
2829 -123.344
2830 -122.082
2831 -124.518
2832 -123.897
2833 -121.867
2834 -122.872
2835 -122.979
2836 -123.085
2837 -122.862
2838 -122.477
2839 -121.161
2840 -122.938
2841 -121.583
2842 -122.071
2843 -122.033
2844 -122.877
2845 -122.798
2846 -121.984
2847 -123.65
2848 -122.689
2849 -123.406
2850 -123.502
2851 -123.577
2852 -123.251
2853 -124.096
2854 -123.402
2855 -122.636
2856 -123.875
2857 -122.716
2858 -124.514
2859 -122.413
2860 -123.488
2861 -124.559
2862 -123.042
2863 -123.243
2864 -122.498
2865 -124.479
2866 -124.238
2867 -124.488
2868 -125.376
2869 -123.518
2870 -123.51
2871 -122.371
2872 -124.889
2873 -125.711
2874 -124.003
2875 -125.689
2876 -123.896
2877 -123.556
2878 -123.518
2879 -122.664
2880 -121.809
2881 -123.093
2882 -122.659
2883 -122.72
2884 -123.894
2885 -122.321
2886 -122.319
2887 -122.164
2888 -121.575
2889 -121.125
2890 -122.665
2891 -123.246
2892 -123.933
2893 -124.421
2894 -123.373
2895 -122.833
2896 -123.383
2897 -123.689
2898 -124.744
2899 -124.699
2900 -122.867
2901 -124.347
2902 -123.779
2903 -122.552
2904 -123.769
2905 -123.19
2906 -122.947
2907 -124.811
2908 -123.524
2909 -124.242
2910 -124.119
2911 -123.698
2912 -123.044
2913 -123.673
2914 -125.653
2915 -123.278
2916 -125.161
2917 -125.024
2918 -123.811
2919 -123.883
2920 -125.225
2921 -126.081
2922 -123.694
2923 -123.333
2924 -123.686
2925 -122.782
2926 -123.362
2927 -122.703
2928 -121.295
2929 -123.158
2930 -123.21
2931 -120.823
2932 -121.775
2933 -122.155
2934 -122.374
2935 -122.929
2936 -121.859
2937 -121.179
2938 -123.689
2939 -124.513
2940 -123.296
2941 -124.376
2942 -123.624
2943 -123.074
2944 -124.24
2945 -122.77
2946 -125.515
2947 -123.971
2948 -123.342
2949 -122.428
2950 -124.28
2951 -123.34
2952 -124.513
2953 -124.032
2954 -124.923
2955 -124.489
2956 -123.264
2957 -125.068
2958 -124.154
2959 -124.166
2960 -124.853
2961 -123.909
2962 -124.903
2963 -125.032
2964 -124.834
2965 -124.63
2966 -124.776
2967 -125.993
2968 -124.995
2969 -123.8
2970 -123.266
2971 -124.098
2972 -123.314
2973 -121.945
2974 -123.781
2975 -122.189
2976 -122.994
2977 -123.773
2978 -123.031
2979 -123.414
2980 -122.51
2981 -122.954
2982 -123.162
2983 -121.582
2984 -121.738
2985 -124.112
2986 -124.021
2987 -123.203
2988 -123.449
2989 -122.98
2990 -124.487
2991 -125.834
2992 -124.421
2993 -124.315
2994 -125.389
2995 -122.229
2996 -123.069
2997 -122.724
2998 -121.798
2999 -125.486
3000 -124.34
3001 -125.543
3002 -124.824
3003 -123.968
3004 -124.073
3005 -124.318
3006 -121.854
3007 -124.123
3008 -124.196
3009 -123.821
3010 -125.473
3011 -125.463
3012 -124.762
3013 -125.408
3014 -126.415
3015 -126.159
3016 -124.536
3017 -124.806
3018 -125.111
3019 -123.836
3020 -123.625
3021 -121.52
3022 -123.722
3023 -124.253
3024 -123.381
3025 -122.382
3026 -122.891
3027 -123.594
3028 -122.983
3029 -122.553
3030 -123.173
3031 -123.657
3032 -124.427
3033 -124.102
3034 -124.317
3035 -124.126
3036 -123.737
3037 -123.889
3038 -123.278
3039 -123.474
3040 -124.273
3041 -123.832
3042 -123.047
3043 -123.78
3044 -124.139
3045 -123.02
3046 -124.991
3047 -125.745
3048 -124.384
3049 -124.456
3050 -123.97
3051 -124.529
3052 -125.356
3053 -123.699
3054 -124.017
3055 -126.106
3056 -125.19
3057 -123.748
3058 -125.079
3059 -125.354
3060 -126.324
3061 -126.631
3062 -126.26
3063 -126.497
3064 -125.937
3065 -126.428
3066 -126.202
3067 -126.52
3068 -125.028
3069 -126.009
3070 -126.911
3071 -128.694
3072 -129.372
3073 -129.154
3074 -129.991
3075 -128.707
3076 -129.612
3077 -130.584
3078 -130.55
3079 -133.021
3080 -132.326
3081 -132.712
3082 -132.189
3083 -133.07
3084 -135.667
3085 -135.135
3086 -135.971
3087 -136.673
3088 -136.111
3089 -137.477
3090 -136.193
3091 -136.855
3092 -137.668
3093 -137.23
3094 -137.146
3095 -137.833
3096 -137.217
3097 -137.392
3098 -139.177
3099 -139.41
3100 -139.752
3101 -138.782
3102 -139.581
3103 -139.685
3104 -139.129
3105 -138.697
3106 -138.282
3107 -137.02
3108 -137.328
3109 -137.647
3110 -137.801
3111 -136.473
3112 -137.713
3113 -137.274
3114 -136.693
3115 -137.36
3116 -134.658
3117 -135.67
3118 -133.965
3119 -134.7
3120 -134.647
3121 -133.415
3122 -133.08
3123 -134.318
3124 -132.441
3125 -133.367
3126 -132.683
3127 -133.607
3128 -131.263
3129 -131.776
3130 -131.624
3131 -129.48
3132 -130.062
3133 -129.983
3134 -130.564
3135 -129.961
3136 -130.264
3137 -130.05
3138 -129.861
3139 -128.632
3140 -127.799
3141 -126.538
3142 -129.561
3143 -128.472
3144 -128.737
3145 -128.464
3146 -129.248
3147 -128.671
3148 -128.204
3149 -128.87
3150 -129.63
3151 -129.331
3152 -128.441
3153 -126.96
3154 -126.844
3155 -128.179
3156 -127.699
3157 -127.613
3158 -127.475
3159 -127.395
3160 -126.907
3161 -125.94
3162 -127.167
3163 -128.986
3164 -127.297
3165 -127.217
3166 -126.889
3167 -128.288
3168 -126.071
3169 -126.063
3170 -126.356
3171 -127.124
3172 -126.728
3173 -128.836
3174 -128.993
3175 -128.125
3176 -127.143
3177 -126.794
3178 -127.404
3179 -127.778
3180 -127.693
3181 -128.425
3182 -128.642
3183 -126.885
3184 -127.385
3185 -126.711
3186 -128.905
3187 -128.153
3188 -126.202
3189 -126.605
3190 -128.399
3191 -127.314
3192 -128.598
3193 -126.709
3194 -127.716
3195 -126.999
3196 -126.582
3197 -127.058
3198 -125.415
3199 -126.782
3200 -127.411
3201 -126.673
3202 -126.674
3203 -127.741
3204 -128.07
3205 -126.203
3206 -127.754
3207 -126.933
3208 -126.307
3209 -127.214
3210 -128.659
3211 -127.472
3212 -127.692
3213 -127.453
3214 -126.591
3215 -126.109
3216 -125.452
3217 -125.93
3218 -125.892
3219 -126.519
3220 -126.311
3221 -127.636
3222 -127.387
3223 -126.87
3224 -126.447
3225 -128.328
3226 -126.669
3227 -127.233
3228 -127.126
3229 -126.397
3230 -127.235
3231 -127.616
3232 -128.463
3233 -125.403
3234 -126.353
3235 -127.014
3236 -126.529
3237 -126.8
3238 -125.986
3239 -127.66
3240 -126.754
3241 -126.734
3242 -127.063
3243 -127.051
3244 -127.77
3245 -126.755
3246 -125.689
3247 -126.97
3248 -126.749
3249 -126.392
3250 -125.461
3251 -127.993
3252 -126.568
3253 -126.23
3254 -127.72
3255 -126.998
3256 -126.611
3257 -127.55
3258 -128.558
3259 -127.325
3260 -126.201
3261 -127.795
3262 -126.248
3263 -126.643
3264 -127.645
3265 -126.204
3266 -127.108
3267 -126.806
3268 -127.079
3269 -127.18
3270 -126.05
3271 -126.315
3272 -126.842
3273 -125.682
3274 -126.504
3275 -126.539
3276 -127.167
3277 -126.102
3278 -125.164
3279 -127.74
3280 -126.666
3281 -126.049
3282 -126.401
3283 -126.82
3284 -126.884
3285 -126.149
3286 -125.668
3287 -126.963
3288 -126.87
3289 -128.338
3290 -126.608
3291 -126.861
3292 -126.679
3293 -127.891
3294 -127.874
3295 -126.525
3296 -127.091
3297 -127.612
3298 -127.295
3299 -127.078
3300 -127.422
3301 -126.594
3302 -126.835
3303 -126.227
3304 -126.398
3305 -127.843
3306 -127.062
3307 -126.731
3308 -127.822
3309 -128.265
3310 -128.527
3311 -127.569
3312 -126.744
3313 -127.118
3314 -126.528
3315 -126.863
3316 -127.94
3317 -127.539
3318 -127.451
3319 -126.827
3320 -128.037
3321 -128.191
3322 -126.957
3323 -127.326
3324 -126.812
3325 -124.876
3326 -126.421
3327 -126.929
3328 -125.421
3329 -127.839
3330 -127.875
3331 -127.239
3332 -128.398
3333 -127.088
3334 -125.246
3335 -126.576
3336 -128.379
3337 -126.744
3338 -125.863
3339 -125.373
3340 -126.747
3341 -127.623
3342 -126.39
3343 -127.607
3344 -127.266
3345 -126.206
3346 -126.894
3347 -126.453
3348 -126.958
3349 -128.618
3350 -127.06
3351 -126.571
3352 -127.574
3353 -125.868
3354 -128.462
3355 -127.551
3356 -128.715
3357 -128.149
3358 -126.296
3359 -128.787
3360 -126.405
3361 -127.039
3362 -127.055
3363 -127.411
3364 -127.078
3365 -127.757
3366 -128.329
3367 -129.299
3368 -127.709
3369 -125.897
3370 -125.985
3371 -127.281
3372 -127.607
3373 -128.649
3374 -127.451
3375 -126.401
3376 -127.501
3377 -127.096
3378 -128.64
3379 -126.926
3380 -127.529
3381 -129.258
3382 -129.514
3383 -126.538
3384 -127.737
3385 -127.197
3386 -126.66
3387 -125.579
3388 -127.16
3389 -128.216
3390 -126.418
3391 -126.406
3392 -127.887
3393 -128
3394 -126.862
3395 -125.502
3396 -128.296
3397 -127.321
3398 -126.257
3399 -128.45
