0 -100.061
1 -101.909
2 -100.581
3 -99.8698
4 -98.8762
5 -97.684
6 -98.6639
7 -96.6473
8 -99.1955
9 -99.0517
10 -100.412
11 -100.339
12 -99.8402
13 -99.1562
14 -98.5368
15 -99.714
16 -99.5443
17 -98.9438
18 -99.8281
19 -101.167
20 -100.733
21 -100.756
22 -100.626
23 -100.239
24 -99.9014
25 -99.7169
26 -99.4649
27 -100.488
28 -101.819
29 -100.488
30 -101.719
31 -102.695
32 -103.341
33 -102.048
34 -101.088
35 -101.407
36 -101.388
37 -99.9889
38 -99.9512
39 -100.946
40 -102.068
41 -100.58
42 -101.543
43 -101.64
44 -99.925
45 -100.415
46 -99.8725
47 -99.4736
48 -99.3951
49 -99.3117
50 -100.157
51 -100.312
52 -97.7988
53 -100.097
54 -100.87
55 -99.4615
56 -98.8247
57 -100.295
58 -99.4238
59 -99.6309
60 -101.293
61 -102.544
62 -102.448
63 -102.568
64 -103.001
65 -102.011
66 -101.52
67 -100.167
68 -99.5638
69 -101.941
70 -101.055
71 -100.214
72 -102.572
73 -102.309
74 -102.353
75 -103.324
76 -102.707
77 -102.904
78 -101.358
79 -101.264
80 -99.5927
81 -101.701
82 -99.8264
83 -101.495
84 -102.642
85 -101.677
86 -102.354
87 -101.067
88 -100.046
89 -99.9619
90 -100.389
91 -99.7956
92 -99.0172
93 -99.6657
94 -101.322
95 -101.399
96 -100.697
97 -100.125
98 -99.9202
99 -99.9223
100 -100.3
101 -100.411
102 -101.278
103 -101.086
104 -100.841
105 -100.695
106 -101.61
107 -102.217
108 -101.599
109 -102.692
110 -101.069
111 -103.136
112 -102.123
113 -101.157
114 -101.067
115 -103.315
116 -103.237
117 -103.726
118 -102.465
119 -102.261
120 -101.49
121 -102.654
122 -101.921
123 -102.644
124 -102.61
125 -102.927
126 -103.243
127 -102.781
128 -103.222
129 -99.7064
130 -99.979
131 -101.585
132 -99.5712
133 -99.7593
134 -100.395
135 -99.9903
136 -101.651
137 -102.541
138 -101.554
139 -101.549
140 -100.703
141 -101.619
142 -99.7795
143 -98.5256
144 -101.11
145 -102.239
146 -101.802
147 -102.585
148 -102.762
149 -102.505
150 -101.889
151 -101.308
152 -101.103
153 -102.481
154 -101.832
155 -101.918
156 -103.812
157 -103.933
158 -104.212
159 -103.587
160 -104.669
161 -102.524
162 -103.146
163 -104.205
164 -103.426
165 -103.273
166 -102.33
167 -103.625
168 -102.871
169 -102.705
170 -100.822
171 -103.682
172 -102.897
173 -101.418
174 -99.401
175 -99.5661
176 -100.375
177 -101.104
178 -101.764
179 -102.341
180 -101.891
181 -102.941
182 -101.921
183 -101.218
184 -99.7766
185 -100.373
186 -102.487
187 -102.022
188 -102.177
189 -104.778
190 -103.356
191 -103.731
192 -103.1
193 -101.599
194 -102.455
195 -101.493
196 -103.01
197 -102.791
198 -104.147
199 -103.904
200 -103.34
201 -103.707
202 -103.541
203 -102.93
204 -103.252
205 -101.994
206 -103.288
207 -101.897
208 -102.05
209 -102.199
210 -103.871
211 -103.067
212 -102.946
213 -101.875
214 -102.564
215 -101.706
216 -99.6881
217 -100.735
218 -100.915
219 -100.283
220 -101.327
221 -102.441
222 -101.827
223 -101.797
224 -101.543
225 -101.301
226 -101.4
227 -100.954
228 -100.753
229 -101.231
230 -102.712
231 -103.51
232 -103.426
233 -104.194
234 -102.869
235 -103.126
236 -103.465
237 -104.158
238 -101.028
239 -102.821
240 -104.416
241 -103.715
242 -103.971
243 -104.162
244 -102.99
245 -105.234
246 -103.134
247 -102.69
248 -103.315
249 -103.192
250 -103.376
251 -103.325
252 -102.987
253 -103.49
254 -102.297
255 -102.376
256 -100.747
257 -101.169
258 -101.265
259 -102.591
260 -100.518
261 -102.077
262 -100.741
263 -101.434
264 -102.584
265 -103.98
266 -102.765
267 -102.137
268 -102.11
269 -101.614
270 -101.124
271 -102.552
272 -103.874
273 -104.164
274 -103.997
275 -106.337
276 -103.759
277 -103.463
278 -103.706
279 -103.025
280 -101.81
281 -102.949
282 -103.511
283 -104.177
284 -103.306
285 -105.132
286 -104.517
287 -103.753
288 -103.649
289 -103.216
290 -101.994
291 -102.524
292 -102.782
293 -102.914
294 -102.846
295 -103.644
296 -103.997
297 -102.812
298 -101.725
299 -103.839
300 -101.964
301 -102.607
302 -101.661
303 -100.237
304 -101.861
305 -102.869
306 -101.561
307 -102.251
308 -101.066
309 -100.484
310 -102.188
311 -102.458
312 -101.939
313 -101.547
314 -103.681
315 -101.484
316 -103.865
317 -104.785
318 -102.93
319 -102.069
320 -100.217
321 -99.7464
322 -98.9158
323 -101.174
324 -101.267
325 -101.742
326 -100.993
327 -99.3101
328 -100.084
329 -99.0974
330 -99.5406
331 -98.2921
332 -98.5229
333 -97.9903
334 -96.3687
335 -96.9146
336 -95.6498
337 -93.5552
338 -94.4507
339 -93.8459
340 -91.4204
341 -92.9653
342 -91.588
343 -89.8202
344 -90.3621
345 -88.2097
346 -91.0181
347 -89.2072
348 -86.7242
349 -89.7879
350 -87.27
351 -87.325
352 -87.6944
353 -88.2737
354 -87.5593
355 -87.4489
356 -87.7942
357 -86.7334
358 -86.5329
359 -86.9084
360 -88.8763
361 -86.8899
362 -88.1563
363 -88.5534
364 -89.4283
365 -88.0662
366 -87.8978
367 -89.4935
368 -88.3731
369 -91.0117
370 -90.0471
371 -90.7055
372 -91.9319
373 -93.5164
374 -92.5283
375 -92.4283
376 -94.5831
377 -95.4765
378 -95.423
379 -93.8848
380 -95.0082
381 -96.1334
382 -95.8955
383 -95.4256
384 -95.5455
385 -98.435
386 -96.6174
387 -95.9479
388 -96.6471
389 -96.0682
390 -97.178
391 -96.5703
392 -96.5594
393 -96.9117
394 -97.9201
395 -98.041
396 -98.0799
397 -97.7659
398 -97.2667
399 -97.5812
400 -97.5067
401 -98.8573
402 -97.3328
403 -98.0369
404 -98.5758
405 -98.2655
406 -97.8773
407 -98.1822
408 -98.8654
409 -98.0725
410 -99.362
411 -99.1758
412 -98.7782
413 -97.2872
414 -98.1875
415 -100.154
416 -100.34
417 -99.268
418 -99.4851
419 -100.022
420 -100.915
421 -97.8285
422 -98.8985
423 -98.6688
424 -99.0569
425 -99.2164
426 -99.6701
427 -99.1698
428 -100.542
429 -100.317
430 -101.855
431 -98.8708
432 -100.89
433 -98.9712
434 -99.3394
435 -98.0671
436 -98.7926
437 -99.9185
438 -99.1972
439 -100.505
440 -101.31
441 -99.1252
442 -98.5723
443 -99.4729
444 -98.9515
445 -99.0764
446 -99.7964
447 -98.6091
448 -100.12
449 -99.988
450 -97.7092
451 -98.3607
452 -98.2431
453 -97.895
454 -97.1171
455 -97.3942
456 -95.5529
457 -95.678
458 -93.4006
459 -94.3626
460 -93.6656
461 -93.1789
462 -92.4973
463 -92.3026
464 -90.7852
465 -91.1586
466 -90.5153
467 -89.811
468 -89.5584
469 -89.1329
470 -87.986
471 -87.9865
472 -86.7874
473 -87.7113
474 -84.9836
475 -83.703
476 -83.4337
477 -83.7286
478 -81.7098
479 -81.3958
480 -79.0475
481 -79.3359
482 -79.8871
483 -79.1439
484 -77.7344
485 -78.2195
486 -77.2881
487 -79.3073
488 -78.2468
489 -78.6489
490 -77.5755
491 -77.507
492 -77.7303
493 -77.3679
494 -78.6356
495 -78.0194
496 -78.3767
497 -79.1838
498 -80.4716
499 -79.6051
500 -80.7826
501 -80.7578
502 -81.9818
503 -82.7879
504 -82.8102
505 -83.3883
506 -84.3986
507 -83.7772
508 -84.0505
509 -84.9089
510 -87.6484
511 -87.888
512 -86.7123
513 -89.098
514 -89.1269
515 -89.3049
516 -88.9777
517 -88.0714
518 -89.8748
519 -87.895
520 -89.3744
521 -88.6363
522 -90.032
523 -89.8013
524 -89.6751
525 -90.7948
526 -90.5644
527 -91.0098
528 -91.1212
529 -94.4848
530 -90.7715
531 -91.1018
532 -91.0804
533 -91.5254
534 -92.0063
535 -91.3976
536 -89.2686
537 -90.4299
538 -89.6474
539 -89.7046
540 -89.161
541 -90.0306
542 -89.1518
543 -90.186
544 -89.7076
545 -89.3657
546 -88.7151
547 -91.4605
548 -92.337
549 -91.8087
550 -90.4435
551 -92.1953
552 -91.3485
553 -91.7469
554 -91.5219
555 -92.1749
556 -91.5954
557 -91.1497
558 -92.3613
559 -92.4791
560 -93.3031
561 -91.5065
562 -91.191
563 -92.8712
564 -92.8016
565 -93.03
566 -92.9094
567 -92.003
568 -90.2347
569 -91.564
570 -92.7715
571 -92.5216
572 -92.8996
573 -93.3804
574 -93.5273
575 -93.4038
576 -93.1397
577 -92.5271
578 -90.8272
579 -91.3085
580 -90.8526
581 -91.9296
582 -90.1404
583 -90.1284
584 -88.6684
585 -89.3444
586 -89.7946
587 -90.892
588 -89.745
589 -90.9401
590 -91.0668
591 -90.5728
592 -89.5994
593 -91.305
594 -91.3931
595 -91.1181
596 -93.4204
597 -93.2905
598 -91.9252
599 -93.14
600 -91.4054
601 -91.6034
602 -91.5833
603 -92.1314
604 -93.273
605 -92.5932
606 -94.3152
607 -92.5695
608 -92.9973
609 -92.6097
610 -91.9024
611 -90.2618
612 -93.1023
613 -92.5209
614 -92.8392
615 -93.615
616 -91.2348
617 -93.1414
618 -91.7519
619 -91.3144
620 -91.3893
621 -90.1798
622 -89.9034
623 -90.2873
624 -90.1718
625 -90.4091
626 -89.8994
627 -90.1799
628 -88.6551
629 -90.3505
630 -88.5208
631 -88.9725
632 -91.0946
633 -91.0369
634 -91.6786
635 -91.5516
636 -91.6012
637 -93.5616
638 -93.3995
639 -93.2936
640 -92.0804
641 -92.1995
642 -92.0292
643 -90.4085
644 -92.6143
645 -90.5967
646 -91.6395
647 -92.8585
648 -94.2712
649 -93.1946
650 -92.3223
651 -91.4781
652 -90.8648
653 -92.6984
654 -91.7887
655 -91.7237
656 -91.9855
657 -92.944
658 -92.375
659 -92.2319
660 -91.4763
661 -93.1626
662 -90.3489
663 -90.9156
664 -91.202
665 -90.593
666 -91.2081
667 -90.2101
668 -90.2737
669 -89.1445
670 -88.5364
671 -90.3336
672 -90.2426
673 -89.6198
674 -90.8352
675 -91.564
676 -90.9546
677 -92.3208
678 -92.3996
679 -91.847
680 -90.9767
681 -91.4748
682 -92.6408
683 -90.8212
684 -90.8178
685 -92.4316
686 -91.7934
687 -91.8857
688 -91.0625
689 -91.2105
690 -92.6617
691 -92.3885
692 -90.6158
693 -91.2173
694 -90.283
695 -91.6068
696 -92.1195
697 -91.3943
698 -89.9707
699 -92.2821
700 -93.0372
701 -93.6398
702 -92.1422
703 -90.7679
704 -90.2671
705 -91.3978
706 -90.051
707 -91.3906
708 -90.3115
709 -88.1718
710 -90.996
711 -89.2926
712 -90.3704
713 -90.217
714 -87.2881
715 -90.2902
716 -90.5775
717 -91.7172
718 -91.3744
719 -91.6455
720 -93.2413
721 -91.8784
722 -91.2415
723 -90.7539
724 -91.9236
725 -92.3153
726 -92.5186
727 -90.4053
728 -90.7457
729 -90.514
730 -91.825
731 -90.7834
732 -90.5636
733 -90.2271
734 -89.6106
735 -89.3031
736 -89.2212
737 -88.736
738 -89.9708
739 -91.3503
740 -90.8163
741 -92.27
742 -91.3554
743 -91.5888
744 -90.2493
745 -90.1471
746 -91.9383
747 -89.1244
748 -89.4735
749 -88.0766
750 -89.6279
751 -89.5453
752 -88.7552
753 -88.0484
754 -87.409
755 -88.1156
756 -87.6943
757 -87.251
758 -89.0829
759 -90.196
760 -87.9677
761 -90.0623
762 -91.1641
763 -90.86
764 -91.612
765 -90.4537
766 -90.8911
767 -90.6827
768 -91.0507
769 -87.9339
770 -90.4194
771 -88.9842
772 -90.136
773 -90.5734
774 -91.2744
775 -91.879
776 -88.7894
777 -90.8178
778 -89.7438
779 -91.0681
780 -90.3402
781 -90.235
782 -89.8877
783 -90.5736
784 -90.0433
785 -88.854
786 -91.9934
787 -89.7518
788 -89.7215
789 -90.4607
790 -88.2183
791 -87.6774
792 -88.428
793 -87.5222
794 -87.4741
795 -87.9009
796 -87.3686
797 -86.9829
798 -88.2406
799 -86.9109
800 -88.8564
801 -88.778
802 -89.446
803 -89.2199
804 -89.9019
805 -90.2863
806 -90.7379
807 -90.3875
808 -91.4771
809 -89.9854
810 -88.6914
811 -89.6804
812 -89.7346
813 -88.494
814 -89.6033
815 -91.1257
816 -89.164
817 -89.8375
818 -88.7969
819 -88.9555
820 -87.4165
821 -88.1936
822 -88.8101
823 -90.0953
824 -89.9019
825 -88.1273
826 -89.633
827 -90.5761
828 -89.5743
829 -89.1284
830 -89.0018
831 -86.8536
832 -87.3471
833 -87.1808
834 -87.0788
835 -86.7764
836 -87.8971
837 -86.3047
838 -86.2658
839 -85.9823
840 -86.2351
841 -86.1552
842 -87.1631
843 -88.4848
844 -87.3024
845 -88.0467
846 -87.7342
847 -90.3016
848 -88.6067
849 -89.6906
850 -88.5166
851 -88.043
852 -88.9319
853 -87.9998
854 -88.2209
855 -86.7666
856 -87.9208
857 -88.8351
858 -88.685
859 -89.7396
860 -90.5991
861 -87.7516
862 -88.1164
863 -88.294
864 -88.3573
865 -87.9358
866 -88.8967
867 -89.7919
868 -89.3661
869 -89.3718
870 -90.2948
871 -89.3919
872 -86.2634
873 -88.3758
874 -86.626
875 -87.554
876 -88.2561
877 -87.0905
878 -89.0829
879 -90.3747
880 -88.3567
881 -89.9463
882 -89.5465
883 -90.4595
884 -93.2081
885 -91.4269
886 -93.1551
887 -92.1193
888 -94.232
889 -95.263
890 -96.319
891 -97.8029
892 -96.3392
893 -97.4169
894 -98.0336
895 -95.9966
896 -98.4274
897 -99.4665
898 -100.514
899 -98.2164
900 -102.349
901 -102.535
902 -102.688
903 -103.307
904 -103.668
905 -102.52
906 -102.403
907 -101.355
908 -103.33
909 -100.821
910 -104.323
911 -102.305
912 -101.456
913 -101.117
914 -101.581
915 -101.461
916 -102.381
917 -100.693
918 -100.17
919 -101.889
920 -101.984
921 -101.106
922 -100.952
923 -99.9051
924 -99.6393
925 -98.146
926 -99.4494
927 -97.5622
928 -97.1463
929 -98.9735
930 -96.2355
931 -95.6297
932 -98.1388
933 -96.5166
934 -95.3663
935 -94.3859
936 -95.877
937 -94.0846
938 -93.8496
939 -94.4055
940 -91.5823
941 -94.1882
942 -93.0179
943 -91.4267
944 -93.5562
945 -90.1895
946 -91.6498
947 -92.4122
948 -93.3516
949 -92.0905
950 -91.6227
951 -91.4057
952 -90.4653
953 -92.4731
954 -91.3332
955 -92.9276
956 -92.1437
957 -90.9528
958 -91.8583
959 -91.7494
960 -91.7402
961 -90.0275
962 -90.1997
963 -91.3261
964 -89.0419
965 -91.2117
966 -89.5408
967 -90.8216
968 -89.4236
969 -92.1208
970 -90.1034
971 -90.4706
972 -90.4918
973 -89.4393
974 -90.7199
975 -90.3548
976 -89.2996
977 -91.095
978 -91.7175
979 -89.6227
980 -88.3957
981 -90.1562
982 -89.8087
983 -90.0311
984 -89.9511
985 -90.1241
986 -90.6693
987 -90.4197
988 -88.821
989 -89.663
990 -91.8714
991 -90.3805
992 -91.0603
993 -89.6851
994 -90.1465
995 -89.8548
996 -89.8891
997 -88.8448
998 -88.9254
999 -89.6183
1000 -89.0149
1001 -89.9392
1002 -90.3492
1003 -89.9653
1004 -90.7707
1005 -90.2628
1006 -91.2324
1007 -90.0455
1008 -90.5983
1009 -92.2492
1010 -92.3881
1011 -91.987
1012 -93.3005
1013 -94.847
1014 -93.3212
1015 -95.6242
1016 -96.3105
1017 -96.2224
1018 -96.2093
1019 -98.3824
1020 -99.5083
1021 -97.25
1022 -99.699
1023 -100.451
1024 -99.5771
1025 -101.649
1026 -101.38
1027 -103.11
1028 -103.111
1029 -103.59
1030 -103.244
1031 -104.715
1032 -105.84
1033 -106.689
1034 -107.375
1035 -108.49
1036 -108.119
1037 -109.185
1038 -109.854
1039 -110.228
1040 -111.624
1041 -112.151
1042 -111.42
1043 -110.875
1044 -110.933
1045 -110.157
1046 -110.596
1047 -110.482
1048 -110.94
1049 -110.594
1050 -109.472
1051 -108.977
1052 -110.859
1053 -110.48
1054 -109.587
1055 -110.156
1056 -107.978
1057 -109.065
1058 -107.291
1059 -107.944
1060 -107.542
1061 -106.404
1062 -107.859
1063 -106.464
1064 -105.752
1065 -106.085
1066 -105.028
1067 -102.923
1068 -102.8
1069 -102.712
1070 -103.29
1071 -101.666
1072 -98.7494
1073 -100.47
1074 -99.9593
1075 -100.066
1076 -100.174
1077 -101.198
1078 -100.254
1079 -100.499
1080 -100.029
1081 -99.7738
1082 -99.6187
1083 -98.6939
1084 -98.3214
1085 -98.579
1086 -96.8074
1087 -99.2698
1088 -100.242
1089 -100.611
1090 -101.9
1091 -100.549
1092 -101.115
1093 -100.632
1094 -98.4782
1095 -100.569
1096 -100.115
1097 -100.11
1098 -100.805
1099 -100.758
1100 -98.4333
1101 -101.437
1102 -101.422
1103 -100.757
1104 -100.167
1105 -100.425
1106 -100.169
1107 -98.8161
1108 -99.5865
1109 -99.0419
1110 -98.7991
1111 -101.534
1112 -99.8364
1113 -99.3401
1114 -98.8478
1115 -98.2993
1116 -98.1908
1117 -98.4095
1118 -98.5653
1119 -99.9689
1120 -98.1502
1121 -98.8757
1122 -98.8632
1123 -98.5439
1124 -97.8543
1125 -99.0324
1126 -97.0913
1127 -98.4804
1128 -98.3509
1129 -98.5269
1130 -97.9391
1131 -99.8959
1132 -100.599
1133 -100.976
1134 -100.432
1135 -99.9336
1136 -98.9307
1137 -100.326
1138 -100.153
1139 -101.527
1140 -101.294
1141 -100.007
1142 -102.146
1143 -98.8639
1144 -100.334
1145 -101.463
1146 -101.044
1147 -99.9787
1148 -98.7483
1149 -99.7601
1150 -100.371
1151 -101.469
1152 -100.48
1153 -100.435
1154 -100.248
1155 -100.753
1156 -99.1261
1157 -99.0245
1158 -98.1688
1159 -99.6395
1160 -97.1875
1161 -98.8761
1162 -99.7782
1163 -98.0687
1164 -99.4895
1165 -99.4294
1166 -98.7205
1167 -99.0599
1168 -99.1893
1169 -98.7007
1170 -98.2141
1171 -99.6132
1172 -100.521
1173 -101.099
1174 -100.061
1175 -99.7215
1176 -101.624
1177 -99.6713
1178 -99.7395
1179 -100.84
1180 -98.2149
1181 -99.9766
1182 -100.769
1183 -101.711
1184 -102.177
1185 -102.252
1186 -100.139
1187 -102.648
1188 -102.329
1189 -100.704
1190 -99.7294
1191 -100.331
1192 -99.495
1193 -99.8947
1194 -101.167
1195 -101.561
1196 -99.831
1197 -100.355
1198 -98.4537
1199 -100.392
1200 -98.7454
1201 -99.504
1202 -98.8633
1203 -98.0862
1204 -98.1163
1205 -99.5286
1206 -100.736
1207 -101.053
1208 -98.409
1209 -100.715
1210 -98.4019
1211 -98.9694
1212 -99.8969
1213 -99.0788
1214 -100.644
1215 -101.574
1216 -102.784
1217 -101.735
1218 -101.038
1219 -100.893
1220 -100.118
1221 -100.298
1222 -100.892
1223 -101.713
1224 -101.085
1225 -101.822
1226 -102.404
1227 -101.563
1228 -102.836
1229 -101.252
1230 -101.721
1231 -102.252
1232 -99.7292
1233 -99.3633
1234 -101.372
1235 -99.6378
1236 -101.728
1237 -102.307
1238 -100.709
1239 -100.787
1240 -100.235
1241 -101.378
1242 -99.464
1243 -100.338
1244 -100.616
1245 -100.264
1246 -98.1245
1247 -101.269
1248 -99.242
1249 -100.767
1250 -99.2105
1251 -99.8984
1252 -99.8946
1253 -100.203
1254 -99.7733
1255 -98.4836
1256 -101.089
1257 -101.589
1258 -100.538
1259 -102.253
1260 -100.413
1261 -102.078
1262 -101.619
1263 -102.206
1264 -100.625
1265 -101.444
1266 -101.195
1267 -101.978
1268 -101.765
1269 -104.335
1270 -100.795
1271 -102.783
1272 -102.79
1273 -100.661
1274 -99.7497
1275 -101.376
1276 -102.417
1277 -101.463
1278 -101.343
1279 -101.753
1280 -102.093
1281 -100.24
1282 -101.35
1283 -99.9997
1284 -100.968
1285 -101.421
1286 -99.1869
1287 -100.219
1288 -101.641
1289 -100.675
1290 -99.8947
1291 -100.899
1292 -101.143
1293 -99.5379
1294 -98.316
1295 -99.587
1296 -99.8897
1297 -100.703
1298 -102.373
1299 -101.755
1300 -101.608
1301 -101.43
1302 -101.388
1303 -101.667
1304 -101.215
1305 -101.924
1306 -101.861
1307 -101.556
1308 -100.486
1309 -100.532
1310 -103.621
1311 -102.593
1312 -102.613
1313 -102.415
1314 -102.721
1315 -101.841
1316 -100.794
1317 -100.583
1318 -102.101
1319 -100.239
1320 -101.416
1321 -100.04
1322 -101.776
1323 -100.258
1324 -100.788
1325 -99.9794
1326 -100.029
1327 -100.442
1328 -100.929
1329 -100.451
1330 -100.794
1331 -101.648
1332 -99.7455
1333 -102.512
1334 -100.928
1335 -101.411
1336 -100.313
1337 -98.7104
1338 -101.804
1339 -100.754
1340 -101.218
1341 -101.164
1342 -102.227
1343 -102.206
1344 -104.164
1345 -103.544
1346 -101.129
1347 -102.885
1348 -101.705
1349 -101.617
1350 -102.084
1351 -101.665
1352 -103.102
1353 -102.49
1354 -103.064
1355 -102.803
1356 -101.752
1357 -101.955
1358 -101.301
1359 -100.976
1360 -100.858
1361 -103.336
1362 -102.631
1363 -102.896
1364 -101.08
1365 -102.047
1366 -100.718
1367 -100.493
1368 -100.992
1369 -100.181
1370 -100.428
1371 -99.187
1372 -100.605
1373 -101.728
1374 -101.643
1375 -100.572
1376 -101.44
1377 -99.0983
1378 -100.031
1379 -99.9202
1380 -100.912
1381 -100.439
1382 -99.3135
1383 -102.282
1384 -102.445
1385 -103.734
1386 -103.313
1387 -101.935
1388 -101.074
1389 -101.423
1390 -101.645
1391 -101.5
1392 -101.754
1393 -101.736
1394 -102.213
1395 -103.103
1396 -102.307
1397 -102.427
1398 -104.159
1399 -102.163
1400 -102.342
1401 -102.038
1402 -102.593
1403 -101.262
1404 -102.647
1405 -101.659
1406 -102.789
1407 -103.184
1408 -101.295
1409 -102.587
1410 -100.96
1411 -100.721
1412 -99.4703
1413 -100.083
1414 -101.033
1415 -100.318
1416 -101.088
1417 -100.737
1418 -100.004
1419 -100.174
1420 -101.526
1421 -100.225
1422 -100.078
1423 -100.757
1424 -100.744
1425 -102.653
1426 -103.354
1427 -100.917
1428 -102.071
1429 -101.861
1430 -100.993
1431 -102.153
1432 -99.8317
1433 -100.051
1434 -98.4337
1435 -99.9883
1436 -101.755
1437 -99.5097
1438 -99.9645
1439 -98.9527
1440 -97.8217
1441 -96.7811
1442 -97.2953
1443 -97.1298
1444 -95.743
1445 -94.8446
1446 -95.1904
1447 -95.4507
1448 -94.1031
1449 -94.4766
1450 -93.3791
1451 -91.4512
1452 -91.3226
1453 -91.6624
1454 -89.0422
1455 -88.8684
1456 -88.3782
1457 -88.7241
1458 -86.5126
1459 -86.7177
1460 -86.6296
1461 -86.1743
1462 -86.2148
1463 -87.286
1464 -85.3307
1465 -86.5202
1466 -87.1228
1467 -85.0628
1468 -85.9918
1469 -85.8274
1470 -86.4083
1471 -85.936
1472 -86.8784
1473 -86.8387
1474 -87.387
1475 -89.0945
1476 -88.4194
1477 -87.9962
1478 -88.5535
1479 -87.957
1480 -89.475
1481 -88.6891
1482 -90.0679
1483 -89.0533
1484 -90.6038
1485 -91.8235
1486 -92.1375
1487 -93.553
1488 -93.4928
1489 -92.1947
1490 -93.2632
1491 -94.6287
1492 -93.8422
1493 -95.1174
1494 -94.5552
1495 -92.5847
1496 -95.712
1497 -95.502
1498 -95.2104
1499 -95.8867
1500 -96.1531
1501 -96.779
1502 -96.3651
1503 -96.3023
1504 -97.3957
1505 -95.1894
1506 -96.7304
1507 -96.0695
1508 -98.0216
1509 -97.9012
1510 -97.1693
1511 -97.1635
1512 -96.825
1513 -97.4551
1514 -98.5599
1515 -96.1382
1516 -96.7087
1517 -97.7549
1518 -96.3815
1519 -98.6821
1520 -98.5533
1521 -97.614
1522 -96.7804
1523 -98.6133
1524 -96.7465
1525 -98.8207
1526 -98.2613
1527 -98.6364
1528 -98.3339
1529 -97.7225
1530 -98.034
1531 -97.3983
1532 -97.9894
1533 -98.3973
1534 -98.1339
1535 -97.8355
1536 -99.6451
1537 -98.0501
1538 -99.5195
1539 -97.5422
1540 -98.1402
1541 -98.6874
1542 -97.586
1543 -97.8672
1544 -97.3222
1545 -99.7786
1546 -98.8607
1547 -97.9075
1548 -97.095
1549 -97.6496
1550 -98.9934
1551 -99.3095
1552 -98.2842
1553 -98.121
1554 -98.6944
1555 -98.0799
1556 -99.3129
1557 -100.776
1558 -97.1888
1559 -98.9389
1560 -99.1417
1561 -98.0155
1562 -97.3805
1563 -97.8233
1564 -97.434
1565 -97.6226
1566 -96.6215
1567 -95.3568
1568 -94.8811
1569 -95.0012
1570 -92.7475
1571 -94.0637
1572 -92.5052
1573 -92.6538
1574 -90.3193
1575 -90.8019
1576 -89.281
1577 -88.076
1578 -87.5823
1579 -87.9766
1580 -87.9275
1581 -84.8611
1582 -87.3736
1583 -84.9931
1584 -85.7842
1585 -85.9026
1586 -85.331
1587 -83.7113
1588 -82.8869
1589 -81.1078
1590 -80.6948
1591 -80.2395
1592 -79.4961
1593 -78.1015
1594 -79.0109
1595 -78.9679
1596 -78.0641
1597 -77.2193
1598 -76.9088
1599 -77.2039
1600 -78.3
1601 -78.4918
1602 -79.4115
1603 -78.1431
1604 -76.5723
1605 -79.6522
1606 -77.586
1607 -78.4279
1608 -77.7759
1609 -79.4202
1610 -79.2068
1611 -79.4856
1612 -81.4123
1613 -80.9251
1614 -80.1324
1615 -81.6354
1616 -82.159
1617 -81.9703
1618 -83.9779
1619 -85.1334
1620 -85.3569
1621 -85.5526
1622 -85.4072
1623 -87.1485
1624 -88.3051
1625 -87.6602
1626 -88.0944
1627 -86.7018
1628 -87.6689
1629 -88.1247
1630 -90.8344
1631 -88.364
1632 -89.6345
1633 -89.541
1634 -87.1682
1635 -88.1689
1636 -90.3009
1637 -89.0716
1638 -90.6183
1639 -89.8957
1640 -90.9709
1641 -92.0986
1642 -91.8218
1643 -90.4596
1644 -91.898
1645 -90.2416
1646 -91.8116
1647 -90.6182
1648 -88.3856
1649 -89.3639
1650 -88.5229
1651 -89.671
1652 -89.827
1653 -89.8395
1654 -89.56
1655 -87.6957
1656 -89.9753
1657 -88.2609
1658 -91.6684
1659 -89.6838
1660 -90.5598
1661 -91.0924
1662 -90.9302
1663 -91.0189
1664 -90.9326
1665 -91.3772
1666 -92.524
1667 -92.9626
1668 -91.014
1669 -92.6334
1670 -91.9529
1671 -92.7262
1672 -91.2985
1673 -91.755
1674 -93.2609
1675 -91.8451
1676 -92.5252
1677 -92.2793
1678 -91.0572
1679 -94.9949
1680 -92.8975
1681 -92.0186
1682 -91.68
1683 -92.2482
1684 -93.7076
1685 -94.9513
1686 -92.5266
1687 -91.9868
1688 -91.6978
1689 -90.3599
1690 -89.7809
1691 -90.1953
1692 -91.777
1693 -90.7988
1694 -90.8942
1695 -89.7596
1696 -88.8904
1697 -91.0571
1698 -89.1556
1699 -89.2272
1700 -90.4307
1701 -90.972
1702 -90.0625
1703 -91.929
1704 -90.2295
1705 -91.9384
1706 -91.0576
1707 -91.712
1708 -92.0161
1709 -93.3433
1710 -93.4064
1711 -91.7205
1712 -91.3119
1713 -92.2978
1714 -92.9399
1715 -91.8126
1716 -92.6545
1717 -92.8429
1718 -92.032
1719 -90.8052
1720 -91.3664
1721 -92.0622
1722 -91.2416
1723 -91.2829
1724 -92.1348
1725 -92.1081
1726 -92.0616
1727 -94.0244
1728 -92.8881
1729 -92.046
1730 -91.1003
1731 -88.8642
1732 -88.8479
1733 -89.977
1734 -89.94
1735 -89.9063
1736 -89.4661
1737 -91.7537
1738 -89.8719
1739 -89.1831
1740 -88.4249
1741 -89.671
1742 -89.4733
1743 -90.9735
1744 -91.166
1745 -89.764
1746 -91.5031
1747 -89.6011
1748 -92.11
1749 -92.5113
1750 -92.0032
1751 -92.2258
1752 -91.9197
1753 -92.1625
1754 -91.6192
1755 -91.285
1756 -92.0048
1757 -92.1067
1758 -91.9641
1759 -93.1258
1760 -91.8108
1761 -90.5792
1762 -91.4094
1763 -91.8221
1764 -91.0463
1765 -90.763
1766 -92.3072
1767 -91.6537
1768 -92.3783
1769 -92.3286
1770 -93.7277
1771 -91.3353
1772 -91.316
1773 -90.4413
1774 -89.332
1775 -91.9151
1776 -90.0607
1777 -90.2073
1778 -89.6196
1779 -89.428
1780 -89.2614
1781 -89.5907
1782 -90.4827
1783 -89.7037
1784 -89.6189
1785 -90.4836
1786 -89.9475
1787 -91.3793
1788 -91.6638
1789 -91.5614
1790 -91.6604
1791 -91.4714
1792 -91.8579
1793 -92.2538
1794 -90.8905
1795 -91.6031
1796 -91.8748
1797 -91.4968
1798 -90.7569
1799 -90.1834
1800 -90.8051
1801 -91.5826
1802 -93.4886
1803 -91.274
1804 -91.5295
1805 -91.9599
1806 -91.1961
1807 -91.3716
1808 -92.4873
1809 -91.8474
1810 -92.1022
1811 -91.9025
1812 -91.7501
1813 -90.52
1814 -89.412
1815 -90.3792
1816 -90.3517
1817 -90.0226
1818 -90.1072
1819 -89.0894
1820 -89.2129
1821 -90.9258
1822 -88.9066
1823 -89.172
1824 -87.8642
1825 -88.8581
1826 -88.2997
1827 -90.4351
1828 -90.4643
1829 -90.3463
1830 -90.9145
1831 -91.9178
1832 -91.3281
1833 -92.2229
1834 -90.9546
1835 -91.9506
1836 -90.2302
1837 -90.832
1838 -89.3457
1839 -90.2448
1840 -91.5991
1841 -90.1231
1842 -91.4762
1843 -91.0401
1844 -90.8677
1845 -89.5598
1846 -91.147
1847 -90.0643
1848 -90.041
1849 -89.6598
1850 -92.5416
1851 -91.3143
1852 -90.5749
1853 -90.4705
1854 -90.7165
1855 -91.1045
1856 -91.9025
1857 -88.5205
1858 -89.6017
1859 -88.0345
1860 -87.924
1861 -88.6105
1862 -90.1449
1863 -88.7428
1864 -87.3446
1865 -88.5029
1866 -88.1641
1867 -88.4273
1868 -89.2947
1869 -89.3012
1870 -89.9497
1871 -89.5075
1872 -90.0199
1873 -90.3316
1874 -90.2502
1875 -91.2594
1876 -91.4616
1877 -89.7254
1878 -90.8183
1879 -89.1363
1880 -89.7114
1881 -89.2774
1882 -90.072
1883 -90.014
1884 -90.2983
1885 -89.9247
1886 -91.1024
1887 -89.9039
1888 -89.4155
1889 -88.8931
1890 -90.9547
1891 -89.1565
1892 -90.4438
1893 -89.7972
1894 -89.9186
1895 -91.0556
1896 -89.9231
1897 -89.9911
1898 -90.2249
1899 -90.2421
1900 -88.8408
1901 -87.6789
1902 -88.2798
1903 -87.4143
1904 -86.8263
1905 -88.0986
1906 -87.1347
1907 -88.5841
1908 -88.3758
1909 -88.4952
1910 -87.5844
1911 -89.8947
1912 -90.2758
1913 -89.3127
1914 -89.5312
1915 -88.5101
1916 -91.1953
1917 -90.2273
1918 -91.2817
1919 -89.1099
1920 -90.4371
1921 -89.0435
1922 -88.6128
1923 -88.4852
1924 -88.8122
1925 -88.52
1926 -89.3007
1927 -90.3903
1928 -89.3469
1929 -88.4495
1930 -88.3588
1931 -89.1642
1932 -88.9335
1933 -88.2789
1934 -89.7546
1935 -89.6643
1936 -88.5475
1937 -91.3371
1938 -91.2079
1939 -87.6735
1940 -89.4917
1941 -88.0303
1942 -88.9147
1943 -88.3788
1944 -87.4423
1945 -87.7385
1946 -86.1315
1947 -86.4344
1948 -87.5805
1949 -87.6842
1950 -87.4161
1951 -87.7375
1952 -85.9332
1953 -87.0371
1954 -88.7251
1955 -87.1433
1956 -89.104
1957 -87.4378
1958 -89.816
1959 -89.3899
1960 -89.4873
1961 -88.7236
1962 -89.3005
1963 -89.5027
1964 -89.1278
1965 -88.9914
1966 -88.2244
1967 -86.5979
1968 -88.8672
1969 -88.6771
1970 -89.0626
1971 -89.6753
1972 -88.6786
1973 -89.1209
1974 -88.6477
1975 -88.3596
1976 -88.7236
1977 -88.4403
1978 -89.7684
1979 -89.8065
1980 -89.2841
1981 -90.0563
1982 -89.2815
1983 -89.5278
1984 -87.2815
1985 -87.5138
1986 -87.7386
1987 -88.1047
1988 -88.8544
1989 -87.9829
1990 -89.6921
1991 -89.059
1992 -90.1451
1993 -89.8425
1994 -90.4776
1995 -90.7999
1996 -91.425
1997 -93.8818
1998 -92.7386
1999 -93.6524
2000 -95.4686
2001 -95.8237
2002 -96.0004
2003 -94.7557
2004 -96.5301
2005 -97.8176
2006 -98.3813
2007 -99.4631
2008 -97.8243
2009 -97.9117
2010 -99.6859
2011 -99.2192
2012 -100.291
2013 -102.883
2014 -103.931
2015 -103.994
2016 -103.619
2017 -101.981
2018 -102.577
2019 -102.224
2020 -102.349
2021 -103.549
2022 -101.896
2023 -101.401
2024 -103.15
2025 -102.454
2026 -101.287
2027 -101.669
2028 -101.731
2029 -103.354
2030 -101.066
2031 -100.946
2032 -100.517
2033 -101.481
2034 -99.3359
2035 -99.4268
2036 -99.606
2037 -97.7688
2038 -99.176
2039 -96.9054
2040 -95.1115
2041 -95.9557
2042 -96.7181
2043 -98.1025
2044 -95.8324
2045 -93.4033
2046 -95.0028
2047 -94.2567
2048 -92.9695
2049 -94.1138
2050 -93.931
2051 -93.3204
2052 -92.0089
2053 -92.9095
2054 -93.168
2055 -91.8506
2056 -93.3175
2057 -94.084
2058 -93.5889
2059 -92.2808
2060 -91.0269
2061 -92.3569
2062 -90.6377
2063 -92.1779
2064 -92.2335
2065 -90.528
2066 -94.3122
2067 -89.6388
2068 -90.6544
2069 -90.1916
2070 -90.7295
2071 -93.2214
2072 -92.1987
2073 -91.6929
2074 -90.1647
2075 -90.3555
2076 -91.5898
2077 -90.7637
2078 -88.8345
2079 -89.6009
2080 -89.7803
2081 -90.3669
2082 -90.4682
2083 -90.7697
2084 -89.9927
2085 -90.911
2086 -89.3588
2087 -89.4632
2088 -90.1968
2089 -90.3969
2090 -90.5783
2091 -89.6854
2092 -89.0153
2093 -90.4176
2094 -88.6851
2095 -91.8495
2096 -90.7947
2097 -88.2319
2098 -90.3582
2099 -90.4174
2100 -90.9923
2101 -90.276
2102 -91.0229
2103 -89.4832
2104 -88.6203
2105 -90.3496
2106 -90.5801
2107 -89.5037
2108 -89.794
2109 -90.2868
2110 -90.1483
2111 -91.1458
2112 -88.3481
2113 -91.3054
2114 -88.6877
2115 -88.155
2116 -91.6525
2117 -91.8624
2118 -90.9533
2119 -91.9585
2120 -92.7343
2121 -92.6131
2122 -91.4593
2123 -92.6853
2124 -94.6656
2125 -95.7484
2126 -95.3899
2127 -96.5877
2128 -97.1953
2129 -97.3314
2130 -97.3308
2131 -98.0189
2132 -99.0315
2133 -99.7023
2134 -99.6104
2135 -99.5407
2136 -100.689
2137 -99.5937
2138 -100.766
2139 -102.214
2140 -103.894
2141 -105.402
2142 -105.158
2143 -105.254
2144 -106.989
2145 -107.788
2146 -109.558
2147 -108.643
2148 -109.464
2149 -107.934
2150 -109.034
2151 -110.257
2152 -110.662
2153 -110.763
2154 -110.189
2155 -110.181
2156 -109.744
2157 -110.563
2158 -110.346
2159 -110.445
2160 -110.063
2161 -111.727
2162 -109.173
2163 -109.244
2164 -109.487
2165 -108.426
2166 -108.798
2167 -107.521
2168 -109.367
2169 -108.407
2170 -107.446
2171 -106.343
2172 -105.363
2173 -105.859
2174 -105.092
2175 -105.353
2176 -105.205
2177 -104.553
2178 -102.804
2179 -102.863
2180 -102.902
2181 -104.977
2182 -102.034
2183 -101.301
2184 -98.938
2185 -98.6397
2186 -99.504
2187 -100.855
2188 -100.364
2189 -98.9528
2190 -99.3463
2191 -97.9954
2192 -98.0815
2193 -98.2012
2194 -98.5565
2195 -98.5277
2196 -97.5423
2197 -98.9039
2198 -98.1116
2199 -99.1395
2200 -99.7323
2201 -100.048
2202 -100.26
2203 -99.4411
2204 -99.4028
2205 -99.5097
2206 -98.9814
2207 -101.018
2208 -99.7414
2209 -100.6
2210 -99.0513
2211 -101.29
2212 -100.142
2213 -99.7666
2214 -101.063
2215 -100.309
2216 -98.7292
2217 -97.9871
2218 -98.9988
2219 -97.7507
2220 -98.9589
2221 -98.9049
2222 -99.847
2223 -99.1106
2224 -99.292
2225 -97.6224
2226 -98.6102
2227 -97.6422
2228 -96.4719
2229 -97.2254
2230 -96.3838
2231 -97.3503
2232 -99.0508
2233 -96.2342
2234 -99.1642
2235 -98.2389
2236 -97.8446
2237 -97.9263
2238 -99.2364
2239 -98.9253
2240 -98.8764
2241 -98.4367
2242 -100.431
2243 -99.8514
2244 -101.81
2245 -100.38
2246 -99.4951
2247 -99.8248
2248 -98.8518
2249 -100.894
2250 -99.4065
2251 -99.348
2252 -101.426
2253 -101.314
2254 -100.544
2255 -100.904
2256 -101.621
2257 -100.9
2258 -99.2372
2259 -98.8112
2260 -100.106
2261 -99.9787
2262 -99.3878
2263 -99.1849
2264 -100.738
2265 -100.215
2266 -99.9296
2267 -99.3444
2268 -98.8193
2269 -97.0316
2270 -97.4287
2271 -98.2461
2272 -96.6476
2273 -96.2176
2274 -98.7126
2275 -99.4091
2276 -100.209
2277 -99.0167
2278 -99.7532
2279 -97.8193
2280 -99.2512
2281 -98.2348
2282 -99.3015
2283 -100.417
2284 -100.885
2285 -101.466
2286 -100.342
2287 -99.6861
2288 -100.286
2289 -99.7181
2290 -98.0513
2291 -100.114
2292 -98.4686
2293 -99.8842
2294 -99.3424
2295 -101.501
2296 -100.881
2297 -100.75
2298 -100.446
2299 -100.214
2300 -100.882
2301 -100.063
2302 -100.744
2303 -100.63
2304 -100.827
2305 -100.218
2306 -100.423
2307 -100.823
2308 -101.24
2309 -99.3706
2310 -100.12
2311 -97.4018
2312 -98.9757
2313 -99.1266
2314 -99.4799
2315 -99.502
2316 -99.9041
2317 -99.8892
2318 -98.8897
2319 -100.382
2320 -99.8841
2321 -97.8564
2322 -97.9735
2323 -99.0229
2324 -98.587
2325 -100.648
2326 -100.864
2327 -101.656
2328 -102.117
2329 -100.245
2330 -100.512
2331 -100.293
2332 -99.3476
2333 -101.906
2334 -100.518
2335 -100.592
2336 -101.342
2337 -101.213
2338 -101.116
2339 -102.242
2340 -101.956
2341 -102.057
2342 -102.693
2343 -101.01
2344 -101.23
2345 -100.426
2346 -100.396
2347 -101.814
2348 -101.716
2349 -101.703
2350 -102.4
2351 -101.579
2352 -100.923
2353 -98.5524
2354 -98.5917
2355 -99.8126
2356 -99.0365
2357 -99.3882
2358 -99.4074
2359 -100.577
2360 -101.12
2361 -97.769
2362 -99.5815
2363 -100.045
2364 -99.2857
2365 -98.4243
2366 -98.8486
2367 -99.576
2368 -100.702
2369 -101.339
2370 -101.69
2371 -101.86
2372 -100.81
2373 -100.844
2374 -99.9734
2375 -100.411
2376 -100.216
2377 -102.745
2378 -101.136
2379 -100.156
2380 -102.325
2381 -102.15
2382 -100.726
2383 -100.723
2384 -100.043
2385 -101.86
2386 -101.946
2387 -102.502
2388 -101.722
2389 -101.199
2390 -102.13
2391 -101.983
2392 -100.234
2393 -100.564
2394 -99.6629
2395 -98.9127
2396 -99.393
2397 -100.81
2398 -98.9386
2399 -100.979
2400 -100.17
2401 -100.457
2402 -100.742
2403 -99.8035
2404 -99.7862
2405 -101.199
2406 -98.9155
2407 -100.409
2408 -100.88
2409 -101.774
2410 -101.739
2411 -101.872
2412 -102.325
2413 -102.236
2414 -101.006
2415 -100.388
2416 -101.501
2417 -101.237
2418 -100.62
2419 -101.312
2420 -101.458
2421 -102.943
2422 -103.058
2423 -102.827
2424 -100.909
2425 -102.125
2426 -101.698
2427 -101.278
2428 -101.47
2429 -101.394
2430 -101.488
2431 -100.557
2432 -101.556
2433 -100.266
2434 -101.207
2435 -103.331
2436 -100.748
2437 -100.237
2438 -99.9039
2439 -99.4859
2440 -99.2491
2441 -99.254
2442 -99.9359
2443 -102.152
2444 -99.3098
2445 -101.94
2446 -99.6713
2447 -100.203
2448 -100.159
2449 -100.759
2450 -100.191
2451 -100.854
2452 -100.862
2453 -101.424
2454 -102.374
2455 -103.227
2456 -101.797
2457 -101.503
2458 -100.439
2459 -102.72
2460 -100.596
2461 -101.177
2462 -102.85
2463 -102.749
2464 -102.834
2465 -102.34
2466 -101.944
2467 -102.392
2468 -100.794
2469 -100.547
2470 -101.281
2471 -101.825
2472 -102.524
2473 -100.826
2474 -101.838
2475 -100.226
2476 -100.927
2477 -100.155
2478 -100.842
2479 -100.33
2480 -98.7383
2481 -99.3174
2482 -98.9164
2483 -100.384
2484 -100.514
2485 -100.367
2486 -100.023
2487 -102.818
2488 -99.289
2489 -101.743
2490 -101.257
2491 -99.8875
2492 -100.671
2493 -101.338
2494 -101.741
2495 -101.916
2496 -101.885
2497 -102.897
2498 -102.351
2499 -102.864
2500 -101.823
2501 -100.578
2502 -100.586
2503 -102.396
2504 -100.528
2505 -103.173
2506 -102.511
2507 -103.332
2508 -102.436
2509 -101.996
2510 -102.046
2511 -101.793
2512 -101.484
2513 -101.943
2514 -101.947
2515 -100.931
2516 -101.908
2517 -102.542
2518 -102.199
2519 -101.204
2520 -100.537
2521 -101.361
2522 -101.553
2523 -99.9911
2524 -101.006
2525 -98.5913
2526 -100.413
2527 -100.466
2528 -100.861
2529 -101.989
2530 -100.351
2531 -100.069
2532 -100.084
2533 -100.204
2534 -101.487
2535 -101.196
2536 -101.432
2537 -101.763
2538 -102.153
2539 -102.067
2540 -101.54
2541 -101.446
2542 -100.112
2543 -100.519
2544 -99.9349
2545 -100.127
2546 -98.2449
2547 -99.1129
2548 -97.1072
2549 -99.2013
2550 -99.7698
2551 -98.6195
2552 -98.0241
2553 -97.8044
2554 -96.0843
2555 -93.6276
2556 -94.9912
2557 -92.2466
2558 -93.5066
2559 -93.8783
2560 -92.7109
2561 -92.7676
2562 -90.074
2563 -91.4317
2564 -89.7779
2565 -88.8115
2566 -88.072
2567 -87.9106
2568 -88.0166
2569 -87.4973
2570 -87.094
2571 -86.6397
2572 -86.6421
2573 -85.5059
2574 -85.8128
2575 -85.5492
2576 -85.9004
2577 -85.1974
2578 -83.9397
2579 -86.2958
2580 -87.1732
2581 -85.1694
2582 -84.9091
2583 -86.8211
2584 -86.9538
2585 -85.8747
2586 -88.6298
2587 -87.8392
2588 -88.9443
2589 -88.3153
2590 -87.5759
2591 -88.3377
2592 -88.2394
2593 -89.2868
2594 -90.3124
2595 -89.7398
2596 -91.8037
2597 -91.9505
2598 -93.8049
2599 -91.826
2600 -93.0231
2601 -93.5845
2602 -93.8175
2603 -93.73
2604 -94.8405
2605 -94.1417
2606 -96.3657
2607 -95.4409
2608 -96.2498
2609 -96.9004
2610 -95.2283
2611 -95.0807
2612 -96.0314
2613 -96.5097
2614 -96.8001
2615 -98.3835
2616 -97.9712
2617 -96.35
2618 -96.9574
2619 -97.3144
2620 -97.4108
2621 -96.1879
2622 -96.7371
2623 -96.0455
2624 -96.3493
2625 -96.2977
2626 -96.3433
2627 -98.997
2628 -98.6466
2629 -97.6955
2630 -97.4418
2631 -97.5616
2632 -97.3487
2633 -98.6157
2634 -98.8025
2635 -97.8523
2636 -98.6465
2637 -98.6781
2638 -96.8401
2639 -97.6959
2640 -98.0878
2641 -98.7888
2642 -98.0359
2643 -96.4462
2644 -96.59
2645 -97.8094
2646 -99.843
2647 -97.9301
2648 -98.2104
2649 -99.404
2650 -98.8598
2651 -99.1609
2652 -98.597
2653 -99.0862
2654 -97.6255
2655 -99.1784
2656 -98.0787
2657 -98.5486
2658 -99.0843
2659 -98.6626
2660 -98.6004
2661 -98.6068
2662 -98.4618
2663 -99.026
2664 -100.574
2665 -97.6237
2666 -99.2136
2667 -97.9125
2668 -99.1034
2669 -98.7644
2670 -98.7206
2671 -98.1092
2672 -98.2749
2673 -98.5347
2674 -98.2233
2675 -97.2953
2676 -97.1077
2677 -95.8114
2678 -95.921
2679 -93.7577
2680 -93.6657
2681 -92.9385
2682 -92.1925
2683 -92.8521
2684 -92.4363
2685 -90.4106
2686 -91.7569
2687 -90.6528
2688 -87.759
2689 -88.7093
2690 -89.1275
2691 -88.2488
2692 -87.3645
2693 -87.4545
2694 -86.6431
2695 -84.7442
2696 -85.0757
2697 -84.6345
2698 -84.4207
2699 -83.8708
2700 -81.6777
2701 -80.8423
2702 -80.4962
2703 -81.7414
2704 -79.1711
2705 -79.7422
2706 -78.1359
2707 -78.5033
2708 -78.8247
2709 -78.3711
2710 -78.0905
2711 -79.1739
2712 -77.2869
2713 -78.0239
2714 -77.5337
2715 -78.564
2716 -77.4788
2717 -77.5073
2718 -78.2
2719 -78.5741
2720 -77.9868
2721 -80.5419
2722 -81.0047
2723 -79.8001
2724 -80.5556
2725 -81.5202
2726 -82.9009
2727 -84.2089
2728 -83.0266
2729 -82.2505
2730 -84.9082
2731 -85.322
2732 -84.6983
2733 -84.4532
2734 -88.3602
2735 -86.9474
2736 -87.6923
2737 -86.5019
2738 -87.386
2739 -89.3023
2740 -87.2742
2741 -87.7762
2742 -89.7488
2743 -89.9235
2744 -89.6032
2745 -89.1061
2746 -87.6084
2747 -89.3166
2748 -89.3013
2749 -91.1357
2750 -92.0102
2751 -89.5591
2752 -89.6827
2753 -92.8383
2754 -91.4635
2755 -91.7783
2756 -89.4152
2757 -88.919
2758 -90.8909
2759 -88.6072
2760 -87.6309
2761 -89.0831
2762 -89.0315
2763 -89.1941
2764 -89.4996
2765 -90.5328
2766 -88.843
2767 -87.7692
2768 -90.1735
2769 -88.5732
2770 -89.6468
2771 -90.1786
2772 -89.9587
2773 -90.9387
2774 -91.7854
2775 -91.883
2776 -92.0927
2777 -92.7747
2778 -91.6653
2779 -93.3343
2780 -90.3576
2781 -92.3137
2782 -90.6474
2783 -90.734
2784 -90.3443
2785 -90.7584
2786 -92.3741
2787 -92.0839
2788 -92.1994
2789 -92.5686
2790 -92.2082
2791 -92.0618
2792 -92.7639
2793 -92.2469
2794 -93.3779
2795 -93.4565
2796 -92.1214
2797 -93.5388
2798 -92.6123
2799 -91.4957
2800 -90.7252
2801 -90.3533
2802 -92.1804
2803 -90.2936
2804 -90.6486
2805 -89.3515
2806 -89.147
2807 -90.1912
2808 -90.4078
2809 -88.8473
2810 -90.2559
2811 -90.7337
2812 -89.3078
2813 -91.4837
2814 -91.5899
2815 -92.3871
2816 -90.9443
2817 -91.0589
2818 -93.1262
2819 -93.6654
2820 -93.6065
2821 -89.9511
2822 -91.3373
2823 -91.7818
2824 -90.7593
2825 -91.7304
2826 -93.8839
2827 -91.6436
2828 -91.2017
2829 -91.1558
2830 -91.9027
2831 -91.9809
2832 -90.1239
2833 -90.0064
2834 -92.2363
2835 -91.8497
2836 -92.3812
2837 -91.3076
2838 -93.101
2839 -92.5229
2840 -92.2518
2841 -91.1829
2842 -90.8724
2843 -89.5227
2844 -90.0719
2845 -90.8278
2846 -88.7405
2847 -90.4522
2848 -90.6626
2849 -89.9805
2850 -88.6123
2851 -89.5381
2852 -90.0591
2853 -90.9958
2854 -89.6825
2855 -90.9643
2856 -90.428
2857 -90.8465
2858 -90.7727
2859 -92.0119
2860 -92.6518
2861 -92.4664
2862 -92.3045
2863 -91.8682
2864 -90.8439
2865 -92.676
2866 -92.0222
2867 -91.7931
2868 -91.1323
2869 -91.1642
2870 -92.9524
2871 -92.3387
2872 -91.52
2873 -89.9881
2874 -91.5832
2875 -90.6128
2876 -91.5732
2877 -91.3926
2878 -91.7204
2879 -93.196
2880 -92.2932
2881 -93.2324
2882 -91.4466
2883 -90.2247
2884 -90.9028
2885 -90.0788
2886 -91.0147
2887 -90.1349
2888 -90.979
2889 -89.9241
2890 -89.5324
2891 -89.301
2892 -89.4253
2893 -90.8182
2894 -89.3561
2895 -87.2122
2896 -88.8965
2897 -90.4902
2898 -91.0332
2899 -90.5469
2900 -91.4442
2901 -92.0681
2902 -91.7004
2903 -91.1736
2904 -92.4048
2905 -91.2697
2906 -90.8176
2907 -91.3658
2908 -92.2323
2909 -91.1959
2910 -92.254
2911 -90.9563
2912 -91.4953
2913 -91.8751
2914 -91.6137
2915 -91.8871
2916 -90.6756
2917 -90.9538
2918 -91.9873
2919 -90.5394
2920 -92.6216
2921 -92.2686
2922 -93.4781
2923 -92.4047
2924 -91.033
2925 -91.3193
2926 -89.2011
2927 -89.8982
2928 -90.8191
2929 -90.0189
2930 -89.8475
2931 -87.9549
2932 -89.9672
2933 -89.5628
2934 -88.6746
2935 -88.5686
2936 -90.7272
2937 -89.3296
2938 -88.4317
2939 -91.157
2940 -91.4862
2941 -89.0844
2942 -91.0845
2943 -91.7406
2944 -90.9304
2945 -91.7582
2946 -90.749
2947 -92.0922
2948 -92.4565
2949 -91.8396
2950 -91.6239
2951 -90.7078
2952 -90.9058
2953 -91.1883
2954 -90.8085
2955 -90.6312
2956 -90.6622
2957 -90.9172
2958 -89.9788
2959 -90.3577
2960 -90.4743
2961 -90.7252
2962 -91.0996
2963 -89.9618
2964 -90.5578
2965 -90.0533
2966 -90.4971
2967 -91.1435
2968 -90.2821
2969 -89.5516
2970 -88.9798
2971 -87.9191
2972 -87.4471
2973 -88.0564
2974 -89.0946
2975 -89.2601
2976 -87.8778
2977 -88.7724
2978 -88.3966
2979 -89.5123
2980 -89.7659
2981 -87.9352
2982 -88.5508
2983 -88.7167
2984 -90.5514
2985 -90.9625
2986 -89.2138
2987 -91.0646
2988 -90.3182
2989 -90.8835
2990 -90.9943
2991 -88.3237
2992 -90.7141
2993 -90.8795
2994 -89.9657
2995 -90.5003
2996 -91.1118
2997 -89.2531
2998 -90.7238
2999 -89.203
3000 -90.6786
3001 -88.2084
3002 -89.6505
3003 -90.6043
3004 -90.7229
3005 -91.3672
3006 -91.6443
3007 -90.2434
3008 -90.3923
3009 -90.7491
3010 -88.3688
3011 -88.6925
3012 -88.174
3013 -89.6834
3014 -88.0419
3015 -87.6852
3016 -88.8738
3017 -89.4376
3018 -87.201
3019 -87.4013
3020 -87.5338
3021 -87.6224
3022 -88.7208
3023 -88.0676
3024 -89.2808
3025 -90.8999
3026 -89.4297
3027 -88.5089
3028 -90.9235
3029 -90.7162
3030 -91.0609
3031 -90.6711
3032 -90.1911
3033 -89.1822
3034 -88.577
3035 -89.8294
3036 -89.7288
3037 -90.8121
3038 -90.2107
3039 -90.2829
3040 -89.8082
3041 -89.2927
3042 -88.4389
3043 -89.2041
3044 -87.6142
3045 -88.3134
3046 -89.5469
3047 -89.5141
3048 -90.2767
3049 -92.3278
3050 -88.2535
3051 -89.5487
3052 -89.2277
3053 -87.2609
3054 -87.6276
3055 -87.6944
3056 -86.1326
3057 -87.6656
3058 -87.2159
3059 -86.927
3060 -88.1287
3061 -87.9487
3062 -86.5801
3063 -86.1144
3064 -87.418
3065 -88.5062
3066 -86.6512
3067 -89.4295
3068 -88.4327
3069 -88.5315
3070 -88.0051
3071 -88.9417
3072 -89.4924
3073 -88.8839
3074 -89.7862
3075 -89.3345
3076 -88.284
3077 -88.0259
3078 -87.9108
3079 -89.424
3080 -90.9043
3081 -89.5017
3082 -87.3598
3083 -88.6738
3084 -89.0552
3085 -87.6744
3086 -87.0551
3087 -87.9844
3088 -87.9709
3089 -88.5145
3090 -88.537
3091 -89.1079
3092 -90.6913
3093 -88.1813
3094 -88.56
3095 -87.8745
3096 -87.3635
3097 -87.4522
3098 -89.8927
3099 -87.569
3100 -88.8345
3101 -90.0792
3102 -89.186
3103 -90.0999
3104 -91.5718
3105 -87.7418
3106 -90.4376
3107 -93.3708
3108 -91.9732
3109 -92.9993
3110 -93.3896
3111 -94.2927
3112 -95.5428
3113 -96.5502
3114 -95.8653
3115 -98.3309
3116 -97.9693
3117 -96.3588
3118 -97.6149
3119 -97.6529
3120 -100.149
3121 -99.6242
3122 -100.281
3123 -101.74
3124 -101.602
3125 -102.449
3126 -103.36
3127 -103.503
3128 -103.405
3129 -102.927
3130 -102.181
3131 -102.246
3132 -101.106
3133 -101.236
3134 -103.106
3135 -101.752
3136 -102.381
3137 -101.258
3138 -102.406
3139 -100.107
3140 -102.096
3141 -100.534
3142 -102.648
3143 -101.435
3144 -101.923
3145 -99.2273
3146 -98.5762
3147 -100.119
3148 -99.3327
3149 -99.9109
3150 -98.2597
3151 -97.0397
3152 -97.3493
3153 -96.7327
3154 -96.4981
3155 -95.9254
3156 -96.0903
3157 -93.9692
3158 -94.5958
3159 -94.7024
3160 -93.4464
3161 -94.0686
3162 -92.5112
3163 -92.8516
3164 -95.3012
3165 -92.9303
3166 -93.5254
3167 -93.0134
3168 -92.4135
3169 -93.7049
3170 -92.5672
3171 -91.0499
3172 -91.4658
3173 -91.3667
3174 -89.9223
3175 -91.0527
3176 -91.8571
3177 -90.4694
3178 -90.6218
3179 -92.085
3180 -92.2386
3181 -91.0651
3182 -90.1686
3183 -90.2944
3184 -90.1077
3185 -88.8674
3186 -91.1185
3187 -90.2631
3188 -91.5021
3189 -89.8206
3190 -90.4165
3191 -90.6595
3192 -90.916
3193 -89.1366
3194 -90.2139
3195 -89.818
3196 -89.801
3197 -89.7948
3198 -90.252
3199 -91.0708
3200 -91.4777
3201 -90.6763
3202 -88.8674
3203 -89.8149
3204 -90.116
3205 -89.4849
3206 -89.5127
3207 -92.0952
3208 -90.5688
3209 -89.5665
3210 -90.9714
3211 -87.5095
3212 -90.6952
3213 -89.9346
3214 -89.9803
3215 -88.8049
3216 -88.7008
3217 -89.4673
3218 -89.347
3219 -89.9333
3220 -90.8764
3221 -89.6523
3222 -89.9653
3223 -89.9007
3224 -90.1329
3225 -89.6236
3226 -90.7062
3227 -89.6562
3228 -89.761
3229 -90.099
3230 -89.6208
3231 -89.9257
3232 -90.6535
3233 -91.9841
3234 -89.7908
3235 -89.5051
3236 -89.7553
3237 -89.2436
3238 -90.186
3239 -89.3149
3240 -90.8119
3241 -89.5931
3242 -89.3692
3243 -89.5383
3244 -90.6518
3245 -90.3116
3246 -88.3918
3247 -89.3845
3248 -91.686
3249 -89.4257
3250 -89.6089
3251 -89.4116
3252 -90.2866
3253 -89.6105
3254 -91.256
3255 -91.503
3256 -88.8667
3257 -89.541
3258 -92.0228
3259 -91.9015
3260 -89.2355
3261 -88.7276
3262 -89.9213
3263 -89.7022
3264 -90.1843
3265 -87.9165
3266 -90.1076
3267 -89.9874
3268 -90.6252
3269 -90.0083
3270 -89.7654
3271 -91.3486
3272 -90.3814
3273 -90.4092
3274 -90.0668
3275 -89.9482
3276 -88.949
3277 -89.2961
3278 -90.4807
3279 -90.1408
3280 -90.6111
3281 -89.3109
3282 -90.8761
3283 -90.1729
3284 -89.8631
3285 -88.422
3286 -90.2196
3287 -91.4633
3288 -88.8662
3289 -90.5915
3290 -89.4425
3291 -90.1251
3292 -90.3337
3293 -89.5649
3294 -90.4321
3295 -89.2208
3296 -90.3738
3297 -88.6392
3298 -88.2835
3299 -89.7821
3300 -91.1475
3301 -88.1593
3302 -90.1947
3303 -90.9541
3304 -89.8565
3305 -89.996
3306 -90.4354
3307 -90.3255
3308 -88.4674
3309 -90.2987
3310 -90.0753
3311 -90.5837
3312 -89.087
3313 -90.6285
3314 -89.8628
3315 -89.0451
3316 -91.5105
3317 -90.791
3318 -89.1777
3319 -90.4668
3320 -89.9491
3321 -89.4705
3322 -89.7929
3323 -89.5716
3324 -89.2372
3325 -90.67
3326 -88.8455
3327 -90.8454
3328 -90.1787
3329 -89.7664
3330 -90.7698
3331 -89.5772
3332 -89.8119
3333 -89.7788
3334 -90.6892
3335 -91.1868
3336 -88.9209
3337 -89.4195
3338 -91.3119
3339 -89.7933
3340 -89.7042
3341 -88.6778
3342 -89.7119
3343 -89.5274
3344 -89.4189
3345 -89.2929
3346 -90.148
3347 -90.0819
3348 -91.0096
3349 -89.9496
3350 -89.4308
3351 -89.6628
3352 -90.4418
3353 -90.1439
3354 -91.9323
3355 -91.1349
3356 -88.9706
3357 -90.3025
3358 -89.3803
3359 -91.1127
3360 -90.5051
3361 -90.735
3362 -89.0838
3363 -88.5572
3364 -90.1786
3365 -90.1694
3366 -88.9194
3367 -91.5181
3368 -90.2037
3369 -90.7062
3370 -90.8418
3371 -91.7305
3372 -90.0944
3373 -91.0575
3374 -89.4355
3375 -90.1838
3376 -88.8831
3377 -89.6282
3378 -91.3231
3379 -89.6299
3380 -89.9469
3381 -90.6242
3382 -90.8023
3383 -90.6218
3384 -91.4707
3385 -91.4782
3386 -89.5581
3387 -89.0059
3388 -91.4168
3389 -90.8779
3390 -90.8079
3391 -91.1622
3392 -90.3485
3393 -90.0197
3394 -88.5887
3395 -89.4831
3396 -90.1668
3397 -88.179
3398 -90.1324
3399 -91.7597
