0 -109.236
1 -109.508
2 -110.383
3 -110.658
4 -109.799
5 -109.012
6 -108.42
7 -108.168
8 -109.05
9 -108.367
10 -108.148
11 -110.196
12 -108.512
13 -110.834
14 -111.504
15 -110.859
16 -108.729
17 -108.533
18 -109.887
19 -110.017
20 -109.281
21 -110.498
22 -109.488
23 -109.771
24 -110.071
25 -108.579
26 -108.685
27 -110.049
28 -111.57
29 -110.172
30 -110.447
31 -111.266
32 -112.588
33 -112.043
34 -114.16
35 -112.851
36 -113.569
37 -114.08
38 -113.753
39 -115.353
40 -115.161
41 -114.544
42 -117.534
43 -117.842
44 -116.652
45 -117.546
46 -118.557
47 -119.827
48 -118.801
49 -121.417
50 -122.992
51 -122.356
52 -122.808
53 -123.148
54 -124.552
55 -125.508
56 -126.889
57 -128.262
58 -127.842
59 -127.092
60 -127.586
61 -128.724
62 -127.55
63 -129.163
64 -127.899
65 -129.395
66 -129.414
67 -128.579
68 -127.248
69 -128.282
70 -129.237
71 -128.032
72 -127.41
73 -128.964
74 -128.916
75 -127.561
76 -126.544
77 -125.602
78 -127.441
79 -124.9
80 -125.636
81 -125.385
82 -123.559
83 -124.751
84 -124.84
85 -123.227
86 -124.329
87 -122.665
88 -123.006
89 -121.049
90 -120.106
91 -120.007
92 -120.482
93 -121.546
94 -118.335
95 -117.62
96 -118.19
97 -118.22
98 -117.196
99 -118.128
100 -119.723
101 -119.496
102 -118.62
103 -115.813
104 -118.509
105 -117.439
106 -116.424
107 -117.532
108 -115.462
109 -116.119
110 -117.696
111 -118.068
112 -119.078
113 -118.82
114 -119.498
115 -116.44
116 -117.165
117 -117.651
118 -118.399
119 -118.938
120 -119.843
121 -117.799
122 -118.113
123 -120.151
124 -119.855
125 -119.269
126 -119.174
127 -118.839
128 -119.958
129 -117.655
130 -116.708
131 -117.244
132 -118.523
133 -117.168
134 -118.327
135 -117.23
136 -118.308
137 -117.105
138 -117.138
139 -117.971
140 -117.056
141 -117.433
142 -115.269
143 -116.15
144 -116.433
145 -116.409
146 -116.519
147 -115.539
148 -117.001
149 -117.225
150 -115.816
151 -115.919
152 -113.972
153 -115.125
154 -114.681
155 -117.554
156 -117.562
157 -117.249
158 -118.448
159 -117.047
160 -117.153
161 -117.54
162 -117.927
163 -117.614
164 -118.03
165 -117.587
166 -118.142
167 -118.871
168 -118.089
169 -120.085
170 -118.501
171 -119.199
172 -118.055
173 -118.832
174 -117.318
175 -117.162
176 -117.663
177 -117.935
178 -117.064
179 -118.391
180 -118.343
181 -118.553
182 -117.493
183 -117.925
184 -117.171
185 -114.202
186 -116.675
187 -116.242
188 -116.541
189 -117.128
190 -115.896
191 -116.998
192 -117.354
193 -114.463
194 -117.347
195 -117.514
196 -115.716
197 -115.732
198 -116.017
199 -116.483
200 -116.633
201 -117.604
202 -116.822
203 -117.544
204 -118.297
205 -117.314
206 -117.447
207 -117.202
208 -120.249
209 -116.599
210 -118.239
211 -118.666
212 -118.092
213 -118.889
214 -117.716
215 -118.035
216 -118.459
217 -118.226
218 -117.28
219 -119.115
220 -116.65
221 -117.743
222 -118.112
223 -117.482
224 -115.008
225 -118.725
226 -116.07
227 -117.36
228 -116.558
229 -117.051
230 -116.718
231 -117.026
232 -116.204
233 -116.628
234 -117.094
235 -115.189
236 -117.115
237 -116.709
238 -116.112
239 -117.207
240 -115.099
241 -115.699
242 -114.238
243 -114.793
244 -116.071
245 -116.914
246 -116.505
247 -117.135
248 -117.522
249 -118.871
250 -116.637
251 -117.02
252 -118.01
253 -117.532
254 -117.422
255 -116.551
256 -117.312
257 -116.659
258 -118.244
259 -121.321
260 -117.221
261 -117.804
262 -118.297
263 -118.206
264 -118.766
265 -117.714
266 -117.61
267 -117.534
268 -118.084
269 -117.486
270 -118.596
271 -118.129
272 -118.181
273 -117.488
274 -117.27
275 -116.457
276 -117.627
277 -116.53
278 -118.418
279 -116.896
280 -118.203
281 -115.851
282 -116.464
283 -114.797
284 -117.079
285 -115.962
286 -114.925
287 -115.307
288 -116.46
289 -116.455
290 -115.842
291 -116.392
292 -118.71
293 -118.092
294 -115.279
295 -116.325
296 -118.731
297 -117.319
298 -117.7
299 -117.819
300 -117.561
301 -118.358
302 -117.922
303 -116.638
304 -118.869
305 -119.21
306 -118.374
307 -118.674
308 -117.867
309 -118.409
310 -117.433
311 -117.396
312 -118.915
313 -117.469
314 -118.93
315 -117.354
316 -118.198
317 -117.163
318 -117.824
319 -116.994
320 -117.298
321 -115.261
322 -115.577
323 -115.324
324 -115.857
325 -117.227
326 -115.945
327 -117.77
328 -117.604
329 -115.124
330 -115.178
331 -116.369
332 -116.826
333 -116.659
334 -115.503
335 -117.595
336 -117.806
337 -118.377
338 -118.503
339 -117.787
340 -118.239
341 -118.812
342 -118.585
343 -118.438
344 -119.718
345 -118.674
346 -120.05
347 -120.574
348 -118.945
349 -118.183
350 -119.997
351 -118.709
352 -118.924
353 -120.16
354 -116.58
355 -117.585
356 -117.087
357 -117.227
358 -117.498
359 -117.238
360 -119.496
361 -119.188
362 -119.215
363 -116.478
364 -118.389
365 -118.047
366 -116.123
367 -116.12
368 -115.967
369 -116.431
370 -117.284
371 -116.343
372 -116.895
373 -117.699
374 -117.315
375 -116.799
376 -116.724
377 -115.964
378 -115.677
379 -116.33
380 -116.509
381 -119.171
382 -119.115
383 -118.034
384 -120.006
385 -119.245
386 -117.751
387 -117.882
388 -118.168
389 -117.629
390 -119.035
391 -120.343
392 -117.831
393 -119.292
394 -119.366
395 -118.908
396 -118.507
397 -119.514
398 -118.168
399 -116.214
400 -117.224
401 -117.801
402 -117.78
403 -117.61
404 -119.289
405 -116.765
406 -119.54
407 -119.31
408 -117.153
409 -117.648
410 -116.171
411 -115.984
412 -116.719
413 -114.286
414 -117.407
415 -116.765
416 -118.121
417 -117.306
418 -117.122
419 -116.514
420 -118.536
421 -116.51
422 -114.991
423 -115.782
424 -116.379
425 -116.628
426 -118.339
427 -118.009
428 -118.9
429 -118.502
430 -119.542
431 -116.974
432 -118.441
433 -119.12
434 -117.143
435 -117.685
436 -119.624
437 -118.844
438 -118.265
439 -118.642
440 -119.574
441 -120.447
442 -117.611
443 -119.183
444 -117.616
445 -117.425
446 -118.165
447 -117.122
448 -117.132
449 -117.029
450 -118.397
451 -118.591
452 -118.844
453 -117.535
454 -117.119
455 -116.762
456 -116.222
457 -116.148
458 -117.875
459 -117.14
460 -116.988
461 -116.055
462 -116.534
463 -117.424
464 -115.669
465 -115.352
466 -115.108
467 -113.701
468 -114.908
469 -115.858
470 -116.935
471 -117.289
472 -119.327
473 -119.513
474 -118.73
475 -118.344
476 -118.646
477 -118.379
478 -117.794
479 -117.854
480 -117.752
481 -119.38
482 -117.492
483 -118.691
484 -117.513
485 -118.287
486 -117.311
487 -116.371
488 -117.461
489 -113.572
490 -114.826
491 -114.665
492 -112.176
493 -113.485
494 -112.074
495 -110.184
496 -112.16
497 -111.479
498 -109.803
499 -108.252
500 -109.58
501 -108.136
502 -106.688
503 -105.744
504 -106.002
505 -104.482
506 -103.605
507 -104.362
508 -104.924
509 -104.654
510 -105.015
511 -102.186
512 -102.016
513 -103.429
514 -102.898
515 -101.52
516 -103.287
517 -103.423
518 -103.474
519 -103.137
520 -102.333
521 -103.619
522 -102.178
523 -103.909
524 -104.664
525 -104.828
526 -105.173
527 -105.617
528 -105.658
529 -108.614
530 -106.492
531 -107.017
532 -108.803
533 -108.174
534 -109.128
535 -109.261
536 -110.241
537 -108.902
538 -110.046
539 -109.772
540 -110.282
541 -109.669
542 -111.069
543 -110.06
544 -111.381
545 -110.55
546 -112.286
547 -111.432
548 -111.371
549 -109.665
550 -113.001
551 -112.831
552 -111.486
553 -112.965
554 -113.055
555 -114.194
556 -112.949
557 -112.441
558 -113.891
559 -111.989
560 -112.342
561 -112.302
562 -113.575
563 -113.139
564 -113.038
565 -113.913
566 -114.49
567 -114.556
568 -113.289
569 -114.635
570 -115.304
571 -113.631
572 -113.109
573 -114.283
574 -113.567
575 -114.213
576 -112.888
577 -113.999
578 -114.887
579 -114.537
580 -113.956
581 -114.78
582 -114.173
583 -112.514
584 -113.49
585 -113.461
586 -114.179
587 -113.93
588 -115.426
589 -113.692
590 -115.926
591 -113.903
592 -113.503
593 -115.241
594 -112.841
595 -114.634
596 -114.287
597 -114.394
598 -113.252
599 -113.012
600 -113.751
601 -112.968
602 -114.738
603 -114.474
604 -114.32
605 -111.552
606 -111.637
607 -113.017
608 -111.499
609 -112.469
610 -111.312
611 -109.418
612 -109.142
613 -110.84
614 -109.232
615 -109.396
616 -108.142
617 -107.874
618 -107.558
619 -107.775
620 -105.43
621 -105.496
622 -104.193
623 -103.275
624 -102.843
625 -103.555
626 -101.981
627 -101.632
628 -100.289
629 -100.24
630 -99.3287
631 -99.9253
632 -98.1371
633 -96.8876
634 -97.0289
635 -95.2343
636 -94.9822
637 -95.6393
638 -95.022
639 -94.3047
640 -95.1244
641 -94.4283
642 -93.9665
643 -96.0193
644 -93.4633
645 -94.8274
646 -94.6326
647 -94.1755
648 -95.0961
649 -95.6087
650 -96.7289
651 -97.1477
652 -96.4134
653 -97.5874
654 -97.5961
655 -97.7687
656 -100.525
657 -99.7655
658 -100.13
659 -101.436
660 -101.881
661 -101.96
662 -103.598
663 -102.972
664 -104.744
665 -104.493
666 -103.811
667 -104.521
668 -103.751
669 -104.284
670 -105.707
671 -106.602
672 -106.116
673 -105.506
674 -107.498
675 -106.136
676 -104.899
677 -105.538
678 -106.162
679 -105.546
680 -105.865
681 -104.241
682 -105.815
683 -107.554
684 -108.116
685 -107.873
686 -107.334
687 -106.486
688 -108.161
689 -106.086
690 -106.517
691 -106.749
692 -105.415
693 -105.596
694 -104.376
695 -104.35
696 -104.328
697 -103.685
698 -104.91
699 -104.276
700 -104.651
701 -105.321
702 -104.961
703 -106.227
704 -106.489
705 -107.109
706 -107.013
707 -107.34
708 -107.495
709 -107.208
710 -107.518
711 -108.233
712 -107.169
713 -109.167
714 -107.916
715 -106.559
716 -106.41
717 -108.097
718 -107.619
719 -109.069
720 -107.186
721 -107.498
722 -107.253
723 -106.963
724 -109.357
725 -106.512
726 -108.136
727 -106.927
728 -107.504
729 -107.472
730 -107.815
731 -108.474
732 -109.192
733 -109.034
734 -108.936
735 -107.327
736 -105.622
737 -107.54
738 -107.45
739 -105.731
740 -104.301
741 -105.784
742 -105.294
743 -103.729
744 -104.022
745 -105.352
746 -105.974
747 -107.136
748 -106.172
749 -106.019
750 -107.162
751 -107.425
752 -109.261
753 -107.677
754 -108.016
755 -107.763
756 -108.478
757 -107.168
758 -106.358
759 -106.526
760 -106.96
761 -106.914
762 -108.779
763 -106.456
764 -107.115
765 -106.688
766 -107.222
767 -108.591
768 -106.506
769 -107.917
770 -108.464
771 -107.9
772 -107.018
773 -108.604
774 -109.592
775 -108.354
776 -109.041
777 -109.761
778 -108.189
779 -107.683
780 -106.299
781 -106.435
782 -105.02
783 -105.866
784 -105.803
785 -105.457
786 -104.71
787 -104.636
788 -104.213
789 -104.769
790 -106.526
791 -106.747
792 -107.602
793 -106.012
794 -106.386
795 -107.743
796 -107.867
797 -107.631
798 -108.006
799 -107.935
800 -107.918
801 -107.74
802 -108.144
803 -106.634
804 -107.786
805 -106.86
806 -105.757
807 -107.308
808 -108.197
809 -106.768
810 -107.304
811 -107.414
812 -107.036
813 -107.33
814 -107.146
815 -106.947
816 -107.993
817 -106.302
818 -108.491
819 -107.769
820 -109.517
821 -108.252
822 -109.132
823 -107.553
824 -106.434
825 -105.991
826 -106.753
827 -106.068
828 -105.797
829 -105.547
830 -107.171
831 -106.141
832 -104.851
833 -106.36
834 -105.418
835 -105.066
836 -105.368
837 -106.008
838 -105.64
839 -108.012
840 -106.482
841 -106.066
842 -108.045
843 -109.515
844 -107.445
845 -108.156
846 -106.786
847 -107.183
848 -108.274
849 -108.104
850 -107.526
851 -105.735
852 -108.671
853 -108.549
854 -106.861
855 -108.098
856 -108.36
857 -106.889
858 -108.127
859 -107.144
860 -107.226
861 -106.498
862 -108.417
863 -107.228
864 -108.057
865 -108.276
866 -108.664
867 -107.743
868 -106.17
869 -106.533
870 -106.598
871 -105.145
872 -106.221
873 -106.782
874 -104.019
875 -104.918
876 -105.523
877 -106.518
878 -103.634
879 -103.628
880 -104.673
881 -105.874
882 -104.2
883 -106.284
884 -105.634
885 -106.076
886 -105.092
887 -107.964
888 -109.41
889 -107.742
890 -107.869
891 -107.337
892 -106.111
893 -106.234
894 -105.234
895 -105.786
896 -108.706
897 -108.092
898 -107.723
899 -105.919
900 -106.305
901 -106.129
902 -105.469
903 -106.322
904 -106.613
905 -105.324
906 -107.465
907 -108.004
908 -107.516
909 -108.145
910 -107.835
911 -109.038
912 -106.116
913 -107.712
914 -106.727
915 -105.705
916 -104.963
917 -106.079
918 -105.791
919 -105.03
920 -104.713
921 -105.312
922 -103.52
923 -103.488
924 -104.983
925 -104.299
926 -104.109
927 -105.668
928 -106.149
929 -106.613
930 -105.134
931 -105.458
932 -106.264
933 -107.489
934 -107.763
935 -107.134
936 -106.99
937 -108.399
938 -107.206
939 -107.586
940 -106.276
941 -105.248
942 -105.147
943 -106.447
944 -107.39
945 -107.846
946 -105.818
947 -105.376
948 -105.235
949 -107.048
950 -107.658
951 -105.554
952 -106.259
953 -106.302
954 -108.847
955 -107.474
956 -108.986
957 -108.023
958 -106.866
959 -107.062
960 -106.046
961 -105.399
962 -105.618
963 -104.643
964 -104.223
965 -104.24
966 -102.211
967 -103.95
968 -104.393
969 -104.458
970 -105.582
971 -103.811
972 -105.392
973 -106.098
974 -108.184
975 -105.302
976 -107.191
977 -106.456
978 -108.091
979 -107.679
980 -107.487
981 -108.018
982 -105.973
983 -104.416
984 -107.228
985 -108.25
986 -105.903
987 -106.175
988 -106.133
989 -107.113
990 -107.367
991 -107.875
992 -107.089
993 -106.068
994 -106.378
995 -105.089
996 -105.869
997 -107.227
998 -107.026
999 -108.08
1000 -108.405
1001 -107.193
1002 -108.477
1003 -107.464
1004 -105.645
1005 -105.303
1006 -106.056
1007 -104.787
1008 -104.986
1009 -105.416
1010 -105.108
1011 -104.87
1012 -105.524
1013 -104.53
1014 -103.128
1015 -104.723
1016 -105.891
1017 -105.998
1018 -105.58
1019 -106.087
1020 -107.357
1021 -105.737
1022 -104.668
1023 -107.493
1024 -105.372
1025 -105.571
1026 -107.451
1027 -107.197
1028 -104.18
1029 -104.774
1030 -107.058
1031 -105.062
1032 -105.165
1033 -107.026
1034 -105.601
1035 -107.285
1036 -106.243
1037 -106.417
1038 -107.445
1039 -105.946
1040 -106.178
1041 -105.661
1042 -107.738
1043 -108.139
1044 -106.551
1045 -107.58
1046 -107.673
1047 -105.96
1048 -106.671
1049 -106.39
1050 -104.583
1051 -103.486
1052 -105.389
1053 -104.996
1054 -106.359
1055 -105.803
1056 -104.225
1057 -105.524
1058 -105.803
1059 -103.939
1060 -106.596
1061 -108.303
1062 -108.354
1063 -109.534
1064 -109.326
1065 -107.621
1066 -110.459
1067 -113.607
1068 -112.321
1069 -112.894
1070 -112.14
1071 -113.182
1072 -114.142
1073 -113.211
1074 -115.073
1075 -115.187
1076 -115.637
1077 -115.182
1078 -117.244
1079 -118.331
1080 -118.201
1081 -118.371
1082 -118.552
1083 -119.855
1084 -119.657
1085 -120.643
1086 -118.765
1087 -118.223
1088 -119.104
1089 -121.751
1090 -119.152
1091 -119.991
1092 -120.039
1093 -119.685
1094 -119.313
1095 -119.247
1096 -121.923
1097 -119.054
1098 -119.375
1099 -117.909
1100 -117.141
1101 -118.192
1102 -117.525
1103 -117.607
1104 -116.041
1105 -116.116
1106 -114.762
1107 -116.51
1108 -114.517
1109 -114.973
1110 -114.54
1111 -112.252
1112 -112.465
1113 -113.729
1114 -113.235
1115 -114.182
1116 -112.035
1117 -113.126
1118 -112.632
1119 -112.394
1120 -112.191
1121 -111.974
1122 -111.018
1123 -110.289
1124 -111.071
1125 -110.283
1126 -109.88
1127 -111.194
1128 -111.285
1129 -110.032
1130 -109.174
1131 -110.487
1132 -109.532
1133 -110.187
1134 -110.2
1135 -110.037
1136 -110.129
1137 -109.918
1138 -109.843
1139 -110.463
1140 -109.701
1141 -110.251
1142 -109.964
1143 -109.398
1144 -108.961
1145 -107.838
1146 -109.821
1147 -109.558
1148 -109.718
1149 -109.4
1150 -108.564
1151 -108.742
1152 -107.437
1153 -109.199
1154 -107.416
1155 -107.732
1156 -108.564
1157 -110.223
1158 -109.182
1159 -110.02
1160 -107.93
1161 -110.043
1162 -109.292
1163 -110.491
1164 -109.845
1165 -109.888
1166 -109.061
1167 -109.764
1168 -109.016
1169 -108.652
1170 -109.206
1171 -109.052
1172 -108.788
1173 -107.697
1174 -108.302
1175 -108.702
1176 -108.171
1177 -109.49
1178 -107.386
1179 -108.468
1180 -110.546
1181 -111.605
1182 -108.29
1183 -109.102
1184 -109.472
1185 -110.878
1186 -111.701
1187 -112.189
1188 -114.651
1189 -113.951
1190 -113.683
1191 -115.073
1192 -114.261
1193 -117.166
1194 -116.317
1195 -117.244
1196 -118.394
1197 -118.146
1198 -118.659
1199 -118.462
1200 -119.979
1201 -121.047
1202 -120.488
1203 -122.206
1204 -122.084
1205 -122.741
1206 -124.108
1207 -124.608
1208 -125.555
1209 -125.363
1210 -126.69
1211 -125.656
1212 -127.827
1213 -127.653
1214 -127.397
1215 -129.063
1216 -128.193
1217 -127.298
1218 -127.503
1219 -127.682
1220 -127.849
1221 -127.212
1222 -126.637
1223 -126.456
1224 -126.618
1225 -126.697
1226 -125.395
1227 -126.341
1228 -124.542
1229 -126.368
1230 -123.707
1231 -123.533
1232 -123.331
1233 -123.44
1234 -124.324
1235 -122.543
1236 -123.813
1237 -121.088
1238 -120.151
1239 -120.571
1240 -118.793
1241 -119.84
1242 -119.821
1243 -118.519
1244 -119.411
1245 -117.912
1246 -117.054
1247 -116.358
1248 -117.24
1249 -116.961
1250 -116.343
1251 -116.628
1252 -117.343
1253 -117.111
1254 -117.071
1255 -115.521
1256 -114.521
1257 -116.835
1258 -115.233
1259 -114.686
1260 -116.308
1261 -116.075
1262 -117.242
1263 -116.67
1264 -116.317
1265 -117.639
1266 -116.822
1267 -117.044
1268 -115.888
1269 -116.995
1270 -116.758
1271 -117.292
1272 -116.862
1273 -115.812
1274 -117.585
1275 -117.391
1276 -117.801
1277 -116.664
1278 -117.69
1279 -114.721
1280 -117.117
1281 -116.055
1282 -116.58
1283 -115.297
1284 -115.919
1285 -116.681
1286 -116.954
1287 -117.17
1288 -117.37
1289 -115.904
1290 -115.018
1291 -114.625
1292 -115.133
1293 -115.383
1294 -114.518
1295 -114.719
1296 -114.881
1297 -114.429
1298 -114.148
1299 -114.8
1300 -115.217
1301 -115.279
1302 -112.698
1303 -113.903
1304 -113.349
1305 -115.13
1306 -114.829
1307 -114.974
1308 -115.413
1309 -115.204
1310 -115.852
1311 -116.094
1312 -115.82
1313 -116.148
1314 -116.26
1315 -115.607
1316 -118.875
1317 -116.74
1318 -118.843
1319 -117.713
1320 -118.173
1321 -117.766
1322 -118.56
1323 -117.049
1324 -114.97
1325 -117.346
1326 -115.64
1327 -115.578
1328 -114.509
1329 -117.124
1330 -115.002
1331 -116.543
1332 -115.778
1333 -115.117
1334 -116.484
1335 -116.884
1336 -115.291
1337 -115.058
1338 -114.458
1339 -114.677
1340 -115.826
1341 -113.994
1342 -116.23
1343 -113.572
1344 -112.893
1345 -114.978
1346 -113.93
1347 -114.077
1348 -114.403
1349 -114.259
1350 -115.118
1351 -116.302
1352 -115.966
1353 -113.958
1354 -115.757
1355 -116.224
1356 -116.472
1357 -115.553
1358 -115.326
1359 -116.846
1360 -114.676
1361 -115.571
1362 -116.704
1363 -117.375
1364 -117.749
1365 -116.906
1366 -117.531
1367 -118.272
1368 -116.804
1369 -116.335
1370 -116.275
1371 -116.779
1372 -117.519
1373 -117.314
1374 -116.093
1375 -115.481
1376 -115.655
1377 -114.843
1378 -118.969
1379 -116.005
1380 -114.779
1381 -115.428
1382 -114.947
1383 -114.758
1384 -115.309
1385 -114.761
1386 -115.881
1387 -115.259
1388 -113.152
1389 -114.546
1390 -114.729
1391 -116.018
1392 -115.716
1393 -113.198
1394 -115.319
1395 -115.119
1396 -115.452
1397 -115.731
1398 -115.431
1399 -115.007
1400 -116.567
1401 -116.287
1402 -115.339
1403 -116.269
1404 -116.235
1405 -115.757
1406 -117.792
1407 -116.088
1408 -116.878
1409 -117.423
1410 -117.74
1411 -117.066
1412 -116.959
1413 -116.052
1414 -117.261
1415 -116.318
1416 -115.389
1417 -116.591
1418 -116.937
1419 -114.901
1420 -117.307
1421 -114.183
1422 -115.978
1423 -115.815
1424 -115.959
1425 -114.614
1426 -113.984
1427 -114.829
1428 -114.466
1429 -114.975
1430 -114.923
1431 -114.741
1432 -115.161
1433 -115.438
1434 -114.412
1435 -114.042
1436 -114.851
1437 -111.852
1438 -114.997
1439 -114.322
1440 -113.539
1441 -115.956
1442 -116.198
1443 -115.948
1444 -115.467
1445 -116.231
1446 -117.923
1447 -116.146
1448 -114.78
1449 -116.616
1450 -117.352
1451 -117.469
1452 -116.489
1453 -118.225
1454 -117.649
1455 -116.013
1456 -116.686
1457 -118.327
1458 -117.231
1459 -116.512
1460 -116.908
1461 -115.153
1462 -116.273
1463 -115.379
1464 -117.079
1465 -118.62
1466 -117.022
1467 -115.699
1468 -116.268
1469 -114.94
1470 -116.039
1471 -117.143
1472 -114.325
1473 -114.195
1474 -114.978
1475 -114.413
1476 -114.471
1477 -115.812
1478 -116.117
1479 -114.611
1480 -115.429
1481 -114.68
1482 -113.92
1483 -113.572
1484 -113.982
1485 -114.504
1486 -116.353
1487 -115.515
1488 -115.786
1489 -116.733
1490 -116.424
1491 -117.603
1492 -117.702
1493 -117.298
1494 -117.195
1495 -117.095
1496 -117.772
1497 -118.034
1498 -117.502
1499 -118.295
1500 -117.752
1501 -116.756
1502 -116.608
1503 -116.819
1504 -116.89
1505 -115.871
1506 -116.71
1507 -115.478
1508 -117.228
1509 -117.149
1510 -117.119
1511 -117.273
1512 -115.194
1513 -115.849
1514 -116.631
1515 -114.347
1516 -114.967
1517 -114.623
1518 -115.485
1519 -113.949
1520 -115.348
1521 -114.462
1522 -114.869
1523 -116.29
1524 -113.896
1525 -114.941
1526 -115.954
1527 -114.645
1528 -114.532
1529 -114.429
1530 -115.435
1531 -115.94
1532 -115.211
1533 -116.85
1534 -116.781
1535 -116.738
1536 -118.118
1537 -115.606
1538 -115.068
1539 -117.194
1540 -116.871
1541 -117.674
1542 -117.613
1543 -117.89
1544 -116.613
1545 -117.639
1546 -116.843
1547 -117.395
1548 -116.278
1549 -116.78
1550 -115.732
1551 -115.468
1552 -115.991
1553 -117.53
1554 -116.699
1555 -116.033
1556 -117.636
1557 -117.668
1558 -114.946
1559 -115.862
1560 -115.508
1561 -112.499
1562 -114.509
1563 -115.087
1564 -114.479
1565 -114.46
1566 -115.848
1567 -113.288
1568 -116.082
1569 -114.984
1570 -115.619
1571 -113.854
1572 -114.428
1573 -116.907
1574 -115.431
1575 -115.092
1576 -115.987
1577 -116.949
1578 -117.751
1579 -116.366
1580 -116.701
1581 -116.389
1582 -116.834
1583 -117.081
1584 -116.575
1585 -116.138
1586 -116.73
1587 -117.58
1588 -116.234
1589 -116.79
1590 -116.677
1591 -116.433
1592 -115.965
1593 -117.357
1594 -115.349
1595 -116.191
1596 -114.96
1597 -116.719
1598 -116.598
1599 -117.359
1600 -115.517
1601 -116.36
1602 -119.314
1603 -116.829
1604 -114.818
1605 -114.78
1606 -113.899
1607 -114.862
1608 -114.378
1609 -115.506
1610 -115.304
1611 -114.823
1612 -115.758
1613 -115.094
1614 -115.876
1615 -114.558
1616 -114.922
1617 -113.718
1618 -113.086
1619 -114.812
1620 -116.064
1621 -115.948
1622 -115.583
1623 -116.648
1624 -117.111
1625 -116.729
1626 -117.569
1627 -116.172
1628 -116.407
1629 -115.779
1630 -116.778
1631 -115.823
1632 -116.717
1633 -117.949
1634 -115.899
1635 -115.778
1636 -116.221
1637 -114.323
1638 -114.466
1639 -112.532
1640 -112.847
1641 -110.733
1642 -112.26
1643 -111.304
1644 -110.647
1645 -109.883
1646 -111.133
1647 -110.594
1648 -108.852
1649 -110.46
1650 -107.214
1651 -106.208
1652 -105.437
1653 -105.6
1654 -104.196
1655 -102.538
1656 -102.899
1657 -101.588
1658 -103.785
1659 -102.547
1660 -103.079
1661 -103.628
1662 -101.665
1663 -101.508
1664 -101.332
1665 -99.9043
1666 -102.082
1667 -102.468
1668 -103.155
1669 -100.462
1670 -101.938
1671 -102.868
1672 -102.597
1673 -103.884
1674 -105.634
1675 -102.902
1676 -103.419
1677 -104.803
1678 -105.308
1679 -105.489
1680 -104.821
1681 -105.59
1682 -108.048
1683 -105.812
1684 -107.162
1685 -106.473
1686 -106.838
1687 -108.355
1688 -108.547
1689 -108.483
1690 -108.631
1691 -109.783
1692 -111.657
1693 -111.144
1694 -110.967
1695 -109.774
1696 -110.563
1697 -111.821
1698 -109.636
1699 -110.94
1700 -109.291
1701 -111.252
1702 -111.879
1703 -111.829
1704 -111.526
1705 -112.459
1706 -111.839
1707 -110.901
1708 -111.813
1709 -112.895
1710 -112.516
1711 -113.661
1712 -111.2
1713 -110.73
1714 -112.212
1715 -110.874
1716 -112.268
1717 -112.71
1718 -113.415
1719 -111.09
1720 -112.963
1721 -114.22
1722 -112.979
1723 -112.003
1724 -111.694
1725 -112.955
1726 -113.139
1727 -113.015
1728 -112.781
1729 -113.202
1730 -112.058
1731 -113.122
1732 -112.564
1733 -111.787
1734 -113.491
1735 -113.458
1736 -112.954
1737 -114.462
1738 -112.684
1739 -113.603
1740 -112.706
1741 -111.654
1742 -114.109
1743 -112.488
1744 -113.727
1745 -114.611
1746 -112.053
1747 -112.96
1748 -113.362
1749 -112.315
1750 -111.929
1751 -114.131
1752 -115.129
1753 -111.294
1754 -112.253
1755 -111.754
1756 -111.315
1757 -112.297
1758 -112.119
1759 -110.481
1760 -111.314
1761 -108.555
1762 -108.456
1763 -108.141
1764 -107.199
1765 -107.422
1766 -107.387
1767 -105.903
1768 -104.526
1769 -105.2
1770 -105.323
1771 -103.928
1772 -104.508
1773 -103.138
1774 -101.567
1775 -101.73
1776 -100.753
1777 -102.143
1778 -100.753
1779 -100.727
1780 -98.7626
1781 -98.8969
1782 -97.7671
1783 -96.9047
1784 -95.6424
1785 -95.7494
1786 -94.2639
1787 -94.6312
1788 -93.5974
1789 -92.6724
1790 -93.5087
1791 -92.2879
1792 -92.3156
1793 -92.1167
1794 -95.453
1795 -95.2585
1796 -93.4198
1797 -92.6166
1798 -94.4651
1799 -94.2949
1800 -94.7163
1801 -94.9766
1802 -95.6032
1803 -95.7199
1804 -95.3492
1805 -95.7452
1806 -97.6145
1807 -98.6937
1808 -98.7788
1809 -99.6231
1810 -100.065
1811 -100.56
1812 -101.813
1813 -102.102
1814 -102.425
1815 -101.862
1816 -103.823
1817 -104.368
1818 -103.377
1819 -105.79
1820 -103.443
1821 -105.33
1822 -101.764
1823 -105.301
1824 -105.626
1825 -106.144
1826 -105.544
1827 -106.014
1828 -107.087
1829 -105.704
1830 -104.724
1831 -105.439
1832 -107.236
1833 -107.214
1834 -106.902
1835 -108.02
1836 -107.387
1837 -105.498
1838 -106.135
1839 -105.535
1840 -105.995
1841 -105.816
1842 -105.463
1843 -104.7
1844 -104.972
1845 -103.481
1846 -103.792
1847 -103.225
1848 -103.951
1849 -104.996
1850 -104.46
1851 -102.945
1852 -105.066
1853 -104.848
1854 -104.928
1855 -105.684
1856 -105.994
1857 -107.362
1858 -107.343
1859 -106.769
1860 -107.285
1861 -106.638
1862 -106.209
1863 -107.725
1864 -106.461
1865 -105.053
1866 -107.195
1867 -107.457
1868 -107.016
1869 -106.573
1870 -107.773
1871 -107.936
1872 -106.359
1873 -107.802
1874 -107.591
1875 -107.229
1876 -106.276
1877 -107.532
1878 -107.167
1879 -107.078
1880 -107.57
1881 -108.176
1882 -106.636
1883 -108.089
1884 -107.006
1885 -106.048
1886 -106.003
1887 -105.442
1888 -103.271
1889 -104.189
1890 -103.295
1891 -105.732
1892 -105.02
1893 -104.06
1894 -104.83
1895 -103.932
1896 -104.31
1897 -102.876
1898 -105.548
1899 -105.884
1900 -105.439
1901 -106.353
1902 -106.912
1903 -107.47
1904 -107.503
1905 -107.439
1906 -107.148
1907 -107.85
1908 -107.752
1909 -107.278
1910 -104.88
1911 -106.4
1912 -106.89
1913 -106.364
1914 -106.556
1915 -107.343
1916 -106.11
1917 -108.12
1918 -106.305
1919 -107.147
1920 -105.608
1921 -108.17
1922 -107.994
1923 -106.877
1924 -106.453
1925 -108.618
1926 -106.933
1927 -108.103
1928 -107.984
1929 -106.072
1930 -105.818
1931 -105.115
1932 -106.64
1933 -104.906
1934 -105.691
1935 -104.967
1936 -105.085
1937 -104.107
1938 -103.574
1939 -104.737
1940 -103.593
1941 -102.677
1942 -103.725
1943 -106.546
1944 -105.59
1945 -105.421
1946 -107.586
1947 -106.369
1948 -107.386
1949 -107.434
1950 -107.336
1951 -108.411
1952 -107.339
1953 -107.697
1954 -106.205
1955 -104.548
1956 -106.806
1957 -106.868
1958 -106.558
1959 -106.133
1960 -107.33
1961 -107.52
1962 -106.912
1963 -107.341
1964 -106.8
1965 -105.971
1966 -106.866
1967 -107.286
1968 -107.501
1969 -107.256
1970 -107.981
1971 -107.547
1972 -109.066
1973 -106.064
1974 -106.477
1975 -103.944
1976 -104.751
1977 -102.673
1978 -103.504
1979 -104.624
1980 -101.272
1981 -101.287
1982 -100.015
1983 -101.18
1984 -101.933
1985 -100.683
1986 -102.388
1987 -103.656
1988 -103.9
1989 -104.134
1990 -104.155
1991 -104.391
1992 -103.134
1993 -103.893
1994 -105.46
1995 -104.695
1996 -104.755
1997 -104.652
1998 -105.315
1999 -104.792
2000 -104.694
2001 -103.876
2002 -103.619
2003 -105.1
2004 -104.064
2005 -105.488
2006 -105.541
2007 -105.478
2008 -105.05
2009 -106.085
2010 -105.916
2011 -107.604
2012 -105.874
2013 -106.685
2014 -106.954
2015 -108.06
2016 -105.146
2017 -104.826
2018 -104.859
2019 -104.014
2020 -104.437
2021 -103.562
2022 -102.081
2023 -102.715
2024 -103.781
2025 -102.58
2026 -103.173
2027 -104.269
2028 -103.473
2029 -104.146
2030 -103.541
2031 -104.062
2032 -105.428
2033 -104.219
2034 -107.04
2035 -105.703
2036 -104.921
2037 -105.732
2038 -104.527
2039 -105.592
2040 -105.092
2041 -106.516
2042 -107.397
2043 -106.27
2044 -105.057
2045 -105.161
2046 -104.658
2047 -105.663
2048 -106.031
2049 -106.613
2050 -107.078
2051 -106.711
2052 -105.14
2053 -106.385
2054 -105.827
2055 -104.854
2056 -104.622
2057 -104.501
2058 -104.727
2059 -103.1
2060 -104.178
2061 -105.481
2062 -103.108
2063 -103.532
2064 -104.502
2065 -104.576
2066 -105.205
2067 -105.676
2068 -106.105
2069 -106.771
2070 -106.908
2071 -108.08
2072 -107.272
2073 -106.933
2074 -106.509
2075 -105.384
2076 -106.283
2077 -106.545
2078 -106.382
2079 -106.59
2080 -106.511
2081 -105.883
2082 -106.459
2083 -105.498
2084 -105.795
2085 -106.249
2086 -107.533
2087 -108.398
2088 -106.228
2089 -107.828
2090 -105.933
2091 -106.457
2092 -106.271
2093 -104.205
2094 -104.973
2095 -103.067
2096 -103.07
2097 -103.298
2098 -103.513
2099 -103.185
2100 -103.728
2101 -103.658
2102 -104.53
2103 -105.781
2104 -105.621
2105 -106.788
2106 -107.107
2107 -106.361
2108 -106.05
2109 -107.393
2110 -106.047
2111 -105.146
2112 -105.857
2113 -106.289
2114 -105.264
2115 -106.783
2116 -107.689
2117 -106.421
2118 -103.196
2119 -104.726
2120 -107.401
2121 -105.114
2122 -105.172
2123 -106.74
2124 -107.63
2125 -107.221
2126 -107.131
2127 -106.415
2128 -105.502
2129 -105.32
2130 -104.2
2131 -104.739
2132 -103.712
2133 -104.113
2134 -104.844
2135 -104.11
2136 -104.233
2137 -103.108
2138 -103.687
2139 -105.596
2140 -105.627
2141 -105.434
2142 -106.173
2143 -105.799
2144 -107.686
2145 -105.45
2146 -106.305
2147 -107.591
2148 -108.214
2149 -106.451
2150 -105.183
2151 -106.271
2152 -107.075
2153 -108.1
2154 -107.543
2155 -104.347
2156 -105.209
2157 -105.641
2158 -106.915
2159 -106.26
2160 -106.984
2161 -108.567
2162 -108.382
2163 -110.116
2164 -107.805
2165 -106.041
2166 -107.617
2167 -107.681
2168 -108.5
2169 -107.452
2170 -107.935
2171 -106.779
2172 -109.886
2173 -109.792
2174 -109.747
2175 -111.844
2176 -111.485
2177 -113.079
2178 -114.162
2179 -116.084
2180 -115.62
2181 -118.03
2182 -117.648
2183 -118.639
2184 -118.052
2185 -118.113
2186 -117.56
2187 -117.413
2188 -117.931
2189 -119.957
2190 -121.454
2191 -121.688
2192 -120.422
2193 -121.924
2194 -121.923
2195 -121.066
2196 -121.257
2197 -122.605
2198 -120.798
2199 -120.186
2200 -118.797
2201 -121.693
2202 -119.909
2203 -119.82
2204 -119.88
2205 -120.66
2206 -118.27
2207 -119.425
2208 -120.959
2209 -119.382
2210 -119.254
2211 -117.275
2212 -116.742
2213 -116.828
2214 -117.094
2215 -114.576
2216 -114.124
2217 -115.116
2218 -113.353
2219 -114.49
2220 -114.299
2221 -114.537
2222 -113.262
2223 -111.983
2224 -111.972
2225 -113.627
2226 -112.423
2227 -113.53
2228 -110.835
2229 -111.59
2230 -111.371
2231 -111.522
2232 -112.833
2233 -109.585
2234 -110.727
2235 -110.703
2236 -110.403
2237 -109.67
2238 -109.594
2239 -107.323
2240 -111.065
2241 -109.854
2242 -109.593
2243 -108.303
2244 -109.503
2245 -109.661
2246 -108.155
2247 -109.272
2248 -110.21
2249 -107.756
2250 -109.108
2251 -110.015
2252 -109.842
2253 -108.857
2254 -109.457
2255 -109.404
2256 -109.729
2257 -108.681
2258 -109.692
2259 -110.081
2260 -108.299
2261 -108.772
2262 -108.641
2263 -109.037
2264 -109.865
2265 -109.653
2266 -109.589
2267 -109.034
2268 -107.916
2269 -109.58
2270 -107.417
2271 -107.622
2272 -108.297
2273 -107.349
2274 -108.494
2275 -108.14
2276 -108.795
2277 -108.964
2278 -108.909
2279 -107.684
2280 -106.662
2281 -109.129
2282 -109.868
2283 -108.005
2284 -108.625
2285 -107.353
2286 -107.324
2287 -108.135
2288 -108.435
2289 -108.915
2290 -107.979
2291 -109.561
2292 -109.5
2293 -108.058
2294 -111.14
2295 -110.01
2296 -112.653
2297 -112.886
2298 -114.496
2299 -112.504
2300 -114.749
2301 -112.876
2302 -115.078
2303 -115.325
2304 -117.195
2305 -116.371
2306 -116.341
2307 -118.469
2308 -117.094
2309 -119.523
2310 -119.937
2311 -120.925
2312 -120.169
2313 -120.393
2314 -121.789
2315 -122.511
2316 -122.624
2317 -124.738
2318 -125.147
2319 -126.015
2320 -126.391
2321 -126.762
2322 -127.325
2323 -127.534
2324 -129.264
2325 -128.071
2326 -130.118
2327 -129.572
2328 -129.69
2329 -129.34
2330 -129.069
2331 -131.171
2332 -131.583
2333 -130.609
2334 -129.771
2335 -130.384
2336 -130.075
2337 -129.674
2338 -129.436
2339 -128.848
2340 -127.591
2341 -128.029
2342 -128.874
2343 -127.572
2344 -126.497
2345 -127.306
2346 -126.892
2347 -126.045
2348 -125.203
2349 -123.134
2350 -125.505
2351 -122.025
2352 -122.075
2353 -123.311
2354 -122.344
2355 -120.372
2356 -121.07
2357 -120.721
2358 -119.926
2359 -121.236
2360 -118.519
2361 -119.272
2362 -117.959
2363 -118.659
2364 -116.435
2365 -116.375
2366 -117.845
2367 -120.064
2368 -120.196
2369 -119.844
2370 -119.393
2371 -118.927
2372 -118.191
2373 -118.395
2374 -116.881
2375 -118.628
2376 -120.27
2377 -118.73
2378 -118.033
2379 -117.944
2380 -117.435
2381 -117.132
2382 -116.809
2383 -117.443
2384 -117.012
2385 -117.38
2386 -117.395
2387 -117.041
2388 -117.059
2389 -114.888
2390 -114.485
2391 -115.581
2392 -114.612
2393 -114.451
2394 -117.398
2395 -113.897
2396 -114.779
2397 -115.637
2398 -117.782
2399 -114.776
2400 -113.554
2401 -114.657
2402 -117.034
2403 -117.921
2404 -118.28
2405 -117.003
2406 -114.695
2407 -117.378
2408 -117.597
2409 -117.787
2410 -116.39
2411 -116.912
2412 -118.512
2413 -117.242
2414 -115.898
2415 -117.143
2416 -116.47
2417 -118.363
2418 -117.501
2419 -116.173
2420 -117.449
2421 -116.042
2422 -115.376
2423 -115.592
2424 -114.033
2425 -114.806
2426 -116.202
2427 -114.251
2428 -116.254
2429 -115.676
2430 -115.551
2431 -113.871
2432 -114.588
2433 -115.336
2434 -114.401
2435 -116.344
2436 -118.035
2437 -119.172
2438 -117.714
2439 -117.254
2440 -118.26
2441 -115.183
2442 -115.829
2443 -118.158
2444 -117.807
2445 -118.492
2446 -118.438
2447 -117.593
2448 -117.066
2449 -116.651
2450 -117.477
2451 -116.661
2452 -115.817
2453 -116.473
2454 -117.424
2455 -115.254
2456 -114.963
2457 -114.125
2458 -114.903
2459 -114.572
2460 -115.115
2461 -114.047
2462 -117.113
2463 -113.313
2464 -114.394
2465 -115.154
2466 -116.372
2467 -115.778
2468 -115.698
2469 -116.615
2470 -117.66
2471 -116.962
2472 -117.436
2473 -115.547
2474 -115.487
2475 -118.214
2476 -117.366
2477 -116.831
2478 -119.714
2479 -118.191
2480 -117.999
2481 -116.68
2482 -115.351
2483 -116.05
2484 -115.203
2485 -116.422
2486 -117.379
2487 -116.851
2488 -117.245
2489 -117.133
2490 -115.091
2491 -114.443
2492 -114.396
2493 -115.001
2494 -113.998
2495 -116.829
2496 -115.309
2497 -115.139
2498 -114.739
2499 -113.97
2500 -114.137
2501 -115.359
2502 -116.495
2503 -117.253
2504 -118.614
2505 -116.881
2506 -116.714
2507 -117.535
2508 -116.247
2509 -116.075
2510 -117.405
2511 -116.6
2512 -117.11
2513 -118.499
2514 -117.924
2515 -115.456
2516 -116.656
2517 -117.453
2518 -115.774
2519 -115.781
2520 -115.829
2521 -115.634
2522 -115.314
2523 -116.346
2524 -116.154
2525 -113.103
2526 -115.068
2527 -117.221
2528 -115.338
2529 -115.039
2530 -115.02
2531 -115.53
2532 -114.665
2533 -114.764
2534 -115.806
2535 -116.961
2536 -117.544
2537 -117.614
2538 -118.47
2539 -118.841
2540 -117.46
2541 -117.788
2542 -117.875
2543 -116.583
2544 -118.145
2545 -116.507
2546 -117.515
2547 -118.458
2548 -117.361
2549 -116.385
2550 -116.492
2551 -115.317
2552 -115.922
2553 -116.909
2554 -116.329
2555 -116.344
2556 -115.339
2557 -114.901
2558 -115.658
2559 -115.162
2560 -114.358
2561 -113.772
2562 -113.464
2563 -114.573
2564 -114.264
2565 -114.229
2566 -113.885
2567 -114.813
2568 -114.59
2569 -116.978
2570 -118.051
2571 -117.7
2572 -118.619
2573 -116.915
2574 -116.702
2575 -117.687
2576 -116.499
2577 -116.524
2578 -117.502
2579 -118.767
2580 -118.973
2581 -117.717
2582 -117.402
2583 -116.318
2584 -116.786
2585 -116.53
2586 -116.621
2587 -116.993
2588 -117.646
2589 -116.661
2590 -116.044
2591 -112.994
2592 -115.42
2593 -113.525
2594 -115.738
2595 -115.692
2596 -116.108
2597 -116.504
2598 -114.971
2599 -114.293
2600 -113.871
2601 -114.129
2602 -117.184
2603 -116.922
2604 -117.539
2605 -117.065
2606 -116.346
2607 -117.243
2608 -116.153
2609 -116.825
2610 -116.785
2611 -118.235
2612 -117.012
2613 -118.638
2614 -118.046
2615 -117.024
2616 -117.65
2617 -115.298
2618 -115.687
2619 -116.309
2620 -117.996
2621 -116.384
2622 -117.747
2623 -116.149
2624 -115.644
2625 -113.742
2626 -113.683
2627 -114.264
2628 -114.845
2629 -114.913
2630 -115.485
2631 -115.021
2632 -111.551
2633 -112.371
2634 -111.576
2635 -112.752
2636 -112.952
2637 -114.046
2638 -113.216
2639 -113.508
2640 -112.465
2641 -111.325
2642 -113.527
2643 -109.76
2644 -112.187
2645 -110.002
2646 -112.241
2647 -109.742
2648 -110.595
2649 -108.508
2650 -108.09
2651 -106.997
2652 -105.574
2653 -104.74
2654 -104.225
2655 -104.682
2656 -104.054
2657 -102.491
2658 -103.62
2659 -102.833
2660 -100.846
2661 -99.5064
2662 -99.0011
2663 -98.0209
2664 -99.6952
2665 -99.5923
2666 -98.717
2667 -98.2472
2668 -98.3417
2669 -99.8482
2670 -97.9658
2671 -98.9147
2672 -99.8239
2673 -99.5495
2674 -99.6564
2675 -97.9844
2676 -98.8765
2677 -100.906
2678 -99.3587
2679 -101.224
2680 -101.455
2681 -100.467
2682 -100.791
2683 -101.825
2684 -102.899
2685 -104.847
2686 -102.227
2687 -103.949
2688 -104.355
2689 -105.078
2690 -106.397
2691 -106.876
2692 -106.304
2693 -106.986
2694 -107.634
2695 -107.491
2696 -109.924
2697 -110.065
2698 -108.044
2699 -108.389
2700 -109.17
2701 -109.017
2702 -107.562
2703 -108.494
2704 -110.685
2705 -109.949
2706 -110.856
2707 -110.63
2708 -109.196
2709 -110.617
2710 -111.072
2711 -111.588
2712 -112.31
2713 -111.31
2714 -112.429
2715 -112.611
2716 -112.185
2717 -111.48
2718 -111.113
2719 -111.815
2720 -112.699
2721 -112.706
2722 -112.279
2723 -111.893
2724 -112.847
2725 -112.593
2726 -112.433
2727 -112.49
2728 -111.941
2729 -112.664
2730 -112.724
2731 -111.773
2732 -112.623
2733 -111.137
2734 -112.706
2735 -113.39
2736 -112.184
2737 -114.637
2738 -111.49
2739 -113.862
2740 -112.016
2741 -114.162
2742 -113.245
2743 -112.718
2744 -111.538
2745 -112.209
2746 -112.672
2747 -112.478
2748 -112.367
2749 -113.354
2750 -110.907
2751 -113.354
2752 -112.541
2753 -111.097
2754 -114.502
2755 -113.741
2756 -114.132
2757 -112.734
2758 -112.977
2759 -114.016
2760 -112.93
2761 -112.859
2762 -113.056
2763 -110.902
2764 -109.024
2765 -111.235
2766 -111.907
2767 -109.379
2768 -108.675
2769 -108.573
2770 -105.803
2771 -107.911
2772 -108.39
2773 -106.699
2774 -107.124
2775 -105.809
2776 -106.407
2777 -104.562
2778 -102.489
2779 -102.382
2780 -102.205
2781 -102.597
2782 -100.58
2783 -100.657
2784 -100.115
2785 -99.0439
2786 -98.6617
2787 -97.5866
2788 -97.172
2789 -97.9962
2790 -97.2331
2791 -96.4028
2792 -96.3799
2793 -94.0405
2794 -91.1424
2795 -92.9118
2796 -92.2099
2797 -91.1518
2798 -92.2115
2799 -90.31
2800 -90.6623
2801 -90.2484
2802 -88.7503
2803 -90.0364
2804 -90.1182
2805 -90.7962
2806 -90.2631
2807 -90.8384
2808 -90.6565
2809 -90.5688
2810 -90.0841
2811 -93.0598
2812 -91.1814
2813 -93.6973
2814 -94.1156
2815 -94.6042
2816 -95.0981
2817 -93.6823
2818 -95.5268
2819 -97.6761
2820 -98.0265
2821 -97.6368
2822 -98.862
2823 -98.8917
2824 -99.5487
2825 -99.4828
2826 -99.7858
2827 -98.9928
2828 -100.993
2829 -100.218
2830 -100.713
2831 -102.112
2832 -101.186
2833 -101.057
2834 -102.309
2835 -103.041
2836 -105.074
2837 -104.47
2838 -105.155
2839 -105.527
2840 -103.741
2841 -102.31
2842 -101.813
2843 -101.803
2844 -102.938
2845 -101.556
2846 -101.08
2847 -102.772
2848 -102.949
2849 -102.965
2850 -102.25
2851 -103.277
2852 -103.229
2853 -106.116
2854 -104.436
2855 -104.617
2856 -105.528
2857 -106.63
2858 -105.263
2859 -105.502
2860 -106.041
2861 -106.883
2862 -106.819
2863 -105.013
2864 -106.333
2865 -105.273
2866 -104.653
2867 -105.795
2868 -106.376
2869 -106.105
2870 -105.564
2871 -107.602
2872 -106.937
2873 -108.207
2874 -106.293
2875 -105.426
2876 -104.746
2877 -104.079
2878 -104.238
2879 -103.141
2880 -103.51
2881 -103.991
2882 -102.218
2883 -103.917
2884 -103.074
2885 -105.607
2886 -106.786
2887 -106.514
2888 -106.651
2889 -107.168
2890 -108.012
2891 -107.888
2892 -106.698
2893 -104.811
2894 -106.287
2895 -106.412
2896 -106.603
2897 -105.805
2898 -106.757
2899 -106.358
2900 -106.387
2901 -105.387
2902 -106.91
2903 -106.313
2904 -106.88
2905 -108.675
2906 -107.918
2907 -108.357
2908 -106.509
2909 -106.211
2910 -105.725
2911 -103.178
2912 -104.01
2913 -104.336
2914 -103.299
2915 -103.693
2916 -104.36
2917 -103.659
2918 -102.689
2919 -105.16
2920 -104.739
2921 -107.15
2922 -106.579
2923 -106.016
2924 -106.939
2925 -105.385
2926 -105.691
2927 -106.514
2928 -104.614
2929 -104.938
2930 -105.462
2931 -106.213
2932 -107.478
2933 -106.465
2934 -103.474
2935 -105.076
2936 -106.735
2937 -106.898
2938 -107.323
2939 -107.418
2940 -106.453
2941 -108.082
2942 -106.476
2943 -105.065
2944 -105.063
2945 -104.827
2946 -103.108
2947 -102.79
2948 -104.789
2949 -102.205
2950 -103.118
2951 -103.432
2952 -104.727
2953 -105.122
2954 -106.758
2955 -107.784
2956 -107.182
2957 -107.149
2958 -107.405
2959 -108.095
2960 -107.204
2961 -105.767
2962 -105.537
2963 -105.03
2964 -105.123
2965 -106.854
2966 -106.442
2967 -105.769
2968 -105.596
2969 -107.577
2970 -105.452
2971 -106.509
2972 -107.586
2973 -106.78
2974 -106.483
2975 -104.238
2976 -104.444
2977 -103.77
2978 -104.746
2979 -104.42
2980 -104.324
2981 -104.32
2982 -104.535
2983 -103.451
2984 -103.698
2985 -106.386
2986 -105.108
2987 -105.357
2988 -106.206
2989 -107.058
2990 -107.939
2991 -106.694
2992 -107.342
2993 -106.907
2994 -106.198
2995 -105.737
2996 -107.211
2997 -104.741
2998 -104.657
2999 -107.51
3000 -106.652
3001 -105.909
3002 -106.634
3003 -106.718
3004 -105.861
3005 -106.059
3006 -107.587
3007 -107.295
3008 -109.026
3009 -105.545
3010 -105.566
3011 -104.521
3012 -103.859
3013 -103.984
3014 -102.37
3015 -103.575
3016 -104.588
3017 -102.95
3018 -103.495
3019 -104.22
3020 -104.604
3021 -106.473
3022 -106.816
3023 -106.648
3024 -106.93
3025 -106.331
3026 -106.653
3027 -105.254
3028 -105.678
3029 -106.505
3030 -106.338
3031 -107.474
3032 -105.298
3033 -105.604
3034 -106.178
3035 -104.264
3036 -105.955
3037 -105.362
3038 -106.473
3039 -106.569
3040 -107.782
3041 -106.406
3042 -105.698
3043 -105.846
3044 -104.644
3045 -103.608
3046 -103.424
3047 -104.062
3048 -104.409
3049 -102.178
3050 -103.206
3051 -105.82
3052 -103.809
3053 -105.877
3054 -104.795
3055 -106.586
3056 -107.325
3057 -107.854
3058 -105.904
3059 -105.525
3060 -108.433
3061 -105.35
3062 -105.022
3063 -104.38
3064 -105.627
3065 -106.362
3066 -108.451
3067 -106.465
3068 -107.153
3069 -106.535
3070 -106.905
3071 -105.935
3072 -106.907
3073 -106.257
3074 -105.984
3075 -106.849
3076 -108.409
3077 -106.499
3078 -105.011
3079 -103.688
3080 -102.525
3081 -104.456
3082 -104.521
3083 -102.561
3084 -103.057
3085 -104.251
3086 -104.804
3087 -104.982
3088 -107.065
3089 -105.904
3090 -107.006
3091 -107.893
3092 -108.139
3093 -106.676
3094 -106.804
3095 -105.46
3096 -106.733
3097 -105.085
3098 -105.275
3099 -106.283
3100 -108.015
3101 -106.798
3102 -106.947
3103 -108.374
3104 -106.606
3105 -108.924
3106 -108.975
3107 -110.467
3108 -110.186
3109 -111.118
3110 -109.961
3111 -107.384
3112 -108.677
3113 -108.962
3114 -108.741
3115 -110.812
3116 -110.831
3117 -109.82
3118 -111.495
3119 -111.619
3120 -112.013
3121 -113.691
3122 -114.752
3123 -115.987
3124 -115.93
3125 -117.171
3126 -118.981
3127 -119.203
3128 -119.196
3129 -120.824
3130 -118.718
3131 -119.01
3132 -119.606
3133 -120.621
3134 -120.686
3135 -122.751
3136 -122.683
3137 -123.382
3138 -122.222
3139 -123.185
3140 -120.504
3141 -120.456
3142 -121.595
3143 -121.379
3144 -123.369
3145 -122.57
3146 -121.965
3147 -121.056
3148 -119.741
3149 -118.538
3150 -119.656
3151 -120.521
3152 -119.698
3153 -118.291
3154 -119.664
3155 -120.311
3156 -118.512
3157 -116.443
3158 -116.837
3159 -117.667
3160 -119.191
3161 -116.635
3162 -116.64
3163 -115.715
3164 -114.24
3165 -113.727
3166 -112.105
3167 -113.046
3168 -112.392
3169 -112.615
3170 -113.283
3171 -112.432
3172 -112.002
3173 -111.887
3174 -111.066
3175 -110.973
3176 -111.494
3177 -109.869
3178 -111.066
3179 -110.237
3180 -109.96
3181 -111.039
3182 -110.521
3183 -108.894
3184 -109.52
3185 -110.659
3186 -108.952
3187 -109.804
3188 -110.347
3189 -109.399
3190 -108.502
3191 -109.125
3192 -110.312
3193 -109.755
3194 -109.47
3195 -109.929
3196 -109.767
3197 -110.026
3198 -109.731
3199 -109.448
3200 -108.014
3201 -109.326
3202 -109.896
3203 -109.781
3204 -107.91
3205 -108.619
3206 -107.856
3207 -109.03
3208 -108.985
3209 -108.942
3210 -109.074
3211 -108.905
3212 -109.562
3213 -108.734
3214 -109.937
3215 -107.681
3216 -108.033
3217 -108.519
3218 -110.205
3219 -107.588
3220 -109.975
3221 -109.014
3222 -109.105
3223 -107.277
3224 -107.485
3225 -109.524
3226 -108.503
3227 -109.136
3228 -107.291
3229 -108.243
3230 -109.469
3231 -108.335
3232 -108.436
3233 -110.417
3234 -107.619
3235 -108.149
3236 -107.68
3237 -109.472
3238 -107.098
3239 -108.192
3240 -109.25
3241 -109.189
3242 -108.712
3243 -108.665
3244 -109.03
3245 -109.711
3246 -108.494
3247 -107.844
3248 -107.627
3249 -106.538
3250 -108.019
3251 -108.774
3252 -109.253
3253 -110.452
3254 -108.013
3255 -106.442
3256 -108.521
3257 -109.297
3258 -108.081
3259 -108.818
3260 -108.463
3261 -108.692
3262 -107.53
3263 -108.118
3264 -108.328
3265 -108.462
3266 -108.44
3267 -109.483
3268 -108.449
3269 -108.661
3270 -108.697
3271 -108.026
3272 -109.671
3273 -108.558
3274 -107.726
3275 -108.099
3276 -108.404
3277 -108.205
3278 -109.762
3279 -108.816
3280 -107.903
3281 -109.27
3282 -107.831
3283 -108.467
3284 -108.56
3285 -108.272
3286 -107.456
3287 -107.992
3288 -107.666
3289 -108.722
3290 -109.363
3291 -107.816
3292 -107.338
3293 -109.074
3294 -107.73
3295 -107.84
3296 -109.004
3297 -108.944
3298 -109.233
3299 -108.748
3300 -107.551
3301 -108.447
3302 -108.512
3303 -109.191
3304 -108.419
3305 -109.118
3306 -109.14
3307 -109.402
3308 -108.81
3309 -110.668
3310 -108.71
3311 -108.554
3312 -109.729
3313 -109.326
3314 -108.064
3315 -108.999
3316 -108.981
3317 -110.071
3318 -109.303
3319 -108.862
3320 -107.986
3321 -108.87
3322 -108.713
3323 -109.722
3324 -108.688
3325 -107.675
3326 -108.309
3327 -109.677
3328 -108.541
3329 -108.096
3330 -108.285
3331 -108.947
3332 -108.983
3333 -109.363
3334 -109.296
3335 -108.801
3336 -108.355
3337 -108.319
3338 -108.426
3339 -108.688
3340 -109.004
3341 -108.131
3342 -108.595
3343 -109.785
3344 -108.497
3345 -108.889
3346 -109.371
3347 -108.976
3348 -108.433
3349 -109.298
3350 -108.274
3351 -108.574
3352 -107.668
3353 -110.133
3354 -107.732
3355 -108.63
3356 -106.46
3357 -108.991
3358 -109.657
3359 -109.164
3360 -108.514
3361 -107.63
3362 -109.128
3363 -109.458
3364 -107.187
3365 -109.477
3366 -109.174
3367 -107.606
3368 -108.62
3369 -108.611
3370 -108.977
3371 -108.593
3372 -107.646
3373 -109.6
3374 -110.212
3375 -108.641
3376 -109.728
3377 -109.996
3378 -108.098
3379 -108.629
3380 -109.628
3381 -108.829
3382 -108.68
3383 -109.835
3384 -109.433
3385 -109.035
3386 -109.353
3387 -108.296
3388 -108.291
3389 -110.473
3390 -109.779
3391 -109.51
3392 -108.596
3393 -109.089
3394 -109.235
3395 -107.116
3396 -107.443
3397 -108.408
3398 -108.303
3399 -107.914
