0 -131.75
1 -131.75
2 -131.744
3 -131.748
4 -131.743
5 -131.748
6 -131.737
7 -131.721
8 -131.717
9 -131.705
10 -131.7
11 -131.668
12 -131.654
13 -131.66
14 -131.669
15 -131.68
16 -131.68
17 -131.696
18 -131.691
19 -131.71
20 -131.723
21 -131.748
22 -131.732
23 -131.735
24 -131.73
25 -131.71
26 -131.714
27 -131.706
28 -131.701
29 -131.718
30 -131.719
31 -132.021
32 -132.681
33 -132.789
34 -132.816
35 -132.846
36 -133.021
37 -133.472
38 -134.097
39 -134.73
40 -135.297
41 -135.733
42 -136.085
43 -136.437
44 -136.788
45 -137.218
46 -137.673
47 -138.2
48 -138.72
49 -139.195
50 -139.599
51 -139.913
52 -140.253
53 -140.654
54 -141.266
55 -142.011
56 -142.803
57 -143.542
58 -144.089
59 -144.489
60 -144.84
61 -145.282
62 -145.816
63 -146.382
64 -146.969
65 -147.551
66 -148.09
67 -148.534
68 -148.977
69 -149.434
70 -149.841
71 -150.326
72 -150.791
73 -151.237
74 -151.53
75 -151.621
76 -151.59
77 -151.516
78 -151.423
79 -151.333
80 -151.271
81 -151.29
82 -151.238
83 -151.055
84 -150.804
85 -150.468
86 -150.068
87 -149.721
88 -149.429
89 -149.175
90 -148.845
91 -148.531
92 -148.151
93 -147.748
94 -147.39
95 -147.098
96 -146.75
97 -146.289
98 -145.759
99 -145.283
100 -144.857
101 -144.485
102 -144.073
103 -143.67
104 -143.267
105 -142.939
106 -142.551
107 -142.092
108 -141.7
109 -141.331
110 -140.92
111 -140.672
112 -140.62
113 -140.693
114 -140.822
115 -140.922
116 -140.798
117 -140.561
118 -140.155
119 -139.829
120 -139.478
121 -139.153
122 -138.864
123 -138.754
124 -138.796
125 -138.955
126 -139.228
127 -139.574
128 -139.895
129 -139.988
130 -139.836
131 -139.577
132 -139.332
133 -139.136
134 -139.026
135 -138.99
136 -139.05
137 -139.117
138 -139.19
139 -139.286
140 -139.403
141 -139.371
142 -139.183
143 -139.041
144 -138.9
145 -138.701
146 -138.367
147 -138.112
148 -137.993
149 -137.999
150 -138.109
151 -138.196
152 -138.212
153 -138.265
154 -138.125
155 -137.913
156 -137.75
157 -137.611
158 -137.373
159 -137.249
160 -137.299
161 -137.533
162 -137.738
163 -137.907
164 -138.074
165 -138.053
166 -137.973
167 -137.866
168 -137.563
169 -137.238
170 -136.994
171 -136.945
172 -137.21
173 -137.59
174 -138.126
175 -138.568
176 -138.8
177 -138.848
178 -138.673
179 -138.484
180 -138.257
181 -138.094
182 -137.948
183 -137.961
184 -138.077
185 -138.28
186 -138.445
187 -138.56
188 -138.523
189 -138.471
190 -138.341
191 -138.125
192 -137.795
193 -137.482
194 -137.263
195 -137.174
196 -137.218
197 -137.419
198 -137.577
199 -137.57
200 -137.558
201 -137.417
202 -137.218
203 -137.124
204 -137.042
205 -136.901
206 -136.74
207 -136.691
208 -136.804
209 -137.022
210 -137.336
211 -137.454
212 -137.46
213 -137.47
214 -137.325
215 -137.051
216 -136.742
217 -136.488
218 -136.519
219 -136.745
220 -137.15
221 -137.724
222 -138.222
223 -138.484
224 -138.438
225 -138.214
226 -138.003
227 -137.748
228 -137.553
229 -137.437
230 -137.428
231 -137.626
232 -137.844
233 -138.082
234 -138.221
235 -138.215
236 -138.123
237 -137.967
238 -137.738
239 -137.486
240 -137.21
241 -136.975
242 -136.923
243 -137.015
244 -137.26
245 -137.408
246 -137.421
247 -137.329
248 -137.18
249 -136.955
250 -136.887
251 -136.79
252 -136.674
253 -136.564
254 -136.567
255 -136.731
256 -136.958
257 -137.21
258 -137.383
259 -137.458
260 -137.438
261 -137.269
262 -137.002
263 -136.726
264 -136.437
265 -136.451
266 -136.678
267 -137.146
268 -137.633
269 -138.039
270 -138.19
271 -138.176
272 -137.998
273 -137.875
274 -137.698
275 -137.502
276 -137.297
277 -137.319
278 -137.479
279 -137.754
280 -138.062
281 -138.272
282 -138.352
283 -138.32
284 -138.3
285 -138.213
286 -138.113
287 -137.909
288 -137.754
289 -137.646
290 -137.596
291 -137.638
292 -137.579
293 -137.471
294 -137.408
295 -137.254
296 -137.174
297 -137.208
298 -137.146
299 -137.026
300 -136.892
301 -136.92
302 -136.983
303 -137.171
304 -137.368
305 -137.494
306 -137.553
307 -137.557
308 -137.375
309 -137.09
310 -136.84
311 -136.643
312 -136.765
313 -137.064
314 -137.628
315 -138.134
316 -138.619
317 -138.617
318 -138.497
319 -138.271
320 -138.088
321 -137.774
322 -137.534
323 -137.434
324 -137.466
325 -137.651
326 -137.844
327 -138.17
328 -138.324
329 -138.332
330 -138.2
331 -138.04
332 -137.692
333 -137.389
334 -137.147
335 -137.102
336 -137.138
337 -137.236
338 -137.495
339 -137.52
340 -137.476
341 -137.349
342 -137.2
343 -136.973
344 -136.947
345 -136.853
346 -136.797
347 -136.745
348 -136.838
349 -136.964
350 -137.18
351 -137.371
352 -137.443
353 -137.546
354 -137.399
355 -137.13
356 -136.795
357 -136.503
358 -136.319
359 -136.472
360 -136.845
361 -137.383
362 -137.948
363 -138.291
364 -138.347
365 -138.15
366 -138.002
367 -137.814
368 -137.685
369 -137.525
370 -137.534
371 -137.623
372 -137.798
373 -138.053
374 -138.237
375 -138.288
376 -138.22
377 -138.151
378 -137.903
379 -137.594
380 -137.144
381 -136.972
382 -136.928
383 -136.985
384 -137.15
385 -137.332
386 -137.346
387 -137.243
388 -137.176
389 -136.935
390 -136.784
391 -136.636
392 -136.564
393 -136.461
394 -136.477
395 -136.574
396 -136.754
397 -136.967
398 -137.104
399 -137.153
400 -137.146
401 -137.033
402 -136.753
403 -136.487
404 -136.198
405 -136.093
406 -136.283
407 -136.703
408 -137.208
409 -137.714
410 -137.994
411 -137.978
412 -137.77
413 -137.49
414 -137.356
415 -137.189
416 -137.109
417 -137.112
418 -137.233
419 -137.455
420 -137.68
421 -137.805
422 -137.802
423 -137.817
424 -137.756
425 -137.575
426 -137.19
427 -136.761
428 -136.55
429 -136.557
430 -136.67
431 -136.863
432 -136.993
433 -136.927
434 -136.858
435 -136.812
436 -136.664
437 -136.567
438 -136.484
439 -136.356
440 -136.165
441 -136.125
442 -136.208
443 -136.367
444 -136.551
445 -136.676
446 -136.719
447 -136.731
448 -136.547
449 -136.333
450 -136.051
451 -135.823
452 -135.814
453 -136.084
454 -136.527
455 -137.057
456 -137.586
457 -137.867
458 -137.824
459 -137.633
460 -137.448
461 -137.199
462 -136.918
463 -136.769
464 -136.846
465 -137.029
466 -137.169
467 -137.377
468 -137.534
469 -137.549
470 -137.49
471 -137.381
472 -137.216
473 -136.849
474 -136.514
475 -136.319
476 -136.28
477 -136.297
478 -136.459
479 -136.582
480 -136.551
481 -136.5
482 -136.429
483 -136.261
484 -136.146
485 -136.025
486 -135.83
487 -135.702
488 -135.664
489 -135.768
490 -135.992
491 -136.276
492 -136.446
493 -136.478
494 -136.464
495 -136.226
496 -135.963
497 -135.62
498 -135.386
499 -135.454
500 -135.789
501 -136.296
502 -136.846
503 -137.259
504 -137.449
505 -137.309
506 -137.058
507 -136.773
508 -136.494
509 -136.238
510 -135.976
511 -135.733
512 -135.663
513 -135.684
514 -135.654
515 -135.55
516 -135.287
517 -134.92
518 -134.442
519 -133.848
520 -133.105
521 -132.343
522 -131.733
523 -131.322
524 -131.049
525 -130.87
526 -130.585
527 -130.127
528 -129.633
529 -129.16
530 -128.519
531 -127.853
532 -127.193
533 -126.551
534 -126.006
535 -125.461
536 -124.936
537 -124.408
538 -123.991
539 -123.709
540 -123.482
541 -123.245
542 -123.006
543 -122.627
544 -122.237
545 -121.769
546 -121.258
547 -120.808
548 -120.578
549 -120.527
550 -120.45
551 -120.268
552 -120.005
553 -119.648
554 -119.295
555 -119.096
556 -119.035
557 -119.098
558 -119.185
559 -119.211
560 -119.106
561 -118.965
562 -118.757
563 -118.583
564 -118.424
565 -118.194
566 -117.97
567 -117.83
568 -117.698
569 -117.62
570 -117.551
571 -117.443
572 -117.28
573 -116.859
574 -115.823
575 -114.986
576 -114.507
577 -114.059
578 -113.673
579 -113.243
580 -112.823
581 -112.463
582 -112.212
583 -112.083
584 -112.138
585 -112.225
586 -112.2
587 -112.12
588 -111.924
589 -111.705
590 -111.578
591 -111.506
592 -111.557
593 -111.58
594 -111.515
595 -111.526
596 -111.631
597 -111.826
598 -112.097
599 -112.508
600 -112.872
601 -113.194
602 -113.399
603 -113.643
604 -113.896
605 -114.279
606 -114.746
607 -115.179
608 -115.735
609 -116.352
610 -117.019
611 -117.602
612 -118.121
613 -118.55
614 -119.001
615 -119.577
616 -120.082
617 -120.632
618 -121.16
619 -121.656
620 -122.069
621 -122.504
622 -122.783
623 -122.935
624 -123.099
625 -123.237
626 -123.4
627 -123.661
628 -124.079
629 -124.463
630 -124.737
631 -124.916
632 -125.017
633 -124.996
634 -124.95
635 -125.007
636 -125.171
637 -125.558
638 -125.86
639 -126.14
640 -126.313
641 -126.467
642 -126.621
643 -126.814
644 -126.888
645 -126.756
646 -126.514
647 -126.199
648 -125.883
649 -125.612
650 -125.409
651 -125.31
652 -125.339
653 -125.42
654 -125.502
655 -125.576
656 -125.535
657 -125.422
658 -125.287
659 -125.266
660 -125.371
661 -125.613
662 -125.895
663 -126.137
664 -126.295
665 -126.522
666 -126.778
667 -126.986
668 -127.137
669 -127.224
670 -127.192
671 -127.059
672 -126.886
673 -126.732
674 -126.632
675 -126.674
676 -126.849
677 -127.244
678 -127.621
679 -127.775
680 -127.691
681 -127.465
682 -127.166
683 -126.951
684 -127.029
685 -127.264
686 -127.457
687 -127.645
688 -127.859
689 -128.058
690 -128.181
691 -128.182
692 -128.068
693 -127.823
694 -127.413
695 -127.023
696 -126.699
697 -126.447
698 -126.136
699 -126.06
700 -126.147
701 -126.213
702 -126.233
703 -126.194
704 -126.073
705 -125.921
706 -125.822
707 -125.952
708 -126.235
709 -126.537
710 -126.71
711 -126.898
712 -127.109
713 -127.322
714 -127.433
715 -127.581
716 -127.662
717 -127.653
718 -127.555
719 -127.482
720 -127.298
721 -127.08
722 -127.017
723 -127.167
724 -127.495
725 -127.804
726 -128.007
727 -128.019
728 -127.854
729 -127.54
730 -127.379
731 -127.509
732 -127.683
733 -127.853
734 -128.092
735 -128.283
736 -128.417
737 -128.55
738 -128.621
739 -128.512
740 -128.179
741 -127.821
742 -127.409
743 -127.018
744 -126.695
745 -126.436
746 -126.362
747 -126.422
748 -126.536
749 -126.651
750 -126.637
751 -126.481
752 -126.246
753 -126.121
754 -126.288
755 -126.579
756 -126.895
757 -127.102
758 -127.201
759 -127.321
760 -127.507
761 -127.646
762 -127.739
763 -127.821
764 -127.865
765 -127.887
766 -127.796
767 -127.656
768 -127.488
769 -127.455
770 -127.524
771 -127.867
772 -128.131
773 -128.278
774 -128.245
775 -128.171
776 -127.894
777 -127.706
778 -127.858
779 -128.073
780 -128.298
781 -128.476
782 -128.657
783 -128.658
784 -128.746
785 -128.698
786 -128.566
787 -128.277
788 -127.927
789 -127.582
790 -127.257
791 -126.943
792 -126.731
793 -126.727
794 -126.877
795 -127.023
796 -126.988
797 -126.938
798 -126.774
799 -126.595
800 -126.497
801 -126.653
802 -126.857
803 -127.12
804 -127.268
805 -127.435
806 -127.657
807 -127.831
808 -127.95
809 -128.021
810 -128.054
811 -127.953
812 -127.903
813 -127.772
814 -127.652
815 -127.521
816 -127.6
817 -127.808
818 -128.177
819 -128.429
820 -128.496
821 -128.377
822 -128.15
823 -127.869
824 -127.73
825 -127.999
826 -128.173
827 -128.323
828 -128.446
829 -128.621
830 -128.807
831 -128.976
832 -128.97
833 -128.787
834 -128.492
835 -128.07
836 -127.673
837 -127.302
838 -127.059
839 -126.834
840 -126.9
841 -126.989
842 -127.093
843 -127.116
844 -127.052
845 -126.893
846 -126.68
847 -126.675
848 -126.799
849 -127.104
850 -127.248
851 -127.41
852 -127.503
853 -127.701
854 -127.855
855 -127.99
856 -128.06
857 -128.119
858 -128.1
859 -128.044
860 -127.901
861 -127.709
862 -127.561
863 -127.579
864 -127.909
865 -128.26
866 -128.527
867 -128.563
868 -128.438
869 -128.219
870 -128.017
871 -128.007
872 -128.228
873 -128.368
874 -128.522
875 -128.7
876 -128.789
877 -128.874
878 -128.992
879 -129.046
880 -128.872
881 -128.526
882 -128.158
883 -127.811
884 -127.469
885 -127.163
886 -126.985
887 -127.076
888 -127.292
889 -127.404
890 -127.495
891 -127.373
892 -127.117
893 -126.89
894 -126.907
895 -127.069
896 -127.287
897 -127.506
898 -127.677
899 -127.799
900 -127.942
901 -128.104
902 -128.217
903 -128.228
904 -128.241
905 -128.284
906 -128.2
907 -128.041
908 -127.81
909 -127.675
910 -127.765
911 -128.098
912 -128.495
913 -128.735
914 -128.776
915 -128.615
916 -128.417
917 -128.059
918 -128.089
919 -128.33
920 -128.491
921 -128.552
922 -128.707
923 -128.867
924 -128.989
925 -129.014
926 -128.966
927 -128.77
928 -128.454
929 -128.152
930 -127.836
931 -127.571
932 -127.239
933 -127.116
934 -127.1
935 -127.328
936 -127.485
937 -127.526
938 -127.355
939 -127.175
940 -127.027
941 -127.056
942 -127.23
943 -127.456
944 -127.634
945 -127.78
946 -127.972
947 -128.165
948 -128.339
949 -128.426
950 -128.514
951 -128.555
952 -128.556
953 -128.438
954 -128.33
955 -128.113
956 -128.028
957 -128.146
958 -128.458
959 -128.761
960 -128.883
961 -128.821
962 -128.642
963 -128.424
964 -128.256
965 -128.362
966 -128.557
967 -128.726
968 -128.879
969 -129.094
970 -129.26
971 -129.383
972 -129.49
973 -129.443
974 -129.159
975 -128.811
976 -128.479
977 -128.217
978 -127.836
979 -127.522
980 -127.358
981 -127.438
982 -127.554
983 -127.7
984 -127.706
985 -127.551
986 -127.3
987 -127.203
988 -127.302
989 -127.6
990 -127.831
991 -127.972
992 -128.083
993 -128.166
994 -128.341
995 -128.519
996 -128.621
997 -128.589
998 -128.55
999 -128.432
1000 -128.327
1001 -128.151
1002 -128.011
1003 -128
1004 -128.273
1005 -128.629
1006 -129.004
1007 -129.1
1008 -129.114
1009 -128.83
1010 -128.513
1011 -128.284
1012 -128.474
1013 -128.678
1014 -128.854
1015 -129.015
1016 -129.246
1017 -129.548
1018 -129.783
1019 -129.969
1020 -130.01
1021 -129.963
1022 -129.865
1023 -129.828
1024 -129.753
1025 -129.766
1026 -129.84
1027 -130.175
1028 -130.63
1029 -131.223
1030 -131.73
1031 -132.104
1032 -132.313
1033 -132.454
1034 -132.674
1035 -133.18
1036 -133.773
1037 -134.405
1038 -134.854
1039 -135.4
1040 -135.985
1041 -136.634
1042 -137.326
1043 -137.96
1044 -138.507
1045 -138.946
1046 -139.331
1047 -139.647
1048 -139.923
1049 -140.019
1050 -140.211
1051 -140.443
1052 -140.932
1053 -141.536
1054 -142.216
1055 -142.837
1056 -143.353
1057 -143.713
1058 -144.014
1059 -144.167
1060 -144.277
1061 -144.317
1062 -144.26
1063 -144.249
1064 -144.35
1065 -144.564
1066 -144.895
1067 -145.249
1068 -145.654
1069 -145.907
1070 -146.083
1071 -146.079
1072 -146.053
1073 -146.079
1074 -146.235
1075 -146.544
1076 -146.915
1077 -147.287
1078 -147.543
1079 -147.704
1080 -147.788
1081 -147.759
1082 -147.759
1083 -147.807
1084 -148.557
1085 -149.404
1086 -149.863
1087 -150.278
1088 -150.779
1089 -151.343
1090 -151.858
1091 -152.157
1092 -152.172
1093 -152.047
1094 -151.849
1095 -151.774
1096 -151.818
1097 -152.05
1098 -152.269
1099 -152.585
1100 -152.714
1101 -152.75
1102 -152.524
1103 -152.306
1104 -152.046
1105 -151.86
1106 -151.698
1107 -151.646
1108 -151.582
1109 -151.523
1110 -151.381
1111 -151.09
1112 -150.707
1113 -150.212
1114 -149.641
1115 -148.967
1116 -148.327
1117 -147.832
1118 -147.329
1119 -146.936
1120 -146.397
1121 -145.814
1122 -145.18
1123 -144.603
1124 -144.008
1125 -143.413
1126 -143.013
1127 -142.715
1128 -142.481
1129 -142.184
1130 -141.802
1131 -141.44
1132 -141.159
1133 -140.98
1134 -140.92
1135 -140.903
1136 -140.848
1137 -140.538
1138 -140.214
1139 -139.874
1140 -139.44
1141 -139.039
1142 -138.753
1143 -138.578
1144 -138.591
1145 -138.762
1146 -139.045
1147 -139.347
1148 -139.479
1149 -139.49
1150 -139.36
1151 -139.215
1152 -138.954
1153 -138.768
1154 -138.592
1155 -138.517
1156 -138.377
1157 -138.345
1158 -138.355
1159 -138.525
1160 -138.648
1161 -138.76
1162 -138.647
1163 -138.549
1164 -138.408
1165 -138.188
1166 -137.88
1167 -137.568
1168 -137.38
1169 -137.368
1170 -137.441
1171 -137.484
1172 -137.5
1173 -137.4
1174 -137.389
1175 -137.198
1176 -137.075
1177 -136.934
1178 -136.863
1179 -136.697
1180 -136.616
1181 -136.58
1182 -136.662
1183 -136.83
1184 -137.124
1185 -137.258
1186 -137.28
1187 -137.223
1188 -136.997
1189 -136.726
1190 -136.423
1191 -136.257
1192 -136.259
1193 -136.487
1194 -136.905
1195 -137.456
1196 -137.889
1197 -138.108
1198 -137.994
1199 -137.793
1200 -137.537
1201 -137.313
1202 -137.154
1203 -137.094
1204 -137.15
1205 -137.314
1206 -137.576
1207 -137.762
1208 -137.919
1209 -137.898
1210 -137.764
1211 -137.547
1212 -137.311
1213 -137.05
1214 -136.797
1215 -136.682
1216 -136.722
1217 -136.806
1218 -136.951
1219 -137.086
1220 -137.1
1221 -136.997
1222 -136.688
1223 -136.436
1224 -136.262
1225 -136.085
1226 -135.921
1227 -136.031
1228 -136.235
1229 -136.475
1230 -136.708
1231 -136.878
1232 -136.873
1233 -136.73
1234 -136.563
1235 -136.31
1236 -136.03
1237 -135.859
1238 -135.791
1239 -135.884
1240 -136.114
1241 -136.579
1242 -137.141
1243 -137.552
1244 -137.645
1245 -137.591
1246 -137.375
1247 -137.17
1248 -136.923
1249 -136.777
1250 -136.741
1251 -136.832
1252 -137.061
1253 -137.313
1254 -137.488
1255 -137.597
1256 -137.552
1257 -137.448
1258 -137.299
1259 -137.084
1260 -136.778
1261 -136.425
1262 -136.287
1263 -136.278
1264 -136.414
1265 -136.653
1266 -136.778
1267 -136.865
1268 -136.878
1269 -136.545
1270 -136.181
1271 -135.963
1272 -135.849
1273 -135.823
1274 -135.856
1275 -136.125
1276 -136.363
1277 -136.649
1278 -136.765
1279 -136.741
1280 -136.608
1281 -136.423
1282 -136.095
1283 -135.84
1284 -135.663
1285 -135.582
1286 -135.82
1287 -136.179
1288 -136.614
1289 -137.081
1290 -137.388
1291 -137.431
1292 -137.331
1293 -137.059
1294 -136.833
1295 -136.665
1296 -136.526
1297 -136.49
1298 -136.59
1299 -136.828
1300 -137.084
1301 -137.304
1302 -137.401
1303 -137.413
1304 -137.207
1305 -137.079
1306 -136.854
1307 -136.632
1308 -136.273
1309 -136.131
1310 -136.107
1311 -136.249
1312 -136.518
1313 -136.651
1314 -136.718
1315 -136.577
1316 -136.237
1317 -135.919
1318 -135.779
1319 -135.619
1320 -135.524
1321 -135.566
1322 -135.751
1323 -135.969
1324 -136.219
1325 -136.377
1326 -136.327
1327 -136.264
1328 -136.077
1329 -135.87
1330 -135.552
1331 -135.358
1332 -135.245
1333 -135.498
1334 -135.86
1335 -136.453
1336 -136.964
1337 -137.211
1338 -137.204
1339 -136.96
1340 -136.767
1341 -136.562
1342 -136.409
1343 -136.279
1344 -136.266
1345 -136.288
1346 -136.504
1347 -136.723
1348 -136.941
1349 -137.044
1350 -137.034
1351 -136.931
1352 -136.81
1353 -136.602
1354 -136.283
1355 -136.109
1356 -135.975
1357 -136.019
1358 -136.073
1359 -136.259
1360 -136.3
1361 -136.378
1362 -136.246
1363 -136.004
1364 -135.817
1365 -135.74
1366 -135.692
1367 -135.572
1368 -135.633
1369 -135.763
1370 -135.978
1371 -136.211
1372 -136.33
1373 -136.29
1374 -136.234
1375 -136.016
1376 -135.781
1377 -135.46
1378 -135.193
1379 -135.108
1380 -135.318
1381 -135.764
1382 -136.304
1383 -136.873
1384 -137.097
1385 -137.12
1386 -136.834
1387 -136.614
1388 -136.461
1389 -136.315
1390 -136.231
1391 -136.27
1392 -136.394
1393 -136.623
1394 -136.848
1395 -136.971
1396 -136.975
1397 -136.837
1398 -136.746
1399 -136.569
1400 -136.218
1401 -135.851
1402 -135.644
1403 -135.591
1404 -135.682
1405 -135.879
1406 -136.019
1407 -136.006
1408 -136.001
1409 -135.945
1410 -135.662
1411 -135.553
1412 -135.414
1413 -135.335
1414 -135.25
1415 -135.27
1416 -135.368
1417 -135.535
1418 -135.729
1419 -135.841
1420 -135.876
1421 -135.78
1422 -135.599
1423 -135.291
1424 -135.023
1425 -134.807
1426 -134.794
1427 -135.049
1428 -135.505
1429 -136.066
1430 -136.544
1431 -136.822
1432 -136.774
1433 -136.557
1434 -136.29
1435 -136.128
1436 -136.048
1437 -135.953
1438 -135.911
1439 -136.043
1440 -136.257
1441 -136.507
1442 -136.66
1443 -136.76
1444 -136.681
1445 -136.552
1446 -136.354
1447 -136.031
1448 -135.671
1449 -135.474
1450 -135.44
1451 -135.583
1452 -135.76
1453 -135.807
1454 -135.772
1455 -135.767
1456 -135.638
1457 -135.476
1458 -135.42
1459 -135.333
1460 -135.199
1461 -135.04
1462 -135.045
1463 -135.097
1464 -135.287
1465 -135.438
1466 -135.533
1467 -135.498
1468 -135.402
1469 -135.188
1470 -134.967
1471 -134.702
1472 -134.442
1473 -134.558
1474 -134.914
1475 -135.447
1476 -136.038
1477 -136.495
1478 -136.622
1479 -136.503
1480 -136.263
1481 -136.092
1482 -135.861
1483 -135.723
1484 -135.667
1485 -135.787
1486 -135.996
1487 -136.214
1488 -136.365
1489 -136.421
1490 -136.359
1491 -136.266
1492 -136.183
1493 -136.01
1494 -135.671
1495 -135.321
1496 -135.07
1497 -135
1498 -135.064
1499 -135.256
1500 -135.367
1501 -135.354
1502 -135.332
1503 -135.144
1504 -134.993
1505 -134.938
1506 -134.858
1507 -134.743
1508 -134.663
1509 -134.685
1510 -134.782
1511 -134.974
1512 -135.124
1513 -135.239
1514 -135.305
1515 -135.248
1516 -135.023
1517 -134.757
1518 -134.45
1519 -134.299
1520 -134.424
1521 -134.81
1522 -135.347
1523 -135.951
1524 -136.359
1525 -136.428
1526 -136.253
1527 -135.975
1528 -135.672
1529 -135.336
1530 -135.047
1531 -134.819
1532 -134.633
1533 -134.632
1534 -134.649
1535 -134.602
1536 -134.413
1537 -134.081
1538 -133.688
1539 -133.146
1540 -132.578
1541 -131.883
1542 -131.197
1543 -130.643
1544 -130.289
1545 -130.13
1546 -129.974
1547 -129.633
1548 -129.167
1549 -128.792
1550 -128.236
1551 -127.572
1552 -126.905
1553 -126.266
1554 -125.619
1555 -125.017
1556 -124.513
1557 -124.034
1558 -123.612
1559 -123.237
1560 -122.914
1561 -122.745
1562 -122.653
1563 -122.486
1564 -122.216
1565 -121.858
1566 -121.338
1567 -120.884
1568 -120.415
1569 -119.92
1570 -119.583
1571 -119.372
1572 -119.276
1573 -119.174
1574 -119.067
1575 -118.883
1576 -118.662
1577 -118.459
1578 -118.314
1579 -118.256
1580 -118.277
1581 -118.251
1582 -118.218
1583 -118.09
1584 -117.952
1585 -117.789
1586 -117.618
1587 -117.459
1588 -117.306
1589 -117.14
1590 -116.96
1591 -116.748
1592 -116.555
1593 -116.337
1594 -115.723
1595 -114.679
1596 -114.242
1597 -114.005
1598 -113.756
1599 -113.33
1600 -112.723
1601 -112.059
1602 -111.529
1603 -111.317
1604 -111.402
1605 -111.657
1606 -111.835
1607 -111.846
1608 -111.749
1609 -111.487
1610 -111.305
1611 -111.218
1612 -111.128
1613 -111.061
1614 -111.001
1615 -110.99
1616 -111.109
1617 -111.353
1618 -111.633
1619 -111.967
1620 -112.327
1621 -112.528
1622 -112.752
1623 -113.002
1624 -113.308
1625 -113.714
1626 -114.14
1627 -114.522
1628 -115.033
1629 -115.616
1630 -116.208
1631 -116.888
1632 -117.398
1633 -117.862
1634 -118.242
1635 -118.743
1636 -119.301
1637 -119.857
1638 -120.416
1639 -120.904
1640 -121.312
1641 -121.748
1642 -122.105
1643 -122.359
1644 -122.595
1645 -122.774
1646 -122.929
1647 -123.123
1648 -123.36
1649 -123.74
1650 -124.072
1651 -124.393
1652 -124.59
1653 -124.68
1654 -124.648
1655 -124.601
1656 -124.73
1657 -124.927
1658 -125.216
1659 -125.502
1660 -125.771
1661 -125.896
1662 -126.004
1663 -126.198
1664 -126.391
1665 -126.434
1666 -126.342
1667 -126.153
1668 -125.89
1669 -125.729
1670 -125.437
1671 -125.273
1672 -125.064
1673 -125.002
1674 -125.082
1675 -125.19
1676 -125.203
1677 -125.142
1678 -125.055
1679 -124.942
1680 -124.931
1681 -125.116
1682 -125.443
1683 -125.653
1684 -125.802
1685 -125.913
1686 -126.1
1687 -126.346
1688 -126.511
1689 -126.676
1690 -126.79
1691 -126.74
1692 -126.629
1693 -126.493
1694 -126.336
1695 -126.22
1696 -126.266
1697 -126.557
1698 -126.939
1699 -127.214
1700 -127.348
1701 -127.315
1702 -127.117
1703 -126.854
1704 -126.702
1705 -126.819
1706 -127.04
1707 -127.169
1708 -127.405
1709 -127.56
1710 -127.709
1711 -127.757
1712 -127.778
1713 -127.639
1714 -127.363
1715 -127.034
1716 -126.727
1717 -126.432
1718 -126.13
1719 -125.862
1720 -125.714
1721 -125.786
1722 -125.899
1723 -126.018
1724 -126.004
1725 -125.894
1726 -125.696
1727 -125.605
1728 -125.718
1729 -125.917
1730 -126.105
1731 -126.345
1732 -126.594
1733 -126.827
1734 -127.079
1735 -127.17
1736 -127.229
1737 -127.159
1738 -127.106
1739 -127.015
1740 -126.964
1741 -126.822
1742 -126.721
1743 -126.775
1744 -127.039
1745 -127.433
1746 -127.782
1747 -127.967
1748 -127.861
1749 -127.625
1750 -127.227
1751 -127.1
1752 -127.205
1753 -127.338
1754 -127.483
1755 -127.688
1756 -127.847
1757 -127.983
1758 -128.117
1759 -128.08
1760 -127.919
1761 -127.561
1762 -127.209
1763 -126.923
1764 -126.622
1765 -126.342
1766 -126.208
1767 -126.15
1768 -126.209
1769 -126.323
1770 -126.37
1771 -126.338
1772 -126.183
1773 -126.041
1774 -125.993
1775 -126.128
1776 -126.345
1777 -126.518
1778 -126.666
1779 -126.79
1780 -127.026
1781 -127.308
1782 -127.517
1783 -127.55
1784 -127.558
1785 -127.496
1786 -127.461
1787 -127.362
1788 -127.277
1789 -127.104
1790 -127.06
1791 -127.313
1792 -127.648
1793 -127.97
1794 -128.119
1795 -128.071
1796 -127.869
1797 -127.553
1798 -127.493
1799 -127.657
1800 -127.812
1801 -127.887
1802 -128.017
1803 -128.183
1804 -128.341
1805 -128.446
1806 -128.436
1807 -128.254
1808 -127.957
1809 -127.621
1810 -127.301
1811 -127.012
1812 -126.685
1813 -126.47
1814 -126.44
1815 -126.532
1816 -126.654
1817 -126.704
1818 -126.605
1819 -126.475
1820 -126.283
1821 -126.298
1822 -126.459
1823 -126.734
1824 -126.902
1825 -127.012
1826 -127.239
1827 -127.444
1828 -127.588
1829 -127.658
1830 -127.755
1831 -127.775
1832 -127.707
1833 -127.614
1834 -127.513
1835 -127.385
1836 -127.275
1837 -127.342
1838 -127.609
1839 -127.946
1840 -128.198
1841 -128.3
1842 -128.185
1843 -127.941
1844 -127.59
1845 -127.547
1846 -127.735
1847 -127.964
1848 -128.133
1849 -128.301
1850 -128.455
1851 -128.592
1852 -128.701
1853 -128.647
1854 -128.43
1855 -128.041
1856 -127.705
1857 -127.431
1858 -127.168
1859 -126.86
1860 -126.689
1861 -126.689
1862 -126.805
1863 -126.877
1864 -126.908
1865 -126.824
1866 -126.508
1867 -126.317
1868 -126.327
1869 -126.574
1870 -126.881
1871 -127.149
1872 -127.287
1873 -127.415
1874 -127.549
1875 -127.709
1876 -127.83
1877 -127.873
1878 -127.905
1879 -127.87
1880 -127.845
1881 -127.722
1882 -127.549
1883 -127.333
1884 -127.417
1885 -127.689
1886 -128.092
1887 -128.352
1888 -128.441
1889 -128.296
1890 -128.023
1891 -127.744
1892 -127.75
1893 -127.888
1894 -128.046
1895 -128.223
1896 -128.417
1897 -128.599
1898 -128.728
1899 -128.84
1900 -128.745
1901 -128.475
1902 -128.107
1903 -127.807
1904 -127.485
1905 -127.231
1906 -126.968
1907 -126.845
1908 -126.887
1909 -127.058
1910 -127.199
1911 -127.217
1912 -127.117
1913 -126.889
1914 -126.63
1915 -126.653
1916 -126.865
1917 -127.174
1918 -127.333
1919 -127.523
1920 -127.67
1921 -127.884
1922 -128.029
1923 -128.149
1924 -128.139
1925 -128.13
1926 -128.008
1927 -127.922
1928 -127.842
1929 -127.69
1930 -127.634
1931 -127.745
1932 -128.078
1933 -128.421
1934 -128.657
1935 -128.732
1936 -128.611
1937 -128.281
1938 -127.956
1939 -127.919
1940 -128.126
1941 -128.31
1942 -128.484
1943 -128.655
1944 -128.76
1945 -128.85
1946 -128.952
1947 -128.85
1948 -128.59
1949 -128.231
1950 -127.954
1951 -127.679
1952 -127.358
1953 -127.138
1954 -127.029
1955 -127.102
1956 -127.245
1957 -127.37
1958 -127.402
1959 -127.296
1960 -127.027
1961 -126.873
1962 -126.923
1963 -127.115
1964 -127.374
1965 -127.545
1966 -127.693
1967 -127.852
1968 -128.039
1969 -128.258
1970 -128.32
1971 -128.339
1972 -128.277
1973 -128.195
1974 -128.081
1975 -128.029
1976 -127.968
1977 -127.865
1978 -127.96
1979 -128.248
1980 -128.618
1981 -128.79
1982 -128.794
1983 -128.57
1984 -128.263
1985 -128.072
1986 -128.211
1987 -128.41
1988 -128.562
1989 -128.721
1990 -128.872
1991 -129.013
1992 -129.137
1993 -129.178
1994 -129.05
1995 -128.798
1996 -128.485
1997 -128.184
1998 -127.867
1999 -127.59
2000 -127.26
2001 -127.196
2002 -127.3
2003 -127.483
2004 -127.563
2005 -127.53
2006 -127.417
2007 -127.235
2008 -127.176
2009 -127.285
2010 -127.507
2011 -127.664
2012 -127.799
2013 -127.986
2014 -128.166
2015 -128.33
2016 -128.43
2017 -128.475
2018 -128.503
2019 -128.393
2020 -128.338
2021 -128.267
2022 -128.101
2023 -127.958
2024 -127.955
2025 -128.169
2026 -128.524
2027 -128.867
2028 -129.118
2029 -129.069
2030 -128.816
2031 -128.458
2032 -128.333
2033 -128.458
2034 -128.575
2035 -128.735
2036 -128.959
2037 -129.215
2038 -129.455
2039 -129.839
2040 -129.956
2041 -129.935
2042 -129.835
2043 -129.757
2044 -129.68
2045 -129.682
2046 -129.653
2047 -129.785
2048 -130.161
2049 -130.705
2050 -131.236
2051 -131.674
2052 -131.975
2053 -132.174
2054 -132.363
2055 -132.614
2056 -133.139
2057 -133.702
2058 -134.325
2059 -134.873
2060 -135.48
2061 -136.111
2062 -136.763
2063 -137.379
2064 -137.953
2065 -138.471
2066 -138.952
2067 -139.303
2068 -139.563
2069 -139.738
2070 -139.87
2071 -140.014
2072 -140.395
2073 -140.934
2074 -141.504
2075 -142.15
2076 -142.632
2077 -143.074
2078 -143.49
2079 -143.854
2080 -144.15
2081 -144.311
2082 -144.294
2083 -144.225
2084 -144.235
2085 -144.395
2086 -144.594
2087 -144.826
2088 -145.058
2089 -145.248
2090 -145.416
2091 -145.568
2092 -145.631
2093 -145.772
2094 -145.89
2095 -146.065
2096 -146.336
2097 -146.567
2098 -146.765
2099 -146.918
2100 -147.051
2101 -147.222
2102 -147.406
2103 -147.554
2104 -147.891
2105 -148.756
2106 -149.353
2107 -149.582
2108 -149.843
2109 -150.263
2110 -150.898
2111 -151.49
2112 -151.855
2113 -151.911
2114 -151.697
2115 -151.423
2116 -151.233
2117 -151.254
2118 -151.383
2119 -151.605
2120 -151.869
2121 -152.004
2122 -152.075
2123 -152.028
2124 -151.987
2125 -151.797
2126 -151.609
2127 -151.452
2128 -151.214
2129 -150.987
2130 -150.84
2131 -150.711
2132 -150.536
2133 -150.221
2134 -149.684
2135 -149.101
2136 -148.463
2137 -147.895
2138 -147.433
2139 -146.945
2140 -146.497
2141 -146.04
2142 -145.554
2143 -145.01
2144 -144.382
2145 -143.706
2146 -143.121
2147 -142.676
2148 -142.341
2149 -142.028
2150 -141.731
2151 -141.346
2152 -141.014
2153 -140.796
2154 -140.685
2155 -140.687
2156 -140.685
2157 -140.435
2158 -140.128
2159 -139.82
2160 -139.556
2161 -139.217
2162 -138.84
2163 -138.54
2164 -138.384
2165 -138.359
2166 -138.485
2167 -138.759
2168 -139.025
2169 -139.154
2170 -139.121
2171 -138.98
2172 -138.713
2173 -138.463
2174 -138.267
2175 -138.101
2176 -137.967
2177 -137.893
2178 -138.009
2179 -138.09
2180 -138.195
2181 -138.312
2182 -138.347
2183 -138.303
2184 -138.197
2185 -138.031
2186 -137.86
2187 -137.578
2188 -137.334
2189 -137.164
2190 -137.092
2191 -137.168
2192 -137.258
2193 -137.291
2194 -137.178
2195 -137.118
2196 -136.865
2197 -136.627
2198 -136.422
2199 -136.295
2200 -136.175
2201 -136.175
2202 -136.278
2203 -136.5
2204 -136.694
2205 -136.839
2206 -136.907
2207 -136.849
2208 -136.639
2209 -136.303
2210 -136.096
2211 -135.874
2212 -135.814
2213 -135.879
2214 -136.232
2215 -136.642
2216 -137.128
2217 -137.529
2218 -137.725
2219 -137.638
2220 -137.452
2221 -137.227
2222 -137.014
2223 -136.799
2224 -136.727
2225 -136.81
2226 -137.01
2227 -137.161
2228 -137.271
2229 -137.419
2230 -137.423
2231 -137.34
2232 -137.259
2233 -137.11
2234 -136.763
2235 -136.497
2236 -136.352
2237 -136.338
2238 -136.427
2239 -136.674
2240 -136.76
2241 -136.78
2242 -136.634
2243 -136.325
2244 -136.012
2245 -135.859
2246 -135.696
2247 -135.64
2248 -135.678
2249 -135.906
2250 -136.209
2251 -136.473
2252 -136.568
2253 -136.496
2254 -136.331
2255 -136.089
2256 -135.813
2257 -135.589
2258 -135.408
2259 -135.265
2260 -135.483
2261 -135.825
2262 -136.356
2263 -136.899
2264 -137.312
2265 -137.373
2266 -137.29
2267 -136.951
2268 -136.699
2269 -136.434
2270 -136.221
2271 -136.238
2272 -136.388
2273 -136.625
2274 -136.841
2275 -137.079
2276 -137.13
2277 -137.076
2278 -136.958
2279 -136.904
2280 -136.682
2281 -136.39
2282 -136.124
2283 -136.054
2284 -136.024
2285 -136.16
2286 -136.373
2287 -136.492
2288 -136.468
2289 -136.334
2290 -136.051
2291 -135.816
2292 -135.682
2293 -135.552
2294 -135.432
2295 -135.461
2296 -135.659
2297 -135.916
2298 -136.161
2299 -136.239
2300 -136.237
2301 -136.152
2302 -135.903
2303 -135.578
2304 -135.359
2305 -135.114
2306 -135.039
2307 -135.234
2308 -135.652
2309 -136.186
2310 -136.687
2311 -136.964
2312 -137
2313 -136.83
2314 -136.607
2315 -136.409
2316 -136.245
2317 -136.158
2318 -136.158
2319 -136.328
2320 -136.539
2321 -136.773
2322 -136.944
2323 -136.996
2324 -136.88
2325 -136.763
2326 -136.651
2327 -136.437
2328 -136.175
2329 -135.873
2330 -135.799
2331 -135.796
2332 -135.956
2333 -136.019
2334 -136.021
2335 -135.966
2336 -135.875
2337 -135.662
2338 -135.619
2339 -135.579
2340 -135.512
2341 -135.403
2342 -135.374
2343 -135.471
2344 -135.596
2345 -135.767
2346 -135.881
2347 -135.95
2348 -135.858
2349 -135.638
2350 -135.35
2351 -135.103
2352 -134.86
2353 -134.834
2354 -135.13
2355 -135.626
2356 -136.2
2357 -136.701
2358 -136.938
2359 -136.919
2360 -136.668
2361 -136.458
2362 -136.285
2363 -136.076
2364 -135.941
2365 -135.935
2366 -136.044
2367 -136.194
2368 -136.448
2369 -136.66
2370 -136.742
2371 -136.664
2372 -136.569
2373 -136.459
2374 -136.224
2375 -135.941
2376 -135.773
2377 -135.645
2378 -135.581
2379 -135.729
2380 -135.823
2381 -135.831
2382 -135.754
2383 -135.589
2384 -135.451
2385 -135.435
2386 -135.434
2387 -135.418
2388 -135.348
2389 -135.27
2390 -135.307
2391 -135.469
2392 -135.727
2393 -135.843
2394 -135.838
2395 -135.716
2396 -135.448
2397 -135.148
2398 -134.855
2399 -134.672
2400 -134.68
2401 -134.964
2402 -135.49
2403 -136.076
2404 -136.491
2405 -136.696
2406 -136.535
2407 -136.304
2408 -136.083
2409 -135.934
2410 -135.778
2411 -135.677
2412 -135.773
2413 -135.954
2414 -136.191
2415 -136.412
2416 -136.571
2417 -136.525
2418 -136.399
2419 -136.243
2420 -136.103
2421 -135.801
2422 -135.432
2423 -135.208
2424 -135.17
2425 -135.241
2426 -135.415
2427 -135.5
2428 -135.468
2429 -135.478
2430 -135.3
2431 -135.119
2432 -135.033
2433 -135.038
2434 -134.903
2435 -134.863
2436 -134.906
2437 -135.007
2438 -135.161
2439 -135.301
2440 -135.37
2441 -135.356
2442 -135.226
2443 -134.983
2444 -134.744
2445 -134.532
2446 -134.318
2447 -134.357
2448 -134.73
2449 -135.255
2450 -135.756
2451 -136.164
2452 -136.328
2453 -136.269
2454 -136.08
2455 -135.902
2456 -135.746
2457 -135.605
2458 -135.529
2459 -135.557
2460 -135.736
2461 -135.944
2462 -136.09
2463 -136.217
2464 -136.208
2465 -136.107
2466 -135.979
2467 -135.762
2468 -135.477
2469 -135.212
2470 -135.056
2471 -135.014
2472 -135.04
2473 -135.253
2474 -135.237
2475 -135.262
2476 -135.262
2477 -135.091
2478 -134.958
2479 -134.891
2480 -134.837
2481 -134.708
2482 -134.566
2483 -134.525
2484 -134.717
2485 -134.896
2486 -134.978
2487 -134.981
2488 -134.955
2489 -134.834
2490 -134.629
2491 -134.438
2492 -134.246
2493 -134.034
2494 -134.179
2495 -134.535
2496 -135.068
2497 -135.684
2498 -136.078
2499 -136.17
2500 -135.973
2501 -135.707
2502 -135.591
2503 -135.435
2504 -135.289
2505 -135.199
2506 -135.323
2507 -135.503
2508 -135.68
2509 -135.873
2510 -135.981
2511 -135.931
2512 -135.822
2513 -135.694
2514 -135.448
2515 -135.08
2516 -134.733
2517 -134.58
2518 -134.561
2519 -134.596
2520 -134.826
2521 -134.918
2522 -134.966
2523 -134.873
2524 -134.713
2525 -134.587
2526 -134.524
2527 -134.402
2528 -134.279
2529 -134.249
2530 -134.26
2531 -134.418
2532 -134.65
2533 -134.876
2534 -134.941
2535 -134.93
2536 -134.716
2537 -134.446
2538 -134.18
2539 -133.899
2540 -133.813
2541 -134.001
2542 -134.434
2543 -135.015
2544 -135.544
2545 -135.836
2546 -135.89
2547 -135.71
2548 -135.404
2549 -135.147
2550 -134.869
2551 -134.547
2552 -134.287
2553 -134.174
2554 -134.187
2555 -134.135
2556 -134.058
2557 -133.872
2558 -133.542
2559 -133.097
2560 -132.628
2561 -132.039
2562 -131.336
2563 -130.637
2564 -130.052
2565 -129.671
2566 -129.425
2567 -129.22
2568 -128.851
2569 -128.464
2570 -128.078
2571 -127.523
2572 -126.959
2573 -126.387
2574 -125.841
2575 -125.28
2576 -124.724
2577 -124.091
2578 -123.569
2579 -123.186
2580 -122.864
2581 -122.561
2582 -122.247
2583 -121.949
2584 -121.637
2585 -121.349
2586 -120.945
2587 -120.352
2588 -119.789
2589 -119.415
2590 -119.286
2591 -119.265
2592 -119.205
2593 -119.066
2594 -118.803
2595 -118.559
2596 -118.436
2597 -118.438
2598 -118.484
2599 -118.447
2600 -118.334
2601 -118.116
2602 -117.866
2603 -117.649
2604 -117.43
2605 -117.299
2606 -117.202
2607 -117.1
2608 -117.068
2609 -116.956
2610 -116.862
2611 -116.7
2612 -116.524
2613 -116.327
2614 -116.133
2615 -115.295
2616 -114.432
2617 -114.067
2618 -113.88
2619 -113.68
2620 -113.175
2621 -112.497
2622 -111.798
2623 -111.27
2624 -110.993
2625 -111.045
2626 -111.277
2627 -111.45
2628 -111.536
2629 -111.487
2630 -111.263
2631 -111.045
2632 -110.879
2633 -110.88
2634 -110.989
2635 -111.127
2636 -111.149
2637 -111.185
2638 -111.21
2639 -111.315
2640 -111.678
2641 -112.18
2642 -112.68
2643 -113.02
2644 -113.144
2645 -113.193
2646 -113.408
2647 -113.812
2648 -114.45
2649 -115.101
2650 -115.698
2651 -116.235
2652 -116.874
2653 -117.54
2654 -118.125
2655 -118.532
2656 -118.886
2657 -119.305
2658 -119.836
2659 -120.432
2660 -121.001
2661 -121.39
2662 -121.749
2663 -121.998
2664 -122.263
2665 -122.528
2666 -122.752
2667 -122.901
2668 -123.074
2669 -123.387
2670 -123.797
2671 -124.176
2672 -124.461
2673 -124.656
2674 -124.628
2675 -124.574
2676 -124.553
2677 -124.663
2678 -124.89
2679 -125.255
2680 -125.544
2681 -125.699
2682 -125.86
2683 -126.045
2684 -126.22
2685 -126.387
2686 -126.435
2687 -126.365
2688 -126.078
2689 -125.749
2690 -125.508
2691 -125.308
2692 -125.023
2693 -124.92
2694 -124.955
2695 -125.053
2696 -125.151
2697 -125.177
2698 -125.166
2699 -124.967
2700 -124.892
2701 -124.952
2702 -125.177
2703 -125.327
2704 -125.574
2705 -125.808
2706 -125.984
2707 -126.196
2708 -126.419
2709 -126.61
2710 -126.64
2711 -126.663
2712 -126.647
2713 -126.587
2714 -126.464
2715 -126.335
2716 -126.223
2717 -126.229
2718 -126.507
2719 -126.946
2720 -127.275
2721 -127.349
2722 -127.21
2723 -126.983
2724 -126.682
2725 -126.654
2726 -126.798
2727 -126.938
2728 -127
2729 -127.149
2730 -127.309
2731 -127.49
2732 -127.68
2733 -127.755
2734 -127.658
2735 -127.366
2736 -126.968
2737 -126.561
2738 -126.281
2739 -125.909
2740 -125.71
2741 -125.65
2742 -125.862
2743 -125.968
2744 -125.993
2745 -125.954
2746 -125.762
2747 -125.523
2748 -125.385
2749 -125.558
2750 -125.873
2751 -126.167
2752 -126.462
2753 -126.784
2754 -127.034
2755 -127.266
2756 -127.417
2757 -127.408
2758 -127.321
2759 -127.169
2760 -127.047
2761 -126.858
2762 -126.711
2763 -126.605
2764 -126.733
2765 -127.004
2766 -127.369
2767 -127.736
2768 -127.827
2769 -127.727
2770 -127.48
2771 -127.232
2772 -127.133
2773 -127.257
2774 -127.443
2775 -127.622
2776 -127.813
2777 -128.025
2778 -128.19
2779 -128.313
2780 -128.251
2781 -128
2782 -127.57
2783 -127.104
2784 -126.715
2785 -126.494
2786 -126.315
2787 -126.165
2788 -126.179
2789 -126.245
2790 -126.306
2791 -126.287
2792 -126.22
2793 -126.058
2794 -125.867
2795 -125.877
2796 -126.136
2797 -126.426
2798 -126.638
2799 -126.731
2800 -126.901
2801 -127.022
2802 -127.17
2803 -127.325
2804 -127.463
2805 -127.492
2806 -127.521
2807 -127.511
2808 -127.384
2809 -127.181
2810 -127.01
2811 -127.059
2812 -127.302
2813 -127.743
2814 -128.048
2815 -128.146
2816 -127.996
2817 -127.741
2818 -127.427
2819 -127.368
2820 -127.557
2821 -127.699
2822 -127.851
2823 -127.976
2824 -128.17
2825 -128.285
2826 -128.373
2827 -128.39
2828 -128.269
2829 -127.9
2830 -127.485
2831 -127.125
2832 -126.867
2833 -126.553
2834 -126.377
2835 -126.482
2836 -126.643
2837 -126.758
2838 -126.691
2839 -126.667
2840 -126.468
2841 -126.303
2842 -126.365
2843 -126.621
2844 -126.841
2845 -127.033
2846 -127.191
2847 -127.304
2848 -127.497
2849 -127.646
2850 -127.843
2851 -127.9
2852 -127.801
2853 -127.706
2854 -127.631
2855 -127.542
2856 -127.464
2857 -127.42
2858 -127.529
2859 -127.83
2860 -128.181
2861 -128.37
2862 -128.37
2863 -128.227
2864 -127.887
2865 -127.593
2866 -127.567
2867 -127.758
2868 -127.945
2869 -128.13
2870 -128.276
2871 -128.417
2872 -128.54
2873 -128.606
2874 -128.583
2875 -128.407
2876 -128.058
2877 -127.652
2878 -127.332
2879 -127.026
2880 -126.719
2881 -126.602
2882 -126.676
2883 -126.789
2884 -126.88
2885 -126.887
2886 -126.774
2887 -126.603
2888 -126.444
2889 -126.507
2890 -126.636
2891 -126.874
2892 -127.088
2893 -127.331
2894 -127.502
2895 -127.66
2896 -127.78
2897 -127.856
2898 -127.842
2899 -127.762
2900 -127.745
2901 -127.665
2902 -127.643
2903 -127.502
2904 -127.405
2905 -127.417
2906 -127.732
2907 -128.064
2908 -128.288
2909 -128.317
2910 -128.182
2911 -127.885
2912 -127.682
2913 -127.791
2914 -127.936
2915 -128.06
2916 -128.262
2917 -128.481
2918 -128.603
2919 -128.671
2920 -128.705
2921 -128.661
2922 -128.326
2923 -127.946
2924 -127.593
2925 -127.373
2926 -127.102
2927 -126.91
2928 -126.838
2929 -126.937
2930 -127.075
2931 -127.226
2932 -127.249
2933 -127.132
2934 -126.888
2935 -126.775
2936 -126.865
2937 -127.001
2938 -127.264
2939 -127.457
2940 -127.629
2941 -127.748
2942 -127.93
2943 -128.057
2944 -128.136
2945 -128.058
2946 -128.009
2947 -127.998
2948 -127.95
2949 -127.916
2950 -127.819
2951 -127.781
2952 -127.918
2953 -128.26
2954 -128.562
2955 -128.709
2956 -128.656
2957 -128.463
2958 -128.11
2959 -127.913
2960 -128.028
2961 -128.289
2962 -128.408
2963 -128.585
2964 -128.688
2965 -128.869
2966 -129.027
2967 -128.974
2968 -128.819
2969 -128.564
2970 -128.256
2971 -127.926
2972 -127.698
2973 -127.421
2974 -127.222
2975 -127.124
2976 -127.255
2977 -127.374
2978 -127.471
2979 -127.37
2980 -127.293
2981 -127.017
2982 -126.95
2983 -127.022
2984 -127.287
2985 -127.411
2986 -127.551
2987 -127.74
2988 -127.918
2989 -128.158
2990 -128.362
2991 -128.519
2992 -128.42
2993 -128.328
2994 -128.174
2995 -128.095
2996 -127.942
2997 -127.81
2998 -127.747
2999 -128.031
3000 -128.388
3001 -128.762
3002 -128.822
3003 -128.795
3004 -128.516
3005 -128.163
3006 -128.098
3007 -128.276
3008 -128.45
3009 -128.541
3010 -128.762
3011 -128.903
3012 -129.092
3013 -129.194
3014 -129.31
3015 -129.16
3016 -128.841
3017 -128.419
3018 -128.132
3019 -127.839
3020 -127.626
3021 -127.418
3022 -127.389
3023 -127.472
3024 -127.617
3025 -127.696
3026 -127.621
3027 -127.43
3028 -127.233
3029 -127.21
3030 -127.356
3031 -127.609
3032 -127.77
3033 -127.944
3034 -128.038
3035 -128.192
3036 -128.306
3037 -128.513
3038 -128.572
3039 -128.604
3040 -128.545
3041 -128.492
3042 -128.416
3043 -128.286
3044 -128.117
3045 -128.106
3046 -128.359
3047 -128.782
3048 -129.11
3049 -129.206
3050 -129.127
3051 -128.875
3052 -128.567
3053 -128.496
3054 -128.654
3055 -128.817
3056 -128.941
3057 -129.126
3058 -129.388
3059 -129.674
3060 -130
3061 -130.189
3062 -130.258
3063 -130.146
3064 -130.069
3065 -130.031
3066 -130.125
3067 -130.152
3068 -130.375
3069 -130.708
3070 -131.28
3071 -131.837
3072 -132.362
3073 -132.672
3074 -132.864
3075 -133.01
3076 -133.29
3077 -133.759
3078 -134.334
3079 -134.872
3080 -135.439
3081 -136.044
3082 -136.686
3083 -137.345
3084 -137.985
3085 -138.585
3086 -139.171
3087 -139.689
3088 -139.966
3089 -140.115
3090 -140.11
3091 -140.244
3092 -140.454
3093 -140.829
3094 -141.317
3095 -141.889
3096 -142.371
3097 -142.839
3098 -143.128
3099 -143.403
3100 -143.569
3101 -143.71
3102 -143.676
3103 -143.514
3104 -143.177
3105 -142.842
3106 -142.534
3107 -142.343
3108 -142.25
3109 -142.25
3110 -142.225
3111 -142.155
3112 -141.912
3113 -141.513
3114 -140.999
3115 -140.551
3116 -140.269
3117 -140.098
3118 -139.999
3119 -139.82
3120 -139.572
3121 -139.246
3122 -138.887
3123 -138.45
3124 -138.064
3125 -137.65
3126 -137.225
3127 -136.798
3128 -136.411
3129 -136.016
3130 -135.678
3131 -135.41
3132 -135.153
3133 -134.898
3134 -134.648
3135 -134.436
3136 -134.209
3137 -134.037
3138 -133.884
3139 -133.792
3140 -133.726
3141 -133.662
3142 -133.572
3143 -133.475
3144 -133.296
3145 -133.122
3146 -132.917
3147 -132.745
3148 -132.623
3149 -132.572
3150 -132.542
3151 -132.545
3152 -132.506
3153 -132.468
3154 -132.359
3155 -132.257
3156 -132.133
3157 -132.04
3158 -131.961
3159 -131.884
3160 -131.793
3161 -131.74
3162 -131.7
3163 -131.717
3164 -131.722
3165 -131.738
3166 -131.708
3167 -131.69
3168 -131.632
3169 -131.628
3170 -131.604
3171 -131.59
3172 -131.557
3173 -131.505
3174 -131.46
3175 -131.431
3176 -131.404
3177 -131.375
3178 -131.323
3179 -131.288
3180 -131.25
3181 -131.236
3182 -131.222
3183 -131.226
3184 -131.201
3185 -131.145
3186 -131.109
3187 -131.054
3188 -131.034
3189 -131.039
3190 -131.033
3191 -131.059
3192 -131.07
3193 -131.06
3194 -131.077
3195 -131.07
3196 -131.07
3197 -131.059
3198 -131.054
3199 -131.06
3200 -131.06
3201 -131.065
3202 -131.069
3203 -131.068
3204 -131.049
3205 -131.04
3206 -131.027
3207 -131.029
3208 -131.044
3209 -131.06
3210 -131.06
3211 -131.059
3212 -131.04
3213 -131.034
3214 -131.03
3215 -131.032
3216 -131.035
3217 -131.015
3218 -131.009
3219 -130.99
3220 -130.984
3221 -130.962
3222 -130.972
3223 -130.984
3224 -130.997
3225 -131.01
3226 -131.023
3227 -131.03
3228 -131.047
3229 -131.059
3230 -131.05
3231 -131.05
3232 -131.04
3233 -131.047
3234 -131.051
3235 -131.052
3236 -131.06
3237 -131.052
3238 -131.027
3239 -131.03
3240 -131.022
3241 -131.035
3242 -131.056
3243 -131.069
3244 -131.064
3245 -131.076
3246 -131.089
3247 -131.098
3248 -131.1
3249 -131.11
3250 -131.11
3251 -131.103
3252 -131.102
3253 -131.119
3254 -131.102
3255 -131.115
3256 -131.12
3257 -131.12
3258 -131.11
3259 -131.11
3260 -131.119
3261 -131.11
3262 -131.106
3263 -131.093
3264 -131.09
3265 -131.093
3266 -131.106
3267 -131.118
3268 -131.109
3269 -131.096
3270 -131.097
3271 -131.1
3272 -131.115
3273 -131.135
3274 -131.156
3275 -131.15
3276 -131.146
3277 -131.127
3278 -131.12
3279 -131.11
3280 -131.12
3281 -131.138
3282 -131.139
3283 -131.13
3284 -131.136
3285 -131.14
3286 -131.144
3287 -131.165
3288 -131.17
3289 -131.18
3290 -131.18
3291 -131.18
3292 -131.18
3293 -131.178
3294 -131.17
3295 -131.17
3296 -131.16
3297 -131.183
3298 -131.19
3299 -131.198
3300 -131.197
3301 -131.184
3302 -131.183
3303 -131.19
3304 -131.188
3305 -131.221
3306 -131.222
3307 -131.239
3308 -131.23
3309 -131.217
3310 -131.219
3311 -131.23
3312 -131.225
3313 -131.236
3314 -131.23
3315 -131.22
3316 -131.2
3317 -131.209
3318 -131.2
3319 -131.205
3320 -131.218
3321 -131.24
3322 -131.23
3323 -131.242
3324 -131.25
3325 -131.248
3326 -131.244
3327 -131.243
3328 -131.24
3329 -131.243
3330 -131.25
3331 -131.259
3332 -131.26
3333 -131.252
3334 -131.233
3335 -131.23
3336 -131.247
3337 -131.251
3338 -131.26
3339 -131.26
3340 -131.256
3341 -131.263
3342 -131.26
3343 -131.242
3344 -131.25
3345 -131.25
3346 -131.261
3347 -131.27
3348 -131.276
3349 -131.28
3350 -131.276
3351 -131.265
3352 -131.285
3353 -131.28
3354 -131.277
3355 -131.276
3356 -131.271
3357 -131.282
3358 -131.295
3359 -131.307
3360 -131.32
3361 -131.326
3362 -131.352
3363 -131.36
3364 -131.379
3365 -131.361
3366 -131.343
3367 -131.33
3368 -131.328
3369 -131.35
3370 -131.35
3371 -131.358
3372 -131.324
3373 -131.293
3374 -131.252
3375 -131.24
3376 -131.235
3377 -131.254
3378 -131.263
3379 -131.297
3380 -131.336
3381 -131.359
3382 -131.372
3383 -131.385
3384 -131.39
3385 -131.381
3386 -131.39
3387 -131.402
3388 -131.41
3389 -131.41
3390 -131.415
3391 -131.405
3392 -131.399
3393 -131.374
3394 -131.366
3395 -131.344
3396 -131.337
3397 -131.32
3398 -131.32
3399 -131.33
