0  1671452700920
1  1671452700936
2  1671452700937
3  1671452700937.1
4  1671452700938
5  1671452700947
6  1671452700957
7  1671452700958
8  1671452700959
9  1671452700960
10  1671452700969
11  1671452700980
12  1671452700981
13  1671452700982
14  1671452700983
15  1671452700992
16  1671452701003
17  1671452701004
18  1671452701005
19  1671452701005.1
20  1671452701013
21  1671452701023
22  1671452701024
23  1671452701025
24  1671452701025.1
25  1671452701036
26  1671452701045
27  1671452701046
28  1671452701047
29  1671452701048
30  1671452701054
31  1671452701065
32  1671452701067
33  1671452701068
34  1671452701068.1
35  1671452701076
36  1671452701085
37  1671452701086
38  1671452701088
39  1671452701088.1
40  1671452701097
41  1671452701108
42  1671452701108.1
43  1671452701109
44  1671452701110
45  1671452701119
46  1671452701130
47  1671452701131
48  1671452701132
49  1671452701133
50  1671452701144
51  1671452701156
52  1671452701157
53  1671452701158
54  1671452701158.1
55  1671452701169
56  1671452701181
57  1671452701182
58  1671452701183
59  1671452701184
60  1671452701193
61  1671452701206
62  1671452701207
63  1671452701208
64  1671452701209
65  1671452701219
66  1671452701231
67  1671452701232
68  1671452701232.1
69  1671452701233
70  1671452701243
71  1671452701253
72  1671452701254
73  1671452701254.1
74  1671452701255
75  1671452701264
76  1671452701274
77  1671452701275
78  1671452701275.1
79  1671452701276
80  1671452701286
81  1671452701297
82  1671452701298
83  1671452701299
84  1671452701300
85  1671452701312
86  1671452701326
87  1671452701327
88  1671452701328
89  1671452701329
90  1671452701341
91  1671452701353
92  1671452701354
93  1671452701355
94  1671452701355.1
95  1671452701366
96  1671452701381
97  1671452701382
98  1671452701382.1
99  1671452701383
100  1671452701394
101  1671452701405
102  1671452701406
103  1671452701406.1
104  1671452701407
105  1671452701417
106  1671452701429
107  1671452701430
108  1671452701430.1
109  1671452701431
