ID;Time;num_measure;CPU1_node01_Watt;min_CPU1_node01_Watt;max_CPU1_node01_Watt;CPU1_node01_Joule;min_CPU1_node01_Joule;max_CPU1_node01_Joule;CPU2_node01_Watt;min_CPU2_node01_Watt;max_CPU2_node01_Watt;CPU2_node01_Joule;min_CPU2_node01_Joule;max_CPU2_node01_Joule;ATX+12V_node01_Watt;min_ATX+12V_node01_Watt;max_ATX+12V_node01_Watt;ATX+12V_node01_Joule;min_ATX+12V_node01_Joule;max_ATX+12V_node01_Joule;Dummy_Watt;min_Dummy_Watt;max_Dummy_Watt;Dummy_Joule;min_Dummy_Joule;max_Dummy_Joule; ;power;energy
phase:0;0.0477097;597;39.3975;38.0064;41.838;1.87964;1.81327;1.99608;49.332;47.4551;52.3549;2.35361;2.26407;2.49784;26.6623;25.6914;28.1368;1.27205;1.22573;1.3424;14.0883;14.0749;14.1062;0.672146;0.67151;0.673003; ;165.3918;7.89079316046
phase:1;0.0159912;201;39.5352;38.6735;40.9498;0.632216;0.618436;0.654838;49.5065;48.0073;51.5153;0.791669;0.767695;0.823792;26.7691;26.0355;28.0074;0.42807;0.416339;0.447872;14.086;14.0764;14.0963;0.225253;0.225099;0.225417; ;165.8108;2.65151366496
phase:2;0.00828242;104;40.6493;38.251;44.6344;0.336674;0.316811;0.369681;50.9175;47.7455;56.4738;0.421721;0.395449;0.46774;27.5255;26.0533;30.15;0.227978;0.215784;0.249715;14.0928;14.0871;14.1001;0.116723;0.116676;0.116783; ;169.0923;1.400493447366
phase:0;0.00785685;100;40.9864;38.8619;43.9587;0.322024;0.305332;0.345377;51.3931;47.8094;55.4912;0.403788;0.375631;0.435986;27.7798;25.8981;30.3017;0.218261;0.203477;0.238076;14.0931;14.0856;14.1001;0.110727;0.110668;0.110782; ;170.1593;1.336916096205
phase:1;0.00826774;103;39.9762;38.8107;41.6185;0.326515;0.316996;0.339929;50.0762;47.9424;52.3955;0.409009;0.391581;0.427953;27.0536;26.3469;28.3489;0.220967;0.215195;0.231547;14.0855;14.0757;14.097;0.115047;0.114967;0.115141; ;167.106;1.36487836044
phase:2;0.0108893;137;40.6552;38.5564;42.8223;0.442707;0.419851;0.466304;50.9318;47.9038;53.4275;0.554612;0.521639;0.581787;27.4965;26.0479;29.0279;0.299417;0.283643;0.316094;14.0881;14.0772;14.0978;0.153409;0.153291;0.153515; ;169.0835;1.84120095655
phase:0;0.0111029;140;41.4376;39.1575;43.4827;0.460079;0.434762;0.482784;51.8838;48.8813;54.9026;0.576061;0.542725;0.609579;28.0397;26.6614;29.1997;0.311323;0.296019;0.324202;14.0897;14.0795;14.097;0.156436;0.156323;0.156518; ;171.3611;1.90260515719
phase:1;0.0040946;52;40.4072;38.9695;42.265;0.165451;0.159564;0.173058;50.6563;48.1095;53.6099;0.207417;0.196989;0.219511;27.3183;26.296;28.5877;0.111858;0.107671;0.117055;14.0853;14.0818;14.0902;0.0576735;0.0576593;0.0576937; ;168.3818;0.68945611828
phase:2;0.0132799;167;41.1444;38.7184;44.9778;0.546394;0.514177;0.597301;51.5382;48.4647;57.5519;0.684423;0.643607;0.764284;27.8709;26.0774;30.4622;0.370123;0.346306;0.404535;14.0892;14.0803;14.0986;0.187103;0.186985;0.187228; ;170.5535;2.26493342465
phase:0;0.0141191;177;42.169;39.6084;44.9389;0.59539;0.559237;0.634498;52.866;49.5571;56.8321;0.746422;0.699704;0.802421;28.5663;26.7991;29.9313;0.403331;0.378381;0.422605;14.0878;14.0772;14.0955;0.198908;0.198758;0.199017; ;173.6013;2.45109411483
phase:1;0.00210261;28;41.1401;39.6108;43.4866;0.0865017;0.0832861;0.0914356;51.5966;49.377;54.6998;0.108488;0.103821;0.115013;27.8536;27.163;29.5778;0.0585655;0.0571132;0.0621906;14.086;14.0833;14.0887;0.0296174;0.0296118;0.029623; ;170.5903;0.358684870683
phase:2;0.015183;190;41.8261;39.3021;45.5179;0.635045;0.596723;0.691097;52.452;49.4376;57.7057;0.796377;0.75061;0.876144;28.3238;26.3361;31.3725;0.43004;0.39986;0.476328;14.0836;14.0764;14.0948;0.213831;0.213722;0.214; ;172.6019;2.6206146477
phase:0;0.0156751;197;43.815;39.7579;47.3524;0.686803;0.623208;0.742253;54.8996;49.8494;60.7508;0.860555;0.781393;0.952273;29.6607;27.0601;32.5667;0.464934;0.424168;0.510485;14.0891;14.0818;14.097;0.220847;0.220733;0.220972; ;178.3753;2.79605066503
phase:1;0.00110507;15;42.9614;41.1208;45.378;0.0474754;0.0454413;0.0501459;53.738;51.1079;56.8364;0.0593842;0.0564778;0.0628082;29.0433;28.0304;31.2077;0.0320949;0.0309756;0.0344867;14.0863;14.0826;14.0894;0.0155664;0.0155622;0.0155698; ;175.7427;0.194207985489
phase:2;0.0172884;217;43.2006;40.0125;48.537;0.746871;0.691754;0.839129;54.095;49.6901;60.5561;0.935219;0.859064;1.04692;29.2433;26.9136;32.2631;0.505572;0.465294;0.55778;14.0828;14.0719;14.0963;0.243469;0.243281;0.243703; ;176.5389;3.05207511876
phase:0;0.0204842;257;46.6595;40.1498;53.6147;0.955783;0.822438;1.09826;58.547;49.6311;68.5853;1.19929;1.01665;1.40492;31.5737;27.2906;35.8214;0.646763;0.559027;0.733773;14.0926;14.081;14.1054;0.288676;0.288439;0.288939; ;186.7802;3.82604297284
phase:1;0.000544786;8;47.2062;45.4496;50.1021;0.0257173;0.0247603;0.0272949;59.1205;56.541;62.8651;0.032208;0.0308027;0.0342481;32.0051;30.7706;34.5553;0.017436;0.0167634;0.0188253;14.0978;14.0963;14.1001;0.0076803;0.00767946;0.00768154; ;188.3318;0.1026005279948
phase:2;0.0247095;309;45.3667;40.8527;53.6306;1.12099;1.00945;1.32518;56.9104;51.1326;69.5237;1.40623;1.26346;1.71789;30.7038;27.1537;36.8649;0.758673;0.670953;0.910912;14.0928;14.0841;14.1054;0.348226;0.34801;0.348538; ;182.9809;4.52136654855
phase:0;0.0353949;444;49.1762;40.9627;63.7262;1.74059;1.44987;2.25558;61.6756;50.6322;79.682;2.183;1.79212;2.82034;33.2947;27.0458;43.3912;1.17846;0.957283;1.53583;14.0906;14.0818;14.1077;0.498736;0.498424;0.499342; ;194.1465;6.87179595285
phase:1;0.000281334;4;56.0091;53.8446;58.0495;0.0157573;0.0151483;0.0163313;70.4897;66.7654;74.252;0.0198312;0.0187834;0.0208896;37.6342;35.3346;39.931;0.0105878;0.00994083;0.0112339;14.1066;14.1054;14.1077;0.00396866;0.00396834;0.00396898; ;214.133;0.060242893422
phase:2;0.039001;489;49.1102;40.0633;62.5633;1.91535;1.56251;2.44003;61.5554;49.7975;76.9971;2.40072;1.94215;3.00296;33.2447;26.8243;42.2912;1.29658;1.04617;1.6494;14.0907;14.078;14.1077;0.549551;0.549055;0.550215; ;193.9103;7.5626956103
phase:0;0.00682378;86;40.8131;38.8133;43.6482;0.2785;0.264854;0.297846;51.0696;48.0207;54.2968;0.348488;0.327683;0.370509;27.5802;26.4204;29.184;0.188201;0.180287;0.199145;14.0918;14.0826;14.1024;0.096159;0.0960962;0.0962316; ;169.4629;1.156377547762
phase:1;0.012229;154;39.6324;38.5663;41.5187;0.484663;0.471626;0.507731;49.6612;47.8384;52.1436;0.607305;0.585014;0.637662;26.8352;26.1545;28.0655;0.328167;0.319843;0.343212;14.0867;14.078;14.0986;0.172266;0.172159;0.172411; ;166.1288;2.0315890952
phase:2;0.00781488;99;40.4802;38.7993;43.5576;0.316348;0.303212;0.340397;50.7041;48.1174;55.0605;0.396246;0.376032;0.430292;27.3774;26.2969;29.3119;0.213951;0.205507;0.229069;14.0912;14.0826;14.0986;0.110121;0.110054;0.110179; ;168.5617;1.317289458096
phase:0;0.00618744;79;41.1275;38.9519;44.0121;0.254474;0.241013;0.272322;51.623;48.7887;55.2702;0.319414;0.301877;0.341981;27.9339;26.3204;30.2306;0.172839;0.162856;0.18705;14.0916;14.0856;14.0986;0.0871911;0.0871538;0.0872341; ;170.6844;1.056099483936
phase:1;0.00613809;77;40.0805;38.9209;41.6715;0.246018;0.2389;0.255783;50.162;48.0132;52.1384;0.307899;0.294709;0.32003;27.1166;26.3364;28.5229;0.166444;0.161655;0.175076;14.0922;14.0871;14.0963;0.0864989;0.086468;0.0865242; ;167.3591;1.027265218119
phase:2;0.00874782;111;40.651;37.8533;42.6897;0.355608;0.331134;0.373442;50.9138;47.1095;53.5259;0.445385;0.412106;0.468235;27.5134;26.1516;28.7078;0.240682;0.22877;0.251131;14.0826;14.0764;14.0902;0.123192;0.123138;0.123258; ;169.0782;1.479065659524
phase:0;0.00957656;121;42.0644;39.6824;44.4786;0.402832;0.380021;0.425952;52.6904;49.4583;55.6654;0.504593;0.47364;0.533083;28.4873;26.9391;30.1242;0.27281;0.257984;0.288486;14.0857;14.0795;14.0925;0.134893;0.134833;0.134957; ;173.2421;1.659063365176
phase:1;0.003052;39;41.0398;40.0467;43.262;0.125253;0.122222;0.132035;51.4203;49.5745;54.6779;0.156935;0.151301;0.166877;27.72;26.8779;28.7747;0.0846012;0.0820313;0.0878202;14.0916;14.0871;14.097;0.0430074;0.0429939;0.0430241; ;170.1801;0.5193896652
phase:2;0.0108881;137;41.7207;39.7341;45.2737;0.454259;0.432629;0.492944;52.3427;49.582;56.9885;0.569913;0.539854;0.620497;28.2099;26.8502;30.7336;0.307153;0.292348;0.334631;14.0964;14.0833;14.1032;0.153483;0.153341;0.153557; ;172.2733;1.87572891773
phase:0;0.0119388;150;42.935;39.498;45.4534;0.512592;0.47156;0.542659;53.8366;49.2173;57.418;0.642745;0.587596;0.685503;29.0813;27.2593;30.8298;0.347197;0.325444;0.368071;14.0914;14.078;14.1024;0.168235;0.168074;0.168366; ;175.8529;2.09947260252
phase:1;0.00157642;21;42.0119;40.1442;44.466;0.0662285;0.0632842;0.0700973;52.7297;49.8257;56.3147;0.0831243;0.0785464;0.0887757;28.4053;27.33;29.9932;0.0447788;0.0430837;0.047282;14.0996;14.0948;14.1039;0.022227;0.0222193;0.0222337; ;173.1469;0.272952236098
phase:2;0.0134232;169;42.2178;39.5279;47.3479;0.566698;0.530591;0.63556;52.9276;49.6646;60.1448;0.710458;0.666659;0.807336;28.596;26.7929;31.9882;0.38385;0.359646;0.429385;14.0886;14.0795;14.1001;0.189114;0.188992;0.189269; ;173.7414;2.33216556048
phase:0;0.013659;171;44.6464;40.7897;49.3318;0.609825;0.557147;0.673823;55.9702;50.151;61.7888;0.764497;0.685012;0.843973;30.2067;27.4944;32.9251;0.412594;0.375546;0.449723;14.0883;14.0757;14.1024;0.192432;0.19226;0.192625; ;180.8233;2.4698654547
phase:1;0.000828981;12;44.2405;42.5598;47.4878;0.0366745;0.0352813;0.0393665;55.485;53.1513;59.7922;0.045996;0.0440615;0.0495667;29.9477;28.9923;31.848;0.0248261;0.0240341;0.0264014;14.1016;14.0993;14.1047;0.01169;0.0116881;0.0116925; ;179.6732;0.1489456690092
phase:2;0.01529;192;43.7829;39.8606;49.839;0.669441;0.609469;0.762039;54.8744;49.9179;64.2951;0.83903;0.763245;0.983074;29.6221;27.1647;34.0385;0.452922;0.415348;0.52045;14.0936;14.0818;14.1047;0.215491;0.215311;0.215661; ;178.2794;2.725892026
phase:0;0.0176482;221;47.3721;40.5614;57.4728;0.836034;0.715836;1.01429;59.4219;50.456;71.597;1.04869;0.890459;1.26356;32.1212;27.3534;38.1749;0.566882;0.482738;0.673719;14.0919;14.0795;14.1054;0.248697;0.248478;0.248936; ;188.9152;3.33401323264
phase:1;0.000398159;6;51.1197;46.3729;54.2844;0.0203538;0.0184638;0.0216138;63.4763;57.3026;67.9381;0.0252737;0.0228155;0.0270502;33.9213;30.9637;36.3119;0.0135061;0.0123285;0.0144579;14.0969;14.0948;14.0993;0.00561282;0.00561196;0.00561378; ;198.5173;0.0790414496507
phase:2;0.0620077;776;47.426;40.2969;55.4543;2.94078;2.49872;3.43859;59.5271;50.2434;72.7226;3.69114;3.11548;4.50936;32.1294;27.2351;38.1892;1.99227;1.68878;2.36802;14.0912;14.0795;14.1032;0.873765;0.873037;0.874503; ;189.0825;11.72457093525
phase:0;0.0271204;340;52.1628;40.2392;70.3961;1.41467;1.0913;1.90917;65.4269;49.9643;89.1728;1.7744;1.35505;2.4184;35.2929;26.9359;48.5339;0.957156;0.73051;1.31626;14.0911;14.081;14.1039;0.382155;0.381882;0.382503; ;202.8826;5.50225726504
phase:1;0.000212193;3;61.0355;56.4833;63.3469;0.0129513;0.0119853;0.0134417;78.1406;73.6206;80.4647;0.0165808;0.0156217;0.017074;41.5616;41.232;42.1319;0.00881906;0.00874913;0.00894007;14.0922;14.0894;14.0978;0.00299026;0.00298967;0.00299145; ;230.7377;0.0489609247761
phase:2;0.0328853;412;51.1623;40.6373;67.5545;1.68249;1.33637;2.22155;64.1997;50.4864;81.7187;2.11123;1.66026;2.68734;34.6544;27.3445;44.4064;1.13962;0.899231;1.46032;14.0864;14.0726;14.0993;0.463235;0.462783;0.463661; ;200.0164;6.57759931892
phase:0;0.00630856;80;41.2106;38.8437;43.6434;0.259979;0.245048;0.275327;51.6484;48.8308;54.5764;0.325827;0.308052;0.344298;27.9301;26.3642;29.4661;0.176199;0.16632;0.185889;14.0861;14.0803;14.0925;0.0888629;0.0888261;0.0889031; ;170.7891;1.077433284696
phase:1;0.0109191;137;39.9514;38.905;42.1538;0.436233;0.424807;0.460281;50.0705;48.2244;53.318;0.546725;0.526567;0.582185;27.0799;26.3586;28.6937;0.295688;0.287812;0.31331;14.0877;14.0787;14.097;0.153825;0.153727;0.153927; ;167.1018;1.82460126438
phase:2;0.0847497;1061;39.4958;37.9926;43.5352;3.34726;3.21986;3.68959;49.5019;47.3911;54.498;4.19527;4.01638;4.61869;26.7658;25.8627;29.6006;2.26839;2.19185;2.50865;14.0868;14.0764;14.0978;1.19385;1.19297;1.19479; ;165.7635;14.04840689595
phase:0;0.00618434;78;41.4785;39.8467;45.0417;0.256517;0.246425;0.278553;51.9014;49.6208;56.7595;0.320976;0.306872;0.35102;28.0462;26.7475;30.3619;0.173447;0.165416;0.187768;14.0967;14.0925;14.1024;0.0871789;0.0871526;0.087214; ;171.4261;1.060157287274
phase:1;0.00545382;69;40.201;39.0042;42.0019;0.219249;0.212722;0.229071;50.3856;48.5368;52.9556;0.274794;0.264711;0.288811;27.1994;26.5147;28.5031;0.148341;0.144606;0.155451;14.0884;14.081;14.0978;0.0768359;0.0767954;0.076887; ;167.786;0.91507464252
phase:2;0.00835323;106;40.8387;38.5071;43.5253;0.341136;0.321659;0.363577;51.145;47.865;55.9915;0.427226;0.399828;0.46771;27.635;26.381;29.114;0.230842;0.220366;0.243196;14.0873;14.081;14.0955;0.117674;0.117622;0.117743; ;169.6187;1.416864013401
phase:0;0.00884748;112;42.4459;40.0112;45.3759;0.375539;0.353998;0.401462;53.2314;50.6262;57.0054;0.470963;0.447914;0.504354;28.7281;27.3954;30.8505;0.254171;0.242381;0.272949;14.089;14.0848;14.0955;0.124652;0.124615;0.12471; ;174.4054;1.543048288392
phase:1;0.00272512;35;41.1785;40.4569;43.1351;0.112216;0.11025;0.117549;51.5819;50.5786;54.1278;0.140567;0.137833;0.147505;27.8307;27.2091;29.2411;0.075842;0.0741482;0.0796857;14.0925;14.0879;14.1009;0.0384038;0.0383913;0.0384266; ;170.5911;0.464881218432
phase:2;0.00952363;120;42.1464;39.6029;45.003;0.401387;0.377163;0.428592;52.7758;49.356;56.0116;0.502617;0.470049;0.533434;28.5311;27.1789;30.555;0.27172;0.258842;0.290995;14.0977;14.0856;14.1039;0.134261;0.134146;0.13432; ;173.4533;1.651905051479
phase:0;0.0113287;143;43.7271;40.4136;46.2338;0.495371;0.457833;0.523769;54.7512;50.845;58.468;0.62026;0.576007;0.662366;29.6394;27.5751;31.3398;0.335775;0.31239;0.35504;14.0865;14.081;14.0948;0.159582;0.15952;0.159675; ;178.1177;2.01784198799
phase:1;0.00139952;18;42.5544;41.2936;45.7967;0.0595556;0.0577912;0.0640932;53.3183;51.4311;57.5187;0.0746198;0.0719787;0.0804984;28.7242;27.8684;30.375;0.0402001;0.0390023;0.0425103;14.0893;14.0864;14.0917;0.0197182;0.0197141;0.0197216; ;174.5969;0.244351853488
phase:2;0.0112216;141;43.1779;40.1552;47.262;0.484527;0.450608;0.530357;54.1326;49.5996;58.8013;0.607457;0.556589;0.659848;29.2187;27.4156;31.6027;0.327882;0.307648;0.354634;14.0913;14.081;14.1009;0.158127;0.158012;0.158235; ;176.5292;1.98094007072
phase:0;0.0132701;167;45.5084;40.1627;49.7513;0.603903;0.532964;0.660207;57.1216;49.5933;62.858;0.758011;0.658111;0.834135;30.844;27.4275;33.4333;0.409304;0.363967;0.443665;14.0856;14.0749;14.0993;0.186918;0.186776;0.1871; ;183.474;2.4347183274
phase:1;0.000753164;10;45.638;42.9502;49.3507;0.0343729;0.0323485;0.0371692;56.765;54.2744;61.2001;0.0427534;0.0408775;0.0460937;30.4427;29.3681;32.7178;0.0229283;0.022119;0.0246419;14.0816;14.0787;14.0848;0.0106057;0.0106036;0.0106082; ;182.8457;0.1377127987948
phase:2;0.0149164;188;44.9322;39.255;51.0898;0.670227;0.585544;0.762078;56.2922;48.9894;63.8919;0.839679;0.730746;0.953039;30.4124;26.8848;34.0033;0.453643;0.401025;0.507207;14.0879;14.0795;14.0963;0.21014;0.210016;0.210266; ;181.6368;2.70936716352
phase:0;0.0167408;210;48.8948;41.1135;60.3981;0.818538;0.688274;1.01111;61.3004;51.0132;75.545;1.02622;0.854001;1.26468;33.1032;27.5231;41.4798;0.554173;0.460758;0.694404;14.091;14.0826;14.0993;0.235895;0.235753;0.236034; ;193.2984;3.23596985472
phase:1;0.000357389;6;51.4706;48.3741;55.2196;0.018395;0.0172884;0.0197349;63.5899;59.8444;68.5607;0.0227264;0.0213877;0.0245029;33.898;32.0704;36.294;0.0121148;0.0114616;0.0129711;14.0878;14.0856;14.0902;0.00503482;0.00503405;0.00503568; ;198.9585;0.0711055793565
phase:2;0.0202854;254;48.2042;40.8769;57.5332;0.97784;0.829202;1.16708;60.4476;50.9362;74.6151;1.2262;1.03326;1.51359;32.6441;27.3316;39.6271;0.662198;0.554431;0.803851;14.0913;14.081;14.1024;0.285847;0.285639;0.286072; ;191.2959;3.88051384986
phase:0;0.0266743;335;53.5503;40.8513;75.3719;1.42841;1.08968;2.01049;67.184;51.2062;94.6915;1.79209;1.36589;2.52583;36.2276;27.6234;50.8672;0.966345;0.736833;1.35685;14.0944;14.0787;14.1115;0.375957;0.37554;0.376415; ;206.9619;5.52056380917
phase:1;0.000202417;3;67.3778;63.1123;69.6001;0.0136384;0.012775;0.0140883;84.3573;78.8086;87.4897;0.0170754;0.0159522;0.0177094;46.1238;43.3116;47.617;0.00933625;0.00876702;0.0096385;14.0917;14.0917;14.0917;0.00285241;0.00285241;0.00285241; ;247.8589;0.0501708549613
phase:2;0.0322459;404;53.0492;40.5208;69.5254;1.71062;1.30663;2.24191;66.6042;49.9942;90.8673;2.14771;1.61211;2.93009;35.9229;27.3854;49.9631;1.15837;0.883065;1.6111;14.0897;14.0787;14.1054;0.454336;0.453981;0.454842; ;205.5763;6.62899281217
phase:0;0.00555325;71;43.2823;39.9823;45.8975;0.240357;0.222032;0.25488;54.1412;49.9222;57.5679;0.300659;0.27723;0.319689;29.2671;27.3018;31.0994;0.162527;0.151613;0.172703;14.0941;14.0887;14.1009;0.078268;0.0782378;0.0783055; ;176.6906;0.98120707445
phase:1;0.007375;93;41.725;40.5241;43.8157;0.307722;0.298865;0.323141;52.2839;50.4222;55.4721;0.385594;0.371864;0.409107;28.2462;27.3073;29.8265;0.208316;0.201392;0.21997;14.0842;14.0787;14.0887;0.103871;0.103831;0.103904; ;172.2551;1.2703813625
phase:2;0.00661039;84;42.6146;39.8625;47.1947;0.281699;0.263507;0.311976;53.4418;49.3112;59.8242;0.353271;0.325967;0.395461;28.8821;26.5351;32.3403;0.190922;0.175407;0.213782;14.09;14.0818;14.0986;0.0931404;0.0930862;0.0931971; ;174.9385;1.156411711015
phase:0;0.00543904;69;44.6293;41.2498;50.3261;0.242741;0.224359;0.273726;56.091;51.4844;63.8721;0.305081;0.280026;0.347403;30.2386;27.5015;33.9596;0.164469;0.149582;0.184708;14.0971;14.0879;14.1039;0.0766749;0.0766246;0.0767118; ;180.9589;0.984242695456
phase:1;0.00373101;48;43.2359;41.5752;46.2853;0.161314;0.155118;0.172691;54.3034;51.8821;58.7251;0.202607;0.193573;0.219104;29.2557;28.1207;31.482;0.109154;0.104919;0.11746;14.1014;14.0986;14.1047;0.0526127;0.0526019;0.0526247; ;176.795;0.65962391295
phase:2;0.00778747;98;43.9982;40.7985;48.1239;0.342635;0.317717;0.374763;55.0541;51.7325;60.4424;0.428732;0.402865;0.470693;29.718;27.7285;32.6446;0.231428;0.215935;0.254219;14.0961;14.0871;14.1047;0.109773;0.109703;0.10984; ;178.7703;1.392168348141
phase:0;0.00797868;101;47.2353;42.1062;50.8922;0.376876;0.335952;0.406052;59.1178;52.441;65.0207;0.471682;0.41841;0.518779;31.9489;29.0648;34.7064;0.25491;0.231898;0.276911;14.0814;14.0757;14.0879;0.112351;0.112305;0.112403; ;188.302;1.50240140136
phase:1;0.00182414;24;45.1384;43.5731;48.8681;0.0823388;0.0794835;0.0891423;56.5457;55.0891;60.7484;0.103147;0.10049;0.110814;30.5312;29.4988;33.004;0.0556932;0.05381;0.060204;14.0847;14.0818;14.0879;0.0256924;0.0256872;0.0256983; ;182.2153;0.332386217342
phase:2;0.00854969;107;46.7073;42.2227;50.8022;0.399333;0.360991;0.434343;58.5627;52.4536;63.8604;0.500693;0.448462;0.545987;31.6093;28.6476;34.2037;0.270249;0.244928;0.292431;14.0893;14.0826;14.094;0.120459;0.120401;0.120499; ;186.8793;1.597760082417
phase:0;0.00946021;119;51.0235;43.7245;56.5734;0.482693;0.413643;0.535197;64.1095;54.38;70.9215;0.606489;0.514447;0.670933;34.6296;29.053;38.4663;0.327603;0.274847;0.363899;14.0938;14.0856;14.11;0.13333;0.133253;0.133484; ;199.7626;1.889796146146
phase:1;0.000977993;13;49.0823;47.0044;52.8398;0.0480022;0.04597;0.051677;61.2102;58.3689;66.5609;0.0598632;0.0570843;0.0650961;33.2537;31.7341;36.3548;0.0325219;0.0310357;0.0355547;14.0856;14.0833;14.0894;0.0137756;0.0137734;0.0137794; ;193.5462;0.1892868287766
phase:2;0.0104499;131;49.9586;41.4298;56.029;0.522061;0.432937;0.585497;62.7051;51.3631;71.0448;0.655261;0.536738;0.74241;33.8167;28.3075;37.7222;0.353381;0.29581;0.394193;14.0918;14.081;14.1024;0.147258;0.147145;0.147368; ;196.4804;2.05320053196
phase:0;0.0116646;146;55.9907;44.1169;65.9764;0.65311;0.514607;0.769591;70.4027;55.3521;82.7547;0.821221;0.645661;0.965302;37.9366;29.7212;44.0854;0.442517;0.346687;0.51424;14.0955;14.0757;14.1085;0.164419;0.164188;0.16457; ;214.33;2.500073718
phase:1;0.000515938;7;56.2331;51.7554;62.9997;0.0290128;0.0267026;0.0325039;70.0586;64.567;78.6081;0.0361459;0.0333126;0.0405569;37.6392;35.2476;41.7592;0.0194195;0.0181856;0.0215451;14.0953;14.0909;14.1009;0.0072723;0.00727005;0.00727517; ;213.9309;0.1103750806842
phase:2;0.0124898;157;54.9813;43.9246;63.8409;0.686705;0.548609;0.79736;69.0586;54.4582;79.2063;0.862528;0.680171;0.989271;37.2829;29.7359;42.9508;0.465655;0.371396;0.536447;14.0855;14.078;14.0948;0.175925;0.175831;0.176041; ;211.3228;2.63937950744
phase:0;0.0156181;196;63.1151;45.2731;85.8174;0.985738;0.707079;1.3403;79.5203;56.2787;106.474;1.24196;0.878966;1.66291;42.7926;30.2637;59.0034;0.668339;0.472661;0.92152;14.0917;14.0848;14.1093;0.220085;0.219978;0.22036; ;235.428;3.6769380468
phase:1;0.00024271;4;73.0427;65.3762;78.6677;0.0177282;0.0158675;0.0190935;89.4952;81.9586;102.098;0.0217214;0.0198922;0.0247803;48.6674;45.2123;53.4492;0.0118121;0.0109735;0.0129727;14.0883;14.0848;14.0917;0.00341937;0.00341853;0.0034202; ;261.2053;0.063397138363
phase:2;0.0180714;227;63.4855;44.2074;83.6271;1.14727;0.79889;1.51126;79.6505;54.0316;106.421;1.4394;0.976428;1.92318;43.0164;29.5572;55.4742;0.777367;0.534141;1.0025;14.0822;14.0734;14.0948;0.254484;0.254326;0.254712; ;236.1524;4.26760448136
phase:0;0.0240059;301;76.3077;44.524;126.148;1.83183;1.06884;3.0283;96.2341;54.8907;158.654;2.31019;1.3177;3.80863;51.7547;29.6387;85.394;1.24242;0.711504;2.04996;14.0931;14.0764;14.1161;0.338318;0.337918;0.33887; ;274.2965;6.58473434935
phase:1;0.000126123;2;114.44;114.343;114.538;0.0144336;0.0144213;0.0144459;141.055;140.998;141.112;0.0177904;0.0177832;0.0177976;71.5063;69.3624;73.6502;0.00901862;0.00874823;0.00928901;14.102;14.1016;14.1024;0.00177859;0.00177855;0.00177864; ;377.0013;0.0475485349599
phase:2;0.0296149;371;76.0323;43.1171;118.172;2.25169;1.27691;3.49965;95.5069;52.7504;149.278;2.82843;1.5622;4.42086;51.4256;28.435;79.4309;1.52297;0.842101;2.35234;14.0903;14.0673;14.1192;0.417283;0.416602;0.418138; ;272.9648;8.08382525552
